  -0.12418600000E+03   0.41735000000E+02   6   0.11713938E+02   0.00000000E+00   0.00000000E+00   0.00000000E+00   0.00000000E+00  -0.99999000E+99
  -0.12418605936E+03   0.41735071233E+02   6   0.11713938E+02   0.00000000E+00   0.00000000E+00   0.00000000E+00   0.00000000E+00  -0.99999000E+99
  -0.12418611872E+03   0.41735142466E+02   6   0.11713938E+02   0.00000000E+00   0.00000000E+00   0.00000000E+00   0.00000000E+00  -0.99999000E+99
  -0.12418617808E+03   0.41735213699E+02   6   0.11445706E+02   0.00000000E+00   0.00000000E+00   0.00000000E+00   0.00000000E+00  -0.99999000E+99
  -0.12418623744E+03   0.41735284932E+02   6   0.11445706E+02   0.00000000E+00   0.00000000E+00   0.00000000E+00   0.00000000E+00  -0.99999000E+99
  -0.12418629680E+03   0.41735356164E+02   6   0.11172506E+02   0.00000000E+00   0.00000000E+00   0.00000000E+00   0.00000000E+00  -0.99999000E+99
  -0.12418635616E+03   0.41735427397E+02   6   0.11172506E+02   0.00000000E+00   0.00000000E+00   0.00000000E+00   0.00000000E+00  -0.99999000E+99
  -0.12418641553E+03   0.41735498630E+02   6   0.11172506E+02   0.00000000E+00   0.00000000E+00   0.00000000E+00   0.00000000E+00  -0.99999000E+99
  -0.12418647489E+03   0.41735569863E+02   6   0.10937766E+02   0.00000000E+00   0.00000000E+00   0.00000000E+00   0.00000000E+00  -0.99999000E+99
  -0.12418653425E+03   0.41735641096E+02   6   0.10937766E+02   0.00000000E+00   0.00000000E+00   0.00000000E+00   0.00000000E+00  -0.99999000E+99
  -0.12418659361E+03   0.41735712329E+02   6   0.10937766E+02   0.00000000E+00   0.00000000E+00   0.00000000E+00   0.00000000E+00  -0.99999000E+99
  -0.12418665297E+03   0.41735783562E+02   6   0.10937766E+02   0.00000000E+00   0.00000000E+00   0.00000000E+00   0.00000000E+00  -0.99999000E+99
  -0.12418671233E+03   0.41735854795E+02   6   0.11192163E+02   0.00000000E+00   0.00000000E+00   0.00000000E+00   0.00000000E+00  -0.99999000E+99
  -0.12418677169E+03   0.41735926027E+02   6   0.10932338E+02   0.00000000E+00   0.00000000E+00   0.00000000E+00   0.00000000E+00  -0.99999000E+99
  -0.12418683105E+03   0.41735997260E+02   6   0.10932338E+02   0.00000000E+00   0.00000000E+00   0.00000000E+00   0.00000000E+00  -0.99999000E+99
  -0.12418689041E+03   0.41736068493E+02   6   0.10932338E+02   0.00000000E+00   0.00000000E+00   0.00000000E+00   0.00000000E+00  -0.99999000E+99
  -0.12418694977E+03   0.41736139726E+02   6   0.10932338E+02   0.00000000E+00   0.00000000E+00   0.00000000E+00   0.00000000E+00  -0.99999000E+99
  -0.12418700913E+03   0.41736210959E+02   6   0.10932338E+02   0.00000000E+00   0.00000000E+00   0.00000000E+00   0.00000000E+00  -0.99999000E+99
  -0.12418706849E+03   0.41736282192E+02   6   0.11003801E+02   0.00000000E+00   0.00000000E+00   0.00000000E+00   0.00000000E+00  -0.99999000E+99
  -0.12418712785E+03   0.41736353425E+02   6   0.10168446E+02   0.00000000E+00   0.00000000E+00   0.00000000E+00   0.00000000E+00  -0.99999000E+99
  -0.12418718721E+03   0.41736424658E+02   6   0.10168446E+02   0.00000000E+00   0.00000000E+00   0.00000000E+00   0.00000000E+00  -0.99999000E+99
  -0.12418724658E+03   0.41736495890E+02   6   0.10168446E+02   0.00000000E+00   0.00000000E+00   0.00000000E+00   0.00000000E+00  -0.99999000E+99
  -0.12418730594E+03   0.41736567123E+02   6   0.10168446E+02   0.00000000E+00   0.00000000E+00   0.00000000E+00   0.00000000E+00  -0.99999000E+99
  -0.12418736530E+03   0.41736638356E+02   6   0.10168446E+02   0.00000000E+00   0.00000000E+00   0.00000000E+00   0.00000000E+00  -0.99999000E+99
  -0.12418742466E+03   0.41736709589E+02   6   0.92470343E+01   0.00000000E+00   0.00000000E+00   0.00000000E+00   0.00000000E+00  -0.99999000E+99
  -0.12418748402E+03   0.41736780822E+02   6   0.92470343E+01   0.00000000E+00   0.00000000E+00   0.00000000E+00   0.00000000E+00  -0.99999000E+99
  -0.12418754338E+03   0.41736852055E+02   6   0.92470343E+01   0.00000000E+00   0.00000000E+00   0.00000000E+00   0.00000000E+00  -0.99999000E+99
  -0.12418760274E+03   0.41736923288E+02   6   0.92470343E+01   0.00000000E+00   0.00000000E+00   0.00000000E+00   0.00000000E+00  -0.99999000E+99
  -0.12418766210E+03   0.41736994521E+02   6   0.92470343E+01   0.00000000E+00   0.00000000E+00   0.00000000E+00   0.00000000E+00  -0.99999000E+99
  -0.12418772146E+03   0.41737065753E+02   6   0.87594719E+01   0.00000000E+00   0.00000000E+00   0.00000000E+00   0.00000000E+00  -0.99999000E+99
  -0.12418778082E+03   0.41737136986E+02   6   0.84484702E+01   0.00000000E+00   0.00000000E+00   0.00000000E+00   0.00000000E+00  -0.99999000E+99
  -0.12418784018E+03   0.41737208219E+02   6   0.84484702E+01   0.00000000E+00   0.00000000E+00   0.00000000E+00   0.00000000E+00  -0.99999000E+99
  -0.12418789954E+03   0.41737279452E+02   6   0.84484702E+01   0.00000000E+00   0.00000000E+00   0.00000000E+00   0.00000000E+00  -0.99999000E+99
  -0.12418795890E+03   0.41737350685E+02   6   0.84484702E+01   0.00000000E+00   0.00000000E+00   0.00000000E+00   0.00000000E+00  -0.99999000E+99
  -0.12418801826E+03   0.41737421918E+02   6   0.84174083E+01   0.00000000E+00   0.00000000E+00   0.00000000E+00   0.00000000E+00  -0.99999000E+99
  -0.12418807763E+03   0.41737493151E+02   6   0.84174083E+01   0.00000000E+00   0.00000000E+00   0.00000000E+00   0.00000000E+00  -0.99999000E+99
  -0.12418813699E+03   0.41737564384E+02   6   0.84174083E+01   0.00000000E+00   0.00000000E+00   0.00000000E+00   0.00000000E+00  -0.99999000E+99
  -0.12418819635E+03   0.41737635616E+02   6   0.77537301E+01   0.00000000E+00   0.00000000E+00   0.00000000E+00   0.00000000E+00  -0.99999000E+99
  -0.12418825571E+03   0.41737706849E+02   6   0.77537301E+01   0.00000000E+00   0.00000000E+00   0.00000000E+00   0.00000000E+00  -0.99999000E+99
  -0.12418831507E+03   0.41737778082E+02   6   0.77778829E+01   0.00000000E+00   0.00000000E+00   0.00000000E+00   0.00000000E+00  -0.99999000E+99
  -0.12418837443E+03   0.41737849315E+02   6   0.77778829E+01   0.00000000E+00   0.00000000E+00   0.00000000E+00   0.00000000E+00  -0.99999000E+99
  -0.12418843379E+03   0.41737920548E+02   6   0.77778829E+01   0.00000000E+00   0.00000000E+00   0.00000000E+00   0.00000000E+00  -0.99999000E+99
  -0.12418849315E+03   0.41737991781E+02   6   0.77778829E+01   0.00000000E+00   0.00000000E+00   0.00000000E+00   0.00000000E+00  -0.99999000E+99
  -0.12418855251E+03   0.41738063014E+02   6   0.72338563E+01   0.00000000E+00   0.00000000E+00   0.00000000E+00   0.00000000E+00  -0.99999000E+99
  -0.12418861187E+03   0.41738134247E+02   6   0.72338563E+01   0.00000000E+00   0.00000000E+00   0.00000000E+00   0.00000000E+00  -0.99999000E+99
  -0.12418867123E+03   0.41738205479E+02   6   0.70916843E+01   0.00000000E+00   0.00000000E+00   0.00000000E+00   0.00000000E+00  -0.99999000E+99
  -0.12418873059E+03   0.41738276712E+02   6   0.70916843E+01   0.00000000E+00   0.00000000E+00   0.00000000E+00   0.00000000E+00  -0.99999000E+99
  -0.12418878995E+03   0.41738347945E+02   6   0.70916843E+01   0.00000000E+00   0.00000000E+00   0.00000000E+00   0.00000000E+00  -0.99999000E+99
  -0.12418884932E+03   0.41738419178E+02   6   0.70916843E+01   0.00000000E+00   0.00000000E+00   0.00000000E+00   0.00000000E+00  -0.99999000E+99
  -0.12418890868E+03   0.41738490411E+02   6   0.68067330E+01   0.00000000E+00   0.00000000E+00   0.00000000E+00   0.00000000E+00  -0.99999000E+99
  -0.12418896804E+03   0.41738561644E+02   6   0.67737291E+01   0.00000000E+00   0.00000000E+00   0.00000000E+00   0.00000000E+00  -0.99999000E+99
  -0.12418902740E+03   0.41738632877E+02   6   0.67737291E+01   0.00000000E+00   0.00000000E+00   0.00000000E+00   0.00000000E+00  -0.99999000E+99
  -0.12418908676E+03   0.41738704110E+02   6   0.67737291E+01   0.00000000E+00   0.00000000E+00   0.00000000E+00   0.00000000E+00  -0.99999000E+99
  -0.12418914612E+03   0.41738775342E+02   6   0.67737291E+01   0.00000000E+00   0.00000000E+00   0.00000000E+00   0.00000000E+00  -0.99999000E+99
  -0.12418920548E+03   0.41738846575E+02   6   0.67737291E+01   0.00000000E+00   0.00000000E+00   0.00000000E+00   0.00000000E+00  -0.99999000E+99
  -0.12418926484E+03   0.41738917808E+02   6   0.68235352E+01   0.00000000E+00   0.00000000E+00   0.00000000E+00   0.00000000E+00  -0.99999000E+99
  -0.12418932420E+03   0.41738989041E+02   6   0.68235352E+01   0.00000000E+00   0.00000000E+00   0.00000000E+00   0.00000000E+00  -0.99999000E+99
  -0.12418938356E+03   0.41739060274E+02   6   0.68235352E+01   0.00000000E+00   0.00000000E+00   0.00000000E+00   0.00000000E+00  -0.99999000E+99
  -0.12418944292E+03   0.41739131507E+02   6   0.68235352E+01   0.00000000E+00   0.00000000E+00   0.00000000E+00   0.00000000E+00  -0.99999000E+99
  -0.12418950228E+03   0.41739202740E+02   6   0.68235352E+01   0.00000000E+00   0.00000000E+00   0.00000000E+00   0.00000000E+00  -0.99999000E+99
  -0.12418956164E+03   0.41739273973E+02   6   0.71693596E+01   0.00000000E+00   0.00000000E+00   0.00000000E+00   0.00000000E+00  -0.99999000E+99
  -0.12418962100E+03   0.41739345205E+02   6   0.71693596E+01   0.00000000E+00   0.00000000E+00   0.00000000E+00   0.00000000E+00  -0.99999000E+99
  -0.12418968037E+03   0.41739416438E+02   6   0.72014137E+01   0.00000000E+00   0.00000000E+00   0.00000000E+00   0.00000000E+00  -0.99999000E+99
  -0.12418973973E+03   0.41739487671E+02   6   0.72014137E+01   0.00000000E+00   0.00000000E+00   0.00000000E+00   0.00000000E+00  -0.99999000E+99
  -0.12418979909E+03   0.41739558904E+02   6   0.72014137E+01   0.00000000E+00   0.00000000E+00   0.00000000E+00   0.00000000E+00  -0.99999000E+99
  -0.12418985845E+03   0.41739630137E+02   6   0.73632909E+01   0.00000000E+00   0.00000000E+00   0.00000000E+00   0.00000000E+00  -0.99999000E+99
  -0.12418991781E+03   0.41739701370E+02   6   0.73632909E+01   0.00000000E+00   0.00000000E+00   0.00000000E+00   0.00000000E+00  -0.99999000E+99
  -0.12418997717E+03   0.41739772603E+02   6   0.73632909E+01   0.00000000E+00   0.00000000E+00   0.00000000E+00   0.00000000E+00  -0.99999000E+99
  -0.12419003653E+03   0.41739843836E+02   6   0.72847606E+01   0.00000000E+00   0.00000000E+00   0.00000000E+00   0.00000000E+00  -0.99999000E+99
  -0.12419009589E+03   0.41739915068E+02   6   0.72847606E+01   0.00000000E+00   0.00000000E+00   0.00000000E+00   0.00000000E+00  -0.99999000E+99
  -0.12419015525E+03   0.41739986301E+02   6   0.72847606E+01   0.00000000E+00   0.00000000E+00   0.00000000E+00   0.00000000E+00  -0.99999000E+99
  -0.12419021461E+03   0.41740057534E+02   6   0.72515825E+01   0.00000000E+00   0.00000000E+00   0.00000000E+00   0.00000000E+00  -0.99999000E+99
  -0.12419027397E+03   0.41740128767E+02   6   0.72515825E+01   0.00000000E+00   0.00000000E+00   0.00000000E+00   0.00000000E+00  -0.99999000E+99
  -0.12419033333E+03   0.41740200000E+02   6   0.72515825E+01   0.00000000E+00   0.00000000E+00   0.00000000E+00   0.00000000E+00  -0.99999000E+99
  -0.12419039269E+03   0.41740271233E+02   6   0.71734519E+01   0.00000000E+00   0.00000000E+00   0.00000000E+00   0.00000000E+00  -0.99999000E+99
  -0.12419045205E+03   0.41740342466E+02   6   0.71734519E+01   0.00000000E+00   0.00000000E+00   0.00000000E+00   0.00000000E+00  -0.99999000E+99
  -0.12419051142E+03   0.41740413699E+02   6   0.71418402E+01   0.00000000E+00   0.00000000E+00   0.00000000E+00   0.00000000E+00  -0.99999000E+99
  -0.12419057078E+03   0.41740484932E+02   6   0.71418402E+01   0.00000000E+00   0.00000000E+00   0.00000000E+00   0.00000000E+00  -0.99999000E+99
  -0.12419063014E+03   0.41740556164E+02   6   0.71418402E+01   0.00000000E+00   0.00000000E+00   0.00000000E+00   0.00000000E+00  -0.99999000E+99
  -0.12419068950E+03   0.41740627397E+02   6   0.71418402E+01   0.00000000E+00   0.00000000E+00   0.00000000E+00   0.00000000E+00  -0.99999000E+99
  -0.12419074886E+03   0.41740698630E+02   6   0.70730053E+01   0.00000000E+00   0.00000000E+00   0.00000000E+00   0.00000000E+00  -0.99999000E+99
  -0.12419080822E+03   0.41740769863E+02   6   0.70500411E+01   0.00000000E+00   0.00000000E+00   0.00000000E+00   0.00000000E+00  -0.99999000E+99
  -0.12419086758E+03   0.41740841096E+02   6   0.70500411E+01   0.00000000E+00   0.00000000E+00   0.00000000E+00   0.00000000E+00  -0.99999000E+99
  -0.12419092694E+03   0.41740912329E+02   6   0.70500411E+01   0.00000000E+00   0.00000000E+00   0.00000000E+00   0.00000000E+00  -0.99999000E+99
  -0.12419098630E+03   0.41740983562E+02   6   0.70500411E+01   0.00000000E+00   0.00000000E+00   0.00000000E+00   0.00000000E+00  -0.99999000E+99
  -0.12419104566E+03   0.41741054795E+02   6   0.70500411E+01   0.00000000E+00   0.00000000E+00   0.00000000E+00   0.00000000E+00  -0.99999000E+99
  -0.12419110502E+03   0.41741126027E+02   6   0.70253527E+01   0.00000000E+00   0.00000000E+00   0.00000000E+00   0.00000000E+00  -0.99999000E+99
  -0.12419116438E+03   0.41741197260E+02   6   0.69726577E+01   0.00000000E+00   0.00000000E+00   0.00000000E+00   0.00000000E+00  -0.99999000E+99
  -0.12419122374E+03   0.41741268493E+02   6   0.69726577E+01   0.00000000E+00   0.00000000E+00   0.00000000E+00   0.00000000E+00  -0.99999000E+99
  -0.12419128311E+03   0.41741339726E+02   6   0.69726577E+01   0.00000000E+00   0.00000000E+00   0.00000000E+00   0.00000000E+00  -0.99999000E+99
  -0.12419134247E+03   0.41741410959E+02   6   0.69726577E+01   0.00000000E+00   0.00000000E+00   0.00000000E+00   0.00000000E+00  -0.99999000E+99
  -0.12419140183E+03   0.41741482192E+02   6   0.69387778E+01   0.00000000E+00   0.00000000E+00   0.00000000E+00   0.00000000E+00  -0.99999000E+99
  -0.12419146119E+03   0.41741553425E+02   6   0.69387778E+01   0.00000000E+00   0.00000000E+00   0.00000000E+00   0.00000000E+00  -0.99999000E+99
  -0.12419152055E+03   0.41741624658E+02   6   0.68654497E+01   0.00000000E+00   0.00000000E+00   0.00000000E+00   0.00000000E+00  -0.99999000E+99
  -0.12419157991E+03   0.41741695890E+02   6   0.68654497E+01   0.00000000E+00   0.00000000E+00   0.00000000E+00   0.00000000E+00  -0.99999000E+99
  -0.12419163927E+03   0.41741767123E+02   6   0.68654497E+01   0.00000000E+00   0.00000000E+00   0.00000000E+00   0.00000000E+00  -0.99999000E+99
  -0.12419169863E+03   0.41741838356E+02   6   0.68654497E+01   0.00000000E+00   0.00000000E+00   0.00000000E+00   0.00000000E+00  -0.99999000E+99
  -0.12419175799E+03   0.41741909589E+02   6   0.68311213E+01   0.00000000E+00   0.00000000E+00   0.00000000E+00   0.00000000E+00  -0.99999000E+99
  -0.12419181735E+03   0.41741980822E+02   6   0.68311213E+01   0.00000000E+00   0.00000000E+00   0.00000000E+00   0.00000000E+00  -0.99999000E+99
  -0.12419187671E+03   0.41742052055E+02   6   0.67540265E+01   0.00000000E+00   0.00000000E+00   0.00000000E+00   0.00000000E+00  -0.99999000E+99
  -0.12419193607E+03   0.41742123288E+02   6   0.67540265E+01   0.00000000E+00   0.00000000E+00   0.00000000E+00   0.00000000E+00  -0.99999000E+99
  -0.12419199543E+03   0.41742194521E+02   6   0.67540265E+01   0.00000000E+00   0.00000000E+00   0.00000000E+00   0.00000000E+00  -0.99999000E+99
  -0.12419205479E+03   0.41742265753E+02   6   0.66772447E+01   0.00000000E+00   0.00000000E+00   0.00000000E+00   0.00000000E+00  -0.99999000E+99
  -0.12419211416E+03   0.41742336986E+02   6   0.66772447E+01   0.00000000E+00   0.00000000E+00   0.00000000E+00   0.00000000E+00  -0.99999000E+99
  -0.12419217352E+03   0.41742408219E+02   6   0.66772447E+01   0.00000000E+00   0.00000000E+00   0.00000000E+00   0.00000000E+00  -0.99999000E+99
  -0.12419223288E+03   0.41742479452E+02   6   0.65974383E+01   0.00000000E+00   0.00000000E+00   0.00000000E+00   0.00000000E+00  -0.99999000E+99
  -0.12419229224E+03   0.41742550685E+02   6   0.65974383E+01   0.00000000E+00   0.00000000E+00   0.00000000E+00   0.00000000E+00  -0.99999000E+99
  -0.12419235160E+03   0.41742621918E+02   6   0.65388250E+01   0.00000000E+00   0.00000000E+00   0.00000000E+00   0.00000000E+00  -0.99999000E+99
  -0.12419241096E+03   0.41742693151E+02   6   0.65388250E+01   0.00000000E+00   0.00000000E+00   0.00000000E+00   0.00000000E+00  -0.99999000E+99
  -0.12419247032E+03   0.41742764384E+02   6   0.65388250E+01   0.00000000E+00   0.00000000E+00   0.00000000E+00   0.00000000E+00  -0.99999000E+99
  -0.12419252968E+03   0.41742835616E+02   6   0.65388250E+01   0.00000000E+00   0.00000000E+00   0.00000000E+00   0.00000000E+00  -0.99999000E+99
  -0.12419258904E+03   0.41742906849E+02   6   0.65388250E+01   0.00000000E+00   0.00000000E+00   0.00000000E+00   0.00000000E+00  -0.99999000E+99
  -0.12419264840E+03   0.41742978082E+02   6   0.64535406E+01   0.00000000E+00   0.00000000E+00   0.00000000E+00   0.00000000E+00  -0.99999000E+99
  -0.12419270776E+03   0.41743049315E+02   6   0.64535406E+01   0.00000000E+00   0.00000000E+00   0.00000000E+00   0.00000000E+00  -0.99999000E+99
  -0.12419276712E+03   0.41743120548E+02   6   0.64535406E+01   0.00000000E+00   0.00000000E+00   0.00000000E+00   0.00000000E+00  -0.99999000E+99
  -0.12419282648E+03   0.41743191781E+02   6   0.64535406E+01   0.00000000E+00   0.00000000E+00   0.00000000E+00   0.00000000E+00  -0.99999000E+99
  -0.12419288584E+03   0.41743263014E+02   6   0.64535406E+01   0.00000000E+00   0.00000000E+00   0.00000000E+00   0.00000000E+00  -0.99999000E+99
  -0.12419294521E+03   0.41743334247E+02   6   0.63543238E+01   0.00000000E+00   0.00000000E+00   0.00000000E+00   0.00000000E+00  -0.99999000E+99
  -0.12419300457E+03   0.41743405479E+02   6   0.62989140E+01   0.00000000E+00   0.00000000E+00   0.00000000E+00   0.00000000E+00  -0.99999000E+99
  -0.12419306393E+03   0.41743476712E+02   6   0.62989140E+01   0.00000000E+00   0.00000000E+00   0.00000000E+00   0.00000000E+00  -0.99999000E+99
  -0.12419312329E+03   0.41743547945E+02   6   0.62989140E+01   0.00000000E+00   0.00000000E+00   0.00000000E+00   0.00000000E+00  -0.99999000E+99
  -0.12419318265E+03   0.41743619178E+02   6   0.62989140E+01   0.00000000E+00   0.00000000E+00   0.00000000E+00   0.00000000E+00  -0.99999000E+99
  -0.12419324201E+03   0.41743690411E+02   6   0.62989140E+01   0.00000000E+00   0.00000000E+00   0.00000000E+00   0.00000000E+00  -0.99999000E+99
  -0.12419330137E+03   0.41743761644E+02   6   0.61259531E+01   0.00000000E+00   0.00000000E+00   0.00000000E+00   0.00000000E+00  -0.99999000E+99
  -0.12419336073E+03   0.41743832877E+02   6   0.60560255E+01   0.00000000E+00   0.00000000E+00   0.00000000E+00   0.00000000E+00  -0.99999000E+99
  -0.12419342009E+03   0.41743904110E+02   6   0.60560255E+01   0.00000000E+00   0.00000000E+00   0.00000000E+00   0.00000000E+00  -0.99999000E+99
  -0.12419347945E+03   0.41743975342E+02   6   0.60560255E+01   0.00000000E+00   0.00000000E+00   0.00000000E+00   0.00000000E+00  -0.99999000E+99
  -0.12419353881E+03   0.41744046575E+02   6   0.60560255E+01   0.00000000E+00   0.00000000E+00   0.00000000E+00   0.00000000E+00  -0.99999000E+99
  -0.12419359817E+03   0.41744117808E+02   6   0.57608172E+01   0.00000000E+00   0.00000000E+00   0.00000000E+00   0.00000000E+00  -0.99999000E+99
  -0.12419365753E+03   0.41744189041E+02   6   0.57608172E+01   0.00000000E+00   0.00000000E+00   0.00000000E+00   0.00000000E+00  -0.99999000E+99
  -0.12419371689E+03   0.41744260274E+02   6   0.55586756E+01   0.00000000E+00   0.00000000E+00   0.00000000E+00   0.00000000E+00  -0.99999000E+99
  -0.12419377626E+03   0.41744331507E+02   6   0.55586756E+01   0.00000000E+00   0.00000000E+00   0.00000000E+00   0.00000000E+00  -0.99999000E+99
  -0.12419383562E+03   0.41744402740E+02   6   0.55586756E+01   0.00000000E+00   0.00000000E+00   0.00000000E+00   0.00000000E+00  -0.99999000E+99
  -0.12419389498E+03   0.41744473973E+02   6   0.49194738E+01   0.00000000E+00   0.00000000E+00   0.00000000E+00   0.00000000E+00  -0.99999000E+99
  -0.12419395434E+03   0.41744545205E+02   6   0.49194738E+01   0.00000000E+00   0.00000000E+00   0.00000000E+00   0.00000000E+00  -0.99999000E+99
  -0.12419401370E+03   0.41744616438E+02   6   0.49194738E+01   0.00000000E+00   0.00000000E+00   0.00000000E+00   0.00000000E+00  -0.99999000E+99
  -0.12419407306E+03   0.41744687671E+02   6   0.49194738E+01   0.00000000E+00   0.00000000E+00   0.00000000E+00   0.00000000E+00  -0.99999000E+99
  -0.12419413242E+03   0.41744758904E+02   6   0.44408944E+01   0.00000000E+00   0.00000000E+00   0.00000000E+00   0.00000000E+00  -0.99999000E+99
  -0.12419419178E+03   0.41744830137E+02   6   0.41380665E+01   0.00000000E+00   0.00000000E+00   0.00000000E+00   0.00000000E+00  -0.99999000E+99
  -0.12419425114E+03   0.41744901370E+02   6   0.41380665E+01   0.00000000E+00   0.00000000E+00   0.00000000E+00   0.00000000E+00  -0.99999000E+99
  -0.12419431050E+03   0.41744972603E+02   6   0.41380665E+01   0.00000000E+00   0.00000000E+00   0.00000000E+00   0.00000000E+00  -0.99999000E+99
  -0.12419436986E+03   0.41745043836E+02   6   0.41380665E+01   0.00000000E+00   0.00000000E+00   0.00000000E+00   0.00000000E+00  -0.99999000E+99
  -0.12419442922E+03   0.41745115068E+02   6   0.41380665E+01   0.00000000E+00   0.00000000E+00   0.00000000E+00   0.00000000E+00  -0.99999000E+99
  -0.12419448858E+03   0.41745186301E+02   6   0.52678195E+01   0.00000000E+00   0.00000000E+00   0.00000000E+00   0.00000000E+00  -0.99999000E+99
  -0.12419454795E+03   0.41745257534E+02   6   0.52678195E+01   0.00000000E+00   0.00000000E+00   0.00000000E+00   0.00000000E+00  -0.99999000E+99
  -0.12419460731E+03   0.41745328767E+02   6   0.52678195E+01   0.00000000E+00   0.00000000E+00   0.00000000E+00   0.00000000E+00  -0.99999000E+99
  -0.12419466667E+03   0.41745400000E+02   6   0.52678195E+01   0.00000000E+00   0.00000000E+00   0.00000000E+00   0.00000000E+00  -0.99999000E+99
  -0.12419472603E+03   0.41745471233E+02   6   0.52678195E+01   0.00000000E+00   0.00000000E+00   0.00000000E+00   0.00000000E+00  -0.99999000E+99
  -0.12419478539E+03   0.41745542466E+02   6   0.52678195E+01   0.00000000E+00   0.00000000E+00   0.00000000E+00   0.00000000E+00  -0.99999000E+99
  -0.12419484475E+03   0.41745613699E+02   6   0.53567641E+01   0.00000000E+00   0.00000000E+00   0.00000000E+00   0.00000000E+00  -0.99999000E+99
  -0.12419490411E+03   0.41745684932E+02   6   0.53567641E+01   0.00000000E+00   0.00000000E+00   0.00000000E+00   0.00000000E+00  -0.99999000E+99
  -0.12419496347E+03   0.41745756164E+02   6   0.53567641E+01   0.00000000E+00   0.00000000E+00   0.00000000E+00   0.00000000E+00  -0.99999000E+99
  -0.12419502283E+03   0.41745827397E+02   6   0.53567641E+01   0.00000000E+00   0.00000000E+00   0.00000000E+00   0.00000000E+00  -0.99999000E+99
  -0.12419508219E+03   0.41745898630E+02   6   0.53567641E+01   0.00000000E+00   0.00000000E+00   0.00000000E+00   0.00000000E+00  -0.99999000E+99
  -0.12419514155E+03   0.41745969863E+02   6   0.51092652E+01   0.00000000E+00   0.00000000E+00   0.00000000E+00   0.00000000E+00  -0.99999000E+99
  -0.12419520091E+03   0.41746041096E+02   6   0.48815122E+01   0.00000000E+00   0.00000000E+00   0.00000000E+00   0.00000000E+00  -0.99999000E+99
  -0.12419526027E+03   0.41746112329E+02   6   0.48815122E+01   0.00000000E+00   0.00000000E+00   0.00000000E+00   0.00000000E+00  -0.99999000E+99
  -0.12419531963E+03   0.41746183562E+02   6   0.48815122E+01   0.00000000E+00   0.00000000E+00   0.00000000E+00   0.00000000E+00  -0.99999000E+99
  -0.12419537900E+03   0.41746254795E+02   6   0.48815122E+01   0.00000000E+00   0.00000000E+00   0.00000000E+00   0.00000000E+00  -0.99999000E+99
  -0.12419543836E+03   0.41746326027E+02   6   0.44795282E+01   0.00000000E+00   0.00000000E+00   0.00000000E+00   0.00000000E+00  -0.99999000E+99
  -0.12419549772E+03   0.41746397260E+02   6   0.44795282E+01   0.00000000E+00   0.00000000E+00   0.00000000E+00   0.00000000E+00  -0.99999000E+99
  -0.12419555708E+03   0.41746468493E+02   6   0.42999321E+01   0.00000000E+00   0.00000000E+00   0.00000000E+00   0.00000000E+00  -0.99999000E+99
  -0.12419561644E+03   0.41746539726E+02   6   0.42999321E+01   0.00000000E+00   0.00000000E+00   0.00000000E+00   0.00000000E+00  -0.99999000E+99
  -0.12419567580E+03   0.41746610959E+02   6   0.42999321E+01   0.00000000E+00   0.00000000E+00   0.00000000E+00   0.00000000E+00  -0.99999000E+99
  -0.12419573516E+03   0.41746682192E+02   6   0.41818679E+01   0.00000000E+00   0.00000000E+00   0.00000000E+00   0.00000000E+00  -0.99999000E+99
  -0.12419579452E+03   0.41746753425E+02   6   0.41818679E+01   0.00000000E+00   0.00000000E+00   0.00000000E+00   0.00000000E+00  -0.99999000E+99
  -0.12419585388E+03   0.41746824658E+02   6   0.41818679E+01   0.00000000E+00   0.00000000E+00   0.00000000E+00   0.00000000E+00  -0.99999000E+99
  -0.12419591324E+03   0.41746895890E+02   6   0.41818679E+01   0.00000000E+00   0.00000000E+00   0.00000000E+00   0.00000000E+00  -0.99999000E+99
  -0.12419597260E+03   0.41746967123E+02   6   0.39832085E+01   0.00000000E+00   0.00000000E+00   0.00000000E+00   0.00000000E+00  -0.99999000E+99
  -0.12419603196E+03   0.41747038356E+02   6   0.37077125E+01   0.00000000E+00   0.00000000E+00   0.00000000E+00   0.00000000E+00  -0.99999000E+99
  -0.12419609132E+03   0.41747109589E+02   6   0.37077125E+01   0.00000000E+00   0.00000000E+00   0.00000000E+00   0.00000000E+00  -0.99999000E+99
  -0.12419615068E+03   0.41747180822E+02   6   0.37077125E+01   0.00000000E+00   0.00000000E+00   0.00000000E+00   0.00000000E+00  -0.99999000E+99
  -0.12419621005E+03   0.41747252055E+02   6   0.37077125E+01   0.00000000E+00   0.00000000E+00   0.00000000E+00   0.00000000E+00  -0.99999000E+99
  -0.12419626941E+03   0.41747323288E+02   6   0.37077125E+01   0.00000000E+00   0.00000000E+00   0.00000000E+00   0.00000000E+00  -0.99999000E+99
  -0.12419632877E+03   0.41747394521E+02   6   0.35263511E+01   0.00000000E+00   0.00000000E+00   0.00000000E+00   0.00000000E+00  -0.99999000E+99
  -0.12419638813E+03   0.41747465753E+02   6   0.29710687E+01   0.00000000E+00   0.00000000E+00   0.00000000E+00   0.00000000E+00  -0.99999000E+99
  -0.12419644749E+03   0.41747536986E+02   6   0.29710687E+01   0.00000000E+00   0.00000000E+00   0.00000000E+00   0.00000000E+00  -0.99999000E+99
  -0.12419650685E+03   0.41747608219E+02   6   0.29710687E+01   0.00000000E+00   0.00000000E+00   0.00000000E+00   0.00000000E+00  -0.99999000E+99
  -0.12419656621E+03   0.41747679452E+02   6   0.29710687E+01   0.00000000E+00   0.00000000E+00   0.00000000E+00   0.00000000E+00  -0.99999000E+99
  -0.12419662557E+03   0.41747750685E+02   6   0.29710687E+01   0.00000000E+00   0.00000000E+00   0.00000000E+00   0.00000000E+00  -0.99999000E+99
  -0.12419668493E+03   0.41747821918E+02   6  -0.27066865E+01   0.27066865E+01   0.00000000E+00   0.00000000E+00   0.00000000E+00  -0.99999000E+99
  -0.12419674429E+03   0.41747893151E+02   6  -0.27066865E+01   0.27066865E+01   0.00000000E+00   0.00000000E+00   0.00000000E+00  -0.99999000E+99
  -0.12419680365E+03   0.41747964384E+02   6  -0.27066865E+01   0.27066865E+01   0.00000000E+00   0.00000000E+00   0.00000000E+00  -0.99999000E+99
  -0.12419686301E+03   0.41748035616E+02   6  -0.27066865E+01   0.27066865E+01   0.00000000E+00   0.00000000E+00   0.00000000E+00  -0.99999000E+99
  -0.12419692237E+03   0.41748106849E+02   6  -0.27066865E+01   0.27066865E+01   0.00000000E+00   0.00000000E+00   0.00000000E+00  -0.99999000E+99
  -0.12419698174E+03   0.41748178082E+02   6  -0.29351060E+01   0.29351060E+01   0.00000000E+00   0.00000000E+00   0.00000000E+00  -0.99999000E+99
  -0.12419704110E+03   0.41748249315E+02   6  -0.26998665E+01   0.26998665E+01   0.00000000E+00   0.00000000E+00   0.00000000E+00  -0.99999000E+99
  -0.12419710046E+03   0.41748320548E+02   6  -0.26998665E+01   0.26998665E+01   0.00000000E+00   0.00000000E+00   0.00000000E+00  -0.99999000E+99
  -0.12419715982E+03   0.41748391781E+02   6  -0.26998665E+01   0.26998665E+01   0.00000000E+00   0.00000000E+00   0.00000000E+00  -0.99999000E+99
  -0.12419721918E+03   0.41748463014E+02   6  -0.26998665E+01   0.26998665E+01   0.00000000E+00   0.00000000E+00   0.00000000E+00  -0.99999000E+99
  -0.12419727854E+03   0.41748534247E+02   6  -0.26555584E+01   0.26555584E+01   0.00000000E+00   0.00000000E+00   0.00000000E+00  -0.99999000E+99
  -0.12419733790E+03   0.41748605479E+02   6  -0.26555584E+01   0.26555584E+01   0.00000000E+00   0.00000000E+00   0.00000000E+00  -0.99999000E+99
  -0.12419739726E+03   0.41748676712E+02   6  -0.26555584E+01   0.26555584E+01   0.00000000E+00   0.00000000E+00   0.00000000E+00  -0.99999000E+99
  -0.12419745662E+03   0.41748747945E+02   6  -0.27578383E+01   0.27578383E+01   0.00000000E+00   0.00000000E+00   0.00000000E+00  -0.99999000E+99
  -0.12419751598E+03   0.41748819178E+02   6  -0.27578383E+01   0.27578383E+01   0.00000000E+00   0.00000000E+00   0.00000000E+00  -0.99999000E+99
  -0.12419757534E+03   0.41748890411E+02   6  -0.28057337E+01   0.28057337E+01   0.00000000E+00   0.00000000E+00   0.00000000E+00  -0.99999000E+99
  -0.12419763470E+03   0.41748961644E+02   6  -0.28057337E+01   0.28057337E+01   0.00000000E+00   0.00000000E+00   0.00000000E+00  -0.99999000E+99
  -0.12419769406E+03   0.41749032877E+02   6  -0.28057337E+01   0.28057337E+01   0.00000000E+00   0.00000000E+00   0.00000000E+00  -0.99999000E+99
  -0.12419775342E+03   0.41749104110E+02   6  -0.28057337E+01   0.28057337E+01   0.00000000E+00   0.00000000E+00   0.00000000E+00  -0.99999000E+99
  -0.12419781279E+03   0.41749175342E+02   6  -0.27418100E+01   0.27418100E+01   0.00000000E+00   0.00000000E+00   0.00000000E+00  -0.99999000E+99
  -0.12419787215E+03   0.41749246575E+02   6  -0.27418100E+01   0.27418100E+01   0.00000000E+00   0.00000000E+00   0.00000000E+00  -0.99999000E+99
  -0.12419793151E+03   0.41749317808E+02   6  -0.27271195E+01   0.27271195E+01   0.00000000E+00   0.00000000E+00   0.00000000E+00  -0.99999000E+99
  -0.12419799087E+03   0.41749389041E+02   6  -0.27271195E+01   0.27271195E+01   0.00000000E+00   0.00000000E+00   0.00000000E+00  -0.99999000E+99
  -0.12419805023E+03   0.41749460274E+02   6  -0.27271195E+01   0.27271195E+01   0.00000000E+00   0.00000000E+00   0.00000000E+00  -0.99999000E+99
  -0.12419810959E+03   0.41749531507E+02   6  -0.27271195E+01   0.27271195E+01   0.00000000E+00   0.00000000E+00   0.00000000E+00  -0.99999000E+99
  -0.12419816895E+03   0.41749602740E+02   6  -0.26769701E+01   0.26769701E+01   0.00000000E+00   0.00000000E+00   0.00000000E+00  -0.99999000E+99
  -0.12419822831E+03   0.41749673973E+02   6  -0.24390115E+01   0.24390115E+01   0.00000000E+00   0.00000000E+00   0.00000000E+00  -0.99999000E+99
  -0.12419828767E+03   0.41749745205E+02   6  -0.24390115E+01   0.24390115E+01   0.00000000E+00   0.00000000E+00   0.00000000E+00  -0.99999000E+99
  -0.12419834703E+03   0.41749816438E+02   6  -0.24390115E+01   0.24390115E+01   0.00000000E+00   0.00000000E+00   0.00000000E+00  -0.99999000E+99
  -0.12419840639E+03   0.41749887671E+02   6  -0.24390115E+01   0.24390115E+01   0.00000000E+00   0.00000000E+00   0.00000000E+00  -0.99999000E+99
  -0.12419846575E+03   0.41749958904E+02   6  -0.24390115E+01   0.24390115E+01   0.00000000E+00   0.00000000E+00   0.00000000E+00  -0.99999000E+99
  -0.12419852511E+03   0.41750030137E+02   6  -0.27051009E+01   0.27051009E+01   0.00000000E+00   0.00000000E+00   0.00000000E+00  -0.99999000E+99
  -0.12419858447E+03   0.41750101370E+02   6  -0.27051009E+01   0.27051009E+01   0.00000000E+00   0.00000000E+00   0.00000000E+00  -0.99999000E+99
  -0.12419864384E+03   0.41750172603E+02   6  -0.27051009E+01   0.27051009E+01   0.00000000E+00   0.00000000E+00   0.00000000E+00  -0.99999000E+99
  -0.12419870320E+03   0.41750243836E+02   6  -0.27051009E+01   0.27051009E+01   0.00000000E+00   0.00000000E+00   0.00000000E+00  -0.99999000E+99
  -0.12419876256E+03   0.41750315068E+02   6  -0.27051009E+01   0.27051009E+01   0.00000000E+00   0.00000000E+00   0.00000000E+00  -0.99999000E+99
  -0.12419882192E+03   0.41750386301E+02   6  -0.25726248E+01   0.25726248E+01   0.00000000E+00   0.00000000E+00   0.00000000E+00  -0.99999000E+99
  -0.12419888128E+03   0.41750457534E+02   6  -0.25726248E+01   0.25726248E+01   0.00000000E+00   0.00000000E+00   0.00000000E+00  -0.99999000E+99
  -0.12419894064E+03   0.41750528767E+02   6  -0.27779761E+01   0.27779761E+01   0.00000000E+00   0.00000000E+00   0.00000000E+00  -0.99999000E+99
  -0.12419900000E+03   0.41750600000E+02   6  -0.27779761E+01   0.27779761E+01   0.00000000E+00   0.00000000E+00   0.00000000E+00  -0.99999000E+99
  -0.12419905936E+03   0.41750671233E+02   6  -0.27779761E+01   0.27779761E+01   0.00000000E+00   0.00000000E+00   0.00000000E+00  -0.99999000E+99
  -0.12419911872E+03   0.41750742466E+02   6  -0.32262250E+01   0.32262250E+01   0.00000000E+00   0.00000000E+00   0.00000000E+00  -0.99999000E+99
  -0.12419917808E+03   0.41750813699E+02   6  -0.32262250E+01   0.32262250E+01   0.00000000E+00   0.00000000E+00   0.00000000E+00  -0.99999000E+99
  -0.12419923744E+03   0.41750884932E+02   6  -0.32262250E+01   0.32262250E+01   0.00000000E+00   0.00000000E+00   0.00000000E+00  -0.99999000E+99
  -0.12419929680E+03   0.41750956164E+02   6  -0.32553279E+01   0.32553279E+01   0.00000000E+00   0.00000000E+00   0.00000000E+00  -0.99999000E+99
  -0.12419935616E+03   0.41751027397E+02   6  -0.32553279E+01   0.32553279E+01   0.00000000E+00   0.00000000E+00   0.00000000E+00  -0.99999000E+99
  -0.12419941553E+03   0.41751098630E+02   6  -0.32553279E+01   0.32553279E+01   0.00000000E+00   0.00000000E+00   0.00000000E+00  -0.99999000E+99
  -0.12419947489E+03   0.41751169863E+02   6  -0.35432546E+01   0.35432546E+01   0.00000000E+00   0.00000000E+00   0.00000000E+00  -0.99999000E+99
  -0.12419953425E+03   0.41751241096E+02   6  -0.35432546E+01   0.35432546E+01   0.00000000E+00   0.00000000E+00   0.00000000E+00  -0.99999000E+99
  -0.12419959361E+03   0.41751312329E+02   6  -0.35432546E+01   0.35432546E+01   0.00000000E+00   0.00000000E+00   0.00000000E+00  -0.99999000E+99
  -0.12419965297E+03   0.41751383562E+02   6  -0.39473721E+01   0.39473721E+01   0.00000000E+00   0.00000000E+00   0.00000000E+00  -0.99999000E+99
  -0.12419971233E+03   0.41751454795E+02   6  -0.39473721E+01   0.39473721E+01   0.00000000E+00   0.00000000E+00   0.00000000E+00  -0.99999000E+99
  -0.12419977169E+03   0.41751526027E+02   6  -0.47429160E+01   0.47429160E+01   0.00000000E+00   0.00000000E+00   0.00000000E+00  -0.99999000E+99
  -0.12419983105E+03   0.41751597260E+02   6  -0.47429160E+01   0.47429160E+01   0.00000000E+00   0.00000000E+00   0.00000000E+00  -0.99999000E+99
  -0.12419989041E+03   0.41751668493E+02   6  -0.47429160E+01   0.47429160E+01   0.00000000E+00   0.00000000E+00   0.00000000E+00  -0.99999000E+99
  -0.12419994977E+03   0.41751739726E+02   6  -0.47429160E+01   0.47429160E+01   0.00000000E+00   0.00000000E+00   0.00000000E+00  -0.99999000E+99
  -0.12420000913E+03   0.41751810959E+02   6  -0.51015698E+01   0.51015698E+01   0.00000000E+00   0.00000000E+00   0.00000000E+00  -0.99999000E+99
  -0.12420006849E+03   0.41751882192E+02   6  -0.57157278E+01   0.57157278E+01   0.00000000E+00   0.00000000E+00   0.00000000E+00  -0.99999000E+99
  -0.12420012785E+03   0.41751953425E+02   6  -0.57157278E+01   0.57157278E+01   0.00000000E+00   0.00000000E+00   0.00000000E+00  -0.99999000E+99
  -0.12420018721E+03   0.41752024658E+02   6  -0.57157278E+01   0.57157278E+01   0.00000000E+00   0.00000000E+00   0.00000000E+00  -0.99999000E+99
  -0.12420024658E+03   0.41752095890E+02   6  -0.57157278E+01   0.57157278E+01   0.00000000E+00   0.00000000E+00   0.00000000E+00  -0.99999000E+99
  -0.12420030594E+03   0.41752167123E+02   6  -0.57157278E+01   0.57157278E+01   0.00000000E+00   0.00000000E+00   0.00000000E+00  -0.99999000E+99
  -0.12420036530E+03   0.41752238356E+02   6  -0.60615981E+01   0.60615981E+01   0.00000000E+00   0.00000000E+00   0.00000000E+00  -0.99999000E+99
  -0.12420042466E+03   0.41752309589E+02   6  -0.56074595E+01   0.56074595E+01   0.00000000E+00   0.00000000E+00   0.00000000E+00  -0.99999000E+99
  -0.12420048402E+03   0.41752380822E+02   6  -0.56074595E+01   0.56074595E+01   0.00000000E+00   0.00000000E+00   0.00000000E+00  -0.99999000E+99
  -0.12420054338E+03   0.41752452055E+02   6  -0.56074595E+01   0.56074595E+01   0.00000000E+00   0.00000000E+00   0.00000000E+00  -0.99999000E+99
  -0.12420060274E+03   0.41752523288E+02   6  -0.56074595E+01   0.56074595E+01   0.00000000E+00   0.00000000E+00   0.00000000E+00  -0.99999000E+99
  -0.12420066210E+03   0.41752594521E+02   6  -0.56172277E+01   0.56172277E+01   0.00000000E+00   0.00000000E+00   0.00000000E+00  -0.99999000E+99
  -0.12420072146E+03   0.41752665753E+02   6  -0.56172277E+01   0.56172277E+01   0.00000000E+00   0.00000000E+00   0.00000000E+00  -0.99999000E+99
  -0.12420078082E+03   0.41752736986E+02   6  -0.52970928E+01   0.52970928E+01   0.00000000E+00   0.00000000E+00   0.00000000E+00  -0.99999000E+99
  -0.12420084018E+03   0.41752808219E+02   6  -0.52970928E+01   0.52970928E+01   0.00000000E+00   0.00000000E+00   0.00000000E+00  -0.99999000E+99
  -0.12420089954E+03   0.41752879452E+02   6  -0.52970928E+01   0.52970928E+01   0.00000000E+00   0.00000000E+00   0.00000000E+00  -0.99999000E+99
  -0.12420095890E+03   0.41752950685E+02   6  -0.52970928E+01   0.52970928E+01   0.00000000E+00   0.00000000E+00   0.00000000E+00  -0.99999000E+99
  -0.12420101826E+03   0.41753021918E+02   6  -0.53097034E+01   0.53097034E+01   0.00000000E+00   0.00000000E+00   0.00000000E+00  -0.99999000E+99
  -0.12420107763E+03   0.41753093151E+02   6  -0.53097034E+01   0.53097034E+01   0.00000000E+00   0.00000000E+00   0.00000000E+00  -0.99999000E+99
  -0.12420113699E+03   0.41753164384E+02   6  -0.50692026E+01   0.50692026E+01   0.00000000E+00   0.00000000E+00   0.00000000E+00  -0.99999000E+99
  -0.12420119635E+03   0.41753235616E+02   6  -0.50692026E+01   0.50692026E+01   0.00000000E+00   0.00000000E+00   0.00000000E+00  -0.99999000E+99
  -0.12420125571E+03   0.41753306849E+02   6  -0.50692026E+01   0.50692026E+01   0.00000000E+00   0.00000000E+00   0.00000000E+00  -0.99999000E+99
  -0.12420131507E+03   0.41753378082E+02   6  -0.54242992E+01   0.54242992E+01   0.00000000E+00   0.00000000E+00   0.00000000E+00  -0.99999000E+99
  -0.12420137443E+03   0.41753449315E+02   6  -0.54242992E+01   0.54242992E+01   0.00000000E+00   0.00000000E+00   0.00000000E+00  -0.99999000E+99
  -0.12420143379E+03   0.41753520548E+02   6  -0.54242992E+01   0.54242992E+01   0.00000000E+00   0.00000000E+00   0.00000000E+00  -0.99999000E+99
  -0.12420149315E+03   0.41753591781E+02   6  -0.60276632E+01   0.60276632E+01   0.00000000E+00   0.00000000E+00   0.00000000E+00  -0.99999000E+99
  -0.12420155251E+03   0.41753663014E+02   6  -0.60276632E+01   0.60276632E+01   0.00000000E+00   0.00000000E+00   0.00000000E+00  -0.99999000E+99
  -0.12420161187E+03   0.41753734247E+02   6  -0.72718951E+01   0.72718951E+01   0.00000000E+00   0.00000000E+00   0.00000000E+00  -0.99999000E+99
  -0.12420167123E+03   0.41753805479E+02   6  -0.72718951E+01   0.72718951E+01   0.00000000E+00   0.00000000E+00   0.00000000E+00  -0.99999000E+99
  -0.12420173059E+03   0.41753876712E+02   6  -0.72718951E+01   0.72718951E+01   0.00000000E+00   0.00000000E+00   0.00000000E+00  -0.99999000E+99
  -0.12420178995E+03   0.41753947945E+02   6  -0.72718951E+01   0.72718951E+01   0.00000000E+00   0.00000000E+00   0.00000000E+00  -0.99999000E+99
  -0.12420184932E+03   0.41754019178E+02   6  -0.72718951E+01   0.72718951E+01   0.00000000E+00   0.00000000E+00   0.00000000E+00  -0.99999000E+99
  -0.12420190868E+03   0.41754090411E+02   6  -0.82174516E+01   0.82174516E+01   0.00000000E+00   0.00000000E+00   0.00000000E+00  -0.99999000E+99
  -0.12420196804E+03   0.41754161644E+02   6  -0.82174516E+01   0.82174516E+01   0.00000000E+00   0.00000000E+00   0.00000000E+00  -0.99999000E+99
  -0.12420202740E+03   0.41754232877E+02   6  -0.82174516E+01   0.82174516E+01   0.00000000E+00   0.00000000E+00   0.00000000E+00  -0.99999000E+99
  -0.12420208676E+03   0.41754304110E+02   6  -0.82174516E+01   0.82174516E+01   0.00000000E+00   0.00000000E+00   0.00000000E+00  -0.99999000E+99
  -0.12420214612E+03   0.41754375342E+02   6  -0.82174516E+01   0.82174516E+01   0.00000000E+00   0.00000000E+00   0.00000000E+00  -0.99999000E+99
  -0.12420220548E+03   0.41754446575E+02   6  -0.86175373E+01   0.86175373E+01   0.00000000E+00   0.00000000E+00   0.00000000E+00  -0.99999000E+99
  -0.12420226484E+03   0.41754517808E+02   6  -0.87378218E+01   0.87378218E+01   0.00000000E+00   0.00000000E+00   0.00000000E+00  -0.99999000E+99
  -0.12420232420E+03   0.41754589041E+02   6  -0.87378218E+01   0.87378218E+01   0.00000000E+00   0.00000000E+00   0.00000000E+00  -0.99999000E+99
  -0.12420238356E+03   0.41754660274E+02   6  -0.87378218E+01   0.87378218E+01   0.00000000E+00   0.00000000E+00   0.00000000E+00  -0.99999000E+99
  -0.12420244292E+03   0.41754731507E+02   6  -0.87378218E+01   0.87378218E+01   0.00000000E+00   0.00000000E+00   0.00000000E+00  -0.99999000E+99
  -0.12420250228E+03   0.41754802740E+02   6  -0.87378218E+01   0.87378218E+01   0.00000000E+00   0.00000000E+00   0.00000000E+00  -0.99999000E+99
  -0.12420256164E+03   0.41754873973E+02   6  -0.96453021E+01   0.96453021E+01   0.00000000E+00   0.00000000E+00   0.00000000E+00  -0.99999000E+99
  -0.12420262100E+03   0.41754945205E+02   6  -0.10190556E+02   0.10190556E+02   0.00000000E+00   0.00000000E+00   0.00000000E+00  -0.99999000E+99
  -0.12420268037E+03   0.41755016438E+02   6  -0.10190556E+02   0.10190556E+02   0.00000000E+00   0.00000000E+00   0.00000000E+00  -0.99999000E+99
  -0.12420273973E+03   0.41755087671E+02   6  -0.10190556E+02   0.10190556E+02   0.00000000E+00   0.00000000E+00   0.00000000E+00  -0.99999000E+99
  -0.12420279909E+03   0.41755158904E+02   6  -0.10190556E+02   0.10190556E+02   0.00000000E+00   0.00000000E+00   0.00000000E+00  -0.99999000E+99
  -0.12420285845E+03   0.41755230137E+02   6  -0.10564242E+02   0.10564242E+02   0.00000000E+00   0.00000000E+00   0.00000000E+00  -0.99999000E+99
  -0.12420291781E+03   0.41755301370E+02   6  -0.10564242E+02   0.10564242E+02   0.00000000E+00   0.00000000E+00   0.00000000E+00  -0.99999000E+99
  -0.12420297717E+03   0.41755372603E+02   6  -0.10896910E+02   0.10896910E+02   0.00000000E+00   0.00000000E+00   0.00000000E+00  -0.99999000E+99
  -0.12420303653E+03   0.41755443836E+02   6  -0.10896910E+02   0.10896910E+02   0.00000000E+00   0.00000000E+00   0.00000000E+00  -0.99999000E+99
  -0.12420309589E+03   0.41755515068E+02   6  -0.10896910E+02   0.10896910E+02   0.00000000E+00   0.00000000E+00   0.00000000E+00  -0.99999000E+99
  -0.12420315525E+03   0.41755586301E+02   6  -0.10949567E+02   0.10949567E+02   0.00000000E+00   0.00000000E+00   0.00000000E+00  -0.99999000E+99
  -0.12420321461E+03   0.41755657534E+02   6  -0.10949567E+02   0.10949567E+02   0.00000000E+00   0.00000000E+00   0.00000000E+00  -0.99999000E+99
  -0.12420327397E+03   0.41755728767E+02   6  -0.10949567E+02   0.10949567E+02   0.00000000E+00   0.00000000E+00   0.00000000E+00  -0.99999000E+99
  -0.12420333333E+03   0.41755800000E+02   6  -0.10949567E+02   0.10949567E+02   0.00000000E+00   0.00000000E+00   0.00000000E+00  -0.99999000E+99
  -0.12420339269E+03   0.41755871233E+02   6  -0.11239424E+02   0.11239424E+02   0.00000000E+00   0.00000000E+00   0.00000000E+00  -0.99999000E+99
  -0.12420345205E+03   0.41755942466E+02   6  -0.11255507E+02   0.11255507E+02   0.00000000E+00   0.00000000E+00   0.00000000E+00  -0.99999000E+99
  -0.12420351142E+03   0.41756013699E+02   6  -0.11255507E+02   0.11255507E+02   0.00000000E+00   0.00000000E+00   0.00000000E+00  -0.99999000E+99
  -0.12420357078E+03   0.41756084932E+02   6  -0.11255507E+02   0.11255507E+02   0.00000000E+00   0.00000000E+00   0.00000000E+00  -0.99999000E+99
  -0.12420363014E+03   0.41756156164E+02   6  -0.11255507E+02   0.11255507E+02   0.00000000E+00   0.00000000E+00   0.00000000E+00  -0.99999000E+99
  -0.12420368950E+03   0.41756227397E+02   6  -0.11255507E+02   0.11255507E+02   0.00000000E+00   0.00000000E+00   0.00000000E+00  -0.99999000E+99
  -0.12420374886E+03   0.41756298630E+02   6  -0.11711493E+02   0.11711493E+02   0.00000000E+00   0.00000000E+00   0.00000000E+00  -0.99999000E+99
  -0.12420380822E+03   0.41756369863E+02   6  -0.11711493E+02   0.11711493E+02   0.00000000E+00   0.00000000E+00   0.00000000E+00  -0.99999000E+99
  -0.12420386758E+03   0.41756441096E+02   6  -0.11711493E+02   0.11711493E+02   0.00000000E+00   0.00000000E+00   0.00000000E+00  -0.99999000E+99
  -0.12420392694E+03   0.41756512329E+02   6  -0.11711493E+02   0.11711493E+02   0.00000000E+00   0.00000000E+00   0.00000000E+00  -0.99999000E+99
  -0.12420398630E+03   0.41756583562E+02   6  -0.11711493E+02   0.11711493E+02   0.00000000E+00   0.00000000E+00   0.00000000E+00  -0.99999000E+99
  -0.12420404566E+03   0.41756654795E+02   6  -0.11711493E+02   0.11711493E+02   0.00000000E+00   0.00000000E+00   0.00000000E+00  -0.99999000E+99
  -0.12420410502E+03   0.41756726027E+02   6  -0.12326393E+02   0.12326393E+02   0.00000000E+00   0.00000000E+00   0.00000000E+00  -0.99999000E+99
  -0.12420416438E+03   0.41756797260E+02   6  -0.12326393E+02   0.12326393E+02   0.00000000E+00   0.00000000E+00   0.00000000E+00  -0.99999000E+99
  -0.12420422374E+03   0.41756868493E+02   6  -0.12326393E+02   0.12326393E+02   0.00000000E+00   0.00000000E+00   0.00000000E+00  -0.99999000E+99
  -0.12420428311E+03   0.41756939726E+02   6  -0.12326393E+02   0.12326393E+02   0.00000000E+00   0.00000000E+00   0.00000000E+00  -0.99999000E+99
  -0.12420434247E+03   0.41757010959E+02   6  -0.12326393E+02   0.12326393E+02   0.00000000E+00   0.00000000E+00   0.00000000E+00  -0.99999000E+99
  -0.12420440183E+03   0.41757082192E+02   6  -0.12733572E+02   0.12733572E+02   0.00000000E+00   0.00000000E+00   0.00000000E+00  -0.99999000E+99
  -0.12420446119E+03   0.41757153425E+02   6  -0.12982159E+02   0.12982159E+02   0.00000000E+00   0.00000000E+00   0.00000000E+00  -0.99999000E+99
  -0.12420452055E+03   0.41757224658E+02   6  -0.12982159E+02   0.12982159E+02   0.00000000E+00   0.00000000E+00   0.00000000E+00  -0.99999000E+99
  -0.12420457991E+03   0.41757295890E+02   6  -0.12982159E+02   0.12982159E+02   0.00000000E+00   0.00000000E+00   0.00000000E+00  -0.99999000E+99
  -0.12420463927E+03   0.41757367123E+02   6  -0.12982159E+02   0.12982159E+02   0.00000000E+00   0.00000000E+00   0.00000000E+00  -0.99999000E+99
  -0.12420469863E+03   0.41757438356E+02   6  -0.13350215E+02   0.13350215E+02   0.00000000E+00   0.00000000E+00   0.00000000E+00  -0.99999000E+99
  -0.12420475799E+03   0.41757509589E+02   6  -0.13350215E+02   0.13350215E+02   0.00000000E+00   0.00000000E+00   0.00000000E+00  -0.99999000E+99
  -0.12420481735E+03   0.41757580822E+02   6  -0.13585709E+02   0.13585709E+02   0.00000000E+00   0.00000000E+00   0.00000000E+00  -0.99999000E+99
  -0.12420487671E+03   0.41757652055E+02   6  -0.13585709E+02   0.13585709E+02   0.00000000E+00   0.00000000E+00   0.00000000E+00  -0.99999000E+99
  -0.12420493607E+03   0.41757723288E+02   6  -0.13585709E+02   0.13585709E+02   0.00000000E+00   0.00000000E+00   0.00000000E+00  -0.99999000E+99
  -0.12420499543E+03   0.41757794521E+02   6  -0.13873117E+02   0.13873117E+02   0.00000000E+00   0.00000000E+00   0.00000000E+00  -0.99999000E+99
  -0.12420505479E+03   0.41757865753E+02   6  -0.13873117E+02   0.13873117E+02   0.00000000E+00   0.00000000E+00   0.00000000E+00  -0.99999000E+99
  -0.12420511416E+03   0.41757936986E+02   6  -0.13873117E+02   0.13873117E+02   0.00000000E+00   0.00000000E+00   0.00000000E+00  -0.99999000E+99
  -0.12420517352E+03   0.41758008219E+02   6  -0.13873117E+02   0.13873117E+02   0.00000000E+00   0.00000000E+00   0.00000000E+00  -0.99999000E+99
  -0.12420523288E+03   0.41758079452E+02   6  -0.14068965E+02   0.14068965E+02   0.00000000E+00   0.00000000E+00   0.00000000E+00  -0.99999000E+99
  -0.12420529224E+03   0.41758150685E+02   6  -0.14282512E+02   0.14282512E+02   0.00000000E+00   0.00000000E+00   0.00000000E+00  -0.99999000E+99
  -0.12420535160E+03   0.41758221918E+02   6  -0.14282512E+02   0.14282512E+02   0.00000000E+00   0.00000000E+00   0.00000000E+00  -0.99999000E+99
  -0.12420541096E+03   0.41758293151E+02   6  -0.14282512E+02   0.14282512E+02   0.00000000E+00   0.00000000E+00   0.00000000E+00  -0.99999000E+99
  -0.12420547032E+03   0.41758364384E+02   6  -0.14282512E+02   0.14282512E+02   0.00000000E+00   0.00000000E+00   0.00000000E+00  -0.99999000E+99
  -0.12420552968E+03   0.41758435616E+02   6  -0.14282512E+02   0.14282512E+02   0.00000000E+00   0.00000000E+00   0.00000000E+00  -0.99999000E+99
  -0.12420558904E+03   0.41758506849E+02   6  -0.14447894E+02   0.14447894E+02   0.00000000E+00   0.00000000E+00   0.00000000E+00  -0.99999000E+99
  -0.12420564840E+03   0.41758578082E+02   6  -0.14544278E+02   0.14544278E+02   0.00000000E+00   0.00000000E+00   0.00000000E+00  -0.99999000E+99
  -0.12420570776E+03   0.41758649315E+02   6  -0.14544278E+02   0.14544278E+02   0.00000000E+00   0.00000000E+00   0.00000000E+00  -0.99999000E+99
  -0.12420576712E+03   0.41758720548E+02   6  -0.14544278E+02   0.14544278E+02   0.00000000E+00   0.00000000E+00   0.00000000E+00  -0.99999000E+99
  -0.12420582648E+03   0.41758791781E+02   6  -0.14544278E+02   0.14544278E+02   0.00000000E+00   0.00000000E+00   0.00000000E+00  -0.99999000E+99
  -0.12420588584E+03   0.41758863014E+02   6  -0.14544278E+02   0.14544278E+02   0.00000000E+00   0.00000000E+00   0.00000000E+00  -0.99999000E+99
  -0.12420594521E+03   0.41758934247E+02   6  -0.14848517E+02   0.14848517E+02   0.00000000E+00   0.00000000E+00   0.00000000E+00  -0.99999000E+99
  -0.12420600457E+03   0.41759005479E+02   6  -0.14848517E+02   0.14848517E+02   0.00000000E+00   0.00000000E+00   0.00000000E+00  -0.99999000E+99
  -0.12420606393E+03   0.41759076712E+02   6  -0.14848517E+02   0.14848517E+02   0.00000000E+00   0.00000000E+00   0.00000000E+00  -0.99999000E+99
  -0.12420612329E+03   0.41759147945E+02   6  -0.14848517E+02   0.14848517E+02   0.00000000E+00   0.00000000E+00   0.00000000E+00  -0.99999000E+99
  -0.12420618265E+03   0.41759219178E+02   6  -0.14848517E+02   0.14848517E+02   0.00000000E+00   0.00000000E+00   0.00000000E+00  -0.99999000E+99
  -0.12420624201E+03   0.41759290411E+02   6  -0.15074743E+02   0.15074743E+02   0.00000000E+00   0.00000000E+00   0.00000000E+00  -0.99999000E+99
  -0.12420630137E+03   0.41759361644E+02   6  -0.15207373E+02   0.15207373E+02   0.00000000E+00   0.00000000E+00   0.00000000E+00  -0.99999000E+99
  -0.12420636073E+03   0.41759432877E+02   6  -0.15207373E+02   0.15207373E+02   0.00000000E+00   0.00000000E+00   0.00000000E+00  -0.99999000E+99
  -0.12420642009E+03   0.41759504110E+02   6  -0.15207373E+02   0.15207373E+02   0.00000000E+00   0.00000000E+00   0.00000000E+00  -0.99999000E+99
  -0.12420647945E+03   0.41759575342E+02   6  -0.15207373E+02   0.15207373E+02   0.00000000E+00   0.00000000E+00   0.00000000E+00  -0.99999000E+99
  -0.12420653881E+03   0.41759646575E+02   6  -0.15487093E+02   0.15487093E+02   0.00000000E+00   0.00000000E+00   0.00000000E+00  -0.99999000E+99
  -0.12420659817E+03   0.41759717808E+02   6  -0.15487093E+02   0.15487093E+02   0.00000000E+00   0.00000000E+00   0.00000000E+00  -0.99999000E+99
  -0.12420665753E+03   0.41759789041E+02   6  -0.15487093E+02   0.15487093E+02   0.00000000E+00   0.00000000E+00   0.00000000E+00  -0.99999000E+99
  -0.12420671689E+03   0.41759860274E+02   6  -0.15594574E+02   0.15594574E+02   0.00000000E+00   0.00000000E+00   0.00000000E+00  -0.99999000E+99
  -0.12420677626E+03   0.41759931507E+02   6  -0.15594574E+02   0.15594574E+02   0.00000000E+00   0.00000000E+00   0.00000000E+00  -0.99999000E+99
  -0.12420683562E+03   0.41760002740E+02   6  -0.15738287E+02   0.15738287E+02   0.00000000E+00   0.00000000E+00   0.00000000E+00  -0.99999000E+99
  -0.12420689498E+03   0.41760073973E+02   6  -0.15738287E+02   0.15738287E+02   0.00000000E+00   0.00000000E+00   0.00000000E+00  -0.99999000E+99
  -0.12420695434E+03   0.41760145205E+02   6  -0.15738287E+02   0.15738287E+02   0.00000000E+00   0.00000000E+00   0.00000000E+00  -0.99999000E+99
  -0.12420701370E+03   0.41760216438E+02   6  -0.15738287E+02   0.15738287E+02   0.00000000E+00   0.00000000E+00   0.00000000E+00  -0.99999000E+99
  -0.12420707306E+03   0.41760287671E+02   6  -0.15797336E+02   0.15797336E+02   0.00000000E+00   0.00000000E+00   0.00000000E+00  -0.99999000E+99
  -0.12420713242E+03   0.41760358904E+02   6  -0.15797336E+02   0.15797336E+02   0.00000000E+00   0.00000000E+00   0.00000000E+00  -0.99999000E+99
  -0.12420719178E+03   0.41760430137E+02   6  -0.15861604E+02   0.15861604E+02   0.00000000E+00   0.00000000E+00   0.00000000E+00  -0.99999000E+99
  -0.12420725114E+03   0.41760501370E+02   6  -0.15861604E+02   0.15861604E+02   0.00000000E+00   0.00000000E+00   0.00000000E+00  -0.99999000E+99
  -0.12420731050E+03   0.41760572603E+02   6  -0.15861604E+02   0.15861604E+02   0.00000000E+00   0.00000000E+00   0.00000000E+00  -0.99999000E+99
  -0.12420736986E+03   0.41760643836E+02   6  -0.15861604E+02   0.15861604E+02   0.00000000E+00   0.00000000E+00   0.00000000E+00  -0.99999000E+99
  -0.12420742922E+03   0.41760715068E+02   6  -0.15930439E+02   0.15930439E+02   0.00000000E+00   0.00000000E+00   0.00000000E+00  -0.99999000E+99
  -0.12420748858E+03   0.41760786301E+02   6  -0.15914713E+02   0.15914713E+02   0.00000000E+00   0.00000000E+00   0.00000000E+00  -0.99999000E+99
  -0.12420754795E+03   0.41760857534E+02   6  -0.15914713E+02   0.15914713E+02   0.00000000E+00   0.00000000E+00   0.00000000E+00  -0.99999000E+99
  -0.12420760731E+03   0.41760928767E+02   6  -0.15914713E+02   0.15914713E+02   0.00000000E+00   0.00000000E+00   0.00000000E+00  -0.99999000E+99
  -0.12420766667E+03   0.41761000000E+02   6  -0.15914713E+02   0.15914713E+02   0.00000000E+00   0.00000000E+00   0.00000000E+00  -0.99999000E+99
  -0.12420772603E+03   0.41761071233E+02   6  -0.15914713E+02   0.15914713E+02   0.00000000E+00   0.00000000E+00   0.00000000E+00  -0.99999000E+99
  -0.12420778539E+03   0.41761142466E+02   6  -0.16002011E+02   0.16002011E+02   0.00000000E+00   0.00000000E+00   0.00000000E+00  -0.99999000E+99
  -0.12420784475E+03   0.41761213699E+02   6  -0.16002011E+02   0.16002011E+02   0.00000000E+00   0.00000000E+00   0.00000000E+00  -0.99999000E+99
  -0.12420790411E+03   0.41761284932E+02   6  -0.16002011E+02   0.16002011E+02   0.00000000E+00   0.00000000E+00   0.00000000E+00  -0.99999000E+99
  -0.12420796347E+03   0.41761356164E+02   6  -0.16002011E+02   0.16002011E+02   0.00000000E+00   0.00000000E+00   0.00000000E+00  -0.99999000E+99
  -0.12420802283E+03   0.41761427397E+02   6  -0.16002011E+02   0.16002011E+02   0.00000000E+00   0.00000000E+00   0.00000000E+00  -0.99999000E+99
  -0.12420808219E+03   0.41761498630E+02   6  -0.15839503E+02   0.15839503E+02   0.00000000E+00   0.00000000E+00   0.00000000E+00  -0.99999000E+99
  -0.12420814155E+03   0.41761569863E+02   6  -0.15839503E+02   0.15839503E+02   0.00000000E+00   0.00000000E+00   0.00000000E+00  -0.99999000E+99
  -0.12420820091E+03   0.41761641096E+02   6  -0.16012307E+02   0.16012307E+02   0.00000000E+00   0.00000000E+00   0.00000000E+00  -0.99999000E+99
  -0.12420826027E+03   0.41761712329E+02   6  -0.16012307E+02   0.16012307E+02   0.00000000E+00   0.00000000E+00   0.00000000E+00  -0.99999000E+99
  -0.12420831963E+03   0.41761783562E+02   6  -0.16012307E+02   0.16012307E+02   0.00000000E+00   0.00000000E+00   0.00000000E+00  -0.99999000E+99
  -0.12420837900E+03   0.41761854795E+02   6  -0.15768583E+02   0.15768583E+02   0.00000000E+00   0.00000000E+00   0.00000000E+00  -0.99999000E+99
  -0.12420843836E+03   0.41761926027E+02   6  -0.15768583E+02   0.15768583E+02   0.00000000E+00   0.00000000E+00   0.00000000E+00  -0.99999000E+99
  -0.12420849772E+03   0.41761997260E+02   6  -0.15768583E+02   0.15768583E+02   0.00000000E+00   0.00000000E+00   0.00000000E+00  -0.99999000E+99
  -0.12420855708E+03   0.41762068493E+02   6  -0.15963346E+02   0.15963346E+02   0.00000000E+00   0.00000000E+00   0.00000000E+00  -0.99999000E+99
  -0.12420861644E+03   0.41762139726E+02   6  -0.15963346E+02   0.15963346E+02   0.00000000E+00   0.00000000E+00   0.00000000E+00  -0.99999000E+99
  -0.12420867580E+03   0.41762210959E+02   6  -0.15963346E+02   0.15963346E+02   0.00000000E+00   0.00000000E+00   0.00000000E+00  -0.99999000E+99
  -0.12420873516E+03   0.41762282192E+02   6  -0.15783664E+02   0.15783664E+02   0.00000000E+00   0.00000000E+00   0.00000000E+00  -0.99999000E+99
  -0.12420879452E+03   0.41762353425E+02   6  -0.15783664E+02   0.15783664E+02   0.00000000E+00   0.00000000E+00   0.00000000E+00  -0.99999000E+99
  -0.12420885388E+03   0.41762424658E+02   6  -0.15783664E+02   0.15783664E+02   0.00000000E+00   0.00000000E+00   0.00000000E+00  -0.99999000E+99
  -0.12420891324E+03   0.41762495890E+02   6  -0.15905379E+02   0.15905379E+02   0.00000000E+00   0.00000000E+00   0.00000000E+00  -0.99999000E+99
  -0.12420897260E+03   0.41762567123E+02   6  -0.15905379E+02   0.15905379E+02   0.00000000E+00   0.00000000E+00   0.00000000E+00  -0.99999000E+99
  -0.12420903196E+03   0.41762638356E+02   6  -0.15967878E+02   0.15967878E+02   0.00000000E+00   0.00000000E+00   0.00000000E+00  -0.99999000E+99
  -0.12420909132E+03   0.41762709589E+02   6  -0.15967878E+02   0.15967878E+02   0.00000000E+00   0.00000000E+00   0.00000000E+00  -0.99999000E+99
  -0.12420915068E+03   0.41762780822E+02   6  -0.15967878E+02   0.15967878E+02   0.00000000E+00   0.00000000E+00   0.00000000E+00  -0.99999000E+99
  -0.12420921005E+03   0.41762852055E+02   6  -0.15967878E+02   0.15967878E+02   0.00000000E+00   0.00000000E+00   0.00000000E+00  -0.99999000E+99
  -0.12420926941E+03   0.41762923288E+02   6  -0.16012877E+02   0.16012877E+02   0.00000000E+00   0.00000000E+00   0.00000000E+00  -0.99999000E+99
  -0.12420932877E+03   0.41762994521E+02   6  -0.16145626E+02   0.16145626E+02   0.00000000E+00   0.00000000E+00   0.00000000E+00  -0.99999000E+99
  -0.12420938813E+03   0.41763065753E+02   6  -0.16145626E+02   0.16145626E+02   0.00000000E+00   0.00000000E+00   0.00000000E+00  -0.99999000E+99
  -0.12420944749E+03   0.41763136986E+02   6  -0.16145626E+02   0.16145626E+02   0.00000000E+00   0.00000000E+00   0.00000000E+00  -0.99999000E+99
  -0.12420950685E+03   0.41763208219E+02   6  -0.16145626E+02   0.16145626E+02   0.00000000E+00   0.00000000E+00   0.00000000E+00  -0.99999000E+99
  -0.12420956621E+03   0.41763279452E+02   6  -0.16145626E+02   0.16145626E+02   0.00000000E+00   0.00000000E+00   0.00000000E+00  -0.99999000E+99
  -0.12420962557E+03   0.41763350685E+02   6  -0.16192926E+02   0.16192926E+02   0.00000000E+00   0.00000000E+00   0.00000000E+00  -0.99999000E+99
  -0.12420968493E+03   0.41763421918E+02   6  -0.16012035E+02   0.16012035E+02   0.00000000E+00   0.00000000E+00   0.00000000E+00  -0.99999000E+99
  -0.12420974429E+03   0.41763493151E+02   6  -0.16012035E+02   0.16012035E+02   0.00000000E+00   0.00000000E+00   0.00000000E+00  -0.99999000E+99
  -0.12420980365E+03   0.41763564384E+02   6  -0.16012035E+02   0.16012035E+02   0.00000000E+00   0.00000000E+00   0.00000000E+00  -0.99999000E+99
  -0.12420986301E+03   0.41763635616E+02   6  -0.16012035E+02   0.16012035E+02   0.00000000E+00   0.00000000E+00   0.00000000E+00  -0.99999000E+99
  -0.12420992237E+03   0.41763706849E+02   6  -0.15937805E+02   0.15937805E+02   0.00000000E+00   0.00000000E+00   0.00000000E+00  -0.99999000E+99
  -0.12420998174E+03   0.41763778082E+02   6  -0.15937805E+02   0.15937805E+02   0.00000000E+00   0.00000000E+00   0.00000000E+00  -0.99999000E+99
  -0.12421004110E+03   0.41763849315E+02   6  -0.15725016E+02   0.15725016E+02   0.00000000E+00   0.00000000E+00   0.00000000E+00  -0.99999000E+99
  -0.12421010046E+03   0.41763920548E+02   6  -0.15725016E+02   0.15725016E+02   0.00000000E+00   0.00000000E+00   0.00000000E+00  -0.99999000E+99
  -0.12421015982E+03   0.41763991781E+02   6  -0.15725016E+02   0.15725016E+02   0.00000000E+00   0.00000000E+00   0.00000000E+00  -0.99999000E+99
  -0.12421021918E+03   0.41764063014E+02   6  -0.15725016E+02   0.15725016E+02   0.00000000E+00   0.00000000E+00   0.00000000E+00  -0.99999000E+99
  -0.12421027854E+03   0.41764134247E+02   6  -0.15794555E+02   0.15794555E+02   0.00000000E+00   0.00000000E+00   0.00000000E+00  -0.99999000E+99
  -0.12421033790E+03   0.41764205479E+02   6  -0.15794555E+02   0.15794555E+02   0.00000000E+00   0.00000000E+00   0.00000000E+00  -0.99999000E+99
  -0.12421039726E+03   0.41764276712E+02   6  -0.15551661E+02   0.15551661E+02   0.00000000E+00   0.00000000E+00   0.00000000E+00  -0.99999000E+99
  -0.12421045662E+03   0.41764347945E+02   6  -0.15551661E+02   0.15551661E+02   0.00000000E+00   0.00000000E+00   0.00000000E+00  -0.99999000E+99
  -0.12421051598E+03   0.41764419178E+02   6  -0.15551661E+02   0.15551661E+02   0.00000000E+00   0.00000000E+00   0.00000000E+00  -0.99999000E+99
  -0.12421057534E+03   0.41764490411E+02   6  -0.15652283E+02   0.15652283E+02   0.00000000E+00   0.00000000E+00   0.00000000E+00  -0.99999000E+99
  -0.12421063470E+03   0.41764561644E+02   6  -0.15652283E+02   0.15652283E+02   0.00000000E+00   0.00000000E+00   0.00000000E+00  -0.99999000E+99
  -0.12421069406E+03   0.41764632877E+02   6  -0.15652283E+02   0.15652283E+02   0.00000000E+00   0.00000000E+00   0.00000000E+00  -0.99999000E+99
  -0.12421075342E+03   0.41764704110E+02   6  -0.15438822E+02   0.15438822E+02   0.00000000E+00   0.00000000E+00   0.00000000E+00  -0.99999000E+99
  -0.12421081279E+03   0.41764775342E+02   6  -0.15438822E+02   0.15438822E+02   0.00000000E+00   0.00000000E+00   0.00000000E+00  -0.99999000E+99
  -0.12421087215E+03   0.41764846575E+02   6  -0.15665665E+02   0.15665665E+02   0.00000000E+00   0.00000000E+00   0.00000000E+00  -0.99999000E+99
  -0.12421093151E+03   0.41764917808E+02   6  -0.15665665E+02   0.15665665E+02   0.00000000E+00   0.00000000E+00   0.00000000E+00  -0.99999000E+99
  -0.12421099087E+03   0.41764989041E+02   6  -0.15665665E+02   0.15665665E+02   0.00000000E+00   0.00000000E+00   0.00000000E+00  -0.99999000E+99
  -0.12421105023E+03   0.41765060274E+02   6  -0.15665665E+02   0.15665665E+02   0.00000000E+00   0.00000000E+00   0.00000000E+00  -0.99999000E+99
  -0.12421110959E+03   0.41765131507E+02   6  -0.15665665E+02   0.15665665E+02   0.00000000E+00   0.00000000E+00   0.00000000E+00  -0.99999000E+99
  -0.12421116895E+03   0.41765202740E+02   6  -0.15759313E+02   0.15759313E+02   0.00000000E+00   0.00000000E+00   0.00000000E+00  -0.99999000E+99
  -0.12421122831E+03   0.41765273973E+02   6  -0.15759313E+02   0.15759313E+02   0.00000000E+00   0.00000000E+00   0.00000000E+00  -0.99999000E+99
  -0.12421128767E+03   0.41765345205E+02   6  -0.15759313E+02   0.15759313E+02   0.00000000E+00   0.00000000E+00   0.00000000E+00  -0.99999000E+99
  -0.12421134703E+03   0.41765416438E+02   6  -0.15759313E+02   0.15759313E+02   0.00000000E+00   0.00000000E+00   0.00000000E+00  -0.99999000E+99
  -0.12421140639E+03   0.41765487671E+02   6  -0.15759313E+02   0.15759313E+02   0.00000000E+00   0.00000000E+00   0.00000000E+00  -0.99999000E+99
  -0.12421146575E+03   0.41765558904E+02   6  -0.16063535E+02   0.16063535E+02   0.00000000E+00   0.00000000E+00   0.00000000E+00  -0.99999000E+99
  -0.12421152511E+03   0.41765630137E+02   6  -0.15879190E+02   0.15879190E+02   0.00000000E+00   0.00000000E+00   0.00000000E+00  -0.99999000E+99
  -0.12421158447E+03   0.41765701370E+02   6  -0.15879190E+02   0.15879190E+02   0.00000000E+00   0.00000000E+00   0.00000000E+00  -0.99999000E+99
  -0.12421164384E+03   0.41765772603E+02   6  -0.15879190E+02   0.15879190E+02   0.00000000E+00   0.00000000E+00   0.00000000E+00  -0.99999000E+99
  -0.12421170320E+03   0.41765843836E+02   6  -0.15879190E+02   0.15879190E+02   0.00000000E+00   0.00000000E+00   0.00000000E+00  -0.99999000E+99
  -0.12421176256E+03   0.41765915068E+02   6  -0.15879190E+02   0.15879190E+02   0.00000000E+00   0.00000000E+00   0.00000000E+00  -0.99999000E+99
  -0.12421182192E+03   0.41765986301E+02   6  -0.16148088E+02   0.16148088E+02   0.00000000E+00   0.00000000E+00   0.00000000E+00  -0.99999000E+99
  -0.12421188128E+03   0.41766057534E+02   6  -0.15912543E+02   0.15912543E+02   0.00000000E+00   0.00000000E+00   0.00000000E+00  -0.99999000E+99
  -0.12421194064E+03   0.41766128767E+02   6  -0.15912543E+02   0.15912543E+02   0.00000000E+00   0.00000000E+00   0.00000000E+00  -0.99999000E+99
  -0.12421200000E+03   0.41766200000E+02   6  -0.15912543E+02   0.15912543E+02   0.00000000E+00   0.00000000E+00   0.00000000E+00  -0.99999000E+99
