  -0.12417900000E+03   0.41735000000E+02   6   0.98787627E+01   0.00000000E+00   0.00000000E+00   0.00000000E+00   0.00000000E+00  -0.99999000E+99
  -0.12417905936E+03   0.41735071233E+02   6   0.98787627E+01   0.00000000E+00   0.00000000E+00   0.00000000E+00   0.00000000E+00  -0.99999000E+99
  -0.12417911872E+03   0.41735142466E+02   6   0.98787627E+01   0.00000000E+00   0.00000000E+00   0.00000000E+00   0.00000000E+00  -0.99999000E+99
  -0.12417917808E+03   0.41735213699E+02   6   0.96368710E+01   0.00000000E+00   0.00000000E+00   0.00000000E+00   0.00000000E+00  -0.99999000E+99
  -0.12417923744E+03   0.41735284932E+02   6   0.96368710E+01   0.00000000E+00   0.00000000E+00   0.00000000E+00   0.00000000E+00  -0.99999000E+99
  -0.12417929680E+03   0.41735356164E+02   6   0.97171990E+01   0.00000000E+00   0.00000000E+00   0.00000000E+00   0.00000000E+00  -0.99999000E+99
  -0.12417935616E+03   0.41735427397E+02   6   0.97171990E+01   0.00000000E+00   0.00000000E+00   0.00000000E+00   0.00000000E+00  -0.99999000E+99
  -0.12417941553E+03   0.41735498630E+02   6   0.97171990E+01   0.00000000E+00   0.00000000E+00   0.00000000E+00   0.00000000E+00  -0.99999000E+99
  -0.12417947489E+03   0.41735569863E+02   6   0.94858812E+01   0.00000000E+00   0.00000000E+00   0.00000000E+00   0.00000000E+00  -0.99999000E+99
  -0.12417953425E+03   0.41735641096E+02   6   0.94858812E+01   0.00000000E+00   0.00000000E+00   0.00000000E+00   0.00000000E+00  -0.99999000E+99
  -0.12417959361E+03   0.41735712329E+02   6   0.94858812E+01   0.00000000E+00   0.00000000E+00   0.00000000E+00   0.00000000E+00  -0.99999000E+99
  -0.12417965297E+03   0.41735783562E+02   6   0.96779410E+01   0.00000000E+00   0.00000000E+00   0.00000000E+00   0.00000000E+00  -0.99999000E+99
  -0.12417971233E+03   0.41735854795E+02   6   0.96779410E+01   0.00000000E+00   0.00000000E+00   0.00000000E+00   0.00000000E+00  -0.99999000E+99
  -0.12417977169E+03   0.41735926027E+02   6   0.95047823E+01   0.00000000E+00   0.00000000E+00   0.00000000E+00   0.00000000E+00  -0.99999000E+99
  -0.12417983105E+03   0.41735997260E+02   6   0.95047823E+01   0.00000000E+00   0.00000000E+00   0.00000000E+00   0.00000000E+00  -0.99999000E+99
  -0.12417989041E+03   0.41736068493E+02   6   0.95047823E+01   0.00000000E+00   0.00000000E+00   0.00000000E+00   0.00000000E+00  -0.99999000E+99
  -0.12417994977E+03   0.41736139726E+02   6   0.95047823E+01   0.00000000E+00   0.00000000E+00   0.00000000E+00   0.00000000E+00  -0.99999000E+99
  -0.12418000913E+03   0.41736210959E+02   6   0.98324506E+01   0.00000000E+00   0.00000000E+00   0.00000000E+00   0.00000000E+00  -0.99999000E+99
  -0.12418006849E+03   0.41736282192E+02   6   0.98324506E+01   0.00000000E+00   0.00000000E+00   0.00000000E+00   0.00000000E+00  -0.99999000E+99
  -0.12418012785E+03   0.41736353425E+02   6   0.95977792E+01   0.00000000E+00   0.00000000E+00   0.00000000E+00   0.00000000E+00  -0.99999000E+99
  -0.12418018721E+03   0.41736424658E+02   6   0.95977792E+01   0.00000000E+00   0.00000000E+00   0.00000000E+00   0.00000000E+00  -0.99999000E+99
  -0.12418024658E+03   0.41736495890E+02   6   0.95977792E+01   0.00000000E+00   0.00000000E+00   0.00000000E+00   0.00000000E+00  -0.99999000E+99
  -0.12418030594E+03   0.41736567123E+02   6   0.95977792E+01   0.00000000E+00   0.00000000E+00   0.00000000E+00   0.00000000E+00  -0.99999000E+99
  -0.12418036530E+03   0.41736638356E+02   6   0.95977792E+01   0.00000000E+00   0.00000000E+00   0.00000000E+00   0.00000000E+00  -0.99999000E+99
  -0.12418042466E+03   0.41736709589E+02   6   0.95988621E+01   0.00000000E+00   0.00000000E+00   0.00000000E+00   0.00000000E+00  -0.99999000E+99
  -0.12418048402E+03   0.41736780822E+02   6   0.95988621E+01   0.00000000E+00   0.00000000E+00   0.00000000E+00   0.00000000E+00  -0.99999000E+99
  -0.12418054338E+03   0.41736852055E+02   6   0.95988621E+01   0.00000000E+00   0.00000000E+00   0.00000000E+00   0.00000000E+00  -0.99999000E+99
  -0.12418060274E+03   0.41736923288E+02   6   0.95988621E+01   0.00000000E+00   0.00000000E+00   0.00000000E+00   0.00000000E+00  -0.99999000E+99
  -0.12418066210E+03   0.41736994521E+02   6   0.95988621E+01   0.00000000E+00   0.00000000E+00   0.00000000E+00   0.00000000E+00  -0.99999000E+99
  -0.12418072146E+03   0.41737065753E+02   6   0.93793815E+01   0.00000000E+00   0.00000000E+00   0.00000000E+00   0.00000000E+00  -0.99999000E+99
  -0.12418078082E+03   0.41737136986E+02   6   0.93973995E+01   0.00000000E+00   0.00000000E+00   0.00000000E+00   0.00000000E+00  -0.99999000E+99
  -0.12418084018E+03   0.41737208219E+02   6   0.93973995E+01   0.00000000E+00   0.00000000E+00   0.00000000E+00   0.00000000E+00  -0.99999000E+99
  -0.12418089954E+03   0.41737279452E+02   6   0.93973995E+01   0.00000000E+00   0.00000000E+00   0.00000000E+00   0.00000000E+00  -0.99999000E+99
  -0.12418095890E+03   0.41737350685E+02   6   0.93973995E+01   0.00000000E+00   0.00000000E+00   0.00000000E+00   0.00000000E+00  -0.99999000E+99
  -0.12418101826E+03   0.41737421918E+02   6   0.86960085E+01   0.00000000E+00   0.00000000E+00   0.00000000E+00   0.00000000E+00  -0.99999000E+99
  -0.12418107763E+03   0.41737493151E+02   6   0.86960085E+01   0.00000000E+00   0.00000000E+00   0.00000000E+00   0.00000000E+00  -0.99999000E+99
  -0.12418113699E+03   0.41737564384E+02   6   0.86461754E+01   0.00000000E+00   0.00000000E+00   0.00000000E+00   0.00000000E+00  -0.99999000E+99
  -0.12418119635E+03   0.41737635616E+02   6   0.86461754E+01   0.00000000E+00   0.00000000E+00   0.00000000E+00   0.00000000E+00  -0.99999000E+99
  -0.12418125571E+03   0.41737706849E+02   6   0.86461754E+01   0.00000000E+00   0.00000000E+00   0.00000000E+00   0.00000000E+00  -0.99999000E+99
  -0.12418131507E+03   0.41737778082E+02   6   0.78142995E+01   0.00000000E+00   0.00000000E+00   0.00000000E+00   0.00000000E+00  -0.99999000E+99
  -0.12418137443E+03   0.41737849315E+02   6   0.78142995E+01   0.00000000E+00   0.00000000E+00   0.00000000E+00   0.00000000E+00  -0.99999000E+99
  -0.12418143379E+03   0.41737920548E+02   6   0.78142995E+01   0.00000000E+00   0.00000000E+00   0.00000000E+00   0.00000000E+00  -0.99999000E+99
  -0.12418149315E+03   0.41737991781E+02   6   0.84392919E+01   0.00000000E+00   0.00000000E+00   0.00000000E+00   0.00000000E+00  -0.99999000E+99
  -0.12418155251E+03   0.41738063014E+02   6   0.84392919E+01   0.00000000E+00   0.00000000E+00   0.00000000E+00   0.00000000E+00  -0.99999000E+99
  -0.12418161187E+03   0.41738134247E+02   6   0.84392919E+01   0.00000000E+00   0.00000000E+00   0.00000000E+00   0.00000000E+00  -0.99999000E+99
  -0.12418167123E+03   0.41738205479E+02   6   0.75597806E+01   0.00000000E+00   0.00000000E+00   0.00000000E+00   0.00000000E+00  -0.99999000E+99
  -0.12418173059E+03   0.41738276712E+02   6   0.75597806E+01   0.00000000E+00   0.00000000E+00   0.00000000E+00   0.00000000E+00  -0.99999000E+99
  -0.12418178995E+03   0.41738347945E+02   6   0.75597806E+01   0.00000000E+00   0.00000000E+00   0.00000000E+00   0.00000000E+00  -0.99999000E+99
  -0.12418184932E+03   0.41738419178E+02   6   0.75597806E+01   0.00000000E+00   0.00000000E+00   0.00000000E+00   0.00000000E+00  -0.99999000E+99
  -0.12418190868E+03   0.41738490411E+02   6   0.79716751E+01   0.00000000E+00   0.00000000E+00   0.00000000E+00   0.00000000E+00  -0.99999000E+99
  -0.12418196804E+03   0.41738561644E+02   6   0.66806616E+01   0.00000000E+00   0.00000000E+00   0.00000000E+00   0.00000000E+00  -0.99999000E+99
  -0.12418202740E+03   0.41738632877E+02   6   0.66806616E+01   0.00000000E+00   0.00000000E+00   0.00000000E+00   0.00000000E+00  -0.99999000E+99
  -0.12418208676E+03   0.41738704110E+02   6   0.66806616E+01   0.00000000E+00   0.00000000E+00   0.00000000E+00   0.00000000E+00  -0.99999000E+99
  -0.12418214612E+03   0.41738775342E+02   6   0.66806616E+01   0.00000000E+00   0.00000000E+00   0.00000000E+00   0.00000000E+00  -0.99999000E+99
  -0.12418220548E+03   0.41738846575E+02   6   0.66806616E+01   0.00000000E+00   0.00000000E+00   0.00000000E+00   0.00000000E+00  -0.99999000E+99
  -0.12418226484E+03   0.41738917808E+02   6   0.46231516E+01   0.00000000E+00   0.00000000E+00   0.00000000E+00   0.00000000E+00  -0.99999000E+99
  -0.12418232420E+03   0.41738989041E+02   6   0.46231516E+01   0.00000000E+00   0.00000000E+00   0.00000000E+00   0.00000000E+00  -0.99999000E+99
  -0.12418238356E+03   0.41739060274E+02   6   0.46231516E+01   0.00000000E+00   0.00000000E+00   0.00000000E+00   0.00000000E+00  -0.99999000E+99
  -0.12418244292E+03   0.41739131507E+02   6   0.46231516E+01   0.00000000E+00   0.00000000E+00   0.00000000E+00   0.00000000E+00  -0.99999000E+99
  -0.12418250228E+03   0.41739202740E+02   6   0.46231516E+01   0.00000000E+00   0.00000000E+00   0.00000000E+00   0.00000000E+00  -0.99999000E+99
  -0.12418256164E+03   0.41739273973E+02   6   0.35820847E+01   0.00000000E+00   0.00000000E+00   0.00000000E+00   0.00000000E+00  -0.99999000E+99
  -0.12418262100E+03   0.41739345205E+02   6   0.35960525E+01   0.00000000E+00   0.00000000E+00   0.00000000E+00   0.00000000E+00  -0.99999000E+99
  -0.12418268037E+03   0.41739416438E+02   6   0.35960525E+01   0.00000000E+00   0.00000000E+00   0.00000000E+00   0.00000000E+00  -0.99999000E+99
  -0.12418273973E+03   0.41739487671E+02   6   0.35960525E+01   0.00000000E+00   0.00000000E+00   0.00000000E+00   0.00000000E+00  -0.99999000E+99
  -0.12418279909E+03   0.41739558904E+02   6   0.35960525E+01   0.00000000E+00   0.00000000E+00   0.00000000E+00   0.00000000E+00  -0.99999000E+99
  -0.12418285845E+03   0.41739630137E+02   6   0.27104669E+01   0.00000000E+00   0.00000000E+00   0.00000000E+00   0.00000000E+00  -0.99999000E+99
  -0.12418291781E+03   0.41739701370E+02   6   0.27104669E+01   0.00000000E+00   0.00000000E+00   0.00000000E+00   0.00000000E+00  -0.99999000E+99
  -0.12418297717E+03   0.41739772603E+02   6   0.21033624E+01   0.00000000E+00   0.00000000E+00   0.00000000E+00   0.00000000E+00  -0.99999000E+99
  -0.12418303653E+03   0.41739843836E+02   6   0.21033624E+01   0.00000000E+00   0.00000000E+00   0.00000000E+00   0.00000000E+00  -0.99999000E+99
  -0.12418309589E+03   0.41739915068E+02   6   0.21033624E+01   0.00000000E+00   0.00000000E+00   0.00000000E+00   0.00000000E+00  -0.99999000E+99
  -0.12418315525E+03   0.41739986301E+02   6   0.21033624E+01   0.00000000E+00   0.00000000E+00   0.00000000E+00   0.00000000E+00  -0.99999000E+99
  -0.12418321461E+03   0.41740057534E+02   6   0.49367089E+00   0.00000000E+00   0.00000000E+00   0.00000000E+00   0.00000000E+00  -0.99999000E+99
  -0.12418327397E+03   0.41740128767E+02   6   0.49367089E+00   0.00000000E+00   0.00000000E+00   0.00000000E+00   0.00000000E+00  -0.99999000E+99
  -0.12418333333E+03   0.41740200000E+02   6  -0.17560291E+01   0.17560291E+01   0.00000000E+00   0.00000000E+00   0.00000000E+00  -0.99999000E+99
  -0.12418339269E+03   0.41740271233E+02   6  -0.17560291E+01   0.17560291E+01   0.00000000E+00   0.00000000E+00   0.00000000E+00  -0.99999000E+99
  -0.12418345205E+03   0.41740342466E+02   6  -0.17560291E+01   0.17560291E+01   0.00000000E+00   0.00000000E+00   0.00000000E+00  -0.99999000E+99
  -0.12418351142E+03   0.41740413699E+02   6  -0.17521589E+01   0.17521589E+01   0.00000000E+00   0.00000000E+00   0.00000000E+00  -0.99999000E+99
  -0.12418357078E+03   0.41740484932E+02   6  -0.17521589E+01   0.17521589E+01   0.00000000E+00   0.00000000E+00   0.00000000E+00  -0.99999000E+99
  -0.12418363014E+03   0.41740556164E+02   6  -0.17521589E+01   0.17521589E+01   0.00000000E+00   0.00000000E+00   0.00000000E+00  -0.99999000E+99
  -0.12418368950E+03   0.41740627397E+02   6  -0.17521589E+01   0.17521589E+01   0.00000000E+00   0.00000000E+00   0.00000000E+00  -0.99999000E+99
  -0.12418374886E+03   0.41740698630E+02   6  -0.26489581E+01   0.26489581E+01   0.00000000E+00   0.00000000E+00   0.00000000E+00  -0.99999000E+99
  -0.12418380822E+03   0.41740769863E+02   6  -0.96879649E+00   0.96879649E+00   0.00000000E+00   0.00000000E+00   0.00000000E+00  -0.99999000E+99
  -0.12418386758E+03   0.41740841096E+02   6  -0.96879649E+00   0.96879649E+00   0.00000000E+00   0.00000000E+00   0.00000000E+00  -0.99999000E+99
  -0.12418392694E+03   0.41740912329E+02   6  -0.96879649E+00   0.96879649E+00   0.00000000E+00   0.00000000E+00   0.00000000E+00  -0.99999000E+99
  -0.12418398630E+03   0.41740983562E+02   6  -0.96879649E+00   0.96879649E+00   0.00000000E+00   0.00000000E+00   0.00000000E+00  -0.99999000E+99
  -0.12418404566E+03   0.41741054795E+02   6  -0.96879649E+00   0.96879649E+00   0.00000000E+00   0.00000000E+00   0.00000000E+00  -0.99999000E+99
  -0.12418410502E+03   0.41741126027E+02   6  -0.18232563E+00   0.18232563E+00   0.00000000E+00   0.00000000E+00   0.00000000E+00  -0.99999000E+99
  -0.12418416438E+03   0.41741197260E+02   6  -0.18232563E+00   0.18232563E+00   0.00000000E+00   0.00000000E+00   0.00000000E+00  -0.99999000E+99
  -0.12418422374E+03   0.41741268493E+02   6  -0.18232563E+00   0.18232563E+00   0.00000000E+00   0.00000000E+00   0.00000000E+00  -0.99999000E+99
  -0.12418428311E+03   0.41741339726E+02   6  -0.18232563E+00   0.18232563E+00   0.00000000E+00   0.00000000E+00   0.00000000E+00  -0.99999000E+99
  -0.12418434247E+03   0.41741410959E+02   6  -0.18232563E+00   0.18232563E+00   0.00000000E+00   0.00000000E+00   0.00000000E+00  -0.99999000E+99
  -0.12418440183E+03   0.41741482192E+02   6   0.35036947E+01   0.00000000E+00   0.00000000E+00   0.00000000E+00   0.00000000E+00  -0.99999000E+99
  -0.12418446119E+03   0.41741553425E+02   6   0.16187646E+01   0.00000000E+00   0.00000000E+00   0.00000000E+00   0.00000000E+00  -0.99999000E+99
  -0.12418452055E+03   0.41741624658E+02   6   0.16187646E+01   0.00000000E+00   0.00000000E+00   0.00000000E+00   0.00000000E+00  -0.99999000E+99
  -0.12418457991E+03   0.41741695890E+02   6   0.16187646E+01   0.00000000E+00   0.00000000E+00   0.00000000E+00   0.00000000E+00  -0.99999000E+99
  -0.12418463927E+03   0.41741767123E+02   6   0.16187646E+01   0.00000000E+00   0.00000000E+00   0.00000000E+00   0.00000000E+00  -0.99999000E+99
  -0.12418469863E+03   0.41741838356E+02   6   0.16187646E+01   0.00000000E+00   0.00000000E+00   0.00000000E+00   0.00000000E+00  -0.99999000E+99
  -0.12418475799E+03   0.41741909589E+02   6   0.50914878E+01   0.00000000E+00   0.00000000E+00   0.00000000E+00   0.00000000E+00  -0.99999000E+99
  -0.12418481735E+03   0.41741980822E+02   6   0.52301879E+01   0.00000000E+00   0.00000000E+00   0.00000000E+00   0.00000000E+00  -0.99999000E+99
  -0.12418487671E+03   0.41742052055E+02   6   0.52301879E+01   0.00000000E+00   0.00000000E+00   0.00000000E+00   0.00000000E+00  -0.99999000E+99
  -0.12418493607E+03   0.41742123288E+02   6   0.52301879E+01   0.00000000E+00   0.00000000E+00   0.00000000E+00   0.00000000E+00  -0.99999000E+99
  -0.12418499543E+03   0.41742194521E+02   6   0.52301879E+01   0.00000000E+00   0.00000000E+00   0.00000000E+00   0.00000000E+00  -0.99999000E+99
  -0.12418505479E+03   0.41742265753E+02   6   0.54955774E+01   0.00000000E+00   0.00000000E+00   0.00000000E+00   0.00000000E+00  -0.99999000E+99
  -0.12418511416E+03   0.41742336986E+02   6   0.54955774E+01   0.00000000E+00   0.00000000E+00   0.00000000E+00   0.00000000E+00  -0.99999000E+99
  -0.12418517352E+03   0.41742408219E+02   6   0.54955774E+01   0.00000000E+00   0.00000000E+00   0.00000000E+00   0.00000000E+00  -0.99999000E+99
  -0.12418523288E+03   0.41742479452E+02   6   0.58623766E+01   0.00000000E+00   0.00000000E+00   0.00000000E+00   0.00000000E+00  -0.99999000E+99
  -0.12418529224E+03   0.41742550685E+02   6   0.58623766E+01   0.00000000E+00   0.00000000E+00   0.00000000E+00   0.00000000E+00  -0.99999000E+99
  -0.12418535160E+03   0.41742621918E+02   6   0.62479704E+01   0.00000000E+00   0.00000000E+00   0.00000000E+00   0.00000000E+00  -0.99999000E+99
  -0.12418541096E+03   0.41742693151E+02   6   0.62479704E+01   0.00000000E+00   0.00000000E+00   0.00000000E+00   0.00000000E+00  -0.99999000E+99
  -0.12418547032E+03   0.41742764384E+02   6   0.62479704E+01   0.00000000E+00   0.00000000E+00   0.00000000E+00   0.00000000E+00  -0.99999000E+99
  -0.12418552968E+03   0.41742835616E+02   6   0.62479704E+01   0.00000000E+00   0.00000000E+00   0.00000000E+00   0.00000000E+00  -0.99999000E+99
  -0.12418558904E+03   0.41742906849E+02   6   0.60110593E+01   0.00000000E+00   0.00000000E+00   0.00000000E+00   0.00000000E+00  -0.99999000E+99
  -0.12418564840E+03   0.41742978082E+02   6   0.60615124E+01   0.00000000E+00   0.00000000E+00   0.00000000E+00   0.00000000E+00  -0.99999000E+99
  -0.12418570776E+03   0.41743049315E+02   6   0.60615124E+01   0.00000000E+00   0.00000000E+00   0.00000000E+00   0.00000000E+00  -0.99999000E+99
  -0.12418576712E+03   0.41743120548E+02   6   0.60615124E+01   0.00000000E+00   0.00000000E+00   0.00000000E+00   0.00000000E+00  -0.99999000E+99
  -0.12418582648E+03   0.41743191781E+02   6   0.60615124E+01   0.00000000E+00   0.00000000E+00   0.00000000E+00   0.00000000E+00  -0.99999000E+99
  -0.12418588584E+03   0.41743263014E+02   6   0.60615124E+01   0.00000000E+00   0.00000000E+00   0.00000000E+00   0.00000000E+00  -0.99999000E+99
  -0.12418594521E+03   0.41743334247E+02   6   0.56075565E+01   0.00000000E+00   0.00000000E+00   0.00000000E+00   0.00000000E+00  -0.99999000E+99
  -0.12418600457E+03   0.41743405479E+02   6   0.56075565E+01   0.00000000E+00   0.00000000E+00   0.00000000E+00   0.00000000E+00  -0.99999000E+99
  -0.12418606393E+03   0.41743476712E+02   6   0.56075565E+01   0.00000000E+00   0.00000000E+00   0.00000000E+00   0.00000000E+00  -0.99999000E+99
  -0.12418612329E+03   0.41743547945E+02   6   0.56075565E+01   0.00000000E+00   0.00000000E+00   0.00000000E+00   0.00000000E+00  -0.99999000E+99
  -0.12418618265E+03   0.41743619178E+02   6   0.56075565E+01   0.00000000E+00   0.00000000E+00   0.00000000E+00   0.00000000E+00  -0.99999000E+99
  -0.12418624201E+03   0.41743690411E+02   6   0.56075565E+01   0.00000000E+00   0.00000000E+00   0.00000000E+00   0.00000000E+00  -0.99999000E+99
  -0.12418630137E+03   0.41743761644E+02   6   0.53393187E+01   0.00000000E+00   0.00000000E+00   0.00000000E+00   0.00000000E+00  -0.99999000E+99
  -0.12418636073E+03   0.41743832877E+02   6   0.53393187E+01   0.00000000E+00   0.00000000E+00   0.00000000E+00   0.00000000E+00  -0.99999000E+99
  -0.12418642009E+03   0.41743904110E+02   6   0.53393187E+01   0.00000000E+00   0.00000000E+00   0.00000000E+00   0.00000000E+00  -0.99999000E+99
  -0.12418647945E+03   0.41743975342E+02   6   0.53393187E+01   0.00000000E+00   0.00000000E+00   0.00000000E+00   0.00000000E+00  -0.99999000E+99
  -0.12418653881E+03   0.41744046575E+02   6   0.53393187E+01   0.00000000E+00   0.00000000E+00   0.00000000E+00   0.00000000E+00  -0.99999000E+99
  -0.12418659817E+03   0.41744117808E+02   6   0.55864300E+01   0.00000000E+00   0.00000000E+00   0.00000000E+00   0.00000000E+00  -0.99999000E+99
  -0.12418665753E+03   0.41744189041E+02   6   0.55864300E+01   0.00000000E+00   0.00000000E+00   0.00000000E+00   0.00000000E+00  -0.99999000E+99
  -0.12418671689E+03   0.41744260274E+02   6   0.52816688E+01   0.00000000E+00   0.00000000E+00   0.00000000E+00   0.00000000E+00  -0.99999000E+99
  -0.12418677626E+03   0.41744331507E+02   6   0.52816688E+01   0.00000000E+00   0.00000000E+00   0.00000000E+00   0.00000000E+00  -0.99999000E+99
  -0.12418683562E+03   0.41744402740E+02   6   0.52816688E+01   0.00000000E+00   0.00000000E+00   0.00000000E+00   0.00000000E+00  -0.99999000E+99
  -0.12418689498E+03   0.41744473973E+02   6   0.57048658E+01   0.00000000E+00   0.00000000E+00   0.00000000E+00   0.00000000E+00  -0.99999000E+99
  -0.12418695434E+03   0.41744545205E+02   6   0.57048658E+01   0.00000000E+00   0.00000000E+00   0.00000000E+00   0.00000000E+00  -0.99999000E+99
  -0.12418701370E+03   0.41744616438E+02   6   0.57048658E+01   0.00000000E+00   0.00000000E+00   0.00000000E+00   0.00000000E+00  -0.99999000E+99
  -0.12418707306E+03   0.41744687671E+02   6   0.56561392E+01   0.00000000E+00   0.00000000E+00   0.00000000E+00   0.00000000E+00  -0.99999000E+99
  -0.12418713242E+03   0.41744758904E+02   6   0.56561392E+01   0.00000000E+00   0.00000000E+00   0.00000000E+00   0.00000000E+00  -0.99999000E+99
  -0.12418719178E+03   0.41744830137E+02   6   0.54161569E+01   0.00000000E+00   0.00000000E+00   0.00000000E+00   0.00000000E+00  -0.99999000E+99
  -0.12418725114E+03   0.41744901370E+02   6   0.54161569E+01   0.00000000E+00   0.00000000E+00   0.00000000E+00   0.00000000E+00  -0.99999000E+99
  -0.12418731050E+03   0.41744972603E+02   6   0.54161569E+01   0.00000000E+00   0.00000000E+00   0.00000000E+00   0.00000000E+00  -0.99999000E+99
  -0.12418736986E+03   0.41745043836E+02   6   0.54161569E+01   0.00000000E+00   0.00000000E+00   0.00000000E+00   0.00000000E+00  -0.99999000E+99
  -0.12418742922E+03   0.41745115068E+02   6   0.54759203E+01   0.00000000E+00   0.00000000E+00   0.00000000E+00   0.00000000E+00  -0.99999000E+99
  -0.12418748858E+03   0.41745186301E+02   6   0.51257303E+01   0.00000000E+00   0.00000000E+00   0.00000000E+00   0.00000000E+00  -0.99999000E+99
  -0.12418754795E+03   0.41745257534E+02   6   0.51257303E+01   0.00000000E+00   0.00000000E+00   0.00000000E+00   0.00000000E+00  -0.99999000E+99
  -0.12418760731E+03   0.41745328767E+02   6   0.51257303E+01   0.00000000E+00   0.00000000E+00   0.00000000E+00   0.00000000E+00  -0.99999000E+99
  -0.12418766667E+03   0.41745400000E+02   6   0.51257303E+01   0.00000000E+00   0.00000000E+00   0.00000000E+00   0.00000000E+00  -0.99999000E+99
  -0.12418772603E+03   0.41745471233E+02   6   0.51257303E+01   0.00000000E+00   0.00000000E+00   0.00000000E+00   0.00000000E+00  -0.99999000E+99
  -0.12418778539E+03   0.41745542466E+02   6   0.51120832E+01   0.00000000E+00   0.00000000E+00   0.00000000E+00   0.00000000E+00  -0.99999000E+99
  -0.12418784475E+03   0.41745613699E+02   6   0.50396016E+01   0.00000000E+00   0.00000000E+00   0.00000000E+00   0.00000000E+00  -0.99999000E+99
  -0.12418790411E+03   0.41745684932E+02   6   0.50396016E+01   0.00000000E+00   0.00000000E+00   0.00000000E+00   0.00000000E+00  -0.99999000E+99
  -0.12418796347E+03   0.41745756164E+02   6   0.50396016E+01   0.00000000E+00   0.00000000E+00   0.00000000E+00   0.00000000E+00  -0.99999000E+99
  -0.12418802283E+03   0.41745827397E+02   6   0.50396016E+01   0.00000000E+00   0.00000000E+00   0.00000000E+00   0.00000000E+00  -0.99999000E+99
  -0.12418808219E+03   0.41745898630E+02   6   0.50396016E+01   0.00000000E+00   0.00000000E+00   0.00000000E+00   0.00000000E+00  -0.99999000E+99
  -0.12418814155E+03   0.41745969863E+02   6   0.54501296E+01   0.00000000E+00   0.00000000E+00   0.00000000E+00   0.00000000E+00  -0.99999000E+99
  -0.12418820091E+03   0.41746041096E+02   6   0.53105313E+01   0.00000000E+00   0.00000000E+00   0.00000000E+00   0.00000000E+00  -0.99999000E+99
  -0.12418826027E+03   0.41746112329E+02   6   0.53105313E+01   0.00000000E+00   0.00000000E+00   0.00000000E+00   0.00000000E+00  -0.99999000E+99
  -0.12418831963E+03   0.41746183562E+02   6   0.53105313E+01   0.00000000E+00   0.00000000E+00   0.00000000E+00   0.00000000E+00  -0.99999000E+99
  -0.12418837900E+03   0.41746254795E+02   6   0.53105313E+01   0.00000000E+00   0.00000000E+00   0.00000000E+00   0.00000000E+00  -0.99999000E+99
  -0.12418843836E+03   0.41746326027E+02   6   0.58482421E+01   0.00000000E+00   0.00000000E+00   0.00000000E+00   0.00000000E+00  -0.99999000E+99
  -0.12418849772E+03   0.41746397260E+02   6   0.58482421E+01   0.00000000E+00   0.00000000E+00   0.00000000E+00   0.00000000E+00  -0.99999000E+99
  -0.12418855708E+03   0.41746468493E+02   6   0.58814376E+01   0.00000000E+00   0.00000000E+00   0.00000000E+00   0.00000000E+00  -0.99999000E+99
  -0.12418861644E+03   0.41746539726E+02   6   0.58814376E+01   0.00000000E+00   0.00000000E+00   0.00000000E+00   0.00000000E+00  -0.99999000E+99
  -0.12418867580E+03   0.41746610959E+02   6   0.58814376E+01   0.00000000E+00   0.00000000E+00   0.00000000E+00   0.00000000E+00  -0.99999000E+99
  -0.12418873516E+03   0.41746682192E+02   6   0.56178227E+01   0.00000000E+00   0.00000000E+00   0.00000000E+00   0.00000000E+00  -0.99999000E+99
  -0.12418879452E+03   0.41746753425E+02   6   0.56178227E+01   0.00000000E+00   0.00000000E+00   0.00000000E+00   0.00000000E+00  -0.99999000E+99
  -0.12418885388E+03   0.41746824658E+02   6   0.56178227E+01   0.00000000E+00   0.00000000E+00   0.00000000E+00   0.00000000E+00  -0.99999000E+99
  -0.12418891324E+03   0.41746895890E+02   6   0.55843760E+01   0.00000000E+00   0.00000000E+00   0.00000000E+00   0.00000000E+00  -0.99999000E+99
  -0.12418897260E+03   0.41746967123E+02   6   0.55843760E+01   0.00000000E+00   0.00000000E+00   0.00000000E+00   0.00000000E+00  -0.99999000E+99
  -0.12418903196E+03   0.41747038356E+02   6   0.52958676E+01   0.00000000E+00   0.00000000E+00   0.00000000E+00   0.00000000E+00  -0.99999000E+99
  -0.12418909132E+03   0.41747109589E+02   6   0.52958676E+01   0.00000000E+00   0.00000000E+00   0.00000000E+00   0.00000000E+00  -0.99999000E+99
  -0.12418915068E+03   0.41747180822E+02   6   0.52958676E+01   0.00000000E+00   0.00000000E+00   0.00000000E+00   0.00000000E+00  -0.99999000E+99
  -0.12418921005E+03   0.41747252055E+02   6   0.52958676E+01   0.00000000E+00   0.00000000E+00   0.00000000E+00   0.00000000E+00  -0.99999000E+99
  -0.12418926941E+03   0.41747323288E+02   6   0.51087478E+01   0.00000000E+00   0.00000000E+00   0.00000000E+00   0.00000000E+00  -0.99999000E+99
  -0.12418932877E+03   0.41747394521E+02   6   0.51087478E+01   0.00000000E+00   0.00000000E+00   0.00000000E+00   0.00000000E+00  -0.99999000E+99
  -0.12418938813E+03   0.41747465753E+02   6   0.48461212E+01   0.00000000E+00   0.00000000E+00   0.00000000E+00   0.00000000E+00  -0.99999000E+99
  -0.12418944749E+03   0.41747536986E+02   6   0.48461212E+01   0.00000000E+00   0.00000000E+00   0.00000000E+00   0.00000000E+00  -0.99999000E+99
  -0.12418950685E+03   0.41747608219E+02   6   0.48461212E+01   0.00000000E+00   0.00000000E+00   0.00000000E+00   0.00000000E+00  -0.99999000E+99
  -0.12418956621E+03   0.41747679452E+02   6   0.48461212E+01   0.00000000E+00   0.00000000E+00   0.00000000E+00   0.00000000E+00  -0.99999000E+99
  -0.12418962557E+03   0.41747750685E+02   6   0.48461212E+01   0.00000000E+00   0.00000000E+00   0.00000000E+00   0.00000000E+00  -0.99999000E+99
  -0.12418968493E+03   0.41747821918E+02   6   0.43351365E+01   0.00000000E+00   0.00000000E+00   0.00000000E+00   0.00000000E+00  -0.99999000E+99
  -0.12418974429E+03   0.41747893151E+02   6   0.43351365E+01   0.00000000E+00   0.00000000E+00   0.00000000E+00   0.00000000E+00  -0.99999000E+99
  -0.12418980365E+03   0.41747964384E+02   6   0.43351365E+01   0.00000000E+00   0.00000000E+00   0.00000000E+00   0.00000000E+00  -0.99999000E+99
  -0.12418986301E+03   0.41748035616E+02   6   0.43351365E+01   0.00000000E+00   0.00000000E+00   0.00000000E+00   0.00000000E+00  -0.99999000E+99
  -0.12418992237E+03   0.41748106849E+02   6   0.43351365E+01   0.00000000E+00   0.00000000E+00   0.00000000E+00   0.00000000E+00  -0.99999000E+99
  -0.12418998174E+03   0.41748178082E+02   6   0.37353049E+01   0.00000000E+00   0.00000000E+00   0.00000000E+00   0.00000000E+00  -0.99999000E+99
  -0.12419004110E+03   0.41748249315E+02   6   0.37199699E+01   0.00000000E+00   0.00000000E+00   0.00000000E+00   0.00000000E+00  -0.99999000E+99
  -0.12419010046E+03   0.41748320548E+02   6   0.37199699E+01   0.00000000E+00   0.00000000E+00   0.00000000E+00   0.00000000E+00  -0.99999000E+99
  -0.12419015982E+03   0.41748391781E+02   6   0.37199699E+01   0.00000000E+00   0.00000000E+00   0.00000000E+00   0.00000000E+00  -0.99999000E+99
  -0.12419021918E+03   0.41748463014E+02   6   0.37199699E+01   0.00000000E+00   0.00000000E+00   0.00000000E+00   0.00000000E+00  -0.99999000E+99
  -0.12419027854E+03   0.41748534247E+02   6   0.32112966E+01   0.00000000E+00   0.00000000E+00   0.00000000E+00   0.00000000E+00  -0.99999000E+99
  -0.12419033790E+03   0.41748605479E+02   6   0.32112966E+01   0.00000000E+00   0.00000000E+00   0.00000000E+00   0.00000000E+00  -0.99999000E+99
  -0.12419039726E+03   0.41748676712E+02   6   0.31972970E+01   0.00000000E+00   0.00000000E+00   0.00000000E+00   0.00000000E+00  -0.99999000E+99
  -0.12419045662E+03   0.41748747945E+02   6   0.31972970E+01   0.00000000E+00   0.00000000E+00   0.00000000E+00   0.00000000E+00  -0.99999000E+99
  -0.12419051598E+03   0.41748819178E+02   6   0.31972970E+01   0.00000000E+00   0.00000000E+00   0.00000000E+00   0.00000000E+00  -0.99999000E+99
  -0.12419057534E+03   0.41748890411E+02   6   0.28825889E+01   0.00000000E+00   0.00000000E+00   0.00000000E+00   0.00000000E+00  -0.99999000E+99
  -0.12419063470E+03   0.41748961644E+02   6   0.28825889E+01   0.00000000E+00   0.00000000E+00   0.00000000E+00   0.00000000E+00  -0.99999000E+99
  -0.12419069406E+03   0.41749032877E+02   6   0.28825889E+01   0.00000000E+00   0.00000000E+00   0.00000000E+00   0.00000000E+00  -0.99999000E+99
  -0.12419075342E+03   0.41749104110E+02   6   0.27359761E+01   0.00000000E+00   0.00000000E+00   0.00000000E+00   0.00000000E+00  -0.99999000E+99
  -0.12419081279E+03   0.41749175342E+02   6   0.27359761E+01   0.00000000E+00   0.00000000E+00   0.00000000E+00   0.00000000E+00  -0.99999000E+99
  -0.12419087215E+03   0.41749246575E+02   6   0.27359761E+01   0.00000000E+00   0.00000000E+00   0.00000000E+00   0.00000000E+00  -0.99999000E+99
  -0.12419093151E+03   0.41749317808E+02   6   0.23242107E+01   0.00000000E+00   0.00000000E+00   0.00000000E+00   0.00000000E+00  -0.99999000E+99
  -0.12419099087E+03   0.41749389041E+02   6   0.23242107E+01   0.00000000E+00   0.00000000E+00   0.00000000E+00   0.00000000E+00  -0.99999000E+99
  -0.12419105023E+03   0.41749460274E+02   6   0.23242107E+01   0.00000000E+00   0.00000000E+00   0.00000000E+00   0.00000000E+00  -0.99999000E+99
  -0.12419110959E+03   0.41749531507E+02   6   0.23242107E+01   0.00000000E+00   0.00000000E+00   0.00000000E+00   0.00000000E+00  -0.99999000E+99
  -0.12419116895E+03   0.41749602740E+02   6   0.19224760E+01   0.00000000E+00   0.00000000E+00   0.00000000E+00   0.00000000E+00  -0.99999000E+99
  -0.12419122831E+03   0.41749673973E+02   6  -0.60780679E+00   0.60780679E+00   0.00000000E+00   0.00000000E+00   0.00000000E+00  -0.99999000E+99
  -0.12419128767E+03   0.41749745205E+02   6  -0.60780679E+00   0.60780679E+00   0.00000000E+00   0.00000000E+00   0.00000000E+00  -0.99999000E+99
  -0.12419134703E+03   0.41749816438E+02   6  -0.60780679E+00   0.60780679E+00   0.00000000E+00   0.00000000E+00   0.00000000E+00  -0.99999000E+99
  -0.12419140639E+03   0.41749887671E+02   6  -0.60780679E+00   0.60780679E+00   0.00000000E+00   0.00000000E+00   0.00000000E+00  -0.99999000E+99
  -0.12419146575E+03   0.41749958904E+02   6  -0.60780679E+00   0.60780679E+00   0.00000000E+00   0.00000000E+00   0.00000000E+00  -0.99999000E+99
  -0.12419152511E+03   0.41750030137E+02   6  -0.10823434E+01   0.10823434E+01   0.00000000E+00   0.00000000E+00   0.00000000E+00  -0.99999000E+99
  -0.12419158447E+03   0.41750101370E+02   6  -0.10823434E+01   0.10823434E+01   0.00000000E+00   0.00000000E+00   0.00000000E+00  -0.99999000E+99
  -0.12419164384E+03   0.41750172603E+02   6  -0.10823434E+01   0.10823434E+01   0.00000000E+00   0.00000000E+00   0.00000000E+00  -0.99999000E+99
  -0.12419170320E+03   0.41750243836E+02   6  -0.10823434E+01   0.10823434E+01   0.00000000E+00   0.00000000E+00   0.00000000E+00  -0.99999000E+99
  -0.12419176256E+03   0.41750315068E+02   6  -0.10823434E+01   0.10823434E+01   0.00000000E+00   0.00000000E+00   0.00000000E+00  -0.99999000E+99
  -0.12419182192E+03   0.41750386301E+02   6  -0.12253344E+01   0.12253344E+01   0.00000000E+00   0.00000000E+00   0.00000000E+00  -0.99999000E+99
  -0.12419188128E+03   0.41750457534E+02   6  -0.11732506E+01   0.11732506E+01   0.00000000E+00   0.00000000E+00   0.00000000E+00  -0.99999000E+99
  -0.12419194064E+03   0.41750528767E+02   6  -0.11732506E+01   0.11732506E+01   0.00000000E+00   0.00000000E+00   0.00000000E+00  -0.99999000E+99
  -0.12419200000E+03   0.41750600000E+02   6  -0.11732506E+01   0.11732506E+01   0.00000000E+00   0.00000000E+00   0.00000000E+00  -0.99999000E+99
  -0.12419205936E+03   0.41750671233E+02   6  -0.11732506E+01   0.11732506E+01   0.00000000E+00   0.00000000E+00   0.00000000E+00  -0.99999000E+99
  -0.12419211872E+03   0.41750742466E+02   6  -0.12112651E+01   0.12112651E+01   0.00000000E+00   0.00000000E+00   0.00000000E+00  -0.99999000E+99
  -0.12419217808E+03   0.41750813699E+02   6  -0.12112651E+01   0.12112651E+01   0.00000000E+00   0.00000000E+00   0.00000000E+00  -0.99999000E+99
  -0.12419223744E+03   0.41750884932E+02   6  -0.12072675E+01   0.12072675E+01   0.00000000E+00   0.00000000E+00   0.00000000E+00  -0.99999000E+99
  -0.12419229680E+03   0.41750956164E+02   6  -0.12072675E+01   0.12072675E+01   0.00000000E+00   0.00000000E+00   0.00000000E+00  -0.99999000E+99
  -0.12419235616E+03   0.41751027397E+02   6  -0.12072675E+01   0.12072675E+01   0.00000000E+00   0.00000000E+00   0.00000000E+00  -0.99999000E+99
  -0.12419241553E+03   0.41751098630E+02   6  -0.12072675E+01   0.12072675E+01   0.00000000E+00   0.00000000E+00   0.00000000E+00  -0.99999000E+99
  -0.12419247489E+03   0.41751169863E+02   6  -0.12054125E+01   0.12054125E+01   0.00000000E+00   0.00000000E+00   0.00000000E+00  -0.99999000E+99
  -0.12419253425E+03   0.41751241096E+02   6  -0.12054125E+01   0.12054125E+01   0.00000000E+00   0.00000000E+00   0.00000000E+00  -0.99999000E+99
  -0.12419259361E+03   0.41751312329E+02   6  -0.71047669E+00   0.71047669E+00   0.00000000E+00   0.00000000E+00   0.00000000E+00  -0.99999000E+99
  -0.12419265297E+03   0.41751383562E+02   6  -0.71047669E+00   0.71047669E+00   0.00000000E+00   0.00000000E+00   0.00000000E+00  -0.99999000E+99
  -0.12419271233E+03   0.41751454795E+02   6  -0.71047669E+00   0.71047669E+00   0.00000000E+00   0.00000000E+00   0.00000000E+00  -0.99999000E+99
  -0.12419277169E+03   0.41751526027E+02   6   0.49228809E+00   0.00000000E+00   0.00000000E+00   0.00000000E+00   0.00000000E+00  -0.99999000E+99
  -0.12419283105E+03   0.41751597260E+02   6   0.49228809E+00   0.00000000E+00   0.00000000E+00   0.00000000E+00   0.00000000E+00  -0.99999000E+99
  -0.12419289041E+03   0.41751668493E+02   6   0.49228809E+00   0.00000000E+00   0.00000000E+00   0.00000000E+00   0.00000000E+00  -0.99999000E+99
  -0.12419294977E+03   0.41751739726E+02   6   0.49228809E+00   0.00000000E+00   0.00000000E+00   0.00000000E+00   0.00000000E+00  -0.99999000E+99
  -0.12419300913E+03   0.41751810959E+02   6   0.11586399E+01   0.00000000E+00   0.00000000E+00   0.00000000E+00   0.00000000E+00  -0.99999000E+99
  -0.12419306849E+03   0.41751882192E+02   6  -0.91721675E+00   0.91721675E+00   0.00000000E+00   0.00000000E+00   0.00000000E+00  -0.99999000E+99
  -0.12419312785E+03   0.41751953425E+02   6  -0.91721675E+00   0.91721675E+00   0.00000000E+00   0.00000000E+00   0.00000000E+00  -0.99999000E+99
  -0.12419318721E+03   0.41752024658E+02   6  -0.91721675E+00   0.91721675E+00   0.00000000E+00   0.00000000E+00   0.00000000E+00  -0.99999000E+99
  -0.12419324658E+03   0.41752095890E+02   6  -0.91721675E+00   0.91721675E+00   0.00000000E+00   0.00000000E+00   0.00000000E+00  -0.99999000E+99
  -0.12419330594E+03   0.41752167123E+02   6  -0.91721675E+00   0.91721675E+00   0.00000000E+00   0.00000000E+00   0.00000000E+00  -0.99999000E+99
  -0.12419336530E+03   0.41752238356E+02   6  -0.25185577E+00   0.25185577E+00   0.00000000E+00   0.00000000E+00   0.00000000E+00  -0.99999000E+99
  -0.12419342466E+03   0.41752309589E+02   6  -0.25185577E+00   0.25185577E+00   0.00000000E+00   0.00000000E+00   0.00000000E+00  -0.99999000E+99
  -0.12419348402E+03   0.41752380822E+02   6  -0.25185577E+00   0.25185577E+00   0.00000000E+00   0.00000000E+00   0.00000000E+00  -0.99999000E+99
  -0.12419354338E+03   0.41752452055E+02   6  -0.25185577E+00   0.25185577E+00   0.00000000E+00   0.00000000E+00   0.00000000E+00  -0.99999000E+99
  -0.12419360274E+03   0.41752523288E+02   6  -0.25185577E+00   0.25185577E+00   0.00000000E+00   0.00000000E+00   0.00000000E+00  -0.99999000E+99
  -0.12419366210E+03   0.41752594521E+02   6  -0.21024273E+00   0.21024273E+00   0.00000000E+00   0.00000000E+00   0.00000000E+00  -0.99999000E+99
  -0.12419372146E+03   0.41752665753E+02   6  -0.25909641E+00   0.25909641E+00   0.00000000E+00   0.00000000E+00   0.00000000E+00  -0.99999000E+99
  -0.12419378082E+03   0.41752736986E+02   6  -0.25909641E+00   0.25909641E+00   0.00000000E+00   0.00000000E+00   0.00000000E+00  -0.99999000E+99
  -0.12419384018E+03   0.41752808219E+02   6  -0.25909641E+00   0.25909641E+00   0.00000000E+00   0.00000000E+00   0.00000000E+00  -0.99999000E+99
  -0.12419389954E+03   0.41752879452E+02   6  -0.25909641E+00   0.25909641E+00   0.00000000E+00   0.00000000E+00   0.00000000E+00  -0.99999000E+99
  -0.12419395890E+03   0.41752950685E+02   6  -0.25909641E+00   0.25909641E+00   0.00000000E+00   0.00000000E+00   0.00000000E+00  -0.99999000E+99
  -0.12419401826E+03   0.41753021918E+02   6  -0.61907825E+00   0.61907825E+00   0.00000000E+00   0.00000000E+00   0.00000000E+00  -0.99999000E+99
  -0.12419407763E+03   0.41753093151E+02   6  -0.12563841E+01   0.12563841E+01   0.00000000E+00   0.00000000E+00   0.00000000E+00  -0.99999000E+99
  -0.12419413699E+03   0.41753164384E+02   6  -0.12563841E+01   0.12563841E+01   0.00000000E+00   0.00000000E+00   0.00000000E+00  -0.99999000E+99
  -0.12419419635E+03   0.41753235616E+02   6  -0.12563841E+01   0.12563841E+01   0.00000000E+00   0.00000000E+00   0.00000000E+00  -0.99999000E+99
  -0.12419425571E+03   0.41753306849E+02   6  -0.12563841E+01   0.12563841E+01   0.00000000E+00   0.00000000E+00   0.00000000E+00  -0.99999000E+99
  -0.12419431507E+03   0.41753378082E+02   6  -0.17034773E+01   0.17034773E+01   0.00000000E+00   0.00000000E+00   0.00000000E+00  -0.99999000E+99
  -0.12419437443E+03   0.41753449315E+02   6  -0.17034773E+01   0.17034773E+01   0.00000000E+00   0.00000000E+00   0.00000000E+00  -0.99999000E+99
  -0.12419443379E+03   0.41753520548E+02   6  -0.17034773E+01   0.17034773E+01   0.00000000E+00   0.00000000E+00   0.00000000E+00  -0.99999000E+99
  -0.12419449315E+03   0.41753591781E+02   6  -0.21830854E+01   0.21830854E+01   0.00000000E+00   0.00000000E+00   0.00000000E+00  -0.99999000E+99
  -0.12419455251E+03   0.41753663014E+02   6  -0.21830854E+01   0.21830854E+01   0.00000000E+00   0.00000000E+00   0.00000000E+00  -0.99999000E+99
  -0.12419461187E+03   0.41753734247E+02   6  -0.23192080E+01   0.23192080E+01   0.00000000E+00   0.00000000E+00   0.00000000E+00  -0.99999000E+99
  -0.12419467123E+03   0.41753805479E+02   6  -0.23192080E+01   0.23192080E+01   0.00000000E+00   0.00000000E+00   0.00000000E+00  -0.99999000E+99
  -0.12419473059E+03   0.41753876712E+02   6  -0.23192080E+01   0.23192080E+01   0.00000000E+00   0.00000000E+00   0.00000000E+00  -0.99999000E+99
  -0.12419478995E+03   0.41753947945E+02   6  -0.23192080E+01   0.23192080E+01   0.00000000E+00   0.00000000E+00   0.00000000E+00  -0.99999000E+99
  -0.12419484932E+03   0.41754019178E+02   6  -0.27991979E+01   0.27991979E+01   0.00000000E+00   0.00000000E+00   0.00000000E+00  -0.99999000E+99
  -0.12419490868E+03   0.41754090411E+02   6  -0.28511856E+01   0.28511856E+01   0.00000000E+00   0.00000000E+00   0.00000000E+00  -0.99999000E+99
  -0.12419496804E+03   0.41754161644E+02   6  -0.28511856E+01   0.28511856E+01   0.00000000E+00   0.00000000E+00   0.00000000E+00  -0.99999000E+99
  -0.12419502740E+03   0.41754232877E+02   6  -0.28511856E+01   0.28511856E+01   0.00000000E+00   0.00000000E+00   0.00000000E+00  -0.99999000E+99
  -0.12419508676E+03   0.41754304110E+02   6  -0.28511856E+01   0.28511856E+01   0.00000000E+00   0.00000000E+00   0.00000000E+00  -0.99999000E+99
  -0.12419514612E+03   0.41754375342E+02   6  -0.28511856E+01   0.28511856E+01   0.00000000E+00   0.00000000E+00   0.00000000E+00  -0.99999000E+99
  -0.12419520548E+03   0.41754446575E+02   6  -0.33201136E+01   0.33201136E+01   0.00000000E+00   0.00000000E+00   0.00000000E+00  -0.99999000E+99
  -0.12419526484E+03   0.41754517808E+02   6  -0.33201136E+01   0.33201136E+01   0.00000000E+00   0.00000000E+00   0.00000000E+00  -0.99999000E+99
  -0.12419532420E+03   0.41754589041E+02   6  -0.33201136E+01   0.33201136E+01   0.00000000E+00   0.00000000E+00   0.00000000E+00  -0.99999000E+99
  -0.12419538356E+03   0.41754660274E+02   6  -0.33201136E+01   0.33201136E+01   0.00000000E+00   0.00000000E+00   0.00000000E+00  -0.99999000E+99
  -0.12419544292E+03   0.41754731507E+02   6  -0.33201136E+01   0.33201136E+01   0.00000000E+00   0.00000000E+00   0.00000000E+00  -0.99999000E+99
  -0.12419550228E+03   0.41754802740E+02   6  -0.33201136E+01   0.33201136E+01   0.00000000E+00   0.00000000E+00   0.00000000E+00  -0.99999000E+99
  -0.12419556164E+03   0.41754873973E+02   6  -0.43413993E+01   0.43413993E+01   0.00000000E+00   0.00000000E+00   0.00000000E+00  -0.99999000E+99
  -0.12419562100E+03   0.41754945205E+02   6  -0.43413993E+01   0.43413993E+01   0.00000000E+00   0.00000000E+00   0.00000000E+00  -0.99999000E+99
  -0.12419568037E+03   0.41755016438E+02   6  -0.43413993E+01   0.43413993E+01   0.00000000E+00   0.00000000E+00   0.00000000E+00  -0.99999000E+99
  -0.12419573973E+03   0.41755087671E+02   6  -0.43413993E+01   0.43413993E+01   0.00000000E+00   0.00000000E+00   0.00000000E+00  -0.99999000E+99
  -0.12419579909E+03   0.41755158904E+02   6  -0.43413993E+01   0.43413993E+01   0.00000000E+00   0.00000000E+00   0.00000000E+00  -0.99999000E+99
  -0.12419585845E+03   0.41755230137E+02   6  -0.48132133E+01   0.48132133E+01   0.00000000E+00   0.00000000E+00   0.00000000E+00  -0.99999000E+99
  -0.12419591781E+03   0.41755301370E+02   6  -0.48132133E+01   0.48132133E+01   0.00000000E+00   0.00000000E+00   0.00000000E+00  -0.99999000E+99
  -0.12419597717E+03   0.41755372603E+02   6  -0.52942940E+01   0.52942940E+01   0.00000000E+00   0.00000000E+00   0.00000000E+00  -0.99999000E+99
  -0.12419603653E+03   0.41755443836E+02   6  -0.52942940E+01   0.52942940E+01   0.00000000E+00   0.00000000E+00   0.00000000E+00  -0.99999000E+99
  -0.12419609589E+03   0.41755515068E+02   6  -0.52942940E+01   0.52942940E+01   0.00000000E+00   0.00000000E+00   0.00000000E+00  -0.99999000E+99
  -0.12419615525E+03   0.41755586301E+02   6  -0.57523656E+01   0.57523656E+01   0.00000000E+00   0.00000000E+00   0.00000000E+00  -0.99999000E+99
  -0.12419621461E+03   0.41755657534E+02   6  -0.57523656E+01   0.57523656E+01   0.00000000E+00   0.00000000E+00   0.00000000E+00  -0.99999000E+99
  -0.12419627397E+03   0.41755728767E+02   6  -0.57523656E+01   0.57523656E+01   0.00000000E+00   0.00000000E+00   0.00000000E+00  -0.99999000E+99
  -0.12419633333E+03   0.41755800000E+02   6  -0.61524354E+01   0.61524354E+01   0.00000000E+00   0.00000000E+00   0.00000000E+00  -0.99999000E+99
  -0.12419639269E+03   0.41755871233E+02   6  -0.61524354E+01   0.61524354E+01   0.00000000E+00   0.00000000E+00   0.00000000E+00  -0.99999000E+99
  -0.12419645205E+03   0.41755942466E+02   6  -0.65200164E+01   0.65200164E+01   0.00000000E+00   0.00000000E+00   0.00000000E+00  -0.99999000E+99
  -0.12419651142E+03   0.41756013699E+02   6  -0.65200164E+01   0.65200164E+01   0.00000000E+00   0.00000000E+00   0.00000000E+00  -0.99999000E+99
  -0.12419657078E+03   0.41756084932E+02   6  -0.65200164E+01   0.65200164E+01   0.00000000E+00   0.00000000E+00   0.00000000E+00  -0.99999000E+99
  -0.12419663014E+03   0.41756156164E+02   6  -0.65200164E+01   0.65200164E+01   0.00000000E+00   0.00000000E+00   0.00000000E+00  -0.99999000E+99
  -0.12419668950E+03   0.41756227397E+02   6  -0.70449937E+01   0.70449937E+01   0.00000000E+00   0.00000000E+00   0.00000000E+00  -0.99999000E+99
  -0.12419674886E+03   0.41756298630E+02   6  -0.76421553E+01   0.76421553E+01   0.00000000E+00   0.00000000E+00   0.00000000E+00  -0.99999000E+99
  -0.12419680822E+03   0.41756369863E+02   6  -0.76421553E+01   0.76421553E+01   0.00000000E+00   0.00000000E+00   0.00000000E+00  -0.99999000E+99
  -0.12419686758E+03   0.41756441096E+02   6  -0.76421553E+01   0.76421553E+01   0.00000000E+00   0.00000000E+00   0.00000000E+00  -0.99999000E+99
  -0.12419692694E+03   0.41756512329E+02   6  -0.76421553E+01   0.76421553E+01   0.00000000E+00   0.00000000E+00   0.00000000E+00  -0.99999000E+99
  -0.12419698630E+03   0.41756583562E+02   6  -0.76421553E+01   0.76421553E+01   0.00000000E+00   0.00000000E+00   0.00000000E+00  -0.99999000E+99
  -0.12419704566E+03   0.41756654795E+02   6  -0.79969560E+01   0.79969560E+01   0.00000000E+00   0.00000000E+00   0.00000000E+00  -0.99999000E+99
  -0.12419710502E+03   0.41756726027E+02   6  -0.85835175E+01   0.85835175E+01   0.00000000E+00   0.00000000E+00   0.00000000E+00  -0.99999000E+99
  -0.12419716438E+03   0.41756797260E+02   6  -0.85835175E+01   0.85835175E+01   0.00000000E+00   0.00000000E+00   0.00000000E+00  -0.99999000E+99
  -0.12419722374E+03   0.41756868493E+02   6  -0.85835175E+01   0.85835175E+01   0.00000000E+00   0.00000000E+00   0.00000000E+00  -0.99999000E+99
  -0.12419728311E+03   0.41756939726E+02   6  -0.85835175E+01   0.85835175E+01   0.00000000E+00   0.00000000E+00   0.00000000E+00  -0.99999000E+99
  -0.12419734247E+03   0.41757010959E+02   6  -0.85835175E+01   0.85835175E+01   0.00000000E+00   0.00000000E+00   0.00000000E+00  -0.99999000E+99
  -0.12419740183E+03   0.41757082192E+02   6  -0.86144808E+01   0.86144808E+01   0.00000000E+00   0.00000000E+00   0.00000000E+00  -0.99999000E+99
  -0.12419746119E+03   0.41757153425E+02   6  -0.89042733E+01   0.89042733E+01   0.00000000E+00   0.00000000E+00   0.00000000E+00  -0.99999000E+99
  -0.12419752055E+03   0.41757224658E+02   6  -0.89042733E+01   0.89042733E+01   0.00000000E+00   0.00000000E+00   0.00000000E+00  -0.99999000E+99
  -0.12419757991E+03   0.41757295890E+02   6  -0.89042733E+01   0.89042733E+01   0.00000000E+00   0.00000000E+00   0.00000000E+00  -0.99999000E+99
  -0.12419763927E+03   0.41757367123E+02   6  -0.89042733E+01   0.89042733E+01   0.00000000E+00   0.00000000E+00   0.00000000E+00  -0.99999000E+99
  -0.12419769863E+03   0.41757438356E+02   6  -0.83159186E+01   0.83159186E+01   0.00000000E+00   0.00000000E+00   0.00000000E+00  -0.99999000E+99
  -0.12419775799E+03   0.41757509589E+02   6  -0.83159186E+01   0.83159186E+01   0.00000000E+00   0.00000000E+00   0.00000000E+00  -0.99999000E+99
  -0.12419781735E+03   0.41757580822E+02   6  -0.87213831E+01   0.87213831E+01   0.00000000E+00   0.00000000E+00   0.00000000E+00  -0.99999000E+99
  -0.12419787671E+03   0.41757652055E+02   6  -0.87213831E+01   0.87213831E+01   0.00000000E+00   0.00000000E+00   0.00000000E+00  -0.99999000E+99
  -0.12419793607E+03   0.41757723288E+02   6  -0.87213831E+01   0.87213831E+01   0.00000000E+00   0.00000000E+00   0.00000000E+00  -0.99999000E+99
  -0.12419799543E+03   0.41757794521E+02   6  -0.75294603E+01   0.75294603E+01   0.00000000E+00   0.00000000E+00   0.00000000E+00  -0.99999000E+99
  -0.12419805479E+03   0.41757865753E+02   6  -0.75294603E+01   0.75294603E+01   0.00000000E+00   0.00000000E+00   0.00000000E+00  -0.99999000E+99
  -0.12419811416E+03   0.41757936986E+02   6  -0.75294603E+01   0.75294603E+01   0.00000000E+00   0.00000000E+00   0.00000000E+00  -0.99999000E+99
  -0.12419817352E+03   0.41758008219E+02   6  -0.84549566E+01   0.84549566E+01   0.00000000E+00   0.00000000E+00   0.00000000E+00  -0.99999000E+99
  -0.12419823288E+03   0.41758079452E+02   6  -0.84549566E+01   0.84549566E+01   0.00000000E+00   0.00000000E+00   0.00000000E+00  -0.99999000E+99
  -0.12419829224E+03   0.41758150685E+02   6  -0.78282153E+01   0.78282153E+01   0.00000000E+00   0.00000000E+00   0.00000000E+00  -0.99999000E+99
  -0.12419835160E+03   0.41758221918E+02   6  -0.78282153E+01   0.78282153E+01   0.00000000E+00   0.00000000E+00   0.00000000E+00  -0.99999000E+99
  -0.12419841096E+03   0.41758293151E+02   6  -0.78282153E+01   0.78282153E+01   0.00000000E+00   0.00000000E+00   0.00000000E+00  -0.99999000E+99
  -0.12419847032E+03   0.41758364384E+02   6  -0.78282153E+01   0.78282153E+01   0.00000000E+00   0.00000000E+00   0.00000000E+00  -0.99999000E+99
  -0.12419852968E+03   0.41758435616E+02   6  -0.10510226E+02   0.10510226E+02   0.00000000E+00   0.00000000E+00   0.00000000E+00  -0.99999000E+99
  -0.12419858904E+03   0.41758506849E+02   6  -0.10510226E+02   0.10510226E+02   0.00000000E+00   0.00000000E+00   0.00000000E+00  -0.99999000E+99
  -0.12419864840E+03   0.41758578082E+02   6  -0.90928203E+01   0.90928203E+01   0.00000000E+00   0.00000000E+00   0.00000000E+00  -0.99999000E+99
  -0.12419870776E+03   0.41758649315E+02   6  -0.90928203E+01   0.90928203E+01   0.00000000E+00   0.00000000E+00   0.00000000E+00  -0.99999000E+99
  -0.12419876712E+03   0.41758720548E+02   6  -0.90928203E+01   0.90928203E+01   0.00000000E+00   0.00000000E+00   0.00000000E+00  -0.99999000E+99
  -0.12419882648E+03   0.41758791781E+02   6  -0.90928203E+01   0.90928203E+01   0.00000000E+00   0.00000000E+00   0.00000000E+00  -0.99999000E+99
  -0.12419888584E+03   0.41758863014E+02   6  -0.90928203E+01   0.90928203E+01   0.00000000E+00   0.00000000E+00   0.00000000E+00  -0.99999000E+99
  -0.12419894521E+03   0.41758934247E+02   6  -0.10263188E+02   0.10263188E+02   0.00000000E+00   0.00000000E+00   0.00000000E+00  -0.99999000E+99
  -0.12419900457E+03   0.41759005479E+02   6  -0.10263188E+02   0.10263188E+02   0.00000000E+00   0.00000000E+00   0.00000000E+00  -0.99999000E+99
  -0.12419906393E+03   0.41759076712E+02   6  -0.10263188E+02   0.10263188E+02   0.00000000E+00   0.00000000E+00   0.00000000E+00  -0.99999000E+99
  -0.12419912329E+03   0.41759147945E+02   6  -0.10263188E+02   0.10263188E+02   0.00000000E+00   0.00000000E+00   0.00000000E+00  -0.99999000E+99
  -0.12419918265E+03   0.41759219178E+02   6  -0.10263188E+02   0.10263188E+02   0.00000000E+00   0.00000000E+00   0.00000000E+00  -0.99999000E+99
  -0.12419924201E+03   0.41759290411E+02   6  -0.78230625E+01   0.78230625E+01   0.00000000E+00   0.00000000E+00   0.00000000E+00  -0.99999000E+99
  -0.12419930137E+03   0.41759361644E+02   6  -0.11138820E+02   0.11138820E+02   0.00000000E+00   0.00000000E+00   0.00000000E+00  -0.99999000E+99
  -0.12419936073E+03   0.41759432877E+02   6  -0.11138820E+02   0.11138820E+02   0.00000000E+00   0.00000000E+00   0.00000000E+00  -0.99999000E+99
  -0.12419942009E+03   0.41759504110E+02   6  -0.11138820E+02   0.11138820E+02   0.00000000E+00   0.00000000E+00   0.00000000E+00  -0.99999000E+99
  -0.12419947945E+03   0.41759575342E+02   6  -0.11138820E+02   0.11138820E+02   0.00000000E+00   0.00000000E+00   0.00000000E+00  -0.99999000E+99
  -0.12419953881E+03   0.41759646575E+02   6  -0.87377764E+01   0.87377764E+01   0.00000000E+00   0.00000000E+00   0.00000000E+00  -0.99999000E+99
  -0.12419959817E+03   0.41759717808E+02   6  -0.87377764E+01   0.87377764E+01   0.00000000E+00   0.00000000E+00   0.00000000E+00  -0.99999000E+99
  -0.12419965753E+03   0.41759789041E+02   6  -0.11246425E+02   0.11246425E+02   0.00000000E+00   0.00000000E+00   0.00000000E+00  -0.99999000E+99
  -0.12419971689E+03   0.41759860274E+02   6  -0.11246425E+02   0.11246425E+02   0.00000000E+00   0.00000000E+00   0.00000000E+00  -0.99999000E+99
  -0.12419977626E+03   0.41759931507E+02   6  -0.11246425E+02   0.11246425E+02   0.00000000E+00   0.00000000E+00   0.00000000E+00  -0.99999000E+99
  -0.12419983562E+03   0.41760002740E+02   6  -0.80511886E+01   0.80511886E+01   0.00000000E+00   0.00000000E+00   0.00000000E+00  -0.99999000E+99
  -0.12419989498E+03   0.41760073973E+02   6  -0.80511886E+01   0.80511886E+01   0.00000000E+00   0.00000000E+00   0.00000000E+00  -0.99999000E+99
  -0.12419995434E+03   0.41760145205E+02   6  -0.80511886E+01   0.80511886E+01   0.00000000E+00   0.00000000E+00   0.00000000E+00  -0.99999000E+99
  -0.12420001370E+03   0.41760216438E+02   6  -0.99946737E+01   0.99946737E+01   0.00000000E+00   0.00000000E+00   0.00000000E+00  -0.99999000E+99
  -0.12420007306E+03   0.41760287671E+02   6  -0.99946737E+01   0.99946737E+01   0.00000000E+00   0.00000000E+00   0.00000000E+00  -0.99999000E+99
  -0.12420013242E+03   0.41760358904E+02   6  -0.99946737E+01   0.99946737E+01   0.00000000E+00   0.00000000E+00   0.00000000E+00  -0.99999000E+99
  -0.12420019178E+03   0.41760430137E+02   6  -0.56879908E+01   0.56879908E+01   0.00000000E+00   0.00000000E+00   0.00000000E+00  -0.99999000E+99
  -0.12420025114E+03   0.41760501370E+02   6  -0.56879908E+01   0.56879908E+01   0.00000000E+00   0.00000000E+00   0.00000000E+00  -0.99999000E+99
  -0.12420031050E+03   0.41760572603E+02   6  -0.56879908E+01   0.56879908E+01   0.00000000E+00   0.00000000E+00   0.00000000E+00  -0.99999000E+99
  -0.12420036986E+03   0.41760643836E+02   6  -0.56879908E+01   0.56879908E+01   0.00000000E+00   0.00000000E+00   0.00000000E+00  -0.99999000E+99
  -0.12420042922E+03   0.41760715068E+02   6  -0.74652066E+01   0.74652066E+01   0.00000000E+00   0.00000000E+00   0.00000000E+00  -0.99999000E+99
  -0.12420048858E+03   0.41760786301E+02   6  -0.33097437E+01   0.33097437E+01   0.00000000E+00   0.00000000E+00   0.00000000E+00  -0.99999000E+99
  -0.12420054795E+03   0.41760857534E+02   6  -0.33097437E+01   0.33097437E+01   0.00000000E+00   0.00000000E+00   0.00000000E+00  -0.99999000E+99
  -0.12420060731E+03   0.41760928767E+02   6  -0.33097437E+01   0.33097437E+01   0.00000000E+00   0.00000000E+00   0.00000000E+00  -0.99999000E+99
  -0.12420066667E+03   0.41761000000E+02   6  -0.33097437E+01   0.33097437E+01   0.00000000E+00   0.00000000E+00   0.00000000E+00  -0.99999000E+99
  -0.12420072603E+03   0.41761071233E+02   6  -0.33097437E+01   0.33097437E+01   0.00000000E+00   0.00000000E+00   0.00000000E+00  -0.99999000E+99
  -0.12420078539E+03   0.41761142466E+02   6  -0.17192490E+01   0.17192490E+01   0.00000000E+00   0.00000000E+00   0.00000000E+00  -0.99999000E+99
  -0.12420084475E+03   0.41761213699E+02   6  -0.17192490E+01   0.17192490E+01   0.00000000E+00   0.00000000E+00   0.00000000E+00  -0.99999000E+99
  -0.12420090411E+03   0.41761284932E+02   6  -0.17192490E+01   0.17192490E+01   0.00000000E+00   0.00000000E+00   0.00000000E+00  -0.99999000E+99
  -0.12420096347E+03   0.41761356164E+02   6  -0.17192490E+01   0.17192490E+01   0.00000000E+00   0.00000000E+00   0.00000000E+00  -0.99999000E+99
  -0.12420102283E+03   0.41761427397E+02   6  -0.17192490E+01   0.17192490E+01   0.00000000E+00   0.00000000E+00   0.00000000E+00  -0.99999000E+99
  -0.12420108219E+03   0.41761498630E+02   6  -0.35564871E+01   0.35564871E+01   0.00000000E+00   0.00000000E+00   0.00000000E+00  -0.99999000E+99
  -0.12420114155E+03   0.41761569863E+02   6  -0.23119058E+01   0.23119058E+01   0.00000000E+00   0.00000000E+00   0.00000000E+00  -0.99999000E+99
  -0.12420120091E+03   0.41761641096E+02   6  -0.23119058E+01   0.23119058E+01   0.00000000E+00   0.00000000E+00   0.00000000E+00  -0.99999000E+99
  -0.12420126027E+03   0.41761712329E+02   6  -0.23119058E+01   0.23119058E+01   0.00000000E+00   0.00000000E+00   0.00000000E+00  -0.99999000E+99
  -0.12420131963E+03   0.41761783562E+02   6  -0.23119058E+01   0.23119058E+01   0.00000000E+00   0.00000000E+00   0.00000000E+00  -0.99999000E+99
  -0.12420137900E+03   0.41761854795E+02   6  -0.54503394E+01   0.54503394E+01   0.00000000E+00   0.00000000E+00   0.00000000E+00  -0.99999000E+99
  -0.12420143836E+03   0.41761926027E+02   6  -0.54503394E+01   0.54503394E+01   0.00000000E+00   0.00000000E+00   0.00000000E+00  -0.99999000E+99
  -0.12420149772E+03   0.41761997260E+02   6  -0.29989522E+01   0.29989522E+01   0.00000000E+00   0.00000000E+00   0.00000000E+00  -0.99999000E+99
  -0.12420155708E+03   0.41762068493E+02   6  -0.29989522E+01   0.29989522E+01   0.00000000E+00   0.00000000E+00   0.00000000E+00  -0.99999000E+99
  -0.12420161644E+03   0.41762139726E+02   6  -0.29989522E+01   0.29989522E+01   0.00000000E+00   0.00000000E+00   0.00000000E+00  -0.99999000E+99
  -0.12420167580E+03   0.41762210959E+02   6  -0.29989522E+01   0.29989522E+01   0.00000000E+00   0.00000000E+00   0.00000000E+00  -0.99999000E+99
  -0.12420173516E+03   0.41762282192E+02   6  -0.63274565E+01   0.63274565E+01   0.00000000E+00   0.00000000E+00   0.00000000E+00  -0.99999000E+99
  -0.12420179452E+03   0.41762353425E+02   6  -0.63274565E+01   0.63274565E+01   0.00000000E+00   0.00000000E+00   0.00000000E+00  -0.99999000E+99
  -0.12420185388E+03   0.41762424658E+02   6  -0.32255933E+01   0.32255933E+01   0.00000000E+00   0.00000000E+00   0.00000000E+00  -0.99999000E+99
  -0.12420191324E+03   0.41762495890E+02   6  -0.32255933E+01   0.32255933E+01   0.00000000E+00   0.00000000E+00   0.00000000E+00  -0.99999000E+99
  -0.12420197260E+03   0.41762567123E+02   6  -0.32255933E+01   0.32255933E+01   0.00000000E+00   0.00000000E+00   0.00000000E+00  -0.99999000E+99
  -0.12420203196E+03   0.41762638356E+02   6  -0.63797428E+01   0.63797428E+01   0.00000000E+00   0.00000000E+00   0.00000000E+00  -0.99999000E+99
  -0.12420209132E+03   0.41762709589E+02   6  -0.63797428E+01   0.63797428E+01   0.00000000E+00   0.00000000E+00   0.00000000E+00  -0.99999000E+99
  -0.12420215068E+03   0.41762780822E+02   6  -0.63797428E+01   0.63797428E+01   0.00000000E+00   0.00000000E+00   0.00000000E+00  -0.99999000E+99
  -0.12420221005E+03   0.41762852055E+02   6  -0.63797428E+01   0.63797428E+01   0.00000000E+00   0.00000000E+00   0.00000000E+00  -0.99999000E+99
  -0.12420226941E+03   0.41762923288E+02   6  -0.29206143E+01   0.29206143E+01   0.00000000E+00   0.00000000E+00   0.00000000E+00  -0.99999000E+99
  -0.12420232877E+03   0.41762994521E+02   6  -0.60154984E+01   0.60154984E+01   0.00000000E+00   0.00000000E+00   0.00000000E+00  -0.99999000E+99
  -0.12420238813E+03   0.41763065753E+02   6  -0.60154984E+01   0.60154984E+01   0.00000000E+00   0.00000000E+00   0.00000000E+00  -0.99999000E+99
  -0.12420244749E+03   0.41763136986E+02   6  -0.60154984E+01   0.60154984E+01   0.00000000E+00   0.00000000E+00   0.00000000E+00  -0.99999000E+99
  -0.12420250685E+03   0.41763208219E+02   6  -0.60154984E+01   0.60154984E+01   0.00000000E+00   0.00000000E+00   0.00000000E+00  -0.99999000E+99
  -0.12420256621E+03   0.41763279452E+02   6  -0.60154984E+01   0.60154984E+01   0.00000000E+00   0.00000000E+00   0.00000000E+00  -0.99999000E+99
  -0.12420262557E+03   0.41763350685E+02   6  -0.56285592E+01   0.56285592E+01   0.00000000E+00   0.00000000E+00   0.00000000E+00  -0.99999000E+99
  -0.12420268493E+03   0.41763421918E+02   6  -0.56285592E+01   0.56285592E+01   0.00000000E+00   0.00000000E+00   0.00000000E+00  -0.99999000E+99
  -0.12420274429E+03   0.41763493151E+02   6  -0.56285592E+01   0.56285592E+01   0.00000000E+00   0.00000000E+00   0.00000000E+00  -0.99999000E+99
  -0.12420280365E+03   0.41763564384E+02   6  -0.56285592E+01   0.56285592E+01   0.00000000E+00   0.00000000E+00   0.00000000E+00  -0.99999000E+99
  -0.12420286301E+03   0.41763635616E+02   6  -0.56285592E+01   0.56285592E+01   0.00000000E+00   0.00000000E+00   0.00000000E+00  -0.99999000E+99
  -0.12420292237E+03   0.41763706849E+02   6  -0.97181815E+01   0.97181815E+01   0.00000000E+00   0.00000000E+00   0.00000000E+00  -0.99999000E+99
  -0.12420298174E+03   0.41763778082E+02   6  -0.52750122E+01   0.52750122E+01   0.00000000E+00   0.00000000E+00   0.00000000E+00  -0.99999000E+99
  -0.12420304110E+03   0.41763849315E+02   6  -0.52750122E+01   0.52750122E+01   0.00000000E+00   0.00000000E+00   0.00000000E+00  -0.99999000E+99
  -0.12420310046E+03   0.41763920548E+02   6  -0.52750122E+01   0.52750122E+01   0.00000000E+00   0.00000000E+00   0.00000000E+00  -0.99999000E+99
  -0.12420315982E+03   0.41763991781E+02   6  -0.52750122E+01   0.52750122E+01   0.00000000E+00   0.00000000E+00   0.00000000E+00  -0.99999000E+99
  -0.12420321918E+03   0.41764063014E+02   6  -0.52750122E+01   0.52750122E+01   0.00000000E+00   0.00000000E+00   0.00000000E+00  -0.99999000E+99
  -0.12420327854E+03   0.41764134247E+02   6  -0.84695680E+01   0.84695680E+01   0.00000000E+00   0.00000000E+00   0.00000000E+00  -0.99999000E+99
  -0.12420333790E+03   0.41764205479E+02   6  -0.45755339E+01   0.45755339E+01   0.00000000E+00   0.00000000E+00   0.00000000E+00  -0.99999000E+99
  -0.12420339726E+03   0.41764276712E+02   6  -0.45755339E+01   0.45755339E+01   0.00000000E+00   0.00000000E+00   0.00000000E+00  -0.99999000E+99
  -0.12420345662E+03   0.41764347945E+02   6  -0.45755339E+01   0.45755339E+01   0.00000000E+00   0.00000000E+00   0.00000000E+00  -0.99999000E+99
  -0.12420351598E+03   0.41764419178E+02   6  -0.45755339E+01   0.45755339E+01   0.00000000E+00   0.00000000E+00   0.00000000E+00  -0.99999000E+99
  -0.12420357534E+03   0.41764490411E+02   6  -0.66379403E+01   0.66379403E+01   0.00000000E+00   0.00000000E+00   0.00000000E+00  -0.99999000E+99
  -0.12420363470E+03   0.41764561644E+02   6  -0.66379403E+01   0.66379403E+01   0.00000000E+00   0.00000000E+00   0.00000000E+00  -0.99999000E+99
  -0.12420369406E+03   0.41764632877E+02   6  -0.66379403E+01   0.66379403E+01   0.00000000E+00   0.00000000E+00   0.00000000E+00  -0.99999000E+99
  -0.12420375342E+03   0.41764704110E+02   6  -0.44077351E+01   0.44077351E+01   0.00000000E+00   0.00000000E+00   0.00000000E+00  -0.99999000E+99
  -0.12420381279E+03   0.41764775342E+02   6  -0.44077351E+01   0.44077351E+01   0.00000000E+00   0.00000000E+00   0.00000000E+00  -0.99999000E+99
  -0.12420387215E+03   0.41764846575E+02   6  -0.50533886E+01   0.50533886E+01   0.00000000E+00   0.00000000E+00   0.00000000E+00  -0.99999000E+99
  -0.12420393151E+03   0.41764917808E+02   6  -0.50533886E+01   0.50533886E+01   0.00000000E+00   0.00000000E+00   0.00000000E+00  -0.99999000E+99
  -0.12420399087E+03   0.41764989041E+02   6  -0.50533886E+01   0.50533886E+01   0.00000000E+00   0.00000000E+00   0.00000000E+00  -0.99999000E+99
  -0.12420405023E+03   0.41765060274E+02   6  -0.50533886E+01   0.50533886E+01   0.00000000E+00   0.00000000E+00   0.00000000E+00  -0.99999000E+99
  -0.12420410959E+03   0.41765131507E+02   6  -0.43634994E+01   0.43634994E+01   0.00000000E+00   0.00000000E+00   0.00000000E+00  -0.99999000E+99
  -0.12420416895E+03   0.41765202740E+02   6  -0.43135041E+01   0.43135041E+01   0.00000000E+00   0.00000000E+00   0.00000000E+00  -0.99999000E+99
  -0.12420422831E+03   0.41765273973E+02   6  -0.43135041E+01   0.43135041E+01   0.00000000E+00   0.00000000E+00   0.00000000E+00  -0.99999000E+99
  -0.12420428767E+03   0.41765345205E+02   6  -0.43135041E+01   0.43135041E+01   0.00000000E+00   0.00000000E+00   0.00000000E+00  -0.99999000E+99
  -0.12420434703E+03   0.41765416438E+02   6  -0.43135041E+01   0.43135041E+01   0.00000000E+00   0.00000000E+00   0.00000000E+00  -0.99999000E+99
  -0.12420440639E+03   0.41765487671E+02   6  -0.43135041E+01   0.43135041E+01   0.00000000E+00   0.00000000E+00   0.00000000E+00  -0.99999000E+99
  -0.12420446575E+03   0.41765558904E+02   6  -0.41083035E+01   0.41083035E+01   0.00000000E+00   0.00000000E+00   0.00000000E+00  -0.99999000E+99
  -0.12420452511E+03   0.41765630137E+02   6  -0.41083035E+01   0.41083035E+01   0.00000000E+00   0.00000000E+00   0.00000000E+00  -0.99999000E+99
  -0.12420458447E+03   0.41765701370E+02   6  -0.41083035E+01   0.41083035E+01   0.00000000E+00   0.00000000E+00   0.00000000E+00  -0.99999000E+99
  -0.12420464384E+03   0.41765772603E+02   6  -0.41083035E+01   0.41083035E+01   0.00000000E+00   0.00000000E+00   0.00000000E+00  -0.99999000E+99
  -0.12420470320E+03   0.41765843836E+02   6  -0.41083035E+01   0.41083035E+01   0.00000000E+00   0.00000000E+00   0.00000000E+00  -0.99999000E+99
  -0.12420476256E+03   0.41765915068E+02   6  -0.41083035E+01   0.41083035E+01   0.00000000E+00   0.00000000E+00   0.00000000E+00  -0.99999000E+99
  -0.12420482192E+03   0.41765986301E+02   6  -0.43434327E+01   0.43434327E+01   0.00000000E+00   0.00000000E+00   0.00000000E+00  -0.99999000E+99
  -0.12420488128E+03   0.41766057534E+02   6  -0.43434327E+01   0.43434327E+01   0.00000000E+00   0.00000000E+00   0.00000000E+00  -0.99999000E+99
  -0.12420494064E+03   0.41766128767E+02   6  -0.43434327E+01   0.43434327E+01   0.00000000E+00   0.00000000E+00   0.00000000E+00  -0.99999000E+99
  -0.12420500000E+03   0.41766200000E+02   6  -0.43434327E+01   0.43434327E+01   0.00000000E+00   0.00000000E+00   0.00000000E+00  -0.99999000E+99
