# gauge_id= 613 location=( -0.1242110343E+03  0.4176499358E+02 ) num_var=  4
# Stationary gauge
# level, time, q[  1  2  3], eta, aux[]
# file format ascii, time series follow in this file
   06  0.0000000E+00  0.1560618E+02  0.0000000E+00  0.0000000E+00  0.0000000E+00
   06  0.0000000E+00  0.1560618E+02  0.0000000E+00  0.0000000E+00  0.0000000E+00
   06  0.0000000E+00  0.1560618E+02  0.0000000E+00  0.0000000E+00  0.0000000E+00
   06  0.0000000E+00  0.1560618E+02  0.0000000E+00  0.0000000E+00  0.0000000E+00
   06  0.0000000E+00  0.1560618E+02  0.0000000E+00  0.0000000E+00  0.0000000E+00
   06  0.1000000E+01  0.1560618E+02  0.2367942E-14 -0.1387562E-14 -0.3951923E+00
   06  0.1007937E+01  0.1560618E+02  0.1865665E-03  0.9406799E-05 -0.3951923E+00
   06  0.1015873E+01  0.1560618E+02  0.3731324E-03  0.1881357E-04 -0.3951924E+00
   06  0.1023810E+01  0.1560618E+02  0.5596978E-03  0.2822032E-04 -0.3951924E+00
   06  0.1031746E+01  0.1560618E+02  0.7462625E-03  0.3762703E-04 -0.3951924E+00
   06  0.1039683E+01  0.1560618E+02  0.9328267E-03  0.4703370E-04 -0.3951924E+00
   06  0.1047619E+01  0.1560618E+02  0.1119390E-02  0.5644031E-04 -0.3951924E+00
   06  0.1055556E+01  0.1560618E+02  0.1305953E-02  0.6584687E-04 -0.3951924E+00
   06  0.1063492E+01  0.1560618E+02  0.1492515E-02  0.7525336E-04 -0.3951924E+00
   06  0.1071429E+01  0.1560618E+02  0.1679077E-02  0.8465977E-04 -0.3951924E+00
   06  0.1079365E+01  0.1560618E+02  0.1865638E-02  0.9406611E-04 -0.3951924E+00
   06  0.1087302E+01  0.1560618E+02  0.2052199E-02  0.1034724E-03 -0.3951924E+00
   06  0.1095238E+01  0.1560618E+02  0.2238758E-02  0.1128785E-03 -0.3951924E+00
   06  0.1103175E+01  0.1560618E+02  0.2425317E-02  0.1222846E-03 -0.3951924E+00
   06  0.1111111E+01  0.1560618E+02  0.2611876E-02  0.1316905E-03 -0.3951924E+00
   06  0.1119048E+01  0.1560618E+02  0.2798434E-02  0.1410963E-03 -0.3951924E+00
   06  0.1126984E+01  0.1560618E+02  0.2984991E-02  0.1505020E-03 -0.3951924E+00
   06  0.1134921E+01  0.1560618E+02  0.3171547E-02  0.1599076E-03 -0.3951924E+00
   06  0.1142857E+01  0.1560618E+02  0.3358102E-02  0.1693130E-03 -0.3951924E+00
   06  0.1150794E+01  0.1560618E+02  0.3544657E-02  0.1787183E-03 -0.3951924E+00
   06  0.1158730E+01  0.1560618E+02  0.3731211E-02  0.1881234E-03 -0.3951925E+00
   06  0.1166667E+01  0.1560618E+02  0.3917765E-02  0.1975284E-03 -0.3951925E+00
   06  0.1174603E+01  0.1560618E+02  0.4104317E-02  0.2069332E-03 -0.3951925E+00
   06  0.1182540E+01  0.1560618E+02  0.4290869E-02  0.2163378E-03 -0.3951925E+00
   06  0.1190476E+01  0.1560618E+02  0.4477420E-02  0.2257423E-03 -0.3951925E+00
   06  0.1198413E+01  0.1560618E+02  0.4663971E-02  0.2351465E-03 -0.3951925E+00
   06  0.1206349E+01  0.1560618E+02  0.4850520E-02  0.2445506E-03 -0.3951925E+00
   06  0.1214286E+01  0.1560618E+02  0.5037069E-02  0.2539544E-03 -0.3951925E+00
   06  0.1238095E+01  0.1560618E+02  0.5596710E-02  0.2821662E-03 -0.3951926E+00
   06  0.1261905E+01  0.1560618E+02  0.6156344E-02  0.3103758E-03 -0.3951926E+00
   06  0.1285714E+01  0.1560618E+02  0.6715970E-02  0.3385832E-03 -0.3951927E+00
   06  0.1309524E+01  0.1560618E+02  0.7275589E-02  0.3667881E-03 -0.3951928E+00
   06  0.1333333E+01  0.1560618E+02  0.7835199E-02  0.3949903E-03 -0.3951928E+00
   06  0.1357143E+01  0.1560618E+02  0.8394801E-02  0.4231897E-03 -0.3951929E+00
   06  0.1380952E+01  0.1560618E+02  0.8954394E-02  0.4513861E-03 -0.3951930E+00
   06  0.1404762E+01  0.1560618E+02  0.9513979E-02  0.4795792E-03 -0.3951930E+00
   06  0.1428571E+01  0.1560618E+02  0.1007355E-01  0.5077689E-03 -0.3951931E+00
   06  0.1452381E+01  0.1560618E+02  0.1063312E-01  0.5359550E-03 -0.3951932E+00
   06  0.1476190E+01  0.1560618E+02  0.1119268E-01  0.5641374E-03 -0.3951933E+00
   06  0.1500000E+01  0.1560618E+02  0.1175222E-01  0.5923157E-03 -0.3951934E+00
   06  0.1523810E+01  0.1560618E+02  0.1231176E-01  0.6204899E-03 -0.3951935E+00
   06  0.1547619E+01  0.1560618E+02  0.1287129E-01  0.6486597E-03 -0.3951936E+00
   06  0.1571429E+01  0.1560618E+02  0.1343081E-01  0.6768250E-03 -0.3951937E+00
   06  0.1595238E+01  0.1560618E+02  0.1399031E-01  0.7049855E-03 -0.3951939E+00
   06  0.1619048E+01  0.1560618E+02  0.1454981E-01  0.7331412E-03 -0.3951940E+00
   06  0.1642857E+01  0.1560618E+02  0.1510930E-01  0.7612918E-03 -0.3951941E+00
   06  0.1666667E+01  0.1560618E+02  0.1566877E-01  0.7894371E-03 -0.3951942E+00
   06  0.1690476E+01  0.1560618E+02  0.1622823E-01  0.8175769E-03 -0.3951944E+00
   06  0.1714286E+01  0.1560618E+02  0.1678769E-01  0.8457111E-03 -0.3951945E+00
   06  0.1738095E+01  0.1560618E+02  0.1734713E-01  0.8738395E-03 -0.3951947E+00
   06  0.1761905E+01  0.1560618E+02  0.1790655E-01  0.9019619E-03 -0.3951948E+00
   06  0.1785714E+01  0.1560618E+02  0.1846597E-01  0.9300782E-03 -0.3951950E+00
   06  0.1809524E+01  0.1560618E+02  0.1902537E-01  0.9581881E-03 -0.3951951E+00
   06  0.1833333E+01  0.1560618E+02  0.1958477E-01  0.9862915E-03 -0.3951953E+00
   06  0.1857143E+01  0.1560618E+02  0.2014415E-01  0.1014388E-02 -0.3951955E+00
   06  0.1952381E+01  0.1560617E+02  0.2238154E-01  0.1126736E-02 -0.3951962E+00
   06  0.2047619E+01  0.1560617E+02  0.2461872E-01  0.1238964E-02 -0.3951970E+00
   06  0.2142857E+01  0.1560617E+02  0.2685567E-01  0.1351061E-02 -0.3951979E+00
   06  0.2238095E+01  0.1560617E+02  0.2909239E-01  0.1463019E-02 -0.3951988E+00
   06  0.2333333E+01  0.1560617E+02  0.3132887E-01  0.1574826E-02 -0.3951998E+00
   06  0.2428571E+01  0.1560617E+02  0.3356510E-01  0.1686472E-02 -0.3952009E+00
   06  0.2523810E+01  0.1560617E+02  0.3580107E-01  0.1797950E-02 -0.3952021E+00
   06  0.2619048E+01  0.1560617E+02  0.3803677E-01  0.1909249E-02 -0.3952034E+00
   06  0.2714286E+01  0.1560617E+02  0.4027219E-01  0.2020360E-02 -0.3952047E+00
   06  0.2809524E+01  0.1560616E+02  0.4250732E-01  0.2131276E-02 -0.3952061E+00
   06  0.2904762E+01  0.1560616E+02  0.4474217E-01  0.2241988E-02 -0.3952076E+00
   06  0.1000000E+01  0.1560618E+02  0.2367942E-14 -0.1387562E-14 -0.3951923E+00
   06  0.1007937E+01  0.1560618E+02  0.1865665E-03  0.9406799E-05 -0.3951923E+00
   06  0.1015873E+01  0.1560618E+02  0.3731324E-03  0.1881357E-04 -0.3951924E+00
   06  0.1023810E+01  0.1560618E+02  0.5596978E-03  0.2822032E-04 -0.3951924E+00
   06  0.1031746E+01  0.1560618E+02  0.7462625E-03  0.3762703E-04 -0.3951924E+00
   06  0.1039683E+01  0.1560618E+02  0.9328267E-03  0.4703370E-04 -0.3951924E+00
   06  0.1047619E+01  0.1560618E+02  0.1119390E-02  0.5644031E-04 -0.3951924E+00
   06  0.1055556E+01  0.1560618E+02  0.1305953E-02  0.6584687E-04 -0.3951924E+00
   06  0.1063492E+01  0.1560618E+02  0.1492515E-02  0.7525336E-04 -0.3951924E+00
   06  0.1071429E+01  0.1560618E+02  0.1679077E-02  0.8465977E-04 -0.3951924E+00
   06  0.1079365E+01  0.1560618E+02  0.1865638E-02  0.9406611E-04 -0.3951924E+00
   06  0.1087302E+01  0.1560618E+02  0.2052199E-02  0.1034724E-03 -0.3951924E+00
   06  0.1095238E+01  0.1560618E+02  0.2238758E-02  0.1128785E-03 -0.3951924E+00
   06  0.1103175E+01  0.1560618E+02  0.2425317E-02  0.1222846E-03 -0.3951924E+00
   06  0.1111111E+01  0.1560618E+02  0.2611876E-02  0.1316905E-03 -0.3951924E+00
   06  0.1119048E+01  0.1560618E+02  0.2798434E-02  0.1410963E-03 -0.3951924E+00
   06  0.1126984E+01  0.1560618E+02  0.2984991E-02  0.1505020E-03 -0.3951924E+00
   06  0.1134921E+01  0.1560618E+02  0.3171547E-02  0.1599076E-03 -0.3951924E+00
   06  0.1142857E+01  0.1560618E+02  0.3358102E-02  0.1693130E-03 -0.3951924E+00
   06  0.1150794E+01  0.1560618E+02  0.3544657E-02  0.1787183E-03 -0.3951924E+00
   06  0.1158730E+01  0.1560618E+02  0.3731211E-02  0.1881234E-03 -0.3951925E+00
   06  0.1166667E+01  0.1560618E+02  0.3917765E-02  0.1975284E-03 -0.3951925E+00
   06  0.1174603E+01  0.1560618E+02  0.4104317E-02  0.2069332E-03 -0.3951925E+00
   06  0.1182540E+01  0.1560618E+02  0.4290869E-02  0.2163378E-03 -0.3951925E+00
   06  0.1190476E+01  0.1560618E+02  0.4477420E-02  0.2257423E-03 -0.3951925E+00
   06  0.1198413E+01  0.1560618E+02  0.4663971E-02  0.2351465E-03 -0.3951925E+00
   06  0.1206349E+01  0.1560618E+02  0.4850520E-02  0.2445506E-03 -0.3951925E+00
   06  0.1214286E+01  0.1560618E+02  0.5037069E-02  0.2539544E-03 -0.3951925E+00
   06  0.1238095E+01  0.1560618E+02  0.5596710E-02  0.2821662E-03 -0.3951926E+00
   06  0.1261905E+01  0.1560618E+02  0.6156344E-02  0.3103758E-03 -0.3951926E+00
   06  0.1285714E+01  0.1560618E+02  0.6715970E-02  0.3385832E-03 -0.3951927E+00
   06  0.1309524E+01  0.1560618E+02  0.7275589E-02  0.3667881E-03 -0.3951928E+00
   06  0.1333333E+01  0.1560618E+02  0.7835199E-02  0.3949903E-03 -0.3951928E+00
   06  0.1357143E+01  0.1560618E+02  0.8394801E-02  0.4231897E-03 -0.3951929E+00
   06  0.1380952E+01  0.1560618E+02  0.8954394E-02  0.4513861E-03 -0.3951930E+00
   06  0.1404762E+01  0.1560618E+02  0.9513979E-02  0.4795792E-03 -0.3951930E+00
   06  0.1428571E+01  0.1560618E+02  0.1007355E-01  0.5077689E-03 -0.3951931E+00
   06  0.1452381E+01  0.1560618E+02  0.1063312E-01  0.5359550E-03 -0.3951932E+00
   06  0.1476190E+01  0.1560618E+02  0.1119268E-01  0.5641374E-03 -0.3951933E+00
   06  0.1500000E+01  0.1560618E+02  0.1175222E-01  0.5923157E-03 -0.3951934E+00
   06  0.1523810E+01  0.1560618E+02  0.1231176E-01  0.6204899E-03 -0.3951935E+00
   06  0.1547619E+01  0.1560618E+02  0.1287129E-01  0.6486597E-03 -0.3951936E+00
   06  0.1571429E+01  0.1560618E+02  0.1343081E-01  0.6768250E-03 -0.3951937E+00
   06  0.1595238E+01  0.1560618E+02  0.1399031E-01  0.7049855E-03 -0.3951939E+00
   06  0.1619048E+01  0.1560618E+02  0.1454981E-01  0.7331412E-03 -0.3951940E+00
   06  0.1642857E+01  0.1560618E+02  0.1510930E-01  0.7612918E-03 -0.3951941E+00
   06  0.1666667E+01  0.1560618E+02  0.1566877E-01  0.7894371E-03 -0.3951942E+00
   06  0.1690476E+01  0.1560618E+02  0.1622823E-01  0.8175769E-03 -0.3951944E+00
   06  0.1714286E+01  0.1560618E+02  0.1678769E-01  0.8457111E-03 -0.3951945E+00
   06  0.1738095E+01  0.1560618E+02  0.1734713E-01  0.8738395E-03 -0.3951947E+00
   06  0.1761905E+01  0.1560618E+02  0.1790655E-01  0.9019619E-03 -0.3951948E+00
   06  0.1785714E+01  0.1560618E+02  0.1846597E-01  0.9300782E-03 -0.3951950E+00
   06  0.1809524E+01  0.1560618E+02  0.1902537E-01  0.9581881E-03 -0.3951951E+00
   06  0.1833333E+01  0.1560618E+02  0.1958477E-01  0.9862915E-03 -0.3951953E+00
   06  0.1857143E+01  0.1560618E+02  0.2014415E-01  0.1014388E-02 -0.3951955E+00
   06  0.1952381E+01  0.1560617E+02  0.2238154E-01  0.1126736E-02 -0.3951962E+00
   06  0.2047619E+01  0.1560617E+02  0.2461872E-01  0.1238964E-02 -0.3951970E+00
   06  0.2142857E+01  0.1560617E+02  0.2685567E-01  0.1351061E-02 -0.3951979E+00
   06  0.2238095E+01  0.1560617E+02  0.2909239E-01  0.1463019E-02 -0.3951988E+00
   06  0.2333333E+01  0.1560617E+02  0.3132887E-01  0.1574826E-02 -0.3951998E+00
   06  0.2428571E+01  0.1560617E+02  0.3356510E-01  0.1686472E-02 -0.3952009E+00
   06  0.2523810E+01  0.1560617E+02  0.3580107E-01  0.1797950E-02 -0.3952021E+00
   06  0.2619048E+01  0.1560617E+02  0.3803677E-01  0.1909249E-02 -0.3952034E+00
   06  0.2714286E+01  0.1560617E+02  0.4027219E-01  0.2020360E-02 -0.3952047E+00
   06  0.2809524E+01  0.1560616E+02  0.4250732E-01  0.2131276E-02 -0.3952061E+00
   06  0.2904762E+01  0.1560616E+02  0.4474217E-01  0.2241988E-02 -0.3952076E+00
   06  0.1000000E+01  0.1560618E+02  0.2367942E-14 -0.1387562E-14 -0.3951923E+00
   06  0.1007937E+01  0.1560618E+02  0.1865665E-03  0.9406799E-05 -0.3951923E+00
   06  0.1015873E+01  0.1560618E+02  0.3731324E-03  0.1881357E-04 -0.3951924E+00
   06  0.1023810E+01  0.1560618E+02  0.5596978E-03  0.2822032E-04 -0.3951924E+00
   06  0.1031746E+01  0.1560618E+02  0.7462625E-03  0.3762703E-04 -0.3951924E+00
   06  0.1039683E+01  0.1560618E+02  0.9328267E-03  0.4703370E-04 -0.3951924E+00
   06  0.1047619E+01  0.1560618E+02  0.1119390E-02  0.5644031E-04 -0.3951924E+00
   06  0.1055556E+01  0.1560618E+02  0.1305953E-02  0.6584687E-04 -0.3951924E+00
   06  0.1063492E+01  0.1560618E+02  0.1492515E-02  0.7525336E-04 -0.3951924E+00
   06  0.1071429E+01  0.1560618E+02  0.1679077E-02  0.8465977E-04 -0.3951924E+00
   06  0.1079365E+01  0.1560618E+02  0.1865638E-02  0.9406611E-04 -0.3951924E+00
   06  0.1087302E+01  0.1560618E+02  0.2052199E-02  0.1034724E-03 -0.3951924E+00
   06  0.1095238E+01  0.1560618E+02  0.2238758E-02  0.1128785E-03 -0.3951924E+00
   06  0.1103175E+01  0.1560618E+02  0.2425317E-02  0.1222846E-03 -0.3951924E+00
   06  0.1111111E+01  0.1560618E+02  0.2611876E-02  0.1316905E-03 -0.3951924E+00
   06  0.1119048E+01  0.1560618E+02  0.2798434E-02  0.1410963E-03 -0.3951924E+00
   06  0.1126984E+01  0.1560618E+02  0.2984991E-02  0.1505020E-03 -0.3951924E+00
   06  0.1134921E+01  0.1560618E+02  0.3171547E-02  0.1599076E-03 -0.3951924E+00
   06  0.1142857E+01  0.1560618E+02  0.3358102E-02  0.1693130E-03 -0.3951924E+00
   06  0.1150794E+01  0.1560618E+02  0.3544657E-02  0.1787183E-03 -0.3951924E+00
   06  0.1158730E+01  0.1560618E+02  0.3731211E-02  0.1881234E-03 -0.3951925E+00
   06  0.1166667E+01  0.1560618E+02  0.3917765E-02  0.1975284E-03 -0.3951925E+00
   06  0.1174603E+01  0.1560618E+02  0.4104317E-02  0.2069332E-03 -0.3951925E+00
   06  0.1182540E+01  0.1560618E+02  0.4290869E-02  0.2163378E-03 -0.3951925E+00
   06  0.1190476E+01  0.1560618E+02  0.4477420E-02  0.2257423E-03 -0.3951925E+00
   06  0.1198413E+01  0.1560618E+02  0.4663971E-02  0.2351465E-03 -0.3951925E+00
   06  0.1206349E+01  0.1560618E+02  0.4850520E-02  0.2445506E-03 -0.3951925E+00
   06  0.1214286E+01  0.1560618E+02  0.5037069E-02  0.2539544E-03 -0.3951925E+00
   06  0.1238095E+01  0.1560618E+02  0.5596710E-02  0.2821662E-03 -0.3951926E+00
   06  0.1261905E+01  0.1560618E+02  0.6156344E-02  0.3103758E-03 -0.3951926E+00
   06  0.1285714E+01  0.1560618E+02  0.6715970E-02  0.3385832E-03 -0.3951927E+00
   06  0.1309524E+01  0.1560618E+02  0.7275589E-02  0.3667881E-03 -0.3951928E+00
   06  0.1333333E+01  0.1560618E+02  0.7835199E-02  0.3949903E-03 -0.3951928E+00
   06  0.1357143E+01  0.1560618E+02  0.8394801E-02  0.4231897E-03 -0.3951929E+00
   06  0.1380952E+01  0.1560618E+02  0.8954394E-02  0.4513861E-03 -0.3951930E+00
   06  0.1404762E+01  0.1560618E+02  0.9513979E-02  0.4795792E-03 -0.3951930E+00
   06  0.1428571E+01  0.1560618E+02  0.1007355E-01  0.5077689E-03 -0.3951931E+00
   06  0.1452381E+01  0.1560618E+02  0.1063312E-01  0.5359550E-03 -0.3951932E+00
   06  0.1476190E+01  0.1560618E+02  0.1119268E-01  0.5641374E-03 -0.3951933E+00
   06  0.1500000E+01  0.1560618E+02  0.1175222E-01  0.5923157E-03 -0.3951934E+00
   06  0.1523810E+01  0.1560618E+02  0.1231176E-01  0.6204899E-03 -0.3951935E+00
   06  0.1547619E+01  0.1560618E+02  0.1287129E-01  0.6486597E-03 -0.3951936E+00
   06  0.1571429E+01  0.1560618E+02  0.1343081E-01  0.6768250E-03 -0.3951937E+00
   06  0.1595238E+01  0.1560618E+02  0.1399031E-01  0.7049855E-03 -0.3951939E+00
   06  0.1619048E+01  0.1560618E+02  0.1454981E-01  0.7331412E-03 -0.3951940E+00
   06  0.1642857E+01  0.1560618E+02  0.1510930E-01  0.7612918E-03 -0.3951941E+00
   06  0.1666667E+01  0.1560618E+02  0.1566877E-01  0.7894371E-03 -0.3951942E+00
   06  0.1690476E+01  0.1560618E+02  0.1622823E-01  0.8175769E-03 -0.3951944E+00
   06  0.1714286E+01  0.1560618E+02  0.1678769E-01  0.8457111E-03 -0.3951945E+00
   06  0.1738095E+01  0.1560618E+02  0.1734713E-01  0.8738395E-03 -0.3951947E+00
   06  0.1761905E+01  0.1560618E+02  0.1790655E-01  0.9019619E-03 -0.3951948E+00
   06  0.1785714E+01  0.1560618E+02  0.1846597E-01  0.9300782E-03 -0.3951950E+00
   06  0.1809524E+01  0.1560618E+02  0.1902537E-01  0.9581881E-03 -0.3951951E+00
   06  0.1833333E+01  0.1560618E+02  0.1958477E-01  0.9862915E-03 -0.3951953E+00
   06  0.1857143E+01  0.1560618E+02  0.2014415E-01  0.1014388E-02 -0.3951955E+00
   06  0.1952381E+01  0.1560617E+02  0.2238154E-01  0.1126736E-02 -0.3951962E+00
   06  0.2047619E+01  0.1560617E+02  0.2461872E-01  0.1238964E-02 -0.3951970E+00
   06  0.2142857E+01  0.1560617E+02  0.2685567E-01  0.1351061E-02 -0.3951979E+00
   06  0.2238095E+01  0.1560617E+02  0.2909239E-01  0.1463019E-02 -0.3951988E+00
   06  0.2333333E+01  0.1560617E+02  0.3132887E-01  0.1574826E-02 -0.3951998E+00
   06  0.2428571E+01  0.1560617E+02  0.3356510E-01  0.1686472E-02 -0.3952009E+00
   06  0.2523810E+01  0.1560617E+02  0.3580107E-01  0.1797950E-02 -0.3952021E+00
   06  0.2619048E+01  0.1560617E+02  0.3803677E-01  0.1909249E-02 -0.3952034E+00
   06  0.2714286E+01  0.1560617E+02  0.4027219E-01  0.2020360E-02 -0.3952047E+00
   06  0.2809524E+01  0.1560616E+02  0.4250732E-01  0.2131276E-02 -0.3952061E+00
   06  0.2904762E+01  0.1560616E+02  0.4474217E-01  0.2241988E-02 -0.3952076E+00
   06  0.1000000E+01  0.1560618E+02  0.2367942E-14 -0.1387562E-14 -0.3951923E+00
   06  0.1007937E+01  0.1560618E+02  0.1865665E-03  0.9406799E-05 -0.3951923E+00
   06  0.1015873E+01  0.1560618E+02  0.3731324E-03  0.1881357E-04 -0.3951924E+00
   06  0.1023810E+01  0.1560618E+02  0.5596978E-03  0.2822032E-04 -0.3951924E+00
   06  0.1031746E+01  0.1560618E+02  0.7462625E-03  0.3762703E-04 -0.3951924E+00
   06  0.1039683E+01  0.1560618E+02  0.9328267E-03  0.4703370E-04 -0.3951924E+00
   06  0.1047619E+01  0.1560618E+02  0.1119390E-02  0.5644031E-04 -0.3951924E+00
   06  0.1055556E+01  0.1560618E+02  0.1305953E-02  0.6584687E-04 -0.3951924E+00
   06  0.1063492E+01  0.1560618E+02  0.1492515E-02  0.7525336E-04 -0.3951924E+00
   06  0.1071429E+01  0.1560618E+02  0.1679077E-02  0.8465977E-04 -0.3951924E+00
   06  0.1079365E+01  0.1560618E+02  0.1865638E-02  0.9406611E-04 -0.3951924E+00
   06  0.1087302E+01  0.1560618E+02  0.2052199E-02  0.1034724E-03 -0.3951924E+00
   06  0.1095238E+01  0.1560618E+02  0.2238758E-02  0.1128785E-03 -0.3951924E+00
   06  0.1103175E+01  0.1560618E+02  0.2425317E-02  0.1222846E-03 -0.3951924E+00
   06  0.1111111E+01  0.1560618E+02  0.2611876E-02  0.1316905E-03 -0.3951924E+00
   06  0.1119048E+01  0.1560618E+02  0.2798434E-02  0.1410963E-03 -0.3951924E+00
   06  0.1126984E+01  0.1560618E+02  0.2984991E-02  0.1505020E-03 -0.3951924E+00
   06  0.1134921E+01  0.1560618E+02  0.3171547E-02  0.1599076E-03 -0.3951924E+00
   06  0.1142857E+01  0.1560618E+02  0.3358102E-02  0.1693130E-03 -0.3951924E+00
   06  0.1150794E+01  0.1560618E+02  0.3544657E-02  0.1787183E-03 -0.3951924E+00
   06  0.1158730E+01  0.1560618E+02  0.3731211E-02  0.1881234E-03 -0.3951925E+00
   06  0.1166667E+01  0.1560618E+02  0.3917765E-02  0.1975284E-03 -0.3951925E+00
   06  0.1174603E+01  0.1560618E+02  0.4104317E-02  0.2069332E-03 -0.3951925E+00
   06  0.1182540E+01  0.1560618E+02  0.4290869E-02  0.2163378E-03 -0.3951925E+00
   06  0.1190476E+01  0.1560618E+02  0.4477420E-02  0.2257423E-03 -0.3951925E+00
   06  0.1198413E+01  0.1560618E+02  0.4663971E-02  0.2351465E-03 -0.3951925E+00
   06  0.1206349E+01  0.1560618E+02  0.4850520E-02  0.2445506E-03 -0.3951925E+00
   06  0.1214286E+01  0.1560618E+02  0.5037069E-02  0.2539544E-03 -0.3951925E+00
   06  0.1238095E+01  0.1560618E+02  0.5596710E-02  0.2821662E-03 -0.3951926E+00
   06  0.1261905E+01  0.1560618E+02  0.6156344E-02  0.3103758E-03 -0.3951926E+00
   06  0.1285714E+01  0.1560618E+02  0.6715970E-02  0.3385832E-03 -0.3951927E+00
   06  0.1309524E+01  0.1560618E+02  0.7275589E-02  0.3667881E-03 -0.3951928E+00
   06  0.1333333E+01  0.1560618E+02  0.7835199E-02  0.3949903E-03 -0.3951928E+00
   06  0.1357143E+01  0.1560618E+02  0.8394801E-02  0.4231897E-03 -0.3951929E+00
   06  0.1380952E+01  0.1560618E+02  0.8954394E-02  0.4513861E-03 -0.3951930E+00
   06  0.1404762E+01  0.1560618E+02  0.9513979E-02  0.4795792E-03 -0.3951930E+00
   06  0.1428571E+01  0.1560618E+02  0.1007355E-01  0.5077689E-03 -0.3951931E+00
   06  0.1452381E+01  0.1560618E+02  0.1063312E-01  0.5359550E-03 -0.3951932E+00
   06  0.1476190E+01  0.1560618E+02  0.1119268E-01  0.5641374E-03 -0.3951933E+00
   06  0.1500000E+01  0.1560618E+02  0.1175222E-01  0.5923157E-03 -0.3951934E+00
   06  0.1523810E+01  0.1560618E+02  0.1231176E-01  0.6204899E-03 -0.3951935E+00
   06  0.1547619E+01  0.1560618E+02  0.1287129E-01  0.6486597E-03 -0.3951936E+00
   06  0.1571429E+01  0.1560618E+02  0.1343081E-01  0.6768250E-03 -0.3951937E+00
   06  0.1595238E+01  0.1560618E+02  0.1399031E-01  0.7049855E-03 -0.3951939E+00
   06  0.1619048E+01  0.1560618E+02  0.1454981E-01  0.7331412E-03 -0.3951940E+00
   06  0.1642857E+01  0.1560618E+02  0.1510930E-01  0.7612918E-03 -0.3951941E+00
   06  0.1666667E+01  0.1560618E+02  0.1566877E-01  0.7894371E-03 -0.3951942E+00
   06  0.1690476E+01  0.1560618E+02  0.1622823E-01  0.8175769E-03 -0.3951944E+00
   06  0.1714286E+01  0.1560618E+02  0.1678769E-01  0.8457111E-03 -0.3951945E+00
   06  0.1738095E+01  0.1560618E+02  0.1734713E-01  0.8738395E-03 -0.3951947E+00
   06  0.1761905E+01  0.1560618E+02  0.1790655E-01  0.9019619E-03 -0.3951948E+00
   06  0.1785714E+01  0.1560618E+02  0.1846597E-01  0.9300782E-03 -0.3951950E+00
   06  0.1809524E+01  0.1560618E+02  0.1902537E-01  0.9581881E-03 -0.3951951E+00
   06  0.1833333E+01  0.1560618E+02  0.1958477E-01  0.9862915E-03 -0.3951953E+00
   06  0.1857143E+01  0.1560618E+02  0.2014415E-01  0.1014388E-02 -0.3951955E+00
   06  0.1952381E+01  0.1560617E+02  0.2238154E-01  0.1126736E-02 -0.3951962E+00
   06  0.2047619E+01  0.1560617E+02  0.2461872E-01  0.1238964E-02 -0.3951970E+00
   06  0.2142857E+01  0.1560617E+02  0.2685567E-01  0.1351061E-02 -0.3951979E+00
   06  0.2238095E+01  0.1560617E+02  0.2909239E-01  0.1463019E-02 -0.3951988E+00
   06  0.2333333E+01  0.1560617E+02  0.3132887E-01  0.1574826E-02 -0.3951998E+00
   06  0.2428571E+01  0.1560617E+02  0.3356510E-01  0.1686472E-02 -0.3952009E+00
   06  0.2523810E+01  0.1560617E+02  0.3580107E-01  0.1797950E-02 -0.3952021E+00
   06  0.2619048E+01  0.1560617E+02  0.3803677E-01  0.1909249E-02 -0.3952034E+00
   06  0.2714286E+01  0.1560617E+02  0.4027219E-01  0.2020360E-02 -0.3952047E+00
   06  0.2809524E+01  0.1560616E+02  0.4250732E-01  0.2131276E-02 -0.3952061E+00
   06  0.2904762E+01  0.1560616E+02  0.4474217E-01  0.2241988E-02 -0.3952076E+00
   06  0.1000000E+01  0.1560618E+02  0.2367942E-14 -0.1387562E-14 -0.3951923E+00
   06  0.1007937E+01  0.1560618E+02  0.1865665E-03  0.9406799E-05 -0.3951923E+00
   06  0.1015873E+01  0.1560618E+02  0.3731324E-03  0.1881357E-04 -0.3951924E+00
   06  0.1023810E+01  0.1560618E+02  0.5596978E-03  0.2822032E-04 -0.3951924E+00
   06  0.1031746E+01  0.1560618E+02  0.7462625E-03  0.3762703E-04 -0.3951924E+00
   06  0.1039683E+01  0.1560618E+02  0.9328267E-03  0.4703370E-04 -0.3951924E+00
   06  0.1047619E+01  0.1560618E+02  0.1119390E-02  0.5644031E-04 -0.3951924E+00
   06  0.1055556E+01  0.1560618E+02  0.1305953E-02  0.6584687E-04 -0.3951924E+00
   06  0.1063492E+01  0.1560618E+02  0.1492515E-02  0.7525336E-04 -0.3951924E+00
   06  0.1071429E+01  0.1560618E+02  0.1679077E-02  0.8465977E-04 -0.3951924E+00
   06  0.1079365E+01  0.1560618E+02  0.1865638E-02  0.9406611E-04 -0.3951924E+00
   06  0.1087302E+01  0.1560618E+02  0.2052199E-02  0.1034724E-03 -0.3951924E+00
   06  0.1095238E+01  0.1560618E+02  0.2238758E-02  0.1128785E-03 -0.3951924E+00
   06  0.1103175E+01  0.1560618E+02  0.2425317E-02  0.1222846E-03 -0.3951924E+00
   06  0.1111111E+01  0.1560618E+02  0.2611876E-02  0.1316905E-03 -0.3951924E+00
   06  0.1119048E+01  0.1560618E+02  0.2798434E-02  0.1410963E-03 -0.3951924E+00
   06  0.1126984E+01  0.1560618E+02  0.2984991E-02  0.1505020E-03 -0.3951924E+00
   06  0.1134921E+01  0.1560618E+02  0.3171547E-02  0.1599076E-03 -0.3951924E+00
   06  0.1142857E+01  0.1560618E+02  0.3358102E-02  0.1693130E-03 -0.3951924E+00
   06  0.1150794E+01  0.1560618E+02  0.3544657E-02  0.1787183E-03 -0.3951924E+00
   06  0.1158730E+01  0.1560618E+02  0.3731211E-02  0.1881234E-03 -0.3951925E+00
   06  0.1166667E+01  0.1560618E+02  0.3917765E-02  0.1975284E-03 -0.3951925E+00
   06  0.1174603E+01  0.1560618E+02  0.4104317E-02  0.2069332E-03 -0.3951925E+00
   06  0.1182540E+01  0.1560618E+02  0.4290869E-02  0.2163378E-03 -0.3951925E+00
   06  0.1190476E+01  0.1560618E+02  0.4477420E-02  0.2257423E-03 -0.3951925E+00
   06  0.1198413E+01  0.1560618E+02  0.4663971E-02  0.2351465E-03 -0.3951925E+00
   06  0.1206349E+01  0.1560618E+02  0.4850520E-02  0.2445506E-03 -0.3951925E+00
   06  0.1214286E+01  0.1560618E+02  0.5037069E-02  0.2539544E-03 -0.3951925E+00
   06  0.1238095E+01  0.1560618E+02  0.5596710E-02  0.2821662E-03 -0.3951926E+00
   06  0.1261905E+01  0.1560618E+02  0.6156344E-02  0.3103758E-03 -0.3951926E+00
   06  0.1285714E+01  0.1560618E+02  0.6715970E-02  0.3385832E-03 -0.3951927E+00
   06  0.1309524E+01  0.1560618E+02  0.7275589E-02  0.3667881E-03 -0.3951928E+00
   06  0.1333333E+01  0.1560618E+02  0.7835199E-02  0.3949903E-03 -0.3951928E+00
   06  0.1357143E+01  0.1560618E+02  0.8394801E-02  0.4231897E-03 -0.3951929E+00
   06  0.1380952E+01  0.1560618E+02  0.8954394E-02  0.4513861E-03 -0.3951930E+00
   06  0.1404762E+01  0.1560618E+02  0.9513979E-02  0.4795792E-03 -0.3951930E+00
   06  0.1428571E+01  0.1560618E+02  0.1007355E-01  0.5077689E-03 -0.3951931E+00
   06  0.1452381E+01  0.1560618E+02  0.1063312E-01  0.5359550E-03 -0.3951932E+00
   06  0.1476190E+01  0.1560618E+02  0.1119268E-01  0.5641374E-03 -0.3951933E+00
   06  0.1500000E+01  0.1560618E+02  0.1175222E-01  0.5923157E-03 -0.3951934E+00
   06  0.1523810E+01  0.1560618E+02  0.1231176E-01  0.6204899E-03 -0.3951935E+00
   06  0.1547619E+01  0.1560618E+02  0.1287129E-01  0.6486597E-03 -0.3951936E+00
   06  0.1571429E+01  0.1560618E+02  0.1343081E-01  0.6768250E-03 -0.3951937E+00
   06  0.1595238E+01  0.1560618E+02  0.1399031E-01  0.7049855E-03 -0.3951939E+00
   06  0.1619048E+01  0.1560618E+02  0.1454981E-01  0.7331412E-03 -0.3951940E+00
   06  0.1642857E+01  0.1560618E+02  0.1510930E-01  0.7612918E-03 -0.3951941E+00
   06  0.1666667E+01  0.1560618E+02  0.1566877E-01  0.7894371E-03 -0.3951942E+00
   06  0.1690476E+01  0.1560618E+02  0.1622823E-01  0.8175769E-03 -0.3951944E+00
   06  0.1714286E+01  0.1560618E+02  0.1678769E-01  0.8457111E-03 -0.3951945E+00
   06  0.1738095E+01  0.1560618E+02  0.1734713E-01  0.8738395E-03 -0.3951947E+00
   06  0.1761905E+01  0.1560618E+02  0.1790655E-01  0.9019619E-03 -0.3951948E+00
   06  0.1785714E+01  0.1560618E+02  0.1846597E-01  0.9300782E-03 -0.3951950E+00
   06  0.1809524E+01  0.1560618E+02  0.1902537E-01  0.9581881E-03 -0.3951951E+00
   06  0.1833333E+01  0.1560618E+02  0.1958477E-01  0.9862915E-03 -0.3951953E+00
   06  0.1857143E+01  0.1560618E+02  0.2014415E-01  0.1014388E-02 -0.3951955E+00
   06  0.1952381E+01  0.1560617E+02  0.2238154E-01  0.1126736E-02 -0.3951962E+00
   06  0.2047619E+01  0.1560617E+02  0.2461872E-01  0.1238964E-02 -0.3951970E+00
   06  0.2142857E+01  0.1560617E+02  0.2685567E-01  0.1351061E-02 -0.3951979E+00
   06  0.2238095E+01  0.1560617E+02  0.2909239E-01  0.1463019E-02 -0.3951988E+00
   06  0.2333333E+01  0.1560617E+02  0.3132887E-01  0.1574826E-02 -0.3951998E+00
   06  0.2428571E+01  0.1560617E+02  0.3356510E-01  0.1686472E-02 -0.3952009E+00
   06  0.2523810E+01  0.1560617E+02  0.3580107E-01  0.1797950E-02 -0.3952021E+00
   06  0.2619048E+01  0.1560617E+02  0.3803677E-01  0.1909249E-02 -0.3952034E+00
   06  0.2714286E+01  0.1560617E+02  0.4027219E-01  0.2020360E-02 -0.3952047E+00
   06  0.2809524E+01  0.1560616E+02  0.4250732E-01  0.2131276E-02 -0.3952061E+00
   06  0.2904762E+01  0.1560616E+02  0.4474217E-01  0.2241988E-02 -0.3952076E+00
