# gauge_id= 607 location=( -0.1242042291E+03  0.4176285853E+02 ) num_var=  4
# Stationary gauge
# level, time, q[  1  2  3], eta, aux[]
# file format ascii, time series follow in this file
   06  0.0000000E+00  0.1288720E+02  0.0000000E+00  0.0000000E+00  0.0000000E+00
   06  0.0000000E+00  0.1288720E+02  0.0000000E+00  0.0000000E+00  0.0000000E+00
   06  0.0000000E+00  0.1288720E+02  0.0000000E+00  0.0000000E+00  0.0000000E+00
   06  0.0000000E+00  0.1288720E+02  0.0000000E+00  0.0000000E+00  0.0000000E+00
   06  0.0000000E+00  0.1288720E+02  0.0000000E+00  0.0000000E+00  0.0000000E+00
   06  0.1000000E+01  0.1288720E+02 -0.7331616E-15  0.2288548E-15 -0.4799394E+00
   06  0.1007937E+01  0.1288720E+02  0.1548026E-03  0.8012192E-05 -0.4799395E+00
   06  0.1015873E+01  0.1288720E+02  0.3096133E-03  0.1602472E-04 -0.4799395E+00
   06  0.1023810E+01  0.1288720E+02  0.4644319E-03  0.2403756E-04 -0.4799395E+00
   06  0.1031746E+01  0.1288720E+02  0.6192584E-03  0.3205070E-04 -0.4799395E+00
   06  0.1039683E+01  0.1288720E+02  0.7740927E-03  0.4006410E-04 -0.4799396E+00
   06  0.1047619E+01  0.1288720E+02  0.9289347E-03  0.4807776E-04 -0.4799396E+00
   06  0.1055556E+01  0.1288720E+02  0.1083784E-02  0.5609164E-04 -0.4799396E+00
   06  0.1063492E+01  0.1288720E+02  0.1238642E-02  0.6410572E-04 -0.4799396E+00
   06  0.1071429E+01  0.1288720E+02  0.1393507E-02  0.7211999E-04 -0.4799396E+00
   06  0.1079365E+01  0.1288720E+02  0.1548379E-02  0.8013442E-04 -0.4799396E+00
   06  0.1087302E+01  0.1288720E+02  0.1703259E-02  0.8814898E-04 -0.4799396E+00
   06  0.1095238E+01  0.1288720E+02  0.1858146E-02  0.9616367E-04 -0.4799397E+00
   06  0.1103175E+01  0.1288720E+02  0.2013041E-02  0.1041784E-03 -0.4799397E+00
   06  0.1111111E+01  0.1288720E+02  0.2167942E-02  0.1121933E-03 -0.4799397E+00
   06  0.1119048E+01  0.1288720E+02  0.2322851E-02  0.1202082E-03 -0.4799397E+00
   06  0.1126984E+01  0.1288720E+02  0.2477767E-02  0.1282231E-03 -0.4799397E+00
   06  0.1134921E+01  0.1288720E+02  0.2632690E-02  0.1362380E-03 -0.4799397E+00
   06  0.1142857E+01  0.1288720E+02  0.2787620E-02  0.1442529E-03 -0.4799397E+00
   06  0.1150794E+01  0.1288720E+02  0.2942557E-02  0.1522678E-03 -0.4799397E+00
   06  0.1158730E+01  0.1288720E+02  0.3097500E-02  0.1602825E-03 -0.4799396E+00
   06  0.1166667E+01  0.1288720E+02  0.3252451E-02  0.1682972E-03 -0.4799396E+00
   06  0.1174603E+01  0.1288720E+02  0.3407408E-02  0.1763118E-03 -0.4799396E+00
   06  0.1182540E+01  0.1288720E+02  0.3562371E-02  0.1843263E-03 -0.4799396E+00
   06  0.1190476E+01  0.1288720E+02  0.3717341E-02  0.1923406E-03 -0.4799396E+00
   06  0.1198413E+01  0.1288720E+02  0.3872317E-02  0.2003547E-03 -0.4799396E+00
   06  0.1206349E+01  0.1288720E+02  0.4027300E-02  0.2083686E-03 -0.4799395E+00
   06  0.1214286E+01  0.1288720E+02  0.4182289E-02  0.2163822E-03 -0.4799395E+00
   06  0.1238095E+01  0.1288720E+02  0.4647254E-02  0.2404281E-03 -0.4799394E+00
   06  0.1261905E+01  0.1288720E+02  0.5112272E-02  0.2644709E-03 -0.4799393E+00
   06  0.1285714E+01  0.1288720E+02  0.5577341E-02  0.2885102E-03 -0.4799392E+00
   06  0.1309524E+01  0.1288720E+02  0.6042460E-02  0.3125453E-03 -0.4799391E+00
   06  0.1333333E+01  0.1288720E+02  0.6507626E-02  0.3365754E-03 -0.4799389E+00
   06  0.1357143E+01  0.1288720E+02  0.6972836E-02  0.3605999E-03 -0.4799388E+00
   06  0.1380952E+01  0.1288720E+02  0.7438089E-02  0.3846183E-03 -0.4799386E+00
   06  0.1404762E+01  0.1288720E+02  0.7903381E-02  0.4086296E-03 -0.4799383E+00
   06  0.1428571E+01  0.1288720E+02  0.8368711E-02  0.4326334E-03 -0.4799381E+00
   06  0.1452381E+01  0.1288721E+02  0.8834075E-02  0.4566288E-03 -0.4799379E+00
   06  0.1476190E+01  0.1288721E+02  0.9299472E-02  0.4806151E-03 -0.4799376E+00
   06  0.1500000E+01  0.1288721E+02  0.9764899E-02  0.5045918E-03 -0.4799373E+00
   06  0.1523810E+01  0.1288721E+02  0.1023035E-01  0.5285579E-03 -0.4799370E+00
   06  0.1547619E+01  0.1288721E+02  0.1069583E-01  0.5525129E-03 -0.4799367E+00
   06  0.1571429E+01  0.1288721E+02  0.1116133E-01  0.5764559E-03 -0.4799363E+00
   06  0.1595238E+01  0.1288721E+02  0.1162685E-01  0.6003862E-03 -0.4799360E+00
   06  0.1619048E+01  0.1288721E+02  0.1209239E-01  0.6243031E-03 -0.4799356E+00
   06  0.1642857E+01  0.1288721E+02  0.1255793E-01  0.6482059E-03 -0.4799352E+00
   06  0.1666667E+01  0.1288721E+02  0.1302349E-01  0.6720936E-03 -0.4799347E+00
   06  0.1690476E+01  0.1288721E+02  0.1348906E-01  0.6959657E-03 -0.4799343E+00
   06  0.1714286E+01  0.1288721E+02  0.1395463E-01  0.7198212E-03 -0.4799338E+00
   06  0.1738095E+01  0.1288721E+02  0.1442020E-01  0.7436594E-03 -0.4799333E+00
   06  0.1761905E+01  0.1288721E+02  0.1488578E-01  0.7674795E-03 -0.4799328E+00
   06  0.1785714E+01  0.1288721E+02  0.1535134E-01  0.7912808E-03 -0.4799323E+00
   06  0.1809524E+01  0.1288721E+02  0.1581690E-01  0.8150623E-03 -0.4799317E+00
   06  0.1833333E+01  0.1288721E+02  0.1628245E-01  0.8388232E-03 -0.4799312E+00
   06  0.1857143E+01  0.1288721E+02  0.1674799E-01  0.8625628E-03 -0.4799306E+00
   06  0.1952381E+01  0.1288722E+02  0.1860928E-01  0.9573843E-03 -0.4799279E+00
   06  0.2047619E+01  0.1288722E+02  0.2047014E-01  0.1051797E-02 -0.4799249E+00
   06  0.2142857E+01  0.1288722E+02  0.2233035E-01  0.1145745E-02 -0.4799216E+00
   06  0.2238095E+01  0.1288723E+02  0.2418968E-01  0.1239171E-02 -0.4799179E+00
   06  0.2333333E+01  0.1288723E+02  0.2604792E-01  0.1332017E-02 -0.4799137E+00
   06  0.2428571E+01  0.1288723E+02  0.2790482E-01  0.1424220E-02 -0.4799092E+00
   06  0.2523810E+01  0.1288724E+02  0.2976016E-01  0.1515719E-02 -0.4799042E+00
   06  0.2619048E+01  0.1288724E+02  0.3161368E-01  0.1606450E-02 -0.4798988E+00
   06  0.2714286E+01  0.1288725E+02  0.3346515E-01  0.1696347E-02 -0.4798929E+00
   06  0.2809524E+01  0.1288726E+02  0.3531430E-01  0.1785344E-02 -0.4798866E+00
   06  0.2904762E+01  0.1288726E+02  0.3716089E-01  0.1873372E-02 -0.4798798E+00
   06  0.1000000E+01  0.1288720E+02 -0.7331616E-15  0.2288548E-15 -0.4799394E+00
   06  0.1007937E+01  0.1288720E+02  0.1548026E-03  0.8012192E-05 -0.4799395E+00
   06  0.1015873E+01  0.1288720E+02  0.3096133E-03  0.1602472E-04 -0.4799395E+00
   06  0.1023810E+01  0.1288720E+02  0.4644319E-03  0.2403756E-04 -0.4799395E+00
   06  0.1031746E+01  0.1288720E+02  0.6192584E-03  0.3205070E-04 -0.4799395E+00
   06  0.1039683E+01  0.1288720E+02  0.7740927E-03  0.4006410E-04 -0.4799396E+00
   06  0.1047619E+01  0.1288720E+02  0.9289347E-03  0.4807776E-04 -0.4799396E+00
   06  0.1055556E+01  0.1288720E+02  0.1083784E-02  0.5609164E-04 -0.4799396E+00
   06  0.1063492E+01  0.1288720E+02  0.1238642E-02  0.6410572E-04 -0.4799396E+00
   06  0.1071429E+01  0.1288720E+02  0.1393507E-02  0.7211999E-04 -0.4799396E+00
   06  0.1079365E+01  0.1288720E+02  0.1548379E-02  0.8013442E-04 -0.4799396E+00
   06  0.1087302E+01  0.1288720E+02  0.1703259E-02  0.8814898E-04 -0.4799396E+00
   06  0.1095238E+01  0.1288720E+02  0.1858146E-02  0.9616367E-04 -0.4799397E+00
   06  0.1103175E+01  0.1288720E+02  0.2013041E-02  0.1041784E-03 -0.4799397E+00
   06  0.1111111E+01  0.1288720E+02  0.2167942E-02  0.1121933E-03 -0.4799397E+00
   06  0.1119048E+01  0.1288720E+02  0.2322851E-02  0.1202082E-03 -0.4799397E+00
   06  0.1126984E+01  0.1288720E+02  0.2477767E-02  0.1282231E-03 -0.4799397E+00
   06  0.1134921E+01  0.1288720E+02  0.2632690E-02  0.1362380E-03 -0.4799397E+00
   06  0.1142857E+01  0.1288720E+02  0.2787620E-02  0.1442529E-03 -0.4799397E+00
   06  0.1150794E+01  0.1288720E+02  0.2942557E-02  0.1522678E-03 -0.4799397E+00
   06  0.1158730E+01  0.1288720E+02  0.3097500E-02  0.1602825E-03 -0.4799396E+00
   06  0.1166667E+01  0.1288720E+02  0.3252451E-02  0.1682972E-03 -0.4799396E+00
   06  0.1174603E+01  0.1288720E+02  0.3407408E-02  0.1763118E-03 -0.4799396E+00
   06  0.1182540E+01  0.1288720E+02  0.3562371E-02  0.1843263E-03 -0.4799396E+00
   06  0.1190476E+01  0.1288720E+02  0.3717341E-02  0.1923406E-03 -0.4799396E+00
   06  0.1198413E+01  0.1288720E+02  0.3872317E-02  0.2003547E-03 -0.4799396E+00
   06  0.1206349E+01  0.1288720E+02  0.4027300E-02  0.2083686E-03 -0.4799395E+00
   06  0.1214286E+01  0.1288720E+02  0.4182289E-02  0.2163822E-03 -0.4799395E+00
   06  0.1238095E+01  0.1288720E+02  0.4647254E-02  0.2404281E-03 -0.4799394E+00
   06  0.1261905E+01  0.1288720E+02  0.5112272E-02  0.2644709E-03 -0.4799393E+00
   06  0.1285714E+01  0.1288720E+02  0.5577341E-02  0.2885102E-03 -0.4799392E+00
   06  0.1309524E+01  0.1288720E+02  0.6042460E-02  0.3125453E-03 -0.4799391E+00
   06  0.1333333E+01  0.1288720E+02  0.6507626E-02  0.3365754E-03 -0.4799389E+00
   06  0.1357143E+01  0.1288720E+02  0.6972836E-02  0.3605999E-03 -0.4799388E+00
   06  0.1380952E+01  0.1288720E+02  0.7438089E-02  0.3846183E-03 -0.4799386E+00
   06  0.1404762E+01  0.1288720E+02  0.7903381E-02  0.4086296E-03 -0.4799383E+00
   06  0.1428571E+01  0.1288720E+02  0.8368711E-02  0.4326334E-03 -0.4799381E+00
   06  0.1452381E+01  0.1288721E+02  0.8834075E-02  0.4566288E-03 -0.4799379E+00
   06  0.1476190E+01  0.1288721E+02  0.9299472E-02  0.4806151E-03 -0.4799376E+00
   06  0.1500000E+01  0.1288721E+02  0.9764899E-02  0.5045918E-03 -0.4799373E+00
   06  0.1523810E+01  0.1288721E+02  0.1023035E-01  0.5285579E-03 -0.4799370E+00
   06  0.1547619E+01  0.1288721E+02  0.1069583E-01  0.5525129E-03 -0.4799367E+00
   06  0.1571429E+01  0.1288721E+02  0.1116133E-01  0.5764559E-03 -0.4799363E+00
   06  0.1595238E+01  0.1288721E+02  0.1162685E-01  0.6003862E-03 -0.4799360E+00
   06  0.1619048E+01  0.1288721E+02  0.1209239E-01  0.6243031E-03 -0.4799356E+00
   06  0.1642857E+01  0.1288721E+02  0.1255793E-01  0.6482059E-03 -0.4799352E+00
   06  0.1666667E+01  0.1288721E+02  0.1302349E-01  0.6720936E-03 -0.4799347E+00
   06  0.1690476E+01  0.1288721E+02  0.1348906E-01  0.6959657E-03 -0.4799343E+00
   06  0.1714286E+01  0.1288721E+02  0.1395463E-01  0.7198212E-03 -0.4799338E+00
   06  0.1738095E+01  0.1288721E+02  0.1442020E-01  0.7436594E-03 -0.4799333E+00
   06  0.1761905E+01  0.1288721E+02  0.1488578E-01  0.7674795E-03 -0.4799328E+00
   06  0.1785714E+01  0.1288721E+02  0.1535134E-01  0.7912808E-03 -0.4799323E+00
   06  0.1809524E+01  0.1288721E+02  0.1581690E-01  0.8150623E-03 -0.4799317E+00
   06  0.1833333E+01  0.1288721E+02  0.1628245E-01  0.8388232E-03 -0.4799312E+00
   06  0.1857143E+01  0.1288721E+02  0.1674799E-01  0.8625628E-03 -0.4799306E+00
   06  0.1952381E+01  0.1288722E+02  0.1860928E-01  0.9573843E-03 -0.4799279E+00
   06  0.2047619E+01  0.1288722E+02  0.2047014E-01  0.1051797E-02 -0.4799249E+00
   06  0.2142857E+01  0.1288722E+02  0.2233035E-01  0.1145745E-02 -0.4799216E+00
   06  0.2238095E+01  0.1288723E+02  0.2418968E-01  0.1239171E-02 -0.4799179E+00
   06  0.2333333E+01  0.1288723E+02  0.2604792E-01  0.1332017E-02 -0.4799137E+00
   06  0.2428571E+01  0.1288723E+02  0.2790482E-01  0.1424220E-02 -0.4799092E+00
   06  0.2523810E+01  0.1288724E+02  0.2976016E-01  0.1515719E-02 -0.4799042E+00
   06  0.2619048E+01  0.1288724E+02  0.3161368E-01  0.1606450E-02 -0.4798988E+00
   06  0.2714286E+01  0.1288725E+02  0.3346515E-01  0.1696347E-02 -0.4798929E+00
   06  0.2809524E+01  0.1288726E+02  0.3531430E-01  0.1785344E-02 -0.4798866E+00
   06  0.2904762E+01  0.1288726E+02  0.3716089E-01  0.1873372E-02 -0.4798798E+00
   06  0.1000000E+01  0.1288720E+02 -0.7331616E-15  0.2288548E-15 -0.4799394E+00
   06  0.1007937E+01  0.1288720E+02  0.1548026E-03  0.8012192E-05 -0.4799395E+00
   06  0.1015873E+01  0.1288720E+02  0.3096133E-03  0.1602472E-04 -0.4799395E+00
   06  0.1023810E+01  0.1288720E+02  0.4644319E-03  0.2403756E-04 -0.4799395E+00
   06  0.1031746E+01  0.1288720E+02  0.6192584E-03  0.3205070E-04 -0.4799395E+00
   06  0.1039683E+01  0.1288720E+02  0.7740927E-03  0.4006410E-04 -0.4799396E+00
   06  0.1047619E+01  0.1288720E+02  0.9289347E-03  0.4807776E-04 -0.4799396E+00
   06  0.1055556E+01  0.1288720E+02  0.1083784E-02  0.5609164E-04 -0.4799396E+00
   06  0.1063492E+01  0.1288720E+02  0.1238642E-02  0.6410572E-04 -0.4799396E+00
   06  0.1071429E+01  0.1288720E+02  0.1393507E-02  0.7211999E-04 -0.4799396E+00
   06  0.1079365E+01  0.1288720E+02  0.1548379E-02  0.8013442E-04 -0.4799396E+00
   06  0.1087302E+01  0.1288720E+02  0.1703259E-02  0.8814898E-04 -0.4799396E+00
   06  0.1095238E+01  0.1288720E+02  0.1858146E-02  0.9616367E-04 -0.4799397E+00
   06  0.1103175E+01  0.1288720E+02  0.2013041E-02  0.1041784E-03 -0.4799397E+00
   06  0.1111111E+01  0.1288720E+02  0.2167942E-02  0.1121933E-03 -0.4799397E+00
   06  0.1119048E+01  0.1288720E+02  0.2322851E-02  0.1202082E-03 -0.4799397E+00
   06  0.1126984E+01  0.1288720E+02  0.2477767E-02  0.1282231E-03 -0.4799397E+00
   06  0.1134921E+01  0.1288720E+02  0.2632690E-02  0.1362380E-03 -0.4799397E+00
   06  0.1142857E+01  0.1288720E+02  0.2787620E-02  0.1442529E-03 -0.4799397E+00
   06  0.1150794E+01  0.1288720E+02  0.2942557E-02  0.1522678E-03 -0.4799397E+00
   06  0.1158730E+01  0.1288720E+02  0.3097500E-02  0.1602825E-03 -0.4799396E+00
   06  0.1166667E+01  0.1288720E+02  0.3252451E-02  0.1682972E-03 -0.4799396E+00
   06  0.1174603E+01  0.1288720E+02  0.3407408E-02  0.1763118E-03 -0.4799396E+00
   06  0.1182540E+01  0.1288720E+02  0.3562371E-02  0.1843263E-03 -0.4799396E+00
   06  0.1190476E+01  0.1288720E+02  0.3717341E-02  0.1923406E-03 -0.4799396E+00
   06  0.1198413E+01  0.1288720E+02  0.3872317E-02  0.2003547E-03 -0.4799396E+00
   06  0.1206349E+01  0.1288720E+02  0.4027300E-02  0.2083686E-03 -0.4799395E+00
   06  0.1214286E+01  0.1288720E+02  0.4182289E-02  0.2163822E-03 -0.4799395E+00
   06  0.1238095E+01  0.1288720E+02  0.4647254E-02  0.2404281E-03 -0.4799394E+00
   06  0.1261905E+01  0.1288720E+02  0.5112272E-02  0.2644709E-03 -0.4799393E+00
   06  0.1285714E+01  0.1288720E+02  0.5577341E-02  0.2885102E-03 -0.4799392E+00
   06  0.1309524E+01  0.1288720E+02  0.6042460E-02  0.3125453E-03 -0.4799391E+00
   06  0.1333333E+01  0.1288720E+02  0.6507626E-02  0.3365754E-03 -0.4799389E+00
   06  0.1357143E+01  0.1288720E+02  0.6972836E-02  0.3605999E-03 -0.4799388E+00
   06  0.1380952E+01  0.1288720E+02  0.7438089E-02  0.3846183E-03 -0.4799386E+00
   06  0.1404762E+01  0.1288720E+02  0.7903381E-02  0.4086296E-03 -0.4799383E+00
   06  0.1428571E+01  0.1288720E+02  0.8368711E-02  0.4326334E-03 -0.4799381E+00
   06  0.1452381E+01  0.1288721E+02  0.8834075E-02  0.4566288E-03 -0.4799379E+00
   06  0.1476190E+01  0.1288721E+02  0.9299472E-02  0.4806151E-03 -0.4799376E+00
   06  0.1500000E+01  0.1288721E+02  0.9764899E-02  0.5045918E-03 -0.4799373E+00
   06  0.1523810E+01  0.1288721E+02  0.1023035E-01  0.5285579E-03 -0.4799370E+00
   06  0.1547619E+01  0.1288721E+02  0.1069583E-01  0.5525129E-03 -0.4799367E+00
   06  0.1571429E+01  0.1288721E+02  0.1116133E-01  0.5764559E-03 -0.4799363E+00
   06  0.1595238E+01  0.1288721E+02  0.1162685E-01  0.6003862E-03 -0.4799360E+00
   06  0.1619048E+01  0.1288721E+02  0.1209239E-01  0.6243031E-03 -0.4799356E+00
   06  0.1642857E+01  0.1288721E+02  0.1255793E-01  0.6482059E-03 -0.4799352E+00
   06  0.1666667E+01  0.1288721E+02  0.1302349E-01  0.6720936E-03 -0.4799347E+00
   06  0.1690476E+01  0.1288721E+02  0.1348906E-01  0.6959657E-03 -0.4799343E+00
   06  0.1714286E+01  0.1288721E+02  0.1395463E-01  0.7198212E-03 -0.4799338E+00
   06  0.1738095E+01  0.1288721E+02  0.1442020E-01  0.7436594E-03 -0.4799333E+00
   06  0.1761905E+01  0.1288721E+02  0.1488578E-01  0.7674795E-03 -0.4799328E+00
   06  0.1785714E+01  0.1288721E+02  0.1535134E-01  0.7912808E-03 -0.4799323E+00
   06  0.1809524E+01  0.1288721E+02  0.1581690E-01  0.8150623E-03 -0.4799317E+00
   06  0.1833333E+01  0.1288721E+02  0.1628245E-01  0.8388232E-03 -0.4799312E+00
   06  0.1857143E+01  0.1288721E+02  0.1674799E-01  0.8625628E-03 -0.4799306E+00
   06  0.1952381E+01  0.1288722E+02  0.1860928E-01  0.9573843E-03 -0.4799279E+00
   06  0.2047619E+01  0.1288722E+02  0.2047014E-01  0.1051797E-02 -0.4799249E+00
   06  0.2142857E+01  0.1288722E+02  0.2233035E-01  0.1145745E-02 -0.4799216E+00
   06  0.2238095E+01  0.1288723E+02  0.2418968E-01  0.1239171E-02 -0.4799179E+00
   06  0.2333333E+01  0.1288723E+02  0.2604792E-01  0.1332017E-02 -0.4799137E+00
   06  0.2428571E+01  0.1288723E+02  0.2790482E-01  0.1424220E-02 -0.4799092E+00
   06  0.2523810E+01  0.1288724E+02  0.2976016E-01  0.1515719E-02 -0.4799042E+00
   06  0.2619048E+01  0.1288724E+02  0.3161368E-01  0.1606450E-02 -0.4798988E+00
   06  0.2714286E+01  0.1288725E+02  0.3346515E-01  0.1696347E-02 -0.4798929E+00
   06  0.2809524E+01  0.1288726E+02  0.3531430E-01  0.1785344E-02 -0.4798866E+00
   06  0.2904762E+01  0.1288726E+02  0.3716089E-01  0.1873372E-02 -0.4798798E+00
   06  0.1000000E+01  0.1288720E+02 -0.7331616E-15  0.2288548E-15 -0.4799394E+00
   06  0.1007937E+01  0.1288720E+02  0.1548026E-03  0.8012192E-05 -0.4799395E+00
   06  0.1015873E+01  0.1288720E+02  0.3096133E-03  0.1602472E-04 -0.4799395E+00
   06  0.1023810E+01  0.1288720E+02  0.4644319E-03  0.2403756E-04 -0.4799395E+00
   06  0.1031746E+01  0.1288720E+02  0.6192584E-03  0.3205070E-04 -0.4799395E+00
   06  0.1039683E+01  0.1288720E+02  0.7740927E-03  0.4006410E-04 -0.4799396E+00
   06  0.1047619E+01  0.1288720E+02  0.9289347E-03  0.4807776E-04 -0.4799396E+00
   06  0.1055556E+01  0.1288720E+02  0.1083784E-02  0.5609164E-04 -0.4799396E+00
   06  0.1063492E+01  0.1288720E+02  0.1238642E-02  0.6410572E-04 -0.4799396E+00
   06  0.1071429E+01  0.1288720E+02  0.1393507E-02  0.7211999E-04 -0.4799396E+00
   06  0.1079365E+01  0.1288720E+02  0.1548379E-02  0.8013442E-04 -0.4799396E+00
   06  0.1087302E+01  0.1288720E+02  0.1703259E-02  0.8814898E-04 -0.4799396E+00
   06  0.1095238E+01  0.1288720E+02  0.1858146E-02  0.9616367E-04 -0.4799397E+00
   06  0.1103175E+01  0.1288720E+02  0.2013041E-02  0.1041784E-03 -0.4799397E+00
   06  0.1111111E+01  0.1288720E+02  0.2167942E-02  0.1121933E-03 -0.4799397E+00
   06  0.1119048E+01  0.1288720E+02  0.2322851E-02  0.1202082E-03 -0.4799397E+00
   06  0.1126984E+01  0.1288720E+02  0.2477767E-02  0.1282231E-03 -0.4799397E+00
   06  0.1134921E+01  0.1288720E+02  0.2632690E-02  0.1362380E-03 -0.4799397E+00
   06  0.1142857E+01  0.1288720E+02  0.2787620E-02  0.1442529E-03 -0.4799397E+00
   06  0.1150794E+01  0.1288720E+02  0.2942557E-02  0.1522678E-03 -0.4799397E+00
   06  0.1158730E+01  0.1288720E+02  0.3097500E-02  0.1602825E-03 -0.4799396E+00
   06  0.1166667E+01  0.1288720E+02  0.3252451E-02  0.1682972E-03 -0.4799396E+00
   06  0.1174603E+01  0.1288720E+02  0.3407408E-02  0.1763118E-03 -0.4799396E+00
   06  0.1182540E+01  0.1288720E+02  0.3562371E-02  0.1843263E-03 -0.4799396E+00
   06  0.1190476E+01  0.1288720E+02  0.3717341E-02  0.1923406E-03 -0.4799396E+00
   06  0.1198413E+01  0.1288720E+02  0.3872317E-02  0.2003547E-03 -0.4799396E+00
   06  0.1206349E+01  0.1288720E+02  0.4027300E-02  0.2083686E-03 -0.4799395E+00
   06  0.1214286E+01  0.1288720E+02  0.4182289E-02  0.2163822E-03 -0.4799395E+00
   06  0.1238095E+01  0.1288720E+02  0.4647254E-02  0.2404281E-03 -0.4799394E+00
   06  0.1261905E+01  0.1288720E+02  0.5112272E-02  0.2644709E-03 -0.4799393E+00
   06  0.1285714E+01  0.1288720E+02  0.5577341E-02  0.2885102E-03 -0.4799392E+00
   06  0.1309524E+01  0.1288720E+02  0.6042460E-02  0.3125453E-03 -0.4799391E+00
   06  0.1333333E+01  0.1288720E+02  0.6507626E-02  0.3365754E-03 -0.4799389E+00
   06  0.1357143E+01  0.1288720E+02  0.6972836E-02  0.3605999E-03 -0.4799388E+00
   06  0.1380952E+01  0.1288720E+02  0.7438089E-02  0.3846183E-03 -0.4799386E+00
   06  0.1404762E+01  0.1288720E+02  0.7903381E-02  0.4086296E-03 -0.4799383E+00
   06  0.1428571E+01  0.1288720E+02  0.8368711E-02  0.4326334E-03 -0.4799381E+00
   06  0.1452381E+01  0.1288721E+02  0.8834075E-02  0.4566288E-03 -0.4799379E+00
   06  0.1476190E+01  0.1288721E+02  0.9299472E-02  0.4806151E-03 -0.4799376E+00
   06  0.1500000E+01  0.1288721E+02  0.9764899E-02  0.5045918E-03 -0.4799373E+00
   06  0.1523810E+01  0.1288721E+02  0.1023035E-01  0.5285579E-03 -0.4799370E+00
   06  0.1547619E+01  0.1288721E+02  0.1069583E-01  0.5525129E-03 -0.4799367E+00
   06  0.1571429E+01  0.1288721E+02  0.1116133E-01  0.5764559E-03 -0.4799363E+00
   06  0.1595238E+01  0.1288721E+02  0.1162685E-01  0.6003862E-03 -0.4799360E+00
   06  0.1619048E+01  0.1288721E+02  0.1209239E-01  0.6243031E-03 -0.4799356E+00
   06  0.1642857E+01  0.1288721E+02  0.1255793E-01  0.6482059E-03 -0.4799352E+00
   06  0.1666667E+01  0.1288721E+02  0.1302349E-01  0.6720936E-03 -0.4799347E+00
   06  0.1690476E+01  0.1288721E+02  0.1348906E-01  0.6959657E-03 -0.4799343E+00
   06  0.1714286E+01  0.1288721E+02  0.1395463E-01  0.7198212E-03 -0.4799338E+00
   06  0.1738095E+01  0.1288721E+02  0.1442020E-01  0.7436594E-03 -0.4799333E+00
   06  0.1761905E+01  0.1288721E+02  0.1488578E-01  0.7674795E-03 -0.4799328E+00
   06  0.1785714E+01  0.1288721E+02  0.1535134E-01  0.7912808E-03 -0.4799323E+00
   06  0.1809524E+01  0.1288721E+02  0.1581690E-01  0.8150623E-03 -0.4799317E+00
   06  0.1833333E+01  0.1288721E+02  0.1628245E-01  0.8388232E-03 -0.4799312E+00
   06  0.1857143E+01  0.1288721E+02  0.1674799E-01  0.8625628E-03 -0.4799306E+00
   06  0.1952381E+01  0.1288722E+02  0.1860928E-01  0.9573843E-03 -0.4799279E+00
   06  0.2047619E+01  0.1288722E+02  0.2047014E-01  0.1051797E-02 -0.4799249E+00
   06  0.2142857E+01  0.1288722E+02  0.2233035E-01  0.1145745E-02 -0.4799216E+00
   06  0.2238095E+01  0.1288723E+02  0.2418968E-01  0.1239171E-02 -0.4799179E+00
   06  0.2333333E+01  0.1288723E+02  0.2604792E-01  0.1332017E-02 -0.4799137E+00
   06  0.2428571E+01  0.1288723E+02  0.2790482E-01  0.1424220E-02 -0.4799092E+00
   06  0.2523810E+01  0.1288724E+02  0.2976016E-01  0.1515719E-02 -0.4799042E+00
   06  0.2619048E+01  0.1288724E+02  0.3161368E-01  0.1606450E-02 -0.4798988E+00
   06  0.2714286E+01  0.1288725E+02  0.3346515E-01  0.1696347E-02 -0.4798929E+00
   06  0.2809524E+01  0.1288726E+02  0.3531430E-01  0.1785344E-02 -0.4798866E+00
   06  0.2904762E+01  0.1288726E+02  0.3716089E-01  0.1873372E-02 -0.4798798E+00
   06  0.1000000E+01  0.1288720E+02 -0.7331616E-15  0.2288548E-15 -0.4799394E+00
   06  0.1007937E+01  0.1288720E+02  0.1548026E-03  0.8012192E-05 -0.4799395E+00
   06  0.1015873E+01  0.1288720E+02  0.3096133E-03  0.1602472E-04 -0.4799395E+00
   06  0.1023810E+01  0.1288720E+02  0.4644319E-03  0.2403756E-04 -0.4799395E+00
   06  0.1031746E+01  0.1288720E+02  0.6192584E-03  0.3205070E-04 -0.4799395E+00
   06  0.1039683E+01  0.1288720E+02  0.7740927E-03  0.4006410E-04 -0.4799396E+00
   06  0.1047619E+01  0.1288720E+02  0.9289347E-03  0.4807776E-04 -0.4799396E+00
   06  0.1055556E+01  0.1288720E+02  0.1083784E-02  0.5609164E-04 -0.4799396E+00
   06  0.1063492E+01  0.1288720E+02  0.1238642E-02  0.6410572E-04 -0.4799396E+00
   06  0.1071429E+01  0.1288720E+02  0.1393507E-02  0.7211999E-04 -0.4799396E+00
   06  0.1079365E+01  0.1288720E+02  0.1548379E-02  0.8013442E-04 -0.4799396E+00
   06  0.1087302E+01  0.1288720E+02  0.1703259E-02  0.8814898E-04 -0.4799396E+00
   06  0.1095238E+01  0.1288720E+02  0.1858146E-02  0.9616367E-04 -0.4799397E+00
   06  0.1103175E+01  0.1288720E+02  0.2013041E-02  0.1041784E-03 -0.4799397E+00
   06  0.1111111E+01  0.1288720E+02  0.2167942E-02  0.1121933E-03 -0.4799397E+00
   06  0.1119048E+01  0.1288720E+02  0.2322851E-02  0.1202082E-03 -0.4799397E+00
   06  0.1126984E+01  0.1288720E+02  0.2477767E-02  0.1282231E-03 -0.4799397E+00
   06  0.1134921E+01  0.1288720E+02  0.2632690E-02  0.1362380E-03 -0.4799397E+00
   06  0.1142857E+01  0.1288720E+02  0.2787620E-02  0.1442529E-03 -0.4799397E+00
   06  0.1150794E+01  0.1288720E+02  0.2942557E-02  0.1522678E-03 -0.4799397E+00
   06  0.1158730E+01  0.1288720E+02  0.3097500E-02  0.1602825E-03 -0.4799396E+00
   06  0.1166667E+01  0.1288720E+02  0.3252451E-02  0.1682972E-03 -0.4799396E+00
   06  0.1174603E+01  0.1288720E+02  0.3407408E-02  0.1763118E-03 -0.4799396E+00
   06  0.1182540E+01  0.1288720E+02  0.3562371E-02  0.1843263E-03 -0.4799396E+00
   06  0.1190476E+01  0.1288720E+02  0.3717341E-02  0.1923406E-03 -0.4799396E+00
   06  0.1198413E+01  0.1288720E+02  0.3872317E-02  0.2003547E-03 -0.4799396E+00
   06  0.1206349E+01  0.1288720E+02  0.4027300E-02  0.2083686E-03 -0.4799395E+00
   06  0.1214286E+01  0.1288720E+02  0.4182289E-02  0.2163822E-03 -0.4799395E+00
   06  0.1238095E+01  0.1288720E+02  0.4647254E-02  0.2404281E-03 -0.4799394E+00
   06  0.1261905E+01  0.1288720E+02  0.5112272E-02  0.2644709E-03 -0.4799393E+00
   06  0.1285714E+01  0.1288720E+02  0.5577341E-02  0.2885102E-03 -0.4799392E+00
   06  0.1309524E+01  0.1288720E+02  0.6042460E-02  0.3125453E-03 -0.4799391E+00
   06  0.1333333E+01  0.1288720E+02  0.6507626E-02  0.3365754E-03 -0.4799389E+00
   06  0.1357143E+01  0.1288720E+02  0.6972836E-02  0.3605999E-03 -0.4799388E+00
   06  0.1380952E+01  0.1288720E+02  0.7438089E-02  0.3846183E-03 -0.4799386E+00
   06  0.1404762E+01  0.1288720E+02  0.7903381E-02  0.4086296E-03 -0.4799383E+00
   06  0.1428571E+01  0.1288720E+02  0.8368711E-02  0.4326334E-03 -0.4799381E+00
   06  0.1452381E+01  0.1288721E+02  0.8834075E-02  0.4566288E-03 -0.4799379E+00
   06  0.1476190E+01  0.1288721E+02  0.9299472E-02  0.4806151E-03 -0.4799376E+00
   06  0.1500000E+01  0.1288721E+02  0.9764899E-02  0.5045918E-03 -0.4799373E+00
   06  0.1523810E+01  0.1288721E+02  0.1023035E-01  0.5285579E-03 -0.4799370E+00
   06  0.1547619E+01  0.1288721E+02  0.1069583E-01  0.5525129E-03 -0.4799367E+00
   06  0.1571429E+01  0.1288721E+02  0.1116133E-01  0.5764559E-03 -0.4799363E+00
   06  0.1595238E+01  0.1288721E+02  0.1162685E-01  0.6003862E-03 -0.4799360E+00
   06  0.1619048E+01  0.1288721E+02  0.1209239E-01  0.6243031E-03 -0.4799356E+00
   06  0.1642857E+01  0.1288721E+02  0.1255793E-01  0.6482059E-03 -0.4799352E+00
   06  0.1666667E+01  0.1288721E+02  0.1302349E-01  0.6720936E-03 -0.4799347E+00
   06  0.1690476E+01  0.1288721E+02  0.1348906E-01  0.6959657E-03 -0.4799343E+00
   06  0.1714286E+01  0.1288721E+02  0.1395463E-01  0.7198212E-03 -0.4799338E+00
   06  0.1738095E+01  0.1288721E+02  0.1442020E-01  0.7436594E-03 -0.4799333E+00
   06  0.1761905E+01  0.1288721E+02  0.1488578E-01  0.7674795E-03 -0.4799328E+00
   06  0.1785714E+01  0.1288721E+02  0.1535134E-01  0.7912808E-03 -0.4799323E+00
   06  0.1809524E+01  0.1288721E+02  0.1581690E-01  0.8150623E-03 -0.4799317E+00
   06  0.1833333E+01  0.1288721E+02  0.1628245E-01  0.8388232E-03 -0.4799312E+00
   06  0.1857143E+01  0.1288721E+02  0.1674799E-01  0.8625628E-03 -0.4799306E+00
   06  0.1952381E+01  0.1288722E+02  0.1860928E-01  0.9573843E-03 -0.4799279E+00
   06  0.2047619E+01  0.1288722E+02  0.2047014E-01  0.1051797E-02 -0.4799249E+00
   06  0.2142857E+01  0.1288722E+02  0.2233035E-01  0.1145745E-02 -0.4799216E+00
   06  0.2238095E+01  0.1288723E+02  0.2418968E-01  0.1239171E-02 -0.4799179E+00
   06  0.2333333E+01  0.1288723E+02  0.2604792E-01  0.1332017E-02 -0.4799137E+00
   06  0.2428571E+01  0.1288723E+02  0.2790482E-01  0.1424220E-02 -0.4799092E+00
   06  0.2523810E+01  0.1288724E+02  0.2976016E-01  0.1515719E-02 -0.4799042E+00
   06  0.2619048E+01  0.1288724E+02  0.3161368E-01  0.1606450E-02 -0.4798988E+00
   06  0.2714286E+01  0.1288725E+02  0.3346515E-01  0.1696347E-02 -0.4798929E+00
   06  0.2809524E+01  0.1288726E+02  0.3531430E-01  0.1785344E-02 -0.4798866E+00
   06  0.2904762E+01  0.1288726E+02  0.3716089E-01  0.1873372E-02 -0.4798798E+00
