# gauge_id= 609 location=( -0.1242117435E+03  0.4175235224E+02 ) num_var=  4
# Stationary gauge
# level, time, q[  1  2  3], eta, aux[]
# file format ascii, time series follow in this file
   06  0.0000000E+00  0.1498827E+02  0.0000000E+00  0.0000000E+00  0.0000000E+00
   06  0.0000000E+00  0.1498827E+02  0.0000000E+00  0.0000000E+00  0.0000000E+00
   06  0.0000000E+00  0.1498827E+02  0.0000000E+00  0.0000000E+00  0.0000000E+00
   06  0.0000000E+00  0.1498827E+02  0.0000000E+00  0.0000000E+00  0.0000000E+00
   06  0.0000000E+00  0.1498827E+02  0.0000000E+00  0.0000000E+00  0.0000000E+00
   06  0.1000000E+01  0.1498827E+02  0.6302659E-16  0.5295851E-15 -0.3749136E+00
   06  0.1007937E+01  0.1498827E+02  0.1787974E-03  0.9452451E-05 -0.3749135E+00
   06  0.1015873E+01  0.1498827E+02  0.3575895E-03  0.1890450E-04 -0.3749134E+00
   06  0.1023810E+01  0.1498827E+02  0.5363760E-03  0.2835612E-04 -0.3749133E+00
   06  0.1031746E+01  0.1498827E+02  0.7151571E-03  0.3780727E-04 -0.3749132E+00
   06  0.1039683E+01  0.1498827E+02  0.8939326E-03  0.4725793E-04 -0.3749131E+00
   06  0.1047619E+01  0.1498827E+02  0.1072702E-02  0.5670805E-04 -0.3749130E+00
   06  0.1055556E+01  0.1498827E+02  0.1251467E-02  0.6615761E-04 -0.3749129E+00
   06  0.1063492E+01  0.1498827E+02  0.1430225E-02  0.7560658E-04 -0.3749128E+00
   06  0.1071429E+01  0.1498827E+02  0.1608978E-02  0.8505492E-04 -0.3749127E+00
   06  0.1079365E+01  0.1498827E+02  0.1787724E-02  0.9450260E-04 -0.3749126E+00
   06  0.1087302E+01  0.1498827E+02  0.1966465E-02  0.1039496E-03 -0.3749125E+00
   06  0.1095238E+01  0.1498827E+02  0.2145200E-02  0.1133959E-03 -0.3749124E+00
   06  0.1103175E+01  0.1498827E+02  0.2323929E-02  0.1228414E-03 -0.3749123E+00
   06  0.1111111E+01  0.1498827E+02  0.2502652E-02  0.1322861E-03 -0.3749121E+00
   06  0.1119048E+01  0.1498827E+02  0.2681368E-02  0.1417301E-03 -0.3749120E+00
   06  0.1126984E+01  0.1498827E+02  0.2860079E-02  0.1511732E-03 -0.3749119E+00
   06  0.1134921E+01  0.1498827E+02  0.3038783E-02  0.1606154E-03 -0.3749118E+00
   06  0.1142857E+01  0.1498827E+02  0.3217481E-02  0.1700568E-03 -0.3749116E+00
   06  0.1150794E+01  0.1498827E+02  0.3396172E-02  0.1794972E-03 -0.3749115E+00
   06  0.1158730E+01  0.1498827E+02  0.3574857E-02  0.1889366E-03 -0.3749114E+00
   06  0.1166667E+01  0.1498827E+02  0.3753536E-02  0.1983751E-03 -0.3749112E+00
   06  0.1174603E+01  0.1498827E+02  0.3932208E-02  0.2078126E-03 -0.3749111E+00
   06  0.1182540E+01  0.1498827E+02  0.4110874E-02  0.2172491E-03 -0.3749109E+00
   06  0.1190476E+01  0.1498827E+02  0.4289532E-02  0.2266845E-03 -0.3749108E+00
   06  0.1198413E+01  0.1498827E+02  0.4468185E-02  0.2361188E-03 -0.3749106E+00
   06  0.1206349E+01  0.1498827E+02  0.4646830E-02  0.2455520E-03 -0.3749105E+00
   06  0.1214286E+01  0.1498827E+02  0.4825469E-02  0.2549840E-03 -0.3749103E+00
   06  0.1238095E+01  0.1498827E+02  0.5361349E-02  0.2832773E-03 -0.3749098E+00
   06  0.1261905E+01  0.1498827E+02  0.5897167E-02  0.3115595E-03 -0.3749093E+00
   06  0.1285714E+01  0.1498827E+02  0.6432920E-02  0.3398300E-03 -0.3749088E+00
   06  0.1309524E+01  0.1498827E+02  0.6968609E-02  0.3680880E-03 -0.3749083E+00
   06  0.1333333E+01  0.1498827E+02  0.7504232E-02  0.3963331E-03 -0.3749077E+00
   06  0.1357143E+01  0.1498828E+02  0.8039787E-02  0.4245647E-03 -0.3749071E+00
   06  0.1380952E+01  0.1498828E+02  0.8575274E-02  0.4527821E-03 -0.3749065E+00
   06  0.1404762E+01  0.1498828E+02  0.9110690E-02  0.4809850E-03 -0.3749058E+00
   06  0.1428571E+01  0.1498828E+02  0.9646035E-02  0.5091727E-03 -0.3749051E+00
   06  0.1452381E+01  0.1498828E+02  0.1018131E-01  0.5373449E-03 -0.3749044E+00
   06  0.1476190E+01  0.1498828E+02  0.1071651E-01  0.5655010E-03 -0.3749037E+00
   06  0.1500000E+01  0.1498828E+02  0.1125163E-01  0.5936406E-03 -0.3749030E+00
   06  0.1523810E+01  0.1498828E+02  0.1178668E-01  0.6217634E-03 -0.3749022E+00
   06  0.1547619E+01  0.1498828E+02  0.1232165E-01  0.6498689E-03 -0.3749014E+00
   06  0.1571429E+01  0.1498828E+02  0.1285655E-01  0.6779568E-03 -0.3749006E+00
   06  0.1595238E+01  0.1498828E+02  0.1339137E-01  0.7060268E-03 -0.3748998E+00
   06  0.1619048E+01  0.1498828E+02  0.1392610E-01  0.7340786E-03 -0.3748990E+00
   06  0.1642857E+01  0.1498828E+02  0.1446076E-01  0.7621118E-03 -0.3748981E+00
   06  0.1666667E+01  0.1498829E+02  0.1499533E-01  0.7901263E-03 -0.3748972E+00
   06  0.1690476E+01  0.1498829E+02  0.1552982E-01  0.8181218E-03 -0.3748963E+00
   06  0.1714286E+01  0.1498829E+02  0.1606423E-01  0.8460980E-03 -0.3748954E+00
   06  0.1738095E+01  0.1498829E+02  0.1659856E-01  0.8740549E-03 -0.3748944E+00
   06  0.1761905E+01  0.1498829E+02  0.1713279E-01  0.9019921E-03 -0.3748934E+00
   06  0.1785714E+01  0.1498829E+02  0.1766695E-01  0.9299096E-03 -0.3748924E+00
   06  0.1809524E+01  0.1498829E+02  0.1820101E-01  0.9578072E-03 -0.3748914E+00
   06  0.1833333E+01  0.1498829E+02  0.1873499E-01  0.9856849E-03 -0.3748904E+00
   06  0.1857143E+01  0.1498829E+02  0.1926888E-01  0.1013543E-02 -0.3748893E+00
   06  0.1952381E+01  0.1498830E+02  0.2140376E-01  0.1124787E-02 -0.3748849E+00
   06  0.2047619E+01  0.1498830E+02  0.2353719E-01  0.1235703E-02 -0.3748802E+00
   06  0.2142857E+01  0.1498831E+02  0.2566914E-01  0.1346292E-02 -0.3748752E+00
   06  0.2238095E+01  0.1498831E+02  0.2779957E-01  0.1456561E-02 -0.3748698E+00
   06  0.2333333E+01  0.1498832E+02  0.2992847E-01  0.1566523E-02 -0.3748642E+00
   06  0.2428571E+01  0.1498832E+02  0.3205580E-01  0.1676195E-02 -0.3748583E+00
   06  0.2523810E+01  0.1498833E+02  0.3418155E-01  0.1785599E-02 -0.3748522E+00
   06  0.2619048E+01  0.1498834E+02  0.3630573E-01  0.1894764E-02 -0.3748457E+00
   06  0.2714286E+01  0.1498834E+02  0.3842833E-01  0.2003722E-02 -0.3748390E+00
   06  0.2809524E+01  0.1498835E+02  0.4054935E-01  0.2112509E-02 -0.3748321E+00
   06  0.2904762E+01  0.1498836E+02  0.4266881E-01  0.2221166E-02 -0.3748249E+00
   06  0.1000000E+01  0.1498827E+02  0.6302659E-16  0.5295851E-15 -0.3749136E+00
   06  0.1007937E+01  0.1498827E+02  0.1787974E-03  0.9452451E-05 -0.3749135E+00
   06  0.1015873E+01  0.1498827E+02  0.3575895E-03  0.1890450E-04 -0.3749134E+00
   06  0.1023810E+01  0.1498827E+02  0.5363760E-03  0.2835612E-04 -0.3749133E+00
   06  0.1031746E+01  0.1498827E+02  0.7151571E-03  0.3780727E-04 -0.3749132E+00
   06  0.1039683E+01  0.1498827E+02  0.8939326E-03  0.4725793E-04 -0.3749131E+00
   06  0.1047619E+01  0.1498827E+02  0.1072702E-02  0.5670805E-04 -0.3749130E+00
   06  0.1055556E+01  0.1498827E+02  0.1251467E-02  0.6615761E-04 -0.3749129E+00
   06  0.1063492E+01  0.1498827E+02  0.1430225E-02  0.7560658E-04 -0.3749128E+00
   06  0.1071429E+01  0.1498827E+02  0.1608978E-02  0.8505492E-04 -0.3749127E+00
   06  0.1079365E+01  0.1498827E+02  0.1787724E-02  0.9450260E-04 -0.3749126E+00
   06  0.1087302E+01  0.1498827E+02  0.1966465E-02  0.1039496E-03 -0.3749125E+00
   06  0.1095238E+01  0.1498827E+02  0.2145200E-02  0.1133959E-03 -0.3749124E+00
   06  0.1103175E+01  0.1498827E+02  0.2323929E-02  0.1228414E-03 -0.3749123E+00
   06  0.1111111E+01  0.1498827E+02  0.2502652E-02  0.1322861E-03 -0.3749121E+00
   06  0.1119048E+01  0.1498827E+02  0.2681368E-02  0.1417301E-03 -0.3749120E+00
   06  0.1126984E+01  0.1498827E+02  0.2860079E-02  0.1511732E-03 -0.3749119E+00
   06  0.1134921E+01  0.1498827E+02  0.3038783E-02  0.1606154E-03 -0.3749118E+00
   06  0.1142857E+01  0.1498827E+02  0.3217481E-02  0.1700568E-03 -0.3749116E+00
   06  0.1150794E+01  0.1498827E+02  0.3396172E-02  0.1794972E-03 -0.3749115E+00
   06  0.1158730E+01  0.1498827E+02  0.3574857E-02  0.1889366E-03 -0.3749114E+00
   06  0.1166667E+01  0.1498827E+02  0.3753536E-02  0.1983751E-03 -0.3749112E+00
   06  0.1174603E+01  0.1498827E+02  0.3932208E-02  0.2078126E-03 -0.3749111E+00
   06  0.1182540E+01  0.1498827E+02  0.4110874E-02  0.2172491E-03 -0.3749109E+00
   06  0.1190476E+01  0.1498827E+02  0.4289532E-02  0.2266845E-03 -0.3749108E+00
   06  0.1198413E+01  0.1498827E+02  0.4468185E-02  0.2361188E-03 -0.3749106E+00
   06  0.1206349E+01  0.1498827E+02  0.4646830E-02  0.2455520E-03 -0.3749105E+00
   06  0.1214286E+01  0.1498827E+02  0.4825469E-02  0.2549840E-03 -0.3749103E+00
   06  0.1238095E+01  0.1498827E+02  0.5361349E-02  0.2832773E-03 -0.3749098E+00
   06  0.1261905E+01  0.1498827E+02  0.5897167E-02  0.3115595E-03 -0.3749093E+00
   06  0.1285714E+01  0.1498827E+02  0.6432920E-02  0.3398300E-03 -0.3749088E+00
   06  0.1309524E+01  0.1498827E+02  0.6968609E-02  0.3680880E-03 -0.3749083E+00
   06  0.1333333E+01  0.1498827E+02  0.7504232E-02  0.3963331E-03 -0.3749077E+00
   06  0.1357143E+01  0.1498828E+02  0.8039787E-02  0.4245647E-03 -0.3749071E+00
   06  0.1380952E+01  0.1498828E+02  0.8575274E-02  0.4527821E-03 -0.3749065E+00
   06  0.1404762E+01  0.1498828E+02  0.9110690E-02  0.4809850E-03 -0.3749058E+00
   06  0.1428571E+01  0.1498828E+02  0.9646035E-02  0.5091727E-03 -0.3749051E+00
   06  0.1452381E+01  0.1498828E+02  0.1018131E-01  0.5373449E-03 -0.3749044E+00
   06  0.1476190E+01  0.1498828E+02  0.1071651E-01  0.5655010E-03 -0.3749037E+00
   06  0.1500000E+01  0.1498828E+02  0.1125163E-01  0.5936406E-03 -0.3749030E+00
   06  0.1523810E+01  0.1498828E+02  0.1178668E-01  0.6217634E-03 -0.3749022E+00
   06  0.1547619E+01  0.1498828E+02  0.1232165E-01  0.6498689E-03 -0.3749014E+00
   06  0.1571429E+01  0.1498828E+02  0.1285655E-01  0.6779568E-03 -0.3749006E+00
   06  0.1595238E+01  0.1498828E+02  0.1339137E-01  0.7060268E-03 -0.3748998E+00
   06  0.1619048E+01  0.1498828E+02  0.1392610E-01  0.7340786E-03 -0.3748990E+00
   06  0.1642857E+01  0.1498828E+02  0.1446076E-01  0.7621118E-03 -0.3748981E+00
   06  0.1666667E+01  0.1498829E+02  0.1499533E-01  0.7901263E-03 -0.3748972E+00
   06  0.1690476E+01  0.1498829E+02  0.1552982E-01  0.8181218E-03 -0.3748963E+00
   06  0.1714286E+01  0.1498829E+02  0.1606423E-01  0.8460980E-03 -0.3748954E+00
   06  0.1738095E+01  0.1498829E+02  0.1659856E-01  0.8740549E-03 -0.3748944E+00
   06  0.1761905E+01  0.1498829E+02  0.1713279E-01  0.9019921E-03 -0.3748934E+00
   06  0.1785714E+01  0.1498829E+02  0.1766695E-01  0.9299096E-03 -0.3748924E+00
   06  0.1809524E+01  0.1498829E+02  0.1820101E-01  0.9578072E-03 -0.3748914E+00
   06  0.1833333E+01  0.1498829E+02  0.1873499E-01  0.9856849E-03 -0.3748904E+00
   06  0.1857143E+01  0.1498829E+02  0.1926888E-01  0.1013543E-02 -0.3748893E+00
   06  0.1952381E+01  0.1498830E+02  0.2140376E-01  0.1124787E-02 -0.3748849E+00
   06  0.2047619E+01  0.1498830E+02  0.2353719E-01  0.1235703E-02 -0.3748802E+00
   06  0.2142857E+01  0.1498831E+02  0.2566914E-01  0.1346292E-02 -0.3748752E+00
   06  0.2238095E+01  0.1498831E+02  0.2779957E-01  0.1456561E-02 -0.3748698E+00
   06  0.2333333E+01  0.1498832E+02  0.2992847E-01  0.1566523E-02 -0.3748642E+00
   06  0.2428571E+01  0.1498832E+02  0.3205580E-01  0.1676195E-02 -0.3748583E+00
   06  0.2523810E+01  0.1498833E+02  0.3418155E-01  0.1785599E-02 -0.3748522E+00
   06  0.2619048E+01  0.1498834E+02  0.3630573E-01  0.1894764E-02 -0.3748457E+00
   06  0.2714286E+01  0.1498834E+02  0.3842833E-01  0.2003722E-02 -0.3748390E+00
   06  0.2809524E+01  0.1498835E+02  0.4054935E-01  0.2112509E-02 -0.3748321E+00
   06  0.2904762E+01  0.1498836E+02  0.4266881E-01  0.2221166E-02 -0.3748249E+00
   06  0.1000000E+01  0.1498827E+02  0.6302659E-16  0.5295851E-15 -0.3749136E+00
   06  0.1007937E+01  0.1498827E+02  0.1787974E-03  0.9452451E-05 -0.3749135E+00
   06  0.1015873E+01  0.1498827E+02  0.3575895E-03  0.1890450E-04 -0.3749134E+00
   06  0.1023810E+01  0.1498827E+02  0.5363760E-03  0.2835612E-04 -0.3749133E+00
   06  0.1031746E+01  0.1498827E+02  0.7151571E-03  0.3780727E-04 -0.3749132E+00
   06  0.1039683E+01  0.1498827E+02  0.8939326E-03  0.4725793E-04 -0.3749131E+00
   06  0.1047619E+01  0.1498827E+02  0.1072702E-02  0.5670805E-04 -0.3749130E+00
   06  0.1055556E+01  0.1498827E+02  0.1251467E-02  0.6615761E-04 -0.3749129E+00
   06  0.1063492E+01  0.1498827E+02  0.1430225E-02  0.7560658E-04 -0.3749128E+00
   06  0.1071429E+01  0.1498827E+02  0.1608978E-02  0.8505492E-04 -0.3749127E+00
   06  0.1079365E+01  0.1498827E+02  0.1787724E-02  0.9450260E-04 -0.3749126E+00
   06  0.1087302E+01  0.1498827E+02  0.1966465E-02  0.1039496E-03 -0.3749125E+00
   06  0.1095238E+01  0.1498827E+02  0.2145200E-02  0.1133959E-03 -0.3749124E+00
   06  0.1103175E+01  0.1498827E+02  0.2323929E-02  0.1228414E-03 -0.3749123E+00
   06  0.1111111E+01  0.1498827E+02  0.2502652E-02  0.1322861E-03 -0.3749121E+00
   06  0.1119048E+01  0.1498827E+02  0.2681368E-02  0.1417301E-03 -0.3749120E+00
   06  0.1126984E+01  0.1498827E+02  0.2860079E-02  0.1511732E-03 -0.3749119E+00
   06  0.1134921E+01  0.1498827E+02  0.3038783E-02  0.1606154E-03 -0.3749118E+00
   06  0.1142857E+01  0.1498827E+02  0.3217481E-02  0.1700568E-03 -0.3749116E+00
   06  0.1150794E+01  0.1498827E+02  0.3396172E-02  0.1794972E-03 -0.3749115E+00
   06  0.1158730E+01  0.1498827E+02  0.3574857E-02  0.1889366E-03 -0.3749114E+00
   06  0.1166667E+01  0.1498827E+02  0.3753536E-02  0.1983751E-03 -0.3749112E+00
   06  0.1174603E+01  0.1498827E+02  0.3932208E-02  0.2078126E-03 -0.3749111E+00
   06  0.1182540E+01  0.1498827E+02  0.4110874E-02  0.2172491E-03 -0.3749109E+00
   06  0.1190476E+01  0.1498827E+02  0.4289532E-02  0.2266845E-03 -0.3749108E+00
   06  0.1198413E+01  0.1498827E+02  0.4468185E-02  0.2361188E-03 -0.3749106E+00
   06  0.1206349E+01  0.1498827E+02  0.4646830E-02  0.2455520E-03 -0.3749105E+00
   06  0.1214286E+01  0.1498827E+02  0.4825469E-02  0.2549840E-03 -0.3749103E+00
   06  0.1238095E+01  0.1498827E+02  0.5361349E-02  0.2832773E-03 -0.3749098E+00
   06  0.1261905E+01  0.1498827E+02  0.5897167E-02  0.3115595E-03 -0.3749093E+00
   06  0.1285714E+01  0.1498827E+02  0.6432920E-02  0.3398300E-03 -0.3749088E+00
   06  0.1309524E+01  0.1498827E+02  0.6968609E-02  0.3680880E-03 -0.3749083E+00
   06  0.1333333E+01  0.1498827E+02  0.7504232E-02  0.3963331E-03 -0.3749077E+00
   06  0.1357143E+01  0.1498828E+02  0.8039787E-02  0.4245647E-03 -0.3749071E+00
   06  0.1380952E+01  0.1498828E+02  0.8575274E-02  0.4527821E-03 -0.3749065E+00
   06  0.1404762E+01  0.1498828E+02  0.9110690E-02  0.4809850E-03 -0.3749058E+00
   06  0.1428571E+01  0.1498828E+02  0.9646035E-02  0.5091727E-03 -0.3749051E+00
   06  0.1452381E+01  0.1498828E+02  0.1018131E-01  0.5373449E-03 -0.3749044E+00
   06  0.1476190E+01  0.1498828E+02  0.1071651E-01  0.5655010E-03 -0.3749037E+00
   06  0.1500000E+01  0.1498828E+02  0.1125163E-01  0.5936406E-03 -0.3749030E+00
   06  0.1523810E+01  0.1498828E+02  0.1178668E-01  0.6217634E-03 -0.3749022E+00
   06  0.1547619E+01  0.1498828E+02  0.1232165E-01  0.6498689E-03 -0.3749014E+00
   06  0.1571429E+01  0.1498828E+02  0.1285655E-01  0.6779568E-03 -0.3749006E+00
   06  0.1595238E+01  0.1498828E+02  0.1339137E-01  0.7060268E-03 -0.3748998E+00
   06  0.1619048E+01  0.1498828E+02  0.1392610E-01  0.7340786E-03 -0.3748990E+00
   06  0.1642857E+01  0.1498828E+02  0.1446076E-01  0.7621118E-03 -0.3748981E+00
   06  0.1666667E+01  0.1498829E+02  0.1499533E-01  0.7901263E-03 -0.3748972E+00
   06  0.1690476E+01  0.1498829E+02  0.1552982E-01  0.8181218E-03 -0.3748963E+00
   06  0.1714286E+01  0.1498829E+02  0.1606423E-01  0.8460980E-03 -0.3748954E+00
   06  0.1738095E+01  0.1498829E+02  0.1659856E-01  0.8740549E-03 -0.3748944E+00
   06  0.1761905E+01  0.1498829E+02  0.1713279E-01  0.9019921E-03 -0.3748934E+00
   06  0.1785714E+01  0.1498829E+02  0.1766695E-01  0.9299096E-03 -0.3748924E+00
   06  0.1809524E+01  0.1498829E+02  0.1820101E-01  0.9578072E-03 -0.3748914E+00
   06  0.1833333E+01  0.1498829E+02  0.1873499E-01  0.9856849E-03 -0.3748904E+00
   06  0.1857143E+01  0.1498829E+02  0.1926888E-01  0.1013543E-02 -0.3748893E+00
   06  0.1952381E+01  0.1498830E+02  0.2140376E-01  0.1124787E-02 -0.3748849E+00
   06  0.2047619E+01  0.1498830E+02  0.2353719E-01  0.1235703E-02 -0.3748802E+00
   06  0.2142857E+01  0.1498831E+02  0.2566914E-01  0.1346292E-02 -0.3748752E+00
   06  0.2238095E+01  0.1498831E+02  0.2779957E-01  0.1456561E-02 -0.3748698E+00
   06  0.2333333E+01  0.1498832E+02  0.2992847E-01  0.1566523E-02 -0.3748642E+00
   06  0.2428571E+01  0.1498832E+02  0.3205580E-01  0.1676195E-02 -0.3748583E+00
   06  0.2523810E+01  0.1498833E+02  0.3418155E-01  0.1785599E-02 -0.3748522E+00
   06  0.2619048E+01  0.1498834E+02  0.3630573E-01  0.1894764E-02 -0.3748457E+00
   06  0.2714286E+01  0.1498834E+02  0.3842833E-01  0.2003722E-02 -0.3748390E+00
   06  0.2809524E+01  0.1498835E+02  0.4054935E-01  0.2112509E-02 -0.3748321E+00
   06  0.2904762E+01  0.1498836E+02  0.4266881E-01  0.2221166E-02 -0.3748249E+00
   06  0.1000000E+01  0.1498827E+02  0.6302659E-16  0.5295851E-15 -0.3749136E+00
   06  0.1007937E+01  0.1498827E+02  0.1787974E-03  0.9452451E-05 -0.3749135E+00
   06  0.1015873E+01  0.1498827E+02  0.3575895E-03  0.1890450E-04 -0.3749134E+00
   06  0.1023810E+01  0.1498827E+02  0.5363760E-03  0.2835612E-04 -0.3749133E+00
   06  0.1031746E+01  0.1498827E+02  0.7151571E-03  0.3780727E-04 -0.3749132E+00
   06  0.1039683E+01  0.1498827E+02  0.8939326E-03  0.4725793E-04 -0.3749131E+00
   06  0.1047619E+01  0.1498827E+02  0.1072702E-02  0.5670805E-04 -0.3749130E+00
   06  0.1055556E+01  0.1498827E+02  0.1251467E-02  0.6615761E-04 -0.3749129E+00
   06  0.1063492E+01  0.1498827E+02  0.1430225E-02  0.7560658E-04 -0.3749128E+00
   06  0.1071429E+01  0.1498827E+02  0.1608978E-02  0.8505492E-04 -0.3749127E+00
   06  0.1079365E+01  0.1498827E+02  0.1787724E-02  0.9450260E-04 -0.3749126E+00
   06  0.1087302E+01  0.1498827E+02  0.1966465E-02  0.1039496E-03 -0.3749125E+00
   06  0.1095238E+01  0.1498827E+02  0.2145200E-02  0.1133959E-03 -0.3749124E+00
   06  0.1103175E+01  0.1498827E+02  0.2323929E-02  0.1228414E-03 -0.3749123E+00
   06  0.1111111E+01  0.1498827E+02  0.2502652E-02  0.1322861E-03 -0.3749121E+00
   06  0.1119048E+01  0.1498827E+02  0.2681368E-02  0.1417301E-03 -0.3749120E+00
   06  0.1126984E+01  0.1498827E+02  0.2860079E-02  0.1511732E-03 -0.3749119E+00
   06  0.1134921E+01  0.1498827E+02  0.3038783E-02  0.1606154E-03 -0.3749118E+00
   06  0.1142857E+01  0.1498827E+02  0.3217481E-02  0.1700568E-03 -0.3749116E+00
   06  0.1150794E+01  0.1498827E+02  0.3396172E-02  0.1794972E-03 -0.3749115E+00
   06  0.1158730E+01  0.1498827E+02  0.3574857E-02  0.1889366E-03 -0.3749114E+00
   06  0.1166667E+01  0.1498827E+02  0.3753536E-02  0.1983751E-03 -0.3749112E+00
   06  0.1174603E+01  0.1498827E+02  0.3932208E-02  0.2078126E-03 -0.3749111E+00
   06  0.1182540E+01  0.1498827E+02  0.4110874E-02  0.2172491E-03 -0.3749109E+00
   06  0.1190476E+01  0.1498827E+02  0.4289532E-02  0.2266845E-03 -0.3749108E+00
   06  0.1198413E+01  0.1498827E+02  0.4468185E-02  0.2361188E-03 -0.3749106E+00
   06  0.1206349E+01  0.1498827E+02  0.4646830E-02  0.2455520E-03 -0.3749105E+00
   06  0.1214286E+01  0.1498827E+02  0.4825469E-02  0.2549840E-03 -0.3749103E+00
   06  0.1238095E+01  0.1498827E+02  0.5361349E-02  0.2832773E-03 -0.3749098E+00
   06  0.1261905E+01  0.1498827E+02  0.5897167E-02  0.3115595E-03 -0.3749093E+00
   06  0.1285714E+01  0.1498827E+02  0.6432920E-02  0.3398300E-03 -0.3749088E+00
   06  0.1309524E+01  0.1498827E+02  0.6968609E-02  0.3680880E-03 -0.3749083E+00
   06  0.1333333E+01  0.1498827E+02  0.7504232E-02  0.3963331E-03 -0.3749077E+00
   06  0.1357143E+01  0.1498828E+02  0.8039787E-02  0.4245647E-03 -0.3749071E+00
   06  0.1380952E+01  0.1498828E+02  0.8575274E-02  0.4527821E-03 -0.3749065E+00
   06  0.1404762E+01  0.1498828E+02  0.9110690E-02  0.4809850E-03 -0.3749058E+00
   06  0.1428571E+01  0.1498828E+02  0.9646035E-02  0.5091727E-03 -0.3749051E+00
   06  0.1452381E+01  0.1498828E+02  0.1018131E-01  0.5373449E-03 -0.3749044E+00
   06  0.1476190E+01  0.1498828E+02  0.1071651E-01  0.5655010E-03 -0.3749037E+00
   06  0.1500000E+01  0.1498828E+02  0.1125163E-01  0.5936406E-03 -0.3749030E+00
   06  0.1523810E+01  0.1498828E+02  0.1178668E-01  0.6217634E-03 -0.3749022E+00
   06  0.1547619E+01  0.1498828E+02  0.1232165E-01  0.6498689E-03 -0.3749014E+00
   06  0.1571429E+01  0.1498828E+02  0.1285655E-01  0.6779568E-03 -0.3749006E+00
   06  0.1595238E+01  0.1498828E+02  0.1339137E-01  0.7060268E-03 -0.3748998E+00
   06  0.1619048E+01  0.1498828E+02  0.1392610E-01  0.7340786E-03 -0.3748990E+00
   06  0.1642857E+01  0.1498828E+02  0.1446076E-01  0.7621118E-03 -0.3748981E+00
   06  0.1666667E+01  0.1498829E+02  0.1499533E-01  0.7901263E-03 -0.3748972E+00
   06  0.1690476E+01  0.1498829E+02  0.1552982E-01  0.8181218E-03 -0.3748963E+00
   06  0.1714286E+01  0.1498829E+02  0.1606423E-01  0.8460980E-03 -0.3748954E+00
   06  0.1738095E+01  0.1498829E+02  0.1659856E-01  0.8740549E-03 -0.3748944E+00
   06  0.1761905E+01  0.1498829E+02  0.1713279E-01  0.9019921E-03 -0.3748934E+00
   06  0.1785714E+01  0.1498829E+02  0.1766695E-01  0.9299096E-03 -0.3748924E+00
   06  0.1809524E+01  0.1498829E+02  0.1820101E-01  0.9578072E-03 -0.3748914E+00
   06  0.1833333E+01  0.1498829E+02  0.1873499E-01  0.9856849E-03 -0.3748904E+00
   06  0.1857143E+01  0.1498829E+02  0.1926888E-01  0.1013543E-02 -0.3748893E+00
   06  0.1952381E+01  0.1498830E+02  0.2140376E-01  0.1124787E-02 -0.3748849E+00
   06  0.2047619E+01  0.1498830E+02  0.2353719E-01  0.1235703E-02 -0.3748802E+00
   06  0.2142857E+01  0.1498831E+02  0.2566914E-01  0.1346292E-02 -0.3748752E+00
   06  0.2238095E+01  0.1498831E+02  0.2779957E-01  0.1456561E-02 -0.3748698E+00
   06  0.2333333E+01  0.1498832E+02  0.2992847E-01  0.1566523E-02 -0.3748642E+00
   06  0.2428571E+01  0.1498832E+02  0.3205580E-01  0.1676195E-02 -0.3748583E+00
   06  0.2523810E+01  0.1498833E+02  0.3418155E-01  0.1785599E-02 -0.3748522E+00
   06  0.2619048E+01  0.1498834E+02  0.3630573E-01  0.1894764E-02 -0.3748457E+00
   06  0.2714286E+01  0.1498834E+02  0.3842833E-01  0.2003722E-02 -0.3748390E+00
   06  0.2809524E+01  0.1498835E+02  0.4054935E-01  0.2112509E-02 -0.3748321E+00
   06  0.2904762E+01  0.1498836E+02  0.4266881E-01  0.2221166E-02 -0.3748249E+00
   06  0.1000000E+01  0.1498827E+02  0.6302659E-16  0.5295851E-15 -0.3749136E+00
   06  0.1007937E+01  0.1498827E+02  0.1787974E-03  0.9452451E-05 -0.3749135E+00
   06  0.1015873E+01  0.1498827E+02  0.3575895E-03  0.1890450E-04 -0.3749134E+00
   06  0.1023810E+01  0.1498827E+02  0.5363760E-03  0.2835612E-04 -0.3749133E+00
   06  0.1031746E+01  0.1498827E+02  0.7151571E-03  0.3780727E-04 -0.3749132E+00
   06  0.1039683E+01  0.1498827E+02  0.8939326E-03  0.4725793E-04 -0.3749131E+00
   06  0.1047619E+01  0.1498827E+02  0.1072702E-02  0.5670805E-04 -0.3749130E+00
   06  0.1055556E+01  0.1498827E+02  0.1251467E-02  0.6615761E-04 -0.3749129E+00
   06  0.1063492E+01  0.1498827E+02  0.1430225E-02  0.7560658E-04 -0.3749128E+00
   06  0.1071429E+01  0.1498827E+02  0.1608978E-02  0.8505492E-04 -0.3749127E+00
   06  0.1079365E+01  0.1498827E+02  0.1787724E-02  0.9450260E-04 -0.3749126E+00
   06  0.1087302E+01  0.1498827E+02  0.1966465E-02  0.1039496E-03 -0.3749125E+00
   06  0.1095238E+01  0.1498827E+02  0.2145200E-02  0.1133959E-03 -0.3749124E+00
   06  0.1103175E+01  0.1498827E+02  0.2323929E-02  0.1228414E-03 -0.3749123E+00
   06  0.1111111E+01  0.1498827E+02  0.2502652E-02  0.1322861E-03 -0.3749121E+00
   06  0.1119048E+01  0.1498827E+02  0.2681368E-02  0.1417301E-03 -0.3749120E+00
   06  0.1126984E+01  0.1498827E+02  0.2860079E-02  0.1511732E-03 -0.3749119E+00
   06  0.1134921E+01  0.1498827E+02  0.3038783E-02  0.1606154E-03 -0.3749118E+00
   06  0.1142857E+01  0.1498827E+02  0.3217481E-02  0.1700568E-03 -0.3749116E+00
   06  0.1150794E+01  0.1498827E+02  0.3396172E-02  0.1794972E-03 -0.3749115E+00
   06  0.1158730E+01  0.1498827E+02  0.3574857E-02  0.1889366E-03 -0.3749114E+00
   06  0.1166667E+01  0.1498827E+02  0.3753536E-02  0.1983751E-03 -0.3749112E+00
   06  0.1174603E+01  0.1498827E+02  0.3932208E-02  0.2078126E-03 -0.3749111E+00
   06  0.1182540E+01  0.1498827E+02  0.4110874E-02  0.2172491E-03 -0.3749109E+00
   06  0.1190476E+01  0.1498827E+02  0.4289532E-02  0.2266845E-03 -0.3749108E+00
   06  0.1198413E+01  0.1498827E+02  0.4468185E-02  0.2361188E-03 -0.3749106E+00
   06  0.1206349E+01  0.1498827E+02  0.4646830E-02  0.2455520E-03 -0.3749105E+00
   06  0.1214286E+01  0.1498827E+02  0.4825469E-02  0.2549840E-03 -0.3749103E+00
   06  0.1238095E+01  0.1498827E+02  0.5361349E-02  0.2832773E-03 -0.3749098E+00
   06  0.1261905E+01  0.1498827E+02  0.5897167E-02  0.3115595E-03 -0.3749093E+00
   06  0.1285714E+01  0.1498827E+02  0.6432920E-02  0.3398300E-03 -0.3749088E+00
   06  0.1309524E+01  0.1498827E+02  0.6968609E-02  0.3680880E-03 -0.3749083E+00
   06  0.1333333E+01  0.1498827E+02  0.7504232E-02  0.3963331E-03 -0.3749077E+00
   06  0.1357143E+01  0.1498828E+02  0.8039787E-02  0.4245647E-03 -0.3749071E+00
   06  0.1380952E+01  0.1498828E+02  0.8575274E-02  0.4527821E-03 -0.3749065E+00
   06  0.1404762E+01  0.1498828E+02  0.9110690E-02  0.4809850E-03 -0.3749058E+00
   06  0.1428571E+01  0.1498828E+02  0.9646035E-02  0.5091727E-03 -0.3749051E+00
   06  0.1452381E+01  0.1498828E+02  0.1018131E-01  0.5373449E-03 -0.3749044E+00
   06  0.1476190E+01  0.1498828E+02  0.1071651E-01  0.5655010E-03 -0.3749037E+00
   06  0.1500000E+01  0.1498828E+02  0.1125163E-01  0.5936406E-03 -0.3749030E+00
   06  0.1523810E+01  0.1498828E+02  0.1178668E-01  0.6217634E-03 -0.3749022E+00
   06  0.1547619E+01  0.1498828E+02  0.1232165E-01  0.6498689E-03 -0.3749014E+00
   06  0.1571429E+01  0.1498828E+02  0.1285655E-01  0.6779568E-03 -0.3749006E+00
   06  0.1595238E+01  0.1498828E+02  0.1339137E-01  0.7060268E-03 -0.3748998E+00
   06  0.1619048E+01  0.1498828E+02  0.1392610E-01  0.7340786E-03 -0.3748990E+00
   06  0.1642857E+01  0.1498828E+02  0.1446076E-01  0.7621118E-03 -0.3748981E+00
   06  0.1666667E+01  0.1498829E+02  0.1499533E-01  0.7901263E-03 -0.3748972E+00
   06  0.1690476E+01  0.1498829E+02  0.1552982E-01  0.8181218E-03 -0.3748963E+00
   06  0.1714286E+01  0.1498829E+02  0.1606423E-01  0.8460980E-03 -0.3748954E+00
   06  0.1738095E+01  0.1498829E+02  0.1659856E-01  0.8740549E-03 -0.3748944E+00
   06  0.1761905E+01  0.1498829E+02  0.1713279E-01  0.9019921E-03 -0.3748934E+00
   06  0.1785714E+01  0.1498829E+02  0.1766695E-01  0.9299096E-03 -0.3748924E+00
   06  0.1809524E+01  0.1498829E+02  0.1820101E-01  0.9578072E-03 -0.3748914E+00
   06  0.1833333E+01  0.1498829E+02  0.1873499E-01  0.9856849E-03 -0.3748904E+00
   06  0.1857143E+01  0.1498829E+02  0.1926888E-01  0.1013543E-02 -0.3748893E+00
   06  0.1952381E+01  0.1498830E+02  0.2140376E-01  0.1124787E-02 -0.3748849E+00
   06  0.2047619E+01  0.1498830E+02  0.2353719E-01  0.1235703E-02 -0.3748802E+00
   06  0.2142857E+01  0.1498831E+02  0.2566914E-01  0.1346292E-02 -0.3748752E+00
   06  0.2238095E+01  0.1498831E+02  0.2779957E-01  0.1456561E-02 -0.3748698E+00
   06  0.2333333E+01  0.1498832E+02  0.2992847E-01  0.1566523E-02 -0.3748642E+00
   06  0.2428571E+01  0.1498832E+02  0.3205580E-01  0.1676195E-02 -0.3748583E+00
   06  0.2523810E+01  0.1498833E+02  0.3418155E-01  0.1785599E-02 -0.3748522E+00
   06  0.2619048E+01  0.1498834E+02  0.3630573E-01  0.1894764E-02 -0.3748457E+00
   06  0.2714286E+01  0.1498834E+02  0.3842833E-01  0.2003722E-02 -0.3748390E+00
   06  0.2809524E+01  0.1498835E+02  0.4054935E-01  0.2112509E-02 -0.3748321E+00
   06  0.2904762E+01  0.1498836E+02  0.4266881E-01  0.2221166E-02 -0.3748249E+00
