# gauge_id= 612 location=( -0.1242043567E+03  0.4175754751E+02 ) num_var=  4
# Stationary gauge
# level, time, q[  1  2  3], eta, aux[]
# file format ascii, time series follow in this file
   06  0.0000000E+00  0.1315901E+02  0.0000000E+00  0.0000000E+00  0.0000000E+00
   06  0.0000000E+00  0.1315901E+02  0.0000000E+00  0.0000000E+00  0.0000000E+00
   06  0.0000000E+00  0.1315901E+02  0.0000000E+00  0.0000000E+00  0.0000000E+00
   06  0.0000000E+00  0.1315901E+02  0.0000000E+00  0.0000000E+00  0.0000000E+00
   06  0.0000000E+00  0.1315901E+02  0.0000000E+00  0.0000000E+00  0.0000000E+00
   06  0.1000000E+01  0.1315901E+02 -0.2198208E-15  0.1222750E-14 -0.4735494E+00
   06  0.1007937E+01  0.1315901E+02  0.1572625E-03  0.8298306E-05 -0.4735494E+00
   06  0.1015873E+01  0.1315901E+02  0.3145254E-03  0.1659669E-04 -0.4735494E+00
   06  0.1023810E+01  0.1315901E+02  0.4717887E-03  0.2489516E-04 -0.4735494E+00
   06  0.1031746E+01  0.1315901E+02  0.6290524E-03  0.3319371E-04 -0.4735494E+00
   06  0.1039683E+01  0.1315901E+02  0.7863164E-03  0.4149235E-04 -0.4735494E+00
   06  0.1047619E+01  0.1315901E+02  0.9435807E-03  0.4979108E-04 -0.4735494E+00
   06  0.1055556E+01  0.1315901E+02  0.1100845E-02  0.5808991E-04 -0.4735494E+00
   06  0.1063492E+01  0.1315901E+02  0.1258111E-02  0.6638884E-04 -0.4735494E+00
   06  0.1071429E+01  0.1315901E+02  0.1415376E-02  0.7468787E-04 -0.4735494E+00
   06  0.1079365E+01  0.1315901E+02  0.1572642E-02  0.8298701E-04 -0.4735494E+00
   06  0.1087302E+01  0.1315901E+02  0.1729908E-02  0.9128626E-04 -0.4735494E+00
   06  0.1095238E+01  0.1315901E+02  0.1887175E-02  0.9958563E-04 -0.4735494E+00
   06  0.1103175E+01  0.1315901E+02  0.2044442E-02  0.1078851E-03 -0.4735494E+00
   06  0.1111111E+01  0.1315901E+02  0.2201709E-02  0.1161847E-03 -0.4735494E+00
   06  0.1119048E+01  0.1315901E+02  0.2358977E-02  0.1244845E-03 -0.4735493E+00
   06  0.1126984E+01  0.1315901E+02  0.2516245E-02  0.1327843E-03 -0.4735493E+00
   06  0.1134921E+01  0.1315901E+02  0.2673513E-02  0.1410843E-03 -0.4735493E+00
   06  0.1142857E+01  0.1315901E+02  0.2830782E-02  0.1493845E-03 -0.4735493E+00
   06  0.1150794E+01  0.1315901E+02  0.2988051E-02  0.1576847E-03 -0.4735493E+00
   06  0.1158730E+01  0.1315901E+02  0.3145321E-02  0.1659851E-03 -0.4735493E+00
   06  0.1166667E+01  0.1315901E+02  0.3302591E-02  0.1742857E-03 -0.4735493E+00
   06  0.1174603E+01  0.1315901E+02  0.3459861E-02  0.1825864E-03 -0.4735493E+00
   06  0.1182540E+01  0.1315901E+02  0.3617132E-02  0.1908873E-03 -0.4735493E+00
   06  0.1190476E+01  0.1315901E+02  0.3774403E-02  0.1991883E-03 -0.4735493E+00
   06  0.1198413E+01  0.1315901E+02  0.3931675E-02  0.2074895E-03 -0.4735492E+00
   06  0.1206349E+01  0.1315901E+02  0.4088946E-02  0.2157909E-03 -0.4735492E+00
   06  0.1214286E+01  0.1315901E+02  0.4246219E-02  0.2240924E-03 -0.4735492E+00
   06  0.1238095E+01  0.1315901E+02  0.4718037E-02  0.2489973E-03 -0.4735492E+00
   06  0.1261905E+01  0.1315901E+02  0.5189858E-02  0.2739039E-03 -0.4735491E+00
   06  0.1285714E+01  0.1315901E+02  0.5661683E-02  0.2988121E-03 -0.4735490E+00
   06  0.1309524E+01  0.1315901E+02  0.6133512E-02  0.3237222E-03 -0.4735490E+00
   06  0.1333333E+01  0.1315901E+02  0.6605343E-02  0.3486343E-03 -0.4735489E+00
   06  0.1357143E+01  0.1315901E+02  0.7077178E-02  0.3735484E-03 -0.4735488E+00
   06  0.1380952E+01  0.1315901E+02  0.7549017E-02  0.3984646E-03 -0.4735488E+00
   06  0.1404762E+01  0.1315901E+02  0.8020859E-02  0.4233830E-03 -0.4735487E+00
   06  0.1428571E+01  0.1315901E+02  0.8492704E-02  0.4483037E-03 -0.4735486E+00
   06  0.1452381E+01  0.1315901E+02  0.8964553E-02  0.4732269E-03 -0.4735485E+00
   06  0.1476190E+01  0.1315901E+02  0.9436405E-02  0.4981525E-03 -0.4735484E+00
   06  0.1500000E+01  0.1315901E+02  0.9908261E-02  0.5230807E-03 -0.4735483E+00
   06  0.1523810E+01  0.1315902E+02  0.1038012E-01  0.5480115E-03 -0.4735482E+00
   06  0.1547619E+01  0.1315902E+02  0.1085198E-01  0.5729452E-03 -0.4735480E+00
   06  0.1571429E+01  0.1315902E+02  0.1132385E-01  0.5978817E-03 -0.4735479E+00
   06  0.1595238E+01  0.1315902E+02  0.1179572E-01  0.6228211E-03 -0.4735478E+00
   06  0.1619048E+01  0.1315902E+02  0.1226759E-01  0.6477636E-03 -0.4735477E+00
   06  0.1642857E+01  0.1315902E+02  0.1273947E-01  0.6727092E-03 -0.4735475E+00
   06  0.1666667E+01  0.1315902E+02  0.1321135E-01  0.6976579E-03 -0.4735474E+00
   06  0.1690476E+01  0.1315902E+02  0.1368323E-01  0.7226100E-03 -0.4735472E+00
   06  0.1714286E+01  0.1315902E+02  0.1415512E-01  0.7475655E-03 -0.4735471E+00
   06  0.1738095E+01  0.1315902E+02  0.1462701E-01  0.7725244E-03 -0.4735469E+00
   06  0.1761905E+01  0.1315902E+02  0.1509890E-01  0.7974868E-03 -0.4735468E+00
   06  0.1785714E+01  0.1315902E+02  0.1557080E-01  0.8224529E-03 -0.4735466E+00
   06  0.1809524E+01  0.1315902E+02  0.1604270E-01  0.8474227E-03 -0.4735464E+00
   06  0.1833333E+01  0.1315902E+02  0.1651460E-01  0.8723963E-03 -0.4735462E+00
   06  0.1857143E+01  0.1315902E+02  0.1698651E-01  0.8973738E-03 -0.4735460E+00
   06  0.1952381E+01  0.1315902E+02  0.1887417E-01  0.9973095E-03 -0.4735452E+00
   06  0.2047619E+01  0.1315902E+02  0.2076188E-01  0.1097313E-02 -0.4735444E+00
   06  0.2142857E+01  0.1315902E+02  0.2264965E-01  0.1197390E-02 -0.4735434E+00
   06  0.2238095E+01  0.1315902E+02  0.2453748E-01  0.1297544E-02 -0.4735423E+00
   06  0.2333333E+01  0.1315902E+02  0.2642537E-01  0.1397780E-02 -0.4735412E+00
   06  0.2428571E+01  0.1315902E+02  0.2831331E-01  0.1498104E-02 -0.4735400E+00
   06  0.2523810E+01  0.1315902E+02  0.3020131E-01  0.1598519E-02 -0.4735387E+00
   06  0.2619048E+01  0.1315903E+02  0.3208937E-01  0.1699029E-02 -0.4735373E+00
   06  0.2714286E+01  0.1315903E+02  0.3397749E-01  0.1799638E-02 -0.4735358E+00
   06  0.2809524E+01  0.1315903E+02  0.3586567E-01  0.1900351E-02 -0.4735342E+00
   06  0.2904762E+01  0.1315903E+02  0.3775390E-01  0.2001171E-02 -0.4735325E+00
   06  0.1000000E+01  0.1315901E+02 -0.2198208E-15  0.1222750E-14 -0.4735494E+00
   06  0.1007937E+01  0.1315901E+02  0.1572625E-03  0.8298306E-05 -0.4735494E+00
   06  0.1015873E+01  0.1315901E+02  0.3145254E-03  0.1659669E-04 -0.4735494E+00
   06  0.1023810E+01  0.1315901E+02  0.4717887E-03  0.2489516E-04 -0.4735494E+00
   06  0.1031746E+01  0.1315901E+02  0.6290524E-03  0.3319371E-04 -0.4735494E+00
   06  0.1039683E+01  0.1315901E+02  0.7863164E-03  0.4149235E-04 -0.4735494E+00
   06  0.1047619E+01  0.1315901E+02  0.9435807E-03  0.4979108E-04 -0.4735494E+00
   06  0.1055556E+01  0.1315901E+02  0.1100845E-02  0.5808991E-04 -0.4735494E+00
   06  0.1063492E+01  0.1315901E+02  0.1258111E-02  0.6638884E-04 -0.4735494E+00
   06  0.1071429E+01  0.1315901E+02  0.1415376E-02  0.7468787E-04 -0.4735494E+00
   06  0.1079365E+01  0.1315901E+02  0.1572642E-02  0.8298701E-04 -0.4735494E+00
   06  0.1087302E+01  0.1315901E+02  0.1729908E-02  0.9128626E-04 -0.4735494E+00
   06  0.1095238E+01  0.1315901E+02  0.1887175E-02  0.9958563E-04 -0.4735494E+00
   06  0.1103175E+01  0.1315901E+02  0.2044442E-02  0.1078851E-03 -0.4735494E+00
   06  0.1111111E+01  0.1315901E+02  0.2201709E-02  0.1161847E-03 -0.4735494E+00
   06  0.1119048E+01  0.1315901E+02  0.2358977E-02  0.1244845E-03 -0.4735493E+00
   06  0.1126984E+01  0.1315901E+02  0.2516245E-02  0.1327843E-03 -0.4735493E+00
   06  0.1134921E+01  0.1315901E+02  0.2673513E-02  0.1410843E-03 -0.4735493E+00
   06  0.1142857E+01  0.1315901E+02  0.2830782E-02  0.1493845E-03 -0.4735493E+00
   06  0.1150794E+01  0.1315901E+02  0.2988051E-02  0.1576847E-03 -0.4735493E+00
   06  0.1158730E+01  0.1315901E+02  0.3145321E-02  0.1659851E-03 -0.4735493E+00
   06  0.1166667E+01  0.1315901E+02  0.3302591E-02  0.1742857E-03 -0.4735493E+00
   06  0.1174603E+01  0.1315901E+02  0.3459861E-02  0.1825864E-03 -0.4735493E+00
   06  0.1182540E+01  0.1315901E+02  0.3617132E-02  0.1908873E-03 -0.4735493E+00
   06  0.1190476E+01  0.1315901E+02  0.3774403E-02  0.1991883E-03 -0.4735493E+00
   06  0.1198413E+01  0.1315901E+02  0.3931675E-02  0.2074895E-03 -0.4735492E+00
   06  0.1206349E+01  0.1315901E+02  0.4088946E-02  0.2157909E-03 -0.4735492E+00
   06  0.1214286E+01  0.1315901E+02  0.4246219E-02  0.2240924E-03 -0.4735492E+00
   06  0.1238095E+01  0.1315901E+02  0.4718037E-02  0.2489973E-03 -0.4735492E+00
   06  0.1261905E+01  0.1315901E+02  0.5189858E-02  0.2739039E-03 -0.4735491E+00
   06  0.1285714E+01  0.1315901E+02  0.5661683E-02  0.2988121E-03 -0.4735490E+00
   06  0.1309524E+01  0.1315901E+02  0.6133512E-02  0.3237222E-03 -0.4735490E+00
   06  0.1333333E+01  0.1315901E+02  0.6605343E-02  0.3486343E-03 -0.4735489E+00
   06  0.1357143E+01  0.1315901E+02  0.7077178E-02  0.3735484E-03 -0.4735488E+00
   06  0.1380952E+01  0.1315901E+02  0.7549017E-02  0.3984646E-03 -0.4735488E+00
   06  0.1404762E+01  0.1315901E+02  0.8020859E-02  0.4233830E-03 -0.4735487E+00
   06  0.1428571E+01  0.1315901E+02  0.8492704E-02  0.4483037E-03 -0.4735486E+00
   06  0.1452381E+01  0.1315901E+02  0.8964553E-02  0.4732269E-03 -0.4735485E+00
   06  0.1476190E+01  0.1315901E+02  0.9436405E-02  0.4981525E-03 -0.4735484E+00
   06  0.1500000E+01  0.1315901E+02  0.9908261E-02  0.5230807E-03 -0.4735483E+00
   06  0.1523810E+01  0.1315902E+02  0.1038012E-01  0.5480115E-03 -0.4735482E+00
   06  0.1547619E+01  0.1315902E+02  0.1085198E-01  0.5729452E-03 -0.4735480E+00
   06  0.1571429E+01  0.1315902E+02  0.1132385E-01  0.5978817E-03 -0.4735479E+00
   06  0.1595238E+01  0.1315902E+02  0.1179572E-01  0.6228211E-03 -0.4735478E+00
   06  0.1619048E+01  0.1315902E+02  0.1226759E-01  0.6477636E-03 -0.4735477E+00
   06  0.1642857E+01  0.1315902E+02  0.1273947E-01  0.6727092E-03 -0.4735475E+00
   06  0.1666667E+01  0.1315902E+02  0.1321135E-01  0.6976579E-03 -0.4735474E+00
   06  0.1690476E+01  0.1315902E+02  0.1368323E-01  0.7226100E-03 -0.4735472E+00
   06  0.1714286E+01  0.1315902E+02  0.1415512E-01  0.7475655E-03 -0.4735471E+00
   06  0.1738095E+01  0.1315902E+02  0.1462701E-01  0.7725244E-03 -0.4735469E+00
   06  0.1761905E+01  0.1315902E+02  0.1509890E-01  0.7974868E-03 -0.4735468E+00
   06  0.1785714E+01  0.1315902E+02  0.1557080E-01  0.8224529E-03 -0.4735466E+00
   06  0.1809524E+01  0.1315902E+02  0.1604270E-01  0.8474227E-03 -0.4735464E+00
   06  0.1833333E+01  0.1315902E+02  0.1651460E-01  0.8723963E-03 -0.4735462E+00
   06  0.1857143E+01  0.1315902E+02  0.1698651E-01  0.8973738E-03 -0.4735460E+00
   06  0.1952381E+01  0.1315902E+02  0.1887417E-01  0.9973095E-03 -0.4735452E+00
   06  0.2047619E+01  0.1315902E+02  0.2076188E-01  0.1097313E-02 -0.4735444E+00
   06  0.2142857E+01  0.1315902E+02  0.2264965E-01  0.1197390E-02 -0.4735434E+00
   06  0.2238095E+01  0.1315902E+02  0.2453748E-01  0.1297544E-02 -0.4735423E+00
   06  0.2333333E+01  0.1315902E+02  0.2642537E-01  0.1397780E-02 -0.4735412E+00
   06  0.2428571E+01  0.1315902E+02  0.2831331E-01  0.1498104E-02 -0.4735400E+00
   06  0.2523810E+01  0.1315902E+02  0.3020131E-01  0.1598519E-02 -0.4735387E+00
   06  0.2619048E+01  0.1315903E+02  0.3208937E-01  0.1699029E-02 -0.4735373E+00
   06  0.2714286E+01  0.1315903E+02  0.3397749E-01  0.1799638E-02 -0.4735358E+00
   06  0.2809524E+01  0.1315903E+02  0.3586567E-01  0.1900351E-02 -0.4735342E+00
   06  0.2904762E+01  0.1315903E+02  0.3775390E-01  0.2001171E-02 -0.4735325E+00
   06  0.1000000E+01  0.1315901E+02 -0.2198208E-15  0.1222750E-14 -0.4735494E+00
   06  0.1007937E+01  0.1315901E+02  0.1572625E-03  0.8298306E-05 -0.4735494E+00
   06  0.1015873E+01  0.1315901E+02  0.3145254E-03  0.1659669E-04 -0.4735494E+00
   06  0.1023810E+01  0.1315901E+02  0.4717887E-03  0.2489516E-04 -0.4735494E+00
   06  0.1031746E+01  0.1315901E+02  0.6290524E-03  0.3319371E-04 -0.4735494E+00
   06  0.1039683E+01  0.1315901E+02  0.7863164E-03  0.4149235E-04 -0.4735494E+00
   06  0.1047619E+01  0.1315901E+02  0.9435807E-03  0.4979108E-04 -0.4735494E+00
   06  0.1055556E+01  0.1315901E+02  0.1100845E-02  0.5808991E-04 -0.4735494E+00
   06  0.1063492E+01  0.1315901E+02  0.1258111E-02  0.6638884E-04 -0.4735494E+00
   06  0.1071429E+01  0.1315901E+02  0.1415376E-02  0.7468787E-04 -0.4735494E+00
   06  0.1079365E+01  0.1315901E+02  0.1572642E-02  0.8298701E-04 -0.4735494E+00
   06  0.1087302E+01  0.1315901E+02  0.1729908E-02  0.9128626E-04 -0.4735494E+00
   06  0.1095238E+01  0.1315901E+02  0.1887175E-02  0.9958563E-04 -0.4735494E+00
   06  0.1103175E+01  0.1315901E+02  0.2044442E-02  0.1078851E-03 -0.4735494E+00
   06  0.1111111E+01  0.1315901E+02  0.2201709E-02  0.1161847E-03 -0.4735494E+00
   06  0.1119048E+01  0.1315901E+02  0.2358977E-02  0.1244845E-03 -0.4735493E+00
   06  0.1126984E+01  0.1315901E+02  0.2516245E-02  0.1327843E-03 -0.4735493E+00
   06  0.1134921E+01  0.1315901E+02  0.2673513E-02  0.1410843E-03 -0.4735493E+00
   06  0.1142857E+01  0.1315901E+02  0.2830782E-02  0.1493845E-03 -0.4735493E+00
   06  0.1150794E+01  0.1315901E+02  0.2988051E-02  0.1576847E-03 -0.4735493E+00
   06  0.1158730E+01  0.1315901E+02  0.3145321E-02  0.1659851E-03 -0.4735493E+00
   06  0.1166667E+01  0.1315901E+02  0.3302591E-02  0.1742857E-03 -0.4735493E+00
   06  0.1174603E+01  0.1315901E+02  0.3459861E-02  0.1825864E-03 -0.4735493E+00
   06  0.1182540E+01  0.1315901E+02  0.3617132E-02  0.1908873E-03 -0.4735493E+00
   06  0.1190476E+01  0.1315901E+02  0.3774403E-02  0.1991883E-03 -0.4735493E+00
   06  0.1198413E+01  0.1315901E+02  0.3931675E-02  0.2074895E-03 -0.4735492E+00
   06  0.1206349E+01  0.1315901E+02  0.4088946E-02  0.2157909E-03 -0.4735492E+00
   06  0.1214286E+01  0.1315901E+02  0.4246219E-02  0.2240924E-03 -0.4735492E+00
   06  0.1238095E+01  0.1315901E+02  0.4718037E-02  0.2489973E-03 -0.4735492E+00
   06  0.1261905E+01  0.1315901E+02  0.5189858E-02  0.2739039E-03 -0.4735491E+00
   06  0.1285714E+01  0.1315901E+02  0.5661683E-02  0.2988121E-03 -0.4735490E+00
   06  0.1309524E+01  0.1315901E+02  0.6133512E-02  0.3237222E-03 -0.4735490E+00
   06  0.1333333E+01  0.1315901E+02  0.6605343E-02  0.3486343E-03 -0.4735489E+00
   06  0.1357143E+01  0.1315901E+02  0.7077178E-02  0.3735484E-03 -0.4735488E+00
   06  0.1380952E+01  0.1315901E+02  0.7549017E-02  0.3984646E-03 -0.4735488E+00
   06  0.1404762E+01  0.1315901E+02  0.8020859E-02  0.4233830E-03 -0.4735487E+00
   06  0.1428571E+01  0.1315901E+02  0.8492704E-02  0.4483037E-03 -0.4735486E+00
   06  0.1452381E+01  0.1315901E+02  0.8964553E-02  0.4732269E-03 -0.4735485E+00
   06  0.1476190E+01  0.1315901E+02  0.9436405E-02  0.4981525E-03 -0.4735484E+00
   06  0.1500000E+01  0.1315901E+02  0.9908261E-02  0.5230807E-03 -0.4735483E+00
   06  0.1523810E+01  0.1315902E+02  0.1038012E-01  0.5480115E-03 -0.4735482E+00
   06  0.1547619E+01  0.1315902E+02  0.1085198E-01  0.5729452E-03 -0.4735480E+00
   06  0.1571429E+01  0.1315902E+02  0.1132385E-01  0.5978817E-03 -0.4735479E+00
   06  0.1595238E+01  0.1315902E+02  0.1179572E-01  0.6228211E-03 -0.4735478E+00
   06  0.1619048E+01  0.1315902E+02  0.1226759E-01  0.6477636E-03 -0.4735477E+00
   06  0.1642857E+01  0.1315902E+02  0.1273947E-01  0.6727092E-03 -0.4735475E+00
   06  0.1666667E+01  0.1315902E+02  0.1321135E-01  0.6976579E-03 -0.4735474E+00
   06  0.1690476E+01  0.1315902E+02  0.1368323E-01  0.7226100E-03 -0.4735472E+00
   06  0.1714286E+01  0.1315902E+02  0.1415512E-01  0.7475655E-03 -0.4735471E+00
   06  0.1738095E+01  0.1315902E+02  0.1462701E-01  0.7725244E-03 -0.4735469E+00
   06  0.1761905E+01  0.1315902E+02  0.1509890E-01  0.7974868E-03 -0.4735468E+00
   06  0.1785714E+01  0.1315902E+02  0.1557080E-01  0.8224529E-03 -0.4735466E+00
   06  0.1809524E+01  0.1315902E+02  0.1604270E-01  0.8474227E-03 -0.4735464E+00
   06  0.1833333E+01  0.1315902E+02  0.1651460E-01  0.8723963E-03 -0.4735462E+00
   06  0.1857143E+01  0.1315902E+02  0.1698651E-01  0.8973738E-03 -0.4735460E+00
   06  0.1952381E+01  0.1315902E+02  0.1887417E-01  0.9973095E-03 -0.4735452E+00
   06  0.2047619E+01  0.1315902E+02  0.2076188E-01  0.1097313E-02 -0.4735444E+00
   06  0.2142857E+01  0.1315902E+02  0.2264965E-01  0.1197390E-02 -0.4735434E+00
   06  0.2238095E+01  0.1315902E+02  0.2453748E-01  0.1297544E-02 -0.4735423E+00
   06  0.2333333E+01  0.1315902E+02  0.2642537E-01  0.1397780E-02 -0.4735412E+00
   06  0.2428571E+01  0.1315902E+02  0.2831331E-01  0.1498104E-02 -0.4735400E+00
   06  0.2523810E+01  0.1315902E+02  0.3020131E-01  0.1598519E-02 -0.4735387E+00
   06  0.2619048E+01  0.1315903E+02  0.3208937E-01  0.1699029E-02 -0.4735373E+00
   06  0.2714286E+01  0.1315903E+02  0.3397749E-01  0.1799638E-02 -0.4735358E+00
   06  0.2809524E+01  0.1315903E+02  0.3586567E-01  0.1900351E-02 -0.4735342E+00
   06  0.2904762E+01  0.1315903E+02  0.3775390E-01  0.2001171E-02 -0.4735325E+00
   06  0.1000000E+01  0.1315901E+02 -0.2198208E-15  0.1222750E-14 -0.4735494E+00
   06  0.1007937E+01  0.1315901E+02  0.1572625E-03  0.8298306E-05 -0.4735494E+00
   06  0.1015873E+01  0.1315901E+02  0.3145254E-03  0.1659669E-04 -0.4735494E+00
   06  0.1023810E+01  0.1315901E+02  0.4717887E-03  0.2489516E-04 -0.4735494E+00
   06  0.1031746E+01  0.1315901E+02  0.6290524E-03  0.3319371E-04 -0.4735494E+00
   06  0.1039683E+01  0.1315901E+02  0.7863164E-03  0.4149235E-04 -0.4735494E+00
   06  0.1047619E+01  0.1315901E+02  0.9435807E-03  0.4979108E-04 -0.4735494E+00
   06  0.1055556E+01  0.1315901E+02  0.1100845E-02  0.5808991E-04 -0.4735494E+00
   06  0.1063492E+01  0.1315901E+02  0.1258111E-02  0.6638884E-04 -0.4735494E+00
   06  0.1071429E+01  0.1315901E+02  0.1415376E-02  0.7468787E-04 -0.4735494E+00
   06  0.1079365E+01  0.1315901E+02  0.1572642E-02  0.8298701E-04 -0.4735494E+00
   06  0.1087302E+01  0.1315901E+02  0.1729908E-02  0.9128626E-04 -0.4735494E+00
   06  0.1095238E+01  0.1315901E+02  0.1887175E-02  0.9958563E-04 -0.4735494E+00
   06  0.1103175E+01  0.1315901E+02  0.2044442E-02  0.1078851E-03 -0.4735494E+00
   06  0.1111111E+01  0.1315901E+02  0.2201709E-02  0.1161847E-03 -0.4735494E+00
   06  0.1119048E+01  0.1315901E+02  0.2358977E-02  0.1244845E-03 -0.4735493E+00
   06  0.1126984E+01  0.1315901E+02  0.2516245E-02  0.1327843E-03 -0.4735493E+00
   06  0.1134921E+01  0.1315901E+02  0.2673513E-02  0.1410843E-03 -0.4735493E+00
   06  0.1142857E+01  0.1315901E+02  0.2830782E-02  0.1493845E-03 -0.4735493E+00
   06  0.1150794E+01  0.1315901E+02  0.2988051E-02  0.1576847E-03 -0.4735493E+00
   06  0.1158730E+01  0.1315901E+02  0.3145321E-02  0.1659851E-03 -0.4735493E+00
   06  0.1166667E+01  0.1315901E+02  0.3302591E-02  0.1742857E-03 -0.4735493E+00
   06  0.1174603E+01  0.1315901E+02  0.3459861E-02  0.1825864E-03 -0.4735493E+00
   06  0.1182540E+01  0.1315901E+02  0.3617132E-02  0.1908873E-03 -0.4735493E+00
   06  0.1190476E+01  0.1315901E+02  0.3774403E-02  0.1991883E-03 -0.4735493E+00
   06  0.1198413E+01  0.1315901E+02  0.3931675E-02  0.2074895E-03 -0.4735492E+00
   06  0.1206349E+01  0.1315901E+02  0.4088946E-02  0.2157909E-03 -0.4735492E+00
   06  0.1214286E+01  0.1315901E+02  0.4246219E-02  0.2240924E-03 -0.4735492E+00
   06  0.1238095E+01  0.1315901E+02  0.4718037E-02  0.2489973E-03 -0.4735492E+00
   06  0.1261905E+01  0.1315901E+02  0.5189858E-02  0.2739039E-03 -0.4735491E+00
   06  0.1285714E+01  0.1315901E+02  0.5661683E-02  0.2988121E-03 -0.4735490E+00
   06  0.1309524E+01  0.1315901E+02  0.6133512E-02  0.3237222E-03 -0.4735490E+00
   06  0.1333333E+01  0.1315901E+02  0.6605343E-02  0.3486343E-03 -0.4735489E+00
   06  0.1357143E+01  0.1315901E+02  0.7077178E-02  0.3735484E-03 -0.4735488E+00
   06  0.1380952E+01  0.1315901E+02  0.7549017E-02  0.3984646E-03 -0.4735488E+00
   06  0.1404762E+01  0.1315901E+02  0.8020859E-02  0.4233830E-03 -0.4735487E+00
   06  0.1428571E+01  0.1315901E+02  0.8492704E-02  0.4483037E-03 -0.4735486E+00
   06  0.1452381E+01  0.1315901E+02  0.8964553E-02  0.4732269E-03 -0.4735485E+00
   06  0.1476190E+01  0.1315901E+02  0.9436405E-02  0.4981525E-03 -0.4735484E+00
   06  0.1500000E+01  0.1315901E+02  0.9908261E-02  0.5230807E-03 -0.4735483E+00
   06  0.1523810E+01  0.1315902E+02  0.1038012E-01  0.5480115E-03 -0.4735482E+00
   06  0.1547619E+01  0.1315902E+02  0.1085198E-01  0.5729452E-03 -0.4735480E+00
   06  0.1571429E+01  0.1315902E+02  0.1132385E-01  0.5978817E-03 -0.4735479E+00
   06  0.1595238E+01  0.1315902E+02  0.1179572E-01  0.6228211E-03 -0.4735478E+00
   06  0.1619048E+01  0.1315902E+02  0.1226759E-01  0.6477636E-03 -0.4735477E+00
   06  0.1642857E+01  0.1315902E+02  0.1273947E-01  0.6727092E-03 -0.4735475E+00
   06  0.1666667E+01  0.1315902E+02  0.1321135E-01  0.6976579E-03 -0.4735474E+00
   06  0.1690476E+01  0.1315902E+02  0.1368323E-01  0.7226100E-03 -0.4735472E+00
   06  0.1714286E+01  0.1315902E+02  0.1415512E-01  0.7475655E-03 -0.4735471E+00
   06  0.1738095E+01  0.1315902E+02  0.1462701E-01  0.7725244E-03 -0.4735469E+00
   06  0.1761905E+01  0.1315902E+02  0.1509890E-01  0.7974868E-03 -0.4735468E+00
   06  0.1785714E+01  0.1315902E+02  0.1557080E-01  0.8224529E-03 -0.4735466E+00
   06  0.1809524E+01  0.1315902E+02  0.1604270E-01  0.8474227E-03 -0.4735464E+00
   06  0.1833333E+01  0.1315902E+02  0.1651460E-01  0.8723963E-03 -0.4735462E+00
   06  0.1857143E+01  0.1315902E+02  0.1698651E-01  0.8973738E-03 -0.4735460E+00
   06  0.1952381E+01  0.1315902E+02  0.1887417E-01  0.9973095E-03 -0.4735452E+00
   06  0.2047619E+01  0.1315902E+02  0.2076188E-01  0.1097313E-02 -0.4735444E+00
   06  0.2142857E+01  0.1315902E+02  0.2264965E-01  0.1197390E-02 -0.4735434E+00
   06  0.2238095E+01  0.1315902E+02  0.2453748E-01  0.1297544E-02 -0.4735423E+00
   06  0.2333333E+01  0.1315902E+02  0.2642537E-01  0.1397780E-02 -0.4735412E+00
   06  0.2428571E+01  0.1315902E+02  0.2831331E-01  0.1498104E-02 -0.4735400E+00
   06  0.2523810E+01  0.1315902E+02  0.3020131E-01  0.1598519E-02 -0.4735387E+00
   06  0.2619048E+01  0.1315903E+02  0.3208937E-01  0.1699029E-02 -0.4735373E+00
   06  0.2714286E+01  0.1315903E+02  0.3397749E-01  0.1799638E-02 -0.4735358E+00
   06  0.2809524E+01  0.1315903E+02  0.3586567E-01  0.1900351E-02 -0.4735342E+00
   06  0.2904762E+01  0.1315903E+02  0.3775390E-01  0.2001171E-02 -0.4735325E+00
   06  0.1000000E+01  0.1315901E+02 -0.2198208E-15  0.1222750E-14 -0.4735494E+00
   06  0.1007937E+01  0.1315901E+02  0.1572625E-03  0.8298306E-05 -0.4735494E+00
   06  0.1015873E+01  0.1315901E+02  0.3145254E-03  0.1659669E-04 -0.4735494E+00
   06  0.1023810E+01  0.1315901E+02  0.4717887E-03  0.2489516E-04 -0.4735494E+00
   06  0.1031746E+01  0.1315901E+02  0.6290524E-03  0.3319371E-04 -0.4735494E+00
   06  0.1039683E+01  0.1315901E+02  0.7863164E-03  0.4149235E-04 -0.4735494E+00
   06  0.1047619E+01  0.1315901E+02  0.9435807E-03  0.4979108E-04 -0.4735494E+00
   06  0.1055556E+01  0.1315901E+02  0.1100845E-02  0.5808991E-04 -0.4735494E+00
   06  0.1063492E+01  0.1315901E+02  0.1258111E-02  0.6638884E-04 -0.4735494E+00
   06  0.1071429E+01  0.1315901E+02  0.1415376E-02  0.7468787E-04 -0.4735494E+00
   06  0.1079365E+01  0.1315901E+02  0.1572642E-02  0.8298701E-04 -0.4735494E+00
   06  0.1087302E+01  0.1315901E+02  0.1729908E-02  0.9128626E-04 -0.4735494E+00
   06  0.1095238E+01  0.1315901E+02  0.1887175E-02  0.9958563E-04 -0.4735494E+00
   06  0.1103175E+01  0.1315901E+02  0.2044442E-02  0.1078851E-03 -0.4735494E+00
   06  0.1111111E+01  0.1315901E+02  0.2201709E-02  0.1161847E-03 -0.4735494E+00
   06  0.1119048E+01  0.1315901E+02  0.2358977E-02  0.1244845E-03 -0.4735493E+00
   06  0.1126984E+01  0.1315901E+02  0.2516245E-02  0.1327843E-03 -0.4735493E+00
   06  0.1134921E+01  0.1315901E+02  0.2673513E-02  0.1410843E-03 -0.4735493E+00
   06  0.1142857E+01  0.1315901E+02  0.2830782E-02  0.1493845E-03 -0.4735493E+00
   06  0.1150794E+01  0.1315901E+02  0.2988051E-02  0.1576847E-03 -0.4735493E+00
   06  0.1158730E+01  0.1315901E+02  0.3145321E-02  0.1659851E-03 -0.4735493E+00
   06  0.1166667E+01  0.1315901E+02  0.3302591E-02  0.1742857E-03 -0.4735493E+00
   06  0.1174603E+01  0.1315901E+02  0.3459861E-02  0.1825864E-03 -0.4735493E+00
   06  0.1182540E+01  0.1315901E+02  0.3617132E-02  0.1908873E-03 -0.4735493E+00
   06  0.1190476E+01  0.1315901E+02  0.3774403E-02  0.1991883E-03 -0.4735493E+00
   06  0.1198413E+01  0.1315901E+02  0.3931675E-02  0.2074895E-03 -0.4735492E+00
   06  0.1206349E+01  0.1315901E+02  0.4088946E-02  0.2157909E-03 -0.4735492E+00
   06  0.1214286E+01  0.1315901E+02  0.4246219E-02  0.2240924E-03 -0.4735492E+00
   06  0.1238095E+01  0.1315901E+02  0.4718037E-02  0.2489973E-03 -0.4735492E+00
   06  0.1261905E+01  0.1315901E+02  0.5189858E-02  0.2739039E-03 -0.4735491E+00
   06  0.1285714E+01  0.1315901E+02  0.5661683E-02  0.2988121E-03 -0.4735490E+00
   06  0.1309524E+01  0.1315901E+02  0.6133512E-02  0.3237222E-03 -0.4735490E+00
   06  0.1333333E+01  0.1315901E+02  0.6605343E-02  0.3486343E-03 -0.4735489E+00
   06  0.1357143E+01  0.1315901E+02  0.7077178E-02  0.3735484E-03 -0.4735488E+00
   06  0.1380952E+01  0.1315901E+02  0.7549017E-02  0.3984646E-03 -0.4735488E+00
   06  0.1404762E+01  0.1315901E+02  0.8020859E-02  0.4233830E-03 -0.4735487E+00
   06  0.1428571E+01  0.1315901E+02  0.8492704E-02  0.4483037E-03 -0.4735486E+00
   06  0.1452381E+01  0.1315901E+02  0.8964553E-02  0.4732269E-03 -0.4735485E+00
   06  0.1476190E+01  0.1315901E+02  0.9436405E-02  0.4981525E-03 -0.4735484E+00
   06  0.1500000E+01  0.1315901E+02  0.9908261E-02  0.5230807E-03 -0.4735483E+00
   06  0.1523810E+01  0.1315902E+02  0.1038012E-01  0.5480115E-03 -0.4735482E+00
   06  0.1547619E+01  0.1315902E+02  0.1085198E-01  0.5729452E-03 -0.4735480E+00
   06  0.1571429E+01  0.1315902E+02  0.1132385E-01  0.5978817E-03 -0.4735479E+00
   06  0.1595238E+01  0.1315902E+02  0.1179572E-01  0.6228211E-03 -0.4735478E+00
   06  0.1619048E+01  0.1315902E+02  0.1226759E-01  0.6477636E-03 -0.4735477E+00
   06  0.1642857E+01  0.1315902E+02  0.1273947E-01  0.6727092E-03 -0.4735475E+00
   06  0.1666667E+01  0.1315902E+02  0.1321135E-01  0.6976579E-03 -0.4735474E+00
   06  0.1690476E+01  0.1315902E+02  0.1368323E-01  0.7226100E-03 -0.4735472E+00
   06  0.1714286E+01  0.1315902E+02  0.1415512E-01  0.7475655E-03 -0.4735471E+00
   06  0.1738095E+01  0.1315902E+02  0.1462701E-01  0.7725244E-03 -0.4735469E+00
   06  0.1761905E+01  0.1315902E+02  0.1509890E-01  0.7974868E-03 -0.4735468E+00
   06  0.1785714E+01  0.1315902E+02  0.1557080E-01  0.8224529E-03 -0.4735466E+00
   06  0.1809524E+01  0.1315902E+02  0.1604270E-01  0.8474227E-03 -0.4735464E+00
   06  0.1833333E+01  0.1315902E+02  0.1651460E-01  0.8723963E-03 -0.4735462E+00
   06  0.1857143E+01  0.1315902E+02  0.1698651E-01  0.8973738E-03 -0.4735460E+00
   06  0.1952381E+01  0.1315902E+02  0.1887417E-01  0.9973095E-03 -0.4735452E+00
   06  0.2047619E+01  0.1315902E+02  0.2076188E-01  0.1097313E-02 -0.4735444E+00
   06  0.2142857E+01  0.1315902E+02  0.2264965E-01  0.1197390E-02 -0.4735434E+00
   06  0.2238095E+01  0.1315902E+02  0.2453748E-01  0.1297544E-02 -0.4735423E+00
   06  0.2333333E+01  0.1315902E+02  0.2642537E-01  0.1397780E-02 -0.4735412E+00
   06  0.2428571E+01  0.1315902E+02  0.2831331E-01  0.1498104E-02 -0.4735400E+00
   06  0.2523810E+01  0.1315902E+02  0.3020131E-01  0.1598519E-02 -0.4735387E+00
   06  0.2619048E+01  0.1315903E+02  0.3208937E-01  0.1699029E-02 -0.4735373E+00
   06  0.2714286E+01  0.1315903E+02  0.3397749E-01  0.1799638E-02 -0.4735358E+00
   06  0.2809524E+01  0.1315903E+02  0.3586567E-01  0.1900351E-02 -0.4735342E+00
   06  0.2904762E+01  0.1315903E+02  0.3775390E-01  0.2001171E-02 -0.4735325E+00
