# gauge_id= 306 location=( -0.1242006667E+03  0.4176104167E+02 ) num_var=  4
# Stationary gauge
# level, time, q[  1  2  3], eta, aux[]
# file format ascii, time series follow in this file
   06  0.0000000E+00  0.3116695E+01  0.0000000E+00  0.0000000E+00  0.0000000E+00
   06  0.0000000E+00  0.3116695E+01  0.0000000E+00  0.0000000E+00  0.0000000E+00
   06  0.0000000E+00  0.3116695E+01  0.0000000E+00  0.0000000E+00  0.0000000E+00
   06  0.0000000E+00  0.3116695E+01  0.0000000E+00  0.0000000E+00  0.0000000E+00
   06  0.0000000E+00  0.3116695E+01  0.0000000E+00  0.0000000E+00  0.0000000E+00
   06  0.1000000E+01  0.3116695E+01 -0.2820437E-16  0.9009593E-16 -0.5236315E+00
   06  0.1007937E+01  0.3116695E+01  0.3771696E-04  0.2125419E-05 -0.5236315E+00
   06  0.1015873E+01  0.3116695E+01  0.7543541E-04  0.4251755E-05 -0.5236315E+00
   06  0.1023810E+01  0.3116695E+01  0.1131554E-03  0.6379039E-05 -0.5236315E+00
   06  0.1031746E+01  0.3116695E+01  0.1508768E-03  0.8507305E-05 -0.5236315E+00
   06  0.1039683E+01  0.3116695E+01  0.1885998E-03  0.1063658E-04 -0.5236315E+00
   06  0.1047619E+01  0.3116695E+01  0.2263243E-03  0.1276690E-04 -0.5236315E+00
   06  0.1055556E+01  0.3116695E+01  0.2640504E-03  0.1489830E-04 -0.5236315E+00
   06  0.1063492E+01  0.3116695E+01  0.3017781E-03  0.1703079E-04 -0.5236315E+00
   06  0.1071429E+01  0.3116695E+01  0.3395074E-03  0.1916443E-04 -0.5236315E+00
   06  0.1079365E+01  0.3116695E+01  0.3772383E-03  0.2129924E-04 -0.5236314E+00
   06  0.1087302E+01  0.3116695E+01  0.4149709E-03  0.2343524E-04 -0.5236314E+00
   06  0.1095238E+01  0.3116695E+01  0.4527051E-03  0.2557247E-04 -0.5236314E+00
   06  0.1103175E+01  0.3116695E+01  0.4904410E-03  0.2771097E-04 -0.5236314E+00
   06  0.1111111E+01  0.3116695E+01  0.5281785E-03  0.2985075E-04 -0.5236314E+00
   06  0.1119048E+01  0.3116695E+01  0.5659178E-03  0.3199186E-04 -0.5236314E+00
   06  0.1126984E+01  0.3116695E+01  0.6036588E-03  0.3413433E-04 -0.5236314E+00
   06  0.1134921E+01  0.3116695E+01  0.6414016E-03  0.3627818E-04 -0.5236313E+00
   06  0.1142857E+01  0.3116695E+01  0.6791461E-03  0.3842344E-04 -0.5236313E+00
   06  0.1150794E+01  0.3116695E+01  0.7168923E-03  0.4057016E-04 -0.5236313E+00
   06  0.1158730E+01  0.3116695E+01  0.7546404E-03  0.4271835E-04 -0.5236313E+00
   06  0.1166667E+01  0.3116696E+01  0.7923903E-03  0.4486805E-04 -0.5236312E+00
   06  0.1174603E+01  0.3116696E+01  0.8301420E-03  0.4701929E-04 -0.5236312E+00
   06  0.1182540E+01  0.3116696E+01  0.8678956E-03  0.4917210E-04 -0.5236312E+00
   06  0.1190476E+01  0.3116696E+01  0.9056510E-03  0.5132651E-04 -0.5236311E+00
   06  0.1198413E+01  0.3116696E+01  0.9434083E-03  0.5348255E-04 -0.5236311E+00
   06  0.1206349E+01  0.3116696E+01  0.9811675E-03  0.5564026E-04 -0.5236311E+00
   06  0.1214286E+01  0.3116696E+01  0.1018929E-02  0.5779966E-04 -0.5236310E+00
   06  0.1238095E+01  0.3116696E+01  0.1132232E-02  0.6427637E-04 -0.5236309E+00
   06  0.1261905E+01  0.3116696E+01  0.1245554E-02  0.7076951E-04 -0.5236308E+00
   06  0.1285714E+01  0.3116696E+01  0.1358894E-02  0.7727990E-04 -0.5236306E+00
   06  0.1309524E+01  0.3116696E+01  0.1472253E-02  0.8380836E-04 -0.5236304E+00
   06  0.1333333E+01  0.3116697E+01  0.1585632E-02  0.9035571E-04 -0.5236302E+00
   06  0.1357143E+01  0.3116697E+01  0.1699030E-02  0.9692278E-04 -0.5236300E+00
   06  0.1380952E+01  0.3116697E+01  0.1812449E-02  0.1035104E-03 -0.5236298E+00
   06  0.1404762E+01  0.3116697E+01  0.1925888E-02  0.1101193E-03 -0.5236296E+00
   06  0.1428571E+01  0.3116697E+01  0.2039349E-02  0.1167505E-03 -0.5236293E+00
   06  0.1452381E+01  0.3116698E+01  0.2152831E-02  0.1234046E-03 -0.5236291E+00
   06  0.1476190E+01  0.3116698E+01  0.2266336E-02  0.1300825E-03 -0.5236288E+00
   06  0.1500000E+01  0.3116698E+01  0.2379863E-02  0.1367849E-03 -0.5236285E+00
   06  0.1523810E+01  0.3116699E+01  0.2493413E-02  0.1435129E-03 -0.5236281E+00
   06  0.1547619E+01  0.3116699E+01  0.2606987E-02  0.1502670E-03 -0.5236278E+00
   06  0.1571429E+01  0.3116699E+01  0.2720585E-02  0.1570482E-03 -0.5236275E+00
   06  0.1595238E+01  0.3116700E+01  0.2834207E-02  0.1638572E-03 -0.5236271E+00
   06  0.1619048E+01  0.3116700E+01  0.2947855E-02  0.1706949E-03 -0.5236267E+00
   06  0.1642857E+01  0.3116700E+01  0.3061528E-02  0.1775621E-03 -0.5236263E+00
   06  0.1666667E+01  0.3116701E+01  0.3175226E-02  0.1844595E-03 -0.5236259E+00
   06  0.1690476E+01  0.3116701E+01  0.3288951E-02  0.1913880E-03 -0.5236255E+00
   06  0.1714286E+01  0.3116702E+01  0.3402703E-02  0.1983484E-03 -0.5236250E+00
   06  0.1738095E+01  0.3116702E+01  0.3516482E-02  0.2053415E-03 -0.5236246E+00
   06  0.1761905E+01  0.3116703E+01  0.3630289E-02  0.2123681E-03 -0.5236241E+00
   06  0.1785714E+01  0.3116703E+01  0.3744124E-02  0.2194290E-03 -0.5236236E+00
   06  0.1809524E+01  0.3116704E+01  0.3857988E-02  0.2265250E-03 -0.5236231E+00
   06  0.1833333E+01  0.3116704E+01  0.3971881E-02  0.2336570E-03 -0.5236225E+00
   06  0.1857143E+01  0.3116705E+01  0.4085804E-02  0.2408257E-03 -0.5236220E+00
   06  0.1952381E+01  0.3116707E+01  0.4541989E-02  0.2697198E-03 -0.5236196E+00
   06  0.2047619E+01  0.3116710E+01  0.4998689E-02  0.2992693E-03 -0.5236169E+00
   06  0.2142857E+01  0.3116713E+01  0.5455933E-02  0.3295256E-03 -0.5236139E+00
   06  0.2238095E+01  0.3116716E+01  0.5913750E-02  0.3605401E-03 -0.5236106E+00
   06  0.2333333E+01  0.3116720E+01  0.6372167E-02  0.3923646E-03 -0.5236071E+00
   06  0.2428571E+01  0.3116723E+01  0.6831212E-02  0.4250513E-03 -0.5236033E+00
   06  0.2523810E+01  0.3116728E+01  0.7290913E-02  0.4586527E-03 -0.5235991E+00
   06  0.2619048E+01  0.3116732E+01  0.7751297E-02  0.4932217E-03 -0.5235947E+00
   06  0.2714286E+01  0.3116737E+01  0.8212391E-02  0.5288117E-03 -0.5235900E+00
   06  0.2809524E+01  0.3116742E+01  0.8674222E-02  0.5654771E-03 -0.5235849E+00
   06  0.2904762E+01  0.3116747E+01  0.9136815E-02  0.6032725E-03 -0.5235796E+00
   06  0.1000000E+01  0.3116695E+01 -0.2820437E-16  0.9009593E-16 -0.5236315E+00
   06  0.1007937E+01  0.3116695E+01  0.3771696E-04  0.2125419E-05 -0.5236315E+00
   06  0.1015873E+01  0.3116695E+01  0.7543541E-04  0.4251755E-05 -0.5236315E+00
   06  0.1023810E+01  0.3116695E+01  0.1131554E-03  0.6379039E-05 -0.5236315E+00
   06  0.1031746E+01  0.3116695E+01  0.1508768E-03  0.8507305E-05 -0.5236315E+00
   06  0.1039683E+01  0.3116695E+01  0.1885998E-03  0.1063658E-04 -0.5236315E+00
   06  0.1047619E+01  0.3116695E+01  0.2263243E-03  0.1276690E-04 -0.5236315E+00
   06  0.1055556E+01  0.3116695E+01  0.2640504E-03  0.1489830E-04 -0.5236315E+00
   06  0.1063492E+01  0.3116695E+01  0.3017781E-03  0.1703079E-04 -0.5236315E+00
   06  0.1071429E+01  0.3116695E+01  0.3395074E-03  0.1916443E-04 -0.5236315E+00
   06  0.1079365E+01  0.3116695E+01  0.3772383E-03  0.2129924E-04 -0.5236314E+00
   06  0.1087302E+01  0.3116695E+01  0.4149709E-03  0.2343524E-04 -0.5236314E+00
   06  0.1095238E+01  0.3116695E+01  0.4527051E-03  0.2557247E-04 -0.5236314E+00
   06  0.1103175E+01  0.3116695E+01  0.4904410E-03  0.2771097E-04 -0.5236314E+00
   06  0.1111111E+01  0.3116695E+01  0.5281785E-03  0.2985075E-04 -0.5236314E+00
   06  0.1119048E+01  0.3116695E+01  0.5659178E-03  0.3199186E-04 -0.5236314E+00
   06  0.1126984E+01  0.3116695E+01  0.6036588E-03  0.3413433E-04 -0.5236314E+00
   06  0.1134921E+01  0.3116695E+01  0.6414016E-03  0.3627818E-04 -0.5236313E+00
   06  0.1142857E+01  0.3116695E+01  0.6791461E-03  0.3842344E-04 -0.5236313E+00
   06  0.1150794E+01  0.3116695E+01  0.7168923E-03  0.4057016E-04 -0.5236313E+00
   06  0.1158730E+01  0.3116695E+01  0.7546404E-03  0.4271835E-04 -0.5236313E+00
   06  0.1166667E+01  0.3116696E+01  0.7923903E-03  0.4486805E-04 -0.5236312E+00
   06  0.1174603E+01  0.3116696E+01  0.8301420E-03  0.4701929E-04 -0.5236312E+00
   06  0.1182540E+01  0.3116696E+01  0.8678956E-03  0.4917210E-04 -0.5236312E+00
   06  0.1190476E+01  0.3116696E+01  0.9056510E-03  0.5132651E-04 -0.5236311E+00
   06  0.1198413E+01  0.3116696E+01  0.9434083E-03  0.5348255E-04 -0.5236311E+00
   06  0.1206349E+01  0.3116696E+01  0.9811675E-03  0.5564026E-04 -0.5236311E+00
   06  0.1214286E+01  0.3116696E+01  0.1018929E-02  0.5779966E-04 -0.5236310E+00
   06  0.1238095E+01  0.3116696E+01  0.1132232E-02  0.6427637E-04 -0.5236309E+00
   06  0.1261905E+01  0.3116696E+01  0.1245554E-02  0.7076951E-04 -0.5236308E+00
   06  0.1285714E+01  0.3116696E+01  0.1358894E-02  0.7727990E-04 -0.5236306E+00
   06  0.1309524E+01  0.3116696E+01  0.1472253E-02  0.8380836E-04 -0.5236304E+00
   06  0.1333333E+01  0.3116697E+01  0.1585632E-02  0.9035571E-04 -0.5236302E+00
   06  0.1357143E+01  0.3116697E+01  0.1699030E-02  0.9692278E-04 -0.5236300E+00
   06  0.1380952E+01  0.3116697E+01  0.1812449E-02  0.1035104E-03 -0.5236298E+00
   06  0.1404762E+01  0.3116697E+01  0.1925888E-02  0.1101193E-03 -0.5236296E+00
   06  0.1428571E+01  0.3116697E+01  0.2039349E-02  0.1167505E-03 -0.5236293E+00
   06  0.1452381E+01  0.3116698E+01  0.2152831E-02  0.1234046E-03 -0.5236291E+00
   06  0.1476190E+01  0.3116698E+01  0.2266336E-02  0.1300825E-03 -0.5236288E+00
   06  0.1500000E+01  0.3116698E+01  0.2379863E-02  0.1367849E-03 -0.5236285E+00
   06  0.1523810E+01  0.3116699E+01  0.2493413E-02  0.1435129E-03 -0.5236281E+00
   06  0.1547619E+01  0.3116699E+01  0.2606987E-02  0.1502670E-03 -0.5236278E+00
   06  0.1571429E+01  0.3116699E+01  0.2720585E-02  0.1570482E-03 -0.5236275E+00
   06  0.1595238E+01  0.3116700E+01  0.2834207E-02  0.1638572E-03 -0.5236271E+00
   06  0.1619048E+01  0.3116700E+01  0.2947855E-02  0.1706949E-03 -0.5236267E+00
   06  0.1642857E+01  0.3116700E+01  0.3061528E-02  0.1775621E-03 -0.5236263E+00
   06  0.1666667E+01  0.3116701E+01  0.3175226E-02  0.1844595E-03 -0.5236259E+00
   06  0.1690476E+01  0.3116701E+01  0.3288951E-02  0.1913880E-03 -0.5236255E+00
   06  0.1714286E+01  0.3116702E+01  0.3402703E-02  0.1983484E-03 -0.5236250E+00
   06  0.1738095E+01  0.3116702E+01  0.3516482E-02  0.2053415E-03 -0.5236246E+00
   06  0.1761905E+01  0.3116703E+01  0.3630289E-02  0.2123681E-03 -0.5236241E+00
   06  0.1785714E+01  0.3116703E+01  0.3744124E-02  0.2194290E-03 -0.5236236E+00
   06  0.1809524E+01  0.3116704E+01  0.3857988E-02  0.2265250E-03 -0.5236231E+00
   06  0.1833333E+01  0.3116704E+01  0.3971881E-02  0.2336570E-03 -0.5236225E+00
   06  0.1857143E+01  0.3116705E+01  0.4085804E-02  0.2408257E-03 -0.5236220E+00
   06  0.1952381E+01  0.3116707E+01  0.4541989E-02  0.2697198E-03 -0.5236196E+00
   06  0.2047619E+01  0.3116710E+01  0.4998689E-02  0.2992693E-03 -0.5236169E+00
   06  0.2142857E+01  0.3116713E+01  0.5455933E-02  0.3295256E-03 -0.5236139E+00
   06  0.2238095E+01  0.3116716E+01  0.5913750E-02  0.3605401E-03 -0.5236106E+00
   06  0.2333333E+01  0.3116720E+01  0.6372167E-02  0.3923646E-03 -0.5236071E+00
   06  0.2428571E+01  0.3116723E+01  0.6831212E-02  0.4250513E-03 -0.5236033E+00
   06  0.2523810E+01  0.3116728E+01  0.7290913E-02  0.4586527E-03 -0.5235991E+00
   06  0.2619048E+01  0.3116732E+01  0.7751297E-02  0.4932217E-03 -0.5235947E+00
   06  0.2714286E+01  0.3116737E+01  0.8212391E-02  0.5288117E-03 -0.5235900E+00
   06  0.2809524E+01  0.3116742E+01  0.8674222E-02  0.5654771E-03 -0.5235849E+00
   06  0.2904762E+01  0.3116747E+01  0.9136815E-02  0.6032725E-03 -0.5235796E+00
   06  0.1000000E+01  0.3116695E+01 -0.2820437E-16  0.9009593E-16 -0.5236315E+00
   06  0.1007937E+01  0.3116695E+01  0.3771696E-04  0.2125419E-05 -0.5236315E+00
   06  0.1015873E+01  0.3116695E+01  0.7543541E-04  0.4251755E-05 -0.5236315E+00
   06  0.1023810E+01  0.3116695E+01  0.1131554E-03  0.6379039E-05 -0.5236315E+00
   06  0.1031746E+01  0.3116695E+01  0.1508768E-03  0.8507305E-05 -0.5236315E+00
   06  0.1039683E+01  0.3116695E+01  0.1885998E-03  0.1063658E-04 -0.5236315E+00
   06  0.1047619E+01  0.3116695E+01  0.2263243E-03  0.1276690E-04 -0.5236315E+00
   06  0.1055556E+01  0.3116695E+01  0.2640504E-03  0.1489830E-04 -0.5236315E+00
   06  0.1063492E+01  0.3116695E+01  0.3017781E-03  0.1703079E-04 -0.5236315E+00
   06  0.1071429E+01  0.3116695E+01  0.3395074E-03  0.1916443E-04 -0.5236315E+00
   06  0.1079365E+01  0.3116695E+01  0.3772383E-03  0.2129924E-04 -0.5236314E+00
   06  0.1087302E+01  0.3116695E+01  0.4149709E-03  0.2343524E-04 -0.5236314E+00
   06  0.1095238E+01  0.3116695E+01  0.4527051E-03  0.2557247E-04 -0.5236314E+00
   06  0.1103175E+01  0.3116695E+01  0.4904410E-03  0.2771097E-04 -0.5236314E+00
   06  0.1111111E+01  0.3116695E+01  0.5281785E-03  0.2985075E-04 -0.5236314E+00
   06  0.1119048E+01  0.3116695E+01  0.5659178E-03  0.3199186E-04 -0.5236314E+00
   06  0.1126984E+01  0.3116695E+01  0.6036588E-03  0.3413433E-04 -0.5236314E+00
   06  0.1134921E+01  0.3116695E+01  0.6414016E-03  0.3627818E-04 -0.5236313E+00
   06  0.1142857E+01  0.3116695E+01  0.6791461E-03  0.3842344E-04 -0.5236313E+00
   06  0.1150794E+01  0.3116695E+01  0.7168923E-03  0.4057016E-04 -0.5236313E+00
   06  0.1158730E+01  0.3116695E+01  0.7546404E-03  0.4271835E-04 -0.5236313E+00
   06  0.1166667E+01  0.3116696E+01  0.7923903E-03  0.4486805E-04 -0.5236312E+00
   06  0.1174603E+01  0.3116696E+01  0.8301420E-03  0.4701929E-04 -0.5236312E+00
   06  0.1182540E+01  0.3116696E+01  0.8678956E-03  0.4917210E-04 -0.5236312E+00
   06  0.1190476E+01  0.3116696E+01  0.9056510E-03  0.5132651E-04 -0.5236311E+00
   06  0.1198413E+01  0.3116696E+01  0.9434083E-03  0.5348255E-04 -0.5236311E+00
   06  0.1206349E+01  0.3116696E+01  0.9811675E-03  0.5564026E-04 -0.5236311E+00
   06  0.1214286E+01  0.3116696E+01  0.1018929E-02  0.5779966E-04 -0.5236310E+00
   06  0.1238095E+01  0.3116696E+01  0.1132232E-02  0.6427637E-04 -0.5236309E+00
   06  0.1261905E+01  0.3116696E+01  0.1245554E-02  0.7076951E-04 -0.5236308E+00
   06  0.1285714E+01  0.3116696E+01  0.1358894E-02  0.7727990E-04 -0.5236306E+00
   06  0.1309524E+01  0.3116696E+01  0.1472253E-02  0.8380836E-04 -0.5236304E+00
   06  0.1333333E+01  0.3116697E+01  0.1585632E-02  0.9035571E-04 -0.5236302E+00
   06  0.1357143E+01  0.3116697E+01  0.1699030E-02  0.9692278E-04 -0.5236300E+00
   06  0.1380952E+01  0.3116697E+01  0.1812449E-02  0.1035104E-03 -0.5236298E+00
   06  0.1404762E+01  0.3116697E+01  0.1925888E-02  0.1101193E-03 -0.5236296E+00
   06  0.1428571E+01  0.3116697E+01  0.2039349E-02  0.1167505E-03 -0.5236293E+00
   06  0.1452381E+01  0.3116698E+01  0.2152831E-02  0.1234046E-03 -0.5236291E+00
   06  0.1476190E+01  0.3116698E+01  0.2266336E-02  0.1300825E-03 -0.5236288E+00
   06  0.1500000E+01  0.3116698E+01  0.2379863E-02  0.1367849E-03 -0.5236285E+00
   06  0.1523810E+01  0.3116699E+01  0.2493413E-02  0.1435129E-03 -0.5236281E+00
   06  0.1547619E+01  0.3116699E+01  0.2606987E-02  0.1502670E-03 -0.5236278E+00
   06  0.1571429E+01  0.3116699E+01  0.2720585E-02  0.1570482E-03 -0.5236275E+00
   06  0.1595238E+01  0.3116700E+01  0.2834207E-02  0.1638572E-03 -0.5236271E+00
   06  0.1619048E+01  0.3116700E+01  0.2947855E-02  0.1706949E-03 -0.5236267E+00
   06  0.1642857E+01  0.3116700E+01  0.3061528E-02  0.1775621E-03 -0.5236263E+00
   06  0.1666667E+01  0.3116701E+01  0.3175226E-02  0.1844595E-03 -0.5236259E+00
   06  0.1690476E+01  0.3116701E+01  0.3288951E-02  0.1913880E-03 -0.5236255E+00
   06  0.1714286E+01  0.3116702E+01  0.3402703E-02  0.1983484E-03 -0.5236250E+00
   06  0.1738095E+01  0.3116702E+01  0.3516482E-02  0.2053415E-03 -0.5236246E+00
   06  0.1761905E+01  0.3116703E+01  0.3630289E-02  0.2123681E-03 -0.5236241E+00
   06  0.1785714E+01  0.3116703E+01  0.3744124E-02  0.2194290E-03 -0.5236236E+00
   06  0.1809524E+01  0.3116704E+01  0.3857988E-02  0.2265250E-03 -0.5236231E+00
   06  0.1833333E+01  0.3116704E+01  0.3971881E-02  0.2336570E-03 -0.5236225E+00
   06  0.1857143E+01  0.3116705E+01  0.4085804E-02  0.2408257E-03 -0.5236220E+00
   06  0.1952381E+01  0.3116707E+01  0.4541989E-02  0.2697198E-03 -0.5236196E+00
   06  0.2047619E+01  0.3116710E+01  0.4998689E-02  0.2992693E-03 -0.5236169E+00
   06  0.2142857E+01  0.3116713E+01  0.5455933E-02  0.3295256E-03 -0.5236139E+00
   06  0.2238095E+01  0.3116716E+01  0.5913750E-02  0.3605401E-03 -0.5236106E+00
   06  0.2333333E+01  0.3116720E+01  0.6372167E-02  0.3923646E-03 -0.5236071E+00
   06  0.2428571E+01  0.3116723E+01  0.6831212E-02  0.4250513E-03 -0.5236033E+00
   06  0.2523810E+01  0.3116728E+01  0.7290913E-02  0.4586527E-03 -0.5235991E+00
   06  0.2619048E+01  0.3116732E+01  0.7751297E-02  0.4932217E-03 -0.5235947E+00
   06  0.2714286E+01  0.3116737E+01  0.8212391E-02  0.5288117E-03 -0.5235900E+00
   06  0.2809524E+01  0.3116742E+01  0.8674222E-02  0.5654771E-03 -0.5235849E+00
   06  0.2904762E+01  0.3116747E+01  0.9136815E-02  0.6032725E-03 -0.5235796E+00
   06  0.1000000E+01  0.3116695E+01 -0.2820437E-16  0.9009593E-16 -0.5236315E+00
   06  0.1007937E+01  0.3116695E+01  0.3771696E-04  0.2125419E-05 -0.5236315E+00
   06  0.1015873E+01  0.3116695E+01  0.7543541E-04  0.4251755E-05 -0.5236315E+00
   06  0.1023810E+01  0.3116695E+01  0.1131554E-03  0.6379039E-05 -0.5236315E+00
   06  0.1031746E+01  0.3116695E+01  0.1508768E-03  0.8507305E-05 -0.5236315E+00
   06  0.1039683E+01  0.3116695E+01  0.1885998E-03  0.1063658E-04 -0.5236315E+00
   06  0.1047619E+01  0.3116695E+01  0.2263243E-03  0.1276690E-04 -0.5236315E+00
   06  0.1055556E+01  0.3116695E+01  0.2640504E-03  0.1489830E-04 -0.5236315E+00
   06  0.1063492E+01  0.3116695E+01  0.3017781E-03  0.1703079E-04 -0.5236315E+00
   06  0.1071429E+01  0.3116695E+01  0.3395074E-03  0.1916443E-04 -0.5236315E+00
   06  0.1079365E+01  0.3116695E+01  0.3772383E-03  0.2129924E-04 -0.5236314E+00
   06  0.1087302E+01  0.3116695E+01  0.4149709E-03  0.2343524E-04 -0.5236314E+00
   06  0.1095238E+01  0.3116695E+01  0.4527051E-03  0.2557247E-04 -0.5236314E+00
   06  0.1103175E+01  0.3116695E+01  0.4904410E-03  0.2771097E-04 -0.5236314E+00
   06  0.1111111E+01  0.3116695E+01  0.5281785E-03  0.2985075E-04 -0.5236314E+00
   06  0.1119048E+01  0.3116695E+01  0.5659178E-03  0.3199186E-04 -0.5236314E+00
   06  0.1126984E+01  0.3116695E+01  0.6036588E-03  0.3413433E-04 -0.5236314E+00
   06  0.1134921E+01  0.3116695E+01  0.6414016E-03  0.3627818E-04 -0.5236313E+00
   06  0.1142857E+01  0.3116695E+01  0.6791461E-03  0.3842344E-04 -0.5236313E+00
   06  0.1150794E+01  0.3116695E+01  0.7168923E-03  0.4057016E-04 -0.5236313E+00
   06  0.1158730E+01  0.3116695E+01  0.7546404E-03  0.4271835E-04 -0.5236313E+00
   06  0.1166667E+01  0.3116696E+01  0.7923903E-03  0.4486805E-04 -0.5236312E+00
   06  0.1174603E+01  0.3116696E+01  0.8301420E-03  0.4701929E-04 -0.5236312E+00
   06  0.1182540E+01  0.3116696E+01  0.8678956E-03  0.4917210E-04 -0.5236312E+00
   06  0.1190476E+01  0.3116696E+01  0.9056510E-03  0.5132651E-04 -0.5236311E+00
   06  0.1198413E+01  0.3116696E+01  0.9434083E-03  0.5348255E-04 -0.5236311E+00
   06  0.1206349E+01  0.3116696E+01  0.9811675E-03  0.5564026E-04 -0.5236311E+00
   06  0.1214286E+01  0.3116696E+01  0.1018929E-02  0.5779966E-04 -0.5236310E+00
   06  0.1238095E+01  0.3116696E+01  0.1132232E-02  0.6427637E-04 -0.5236309E+00
   06  0.1261905E+01  0.3116696E+01  0.1245554E-02  0.7076951E-04 -0.5236308E+00
   06  0.1285714E+01  0.3116696E+01  0.1358894E-02  0.7727990E-04 -0.5236306E+00
   06  0.1309524E+01  0.3116696E+01  0.1472253E-02  0.8380836E-04 -0.5236304E+00
   06  0.1333333E+01  0.3116697E+01  0.1585632E-02  0.9035571E-04 -0.5236302E+00
   06  0.1357143E+01  0.3116697E+01  0.1699030E-02  0.9692278E-04 -0.5236300E+00
   06  0.1380952E+01  0.3116697E+01  0.1812449E-02  0.1035104E-03 -0.5236298E+00
   06  0.1404762E+01  0.3116697E+01  0.1925888E-02  0.1101193E-03 -0.5236296E+00
   06  0.1428571E+01  0.3116697E+01  0.2039349E-02  0.1167505E-03 -0.5236293E+00
   06  0.1452381E+01  0.3116698E+01  0.2152831E-02  0.1234046E-03 -0.5236291E+00
   06  0.1476190E+01  0.3116698E+01  0.2266336E-02  0.1300825E-03 -0.5236288E+00
   06  0.1500000E+01  0.3116698E+01  0.2379863E-02  0.1367849E-03 -0.5236285E+00
   06  0.1523810E+01  0.3116699E+01  0.2493413E-02  0.1435129E-03 -0.5236281E+00
   06  0.1547619E+01  0.3116699E+01  0.2606987E-02  0.1502670E-03 -0.5236278E+00
   06  0.1571429E+01  0.3116699E+01  0.2720585E-02  0.1570482E-03 -0.5236275E+00
   06  0.1595238E+01  0.3116700E+01  0.2834207E-02  0.1638572E-03 -0.5236271E+00
   06  0.1619048E+01  0.3116700E+01  0.2947855E-02  0.1706949E-03 -0.5236267E+00
   06  0.1642857E+01  0.3116700E+01  0.3061528E-02  0.1775621E-03 -0.5236263E+00
   06  0.1666667E+01  0.3116701E+01  0.3175226E-02  0.1844595E-03 -0.5236259E+00
   06  0.1690476E+01  0.3116701E+01  0.3288951E-02  0.1913880E-03 -0.5236255E+00
   06  0.1714286E+01  0.3116702E+01  0.3402703E-02  0.1983484E-03 -0.5236250E+00
   06  0.1738095E+01  0.3116702E+01  0.3516482E-02  0.2053415E-03 -0.5236246E+00
   06  0.1761905E+01  0.3116703E+01  0.3630289E-02  0.2123681E-03 -0.5236241E+00
   06  0.1785714E+01  0.3116703E+01  0.3744124E-02  0.2194290E-03 -0.5236236E+00
   06  0.1809524E+01  0.3116704E+01  0.3857988E-02  0.2265250E-03 -0.5236231E+00
   06  0.1833333E+01  0.3116704E+01  0.3971881E-02  0.2336570E-03 -0.5236225E+00
   06  0.1857143E+01  0.3116705E+01  0.4085804E-02  0.2408257E-03 -0.5236220E+00
   06  0.1952381E+01  0.3116707E+01  0.4541989E-02  0.2697198E-03 -0.5236196E+00
   06  0.2047619E+01  0.3116710E+01  0.4998689E-02  0.2992693E-03 -0.5236169E+00
   06  0.2142857E+01  0.3116713E+01  0.5455933E-02  0.3295256E-03 -0.5236139E+00
   06  0.2238095E+01  0.3116716E+01  0.5913750E-02  0.3605401E-03 -0.5236106E+00
   06  0.2333333E+01  0.3116720E+01  0.6372167E-02  0.3923646E-03 -0.5236071E+00
   06  0.2428571E+01  0.3116723E+01  0.6831212E-02  0.4250513E-03 -0.5236033E+00
   06  0.2523810E+01  0.3116728E+01  0.7290913E-02  0.4586527E-03 -0.5235991E+00
   06  0.2619048E+01  0.3116732E+01  0.7751297E-02  0.4932217E-03 -0.5235947E+00
   06  0.2714286E+01  0.3116737E+01  0.8212391E-02  0.5288117E-03 -0.5235900E+00
   06  0.2809524E+01  0.3116742E+01  0.8674222E-02  0.5654771E-03 -0.5235849E+00
   06  0.2904762E+01  0.3116747E+01  0.9136815E-02  0.6032725E-03 -0.5235796E+00
   06  0.1000000E+01  0.3116695E+01 -0.2820437E-16  0.9009593E-16 -0.5236315E+00
   06  0.1007937E+01  0.3116695E+01  0.3771696E-04  0.2125419E-05 -0.5236315E+00
   06  0.1015873E+01  0.3116695E+01  0.7543541E-04  0.4251755E-05 -0.5236315E+00
   06  0.1023810E+01  0.3116695E+01  0.1131554E-03  0.6379039E-05 -0.5236315E+00
   06  0.1031746E+01  0.3116695E+01  0.1508768E-03  0.8507305E-05 -0.5236315E+00
   06  0.1039683E+01  0.3116695E+01  0.1885998E-03  0.1063658E-04 -0.5236315E+00
   06  0.1047619E+01  0.3116695E+01  0.2263243E-03  0.1276690E-04 -0.5236315E+00
   06  0.1055556E+01  0.3116695E+01  0.2640504E-03  0.1489830E-04 -0.5236315E+00
   06  0.1063492E+01  0.3116695E+01  0.3017781E-03  0.1703079E-04 -0.5236315E+00
   06  0.1071429E+01  0.3116695E+01  0.3395074E-03  0.1916443E-04 -0.5236315E+00
   06  0.1079365E+01  0.3116695E+01  0.3772383E-03  0.2129924E-04 -0.5236314E+00
   06  0.1087302E+01  0.3116695E+01  0.4149709E-03  0.2343524E-04 -0.5236314E+00
   06  0.1095238E+01  0.3116695E+01  0.4527051E-03  0.2557247E-04 -0.5236314E+00
   06  0.1103175E+01  0.3116695E+01  0.4904410E-03  0.2771097E-04 -0.5236314E+00
   06  0.1111111E+01  0.3116695E+01  0.5281785E-03  0.2985075E-04 -0.5236314E+00
   06  0.1119048E+01  0.3116695E+01  0.5659178E-03  0.3199186E-04 -0.5236314E+00
   06  0.1126984E+01  0.3116695E+01  0.6036588E-03  0.3413433E-04 -0.5236314E+00
   06  0.1134921E+01  0.3116695E+01  0.6414016E-03  0.3627818E-04 -0.5236313E+00
   06  0.1142857E+01  0.3116695E+01  0.6791461E-03  0.3842344E-04 -0.5236313E+00
   06  0.1150794E+01  0.3116695E+01  0.7168923E-03  0.4057016E-04 -0.5236313E+00
   06  0.1158730E+01  0.3116695E+01  0.7546404E-03  0.4271835E-04 -0.5236313E+00
   06  0.1166667E+01  0.3116696E+01  0.7923903E-03  0.4486805E-04 -0.5236312E+00
   06  0.1174603E+01  0.3116696E+01  0.8301420E-03  0.4701929E-04 -0.5236312E+00
   06  0.1182540E+01  0.3116696E+01  0.8678956E-03  0.4917210E-04 -0.5236312E+00
   06  0.1190476E+01  0.3116696E+01  0.9056510E-03  0.5132651E-04 -0.5236311E+00
   06  0.1198413E+01  0.3116696E+01  0.9434083E-03  0.5348255E-04 -0.5236311E+00
   06  0.1206349E+01  0.3116696E+01  0.9811675E-03  0.5564026E-04 -0.5236311E+00
   06  0.1214286E+01  0.3116696E+01  0.1018929E-02  0.5779966E-04 -0.5236310E+00
   06  0.1238095E+01  0.3116696E+01  0.1132232E-02  0.6427637E-04 -0.5236309E+00
   06  0.1261905E+01  0.3116696E+01  0.1245554E-02  0.7076951E-04 -0.5236308E+00
   06  0.1285714E+01  0.3116696E+01  0.1358894E-02  0.7727990E-04 -0.5236306E+00
   06  0.1309524E+01  0.3116696E+01  0.1472253E-02  0.8380836E-04 -0.5236304E+00
   06  0.1333333E+01  0.3116697E+01  0.1585632E-02  0.9035571E-04 -0.5236302E+00
   06  0.1357143E+01  0.3116697E+01  0.1699030E-02  0.9692278E-04 -0.5236300E+00
   06  0.1380952E+01  0.3116697E+01  0.1812449E-02  0.1035104E-03 -0.5236298E+00
   06  0.1404762E+01  0.3116697E+01  0.1925888E-02  0.1101193E-03 -0.5236296E+00
   06  0.1428571E+01  0.3116697E+01  0.2039349E-02  0.1167505E-03 -0.5236293E+00
   06  0.1452381E+01  0.3116698E+01  0.2152831E-02  0.1234046E-03 -0.5236291E+00
   06  0.1476190E+01  0.3116698E+01  0.2266336E-02  0.1300825E-03 -0.5236288E+00
   06  0.1500000E+01  0.3116698E+01  0.2379863E-02  0.1367849E-03 -0.5236285E+00
   06  0.1523810E+01  0.3116699E+01  0.2493413E-02  0.1435129E-03 -0.5236281E+00
   06  0.1547619E+01  0.3116699E+01  0.2606987E-02  0.1502670E-03 -0.5236278E+00
   06  0.1571429E+01  0.3116699E+01  0.2720585E-02  0.1570482E-03 -0.5236275E+00
   06  0.1595238E+01  0.3116700E+01  0.2834207E-02  0.1638572E-03 -0.5236271E+00
   06  0.1619048E+01  0.3116700E+01  0.2947855E-02  0.1706949E-03 -0.5236267E+00
   06  0.1642857E+01  0.3116700E+01  0.3061528E-02  0.1775621E-03 -0.5236263E+00
   06  0.1666667E+01  0.3116701E+01  0.3175226E-02  0.1844595E-03 -0.5236259E+00
   06  0.1690476E+01  0.3116701E+01  0.3288951E-02  0.1913880E-03 -0.5236255E+00
   06  0.1714286E+01  0.3116702E+01  0.3402703E-02  0.1983484E-03 -0.5236250E+00
   06  0.1738095E+01  0.3116702E+01  0.3516482E-02  0.2053415E-03 -0.5236246E+00
   06  0.1761905E+01  0.3116703E+01  0.3630289E-02  0.2123681E-03 -0.5236241E+00
   06  0.1785714E+01  0.3116703E+01  0.3744124E-02  0.2194290E-03 -0.5236236E+00
   06  0.1809524E+01  0.3116704E+01  0.3857988E-02  0.2265250E-03 -0.5236231E+00
   06  0.1833333E+01  0.3116704E+01  0.3971881E-02  0.2336570E-03 -0.5236225E+00
   06  0.1857143E+01  0.3116705E+01  0.4085804E-02  0.2408257E-03 -0.5236220E+00
   06  0.1952381E+01  0.3116707E+01  0.4541989E-02  0.2697198E-03 -0.5236196E+00
   06  0.2047619E+01  0.3116710E+01  0.4998689E-02  0.2992693E-03 -0.5236169E+00
   06  0.2142857E+01  0.3116713E+01  0.5455933E-02  0.3295256E-03 -0.5236139E+00
   06  0.2238095E+01  0.3116716E+01  0.5913750E-02  0.3605401E-03 -0.5236106E+00
   06  0.2333333E+01  0.3116720E+01  0.6372167E-02  0.3923646E-03 -0.5236071E+00
   06  0.2428571E+01  0.3116723E+01  0.6831212E-02  0.4250513E-03 -0.5236033E+00
   06  0.2523810E+01  0.3116728E+01  0.7290913E-02  0.4586527E-03 -0.5235991E+00
   06  0.2619048E+01  0.3116732E+01  0.7751297E-02  0.4932217E-03 -0.5235947E+00
   06  0.2714286E+01  0.3116737E+01  0.8212391E-02  0.5288117E-03 -0.5235900E+00
   06  0.2809524E+01  0.3116742E+01  0.8674222E-02  0.5654771E-03 -0.5235849E+00
   06  0.2904762E+01  0.3116747E+01  0.9136815E-02  0.6032725E-03 -0.5235796E+00
