# gauge_id= 615 location=( -0.1242106071E+03  0.4175726850E+02 ) num_var=  4
# Stationary gauge
# level, time, q[  1  2  3], eta, aux[]
# file format ascii, time series follow in this file
   06  0.0000000E+00  0.1509483E+02  0.0000000E+00  0.0000000E+00  0.0000000E+00
   06  0.0000000E+00  0.1509483E+02  0.0000000E+00  0.0000000E+00  0.0000000E+00
   06  0.0000000E+00  0.1509483E+02  0.0000000E+00  0.0000000E+00  0.0000000E+00
   06  0.0000000E+00  0.1509483E+02  0.0000000E+00  0.0000000E+00  0.0000000E+00
   06  0.0000000E+00  0.1509483E+02  0.0000000E+00  0.0000000E+00  0.0000000E+00
   06  0.1000000E+01  0.1509483E+02 -0.1564852E-14  0.6172834E-15 -0.3937928E+00
   06  0.1007937E+01  0.1509483E+02  0.1803597E-03  0.9524241E-05 -0.3937928E+00
   06  0.1015873E+01  0.1509483E+02  0.3607197E-03  0.1904856E-04 -0.3937928E+00
   06  0.1023810E+01  0.1509483E+02  0.5410801E-03  0.2857297E-04 -0.3937928E+00
   06  0.1031746E+01  0.1509483E+02  0.7214408E-03  0.3809747E-04 -0.3937928E+00
   06  0.1039683E+01  0.1509483E+02  0.9018018E-03  0.4762205E-04 -0.3937928E+00
   06  0.1047619E+01  0.1509483E+02  0.1082163E-02  0.5714673E-04 -0.3937928E+00
   06  0.1055556E+01  0.1509483E+02  0.1262525E-02  0.6667151E-04 -0.3937928E+00
   06  0.1063492E+01  0.1509483E+02  0.1442887E-02  0.7619639E-04 -0.3937928E+00
   06  0.1071429E+01  0.1509483E+02  0.1623249E-02  0.8572137E-04 -0.3937928E+00
   06  0.1079365E+01  0.1509483E+02  0.1803612E-02  0.9524646E-04 -0.3937927E+00
   06  0.1087302E+01  0.1509483E+02  0.1983975E-02  0.1047717E-03 -0.3937927E+00
   06  0.1095238E+01  0.1509483E+02  0.2164339E-02  0.1142970E-03 -0.3937927E+00
   06  0.1103175E+01  0.1509483E+02  0.2344703E-02  0.1238224E-03 -0.3937927E+00
   06  0.1111111E+01  0.1509483E+02  0.2525068E-02  0.1333479E-03 -0.3937927E+00
   06  0.1119048E+01  0.1509483E+02  0.2705432E-02  0.1428736E-03 -0.3937927E+00
   06  0.1126984E+01  0.1509483E+02  0.2885798E-02  0.1523994E-03 -0.3937926E+00
   06  0.1134921E+01  0.1509483E+02  0.3066164E-02  0.1619253E-03 -0.3937926E+00
   06  0.1142857E+01  0.1509483E+02  0.3246530E-02  0.1714514E-03 -0.3937926E+00
   06  0.1150794E+01  0.1509483E+02  0.3426897E-02  0.1809775E-03 -0.3937926E+00
   06  0.1158730E+01  0.1509483E+02  0.3607264E-02  0.1905038E-03 -0.3937926E+00
   06  0.1166667E+01  0.1509483E+02  0.3787631E-02  0.2000303E-03 -0.3937925E+00
   06  0.1174603E+01  0.1509483E+02  0.3968000E-02  0.2095569E-03 -0.3937925E+00
   06  0.1182540E+01  0.1509483E+02  0.4148368E-02  0.2190836E-03 -0.3937925E+00
   06  0.1190476E+01  0.1509483E+02  0.4328738E-02  0.2286105E-03 -0.3937925E+00
   06  0.1198413E+01  0.1509483E+02  0.4509107E-02  0.2381376E-03 -0.3937924E+00
   06  0.1206349E+01  0.1509483E+02  0.4689478E-02  0.2476648E-03 -0.3937924E+00
   06  0.1214286E+01  0.1509483E+02  0.4869849E-02  0.2571921E-03 -0.3937924E+00
   06  0.1238095E+01  0.1509483E+02  0.5410965E-02  0.2857749E-03 -0.3937923E+00
   06  0.1261905E+01  0.1509483E+02  0.5952086E-02  0.3143592E-03 -0.3937922E+00
   06  0.1285714E+01  0.1509483E+02  0.6493213E-02  0.3429450E-03 -0.3937921E+00
   06  0.1309524E+01  0.1509483E+02  0.7034346E-02  0.3715325E-03 -0.3937919E+00
   06  0.1333333E+01  0.1509483E+02  0.7575485E-02  0.4001218E-03 -0.3937918E+00
   06  0.1357143E+01  0.1509483E+02  0.8116630E-02  0.4287129E-03 -0.3937917E+00
   06  0.1380952E+01  0.1509483E+02  0.8657781E-02  0.4573058E-03 -0.3937915E+00
   06  0.1404762E+01  0.1509483E+02  0.9198940E-02  0.4859007E-03 -0.3937914E+00
   06  0.1428571E+01  0.1509483E+02  0.9740105E-02  0.5144976E-03 -0.3937912E+00
   06  0.1452381E+01  0.1509483E+02  0.1028128E-01  0.5430966E-03 -0.3937910E+00
   06  0.1476190E+01  0.1509483E+02  0.1082246E-01  0.5716978E-03 -0.3937909E+00
   06  0.1500000E+01  0.1509483E+02  0.1136364E-01  0.6003012E-03 -0.3937907E+00
   06  0.1523810E+01  0.1509483E+02  0.1190484E-01  0.6289070E-03 -0.3937905E+00
   06  0.1547619E+01  0.1509483E+02  0.1244604E-01  0.6575151E-03 -0.3937903E+00
   06  0.1571429E+01  0.1509483E+02  0.1298726E-01  0.6861256E-03 -0.3937901E+00
   06  0.1595238E+01  0.1509483E+02  0.1352848E-01  0.7147386E-03 -0.3937898E+00
   06  0.1619048E+01  0.1509483E+02  0.1406971E-01  0.7433542E-03 -0.3937896E+00
   06  0.1642857E+01  0.1509483E+02  0.1461095E-01  0.7719725E-03 -0.3937894E+00
   06  0.1666667E+01  0.1509483E+02  0.1515219E-01  0.8005934E-03 -0.3937891E+00
   06  0.1690476E+01  0.1509483E+02  0.1569345E-01  0.8292171E-03 -0.3937889E+00
   06  0.1714286E+01  0.1509483E+02  0.1623472E-01  0.8578436E-03 -0.3937886E+00
   06  0.1738095E+01  0.1509483E+02  0.1677600E-01  0.8864730E-03 -0.3937883E+00
   06  0.1761905E+01  0.1509483E+02  0.1731728E-01  0.9151053E-03 -0.3937880E+00
   06  0.1785714E+01  0.1509483E+02  0.1785858E-01  0.9437407E-03 -0.3937878E+00
   06  0.1809524E+01  0.1509483E+02  0.1839989E-01  0.9723790E-03 -0.3937875E+00
   06  0.1833333E+01  0.1509483E+02  0.1894121E-01  0.1001020E-02 -0.3937872E+00
   06  0.1857143E+01  0.1509483E+02  0.1948254E-01  0.1029665E-02 -0.3937868E+00
   06  0.1952381E+01  0.1509483E+02  0.2164798E-01  0.1144272E-02 -0.3937855E+00
   06  0.2047619E+01  0.1509483E+02  0.2381362E-01  0.1258932E-02 -0.3937840E+00
   06  0.2142857E+01  0.1509484E+02  0.2597946E-01  0.1373650E-02 -0.3937824E+00
   06  0.2238095E+01  0.1509484E+02  0.2814552E-01  0.1488427E-02 -0.3937807E+00
   06  0.2333333E+01  0.1509484E+02  0.3031180E-01  0.1603267E-02 -0.3937788E+00
   06  0.2428571E+01  0.1509484E+02  0.3247833E-01  0.1718171E-02 -0.3937768E+00
   06  0.2523810E+01  0.1509484E+02  0.3464512E-01  0.1833141E-02 -0.3937746E+00
   06  0.2619048E+01  0.1509485E+02  0.3681216E-01  0.1948178E-02 -0.3937723E+00
   06  0.2714286E+01  0.1509485E+02  0.3897948E-01  0.2063285E-02 -0.3937699E+00
   06  0.2809524E+01  0.1509485E+02  0.4114709E-01  0.2178461E-02 -0.3937674E+00
   06  0.2904762E+01  0.1509485E+02  0.4331498E-01  0.2293707E-02 -0.3937647E+00
   06  0.1000000E+01  0.1509483E+02 -0.1564852E-14  0.6172834E-15 -0.3937928E+00
   06  0.1007937E+01  0.1509483E+02  0.1803597E-03  0.9524241E-05 -0.3937928E+00
   06  0.1015873E+01  0.1509483E+02  0.3607197E-03  0.1904856E-04 -0.3937928E+00
   06  0.1023810E+01  0.1509483E+02  0.5410801E-03  0.2857297E-04 -0.3937928E+00
   06  0.1031746E+01  0.1509483E+02  0.7214408E-03  0.3809747E-04 -0.3937928E+00
   06  0.1039683E+01  0.1509483E+02  0.9018018E-03  0.4762205E-04 -0.3937928E+00
   06  0.1047619E+01  0.1509483E+02  0.1082163E-02  0.5714673E-04 -0.3937928E+00
   06  0.1055556E+01  0.1509483E+02  0.1262525E-02  0.6667151E-04 -0.3937928E+00
   06  0.1063492E+01  0.1509483E+02  0.1442887E-02  0.7619639E-04 -0.3937928E+00
   06  0.1071429E+01  0.1509483E+02  0.1623249E-02  0.8572137E-04 -0.3937928E+00
   06  0.1079365E+01  0.1509483E+02  0.1803612E-02  0.9524646E-04 -0.3937927E+00
   06  0.1087302E+01  0.1509483E+02  0.1983975E-02  0.1047717E-03 -0.3937927E+00
   06  0.1095238E+01  0.1509483E+02  0.2164339E-02  0.1142970E-03 -0.3937927E+00
   06  0.1103175E+01  0.1509483E+02  0.2344703E-02  0.1238224E-03 -0.3937927E+00
   06  0.1111111E+01  0.1509483E+02  0.2525068E-02  0.1333479E-03 -0.3937927E+00
   06  0.1119048E+01  0.1509483E+02  0.2705432E-02  0.1428736E-03 -0.3937927E+00
   06  0.1126984E+01  0.1509483E+02  0.2885798E-02  0.1523994E-03 -0.3937926E+00
   06  0.1134921E+01  0.1509483E+02  0.3066164E-02  0.1619253E-03 -0.3937926E+00
   06  0.1142857E+01  0.1509483E+02  0.3246530E-02  0.1714514E-03 -0.3937926E+00
   06  0.1150794E+01  0.1509483E+02  0.3426897E-02  0.1809775E-03 -0.3937926E+00
   06  0.1158730E+01  0.1509483E+02  0.3607264E-02  0.1905038E-03 -0.3937926E+00
   06  0.1166667E+01  0.1509483E+02  0.3787631E-02  0.2000303E-03 -0.3937925E+00
   06  0.1174603E+01  0.1509483E+02  0.3968000E-02  0.2095569E-03 -0.3937925E+00
   06  0.1182540E+01  0.1509483E+02  0.4148368E-02  0.2190836E-03 -0.3937925E+00
   06  0.1190476E+01  0.1509483E+02  0.4328738E-02  0.2286105E-03 -0.3937925E+00
   06  0.1198413E+01  0.1509483E+02  0.4509107E-02  0.2381376E-03 -0.3937924E+00
   06  0.1206349E+01  0.1509483E+02  0.4689478E-02  0.2476648E-03 -0.3937924E+00
   06  0.1214286E+01  0.1509483E+02  0.4869849E-02  0.2571921E-03 -0.3937924E+00
   06  0.1238095E+01  0.1509483E+02  0.5410965E-02  0.2857749E-03 -0.3937923E+00
   06  0.1261905E+01  0.1509483E+02  0.5952086E-02  0.3143592E-03 -0.3937922E+00
   06  0.1285714E+01  0.1509483E+02  0.6493213E-02  0.3429450E-03 -0.3937921E+00
   06  0.1309524E+01  0.1509483E+02  0.7034346E-02  0.3715325E-03 -0.3937919E+00
   06  0.1333333E+01  0.1509483E+02  0.7575485E-02  0.4001218E-03 -0.3937918E+00
   06  0.1357143E+01  0.1509483E+02  0.8116630E-02  0.4287129E-03 -0.3937917E+00
   06  0.1380952E+01  0.1509483E+02  0.8657781E-02  0.4573058E-03 -0.3937915E+00
   06  0.1404762E+01  0.1509483E+02  0.9198940E-02  0.4859007E-03 -0.3937914E+00
   06  0.1428571E+01  0.1509483E+02  0.9740105E-02  0.5144976E-03 -0.3937912E+00
   06  0.1452381E+01  0.1509483E+02  0.1028128E-01  0.5430966E-03 -0.3937910E+00
   06  0.1476190E+01  0.1509483E+02  0.1082246E-01  0.5716978E-03 -0.3937909E+00
   06  0.1500000E+01  0.1509483E+02  0.1136364E-01  0.6003012E-03 -0.3937907E+00
   06  0.1523810E+01  0.1509483E+02  0.1190484E-01  0.6289070E-03 -0.3937905E+00
   06  0.1547619E+01  0.1509483E+02  0.1244604E-01  0.6575151E-03 -0.3937903E+00
   06  0.1571429E+01  0.1509483E+02  0.1298726E-01  0.6861256E-03 -0.3937901E+00
   06  0.1595238E+01  0.1509483E+02  0.1352848E-01  0.7147386E-03 -0.3937898E+00
   06  0.1619048E+01  0.1509483E+02  0.1406971E-01  0.7433542E-03 -0.3937896E+00
   06  0.1642857E+01  0.1509483E+02  0.1461095E-01  0.7719725E-03 -0.3937894E+00
   06  0.1666667E+01  0.1509483E+02  0.1515219E-01  0.8005934E-03 -0.3937891E+00
   06  0.1690476E+01  0.1509483E+02  0.1569345E-01  0.8292171E-03 -0.3937889E+00
   06  0.1714286E+01  0.1509483E+02  0.1623472E-01  0.8578436E-03 -0.3937886E+00
   06  0.1738095E+01  0.1509483E+02  0.1677600E-01  0.8864730E-03 -0.3937883E+00
   06  0.1761905E+01  0.1509483E+02  0.1731728E-01  0.9151053E-03 -0.3937880E+00
   06  0.1785714E+01  0.1509483E+02  0.1785858E-01  0.9437407E-03 -0.3937878E+00
   06  0.1809524E+01  0.1509483E+02  0.1839989E-01  0.9723790E-03 -0.3937875E+00
   06  0.1833333E+01  0.1509483E+02  0.1894121E-01  0.1001020E-02 -0.3937872E+00
   06  0.1857143E+01  0.1509483E+02  0.1948254E-01  0.1029665E-02 -0.3937868E+00
   06  0.1952381E+01  0.1509483E+02  0.2164798E-01  0.1144272E-02 -0.3937855E+00
   06  0.2047619E+01  0.1509483E+02  0.2381362E-01  0.1258932E-02 -0.3937840E+00
   06  0.2142857E+01  0.1509484E+02  0.2597946E-01  0.1373650E-02 -0.3937824E+00
   06  0.2238095E+01  0.1509484E+02  0.2814552E-01  0.1488427E-02 -0.3937807E+00
   06  0.2333333E+01  0.1509484E+02  0.3031180E-01  0.1603267E-02 -0.3937788E+00
   06  0.2428571E+01  0.1509484E+02  0.3247833E-01  0.1718171E-02 -0.3937768E+00
   06  0.2523810E+01  0.1509484E+02  0.3464512E-01  0.1833141E-02 -0.3937746E+00
   06  0.2619048E+01  0.1509485E+02  0.3681216E-01  0.1948178E-02 -0.3937723E+00
   06  0.2714286E+01  0.1509485E+02  0.3897948E-01  0.2063285E-02 -0.3937699E+00
   06  0.2809524E+01  0.1509485E+02  0.4114709E-01  0.2178461E-02 -0.3937674E+00
   06  0.2904762E+01  0.1509485E+02  0.4331498E-01  0.2293707E-02 -0.3937647E+00
   06  0.1000000E+01  0.1509483E+02 -0.1564852E-14  0.6172834E-15 -0.3937928E+00
   06  0.1007937E+01  0.1509483E+02  0.1803597E-03  0.9524241E-05 -0.3937928E+00
   06  0.1015873E+01  0.1509483E+02  0.3607197E-03  0.1904856E-04 -0.3937928E+00
   06  0.1023810E+01  0.1509483E+02  0.5410801E-03  0.2857297E-04 -0.3937928E+00
   06  0.1031746E+01  0.1509483E+02  0.7214408E-03  0.3809747E-04 -0.3937928E+00
   06  0.1039683E+01  0.1509483E+02  0.9018018E-03  0.4762205E-04 -0.3937928E+00
   06  0.1047619E+01  0.1509483E+02  0.1082163E-02  0.5714673E-04 -0.3937928E+00
   06  0.1055556E+01  0.1509483E+02  0.1262525E-02  0.6667151E-04 -0.3937928E+00
   06  0.1063492E+01  0.1509483E+02  0.1442887E-02  0.7619639E-04 -0.3937928E+00
   06  0.1071429E+01  0.1509483E+02  0.1623249E-02  0.8572137E-04 -0.3937928E+00
   06  0.1079365E+01  0.1509483E+02  0.1803612E-02  0.9524646E-04 -0.3937927E+00
   06  0.1087302E+01  0.1509483E+02  0.1983975E-02  0.1047717E-03 -0.3937927E+00
   06  0.1095238E+01  0.1509483E+02  0.2164339E-02  0.1142970E-03 -0.3937927E+00
   06  0.1103175E+01  0.1509483E+02  0.2344703E-02  0.1238224E-03 -0.3937927E+00
   06  0.1111111E+01  0.1509483E+02  0.2525068E-02  0.1333479E-03 -0.3937927E+00
   06  0.1119048E+01  0.1509483E+02  0.2705432E-02  0.1428736E-03 -0.3937927E+00
   06  0.1126984E+01  0.1509483E+02  0.2885798E-02  0.1523994E-03 -0.3937926E+00
   06  0.1134921E+01  0.1509483E+02  0.3066164E-02  0.1619253E-03 -0.3937926E+00
   06  0.1142857E+01  0.1509483E+02  0.3246530E-02  0.1714514E-03 -0.3937926E+00
   06  0.1150794E+01  0.1509483E+02  0.3426897E-02  0.1809775E-03 -0.3937926E+00
   06  0.1158730E+01  0.1509483E+02  0.3607264E-02  0.1905038E-03 -0.3937926E+00
   06  0.1166667E+01  0.1509483E+02  0.3787631E-02  0.2000303E-03 -0.3937925E+00
   06  0.1174603E+01  0.1509483E+02  0.3968000E-02  0.2095569E-03 -0.3937925E+00
   06  0.1182540E+01  0.1509483E+02  0.4148368E-02  0.2190836E-03 -0.3937925E+00
   06  0.1190476E+01  0.1509483E+02  0.4328738E-02  0.2286105E-03 -0.3937925E+00
   06  0.1198413E+01  0.1509483E+02  0.4509107E-02  0.2381376E-03 -0.3937924E+00
   06  0.1206349E+01  0.1509483E+02  0.4689478E-02  0.2476648E-03 -0.3937924E+00
   06  0.1214286E+01  0.1509483E+02  0.4869849E-02  0.2571921E-03 -0.3937924E+00
   06  0.1238095E+01  0.1509483E+02  0.5410965E-02  0.2857749E-03 -0.3937923E+00
   06  0.1261905E+01  0.1509483E+02  0.5952086E-02  0.3143592E-03 -0.3937922E+00
   06  0.1285714E+01  0.1509483E+02  0.6493213E-02  0.3429450E-03 -0.3937921E+00
   06  0.1309524E+01  0.1509483E+02  0.7034346E-02  0.3715325E-03 -0.3937919E+00
   06  0.1333333E+01  0.1509483E+02  0.7575485E-02  0.4001218E-03 -0.3937918E+00
   06  0.1357143E+01  0.1509483E+02  0.8116630E-02  0.4287129E-03 -0.3937917E+00
   06  0.1380952E+01  0.1509483E+02  0.8657781E-02  0.4573058E-03 -0.3937915E+00
   06  0.1404762E+01  0.1509483E+02  0.9198940E-02  0.4859007E-03 -0.3937914E+00
   06  0.1428571E+01  0.1509483E+02  0.9740105E-02  0.5144976E-03 -0.3937912E+00
   06  0.1452381E+01  0.1509483E+02  0.1028128E-01  0.5430966E-03 -0.3937910E+00
   06  0.1476190E+01  0.1509483E+02  0.1082246E-01  0.5716978E-03 -0.3937909E+00
   06  0.1500000E+01  0.1509483E+02  0.1136364E-01  0.6003012E-03 -0.3937907E+00
   06  0.1523810E+01  0.1509483E+02  0.1190484E-01  0.6289070E-03 -0.3937905E+00
   06  0.1547619E+01  0.1509483E+02  0.1244604E-01  0.6575151E-03 -0.3937903E+00
   06  0.1571429E+01  0.1509483E+02  0.1298726E-01  0.6861256E-03 -0.3937901E+00
   06  0.1595238E+01  0.1509483E+02  0.1352848E-01  0.7147386E-03 -0.3937898E+00
   06  0.1619048E+01  0.1509483E+02  0.1406971E-01  0.7433542E-03 -0.3937896E+00
   06  0.1642857E+01  0.1509483E+02  0.1461095E-01  0.7719725E-03 -0.3937894E+00
   06  0.1666667E+01  0.1509483E+02  0.1515219E-01  0.8005934E-03 -0.3937891E+00
   06  0.1690476E+01  0.1509483E+02  0.1569345E-01  0.8292171E-03 -0.3937889E+00
   06  0.1714286E+01  0.1509483E+02  0.1623472E-01  0.8578436E-03 -0.3937886E+00
   06  0.1738095E+01  0.1509483E+02  0.1677600E-01  0.8864730E-03 -0.3937883E+00
   06  0.1761905E+01  0.1509483E+02  0.1731728E-01  0.9151053E-03 -0.3937880E+00
   06  0.1785714E+01  0.1509483E+02  0.1785858E-01  0.9437407E-03 -0.3937878E+00
   06  0.1809524E+01  0.1509483E+02  0.1839989E-01  0.9723790E-03 -0.3937875E+00
   06  0.1833333E+01  0.1509483E+02  0.1894121E-01  0.1001020E-02 -0.3937872E+00
   06  0.1857143E+01  0.1509483E+02  0.1948254E-01  0.1029665E-02 -0.3937868E+00
   06  0.1952381E+01  0.1509483E+02  0.2164798E-01  0.1144272E-02 -0.3937855E+00
   06  0.2047619E+01  0.1509483E+02  0.2381362E-01  0.1258932E-02 -0.3937840E+00
   06  0.2142857E+01  0.1509484E+02  0.2597946E-01  0.1373650E-02 -0.3937824E+00
   06  0.2238095E+01  0.1509484E+02  0.2814552E-01  0.1488427E-02 -0.3937807E+00
   06  0.2333333E+01  0.1509484E+02  0.3031180E-01  0.1603267E-02 -0.3937788E+00
   06  0.2428571E+01  0.1509484E+02  0.3247833E-01  0.1718171E-02 -0.3937768E+00
   06  0.2523810E+01  0.1509484E+02  0.3464512E-01  0.1833141E-02 -0.3937746E+00
   06  0.2619048E+01  0.1509485E+02  0.3681216E-01  0.1948178E-02 -0.3937723E+00
   06  0.2714286E+01  0.1509485E+02  0.3897948E-01  0.2063285E-02 -0.3937699E+00
   06  0.2809524E+01  0.1509485E+02  0.4114709E-01  0.2178461E-02 -0.3937674E+00
   06  0.2904762E+01  0.1509485E+02  0.4331498E-01  0.2293707E-02 -0.3937647E+00
   06  0.1000000E+01  0.1509483E+02 -0.1564852E-14  0.6172834E-15 -0.3937928E+00
   06  0.1007937E+01  0.1509483E+02  0.1803597E-03  0.9524241E-05 -0.3937928E+00
   06  0.1015873E+01  0.1509483E+02  0.3607197E-03  0.1904856E-04 -0.3937928E+00
   06  0.1023810E+01  0.1509483E+02  0.5410801E-03  0.2857297E-04 -0.3937928E+00
   06  0.1031746E+01  0.1509483E+02  0.7214408E-03  0.3809747E-04 -0.3937928E+00
   06  0.1039683E+01  0.1509483E+02  0.9018018E-03  0.4762205E-04 -0.3937928E+00
   06  0.1047619E+01  0.1509483E+02  0.1082163E-02  0.5714673E-04 -0.3937928E+00
   06  0.1055556E+01  0.1509483E+02  0.1262525E-02  0.6667151E-04 -0.3937928E+00
   06  0.1063492E+01  0.1509483E+02  0.1442887E-02  0.7619639E-04 -0.3937928E+00
   06  0.1071429E+01  0.1509483E+02  0.1623249E-02  0.8572137E-04 -0.3937928E+00
   06  0.1079365E+01  0.1509483E+02  0.1803612E-02  0.9524646E-04 -0.3937927E+00
   06  0.1087302E+01  0.1509483E+02  0.1983975E-02  0.1047717E-03 -0.3937927E+00
   06  0.1095238E+01  0.1509483E+02  0.2164339E-02  0.1142970E-03 -0.3937927E+00
   06  0.1103175E+01  0.1509483E+02  0.2344703E-02  0.1238224E-03 -0.3937927E+00
   06  0.1111111E+01  0.1509483E+02  0.2525068E-02  0.1333479E-03 -0.3937927E+00
   06  0.1119048E+01  0.1509483E+02  0.2705432E-02  0.1428736E-03 -0.3937927E+00
   06  0.1126984E+01  0.1509483E+02  0.2885798E-02  0.1523994E-03 -0.3937926E+00
   06  0.1134921E+01  0.1509483E+02  0.3066164E-02  0.1619253E-03 -0.3937926E+00
   06  0.1142857E+01  0.1509483E+02  0.3246530E-02  0.1714514E-03 -0.3937926E+00
   06  0.1150794E+01  0.1509483E+02  0.3426897E-02  0.1809775E-03 -0.3937926E+00
   06  0.1158730E+01  0.1509483E+02  0.3607264E-02  0.1905038E-03 -0.3937926E+00
   06  0.1166667E+01  0.1509483E+02  0.3787631E-02  0.2000303E-03 -0.3937925E+00
   06  0.1174603E+01  0.1509483E+02  0.3968000E-02  0.2095569E-03 -0.3937925E+00
   06  0.1182540E+01  0.1509483E+02  0.4148368E-02  0.2190836E-03 -0.3937925E+00
   06  0.1190476E+01  0.1509483E+02  0.4328738E-02  0.2286105E-03 -0.3937925E+00
   06  0.1198413E+01  0.1509483E+02  0.4509107E-02  0.2381376E-03 -0.3937924E+00
   06  0.1206349E+01  0.1509483E+02  0.4689478E-02  0.2476648E-03 -0.3937924E+00
   06  0.1214286E+01  0.1509483E+02  0.4869849E-02  0.2571921E-03 -0.3937924E+00
   06  0.1238095E+01  0.1509483E+02  0.5410965E-02  0.2857749E-03 -0.3937923E+00
   06  0.1261905E+01  0.1509483E+02  0.5952086E-02  0.3143592E-03 -0.3937922E+00
   06  0.1285714E+01  0.1509483E+02  0.6493213E-02  0.3429450E-03 -0.3937921E+00
   06  0.1309524E+01  0.1509483E+02  0.7034346E-02  0.3715325E-03 -0.3937919E+00
   06  0.1333333E+01  0.1509483E+02  0.7575485E-02  0.4001218E-03 -0.3937918E+00
   06  0.1357143E+01  0.1509483E+02  0.8116630E-02  0.4287129E-03 -0.3937917E+00
   06  0.1380952E+01  0.1509483E+02  0.8657781E-02  0.4573058E-03 -0.3937915E+00
   06  0.1404762E+01  0.1509483E+02  0.9198940E-02  0.4859007E-03 -0.3937914E+00
   06  0.1428571E+01  0.1509483E+02  0.9740105E-02  0.5144976E-03 -0.3937912E+00
   06  0.1452381E+01  0.1509483E+02  0.1028128E-01  0.5430966E-03 -0.3937910E+00
   06  0.1476190E+01  0.1509483E+02  0.1082246E-01  0.5716978E-03 -0.3937909E+00
   06  0.1500000E+01  0.1509483E+02  0.1136364E-01  0.6003012E-03 -0.3937907E+00
   06  0.1523810E+01  0.1509483E+02  0.1190484E-01  0.6289070E-03 -0.3937905E+00
   06  0.1547619E+01  0.1509483E+02  0.1244604E-01  0.6575151E-03 -0.3937903E+00
   06  0.1571429E+01  0.1509483E+02  0.1298726E-01  0.6861256E-03 -0.3937901E+00
   06  0.1595238E+01  0.1509483E+02  0.1352848E-01  0.7147386E-03 -0.3937898E+00
   06  0.1619048E+01  0.1509483E+02  0.1406971E-01  0.7433542E-03 -0.3937896E+00
   06  0.1642857E+01  0.1509483E+02  0.1461095E-01  0.7719725E-03 -0.3937894E+00
   06  0.1666667E+01  0.1509483E+02  0.1515219E-01  0.8005934E-03 -0.3937891E+00
   06  0.1690476E+01  0.1509483E+02  0.1569345E-01  0.8292171E-03 -0.3937889E+00
   06  0.1714286E+01  0.1509483E+02  0.1623472E-01  0.8578436E-03 -0.3937886E+00
   06  0.1738095E+01  0.1509483E+02  0.1677600E-01  0.8864730E-03 -0.3937883E+00
   06  0.1761905E+01  0.1509483E+02  0.1731728E-01  0.9151053E-03 -0.3937880E+00
   06  0.1785714E+01  0.1509483E+02  0.1785858E-01  0.9437407E-03 -0.3937878E+00
   06  0.1809524E+01  0.1509483E+02  0.1839989E-01  0.9723790E-03 -0.3937875E+00
   06  0.1833333E+01  0.1509483E+02  0.1894121E-01  0.1001020E-02 -0.3937872E+00
   06  0.1857143E+01  0.1509483E+02  0.1948254E-01  0.1029665E-02 -0.3937868E+00
   06  0.1952381E+01  0.1509483E+02  0.2164798E-01  0.1144272E-02 -0.3937855E+00
   06  0.2047619E+01  0.1509483E+02  0.2381362E-01  0.1258932E-02 -0.3937840E+00
   06  0.2142857E+01  0.1509484E+02  0.2597946E-01  0.1373650E-02 -0.3937824E+00
   06  0.2238095E+01  0.1509484E+02  0.2814552E-01  0.1488427E-02 -0.3937807E+00
   06  0.2333333E+01  0.1509484E+02  0.3031180E-01  0.1603267E-02 -0.3937788E+00
   06  0.2428571E+01  0.1509484E+02  0.3247833E-01  0.1718171E-02 -0.3937768E+00
   06  0.2523810E+01  0.1509484E+02  0.3464512E-01  0.1833141E-02 -0.3937746E+00
   06  0.2619048E+01  0.1509485E+02  0.3681216E-01  0.1948178E-02 -0.3937723E+00
   06  0.2714286E+01  0.1509485E+02  0.3897948E-01  0.2063285E-02 -0.3937699E+00
   06  0.2809524E+01  0.1509485E+02  0.4114709E-01  0.2178461E-02 -0.3937674E+00
   06  0.2904762E+01  0.1509485E+02  0.4331498E-01  0.2293707E-02 -0.3937647E+00
   06  0.1000000E+01  0.1509483E+02 -0.1564852E-14  0.6172834E-15 -0.3937928E+00
   06  0.1007937E+01  0.1509483E+02  0.1803597E-03  0.9524241E-05 -0.3937928E+00
   06  0.1015873E+01  0.1509483E+02  0.3607197E-03  0.1904856E-04 -0.3937928E+00
   06  0.1023810E+01  0.1509483E+02  0.5410801E-03  0.2857297E-04 -0.3937928E+00
   06  0.1031746E+01  0.1509483E+02  0.7214408E-03  0.3809747E-04 -0.3937928E+00
   06  0.1039683E+01  0.1509483E+02  0.9018018E-03  0.4762205E-04 -0.3937928E+00
   06  0.1047619E+01  0.1509483E+02  0.1082163E-02  0.5714673E-04 -0.3937928E+00
   06  0.1055556E+01  0.1509483E+02  0.1262525E-02  0.6667151E-04 -0.3937928E+00
   06  0.1063492E+01  0.1509483E+02  0.1442887E-02  0.7619639E-04 -0.3937928E+00
   06  0.1071429E+01  0.1509483E+02  0.1623249E-02  0.8572137E-04 -0.3937928E+00
   06  0.1079365E+01  0.1509483E+02  0.1803612E-02  0.9524646E-04 -0.3937927E+00
   06  0.1087302E+01  0.1509483E+02  0.1983975E-02  0.1047717E-03 -0.3937927E+00
   06  0.1095238E+01  0.1509483E+02  0.2164339E-02  0.1142970E-03 -0.3937927E+00
   06  0.1103175E+01  0.1509483E+02  0.2344703E-02  0.1238224E-03 -0.3937927E+00
   06  0.1111111E+01  0.1509483E+02  0.2525068E-02  0.1333479E-03 -0.3937927E+00
   06  0.1119048E+01  0.1509483E+02  0.2705432E-02  0.1428736E-03 -0.3937927E+00
   06  0.1126984E+01  0.1509483E+02  0.2885798E-02  0.1523994E-03 -0.3937926E+00
   06  0.1134921E+01  0.1509483E+02  0.3066164E-02  0.1619253E-03 -0.3937926E+00
   06  0.1142857E+01  0.1509483E+02  0.3246530E-02  0.1714514E-03 -0.3937926E+00
   06  0.1150794E+01  0.1509483E+02  0.3426897E-02  0.1809775E-03 -0.3937926E+00
   06  0.1158730E+01  0.1509483E+02  0.3607264E-02  0.1905038E-03 -0.3937926E+00
   06  0.1166667E+01  0.1509483E+02  0.3787631E-02  0.2000303E-03 -0.3937925E+00
   06  0.1174603E+01  0.1509483E+02  0.3968000E-02  0.2095569E-03 -0.3937925E+00
   06  0.1182540E+01  0.1509483E+02  0.4148368E-02  0.2190836E-03 -0.3937925E+00
   06  0.1190476E+01  0.1509483E+02  0.4328738E-02  0.2286105E-03 -0.3937925E+00
   06  0.1198413E+01  0.1509483E+02  0.4509107E-02  0.2381376E-03 -0.3937924E+00
   06  0.1206349E+01  0.1509483E+02  0.4689478E-02  0.2476648E-03 -0.3937924E+00
   06  0.1214286E+01  0.1509483E+02  0.4869849E-02  0.2571921E-03 -0.3937924E+00
   06  0.1238095E+01  0.1509483E+02  0.5410965E-02  0.2857749E-03 -0.3937923E+00
   06  0.1261905E+01  0.1509483E+02  0.5952086E-02  0.3143592E-03 -0.3937922E+00
   06  0.1285714E+01  0.1509483E+02  0.6493213E-02  0.3429450E-03 -0.3937921E+00
   06  0.1309524E+01  0.1509483E+02  0.7034346E-02  0.3715325E-03 -0.3937919E+00
   06  0.1333333E+01  0.1509483E+02  0.7575485E-02  0.4001218E-03 -0.3937918E+00
   06  0.1357143E+01  0.1509483E+02  0.8116630E-02  0.4287129E-03 -0.3937917E+00
   06  0.1380952E+01  0.1509483E+02  0.8657781E-02  0.4573058E-03 -0.3937915E+00
   06  0.1404762E+01  0.1509483E+02  0.9198940E-02  0.4859007E-03 -0.3937914E+00
   06  0.1428571E+01  0.1509483E+02  0.9740105E-02  0.5144976E-03 -0.3937912E+00
   06  0.1452381E+01  0.1509483E+02  0.1028128E-01  0.5430966E-03 -0.3937910E+00
   06  0.1476190E+01  0.1509483E+02  0.1082246E-01  0.5716978E-03 -0.3937909E+00
   06  0.1500000E+01  0.1509483E+02  0.1136364E-01  0.6003012E-03 -0.3937907E+00
   06  0.1523810E+01  0.1509483E+02  0.1190484E-01  0.6289070E-03 -0.3937905E+00
   06  0.1547619E+01  0.1509483E+02  0.1244604E-01  0.6575151E-03 -0.3937903E+00
   06  0.1571429E+01  0.1509483E+02  0.1298726E-01  0.6861256E-03 -0.3937901E+00
   06  0.1595238E+01  0.1509483E+02  0.1352848E-01  0.7147386E-03 -0.3937898E+00
   06  0.1619048E+01  0.1509483E+02  0.1406971E-01  0.7433542E-03 -0.3937896E+00
   06  0.1642857E+01  0.1509483E+02  0.1461095E-01  0.7719725E-03 -0.3937894E+00
   06  0.1666667E+01  0.1509483E+02  0.1515219E-01  0.8005934E-03 -0.3937891E+00
   06  0.1690476E+01  0.1509483E+02  0.1569345E-01  0.8292171E-03 -0.3937889E+00
   06  0.1714286E+01  0.1509483E+02  0.1623472E-01  0.8578436E-03 -0.3937886E+00
   06  0.1738095E+01  0.1509483E+02  0.1677600E-01  0.8864730E-03 -0.3937883E+00
   06  0.1761905E+01  0.1509483E+02  0.1731728E-01  0.9151053E-03 -0.3937880E+00
   06  0.1785714E+01  0.1509483E+02  0.1785858E-01  0.9437407E-03 -0.3937878E+00
   06  0.1809524E+01  0.1509483E+02  0.1839989E-01  0.9723790E-03 -0.3937875E+00
   06  0.1833333E+01  0.1509483E+02  0.1894121E-01  0.1001020E-02 -0.3937872E+00
   06  0.1857143E+01  0.1509483E+02  0.1948254E-01  0.1029665E-02 -0.3937868E+00
   06  0.1952381E+01  0.1509483E+02  0.2164798E-01  0.1144272E-02 -0.3937855E+00
   06  0.2047619E+01  0.1509483E+02  0.2381362E-01  0.1258932E-02 -0.3937840E+00
   06  0.2142857E+01  0.1509484E+02  0.2597946E-01  0.1373650E-02 -0.3937824E+00
   06  0.2238095E+01  0.1509484E+02  0.2814552E-01  0.1488427E-02 -0.3937807E+00
   06  0.2333333E+01  0.1509484E+02  0.3031180E-01  0.1603267E-02 -0.3937788E+00
   06  0.2428571E+01  0.1509484E+02  0.3247833E-01  0.1718171E-02 -0.3937768E+00
   06  0.2523810E+01  0.1509484E+02  0.3464512E-01  0.1833141E-02 -0.3937746E+00
   06  0.2619048E+01  0.1509485E+02  0.3681216E-01  0.1948178E-02 -0.3937723E+00
   06  0.2714286E+01  0.1509485E+02  0.3897948E-01  0.2063285E-02 -0.3937699E+00
   06  0.2809524E+01  0.1509485E+02  0.4114709E-01  0.2178461E-02 -0.3937674E+00
   06  0.2904762E+01  0.1509485E+02  0.4331498E-01  0.2293707E-02 -0.3937647E+00
