# gauge_id= 307 location=( -0.1242050000E+03  0.4176625000E+02 ) num_var=  4
# Stationary gauge
# level, time, q[  1  2  3], eta, aux[]
# file format ascii, time series follow in this file
   06  0.0000000E+00  0.4403900E+01  0.0000000E+00  0.0000000E+00  0.0000000E+00
   06  0.0000000E+00  0.4403900E+01  0.0000000E+00  0.0000000E+00  0.0000000E+00
   06  0.0000000E+00  0.4403900E+01  0.0000000E+00  0.0000000E+00  0.0000000E+00
   06  0.0000000E+00  0.4403900E+01  0.0000000E+00  0.0000000E+00  0.0000000E+00
   06  0.0000000E+00  0.4403900E+01  0.0000000E+00  0.0000000E+00  0.0000000E+00
   06  0.1000000E+01  0.4403900E+01 -0.1048975E-16 -0.5646345E-16 -0.4731247E+00
   06  0.1007937E+01  0.4403900E+01  0.5479208E-04  0.2743764E-05 -0.4731245E+00
   06  0.1015873E+01  0.4403901E+01  0.1095927E-03  0.5489774E-05 -0.4731244E+00
   06  0.1023810E+01  0.4403901E+01  0.1644019E-03  0.8238044E-05 -0.4731242E+00
   06  0.1031746E+01  0.4403901E+01  0.2192197E-03  0.1098859E-04 -0.4731241E+00
   06  0.1039683E+01  0.4403901E+01  0.2740462E-03  0.1374143E-04 -0.4731239E+00
   06  0.1047619E+01  0.4403901E+01  0.3288814E-03  0.1649657E-04 -0.4731238E+00
   06  0.1055556E+01  0.4403901E+01  0.3837255E-03  0.1925404E-04 -0.4731236E+00
   06  0.1063492E+01  0.4403901E+01  0.4385784E-03  0.2201384E-04 -0.4731235E+00
   06  0.1071429E+01  0.4403902E+01  0.4934401E-03  0.2477599E-04 -0.4731233E+00
   06  0.1079365E+01  0.4403902E+01  0.5483109E-03  0.2754051E-04 -0.4731231E+00
   06  0.1087302E+01  0.4403902E+01  0.6031906E-03  0.3030742E-04 -0.4731230E+00
   06  0.1095238E+01  0.4403902E+01  0.6580794E-03  0.3307672E-04 -0.4731228E+00
   06  0.1103175E+01  0.4403902E+01  0.7129773E-03  0.3584843E-04 -0.4731226E+00
   06  0.1111111E+01  0.4403902E+01  0.7678844E-03  0.3862258E-04 -0.4731225E+00
   06  0.1119048E+01  0.4403903E+01  0.8228007E-03  0.4139917E-04 -0.4731223E+00
   06  0.1126984E+01  0.4403903E+01  0.8777263E-03  0.4417821E-04 -0.4731221E+00
   06  0.1134921E+01  0.4403903E+01  0.9326612E-03  0.4695973E-04 -0.4731219E+00
   06  0.1142857E+01  0.4403903E+01  0.9876056E-03  0.4974374E-04 -0.4731218E+00
   06  0.1150794E+01  0.4403903E+01  0.1042559E-02  0.5253025E-04 -0.4731216E+00
   06  0.1158730E+01  0.4403904E+01  0.1097523E-02  0.5531929E-04 -0.4731214E+00
   06  0.1166667E+01  0.4403904E+01  0.1152495E-02  0.5811086E-04 -0.4731212E+00
   06  0.1174603E+01  0.4403904E+01  0.1207478E-02  0.6090498E-04 -0.4731210E+00
   06  0.1182540E+01  0.4403904E+01  0.1262470E-02  0.6370166E-04 -0.4731208E+00
   06  0.1190476E+01  0.4403904E+01  0.1317472E-02  0.6650092E-04 -0.4731206E+00
   06  0.1198413E+01  0.4403905E+01  0.1372483E-02  0.6930278E-04 -0.4731204E+00
   06  0.1206349E+01  0.4403905E+01  0.1427504E-02  0.7210726E-04 -0.4731202E+00
   06  0.1214286E+01  0.4403905E+01  0.1482536E-02  0.7491435E-04 -0.4731200E+00
   06  0.1238095E+01  0.4403906E+01  0.1647698E-02  0.8334471E-04 -0.4731194E+00
   06  0.1261905E+01  0.4403906E+01  0.1812952E-02  0.9179927E-04 -0.4731187E+00
   06  0.1285714E+01  0.4403907E+01  0.1978298E-02  0.1002785E-03 -0.4731181E+00
   06  0.1309524E+01  0.4403908E+01  0.2143739E-02  0.1087827E-03 -0.4731174E+00
   06  0.1333333E+01  0.4403908E+01  0.2309274E-02  0.1173123E-03 -0.4731167E+00
   06  0.1357143E+01  0.4403909E+01  0.2474907E-02  0.1258679E-03 -0.4731159E+00
   06  0.1380952E+01  0.4403910E+01  0.2640638E-02  0.1344496E-03 -0.4731152E+00
   06  0.1404762E+01  0.4403911E+01  0.2806469E-02  0.1430581E-03 -0.4731144E+00
   06  0.1428571E+01  0.4403911E+01  0.2972402E-02  0.1516937E-03 -0.4731136E+00
   06  0.1452381E+01  0.4403912E+01  0.3138438E-02  0.1603567E-03 -0.4731127E+00
   06  0.1476190E+01  0.4403913E+01  0.3304579E-02  0.1690477E-03 -0.4731119E+00
   06  0.1500000E+01  0.4403914E+01  0.3470826E-02  0.1777670E-03 -0.4731110E+00
   06  0.1523810E+01  0.4403915E+01  0.3637180E-02  0.1865150E-03 -0.4731101E+00
   06  0.1547619E+01  0.4403916E+01  0.3803644E-02  0.1952921E-03 -0.4731092E+00
   06  0.1571429E+01  0.4403917E+01  0.3970219E-02  0.2040989E-03 -0.4731082E+00
   06  0.1595238E+01  0.4403918E+01  0.4136906E-02  0.2129356E-03 -0.4731073E+00
   06  0.1619048E+01  0.4403919E+01  0.4303708E-02  0.2218027E-03 -0.4731063E+00
   06  0.1642857E+01  0.4403920E+01  0.4470625E-02  0.2307006E-03 -0.4731053E+00
   06  0.1666667E+01  0.4403921E+01  0.4637659E-02  0.2396298E-03 -0.4731042E+00
   06  0.1690476E+01  0.4403922E+01  0.4804812E-02  0.2485905E-03 -0.4731032E+00
   06  0.1714286E+01  0.4403923E+01  0.4972085E-02  0.2575834E-03 -0.4731021E+00
   06  0.1738095E+01  0.4403924E+01  0.5139480E-02  0.2666087E-03 -0.4731010E+00
   06  0.1761905E+01  0.4403925E+01  0.5306999E-02  0.2756669E-03 -0.4730998E+00
   06  0.1785714E+01  0.4403926E+01  0.5474643E-02  0.2847585E-03 -0.4730987E+00
   06  0.1809524E+01  0.4403927E+01  0.5642414E-02  0.2938838E-03 -0.4730975E+00
   06  0.1833333E+01  0.4403929E+01  0.5810313E-02  0.3030432E-03 -0.4730963E+00
   06  0.1857143E+01  0.4403930E+01  0.5978342E-02  0.3122373E-03 -0.4730951E+00
   06  0.1952381E+01  0.4403935E+01  0.6651951E-02  0.3492413E-03 -0.4730898E+00
   06  0.2047619E+01  0.4403941E+01  0.7327769E-02  0.3868354E-03 -0.4730842E+00
   06  0.2142857E+01  0.4403947E+01  0.8005902E-02  0.4250477E-03 -0.4730781E+00
   06  0.2238095E+01  0.4403953E+01  0.8686453E-02  0.4639064E-03 -0.4730716E+00
   06  0.2333333E+01  0.4403960E+01  0.9369526E-02  0.5034404E-03 -0.4730647E+00
   06  0.2428571E+01  0.4403968E+01  0.1005523E-01  0.5436791E-03 -0.4730573E+00
   06  0.2523810E+01  0.4403975E+01  0.1074366E-01  0.5846527E-03 -0.4730495E+00
   06  0.2619048E+01  0.4403984E+01  0.1143494E-01  0.6263916E-03 -0.4730412E+00
   06  0.2714286E+01  0.4403992E+01  0.1212916E-01  0.6689274E-03 -0.4730325E+00
   06  0.2809524E+01  0.4404002E+01  0.1282642E-01  0.7122921E-03 -0.4730233E+00
   06  0.2904762E+01  0.4404011E+01  0.1352685E-01  0.7565186E-03 -0.4730136E+00
   06  0.1000000E+01  0.4403900E+01 -0.1048975E-16 -0.5646345E-16 -0.4731247E+00
   06  0.1007937E+01  0.4403900E+01  0.5479208E-04  0.2743764E-05 -0.4731245E+00
   06  0.1015873E+01  0.4403901E+01  0.1095927E-03  0.5489774E-05 -0.4731244E+00
   06  0.1023810E+01  0.4403901E+01  0.1644019E-03  0.8238044E-05 -0.4731242E+00
   06  0.1031746E+01  0.4403901E+01  0.2192197E-03  0.1098859E-04 -0.4731241E+00
   06  0.1039683E+01  0.4403901E+01  0.2740462E-03  0.1374143E-04 -0.4731239E+00
   06  0.1047619E+01  0.4403901E+01  0.3288814E-03  0.1649657E-04 -0.4731238E+00
   06  0.1055556E+01  0.4403901E+01  0.3837255E-03  0.1925404E-04 -0.4731236E+00
   06  0.1063492E+01  0.4403901E+01  0.4385784E-03  0.2201384E-04 -0.4731235E+00
   06  0.1071429E+01  0.4403902E+01  0.4934401E-03  0.2477599E-04 -0.4731233E+00
   06  0.1079365E+01  0.4403902E+01  0.5483109E-03  0.2754051E-04 -0.4731231E+00
   06  0.1087302E+01  0.4403902E+01  0.6031906E-03  0.3030742E-04 -0.4731230E+00
   06  0.1095238E+01  0.4403902E+01  0.6580794E-03  0.3307672E-04 -0.4731228E+00
   06  0.1103175E+01  0.4403902E+01  0.7129773E-03  0.3584843E-04 -0.4731226E+00
   06  0.1111111E+01  0.4403902E+01  0.7678844E-03  0.3862258E-04 -0.4731225E+00
   06  0.1119048E+01  0.4403903E+01  0.8228007E-03  0.4139917E-04 -0.4731223E+00
   06  0.1126984E+01  0.4403903E+01  0.8777263E-03  0.4417821E-04 -0.4731221E+00
   06  0.1134921E+01  0.4403903E+01  0.9326612E-03  0.4695973E-04 -0.4731219E+00
   06  0.1142857E+01  0.4403903E+01  0.9876056E-03  0.4974374E-04 -0.4731218E+00
   06  0.1150794E+01  0.4403903E+01  0.1042559E-02  0.5253025E-04 -0.4731216E+00
   06  0.1158730E+01  0.4403904E+01  0.1097523E-02  0.5531929E-04 -0.4731214E+00
   06  0.1166667E+01  0.4403904E+01  0.1152495E-02  0.5811086E-04 -0.4731212E+00
   06  0.1174603E+01  0.4403904E+01  0.1207478E-02  0.6090498E-04 -0.4731210E+00
   06  0.1182540E+01  0.4403904E+01  0.1262470E-02  0.6370166E-04 -0.4731208E+00
   06  0.1190476E+01  0.4403904E+01  0.1317472E-02  0.6650092E-04 -0.4731206E+00
   06  0.1198413E+01  0.4403905E+01  0.1372483E-02  0.6930278E-04 -0.4731204E+00
   06  0.1206349E+01  0.4403905E+01  0.1427504E-02  0.7210726E-04 -0.4731202E+00
   06  0.1214286E+01  0.4403905E+01  0.1482536E-02  0.7491435E-04 -0.4731200E+00
   06  0.1238095E+01  0.4403906E+01  0.1647698E-02  0.8334471E-04 -0.4731194E+00
   06  0.1261905E+01  0.4403906E+01  0.1812952E-02  0.9179927E-04 -0.4731187E+00
   06  0.1285714E+01  0.4403907E+01  0.1978298E-02  0.1002785E-03 -0.4731181E+00
   06  0.1309524E+01  0.4403908E+01  0.2143739E-02  0.1087827E-03 -0.4731174E+00
   06  0.1333333E+01  0.4403908E+01  0.2309274E-02  0.1173123E-03 -0.4731167E+00
   06  0.1357143E+01  0.4403909E+01  0.2474907E-02  0.1258679E-03 -0.4731159E+00
   06  0.1380952E+01  0.4403910E+01  0.2640638E-02  0.1344496E-03 -0.4731152E+00
   06  0.1404762E+01  0.4403911E+01  0.2806469E-02  0.1430581E-03 -0.4731144E+00
   06  0.1428571E+01  0.4403911E+01  0.2972402E-02  0.1516937E-03 -0.4731136E+00
   06  0.1452381E+01  0.4403912E+01  0.3138438E-02  0.1603567E-03 -0.4731127E+00
   06  0.1476190E+01  0.4403913E+01  0.3304579E-02  0.1690477E-03 -0.4731119E+00
   06  0.1500000E+01  0.4403914E+01  0.3470826E-02  0.1777670E-03 -0.4731110E+00
   06  0.1523810E+01  0.4403915E+01  0.3637180E-02  0.1865150E-03 -0.4731101E+00
   06  0.1547619E+01  0.4403916E+01  0.3803644E-02  0.1952921E-03 -0.4731092E+00
   06  0.1571429E+01  0.4403917E+01  0.3970219E-02  0.2040989E-03 -0.4731082E+00
   06  0.1595238E+01  0.4403918E+01  0.4136906E-02  0.2129356E-03 -0.4731073E+00
   06  0.1619048E+01  0.4403919E+01  0.4303708E-02  0.2218027E-03 -0.4731063E+00
   06  0.1642857E+01  0.4403920E+01  0.4470625E-02  0.2307006E-03 -0.4731053E+00
   06  0.1666667E+01  0.4403921E+01  0.4637659E-02  0.2396298E-03 -0.4731042E+00
   06  0.1690476E+01  0.4403922E+01  0.4804812E-02  0.2485905E-03 -0.4731032E+00
   06  0.1714286E+01  0.4403923E+01  0.4972085E-02  0.2575834E-03 -0.4731021E+00
   06  0.1738095E+01  0.4403924E+01  0.5139480E-02  0.2666087E-03 -0.4731010E+00
   06  0.1761905E+01  0.4403925E+01  0.5306999E-02  0.2756669E-03 -0.4730998E+00
   06  0.1785714E+01  0.4403926E+01  0.5474643E-02  0.2847585E-03 -0.4730987E+00
   06  0.1809524E+01  0.4403927E+01  0.5642414E-02  0.2938838E-03 -0.4730975E+00
   06  0.1833333E+01  0.4403929E+01  0.5810313E-02  0.3030432E-03 -0.4730963E+00
   06  0.1857143E+01  0.4403930E+01  0.5978342E-02  0.3122373E-03 -0.4730951E+00
   06  0.1952381E+01  0.4403935E+01  0.6651951E-02  0.3492413E-03 -0.4730898E+00
   06  0.2047619E+01  0.4403941E+01  0.7327769E-02  0.3868354E-03 -0.4730842E+00
   06  0.2142857E+01  0.4403947E+01  0.8005902E-02  0.4250477E-03 -0.4730781E+00
   06  0.2238095E+01  0.4403953E+01  0.8686453E-02  0.4639064E-03 -0.4730716E+00
   06  0.2333333E+01  0.4403960E+01  0.9369526E-02  0.5034404E-03 -0.4730647E+00
   06  0.2428571E+01  0.4403968E+01  0.1005523E-01  0.5436791E-03 -0.4730573E+00
   06  0.2523810E+01  0.4403975E+01  0.1074366E-01  0.5846527E-03 -0.4730495E+00
   06  0.2619048E+01  0.4403984E+01  0.1143494E-01  0.6263916E-03 -0.4730412E+00
   06  0.2714286E+01  0.4403992E+01  0.1212916E-01  0.6689274E-03 -0.4730325E+00
   06  0.2809524E+01  0.4404002E+01  0.1282642E-01  0.7122921E-03 -0.4730233E+00
   06  0.2904762E+01  0.4404011E+01  0.1352685E-01  0.7565186E-03 -0.4730136E+00
   06  0.1000000E+01  0.4403900E+01 -0.1048975E-16 -0.5646345E-16 -0.4731247E+00
   06  0.1007937E+01  0.4403900E+01  0.5479208E-04  0.2743764E-05 -0.4731245E+00
   06  0.1015873E+01  0.4403901E+01  0.1095927E-03  0.5489774E-05 -0.4731244E+00
   06  0.1023810E+01  0.4403901E+01  0.1644019E-03  0.8238044E-05 -0.4731242E+00
   06  0.1031746E+01  0.4403901E+01  0.2192197E-03  0.1098859E-04 -0.4731241E+00
   06  0.1039683E+01  0.4403901E+01  0.2740462E-03  0.1374143E-04 -0.4731239E+00
   06  0.1047619E+01  0.4403901E+01  0.3288814E-03  0.1649657E-04 -0.4731238E+00
   06  0.1055556E+01  0.4403901E+01  0.3837255E-03  0.1925404E-04 -0.4731236E+00
   06  0.1063492E+01  0.4403901E+01  0.4385784E-03  0.2201384E-04 -0.4731235E+00
   06  0.1071429E+01  0.4403902E+01  0.4934401E-03  0.2477599E-04 -0.4731233E+00
   06  0.1079365E+01  0.4403902E+01  0.5483109E-03  0.2754051E-04 -0.4731231E+00
   06  0.1087302E+01  0.4403902E+01  0.6031906E-03  0.3030742E-04 -0.4731230E+00
   06  0.1095238E+01  0.4403902E+01  0.6580794E-03  0.3307672E-04 -0.4731228E+00
   06  0.1103175E+01  0.4403902E+01  0.7129773E-03  0.3584843E-04 -0.4731226E+00
   06  0.1111111E+01  0.4403902E+01  0.7678844E-03  0.3862258E-04 -0.4731225E+00
   06  0.1119048E+01  0.4403903E+01  0.8228007E-03  0.4139917E-04 -0.4731223E+00
   06  0.1126984E+01  0.4403903E+01  0.8777263E-03  0.4417821E-04 -0.4731221E+00
   06  0.1134921E+01  0.4403903E+01  0.9326612E-03  0.4695973E-04 -0.4731219E+00
   06  0.1142857E+01  0.4403903E+01  0.9876056E-03  0.4974374E-04 -0.4731218E+00
   06  0.1150794E+01  0.4403903E+01  0.1042559E-02  0.5253025E-04 -0.4731216E+00
   06  0.1158730E+01  0.4403904E+01  0.1097523E-02  0.5531929E-04 -0.4731214E+00
   06  0.1166667E+01  0.4403904E+01  0.1152495E-02  0.5811086E-04 -0.4731212E+00
   06  0.1174603E+01  0.4403904E+01  0.1207478E-02  0.6090498E-04 -0.4731210E+00
   06  0.1182540E+01  0.4403904E+01  0.1262470E-02  0.6370166E-04 -0.4731208E+00
   06  0.1190476E+01  0.4403904E+01  0.1317472E-02  0.6650092E-04 -0.4731206E+00
   06  0.1198413E+01  0.4403905E+01  0.1372483E-02  0.6930278E-04 -0.4731204E+00
   06  0.1206349E+01  0.4403905E+01  0.1427504E-02  0.7210726E-04 -0.4731202E+00
   06  0.1214286E+01  0.4403905E+01  0.1482536E-02  0.7491435E-04 -0.4731200E+00
   06  0.1238095E+01  0.4403906E+01  0.1647698E-02  0.8334471E-04 -0.4731194E+00
   06  0.1261905E+01  0.4403906E+01  0.1812952E-02  0.9179927E-04 -0.4731187E+00
   06  0.1285714E+01  0.4403907E+01  0.1978298E-02  0.1002785E-03 -0.4731181E+00
   06  0.1309524E+01  0.4403908E+01  0.2143739E-02  0.1087827E-03 -0.4731174E+00
   06  0.1333333E+01  0.4403908E+01  0.2309274E-02  0.1173123E-03 -0.4731167E+00
   06  0.1357143E+01  0.4403909E+01  0.2474907E-02  0.1258679E-03 -0.4731159E+00
   06  0.1380952E+01  0.4403910E+01  0.2640638E-02  0.1344496E-03 -0.4731152E+00
   06  0.1404762E+01  0.4403911E+01  0.2806469E-02  0.1430581E-03 -0.4731144E+00
   06  0.1428571E+01  0.4403911E+01  0.2972402E-02  0.1516937E-03 -0.4731136E+00
   06  0.1452381E+01  0.4403912E+01  0.3138438E-02  0.1603567E-03 -0.4731127E+00
   06  0.1476190E+01  0.4403913E+01  0.3304579E-02  0.1690477E-03 -0.4731119E+00
   06  0.1500000E+01  0.4403914E+01  0.3470826E-02  0.1777670E-03 -0.4731110E+00
   06  0.1523810E+01  0.4403915E+01  0.3637180E-02  0.1865150E-03 -0.4731101E+00
   06  0.1547619E+01  0.4403916E+01  0.3803644E-02  0.1952921E-03 -0.4731092E+00
   06  0.1571429E+01  0.4403917E+01  0.3970219E-02  0.2040989E-03 -0.4731082E+00
   06  0.1595238E+01  0.4403918E+01  0.4136906E-02  0.2129356E-03 -0.4731073E+00
   06  0.1619048E+01  0.4403919E+01  0.4303708E-02  0.2218027E-03 -0.4731063E+00
   06  0.1642857E+01  0.4403920E+01  0.4470625E-02  0.2307006E-03 -0.4731053E+00
   06  0.1666667E+01  0.4403921E+01  0.4637659E-02  0.2396298E-03 -0.4731042E+00
   06  0.1690476E+01  0.4403922E+01  0.4804812E-02  0.2485905E-03 -0.4731032E+00
   06  0.1714286E+01  0.4403923E+01  0.4972085E-02  0.2575834E-03 -0.4731021E+00
   06  0.1738095E+01  0.4403924E+01  0.5139480E-02  0.2666087E-03 -0.4731010E+00
   06  0.1761905E+01  0.4403925E+01  0.5306999E-02  0.2756669E-03 -0.4730998E+00
   06  0.1785714E+01  0.4403926E+01  0.5474643E-02  0.2847585E-03 -0.4730987E+00
   06  0.1809524E+01  0.4403927E+01  0.5642414E-02  0.2938838E-03 -0.4730975E+00
   06  0.1833333E+01  0.4403929E+01  0.5810313E-02  0.3030432E-03 -0.4730963E+00
   06  0.1857143E+01  0.4403930E+01  0.5978342E-02  0.3122373E-03 -0.4730951E+00
   06  0.1952381E+01  0.4403935E+01  0.6651951E-02  0.3492413E-03 -0.4730898E+00
   06  0.2047619E+01  0.4403941E+01  0.7327769E-02  0.3868354E-03 -0.4730842E+00
   06  0.2142857E+01  0.4403947E+01  0.8005902E-02  0.4250477E-03 -0.4730781E+00
   06  0.2238095E+01  0.4403953E+01  0.8686453E-02  0.4639064E-03 -0.4730716E+00
   06  0.2333333E+01  0.4403960E+01  0.9369526E-02  0.5034404E-03 -0.4730647E+00
   06  0.2428571E+01  0.4403968E+01  0.1005523E-01  0.5436791E-03 -0.4730573E+00
   06  0.2523810E+01  0.4403975E+01  0.1074366E-01  0.5846527E-03 -0.4730495E+00
   06  0.2619048E+01  0.4403984E+01  0.1143494E-01  0.6263916E-03 -0.4730412E+00
   06  0.2714286E+01  0.4403992E+01  0.1212916E-01  0.6689274E-03 -0.4730325E+00
   06  0.2809524E+01  0.4404002E+01  0.1282642E-01  0.7122921E-03 -0.4730233E+00
   06  0.2904762E+01  0.4404011E+01  0.1352685E-01  0.7565186E-03 -0.4730136E+00
   06  0.1000000E+01  0.4403900E+01 -0.1048975E-16 -0.5646345E-16 -0.4731247E+00
   06  0.1007937E+01  0.4403900E+01  0.5479208E-04  0.2743764E-05 -0.4731245E+00
   06  0.1015873E+01  0.4403901E+01  0.1095927E-03  0.5489774E-05 -0.4731244E+00
   06  0.1023810E+01  0.4403901E+01  0.1644019E-03  0.8238044E-05 -0.4731242E+00
   06  0.1031746E+01  0.4403901E+01  0.2192197E-03  0.1098859E-04 -0.4731241E+00
   06  0.1039683E+01  0.4403901E+01  0.2740462E-03  0.1374143E-04 -0.4731239E+00
   06  0.1047619E+01  0.4403901E+01  0.3288814E-03  0.1649657E-04 -0.4731238E+00
   06  0.1055556E+01  0.4403901E+01  0.3837255E-03  0.1925404E-04 -0.4731236E+00
   06  0.1063492E+01  0.4403901E+01  0.4385784E-03  0.2201384E-04 -0.4731235E+00
   06  0.1071429E+01  0.4403902E+01  0.4934401E-03  0.2477599E-04 -0.4731233E+00
   06  0.1079365E+01  0.4403902E+01  0.5483109E-03  0.2754051E-04 -0.4731231E+00
   06  0.1087302E+01  0.4403902E+01  0.6031906E-03  0.3030742E-04 -0.4731230E+00
   06  0.1095238E+01  0.4403902E+01  0.6580794E-03  0.3307672E-04 -0.4731228E+00
   06  0.1103175E+01  0.4403902E+01  0.7129773E-03  0.3584843E-04 -0.4731226E+00
   06  0.1111111E+01  0.4403902E+01  0.7678844E-03  0.3862258E-04 -0.4731225E+00
   06  0.1119048E+01  0.4403903E+01  0.8228007E-03  0.4139917E-04 -0.4731223E+00
   06  0.1126984E+01  0.4403903E+01  0.8777263E-03  0.4417821E-04 -0.4731221E+00
   06  0.1134921E+01  0.4403903E+01  0.9326612E-03  0.4695973E-04 -0.4731219E+00
   06  0.1142857E+01  0.4403903E+01  0.9876056E-03  0.4974374E-04 -0.4731218E+00
   06  0.1150794E+01  0.4403903E+01  0.1042559E-02  0.5253025E-04 -0.4731216E+00
   06  0.1158730E+01  0.4403904E+01  0.1097523E-02  0.5531929E-04 -0.4731214E+00
   06  0.1166667E+01  0.4403904E+01  0.1152495E-02  0.5811086E-04 -0.4731212E+00
   06  0.1174603E+01  0.4403904E+01  0.1207478E-02  0.6090498E-04 -0.4731210E+00
   06  0.1182540E+01  0.4403904E+01  0.1262470E-02  0.6370166E-04 -0.4731208E+00
   06  0.1190476E+01  0.4403904E+01  0.1317472E-02  0.6650092E-04 -0.4731206E+00
   06  0.1198413E+01  0.4403905E+01  0.1372483E-02  0.6930278E-04 -0.4731204E+00
   06  0.1206349E+01  0.4403905E+01  0.1427504E-02  0.7210726E-04 -0.4731202E+00
   06  0.1214286E+01  0.4403905E+01  0.1482536E-02  0.7491435E-04 -0.4731200E+00
   06  0.1238095E+01  0.4403906E+01  0.1647698E-02  0.8334471E-04 -0.4731194E+00
   06  0.1261905E+01  0.4403906E+01  0.1812952E-02  0.9179927E-04 -0.4731187E+00
   06  0.1285714E+01  0.4403907E+01  0.1978298E-02  0.1002785E-03 -0.4731181E+00
   06  0.1309524E+01  0.4403908E+01  0.2143739E-02  0.1087827E-03 -0.4731174E+00
   06  0.1333333E+01  0.4403908E+01  0.2309274E-02  0.1173123E-03 -0.4731167E+00
   06  0.1357143E+01  0.4403909E+01  0.2474907E-02  0.1258679E-03 -0.4731159E+00
   06  0.1380952E+01  0.4403910E+01  0.2640638E-02  0.1344496E-03 -0.4731152E+00
   06  0.1404762E+01  0.4403911E+01  0.2806469E-02  0.1430581E-03 -0.4731144E+00
   06  0.1428571E+01  0.4403911E+01  0.2972402E-02  0.1516937E-03 -0.4731136E+00
   06  0.1452381E+01  0.4403912E+01  0.3138438E-02  0.1603567E-03 -0.4731127E+00
   06  0.1476190E+01  0.4403913E+01  0.3304579E-02  0.1690477E-03 -0.4731119E+00
   06  0.1500000E+01  0.4403914E+01  0.3470826E-02  0.1777670E-03 -0.4731110E+00
   06  0.1523810E+01  0.4403915E+01  0.3637180E-02  0.1865150E-03 -0.4731101E+00
   06  0.1547619E+01  0.4403916E+01  0.3803644E-02  0.1952921E-03 -0.4731092E+00
   06  0.1571429E+01  0.4403917E+01  0.3970219E-02  0.2040989E-03 -0.4731082E+00
   06  0.1595238E+01  0.4403918E+01  0.4136906E-02  0.2129356E-03 -0.4731073E+00
   06  0.1619048E+01  0.4403919E+01  0.4303708E-02  0.2218027E-03 -0.4731063E+00
   06  0.1642857E+01  0.4403920E+01  0.4470625E-02  0.2307006E-03 -0.4731053E+00
   06  0.1666667E+01  0.4403921E+01  0.4637659E-02  0.2396298E-03 -0.4731042E+00
   06  0.1690476E+01  0.4403922E+01  0.4804812E-02  0.2485905E-03 -0.4731032E+00
   06  0.1714286E+01  0.4403923E+01  0.4972085E-02  0.2575834E-03 -0.4731021E+00
   06  0.1738095E+01  0.4403924E+01  0.5139480E-02  0.2666087E-03 -0.4731010E+00
   06  0.1761905E+01  0.4403925E+01  0.5306999E-02  0.2756669E-03 -0.4730998E+00
   06  0.1785714E+01  0.4403926E+01  0.5474643E-02  0.2847585E-03 -0.4730987E+00
   06  0.1809524E+01  0.4403927E+01  0.5642414E-02  0.2938838E-03 -0.4730975E+00
   06  0.1833333E+01  0.4403929E+01  0.5810313E-02  0.3030432E-03 -0.4730963E+00
   06  0.1857143E+01  0.4403930E+01  0.5978342E-02  0.3122373E-03 -0.4730951E+00
   06  0.1952381E+01  0.4403935E+01  0.6651951E-02  0.3492413E-03 -0.4730898E+00
   06  0.2047619E+01  0.4403941E+01  0.7327769E-02  0.3868354E-03 -0.4730842E+00
   06  0.2142857E+01  0.4403947E+01  0.8005902E-02  0.4250477E-03 -0.4730781E+00
   06  0.2238095E+01  0.4403953E+01  0.8686453E-02  0.4639064E-03 -0.4730716E+00
   06  0.2333333E+01  0.4403960E+01  0.9369526E-02  0.5034404E-03 -0.4730647E+00
   06  0.2428571E+01  0.4403968E+01  0.1005523E-01  0.5436791E-03 -0.4730573E+00
   06  0.2523810E+01  0.4403975E+01  0.1074366E-01  0.5846527E-03 -0.4730495E+00
   06  0.2619048E+01  0.4403984E+01  0.1143494E-01  0.6263916E-03 -0.4730412E+00
   06  0.2714286E+01  0.4403992E+01  0.1212916E-01  0.6689274E-03 -0.4730325E+00
   06  0.2809524E+01  0.4404002E+01  0.1282642E-01  0.7122921E-03 -0.4730233E+00
   06  0.2904762E+01  0.4404011E+01  0.1352685E-01  0.7565186E-03 -0.4730136E+00
   06  0.1000000E+01  0.4403900E+01 -0.1048975E-16 -0.5646345E-16 -0.4731247E+00
   06  0.1007937E+01  0.4403900E+01  0.5479208E-04  0.2743764E-05 -0.4731245E+00
   06  0.1015873E+01  0.4403901E+01  0.1095927E-03  0.5489774E-05 -0.4731244E+00
   06  0.1023810E+01  0.4403901E+01  0.1644019E-03  0.8238044E-05 -0.4731242E+00
   06  0.1031746E+01  0.4403901E+01  0.2192197E-03  0.1098859E-04 -0.4731241E+00
   06  0.1039683E+01  0.4403901E+01  0.2740462E-03  0.1374143E-04 -0.4731239E+00
   06  0.1047619E+01  0.4403901E+01  0.3288814E-03  0.1649657E-04 -0.4731238E+00
   06  0.1055556E+01  0.4403901E+01  0.3837255E-03  0.1925404E-04 -0.4731236E+00
   06  0.1063492E+01  0.4403901E+01  0.4385784E-03  0.2201384E-04 -0.4731235E+00
   06  0.1071429E+01  0.4403902E+01  0.4934401E-03  0.2477599E-04 -0.4731233E+00
   06  0.1079365E+01  0.4403902E+01  0.5483109E-03  0.2754051E-04 -0.4731231E+00
   06  0.1087302E+01  0.4403902E+01  0.6031906E-03  0.3030742E-04 -0.4731230E+00
   06  0.1095238E+01  0.4403902E+01  0.6580794E-03  0.3307672E-04 -0.4731228E+00
   06  0.1103175E+01  0.4403902E+01  0.7129773E-03  0.3584843E-04 -0.4731226E+00
   06  0.1111111E+01  0.4403902E+01  0.7678844E-03  0.3862258E-04 -0.4731225E+00
   06  0.1119048E+01  0.4403903E+01  0.8228007E-03  0.4139917E-04 -0.4731223E+00
   06  0.1126984E+01  0.4403903E+01  0.8777263E-03  0.4417821E-04 -0.4731221E+00
   06  0.1134921E+01  0.4403903E+01  0.9326612E-03  0.4695973E-04 -0.4731219E+00
   06  0.1142857E+01  0.4403903E+01  0.9876056E-03  0.4974374E-04 -0.4731218E+00
   06  0.1150794E+01  0.4403903E+01  0.1042559E-02  0.5253025E-04 -0.4731216E+00
   06  0.1158730E+01  0.4403904E+01  0.1097523E-02  0.5531929E-04 -0.4731214E+00
   06  0.1166667E+01  0.4403904E+01  0.1152495E-02  0.5811086E-04 -0.4731212E+00
   06  0.1174603E+01  0.4403904E+01  0.1207478E-02  0.6090498E-04 -0.4731210E+00
   06  0.1182540E+01  0.4403904E+01  0.1262470E-02  0.6370166E-04 -0.4731208E+00
   06  0.1190476E+01  0.4403904E+01  0.1317472E-02  0.6650092E-04 -0.4731206E+00
   06  0.1198413E+01  0.4403905E+01  0.1372483E-02  0.6930278E-04 -0.4731204E+00
   06  0.1206349E+01  0.4403905E+01  0.1427504E-02  0.7210726E-04 -0.4731202E+00
   06  0.1214286E+01  0.4403905E+01  0.1482536E-02  0.7491435E-04 -0.4731200E+00
   06  0.1238095E+01  0.4403906E+01  0.1647698E-02  0.8334471E-04 -0.4731194E+00
   06  0.1261905E+01  0.4403906E+01  0.1812952E-02  0.9179927E-04 -0.4731187E+00
   06  0.1285714E+01  0.4403907E+01  0.1978298E-02  0.1002785E-03 -0.4731181E+00
   06  0.1309524E+01  0.4403908E+01  0.2143739E-02  0.1087827E-03 -0.4731174E+00
   06  0.1333333E+01  0.4403908E+01  0.2309274E-02  0.1173123E-03 -0.4731167E+00
   06  0.1357143E+01  0.4403909E+01  0.2474907E-02  0.1258679E-03 -0.4731159E+00
   06  0.1380952E+01  0.4403910E+01  0.2640638E-02  0.1344496E-03 -0.4731152E+00
   06  0.1404762E+01  0.4403911E+01  0.2806469E-02  0.1430581E-03 -0.4731144E+00
   06  0.1428571E+01  0.4403911E+01  0.2972402E-02  0.1516937E-03 -0.4731136E+00
   06  0.1452381E+01  0.4403912E+01  0.3138438E-02  0.1603567E-03 -0.4731127E+00
   06  0.1476190E+01  0.4403913E+01  0.3304579E-02  0.1690477E-03 -0.4731119E+00
   06  0.1500000E+01  0.4403914E+01  0.3470826E-02  0.1777670E-03 -0.4731110E+00
   06  0.1523810E+01  0.4403915E+01  0.3637180E-02  0.1865150E-03 -0.4731101E+00
   06  0.1547619E+01  0.4403916E+01  0.3803644E-02  0.1952921E-03 -0.4731092E+00
   06  0.1571429E+01  0.4403917E+01  0.3970219E-02  0.2040989E-03 -0.4731082E+00
   06  0.1595238E+01  0.4403918E+01  0.4136906E-02  0.2129356E-03 -0.4731073E+00
   06  0.1619048E+01  0.4403919E+01  0.4303708E-02  0.2218027E-03 -0.4731063E+00
   06  0.1642857E+01  0.4403920E+01  0.4470625E-02  0.2307006E-03 -0.4731053E+00
   06  0.1666667E+01  0.4403921E+01  0.4637659E-02  0.2396298E-03 -0.4731042E+00
   06  0.1690476E+01  0.4403922E+01  0.4804812E-02  0.2485905E-03 -0.4731032E+00
   06  0.1714286E+01  0.4403923E+01  0.4972085E-02  0.2575834E-03 -0.4731021E+00
   06  0.1738095E+01  0.4403924E+01  0.5139480E-02  0.2666087E-03 -0.4731010E+00
   06  0.1761905E+01  0.4403925E+01  0.5306999E-02  0.2756669E-03 -0.4730998E+00
   06  0.1785714E+01  0.4403926E+01  0.5474643E-02  0.2847585E-03 -0.4730987E+00
   06  0.1809524E+01  0.4403927E+01  0.5642414E-02  0.2938838E-03 -0.4730975E+00
   06  0.1833333E+01  0.4403929E+01  0.5810313E-02  0.3030432E-03 -0.4730963E+00
   06  0.1857143E+01  0.4403930E+01  0.5978342E-02  0.3122373E-03 -0.4730951E+00
   06  0.1952381E+01  0.4403935E+01  0.6651951E-02  0.3492413E-03 -0.4730898E+00
   06  0.2047619E+01  0.4403941E+01  0.7327769E-02  0.3868354E-03 -0.4730842E+00
   06  0.2142857E+01  0.4403947E+01  0.8005902E-02  0.4250477E-03 -0.4730781E+00
   06  0.2238095E+01  0.4403953E+01  0.8686453E-02  0.4639064E-03 -0.4730716E+00
   06  0.2333333E+01  0.4403960E+01  0.9369526E-02  0.5034404E-03 -0.4730647E+00
   06  0.2428571E+01  0.4403968E+01  0.1005523E-01  0.5436791E-03 -0.4730573E+00
   06  0.2523810E+01  0.4403975E+01  0.1074366E-01  0.5846527E-03 -0.4730495E+00
   06  0.2619048E+01  0.4403984E+01  0.1143494E-01  0.6263916E-03 -0.4730412E+00
   06  0.2714286E+01  0.4403992E+01  0.1212916E-01  0.6689274E-03 -0.4730325E+00
   06  0.2809524E+01  0.4404002E+01  0.1282642E-01  0.7122921E-03 -0.4730233E+00
   06  0.2904762E+01  0.4404011E+01  0.1352685E-01  0.7565186E-03 -0.4730136E+00
