# gauge_id= 305 location=( -0.1241963333E+03  0.4175583333E+02 ) num_var=  4
# Stationary gauge
# level, time, q[  1  2  3], eta, aux[]
# file format ascii, time series follow in this file
   06  0.0000000E+00  0.6066836E+01  0.0000000E+00  0.0000000E+00  0.0000000E+00
   06  0.0000000E+00  0.6066836E+01  0.0000000E+00  0.0000000E+00  0.0000000E+00
   06  0.0000000E+00  0.6066836E+01  0.0000000E+00  0.0000000E+00  0.0000000E+00
   06  0.0000000E+00  0.6066836E+01  0.0000000E+00  0.0000000E+00  0.0000000E+00
   06  0.0000000E+00  0.6066836E+01  0.0000000E+00  0.0000000E+00  0.0000000E+00
   06  0.1000000E+01  0.6066836E+01  0.1575464E-15 -0.4112918E-15 -0.5754663E+00
   06  0.1007937E+01  0.6066836E+01  0.7457598E-04  0.3813203E-05 -0.5754663E+00
   06  0.1015873E+01  0.6066836E+01  0.1491523E-03  0.7626239E-05 -0.5754663E+00
   06  0.1023810E+01  0.6066836E+01  0.2237288E-03  0.1143910E-04 -0.5754663E+00
   06  0.1031746E+01  0.6066836E+01  0.2983057E-03  0.1525179E-04 -0.5754663E+00
   06  0.1039683E+01  0.6066836E+01  0.3728828E-03  0.1906430E-04 -0.5754663E+00
   06  0.1047619E+01  0.6066836E+01  0.4474603E-03  0.2287662E-04 -0.5754663E+00
   06  0.1055556E+01  0.6066836E+01  0.5220380E-03  0.2668875E-04 -0.5754663E+00
   06  0.1063492E+01  0.6066836E+01  0.5966160E-03  0.3050069E-04 -0.5754663E+00
   06  0.1071429E+01  0.6066836E+01  0.6711942E-03  0.3431243E-04 -0.5754662E+00
   06  0.1079365E+01  0.6066836E+01  0.7457728E-03  0.3812397E-04 -0.5754662E+00
   06  0.1087302E+01  0.6066836E+01  0.8203516E-03  0.4193530E-04 -0.5754662E+00
   06  0.1095238E+01  0.6066836E+01  0.8949307E-03  0.4574642E-04 -0.5754662E+00
   06  0.1103175E+01  0.6066836E+01  0.9695100E-03  0.4955732E-04 -0.5754662E+00
   06  0.1111111E+01  0.6066836E+01  0.1044090E-02  0.5336801E-04 -0.5754662E+00
   06  0.1119048E+01  0.6066836E+01  0.1118669E-02  0.5717847E-04 -0.5754662E+00
   06  0.1126984E+01  0.6066836E+01  0.1193250E-02  0.6098870E-04 -0.5754662E+00
   06  0.1134921E+01  0.6066837E+01  0.1267830E-02  0.6479869E-04 -0.5754661E+00
   06  0.1142857E+01  0.6066837E+01  0.1342410E-02  0.6860845E-04 -0.5754661E+00
   06  0.1150794E+01  0.6066837E+01  0.1416991E-02  0.7241797E-04 -0.5754661E+00
   06  0.1158730E+01  0.6066837E+01  0.1491572E-02  0.7622724E-04 -0.5754661E+00
   06  0.1166667E+01  0.6066837E+01  0.1566154E-02  0.8003626E-04 -0.5754661E+00
   06  0.1174603E+01  0.6066837E+01  0.1640735E-02  0.8384503E-04 -0.5754660E+00
   06  0.1182540E+01  0.6066837E+01  0.1715317E-02  0.8765354E-04 -0.5754660E+00
   06  0.1190476E+01  0.6066837E+01  0.1789899E-02  0.9146178E-04 -0.5754660E+00
   06  0.1198413E+01  0.6066837E+01  0.1864481E-02  0.9526976E-04 -0.5754660E+00
   06  0.1206349E+01  0.6066837E+01  0.1939063E-02  0.9907746E-04 -0.5754659E+00
   06  0.1214286E+01  0.6066837E+01  0.2013646E-02  0.1028849E-03 -0.5754659E+00
   06  0.1238095E+01  0.6066837E+01  0.2237394E-02  0.1143065E-03 -0.5754658E+00
   06  0.1261905E+01  0.6066837E+01  0.2461143E-02  0.1257256E-03 -0.5754657E+00
   06  0.1285714E+01  0.6066837E+01  0.2684894E-02  0.1371418E-03 -0.5754656E+00
   06  0.1309524E+01  0.6066837E+01  0.2908647E-02  0.1485552E-03 -0.5754655E+00
   06  0.1333333E+01  0.6066837E+01  0.3132401E-02  0.1599656E-03 -0.5754653E+00
   06  0.1357143E+01  0.6066838E+01  0.3356156E-02  0.1713729E-03 -0.5754652E+00
   06  0.1380952E+01  0.6066838E+01  0.3579913E-02  0.1827769E-03 -0.5754650E+00
   06  0.1404762E+01  0.6066838E+01  0.3803671E-02  0.1941777E-03 -0.5754648E+00
   06  0.1428571E+01  0.6066838E+01  0.4027430E-02  0.2055750E-03 -0.5754646E+00
   06  0.1452381E+01  0.6066838E+01  0.4251190E-02  0.2169688E-03 -0.5754644E+00
   06  0.1476190E+01  0.6066838E+01  0.4474951E-02  0.2283589E-03 -0.5754642E+00
   06  0.1500000E+01  0.6066839E+01  0.4698712E-02  0.2397452E-03 -0.5754640E+00
   06  0.1523810E+01  0.6066839E+01  0.4922475E-02  0.2511277E-03 -0.5754637E+00
   06  0.1547619E+01  0.6066839E+01  0.5146237E-02  0.2625062E-03 -0.5754635E+00
   06  0.1571429E+01  0.6066839E+01  0.5370001E-02  0.2738806E-03 -0.5754632E+00
   06  0.1595238E+01  0.6066840E+01  0.5593764E-02  0.2852508E-03 -0.5754629E+00
   06  0.1619048E+01  0.6066840E+01  0.5817528E-02  0.2966167E-03 -0.5754627E+00
   06  0.1642857E+01  0.6066840E+01  0.6041292E-02  0.3079782E-03 -0.5754624E+00
   06  0.1666667E+01  0.6066841E+01  0.6265055E-02  0.3193351E-03 -0.5754621E+00
   06  0.1690476E+01  0.6066841E+01  0.6488819E-02  0.3306875E-03 -0.5754617E+00
   06  0.1714286E+01  0.6066841E+01  0.6712582E-02  0.3420351E-03 -0.5754614E+00
   06  0.1738095E+01  0.6066842E+01  0.6936345E-02  0.3533779E-03 -0.5754611E+00
   06  0.1761905E+01  0.6066842E+01  0.7160108E-02  0.3647158E-03 -0.5754607E+00
   06  0.1785714E+01  0.6066842E+01  0.7383870E-02  0.3760487E-03 -0.5754603E+00
   06  0.1809524E+01  0.6066843E+01  0.7607631E-02  0.3873764E-03 -0.5754599E+00
   06  0.1833333E+01  0.6066843E+01  0.7831392E-02  0.3986988E-03 -0.5754596E+00
   06  0.1857143E+01  0.6066844E+01  0.8055152E-02  0.4100160E-03 -0.5754591E+00
   06  0.1952381E+01  0.6066845E+01  0.8950160E-02  0.4552363E-03 -0.5754574E+00
   06  0.2047619E+01  0.6066847E+01  0.9845147E-02  0.5003626E-03 -0.5754555E+00
   06  0.2142857E+01  0.6066849E+01  0.1074010E-01  0.5453886E-03 -0.5754533E+00
   06  0.2238095E+01  0.6066852E+01  0.1163502E-01  0.5903085E-03 -0.5754510E+00
   06  0.2333333E+01  0.6066854E+01  0.1252990E-01  0.6351163E-03 -0.5754485E+00
   06  0.2428571E+01  0.6066857E+01  0.1342472E-01  0.6798065E-03 -0.5754458E+00
   06  0.2523810E+01  0.6066860E+01  0.1431948E-01  0.7243735E-03 -0.5754429E+00
   06  0.2619048E+01  0.6066863E+01  0.1521417E-01  0.7688121E-03 -0.5754398E+00
   06  0.2714286E+01  0.6066866E+01  0.1610878E-01  0.8131172E-03 -0.5754365E+00
   06  0.2809524E+01  0.6066870E+01  0.1700330E-01  0.8572837E-03 -0.5754330E+00
   06  0.2904762E+01  0.6066873E+01  0.1789773E-01  0.9013070E-03 -0.5754293E+00
   06  0.1000000E+01  0.6066836E+01  0.1575464E-15 -0.4112918E-15 -0.5754663E+00
   06  0.1007937E+01  0.6066836E+01  0.7457598E-04  0.3813203E-05 -0.5754663E+00
   06  0.1015873E+01  0.6066836E+01  0.1491523E-03  0.7626239E-05 -0.5754663E+00
   06  0.1023810E+01  0.6066836E+01  0.2237288E-03  0.1143910E-04 -0.5754663E+00
   06  0.1031746E+01  0.6066836E+01  0.2983057E-03  0.1525179E-04 -0.5754663E+00
   06  0.1039683E+01  0.6066836E+01  0.3728828E-03  0.1906430E-04 -0.5754663E+00
   06  0.1047619E+01  0.6066836E+01  0.4474603E-03  0.2287662E-04 -0.5754663E+00
   06  0.1055556E+01  0.6066836E+01  0.5220380E-03  0.2668875E-04 -0.5754663E+00
   06  0.1063492E+01  0.6066836E+01  0.5966160E-03  0.3050069E-04 -0.5754663E+00
   06  0.1071429E+01  0.6066836E+01  0.6711942E-03  0.3431243E-04 -0.5754662E+00
   06  0.1079365E+01  0.6066836E+01  0.7457728E-03  0.3812397E-04 -0.5754662E+00
   06  0.1087302E+01  0.6066836E+01  0.8203516E-03  0.4193530E-04 -0.5754662E+00
   06  0.1095238E+01  0.6066836E+01  0.8949307E-03  0.4574642E-04 -0.5754662E+00
   06  0.1103175E+01  0.6066836E+01  0.9695100E-03  0.4955732E-04 -0.5754662E+00
   06  0.1111111E+01  0.6066836E+01  0.1044090E-02  0.5336801E-04 -0.5754662E+00
   06  0.1119048E+01  0.6066836E+01  0.1118669E-02  0.5717847E-04 -0.5754662E+00
   06  0.1126984E+01  0.6066836E+01  0.1193250E-02  0.6098870E-04 -0.5754662E+00
   06  0.1134921E+01  0.6066837E+01  0.1267830E-02  0.6479869E-04 -0.5754661E+00
   06  0.1142857E+01  0.6066837E+01  0.1342410E-02  0.6860845E-04 -0.5754661E+00
   06  0.1150794E+01  0.6066837E+01  0.1416991E-02  0.7241797E-04 -0.5754661E+00
   06  0.1158730E+01  0.6066837E+01  0.1491572E-02  0.7622724E-04 -0.5754661E+00
   06  0.1166667E+01  0.6066837E+01  0.1566154E-02  0.8003626E-04 -0.5754661E+00
   06  0.1174603E+01  0.6066837E+01  0.1640735E-02  0.8384503E-04 -0.5754660E+00
   06  0.1182540E+01  0.6066837E+01  0.1715317E-02  0.8765354E-04 -0.5754660E+00
   06  0.1190476E+01  0.6066837E+01  0.1789899E-02  0.9146178E-04 -0.5754660E+00
   06  0.1198413E+01  0.6066837E+01  0.1864481E-02  0.9526976E-04 -0.5754660E+00
   06  0.1206349E+01  0.6066837E+01  0.1939063E-02  0.9907746E-04 -0.5754659E+00
   06  0.1214286E+01  0.6066837E+01  0.2013646E-02  0.1028849E-03 -0.5754659E+00
   06  0.1238095E+01  0.6066837E+01  0.2237394E-02  0.1143065E-03 -0.5754658E+00
   06  0.1261905E+01  0.6066837E+01  0.2461143E-02  0.1257256E-03 -0.5754657E+00
   06  0.1285714E+01  0.6066837E+01  0.2684894E-02  0.1371418E-03 -0.5754656E+00
   06  0.1309524E+01  0.6066837E+01  0.2908647E-02  0.1485552E-03 -0.5754655E+00
   06  0.1333333E+01  0.6066837E+01  0.3132401E-02  0.1599656E-03 -0.5754653E+00
   06  0.1357143E+01  0.6066838E+01  0.3356156E-02  0.1713729E-03 -0.5754652E+00
   06  0.1380952E+01  0.6066838E+01  0.3579913E-02  0.1827769E-03 -0.5754650E+00
   06  0.1404762E+01  0.6066838E+01  0.3803671E-02  0.1941777E-03 -0.5754648E+00
   06  0.1428571E+01  0.6066838E+01  0.4027430E-02  0.2055750E-03 -0.5754646E+00
   06  0.1452381E+01  0.6066838E+01  0.4251190E-02  0.2169688E-03 -0.5754644E+00
   06  0.1476190E+01  0.6066838E+01  0.4474951E-02  0.2283589E-03 -0.5754642E+00
   06  0.1500000E+01  0.6066839E+01  0.4698712E-02  0.2397452E-03 -0.5754640E+00
   06  0.1523810E+01  0.6066839E+01  0.4922475E-02  0.2511277E-03 -0.5754637E+00
   06  0.1547619E+01  0.6066839E+01  0.5146237E-02  0.2625062E-03 -0.5754635E+00
   06  0.1571429E+01  0.6066839E+01  0.5370001E-02  0.2738806E-03 -0.5754632E+00
   06  0.1595238E+01  0.6066840E+01  0.5593764E-02  0.2852508E-03 -0.5754629E+00
   06  0.1619048E+01  0.6066840E+01  0.5817528E-02  0.2966167E-03 -0.5754627E+00
   06  0.1642857E+01  0.6066840E+01  0.6041292E-02  0.3079782E-03 -0.5754624E+00
   06  0.1666667E+01  0.6066841E+01  0.6265055E-02  0.3193351E-03 -0.5754621E+00
   06  0.1690476E+01  0.6066841E+01  0.6488819E-02  0.3306875E-03 -0.5754617E+00
   06  0.1714286E+01  0.6066841E+01  0.6712582E-02  0.3420351E-03 -0.5754614E+00
   06  0.1738095E+01  0.6066842E+01  0.6936345E-02  0.3533779E-03 -0.5754611E+00
   06  0.1761905E+01  0.6066842E+01  0.7160108E-02  0.3647158E-03 -0.5754607E+00
   06  0.1785714E+01  0.6066842E+01  0.7383870E-02  0.3760487E-03 -0.5754603E+00
   06  0.1809524E+01  0.6066843E+01  0.7607631E-02  0.3873764E-03 -0.5754599E+00
   06  0.1833333E+01  0.6066843E+01  0.7831392E-02  0.3986988E-03 -0.5754596E+00
   06  0.1857143E+01  0.6066844E+01  0.8055152E-02  0.4100160E-03 -0.5754591E+00
   06  0.1952381E+01  0.6066845E+01  0.8950160E-02  0.4552363E-03 -0.5754574E+00
   06  0.2047619E+01  0.6066847E+01  0.9845147E-02  0.5003626E-03 -0.5754555E+00
   06  0.2142857E+01  0.6066849E+01  0.1074010E-01  0.5453886E-03 -0.5754533E+00
   06  0.2238095E+01  0.6066852E+01  0.1163502E-01  0.5903085E-03 -0.5754510E+00
   06  0.2333333E+01  0.6066854E+01  0.1252990E-01  0.6351163E-03 -0.5754485E+00
   06  0.2428571E+01  0.6066857E+01  0.1342472E-01  0.6798065E-03 -0.5754458E+00
   06  0.2523810E+01  0.6066860E+01  0.1431948E-01  0.7243735E-03 -0.5754429E+00
   06  0.2619048E+01  0.6066863E+01  0.1521417E-01  0.7688121E-03 -0.5754398E+00
   06  0.2714286E+01  0.6066866E+01  0.1610878E-01  0.8131172E-03 -0.5754365E+00
   06  0.2809524E+01  0.6066870E+01  0.1700330E-01  0.8572837E-03 -0.5754330E+00
   06  0.2904762E+01  0.6066873E+01  0.1789773E-01  0.9013070E-03 -0.5754293E+00
   06  0.1000000E+01  0.6066836E+01  0.1575464E-15 -0.4112918E-15 -0.5754663E+00
   06  0.1007937E+01  0.6066836E+01  0.7457598E-04  0.3813203E-05 -0.5754663E+00
   06  0.1015873E+01  0.6066836E+01  0.1491523E-03  0.7626239E-05 -0.5754663E+00
   06  0.1023810E+01  0.6066836E+01  0.2237288E-03  0.1143910E-04 -0.5754663E+00
   06  0.1031746E+01  0.6066836E+01  0.2983057E-03  0.1525179E-04 -0.5754663E+00
   06  0.1039683E+01  0.6066836E+01  0.3728828E-03  0.1906430E-04 -0.5754663E+00
   06  0.1047619E+01  0.6066836E+01  0.4474603E-03  0.2287662E-04 -0.5754663E+00
   06  0.1055556E+01  0.6066836E+01  0.5220380E-03  0.2668875E-04 -0.5754663E+00
   06  0.1063492E+01  0.6066836E+01  0.5966160E-03  0.3050069E-04 -0.5754663E+00
   06  0.1071429E+01  0.6066836E+01  0.6711942E-03  0.3431243E-04 -0.5754662E+00
   06  0.1079365E+01  0.6066836E+01  0.7457728E-03  0.3812397E-04 -0.5754662E+00
   06  0.1087302E+01  0.6066836E+01  0.8203516E-03  0.4193530E-04 -0.5754662E+00
   06  0.1095238E+01  0.6066836E+01  0.8949307E-03  0.4574642E-04 -0.5754662E+00
   06  0.1103175E+01  0.6066836E+01  0.9695100E-03  0.4955732E-04 -0.5754662E+00
   06  0.1111111E+01  0.6066836E+01  0.1044090E-02  0.5336801E-04 -0.5754662E+00
   06  0.1119048E+01  0.6066836E+01  0.1118669E-02  0.5717847E-04 -0.5754662E+00
   06  0.1126984E+01  0.6066836E+01  0.1193250E-02  0.6098870E-04 -0.5754662E+00
   06  0.1134921E+01  0.6066837E+01  0.1267830E-02  0.6479869E-04 -0.5754661E+00
   06  0.1142857E+01  0.6066837E+01  0.1342410E-02  0.6860845E-04 -0.5754661E+00
   06  0.1150794E+01  0.6066837E+01  0.1416991E-02  0.7241797E-04 -0.5754661E+00
   06  0.1158730E+01  0.6066837E+01  0.1491572E-02  0.7622724E-04 -0.5754661E+00
   06  0.1166667E+01  0.6066837E+01  0.1566154E-02  0.8003626E-04 -0.5754661E+00
   06  0.1174603E+01  0.6066837E+01  0.1640735E-02  0.8384503E-04 -0.5754660E+00
   06  0.1182540E+01  0.6066837E+01  0.1715317E-02  0.8765354E-04 -0.5754660E+00
   06  0.1190476E+01  0.6066837E+01  0.1789899E-02  0.9146178E-04 -0.5754660E+00
   06  0.1198413E+01  0.6066837E+01  0.1864481E-02  0.9526976E-04 -0.5754660E+00
   06  0.1206349E+01  0.6066837E+01  0.1939063E-02  0.9907746E-04 -0.5754659E+00
   06  0.1214286E+01  0.6066837E+01  0.2013646E-02  0.1028849E-03 -0.5754659E+00
   06  0.1238095E+01  0.6066837E+01  0.2237394E-02  0.1143065E-03 -0.5754658E+00
   06  0.1261905E+01  0.6066837E+01  0.2461143E-02  0.1257256E-03 -0.5754657E+00
   06  0.1285714E+01  0.6066837E+01  0.2684894E-02  0.1371418E-03 -0.5754656E+00
   06  0.1309524E+01  0.6066837E+01  0.2908647E-02  0.1485552E-03 -0.5754655E+00
   06  0.1333333E+01  0.6066837E+01  0.3132401E-02  0.1599656E-03 -0.5754653E+00
   06  0.1357143E+01  0.6066838E+01  0.3356156E-02  0.1713729E-03 -0.5754652E+00
   06  0.1380952E+01  0.6066838E+01  0.3579913E-02  0.1827769E-03 -0.5754650E+00
   06  0.1404762E+01  0.6066838E+01  0.3803671E-02  0.1941777E-03 -0.5754648E+00
   06  0.1428571E+01  0.6066838E+01  0.4027430E-02  0.2055750E-03 -0.5754646E+00
   06  0.1452381E+01  0.6066838E+01  0.4251190E-02  0.2169688E-03 -0.5754644E+00
   06  0.1476190E+01  0.6066838E+01  0.4474951E-02  0.2283589E-03 -0.5754642E+00
   06  0.1500000E+01  0.6066839E+01  0.4698712E-02  0.2397452E-03 -0.5754640E+00
   06  0.1523810E+01  0.6066839E+01  0.4922475E-02  0.2511277E-03 -0.5754637E+00
   06  0.1547619E+01  0.6066839E+01  0.5146237E-02  0.2625062E-03 -0.5754635E+00
   06  0.1571429E+01  0.6066839E+01  0.5370001E-02  0.2738806E-03 -0.5754632E+00
   06  0.1595238E+01  0.6066840E+01  0.5593764E-02  0.2852508E-03 -0.5754629E+00
   06  0.1619048E+01  0.6066840E+01  0.5817528E-02  0.2966167E-03 -0.5754627E+00
   06  0.1642857E+01  0.6066840E+01  0.6041292E-02  0.3079782E-03 -0.5754624E+00
   06  0.1666667E+01  0.6066841E+01  0.6265055E-02  0.3193351E-03 -0.5754621E+00
   06  0.1690476E+01  0.6066841E+01  0.6488819E-02  0.3306875E-03 -0.5754617E+00
   06  0.1714286E+01  0.6066841E+01  0.6712582E-02  0.3420351E-03 -0.5754614E+00
   06  0.1738095E+01  0.6066842E+01  0.6936345E-02  0.3533779E-03 -0.5754611E+00
   06  0.1761905E+01  0.6066842E+01  0.7160108E-02  0.3647158E-03 -0.5754607E+00
   06  0.1785714E+01  0.6066842E+01  0.7383870E-02  0.3760487E-03 -0.5754603E+00
   06  0.1809524E+01  0.6066843E+01  0.7607631E-02  0.3873764E-03 -0.5754599E+00
   06  0.1833333E+01  0.6066843E+01  0.7831392E-02  0.3986988E-03 -0.5754596E+00
   06  0.1857143E+01  0.6066844E+01  0.8055152E-02  0.4100160E-03 -0.5754591E+00
   06  0.1952381E+01  0.6066845E+01  0.8950160E-02  0.4552363E-03 -0.5754574E+00
   06  0.2047619E+01  0.6066847E+01  0.9845147E-02  0.5003626E-03 -0.5754555E+00
   06  0.2142857E+01  0.6066849E+01  0.1074010E-01  0.5453886E-03 -0.5754533E+00
   06  0.2238095E+01  0.6066852E+01  0.1163502E-01  0.5903085E-03 -0.5754510E+00
   06  0.2333333E+01  0.6066854E+01  0.1252990E-01  0.6351163E-03 -0.5754485E+00
   06  0.2428571E+01  0.6066857E+01  0.1342472E-01  0.6798065E-03 -0.5754458E+00
   06  0.2523810E+01  0.6066860E+01  0.1431948E-01  0.7243735E-03 -0.5754429E+00
   06  0.2619048E+01  0.6066863E+01  0.1521417E-01  0.7688121E-03 -0.5754398E+00
   06  0.2714286E+01  0.6066866E+01  0.1610878E-01  0.8131172E-03 -0.5754365E+00
   06  0.2809524E+01  0.6066870E+01  0.1700330E-01  0.8572837E-03 -0.5754330E+00
   06  0.2904762E+01  0.6066873E+01  0.1789773E-01  0.9013070E-03 -0.5754293E+00
   06  0.1000000E+01  0.6066836E+01  0.1575464E-15 -0.4112918E-15 -0.5754663E+00
   06  0.1007937E+01  0.6066836E+01  0.7457598E-04  0.3813203E-05 -0.5754663E+00
   06  0.1015873E+01  0.6066836E+01  0.1491523E-03  0.7626239E-05 -0.5754663E+00
   06  0.1023810E+01  0.6066836E+01  0.2237288E-03  0.1143910E-04 -0.5754663E+00
   06  0.1031746E+01  0.6066836E+01  0.2983057E-03  0.1525179E-04 -0.5754663E+00
   06  0.1039683E+01  0.6066836E+01  0.3728828E-03  0.1906430E-04 -0.5754663E+00
   06  0.1047619E+01  0.6066836E+01  0.4474603E-03  0.2287662E-04 -0.5754663E+00
   06  0.1055556E+01  0.6066836E+01  0.5220380E-03  0.2668875E-04 -0.5754663E+00
   06  0.1063492E+01  0.6066836E+01  0.5966160E-03  0.3050069E-04 -0.5754663E+00
   06  0.1071429E+01  0.6066836E+01  0.6711942E-03  0.3431243E-04 -0.5754662E+00
   06  0.1079365E+01  0.6066836E+01  0.7457728E-03  0.3812397E-04 -0.5754662E+00
   06  0.1087302E+01  0.6066836E+01  0.8203516E-03  0.4193530E-04 -0.5754662E+00
   06  0.1095238E+01  0.6066836E+01  0.8949307E-03  0.4574642E-04 -0.5754662E+00
   06  0.1103175E+01  0.6066836E+01  0.9695100E-03  0.4955732E-04 -0.5754662E+00
   06  0.1111111E+01  0.6066836E+01  0.1044090E-02  0.5336801E-04 -0.5754662E+00
   06  0.1119048E+01  0.6066836E+01  0.1118669E-02  0.5717847E-04 -0.5754662E+00
   06  0.1126984E+01  0.6066836E+01  0.1193250E-02  0.6098870E-04 -0.5754662E+00
   06  0.1134921E+01  0.6066837E+01  0.1267830E-02  0.6479869E-04 -0.5754661E+00
   06  0.1142857E+01  0.6066837E+01  0.1342410E-02  0.6860845E-04 -0.5754661E+00
   06  0.1150794E+01  0.6066837E+01  0.1416991E-02  0.7241797E-04 -0.5754661E+00
   06  0.1158730E+01  0.6066837E+01  0.1491572E-02  0.7622724E-04 -0.5754661E+00
   06  0.1166667E+01  0.6066837E+01  0.1566154E-02  0.8003626E-04 -0.5754661E+00
   06  0.1174603E+01  0.6066837E+01  0.1640735E-02  0.8384503E-04 -0.5754660E+00
   06  0.1182540E+01  0.6066837E+01  0.1715317E-02  0.8765354E-04 -0.5754660E+00
   06  0.1190476E+01  0.6066837E+01  0.1789899E-02  0.9146178E-04 -0.5754660E+00
   06  0.1198413E+01  0.6066837E+01  0.1864481E-02  0.9526976E-04 -0.5754660E+00
   06  0.1206349E+01  0.6066837E+01  0.1939063E-02  0.9907746E-04 -0.5754659E+00
   06  0.1214286E+01  0.6066837E+01  0.2013646E-02  0.1028849E-03 -0.5754659E+00
   06  0.1238095E+01  0.6066837E+01  0.2237394E-02  0.1143065E-03 -0.5754658E+00
   06  0.1261905E+01  0.6066837E+01  0.2461143E-02  0.1257256E-03 -0.5754657E+00
   06  0.1285714E+01  0.6066837E+01  0.2684894E-02  0.1371418E-03 -0.5754656E+00
   06  0.1309524E+01  0.6066837E+01  0.2908647E-02  0.1485552E-03 -0.5754655E+00
   06  0.1333333E+01  0.6066837E+01  0.3132401E-02  0.1599656E-03 -0.5754653E+00
   06  0.1357143E+01  0.6066838E+01  0.3356156E-02  0.1713729E-03 -0.5754652E+00
   06  0.1380952E+01  0.6066838E+01  0.3579913E-02  0.1827769E-03 -0.5754650E+00
   06  0.1404762E+01  0.6066838E+01  0.3803671E-02  0.1941777E-03 -0.5754648E+00
   06  0.1428571E+01  0.6066838E+01  0.4027430E-02  0.2055750E-03 -0.5754646E+00
   06  0.1452381E+01  0.6066838E+01  0.4251190E-02  0.2169688E-03 -0.5754644E+00
   06  0.1476190E+01  0.6066838E+01  0.4474951E-02  0.2283589E-03 -0.5754642E+00
   06  0.1500000E+01  0.6066839E+01  0.4698712E-02  0.2397452E-03 -0.5754640E+00
   06  0.1523810E+01  0.6066839E+01  0.4922475E-02  0.2511277E-03 -0.5754637E+00
   06  0.1547619E+01  0.6066839E+01  0.5146237E-02  0.2625062E-03 -0.5754635E+00
   06  0.1571429E+01  0.6066839E+01  0.5370001E-02  0.2738806E-03 -0.5754632E+00
   06  0.1595238E+01  0.6066840E+01  0.5593764E-02  0.2852508E-03 -0.5754629E+00
   06  0.1619048E+01  0.6066840E+01  0.5817528E-02  0.2966167E-03 -0.5754627E+00
   06  0.1642857E+01  0.6066840E+01  0.6041292E-02  0.3079782E-03 -0.5754624E+00
   06  0.1666667E+01  0.6066841E+01  0.6265055E-02  0.3193351E-03 -0.5754621E+00
   06  0.1690476E+01  0.6066841E+01  0.6488819E-02  0.3306875E-03 -0.5754617E+00
   06  0.1714286E+01  0.6066841E+01  0.6712582E-02  0.3420351E-03 -0.5754614E+00
   06  0.1738095E+01  0.6066842E+01  0.6936345E-02  0.3533779E-03 -0.5754611E+00
   06  0.1761905E+01  0.6066842E+01  0.7160108E-02  0.3647158E-03 -0.5754607E+00
   06  0.1785714E+01  0.6066842E+01  0.7383870E-02  0.3760487E-03 -0.5754603E+00
   06  0.1809524E+01  0.6066843E+01  0.7607631E-02  0.3873764E-03 -0.5754599E+00
   06  0.1833333E+01  0.6066843E+01  0.7831392E-02  0.3986988E-03 -0.5754596E+00
   06  0.1857143E+01  0.6066844E+01  0.8055152E-02  0.4100160E-03 -0.5754591E+00
   06  0.1952381E+01  0.6066845E+01  0.8950160E-02  0.4552363E-03 -0.5754574E+00
   06  0.2047619E+01  0.6066847E+01  0.9845147E-02  0.5003626E-03 -0.5754555E+00
   06  0.2142857E+01  0.6066849E+01  0.1074010E-01  0.5453886E-03 -0.5754533E+00
   06  0.2238095E+01  0.6066852E+01  0.1163502E-01  0.5903085E-03 -0.5754510E+00
   06  0.2333333E+01  0.6066854E+01  0.1252990E-01  0.6351163E-03 -0.5754485E+00
   06  0.2428571E+01  0.6066857E+01  0.1342472E-01  0.6798065E-03 -0.5754458E+00
   06  0.2523810E+01  0.6066860E+01  0.1431948E-01  0.7243735E-03 -0.5754429E+00
   06  0.2619048E+01  0.6066863E+01  0.1521417E-01  0.7688121E-03 -0.5754398E+00
   06  0.2714286E+01  0.6066866E+01  0.1610878E-01  0.8131172E-03 -0.5754365E+00
   06  0.2809524E+01  0.6066870E+01  0.1700330E-01  0.8572837E-03 -0.5754330E+00
   06  0.2904762E+01  0.6066873E+01  0.1789773E-01  0.9013070E-03 -0.5754293E+00
   06  0.1000000E+01  0.6066836E+01  0.1575464E-15 -0.4112918E-15 -0.5754663E+00
   06  0.1007937E+01  0.6066836E+01  0.7457598E-04  0.3813203E-05 -0.5754663E+00
   06  0.1015873E+01  0.6066836E+01  0.1491523E-03  0.7626239E-05 -0.5754663E+00
   06  0.1023810E+01  0.6066836E+01  0.2237288E-03  0.1143910E-04 -0.5754663E+00
   06  0.1031746E+01  0.6066836E+01  0.2983057E-03  0.1525179E-04 -0.5754663E+00
   06  0.1039683E+01  0.6066836E+01  0.3728828E-03  0.1906430E-04 -0.5754663E+00
   06  0.1047619E+01  0.6066836E+01  0.4474603E-03  0.2287662E-04 -0.5754663E+00
   06  0.1055556E+01  0.6066836E+01  0.5220380E-03  0.2668875E-04 -0.5754663E+00
   06  0.1063492E+01  0.6066836E+01  0.5966160E-03  0.3050069E-04 -0.5754663E+00
   06  0.1071429E+01  0.6066836E+01  0.6711942E-03  0.3431243E-04 -0.5754662E+00
   06  0.1079365E+01  0.6066836E+01  0.7457728E-03  0.3812397E-04 -0.5754662E+00
   06  0.1087302E+01  0.6066836E+01  0.8203516E-03  0.4193530E-04 -0.5754662E+00
   06  0.1095238E+01  0.6066836E+01  0.8949307E-03  0.4574642E-04 -0.5754662E+00
   06  0.1103175E+01  0.6066836E+01  0.9695100E-03  0.4955732E-04 -0.5754662E+00
   06  0.1111111E+01  0.6066836E+01  0.1044090E-02  0.5336801E-04 -0.5754662E+00
   06  0.1119048E+01  0.6066836E+01  0.1118669E-02  0.5717847E-04 -0.5754662E+00
   06  0.1126984E+01  0.6066836E+01  0.1193250E-02  0.6098870E-04 -0.5754662E+00
   06  0.1134921E+01  0.6066837E+01  0.1267830E-02  0.6479869E-04 -0.5754661E+00
   06  0.1142857E+01  0.6066837E+01  0.1342410E-02  0.6860845E-04 -0.5754661E+00
   06  0.1150794E+01  0.6066837E+01  0.1416991E-02  0.7241797E-04 -0.5754661E+00
   06  0.1158730E+01  0.6066837E+01  0.1491572E-02  0.7622724E-04 -0.5754661E+00
   06  0.1166667E+01  0.6066837E+01  0.1566154E-02  0.8003626E-04 -0.5754661E+00
   06  0.1174603E+01  0.6066837E+01  0.1640735E-02  0.8384503E-04 -0.5754660E+00
   06  0.1182540E+01  0.6066837E+01  0.1715317E-02  0.8765354E-04 -0.5754660E+00
   06  0.1190476E+01  0.6066837E+01  0.1789899E-02  0.9146178E-04 -0.5754660E+00
   06  0.1198413E+01  0.6066837E+01  0.1864481E-02  0.9526976E-04 -0.5754660E+00
   06  0.1206349E+01  0.6066837E+01  0.1939063E-02  0.9907746E-04 -0.5754659E+00
   06  0.1214286E+01  0.6066837E+01  0.2013646E-02  0.1028849E-03 -0.5754659E+00
   06  0.1238095E+01  0.6066837E+01  0.2237394E-02  0.1143065E-03 -0.5754658E+00
   06  0.1261905E+01  0.6066837E+01  0.2461143E-02  0.1257256E-03 -0.5754657E+00
   06  0.1285714E+01  0.6066837E+01  0.2684894E-02  0.1371418E-03 -0.5754656E+00
   06  0.1309524E+01  0.6066837E+01  0.2908647E-02  0.1485552E-03 -0.5754655E+00
   06  0.1333333E+01  0.6066837E+01  0.3132401E-02  0.1599656E-03 -0.5754653E+00
   06  0.1357143E+01  0.6066838E+01  0.3356156E-02  0.1713729E-03 -0.5754652E+00
   06  0.1380952E+01  0.6066838E+01  0.3579913E-02  0.1827769E-03 -0.5754650E+00
   06  0.1404762E+01  0.6066838E+01  0.3803671E-02  0.1941777E-03 -0.5754648E+00
   06  0.1428571E+01  0.6066838E+01  0.4027430E-02  0.2055750E-03 -0.5754646E+00
   06  0.1452381E+01  0.6066838E+01  0.4251190E-02  0.2169688E-03 -0.5754644E+00
   06  0.1476190E+01  0.6066838E+01  0.4474951E-02  0.2283589E-03 -0.5754642E+00
   06  0.1500000E+01  0.6066839E+01  0.4698712E-02  0.2397452E-03 -0.5754640E+00
   06  0.1523810E+01  0.6066839E+01  0.4922475E-02  0.2511277E-03 -0.5754637E+00
   06  0.1547619E+01  0.6066839E+01  0.5146237E-02  0.2625062E-03 -0.5754635E+00
   06  0.1571429E+01  0.6066839E+01  0.5370001E-02  0.2738806E-03 -0.5754632E+00
   06  0.1595238E+01  0.6066840E+01  0.5593764E-02  0.2852508E-03 -0.5754629E+00
   06  0.1619048E+01  0.6066840E+01  0.5817528E-02  0.2966167E-03 -0.5754627E+00
   06  0.1642857E+01  0.6066840E+01  0.6041292E-02  0.3079782E-03 -0.5754624E+00
   06  0.1666667E+01  0.6066841E+01  0.6265055E-02  0.3193351E-03 -0.5754621E+00
   06  0.1690476E+01  0.6066841E+01  0.6488819E-02  0.3306875E-03 -0.5754617E+00
   06  0.1714286E+01  0.6066841E+01  0.6712582E-02  0.3420351E-03 -0.5754614E+00
   06  0.1738095E+01  0.6066842E+01  0.6936345E-02  0.3533779E-03 -0.5754611E+00
   06  0.1761905E+01  0.6066842E+01  0.7160108E-02  0.3647158E-03 -0.5754607E+00
   06  0.1785714E+01  0.6066842E+01  0.7383870E-02  0.3760487E-03 -0.5754603E+00
   06  0.1809524E+01  0.6066843E+01  0.7607631E-02  0.3873764E-03 -0.5754599E+00
   06  0.1833333E+01  0.6066843E+01  0.7831392E-02  0.3986988E-03 -0.5754596E+00
   06  0.1857143E+01  0.6066844E+01  0.8055152E-02  0.4100160E-03 -0.5754591E+00
   06  0.1952381E+01  0.6066845E+01  0.8950160E-02  0.4552363E-03 -0.5754574E+00
   06  0.2047619E+01  0.6066847E+01  0.9845147E-02  0.5003626E-03 -0.5754555E+00
   06  0.2142857E+01  0.6066849E+01  0.1074010E-01  0.5453886E-03 -0.5754533E+00
   06  0.2238095E+01  0.6066852E+01  0.1163502E-01  0.5903085E-03 -0.5754510E+00
   06  0.2333333E+01  0.6066854E+01  0.1252990E-01  0.6351163E-03 -0.5754485E+00
   06  0.2428571E+01  0.6066857E+01  0.1342472E-01  0.6798065E-03 -0.5754458E+00
   06  0.2523810E+01  0.6066860E+01  0.1431948E-01  0.7243735E-03 -0.5754429E+00
   06  0.2619048E+01  0.6066863E+01  0.1521417E-01  0.7688121E-03 -0.5754398E+00
   06  0.2714286E+01  0.6066866E+01  0.1610878E-01  0.8131172E-03 -0.5754365E+00
   06  0.2809524E+01  0.6066870E+01  0.1700330E-01  0.8572837E-03 -0.5754330E+00
   06  0.2904762E+01  0.6066873E+01  0.1789773E-01  0.9013070E-03 -0.5754293E+00
