# gauge_id= 601 location=( -0.1242093003E+03  0.4175447275E+02 ) num_var=  4
# Stationary gauge
# level, time, q[  1  2  3], eta, aux[]
# file format ascii, time series follow in this file
   06  0.0000000E+00  0.1471186E+02  0.0000000E+00  0.0000000E+00  0.0000000E+00
   06  0.0000000E+00  0.1471186E+02  0.0000000E+00  0.0000000E+00  0.0000000E+00
   06  0.0000000E+00  0.1471186E+02  0.0000000E+00  0.0000000E+00  0.0000000E+00
   06  0.0000000E+00  0.1471186E+02  0.0000000E+00  0.0000000E+00  0.0000000E+00
   06  0.0000000E+00  0.1471186E+02  0.0000000E+00  0.0000000E+00  0.0000000E+00
   06  0.1000000E+01  0.1471186E+02  0.1342859E-15  0.1397330E-14 -0.4078999E+00
   06  0.1007937E+01  0.1471186E+02  0.1759663E-03  0.9264570E-05 -0.4078999E+00
   06  0.1015873E+01  0.1471186E+02  0.3519333E-03  0.1852948E-04 -0.4078999E+00
   06  0.1023810E+01  0.1471186E+02  0.5279009E-03  0.2779473E-04 -0.4078999E+00
   06  0.1031746E+01  0.1471186E+02  0.7038692E-03  0.3706031E-04 -0.4078999E+00
   06  0.1039683E+01  0.1471186E+02  0.8798382E-03  0.4632622E-04 -0.4078999E+00
   06  0.1047619E+01  0.1471186E+02  0.1055808E-02  0.5559245E-04 -0.4079000E+00
   06  0.1055556E+01  0.1471186E+02  0.1231778E-02  0.6485901E-04 -0.4079000E+00
   06  0.1063492E+01  0.1471186E+02  0.1407749E-02  0.7412588E-04 -0.4079000E+00
   06  0.1071429E+01  0.1471186E+02  0.1583721E-02  0.8339307E-04 -0.4079000E+00
   06  0.1079365E+01  0.1471186E+02  0.1759693E-02  0.9266058E-04 -0.4079000E+00
   06  0.1087302E+01  0.1471186E+02  0.1935666E-02  0.1019284E-03 -0.4079000E+00
   06  0.1095238E+01  0.1471186E+02  0.2111639E-02  0.1111965E-03 -0.4079000E+00
   06  0.1103175E+01  0.1471186E+02  0.2287614E-02  0.1204649E-03 -0.4079000E+00
   06  0.1111111E+01  0.1471186E+02  0.2463588E-02  0.1297336E-03 -0.4079000E+00
   06  0.1119048E+01  0.1471186E+02  0.2639564E-02  0.1390026E-03 -0.4079000E+00
   06  0.1126984E+01  0.1471186E+02  0.2815540E-02  0.1482719E-03 -0.4079000E+00
   06  0.1134921E+01  0.1471186E+02  0.2991516E-02  0.1575415E-03 -0.4079000E+00
   06  0.1142857E+01  0.1471186E+02  0.3167494E-02  0.1668114E-03 -0.4079000E+00
   06  0.1150794E+01  0.1471186E+02  0.3343471E-02  0.1760815E-03 -0.4079001E+00
   06  0.1158730E+01  0.1471186E+02  0.3519450E-02  0.1853519E-03 -0.4079001E+00
   06  0.1166667E+01  0.1471186E+02  0.3695429E-02  0.1946226E-03 -0.4079001E+00
   06  0.1174603E+01  0.1471186E+02  0.3871408E-02  0.2038935E-03 -0.4079001E+00
   06  0.1182540E+01  0.1471186E+02  0.4047388E-02  0.2131648E-03 -0.4079001E+00
   06  0.1190476E+01  0.1471186E+02  0.4223369E-02  0.2224362E-03 -0.4079001E+00
   06  0.1198413E+01  0.1471186E+02  0.4399350E-02  0.2317079E-03 -0.4079001E+00
   06  0.1206349E+01  0.1471186E+02  0.4575332E-02  0.2409799E-03 -0.4079001E+00
   06  0.1214286E+01  0.1471186E+02  0.4751315E-02  0.2502521E-03 -0.4079001E+00
   06  0.1238095E+01  0.1471186E+02  0.5279262E-02  0.2780705E-03 -0.4079002E+00
   06  0.1261905E+01  0.1471186E+02  0.5807214E-02  0.3058910E-03 -0.4079002E+00
   06  0.1285714E+01  0.1471186E+02  0.6335170E-02  0.3337135E-03 -0.4079002E+00
   06  0.1309524E+01  0.1471186E+02  0.6863132E-02  0.3615378E-03 -0.4079002E+00
   06  0.1333333E+01  0.1471186E+02  0.7391097E-02  0.3893639E-03 -0.4079003E+00
   06  0.1357143E+01  0.1471186E+02  0.7919067E-02  0.4171916E-03 -0.4079003E+00
   06  0.1380952E+01  0.1471186E+02  0.8447041E-02  0.4450209E-03 -0.4079003E+00
   06  0.1404762E+01  0.1471186E+02  0.8975019E-02  0.4728515E-03 -0.4079004E+00
   06  0.1428571E+01  0.1471186E+02  0.9503001E-02  0.5006834E-03 -0.4079004E+00
   06  0.1452381E+01  0.1471186E+02  0.1003099E-01  0.5285165E-03 -0.4079004E+00
   06  0.1476190E+01  0.1471186E+02  0.1055898E-01  0.5563506E-03 -0.4079005E+00
   06  0.1500000E+01  0.1471186E+02  0.1108697E-01  0.5841856E-03 -0.4079005E+00
   06  0.1523810E+01  0.1471186E+02  0.1161496E-01  0.6120214E-03 -0.4079005E+00
   06  0.1547619E+01  0.1471186E+02  0.1214296E-01  0.6398579E-03 -0.4079006E+00
   06  0.1571429E+01  0.1471186E+02  0.1267097E-01  0.6676948E-03 -0.4079006E+00
   06  0.1595238E+01  0.1471186E+02  0.1319897E-01  0.6955322E-03 -0.4079006E+00
   06  0.1619048E+01  0.1471186E+02  0.1372698E-01  0.7233698E-03 -0.4079007E+00
   06  0.1642857E+01  0.1471186E+02  0.1425499E-01  0.7512075E-03 -0.4079007E+00
   06  0.1666667E+01  0.1471186E+02  0.1478300E-01  0.7790452E-03 -0.4079007E+00
   06  0.1690476E+01  0.1471186E+02  0.1531102E-01  0.8068828E-03 -0.4079008E+00
   06  0.1714286E+01  0.1471186E+02  0.1583903E-01  0.8347201E-03 -0.4079008E+00
   06  0.1738095E+01  0.1471186E+02  0.1636705E-01  0.8625570E-03 -0.4079009E+00
   06  0.1761905E+01  0.1471186E+02  0.1689508E-01  0.8903933E-03 -0.4079009E+00
   06  0.1785714E+01  0.1471186E+02  0.1742310E-01  0.9182289E-03 -0.4079009E+00
   06  0.1809524E+01  0.1471186E+02  0.1795112E-01  0.9460637E-03 -0.4079010E+00
   06  0.1833333E+01  0.1471186E+02  0.1847915E-01  0.9738975E-03 -0.4079010E+00
   06  0.1857143E+01  0.1471186E+02  0.1900718E-01  0.1001730E-02 -0.4079010E+00
   06  0.1952381E+01  0.1471186E+02  0.2111924E-01  0.1113053E-02 -0.4079011E+00
   06  0.2047619E+01  0.1471186E+02  0.2323132E-01  0.1224348E-02 -0.4079013E+00
   06  0.2142857E+01  0.1471186E+02  0.2534340E-01  0.1335606E-02 -0.4079014E+00
   06  0.2238095E+01  0.1471186E+02  0.2745547E-01  0.1446815E-02 -0.4079015E+00
   06  0.2333333E+01  0.1471186E+02  0.2956752E-01  0.1557967E-02 -0.4079015E+00
   06  0.2428571E+01  0.1471186E+02  0.3167955E-01  0.1669052E-02 -0.4079016E+00
   06  0.2523810E+01  0.1471186E+02  0.3379153E-01  0.1780058E-02 -0.4079016E+00
   06  0.2619048E+01  0.1471186E+02  0.3590348E-01  0.1890976E-02 -0.4079016E+00
   06  0.2714286E+01  0.1471186E+02  0.3801536E-01  0.2001796E-02 -0.4079016E+00
   06  0.2809524E+01  0.1471186E+02  0.4012718E-01  0.2112506E-02 -0.4079015E+00
   06  0.2904762E+01  0.1471186E+02  0.4223892E-01  0.2223097E-02 -0.4079015E+00
   06  0.1000000E+01  0.1471186E+02  0.1342859E-15  0.1397330E-14 -0.4078999E+00
   06  0.1007937E+01  0.1471186E+02  0.1759663E-03  0.9264570E-05 -0.4078999E+00
   06  0.1015873E+01  0.1471186E+02  0.3519333E-03  0.1852948E-04 -0.4078999E+00
   06  0.1023810E+01  0.1471186E+02  0.5279009E-03  0.2779473E-04 -0.4078999E+00
   06  0.1031746E+01  0.1471186E+02  0.7038692E-03  0.3706031E-04 -0.4078999E+00
   06  0.1039683E+01  0.1471186E+02  0.8798382E-03  0.4632622E-04 -0.4078999E+00
   06  0.1047619E+01  0.1471186E+02  0.1055808E-02  0.5559245E-04 -0.4079000E+00
   06  0.1055556E+01  0.1471186E+02  0.1231778E-02  0.6485901E-04 -0.4079000E+00
   06  0.1063492E+01  0.1471186E+02  0.1407749E-02  0.7412588E-04 -0.4079000E+00
   06  0.1071429E+01  0.1471186E+02  0.1583721E-02  0.8339307E-04 -0.4079000E+00
   06  0.1079365E+01  0.1471186E+02  0.1759693E-02  0.9266058E-04 -0.4079000E+00
   06  0.1087302E+01  0.1471186E+02  0.1935666E-02  0.1019284E-03 -0.4079000E+00
   06  0.1095238E+01  0.1471186E+02  0.2111639E-02  0.1111965E-03 -0.4079000E+00
   06  0.1103175E+01  0.1471186E+02  0.2287614E-02  0.1204649E-03 -0.4079000E+00
   06  0.1111111E+01  0.1471186E+02  0.2463588E-02  0.1297336E-03 -0.4079000E+00
   06  0.1119048E+01  0.1471186E+02  0.2639564E-02  0.1390026E-03 -0.4079000E+00
   06  0.1126984E+01  0.1471186E+02  0.2815540E-02  0.1482719E-03 -0.4079000E+00
   06  0.1134921E+01  0.1471186E+02  0.2991516E-02  0.1575415E-03 -0.4079000E+00
   06  0.1142857E+01  0.1471186E+02  0.3167494E-02  0.1668114E-03 -0.4079000E+00
   06  0.1150794E+01  0.1471186E+02  0.3343471E-02  0.1760815E-03 -0.4079001E+00
   06  0.1158730E+01  0.1471186E+02  0.3519450E-02  0.1853519E-03 -0.4079001E+00
   06  0.1166667E+01  0.1471186E+02  0.3695429E-02  0.1946226E-03 -0.4079001E+00
   06  0.1174603E+01  0.1471186E+02  0.3871408E-02  0.2038935E-03 -0.4079001E+00
   06  0.1182540E+01  0.1471186E+02  0.4047388E-02  0.2131648E-03 -0.4079001E+00
   06  0.1190476E+01  0.1471186E+02  0.4223369E-02  0.2224362E-03 -0.4079001E+00
   06  0.1198413E+01  0.1471186E+02  0.4399350E-02  0.2317079E-03 -0.4079001E+00
   06  0.1206349E+01  0.1471186E+02  0.4575332E-02  0.2409799E-03 -0.4079001E+00
   06  0.1214286E+01  0.1471186E+02  0.4751315E-02  0.2502521E-03 -0.4079001E+00
   06  0.1238095E+01  0.1471186E+02  0.5279262E-02  0.2780705E-03 -0.4079002E+00
   06  0.1261905E+01  0.1471186E+02  0.5807214E-02  0.3058910E-03 -0.4079002E+00
   06  0.1285714E+01  0.1471186E+02  0.6335170E-02  0.3337135E-03 -0.4079002E+00
   06  0.1309524E+01  0.1471186E+02  0.6863132E-02  0.3615378E-03 -0.4079002E+00
   06  0.1333333E+01  0.1471186E+02  0.7391097E-02  0.3893639E-03 -0.4079003E+00
   06  0.1357143E+01  0.1471186E+02  0.7919067E-02  0.4171916E-03 -0.4079003E+00
   06  0.1380952E+01  0.1471186E+02  0.8447041E-02  0.4450209E-03 -0.4079003E+00
   06  0.1404762E+01  0.1471186E+02  0.8975019E-02  0.4728515E-03 -0.4079004E+00
   06  0.1428571E+01  0.1471186E+02  0.9503001E-02  0.5006834E-03 -0.4079004E+00
   06  0.1452381E+01  0.1471186E+02  0.1003099E-01  0.5285165E-03 -0.4079004E+00
   06  0.1476190E+01  0.1471186E+02  0.1055898E-01  0.5563506E-03 -0.4079005E+00
   06  0.1500000E+01  0.1471186E+02  0.1108697E-01  0.5841856E-03 -0.4079005E+00
   06  0.1523810E+01  0.1471186E+02  0.1161496E-01  0.6120214E-03 -0.4079005E+00
   06  0.1547619E+01  0.1471186E+02  0.1214296E-01  0.6398579E-03 -0.4079006E+00
   06  0.1571429E+01  0.1471186E+02  0.1267097E-01  0.6676948E-03 -0.4079006E+00
   06  0.1595238E+01  0.1471186E+02  0.1319897E-01  0.6955322E-03 -0.4079006E+00
   06  0.1619048E+01  0.1471186E+02  0.1372698E-01  0.7233698E-03 -0.4079007E+00
   06  0.1642857E+01  0.1471186E+02  0.1425499E-01  0.7512075E-03 -0.4079007E+00
   06  0.1666667E+01  0.1471186E+02  0.1478300E-01  0.7790452E-03 -0.4079007E+00
   06  0.1690476E+01  0.1471186E+02  0.1531102E-01  0.8068828E-03 -0.4079008E+00
   06  0.1714286E+01  0.1471186E+02  0.1583903E-01  0.8347201E-03 -0.4079008E+00
   06  0.1738095E+01  0.1471186E+02  0.1636705E-01  0.8625570E-03 -0.4079009E+00
   06  0.1761905E+01  0.1471186E+02  0.1689508E-01  0.8903933E-03 -0.4079009E+00
   06  0.1785714E+01  0.1471186E+02  0.1742310E-01  0.9182289E-03 -0.4079009E+00
   06  0.1809524E+01  0.1471186E+02  0.1795112E-01  0.9460637E-03 -0.4079010E+00
   06  0.1833333E+01  0.1471186E+02  0.1847915E-01  0.9738975E-03 -0.4079010E+00
   06  0.1857143E+01  0.1471186E+02  0.1900718E-01  0.1001730E-02 -0.4079010E+00
   06  0.1952381E+01  0.1471186E+02  0.2111924E-01  0.1113053E-02 -0.4079011E+00
   06  0.2047619E+01  0.1471186E+02  0.2323132E-01  0.1224348E-02 -0.4079013E+00
   06  0.2142857E+01  0.1471186E+02  0.2534340E-01  0.1335606E-02 -0.4079014E+00
   06  0.2238095E+01  0.1471186E+02  0.2745547E-01  0.1446815E-02 -0.4079015E+00
   06  0.2333333E+01  0.1471186E+02  0.2956752E-01  0.1557967E-02 -0.4079015E+00
   06  0.2428571E+01  0.1471186E+02  0.3167955E-01  0.1669052E-02 -0.4079016E+00
   06  0.2523810E+01  0.1471186E+02  0.3379153E-01  0.1780058E-02 -0.4079016E+00
   06  0.2619048E+01  0.1471186E+02  0.3590348E-01  0.1890976E-02 -0.4079016E+00
   06  0.2714286E+01  0.1471186E+02  0.3801536E-01  0.2001796E-02 -0.4079016E+00
   06  0.2809524E+01  0.1471186E+02  0.4012718E-01  0.2112506E-02 -0.4079015E+00
   06  0.2904762E+01  0.1471186E+02  0.4223892E-01  0.2223097E-02 -0.4079015E+00
   06  0.1000000E+01  0.1471186E+02  0.1342859E-15  0.1397330E-14 -0.4078999E+00
   06  0.1007937E+01  0.1471186E+02  0.1759663E-03  0.9264570E-05 -0.4078999E+00
   06  0.1015873E+01  0.1471186E+02  0.3519333E-03  0.1852948E-04 -0.4078999E+00
   06  0.1023810E+01  0.1471186E+02  0.5279009E-03  0.2779473E-04 -0.4078999E+00
   06  0.1031746E+01  0.1471186E+02  0.7038692E-03  0.3706031E-04 -0.4078999E+00
   06  0.1039683E+01  0.1471186E+02  0.8798382E-03  0.4632622E-04 -0.4078999E+00
   06  0.1047619E+01  0.1471186E+02  0.1055808E-02  0.5559245E-04 -0.4079000E+00
   06  0.1055556E+01  0.1471186E+02  0.1231778E-02  0.6485901E-04 -0.4079000E+00
   06  0.1063492E+01  0.1471186E+02  0.1407749E-02  0.7412588E-04 -0.4079000E+00
   06  0.1071429E+01  0.1471186E+02  0.1583721E-02  0.8339307E-04 -0.4079000E+00
   06  0.1079365E+01  0.1471186E+02  0.1759693E-02  0.9266058E-04 -0.4079000E+00
   06  0.1087302E+01  0.1471186E+02  0.1935666E-02  0.1019284E-03 -0.4079000E+00
   06  0.1095238E+01  0.1471186E+02  0.2111639E-02  0.1111965E-03 -0.4079000E+00
   06  0.1103175E+01  0.1471186E+02  0.2287614E-02  0.1204649E-03 -0.4079000E+00
   06  0.1111111E+01  0.1471186E+02  0.2463588E-02  0.1297336E-03 -0.4079000E+00
   06  0.1119048E+01  0.1471186E+02  0.2639564E-02  0.1390026E-03 -0.4079000E+00
   06  0.1126984E+01  0.1471186E+02  0.2815540E-02  0.1482719E-03 -0.4079000E+00
   06  0.1134921E+01  0.1471186E+02  0.2991516E-02  0.1575415E-03 -0.4079000E+00
   06  0.1142857E+01  0.1471186E+02  0.3167494E-02  0.1668114E-03 -0.4079000E+00
   06  0.1150794E+01  0.1471186E+02  0.3343471E-02  0.1760815E-03 -0.4079001E+00
   06  0.1158730E+01  0.1471186E+02  0.3519450E-02  0.1853519E-03 -0.4079001E+00
   06  0.1166667E+01  0.1471186E+02  0.3695429E-02  0.1946226E-03 -0.4079001E+00
   06  0.1174603E+01  0.1471186E+02  0.3871408E-02  0.2038935E-03 -0.4079001E+00
   06  0.1182540E+01  0.1471186E+02  0.4047388E-02  0.2131648E-03 -0.4079001E+00
   06  0.1190476E+01  0.1471186E+02  0.4223369E-02  0.2224362E-03 -0.4079001E+00
   06  0.1198413E+01  0.1471186E+02  0.4399350E-02  0.2317079E-03 -0.4079001E+00
   06  0.1206349E+01  0.1471186E+02  0.4575332E-02  0.2409799E-03 -0.4079001E+00
   06  0.1214286E+01  0.1471186E+02  0.4751315E-02  0.2502521E-03 -0.4079001E+00
   06  0.1238095E+01  0.1471186E+02  0.5279262E-02  0.2780705E-03 -0.4079002E+00
   06  0.1261905E+01  0.1471186E+02  0.5807214E-02  0.3058910E-03 -0.4079002E+00
   06  0.1285714E+01  0.1471186E+02  0.6335170E-02  0.3337135E-03 -0.4079002E+00
   06  0.1309524E+01  0.1471186E+02  0.6863132E-02  0.3615378E-03 -0.4079002E+00
   06  0.1333333E+01  0.1471186E+02  0.7391097E-02  0.3893639E-03 -0.4079003E+00
   06  0.1357143E+01  0.1471186E+02  0.7919067E-02  0.4171916E-03 -0.4079003E+00
   06  0.1380952E+01  0.1471186E+02  0.8447041E-02  0.4450209E-03 -0.4079003E+00
   06  0.1404762E+01  0.1471186E+02  0.8975019E-02  0.4728515E-03 -0.4079004E+00
   06  0.1428571E+01  0.1471186E+02  0.9503001E-02  0.5006834E-03 -0.4079004E+00
   06  0.1452381E+01  0.1471186E+02  0.1003099E-01  0.5285165E-03 -0.4079004E+00
   06  0.1476190E+01  0.1471186E+02  0.1055898E-01  0.5563506E-03 -0.4079005E+00
   06  0.1500000E+01  0.1471186E+02  0.1108697E-01  0.5841856E-03 -0.4079005E+00
   06  0.1523810E+01  0.1471186E+02  0.1161496E-01  0.6120214E-03 -0.4079005E+00
   06  0.1547619E+01  0.1471186E+02  0.1214296E-01  0.6398579E-03 -0.4079006E+00
   06  0.1571429E+01  0.1471186E+02  0.1267097E-01  0.6676948E-03 -0.4079006E+00
   06  0.1595238E+01  0.1471186E+02  0.1319897E-01  0.6955322E-03 -0.4079006E+00
   06  0.1619048E+01  0.1471186E+02  0.1372698E-01  0.7233698E-03 -0.4079007E+00
   06  0.1642857E+01  0.1471186E+02  0.1425499E-01  0.7512075E-03 -0.4079007E+00
   06  0.1666667E+01  0.1471186E+02  0.1478300E-01  0.7790452E-03 -0.4079007E+00
   06  0.1690476E+01  0.1471186E+02  0.1531102E-01  0.8068828E-03 -0.4079008E+00
   06  0.1714286E+01  0.1471186E+02  0.1583903E-01  0.8347201E-03 -0.4079008E+00
   06  0.1738095E+01  0.1471186E+02  0.1636705E-01  0.8625570E-03 -0.4079009E+00
   06  0.1761905E+01  0.1471186E+02  0.1689508E-01  0.8903933E-03 -0.4079009E+00
   06  0.1785714E+01  0.1471186E+02  0.1742310E-01  0.9182289E-03 -0.4079009E+00
   06  0.1809524E+01  0.1471186E+02  0.1795112E-01  0.9460637E-03 -0.4079010E+00
   06  0.1833333E+01  0.1471186E+02  0.1847915E-01  0.9738975E-03 -0.4079010E+00
   06  0.1857143E+01  0.1471186E+02  0.1900718E-01  0.1001730E-02 -0.4079010E+00
   06  0.1952381E+01  0.1471186E+02  0.2111924E-01  0.1113053E-02 -0.4079011E+00
   06  0.2047619E+01  0.1471186E+02  0.2323132E-01  0.1224348E-02 -0.4079013E+00
   06  0.2142857E+01  0.1471186E+02  0.2534340E-01  0.1335606E-02 -0.4079014E+00
   06  0.2238095E+01  0.1471186E+02  0.2745547E-01  0.1446815E-02 -0.4079015E+00
   06  0.2333333E+01  0.1471186E+02  0.2956752E-01  0.1557967E-02 -0.4079015E+00
   06  0.2428571E+01  0.1471186E+02  0.3167955E-01  0.1669052E-02 -0.4079016E+00
   06  0.2523810E+01  0.1471186E+02  0.3379153E-01  0.1780058E-02 -0.4079016E+00
   06  0.2619048E+01  0.1471186E+02  0.3590348E-01  0.1890976E-02 -0.4079016E+00
   06  0.2714286E+01  0.1471186E+02  0.3801536E-01  0.2001796E-02 -0.4079016E+00
   06  0.2809524E+01  0.1471186E+02  0.4012718E-01  0.2112506E-02 -0.4079015E+00
   06  0.2904762E+01  0.1471186E+02  0.4223892E-01  0.2223097E-02 -0.4079015E+00
   06  0.1000000E+01  0.1471186E+02  0.1342859E-15  0.1397330E-14 -0.4078999E+00
   06  0.1007937E+01  0.1471186E+02  0.1759663E-03  0.9264570E-05 -0.4078999E+00
   06  0.1015873E+01  0.1471186E+02  0.3519333E-03  0.1852948E-04 -0.4078999E+00
   06  0.1023810E+01  0.1471186E+02  0.5279009E-03  0.2779473E-04 -0.4078999E+00
   06  0.1031746E+01  0.1471186E+02  0.7038692E-03  0.3706031E-04 -0.4078999E+00
   06  0.1039683E+01  0.1471186E+02  0.8798382E-03  0.4632622E-04 -0.4078999E+00
   06  0.1047619E+01  0.1471186E+02  0.1055808E-02  0.5559245E-04 -0.4079000E+00
   06  0.1055556E+01  0.1471186E+02  0.1231778E-02  0.6485901E-04 -0.4079000E+00
   06  0.1063492E+01  0.1471186E+02  0.1407749E-02  0.7412588E-04 -0.4079000E+00
   06  0.1071429E+01  0.1471186E+02  0.1583721E-02  0.8339307E-04 -0.4079000E+00
   06  0.1079365E+01  0.1471186E+02  0.1759693E-02  0.9266058E-04 -0.4079000E+00
   06  0.1087302E+01  0.1471186E+02  0.1935666E-02  0.1019284E-03 -0.4079000E+00
   06  0.1095238E+01  0.1471186E+02  0.2111639E-02  0.1111965E-03 -0.4079000E+00
   06  0.1103175E+01  0.1471186E+02  0.2287614E-02  0.1204649E-03 -0.4079000E+00
   06  0.1111111E+01  0.1471186E+02  0.2463588E-02  0.1297336E-03 -0.4079000E+00
   06  0.1119048E+01  0.1471186E+02  0.2639564E-02  0.1390026E-03 -0.4079000E+00
   06  0.1126984E+01  0.1471186E+02  0.2815540E-02  0.1482719E-03 -0.4079000E+00
   06  0.1134921E+01  0.1471186E+02  0.2991516E-02  0.1575415E-03 -0.4079000E+00
   06  0.1142857E+01  0.1471186E+02  0.3167494E-02  0.1668114E-03 -0.4079000E+00
   06  0.1150794E+01  0.1471186E+02  0.3343471E-02  0.1760815E-03 -0.4079001E+00
   06  0.1158730E+01  0.1471186E+02  0.3519450E-02  0.1853519E-03 -0.4079001E+00
   06  0.1166667E+01  0.1471186E+02  0.3695429E-02  0.1946226E-03 -0.4079001E+00
   06  0.1174603E+01  0.1471186E+02  0.3871408E-02  0.2038935E-03 -0.4079001E+00
   06  0.1182540E+01  0.1471186E+02  0.4047388E-02  0.2131648E-03 -0.4079001E+00
   06  0.1190476E+01  0.1471186E+02  0.4223369E-02  0.2224362E-03 -0.4079001E+00
   06  0.1198413E+01  0.1471186E+02  0.4399350E-02  0.2317079E-03 -0.4079001E+00
   06  0.1206349E+01  0.1471186E+02  0.4575332E-02  0.2409799E-03 -0.4079001E+00
   06  0.1214286E+01  0.1471186E+02  0.4751315E-02  0.2502521E-03 -0.4079001E+00
   06  0.1238095E+01  0.1471186E+02  0.5279262E-02  0.2780705E-03 -0.4079002E+00
   06  0.1261905E+01  0.1471186E+02  0.5807214E-02  0.3058910E-03 -0.4079002E+00
   06  0.1285714E+01  0.1471186E+02  0.6335170E-02  0.3337135E-03 -0.4079002E+00
   06  0.1309524E+01  0.1471186E+02  0.6863132E-02  0.3615378E-03 -0.4079002E+00
   06  0.1333333E+01  0.1471186E+02  0.7391097E-02  0.3893639E-03 -0.4079003E+00
   06  0.1357143E+01  0.1471186E+02  0.7919067E-02  0.4171916E-03 -0.4079003E+00
   06  0.1380952E+01  0.1471186E+02  0.8447041E-02  0.4450209E-03 -0.4079003E+00
   06  0.1404762E+01  0.1471186E+02  0.8975019E-02  0.4728515E-03 -0.4079004E+00
   06  0.1428571E+01  0.1471186E+02  0.9503001E-02  0.5006834E-03 -0.4079004E+00
   06  0.1452381E+01  0.1471186E+02  0.1003099E-01  0.5285165E-03 -0.4079004E+00
   06  0.1476190E+01  0.1471186E+02  0.1055898E-01  0.5563506E-03 -0.4079005E+00
   06  0.1500000E+01  0.1471186E+02  0.1108697E-01  0.5841856E-03 -0.4079005E+00
   06  0.1523810E+01  0.1471186E+02  0.1161496E-01  0.6120214E-03 -0.4079005E+00
   06  0.1547619E+01  0.1471186E+02  0.1214296E-01  0.6398579E-03 -0.4079006E+00
   06  0.1571429E+01  0.1471186E+02  0.1267097E-01  0.6676948E-03 -0.4079006E+00
   06  0.1595238E+01  0.1471186E+02  0.1319897E-01  0.6955322E-03 -0.4079006E+00
   06  0.1619048E+01  0.1471186E+02  0.1372698E-01  0.7233698E-03 -0.4079007E+00
   06  0.1642857E+01  0.1471186E+02  0.1425499E-01  0.7512075E-03 -0.4079007E+00
   06  0.1666667E+01  0.1471186E+02  0.1478300E-01  0.7790452E-03 -0.4079007E+00
   06  0.1690476E+01  0.1471186E+02  0.1531102E-01  0.8068828E-03 -0.4079008E+00
   06  0.1714286E+01  0.1471186E+02  0.1583903E-01  0.8347201E-03 -0.4079008E+00
   06  0.1738095E+01  0.1471186E+02  0.1636705E-01  0.8625570E-03 -0.4079009E+00
   06  0.1761905E+01  0.1471186E+02  0.1689508E-01  0.8903933E-03 -0.4079009E+00
   06  0.1785714E+01  0.1471186E+02  0.1742310E-01  0.9182289E-03 -0.4079009E+00
   06  0.1809524E+01  0.1471186E+02  0.1795112E-01  0.9460637E-03 -0.4079010E+00
   06  0.1833333E+01  0.1471186E+02  0.1847915E-01  0.9738975E-03 -0.4079010E+00
   06  0.1857143E+01  0.1471186E+02  0.1900718E-01  0.1001730E-02 -0.4079010E+00
   06  0.1952381E+01  0.1471186E+02  0.2111924E-01  0.1113053E-02 -0.4079011E+00
   06  0.2047619E+01  0.1471186E+02  0.2323132E-01  0.1224348E-02 -0.4079013E+00
   06  0.2142857E+01  0.1471186E+02  0.2534340E-01  0.1335606E-02 -0.4079014E+00
   06  0.2238095E+01  0.1471186E+02  0.2745547E-01  0.1446815E-02 -0.4079015E+00
   06  0.2333333E+01  0.1471186E+02  0.2956752E-01  0.1557967E-02 -0.4079015E+00
   06  0.2428571E+01  0.1471186E+02  0.3167955E-01  0.1669052E-02 -0.4079016E+00
   06  0.2523810E+01  0.1471186E+02  0.3379153E-01  0.1780058E-02 -0.4079016E+00
   06  0.2619048E+01  0.1471186E+02  0.3590348E-01  0.1890976E-02 -0.4079016E+00
   06  0.2714286E+01  0.1471186E+02  0.3801536E-01  0.2001796E-02 -0.4079016E+00
   06  0.2809524E+01  0.1471186E+02  0.4012718E-01  0.2112506E-02 -0.4079015E+00
   06  0.2904762E+01  0.1471186E+02  0.4223892E-01  0.2223097E-02 -0.4079015E+00
   06  0.1000000E+01  0.1471186E+02  0.1342859E-15  0.1397330E-14 -0.4078999E+00
   06  0.1007937E+01  0.1471186E+02  0.1759663E-03  0.9264570E-05 -0.4078999E+00
   06  0.1015873E+01  0.1471186E+02  0.3519333E-03  0.1852948E-04 -0.4078999E+00
   06  0.1023810E+01  0.1471186E+02  0.5279009E-03  0.2779473E-04 -0.4078999E+00
   06  0.1031746E+01  0.1471186E+02  0.7038692E-03  0.3706031E-04 -0.4078999E+00
   06  0.1039683E+01  0.1471186E+02  0.8798382E-03  0.4632622E-04 -0.4078999E+00
   06  0.1047619E+01  0.1471186E+02  0.1055808E-02  0.5559245E-04 -0.4079000E+00
   06  0.1055556E+01  0.1471186E+02  0.1231778E-02  0.6485901E-04 -0.4079000E+00
   06  0.1063492E+01  0.1471186E+02  0.1407749E-02  0.7412588E-04 -0.4079000E+00
   06  0.1071429E+01  0.1471186E+02  0.1583721E-02  0.8339307E-04 -0.4079000E+00
   06  0.1079365E+01  0.1471186E+02  0.1759693E-02  0.9266058E-04 -0.4079000E+00
   06  0.1087302E+01  0.1471186E+02  0.1935666E-02  0.1019284E-03 -0.4079000E+00
   06  0.1095238E+01  0.1471186E+02  0.2111639E-02  0.1111965E-03 -0.4079000E+00
   06  0.1103175E+01  0.1471186E+02  0.2287614E-02  0.1204649E-03 -0.4079000E+00
   06  0.1111111E+01  0.1471186E+02  0.2463588E-02  0.1297336E-03 -0.4079000E+00
   06  0.1119048E+01  0.1471186E+02  0.2639564E-02  0.1390026E-03 -0.4079000E+00
   06  0.1126984E+01  0.1471186E+02  0.2815540E-02  0.1482719E-03 -0.4079000E+00
   06  0.1134921E+01  0.1471186E+02  0.2991516E-02  0.1575415E-03 -0.4079000E+00
   06  0.1142857E+01  0.1471186E+02  0.3167494E-02  0.1668114E-03 -0.4079000E+00
   06  0.1150794E+01  0.1471186E+02  0.3343471E-02  0.1760815E-03 -0.4079001E+00
   06  0.1158730E+01  0.1471186E+02  0.3519450E-02  0.1853519E-03 -0.4079001E+00
   06  0.1166667E+01  0.1471186E+02  0.3695429E-02  0.1946226E-03 -0.4079001E+00
   06  0.1174603E+01  0.1471186E+02  0.3871408E-02  0.2038935E-03 -0.4079001E+00
   06  0.1182540E+01  0.1471186E+02  0.4047388E-02  0.2131648E-03 -0.4079001E+00
   06  0.1190476E+01  0.1471186E+02  0.4223369E-02  0.2224362E-03 -0.4079001E+00
   06  0.1198413E+01  0.1471186E+02  0.4399350E-02  0.2317079E-03 -0.4079001E+00
   06  0.1206349E+01  0.1471186E+02  0.4575332E-02  0.2409799E-03 -0.4079001E+00
   06  0.1214286E+01  0.1471186E+02  0.4751315E-02  0.2502521E-03 -0.4079001E+00
   06  0.1238095E+01  0.1471186E+02  0.5279262E-02  0.2780705E-03 -0.4079002E+00
   06  0.1261905E+01  0.1471186E+02  0.5807214E-02  0.3058910E-03 -0.4079002E+00
   06  0.1285714E+01  0.1471186E+02  0.6335170E-02  0.3337135E-03 -0.4079002E+00
   06  0.1309524E+01  0.1471186E+02  0.6863132E-02  0.3615378E-03 -0.4079002E+00
   06  0.1333333E+01  0.1471186E+02  0.7391097E-02  0.3893639E-03 -0.4079003E+00
   06  0.1357143E+01  0.1471186E+02  0.7919067E-02  0.4171916E-03 -0.4079003E+00
   06  0.1380952E+01  0.1471186E+02  0.8447041E-02  0.4450209E-03 -0.4079003E+00
   06  0.1404762E+01  0.1471186E+02  0.8975019E-02  0.4728515E-03 -0.4079004E+00
   06  0.1428571E+01  0.1471186E+02  0.9503001E-02  0.5006834E-03 -0.4079004E+00
   06  0.1452381E+01  0.1471186E+02  0.1003099E-01  0.5285165E-03 -0.4079004E+00
   06  0.1476190E+01  0.1471186E+02  0.1055898E-01  0.5563506E-03 -0.4079005E+00
   06  0.1500000E+01  0.1471186E+02  0.1108697E-01  0.5841856E-03 -0.4079005E+00
   06  0.1523810E+01  0.1471186E+02  0.1161496E-01  0.6120214E-03 -0.4079005E+00
   06  0.1547619E+01  0.1471186E+02  0.1214296E-01  0.6398579E-03 -0.4079006E+00
   06  0.1571429E+01  0.1471186E+02  0.1267097E-01  0.6676948E-03 -0.4079006E+00
   06  0.1595238E+01  0.1471186E+02  0.1319897E-01  0.6955322E-03 -0.4079006E+00
   06  0.1619048E+01  0.1471186E+02  0.1372698E-01  0.7233698E-03 -0.4079007E+00
   06  0.1642857E+01  0.1471186E+02  0.1425499E-01  0.7512075E-03 -0.4079007E+00
   06  0.1666667E+01  0.1471186E+02  0.1478300E-01  0.7790452E-03 -0.4079007E+00
   06  0.1690476E+01  0.1471186E+02  0.1531102E-01  0.8068828E-03 -0.4079008E+00
   06  0.1714286E+01  0.1471186E+02  0.1583903E-01  0.8347201E-03 -0.4079008E+00
   06  0.1738095E+01  0.1471186E+02  0.1636705E-01  0.8625570E-03 -0.4079009E+00
   06  0.1761905E+01  0.1471186E+02  0.1689508E-01  0.8903933E-03 -0.4079009E+00
   06  0.1785714E+01  0.1471186E+02  0.1742310E-01  0.9182289E-03 -0.4079009E+00
   06  0.1809524E+01  0.1471186E+02  0.1795112E-01  0.9460637E-03 -0.4079010E+00
   06  0.1833333E+01  0.1471186E+02  0.1847915E-01  0.9738975E-03 -0.4079010E+00
   06  0.1857143E+01  0.1471186E+02  0.1900718E-01  0.1001730E-02 -0.4079010E+00
   06  0.1952381E+01  0.1471186E+02  0.2111924E-01  0.1113053E-02 -0.4079011E+00
   06  0.2047619E+01  0.1471186E+02  0.2323132E-01  0.1224348E-02 -0.4079013E+00
   06  0.2142857E+01  0.1471186E+02  0.2534340E-01  0.1335606E-02 -0.4079014E+00
   06  0.2238095E+01  0.1471186E+02  0.2745547E-01  0.1446815E-02 -0.4079015E+00
   06  0.2333333E+01  0.1471186E+02  0.2956752E-01  0.1557967E-02 -0.4079015E+00
   06  0.2428571E+01  0.1471186E+02  0.3167955E-01  0.1669052E-02 -0.4079016E+00
   06  0.2523810E+01  0.1471186E+02  0.3379153E-01  0.1780058E-02 -0.4079016E+00
   06  0.2619048E+01  0.1471186E+02  0.3590348E-01  0.1890976E-02 -0.4079016E+00
   06  0.2714286E+01  0.1471186E+02  0.3801536E-01  0.2001796E-02 -0.4079016E+00
   06  0.2809524E+01  0.1471186E+02  0.4012718E-01  0.2112506E-02 -0.4079015E+00
   06  0.2904762E+01  0.1471186E+02  0.4223892E-01  0.2223097E-02 -0.4079015E+00
