# gauge_id= 206 location=( -0.1242120000E+03  0.4176625000E+02 ) num_var=  4
# Stationary gauge
# level, time, q[  1  2  3], eta, aux[]
# file format ascii, time series follow in this file
   06  0.0000000E+00  0.1605432E+02  0.0000000E+00  0.0000000E+00  0.0000000E+00
   06  0.0000000E+00  0.1605432E+02  0.0000000E+00  0.0000000E+00  0.0000000E+00
   06  0.0000000E+00  0.1605432E+02  0.0000000E+00  0.0000000E+00  0.0000000E+00
   06  0.0000000E+00  0.1605432E+02  0.0000000E+00  0.0000000E+00  0.0000000E+00
   06  0.0000000E+00  0.1605432E+02  0.0000000E+00  0.0000000E+00  0.0000000E+00
   06  0.1000000E+01  0.1605432E+02  0.4689072E-14  0.1790141E-14 -0.3839756E+00
   06  0.1007937E+01  0.1605432E+02  0.1919823E-03  0.9648853E-05 -0.3839756E+00
   06  0.1015873E+01  0.1605432E+02  0.3839646E-03  0.1929785E-04 -0.3839756E+00
   06  0.1023810E+01  0.1605432E+02  0.5759467E-03  0.2894700E-04 -0.3839756E+00
   06  0.1031746E+01  0.1605432E+02  0.7679288E-03  0.3859631E-04 -0.3839756E+00
   06  0.1039683E+01  0.1605432E+02  0.9599108E-03  0.4824578E-04 -0.3839756E+00
   06  0.1047619E+01  0.1605432E+02  0.1151893E-02  0.5789543E-04 -0.3839756E+00
   06  0.1055556E+01  0.1605432E+02  0.1343875E-02  0.6754524E-04 -0.3839756E+00
   06  0.1063492E+01  0.1605432E+02  0.1535856E-02  0.7719524E-04 -0.3839756E+00
   06  0.1071429E+01  0.1605432E+02  0.1727838E-02  0.8684542E-04 -0.3839756E+00
   06  0.1079365E+01  0.1605432E+02  0.1919819E-02  0.9649580E-04 -0.3839756E+00
   06  0.1087302E+01  0.1605432E+02  0.2111801E-02  0.1061464E-03 -0.3839757E+00
   06  0.1095238E+01  0.1605432E+02  0.2303782E-02  0.1157972E-03 -0.3839757E+00
   06  0.1103175E+01  0.1605432E+02  0.2495763E-02  0.1254482E-03 -0.3839757E+00
   06  0.1111111E+01  0.1605432E+02  0.2687745E-02  0.1350994E-03 -0.3839757E+00
   06  0.1119048E+01  0.1605432E+02  0.2879726E-02  0.1447508E-03 -0.3839757E+00
   06  0.1126984E+01  0.1605432E+02  0.3071707E-02  0.1544025E-03 -0.3839757E+00
   06  0.1134921E+01  0.1605432E+02  0.3263687E-02  0.1640543E-03 -0.3839757E+00
   06  0.1142857E+01  0.1605432E+02  0.3455668E-02  0.1737065E-03 -0.3839757E+00
   06  0.1150794E+01  0.1605432E+02  0.3647649E-02  0.1833589E-03 -0.3839757E+00
   06  0.1158730E+01  0.1605432E+02  0.3839629E-02  0.1930115E-03 -0.3839758E+00
   06  0.1166667E+01  0.1605432E+02  0.4031609E-02  0.2026644E-03 -0.3839758E+00
   06  0.1174603E+01  0.1605432E+02  0.4223590E-02  0.2123175E-03 -0.3839758E+00
   06  0.1182540E+01  0.1605432E+02  0.4415570E-02  0.2219710E-03 -0.3839758E+00
   06  0.1190476E+01  0.1605432E+02  0.4607550E-02  0.2316247E-03 -0.3839758E+00
   06  0.1198413E+01  0.1605432E+02  0.4799530E-02  0.2412786E-03 -0.3839759E+00
   06  0.1206349E+01  0.1605432E+02  0.4991509E-02  0.2509329E-03 -0.3839759E+00
   06  0.1214286E+01  0.1605432E+02  0.5183489E-02  0.2605875E-03 -0.3839759E+00
   06  0.1238095E+01  0.1605432E+02  0.5759427E-02  0.2895518E-03 -0.3839760E+00
   06  0.1261905E+01  0.1605432E+02  0.6335363E-02  0.3185190E-03 -0.3839761E+00
   06  0.1285714E+01  0.1605432E+02  0.6911299E-02  0.3474893E-03 -0.3839761E+00
   06  0.1309524E+01  0.1605432E+02  0.7487233E-02  0.3764627E-03 -0.3839762E+00
   06  0.1333333E+01  0.1605432E+02  0.8063165E-02  0.4054395E-03 -0.3839763E+00
   06  0.1357143E+01  0.1605432E+02  0.8639097E-02  0.4344198E-03 -0.3839765E+00
   06  0.1380952E+01  0.1605432E+02  0.9215026E-02  0.4634037E-03 -0.3839766E+00
   06  0.1404762E+01  0.1605432E+02  0.9790955E-02  0.4923915E-03 -0.3839767E+00
   06  0.1428571E+01  0.1605432E+02  0.1036688E-01  0.5213833E-03 -0.3839769E+00
   06  0.1452381E+01  0.1605432E+02  0.1094281E-01  0.5503792E-03 -0.3839770E+00
   06  0.1476190E+01  0.1605432E+02  0.1151873E-01  0.5793795E-03 -0.3839772E+00
   06  0.1500000E+01  0.1605432E+02  0.1209465E-01  0.6083842E-03 -0.3839773E+00
   06  0.1523810E+01  0.1605432E+02  0.1267057E-01  0.6373936E-03 -0.3839775E+00
   06  0.1547619E+01  0.1605432E+02  0.1324649E-01  0.6664078E-03 -0.3839777E+00
   06  0.1571429E+01  0.1605432E+02  0.1382240E-01  0.6954269E-03 -0.3839779E+00
   06  0.1595238E+01  0.1605432E+02  0.1439832E-01  0.7244512E-03 -0.3839781E+00
   06  0.1619048E+01  0.1605432E+02  0.1497423E-01  0.7534808E-03 -0.3839783E+00
   06  0.1642857E+01  0.1605432E+02  0.1555014E-01  0.7825158E-03 -0.3839785E+00
   06  0.1666667E+01  0.1605432E+02  0.1612605E-01  0.8115564E-03 -0.3839788E+00
   06  0.1690476E+01  0.1605432E+02  0.1670196E-01  0.8406029E-03 -0.3839790E+00
   06  0.1714286E+01  0.1605432E+02  0.1727786E-01  0.8696552E-03 -0.3839793E+00
   06  0.1738095E+01  0.1605432E+02  0.1785376E-01  0.8987137E-03 -0.3839795E+00
   06  0.1761905E+01  0.1605432E+02  0.1842966E-01  0.9277785E-03 -0.3839798E+00
   06  0.1785714E+01  0.1605432E+02  0.1900556E-01  0.9568497E-03 -0.3839801E+00
   06  0.1809524E+01  0.1605432E+02  0.1958145E-01  0.9859275E-03 -0.3839803E+00
   06  0.1833333E+01  0.1605432E+02  0.2015734E-01  0.1015012E-02 -0.3839806E+00
   06  0.1857143E+01  0.1605432E+02  0.2073323E-01  0.1044104E-02 -0.3839809E+00
   06  0.1952381E+01  0.1605431E+02  0.2303677E-01  0.1160526E-02 -0.3839822E+00
   06  0.2047619E+01  0.1605431E+02  0.2534026E-01  0.1277073E-02 -0.3839837E+00
   06  0.2142857E+01  0.1605431E+02  0.2764370E-01  0.1393754E-02 -0.3839852E+00
   06  0.2238095E+01  0.1605431E+02  0.2994710E-01  0.1510580E-02 -0.3839869E+00
   06  0.2333333E+01  0.1605431E+02  0.3225044E-01  0.1627561E-02 -0.3839888E+00
   06  0.2428571E+01  0.1605431E+02  0.3455373E-01  0.1744708E-02 -0.3839908E+00
   06  0.2523810E+01  0.1605430E+02  0.3685696E-01  0.1862029E-02 -0.3839930E+00
   06  0.2619048E+01  0.1605430E+02  0.3916012E-01  0.1979537E-02 -0.3839953E+00
   06  0.2714286E+01  0.1605430E+02  0.4146322E-01  0.2097240E-02 -0.3839977E+00
   06  0.2809524E+01  0.1605430E+02  0.4376625E-01  0.2215149E-02 -0.3840003E+00
   06  0.2904762E+01  0.1605429E+02  0.4606921E-01  0.2333273E-02 -0.3840030E+00
   06  0.1000000E+01  0.1605432E+02  0.4689072E-14  0.1790141E-14 -0.3839756E+00
   06  0.1007937E+01  0.1605432E+02  0.1919823E-03  0.9648853E-05 -0.3839756E+00
   06  0.1015873E+01  0.1605432E+02  0.3839646E-03  0.1929785E-04 -0.3839756E+00
   06  0.1023810E+01  0.1605432E+02  0.5759467E-03  0.2894700E-04 -0.3839756E+00
   06  0.1031746E+01  0.1605432E+02  0.7679288E-03  0.3859631E-04 -0.3839756E+00
   06  0.1039683E+01  0.1605432E+02  0.9599108E-03  0.4824578E-04 -0.3839756E+00
   06  0.1047619E+01  0.1605432E+02  0.1151893E-02  0.5789543E-04 -0.3839756E+00
   06  0.1055556E+01  0.1605432E+02  0.1343875E-02  0.6754524E-04 -0.3839756E+00
   06  0.1063492E+01  0.1605432E+02  0.1535856E-02  0.7719524E-04 -0.3839756E+00
   06  0.1071429E+01  0.1605432E+02  0.1727838E-02  0.8684542E-04 -0.3839756E+00
   06  0.1079365E+01  0.1605432E+02  0.1919819E-02  0.9649580E-04 -0.3839756E+00
   06  0.1087302E+01  0.1605432E+02  0.2111801E-02  0.1061464E-03 -0.3839757E+00
   06  0.1095238E+01  0.1605432E+02  0.2303782E-02  0.1157972E-03 -0.3839757E+00
   06  0.1103175E+01  0.1605432E+02  0.2495763E-02  0.1254482E-03 -0.3839757E+00
   06  0.1111111E+01  0.1605432E+02  0.2687745E-02  0.1350994E-03 -0.3839757E+00
   06  0.1119048E+01  0.1605432E+02  0.2879726E-02  0.1447508E-03 -0.3839757E+00
   06  0.1126984E+01  0.1605432E+02  0.3071707E-02  0.1544025E-03 -0.3839757E+00
   06  0.1134921E+01  0.1605432E+02  0.3263687E-02  0.1640543E-03 -0.3839757E+00
   06  0.1142857E+01  0.1605432E+02  0.3455668E-02  0.1737065E-03 -0.3839757E+00
   06  0.1150794E+01  0.1605432E+02  0.3647649E-02  0.1833589E-03 -0.3839757E+00
   06  0.1158730E+01  0.1605432E+02  0.3839629E-02  0.1930115E-03 -0.3839758E+00
   06  0.1166667E+01  0.1605432E+02  0.4031609E-02  0.2026644E-03 -0.3839758E+00
   06  0.1174603E+01  0.1605432E+02  0.4223590E-02  0.2123175E-03 -0.3839758E+00
   06  0.1182540E+01  0.1605432E+02  0.4415570E-02  0.2219710E-03 -0.3839758E+00
   06  0.1190476E+01  0.1605432E+02  0.4607550E-02  0.2316247E-03 -0.3839758E+00
   06  0.1198413E+01  0.1605432E+02  0.4799530E-02  0.2412786E-03 -0.3839759E+00
   06  0.1206349E+01  0.1605432E+02  0.4991509E-02  0.2509329E-03 -0.3839759E+00
   06  0.1214286E+01  0.1605432E+02  0.5183489E-02  0.2605875E-03 -0.3839759E+00
   06  0.1238095E+01  0.1605432E+02  0.5759427E-02  0.2895518E-03 -0.3839760E+00
   06  0.1261905E+01  0.1605432E+02  0.6335363E-02  0.3185190E-03 -0.3839761E+00
   06  0.1285714E+01  0.1605432E+02  0.6911299E-02  0.3474893E-03 -0.3839761E+00
   06  0.1309524E+01  0.1605432E+02  0.7487233E-02  0.3764627E-03 -0.3839762E+00
   06  0.1333333E+01  0.1605432E+02  0.8063165E-02  0.4054395E-03 -0.3839763E+00
   06  0.1357143E+01  0.1605432E+02  0.8639097E-02  0.4344198E-03 -0.3839765E+00
   06  0.1380952E+01  0.1605432E+02  0.9215026E-02  0.4634037E-03 -0.3839766E+00
   06  0.1404762E+01  0.1605432E+02  0.9790955E-02  0.4923915E-03 -0.3839767E+00
   06  0.1428571E+01  0.1605432E+02  0.1036688E-01  0.5213833E-03 -0.3839769E+00
   06  0.1452381E+01  0.1605432E+02  0.1094281E-01  0.5503792E-03 -0.3839770E+00
   06  0.1476190E+01  0.1605432E+02  0.1151873E-01  0.5793795E-03 -0.3839772E+00
   06  0.1500000E+01  0.1605432E+02  0.1209465E-01  0.6083842E-03 -0.3839773E+00
   06  0.1523810E+01  0.1605432E+02  0.1267057E-01  0.6373936E-03 -0.3839775E+00
   06  0.1547619E+01  0.1605432E+02  0.1324649E-01  0.6664078E-03 -0.3839777E+00
   06  0.1571429E+01  0.1605432E+02  0.1382240E-01  0.6954269E-03 -0.3839779E+00
   06  0.1595238E+01  0.1605432E+02  0.1439832E-01  0.7244512E-03 -0.3839781E+00
   06  0.1619048E+01  0.1605432E+02  0.1497423E-01  0.7534808E-03 -0.3839783E+00
   06  0.1642857E+01  0.1605432E+02  0.1555014E-01  0.7825158E-03 -0.3839785E+00
   06  0.1666667E+01  0.1605432E+02  0.1612605E-01  0.8115564E-03 -0.3839788E+00
   06  0.1690476E+01  0.1605432E+02  0.1670196E-01  0.8406029E-03 -0.3839790E+00
   06  0.1714286E+01  0.1605432E+02  0.1727786E-01  0.8696552E-03 -0.3839793E+00
   06  0.1738095E+01  0.1605432E+02  0.1785376E-01  0.8987137E-03 -0.3839795E+00
   06  0.1761905E+01  0.1605432E+02  0.1842966E-01  0.9277785E-03 -0.3839798E+00
   06  0.1785714E+01  0.1605432E+02  0.1900556E-01  0.9568497E-03 -0.3839801E+00
   06  0.1809524E+01  0.1605432E+02  0.1958145E-01  0.9859275E-03 -0.3839803E+00
   06  0.1833333E+01  0.1605432E+02  0.2015734E-01  0.1015012E-02 -0.3839806E+00
   06  0.1857143E+01  0.1605432E+02  0.2073323E-01  0.1044104E-02 -0.3839809E+00
   06  0.1952381E+01  0.1605431E+02  0.2303677E-01  0.1160526E-02 -0.3839822E+00
   06  0.2047619E+01  0.1605431E+02  0.2534026E-01  0.1277073E-02 -0.3839837E+00
   06  0.2142857E+01  0.1605431E+02  0.2764370E-01  0.1393754E-02 -0.3839852E+00
   06  0.2238095E+01  0.1605431E+02  0.2994710E-01  0.1510580E-02 -0.3839869E+00
   06  0.2333333E+01  0.1605431E+02  0.3225044E-01  0.1627561E-02 -0.3839888E+00
   06  0.2428571E+01  0.1605431E+02  0.3455373E-01  0.1744708E-02 -0.3839908E+00
   06  0.2523810E+01  0.1605430E+02  0.3685696E-01  0.1862029E-02 -0.3839930E+00
   06  0.2619048E+01  0.1605430E+02  0.3916012E-01  0.1979537E-02 -0.3839953E+00
   06  0.2714286E+01  0.1605430E+02  0.4146322E-01  0.2097240E-02 -0.3839977E+00
   06  0.2809524E+01  0.1605430E+02  0.4376625E-01  0.2215149E-02 -0.3840003E+00
   06  0.2904762E+01  0.1605429E+02  0.4606921E-01  0.2333273E-02 -0.3840030E+00
   06  0.1000000E+01  0.1605432E+02  0.4689072E-14  0.1790141E-14 -0.3839756E+00
   06  0.1007937E+01  0.1605432E+02  0.1919823E-03  0.9648853E-05 -0.3839756E+00
   06  0.1015873E+01  0.1605432E+02  0.3839646E-03  0.1929785E-04 -0.3839756E+00
   06  0.1023810E+01  0.1605432E+02  0.5759467E-03  0.2894700E-04 -0.3839756E+00
   06  0.1031746E+01  0.1605432E+02  0.7679288E-03  0.3859631E-04 -0.3839756E+00
   06  0.1039683E+01  0.1605432E+02  0.9599108E-03  0.4824578E-04 -0.3839756E+00
   06  0.1047619E+01  0.1605432E+02  0.1151893E-02  0.5789543E-04 -0.3839756E+00
   06  0.1055556E+01  0.1605432E+02  0.1343875E-02  0.6754524E-04 -0.3839756E+00
   06  0.1063492E+01  0.1605432E+02  0.1535856E-02  0.7719524E-04 -0.3839756E+00
   06  0.1071429E+01  0.1605432E+02  0.1727838E-02  0.8684542E-04 -0.3839756E+00
   06  0.1079365E+01  0.1605432E+02  0.1919819E-02  0.9649580E-04 -0.3839756E+00
   06  0.1087302E+01  0.1605432E+02  0.2111801E-02  0.1061464E-03 -0.3839757E+00
   06  0.1095238E+01  0.1605432E+02  0.2303782E-02  0.1157972E-03 -0.3839757E+00
   06  0.1103175E+01  0.1605432E+02  0.2495763E-02  0.1254482E-03 -0.3839757E+00
   06  0.1111111E+01  0.1605432E+02  0.2687745E-02  0.1350994E-03 -0.3839757E+00
   06  0.1119048E+01  0.1605432E+02  0.2879726E-02  0.1447508E-03 -0.3839757E+00
   06  0.1126984E+01  0.1605432E+02  0.3071707E-02  0.1544025E-03 -0.3839757E+00
   06  0.1134921E+01  0.1605432E+02  0.3263687E-02  0.1640543E-03 -0.3839757E+00
   06  0.1142857E+01  0.1605432E+02  0.3455668E-02  0.1737065E-03 -0.3839757E+00
   06  0.1150794E+01  0.1605432E+02  0.3647649E-02  0.1833589E-03 -0.3839757E+00
   06  0.1158730E+01  0.1605432E+02  0.3839629E-02  0.1930115E-03 -0.3839758E+00
   06  0.1166667E+01  0.1605432E+02  0.4031609E-02  0.2026644E-03 -0.3839758E+00
   06  0.1174603E+01  0.1605432E+02  0.4223590E-02  0.2123175E-03 -0.3839758E+00
   06  0.1182540E+01  0.1605432E+02  0.4415570E-02  0.2219710E-03 -0.3839758E+00
   06  0.1190476E+01  0.1605432E+02  0.4607550E-02  0.2316247E-03 -0.3839758E+00
   06  0.1198413E+01  0.1605432E+02  0.4799530E-02  0.2412786E-03 -0.3839759E+00
   06  0.1206349E+01  0.1605432E+02  0.4991509E-02  0.2509329E-03 -0.3839759E+00
   06  0.1214286E+01  0.1605432E+02  0.5183489E-02  0.2605875E-03 -0.3839759E+00
   06  0.1238095E+01  0.1605432E+02  0.5759427E-02  0.2895518E-03 -0.3839760E+00
   06  0.1261905E+01  0.1605432E+02  0.6335363E-02  0.3185190E-03 -0.3839761E+00
   06  0.1285714E+01  0.1605432E+02  0.6911299E-02  0.3474893E-03 -0.3839761E+00
   06  0.1309524E+01  0.1605432E+02  0.7487233E-02  0.3764627E-03 -0.3839762E+00
   06  0.1333333E+01  0.1605432E+02  0.8063165E-02  0.4054395E-03 -0.3839763E+00
   06  0.1357143E+01  0.1605432E+02  0.8639097E-02  0.4344198E-03 -0.3839765E+00
   06  0.1380952E+01  0.1605432E+02  0.9215026E-02  0.4634037E-03 -0.3839766E+00
   06  0.1404762E+01  0.1605432E+02  0.9790955E-02  0.4923915E-03 -0.3839767E+00
   06  0.1428571E+01  0.1605432E+02  0.1036688E-01  0.5213833E-03 -0.3839769E+00
   06  0.1452381E+01  0.1605432E+02  0.1094281E-01  0.5503792E-03 -0.3839770E+00
   06  0.1476190E+01  0.1605432E+02  0.1151873E-01  0.5793795E-03 -0.3839772E+00
   06  0.1500000E+01  0.1605432E+02  0.1209465E-01  0.6083842E-03 -0.3839773E+00
   06  0.1523810E+01  0.1605432E+02  0.1267057E-01  0.6373936E-03 -0.3839775E+00
   06  0.1547619E+01  0.1605432E+02  0.1324649E-01  0.6664078E-03 -0.3839777E+00
   06  0.1571429E+01  0.1605432E+02  0.1382240E-01  0.6954269E-03 -0.3839779E+00
   06  0.1595238E+01  0.1605432E+02  0.1439832E-01  0.7244512E-03 -0.3839781E+00
   06  0.1619048E+01  0.1605432E+02  0.1497423E-01  0.7534808E-03 -0.3839783E+00
   06  0.1642857E+01  0.1605432E+02  0.1555014E-01  0.7825158E-03 -0.3839785E+00
   06  0.1666667E+01  0.1605432E+02  0.1612605E-01  0.8115564E-03 -0.3839788E+00
   06  0.1690476E+01  0.1605432E+02  0.1670196E-01  0.8406029E-03 -0.3839790E+00
   06  0.1714286E+01  0.1605432E+02  0.1727786E-01  0.8696552E-03 -0.3839793E+00
   06  0.1738095E+01  0.1605432E+02  0.1785376E-01  0.8987137E-03 -0.3839795E+00
   06  0.1761905E+01  0.1605432E+02  0.1842966E-01  0.9277785E-03 -0.3839798E+00
   06  0.1785714E+01  0.1605432E+02  0.1900556E-01  0.9568497E-03 -0.3839801E+00
   06  0.1809524E+01  0.1605432E+02  0.1958145E-01  0.9859275E-03 -0.3839803E+00
   06  0.1833333E+01  0.1605432E+02  0.2015734E-01  0.1015012E-02 -0.3839806E+00
   06  0.1857143E+01  0.1605432E+02  0.2073323E-01  0.1044104E-02 -0.3839809E+00
   06  0.1952381E+01  0.1605431E+02  0.2303677E-01  0.1160526E-02 -0.3839822E+00
   06  0.2047619E+01  0.1605431E+02  0.2534026E-01  0.1277073E-02 -0.3839837E+00
   06  0.2142857E+01  0.1605431E+02  0.2764370E-01  0.1393754E-02 -0.3839852E+00
   06  0.2238095E+01  0.1605431E+02  0.2994710E-01  0.1510580E-02 -0.3839869E+00
   06  0.2333333E+01  0.1605431E+02  0.3225044E-01  0.1627561E-02 -0.3839888E+00
   06  0.2428571E+01  0.1605431E+02  0.3455373E-01  0.1744708E-02 -0.3839908E+00
   06  0.2523810E+01  0.1605430E+02  0.3685696E-01  0.1862029E-02 -0.3839930E+00
   06  0.2619048E+01  0.1605430E+02  0.3916012E-01  0.1979537E-02 -0.3839953E+00
   06  0.2714286E+01  0.1605430E+02  0.4146322E-01  0.2097240E-02 -0.3839977E+00
   06  0.2809524E+01  0.1605430E+02  0.4376625E-01  0.2215149E-02 -0.3840003E+00
   06  0.2904762E+01  0.1605429E+02  0.4606921E-01  0.2333273E-02 -0.3840030E+00
   06  0.1000000E+01  0.1605432E+02  0.4689072E-14  0.1790141E-14 -0.3839756E+00
   06  0.1007937E+01  0.1605432E+02  0.1919823E-03  0.9648853E-05 -0.3839756E+00
   06  0.1015873E+01  0.1605432E+02  0.3839646E-03  0.1929785E-04 -0.3839756E+00
   06  0.1023810E+01  0.1605432E+02  0.5759467E-03  0.2894700E-04 -0.3839756E+00
   06  0.1031746E+01  0.1605432E+02  0.7679288E-03  0.3859631E-04 -0.3839756E+00
   06  0.1039683E+01  0.1605432E+02  0.9599108E-03  0.4824578E-04 -0.3839756E+00
   06  0.1047619E+01  0.1605432E+02  0.1151893E-02  0.5789543E-04 -0.3839756E+00
   06  0.1055556E+01  0.1605432E+02  0.1343875E-02  0.6754524E-04 -0.3839756E+00
   06  0.1063492E+01  0.1605432E+02  0.1535856E-02  0.7719524E-04 -0.3839756E+00
   06  0.1071429E+01  0.1605432E+02  0.1727838E-02  0.8684542E-04 -0.3839756E+00
   06  0.1079365E+01  0.1605432E+02  0.1919819E-02  0.9649580E-04 -0.3839756E+00
   06  0.1087302E+01  0.1605432E+02  0.2111801E-02  0.1061464E-03 -0.3839757E+00
   06  0.1095238E+01  0.1605432E+02  0.2303782E-02  0.1157972E-03 -0.3839757E+00
   06  0.1103175E+01  0.1605432E+02  0.2495763E-02  0.1254482E-03 -0.3839757E+00
   06  0.1111111E+01  0.1605432E+02  0.2687745E-02  0.1350994E-03 -0.3839757E+00
   06  0.1119048E+01  0.1605432E+02  0.2879726E-02  0.1447508E-03 -0.3839757E+00
   06  0.1126984E+01  0.1605432E+02  0.3071707E-02  0.1544025E-03 -0.3839757E+00
   06  0.1134921E+01  0.1605432E+02  0.3263687E-02  0.1640543E-03 -0.3839757E+00
   06  0.1142857E+01  0.1605432E+02  0.3455668E-02  0.1737065E-03 -0.3839757E+00
   06  0.1150794E+01  0.1605432E+02  0.3647649E-02  0.1833589E-03 -0.3839757E+00
   06  0.1158730E+01  0.1605432E+02  0.3839629E-02  0.1930115E-03 -0.3839758E+00
   06  0.1166667E+01  0.1605432E+02  0.4031609E-02  0.2026644E-03 -0.3839758E+00
   06  0.1174603E+01  0.1605432E+02  0.4223590E-02  0.2123175E-03 -0.3839758E+00
   06  0.1182540E+01  0.1605432E+02  0.4415570E-02  0.2219710E-03 -0.3839758E+00
   06  0.1190476E+01  0.1605432E+02  0.4607550E-02  0.2316247E-03 -0.3839758E+00
   06  0.1198413E+01  0.1605432E+02  0.4799530E-02  0.2412786E-03 -0.3839759E+00
   06  0.1206349E+01  0.1605432E+02  0.4991509E-02  0.2509329E-03 -0.3839759E+00
   06  0.1214286E+01  0.1605432E+02  0.5183489E-02  0.2605875E-03 -0.3839759E+00
   06  0.1238095E+01  0.1605432E+02  0.5759427E-02  0.2895518E-03 -0.3839760E+00
   06  0.1261905E+01  0.1605432E+02  0.6335363E-02  0.3185190E-03 -0.3839761E+00
   06  0.1285714E+01  0.1605432E+02  0.6911299E-02  0.3474893E-03 -0.3839761E+00
   06  0.1309524E+01  0.1605432E+02  0.7487233E-02  0.3764627E-03 -0.3839762E+00
   06  0.1333333E+01  0.1605432E+02  0.8063165E-02  0.4054395E-03 -0.3839763E+00
   06  0.1357143E+01  0.1605432E+02  0.8639097E-02  0.4344198E-03 -0.3839765E+00
   06  0.1380952E+01  0.1605432E+02  0.9215026E-02  0.4634037E-03 -0.3839766E+00
   06  0.1404762E+01  0.1605432E+02  0.9790955E-02  0.4923915E-03 -0.3839767E+00
   06  0.1428571E+01  0.1605432E+02  0.1036688E-01  0.5213833E-03 -0.3839769E+00
   06  0.1452381E+01  0.1605432E+02  0.1094281E-01  0.5503792E-03 -0.3839770E+00
   06  0.1476190E+01  0.1605432E+02  0.1151873E-01  0.5793795E-03 -0.3839772E+00
   06  0.1500000E+01  0.1605432E+02  0.1209465E-01  0.6083842E-03 -0.3839773E+00
   06  0.1523810E+01  0.1605432E+02  0.1267057E-01  0.6373936E-03 -0.3839775E+00
   06  0.1547619E+01  0.1605432E+02  0.1324649E-01  0.6664078E-03 -0.3839777E+00
   06  0.1571429E+01  0.1605432E+02  0.1382240E-01  0.6954269E-03 -0.3839779E+00
   06  0.1595238E+01  0.1605432E+02  0.1439832E-01  0.7244512E-03 -0.3839781E+00
   06  0.1619048E+01  0.1605432E+02  0.1497423E-01  0.7534808E-03 -0.3839783E+00
   06  0.1642857E+01  0.1605432E+02  0.1555014E-01  0.7825158E-03 -0.3839785E+00
   06  0.1666667E+01  0.1605432E+02  0.1612605E-01  0.8115564E-03 -0.3839788E+00
   06  0.1690476E+01  0.1605432E+02  0.1670196E-01  0.8406029E-03 -0.3839790E+00
   06  0.1714286E+01  0.1605432E+02  0.1727786E-01  0.8696552E-03 -0.3839793E+00
   06  0.1738095E+01  0.1605432E+02  0.1785376E-01  0.8987137E-03 -0.3839795E+00
   06  0.1761905E+01  0.1605432E+02  0.1842966E-01  0.9277785E-03 -0.3839798E+00
   06  0.1785714E+01  0.1605432E+02  0.1900556E-01  0.9568497E-03 -0.3839801E+00
   06  0.1809524E+01  0.1605432E+02  0.1958145E-01  0.9859275E-03 -0.3839803E+00
   06  0.1833333E+01  0.1605432E+02  0.2015734E-01  0.1015012E-02 -0.3839806E+00
   06  0.1857143E+01  0.1605432E+02  0.2073323E-01  0.1044104E-02 -0.3839809E+00
   06  0.1952381E+01  0.1605431E+02  0.2303677E-01  0.1160526E-02 -0.3839822E+00
   06  0.2047619E+01  0.1605431E+02  0.2534026E-01  0.1277073E-02 -0.3839837E+00
   06  0.2142857E+01  0.1605431E+02  0.2764370E-01  0.1393754E-02 -0.3839852E+00
   06  0.2238095E+01  0.1605431E+02  0.2994710E-01  0.1510580E-02 -0.3839869E+00
   06  0.2333333E+01  0.1605431E+02  0.3225044E-01  0.1627561E-02 -0.3839888E+00
   06  0.2428571E+01  0.1605431E+02  0.3455373E-01  0.1744708E-02 -0.3839908E+00
   06  0.2523810E+01  0.1605430E+02  0.3685696E-01  0.1862029E-02 -0.3839930E+00
   06  0.2619048E+01  0.1605430E+02  0.3916012E-01  0.1979537E-02 -0.3839953E+00
   06  0.2714286E+01  0.1605430E+02  0.4146322E-01  0.2097240E-02 -0.3839977E+00
   06  0.2809524E+01  0.1605430E+02  0.4376625E-01  0.2215149E-02 -0.3840003E+00
   06  0.2904762E+01  0.1605429E+02  0.4606921E-01  0.2333273E-02 -0.3840030E+00
   06  0.1000000E+01  0.1605432E+02  0.4689072E-14  0.1790141E-14 -0.3839756E+00
   06  0.1007937E+01  0.1605432E+02  0.1919823E-03  0.9648853E-05 -0.3839756E+00
   06  0.1015873E+01  0.1605432E+02  0.3839646E-03  0.1929785E-04 -0.3839756E+00
   06  0.1023810E+01  0.1605432E+02  0.5759467E-03  0.2894700E-04 -0.3839756E+00
   06  0.1031746E+01  0.1605432E+02  0.7679288E-03  0.3859631E-04 -0.3839756E+00
   06  0.1039683E+01  0.1605432E+02  0.9599108E-03  0.4824578E-04 -0.3839756E+00
   06  0.1047619E+01  0.1605432E+02  0.1151893E-02  0.5789543E-04 -0.3839756E+00
   06  0.1055556E+01  0.1605432E+02  0.1343875E-02  0.6754524E-04 -0.3839756E+00
   06  0.1063492E+01  0.1605432E+02  0.1535856E-02  0.7719524E-04 -0.3839756E+00
   06  0.1071429E+01  0.1605432E+02  0.1727838E-02  0.8684542E-04 -0.3839756E+00
   06  0.1079365E+01  0.1605432E+02  0.1919819E-02  0.9649580E-04 -0.3839756E+00
   06  0.1087302E+01  0.1605432E+02  0.2111801E-02  0.1061464E-03 -0.3839757E+00
   06  0.1095238E+01  0.1605432E+02  0.2303782E-02  0.1157972E-03 -0.3839757E+00
   06  0.1103175E+01  0.1605432E+02  0.2495763E-02  0.1254482E-03 -0.3839757E+00
   06  0.1111111E+01  0.1605432E+02  0.2687745E-02  0.1350994E-03 -0.3839757E+00
   06  0.1119048E+01  0.1605432E+02  0.2879726E-02  0.1447508E-03 -0.3839757E+00
   06  0.1126984E+01  0.1605432E+02  0.3071707E-02  0.1544025E-03 -0.3839757E+00
   06  0.1134921E+01  0.1605432E+02  0.3263687E-02  0.1640543E-03 -0.3839757E+00
   06  0.1142857E+01  0.1605432E+02  0.3455668E-02  0.1737065E-03 -0.3839757E+00
   06  0.1150794E+01  0.1605432E+02  0.3647649E-02  0.1833589E-03 -0.3839757E+00
   06  0.1158730E+01  0.1605432E+02  0.3839629E-02  0.1930115E-03 -0.3839758E+00
   06  0.1166667E+01  0.1605432E+02  0.4031609E-02  0.2026644E-03 -0.3839758E+00
   06  0.1174603E+01  0.1605432E+02  0.4223590E-02  0.2123175E-03 -0.3839758E+00
   06  0.1182540E+01  0.1605432E+02  0.4415570E-02  0.2219710E-03 -0.3839758E+00
   06  0.1190476E+01  0.1605432E+02  0.4607550E-02  0.2316247E-03 -0.3839758E+00
   06  0.1198413E+01  0.1605432E+02  0.4799530E-02  0.2412786E-03 -0.3839759E+00
   06  0.1206349E+01  0.1605432E+02  0.4991509E-02  0.2509329E-03 -0.3839759E+00
   06  0.1214286E+01  0.1605432E+02  0.5183489E-02  0.2605875E-03 -0.3839759E+00
   06  0.1238095E+01  0.1605432E+02  0.5759427E-02  0.2895518E-03 -0.3839760E+00
   06  0.1261905E+01  0.1605432E+02  0.6335363E-02  0.3185190E-03 -0.3839761E+00
   06  0.1285714E+01  0.1605432E+02  0.6911299E-02  0.3474893E-03 -0.3839761E+00
   06  0.1309524E+01  0.1605432E+02  0.7487233E-02  0.3764627E-03 -0.3839762E+00
   06  0.1333333E+01  0.1605432E+02  0.8063165E-02  0.4054395E-03 -0.3839763E+00
   06  0.1357143E+01  0.1605432E+02  0.8639097E-02  0.4344198E-03 -0.3839765E+00
   06  0.1380952E+01  0.1605432E+02  0.9215026E-02  0.4634037E-03 -0.3839766E+00
   06  0.1404762E+01  0.1605432E+02  0.9790955E-02  0.4923915E-03 -0.3839767E+00
   06  0.1428571E+01  0.1605432E+02  0.1036688E-01  0.5213833E-03 -0.3839769E+00
   06  0.1452381E+01  0.1605432E+02  0.1094281E-01  0.5503792E-03 -0.3839770E+00
   06  0.1476190E+01  0.1605432E+02  0.1151873E-01  0.5793795E-03 -0.3839772E+00
   06  0.1500000E+01  0.1605432E+02  0.1209465E-01  0.6083842E-03 -0.3839773E+00
   06  0.1523810E+01  0.1605432E+02  0.1267057E-01  0.6373936E-03 -0.3839775E+00
   06  0.1547619E+01  0.1605432E+02  0.1324649E-01  0.6664078E-03 -0.3839777E+00
   06  0.1571429E+01  0.1605432E+02  0.1382240E-01  0.6954269E-03 -0.3839779E+00
   06  0.1595238E+01  0.1605432E+02  0.1439832E-01  0.7244512E-03 -0.3839781E+00
   06  0.1619048E+01  0.1605432E+02  0.1497423E-01  0.7534808E-03 -0.3839783E+00
   06  0.1642857E+01  0.1605432E+02  0.1555014E-01  0.7825158E-03 -0.3839785E+00
   06  0.1666667E+01  0.1605432E+02  0.1612605E-01  0.8115564E-03 -0.3839788E+00
   06  0.1690476E+01  0.1605432E+02  0.1670196E-01  0.8406029E-03 -0.3839790E+00
   06  0.1714286E+01  0.1605432E+02  0.1727786E-01  0.8696552E-03 -0.3839793E+00
   06  0.1738095E+01  0.1605432E+02  0.1785376E-01  0.8987137E-03 -0.3839795E+00
   06  0.1761905E+01  0.1605432E+02  0.1842966E-01  0.9277785E-03 -0.3839798E+00
   06  0.1785714E+01  0.1605432E+02  0.1900556E-01  0.9568497E-03 -0.3839801E+00
   06  0.1809524E+01  0.1605432E+02  0.1958145E-01  0.9859275E-03 -0.3839803E+00
   06  0.1833333E+01  0.1605432E+02  0.2015734E-01  0.1015012E-02 -0.3839806E+00
   06  0.1857143E+01  0.1605432E+02  0.2073323E-01  0.1044104E-02 -0.3839809E+00
   06  0.1952381E+01  0.1605431E+02  0.2303677E-01  0.1160526E-02 -0.3839822E+00
   06  0.2047619E+01  0.1605431E+02  0.2534026E-01  0.1277073E-02 -0.3839837E+00
   06  0.2142857E+01  0.1605431E+02  0.2764370E-01  0.1393754E-02 -0.3839852E+00
   06  0.2238095E+01  0.1605431E+02  0.2994710E-01  0.1510580E-02 -0.3839869E+00
   06  0.2333333E+01  0.1605431E+02  0.3225044E-01  0.1627561E-02 -0.3839888E+00
   06  0.2428571E+01  0.1605431E+02  0.3455373E-01  0.1744708E-02 -0.3839908E+00
   06  0.2523810E+01  0.1605430E+02  0.3685696E-01  0.1862029E-02 -0.3839930E+00
   06  0.2619048E+01  0.1605430E+02  0.3916012E-01  0.1979537E-02 -0.3839953E+00
   06  0.2714286E+01  0.1605430E+02  0.4146322E-01  0.2097240E-02 -0.3839977E+00
   06  0.2809524E+01  0.1605430E+02  0.4376625E-01  0.2215149E-02 -0.3840003E+00
   06  0.2904762E+01  0.1605429E+02  0.4606921E-01  0.2333273E-02 -0.3840030E+00
