# gauge_id= 202 location=( -0.1241912000E+03  0.4174125000E+02 ) num_var=  4
# Stationary gauge
# level, time, q[  1  2  3], eta, aux[]
# file format ascii, time series follow in this file
   06  0.0000000E+00  0.0000000E+00  0.0000000E+00  0.0000000E+00  0.6972658E+01
   06  0.0000000E+00  0.0000000E+00  0.0000000E+00  0.0000000E+00  0.6972658E+01
   06  0.0000000E+00  0.0000000E+00  0.0000000E+00  0.0000000E+00  0.6972658E+01
   06  0.0000000E+00  0.0000000E+00  0.0000000E+00  0.0000000E+00  0.6972658E+01
   06  0.0000000E+00  0.0000000E+00  0.0000000E+00  0.0000000E+00  0.6972658E+01
   06  0.1000000E+01  0.0000000E+00  0.0000000E+00  0.0000000E+00  0.6344755E+01
   06  0.1007937E+01  0.0000000E+00  0.0000000E+00  0.0000000E+00  0.6344755E+01
   06  0.1015873E+01  0.0000000E+00  0.0000000E+00  0.0000000E+00  0.6344755E+01
   06  0.1023810E+01  0.0000000E+00  0.0000000E+00  0.0000000E+00  0.6344755E+01
   06  0.1031746E+01  0.0000000E+00  0.0000000E+00  0.0000000E+00  0.6344755E+01
   06  0.1039683E+01  0.0000000E+00  0.0000000E+00  0.0000000E+00  0.6344755E+01
   06  0.1047619E+01  0.0000000E+00  0.0000000E+00  0.0000000E+00  0.6344755E+01
   06  0.1055556E+01  0.0000000E+00  0.0000000E+00  0.0000000E+00  0.6344755E+01
   06  0.1063492E+01  0.0000000E+00  0.0000000E+00  0.0000000E+00  0.6344755E+01
   06  0.1071429E+01  0.0000000E+00  0.0000000E+00  0.0000000E+00  0.6344755E+01
   06  0.1079365E+01  0.0000000E+00  0.0000000E+00  0.0000000E+00  0.6344755E+01
   06  0.1087302E+01  0.0000000E+00  0.0000000E+00  0.0000000E+00  0.6344755E+01
   06  0.1095238E+01  0.0000000E+00  0.0000000E+00  0.0000000E+00  0.6344755E+01
   06  0.1103175E+01  0.0000000E+00  0.0000000E+00  0.0000000E+00  0.6344755E+01
   06  0.1111111E+01  0.0000000E+00  0.0000000E+00  0.0000000E+00  0.6344755E+01
   06  0.1119048E+01  0.0000000E+00  0.0000000E+00  0.0000000E+00  0.6344755E+01
   06  0.1126984E+01  0.0000000E+00  0.0000000E+00  0.0000000E+00  0.6344755E+01
   06  0.1134921E+01  0.0000000E+00  0.0000000E+00  0.0000000E+00  0.6344755E+01
   06  0.1142857E+01  0.0000000E+00  0.0000000E+00  0.0000000E+00  0.6344755E+01
   06  0.1150794E+01  0.0000000E+00  0.0000000E+00  0.0000000E+00  0.6344755E+01
   06  0.1158730E+01  0.0000000E+00  0.0000000E+00  0.0000000E+00  0.6344755E+01
   06  0.1166667E+01  0.0000000E+00  0.0000000E+00  0.0000000E+00  0.6344755E+01
   06  0.1174603E+01  0.0000000E+00  0.0000000E+00  0.0000000E+00  0.6344755E+01
   06  0.1182540E+01  0.0000000E+00  0.0000000E+00  0.0000000E+00  0.6344755E+01
   06  0.1190476E+01  0.0000000E+00  0.0000000E+00  0.0000000E+00  0.6344755E+01
   06  0.1198413E+01  0.0000000E+00  0.0000000E+00  0.0000000E+00  0.6344755E+01
   06  0.1206349E+01  0.0000000E+00  0.0000000E+00  0.0000000E+00  0.6344755E+01
   06  0.1214286E+01  0.0000000E+00  0.0000000E+00  0.0000000E+00  0.6344755E+01
   06  0.1238095E+01  0.0000000E+00  0.0000000E+00  0.0000000E+00  0.6344755E+01
   06  0.1261905E+01  0.0000000E+00  0.0000000E+00  0.0000000E+00  0.6344755E+01
   06  0.1285714E+01  0.0000000E+00  0.0000000E+00  0.0000000E+00  0.6344755E+01
   06  0.1309524E+01  0.0000000E+00  0.0000000E+00  0.0000000E+00  0.6344755E+01
   06  0.1333333E+01  0.0000000E+00  0.0000000E+00  0.0000000E+00  0.6344755E+01
   06  0.1357143E+01  0.0000000E+00  0.0000000E+00  0.0000000E+00  0.6344755E+01
   06  0.1380952E+01  0.0000000E+00  0.0000000E+00  0.0000000E+00  0.6344755E+01
   06  0.1404762E+01  0.0000000E+00  0.0000000E+00  0.0000000E+00  0.6344755E+01
   06  0.1428571E+01  0.0000000E+00  0.0000000E+00  0.0000000E+00  0.6344755E+01
   06  0.1452381E+01  0.0000000E+00  0.0000000E+00  0.0000000E+00  0.6344755E+01
   06  0.1476190E+01  0.0000000E+00  0.0000000E+00  0.0000000E+00  0.6344755E+01
   06  0.1500000E+01  0.0000000E+00  0.0000000E+00  0.0000000E+00  0.6344755E+01
   06  0.1523810E+01  0.0000000E+00  0.0000000E+00  0.0000000E+00  0.6344755E+01
   06  0.1547619E+01  0.0000000E+00  0.0000000E+00  0.0000000E+00  0.6344755E+01
   06  0.1571429E+01  0.0000000E+00  0.0000000E+00  0.0000000E+00  0.6344755E+01
   06  0.1595238E+01  0.0000000E+00  0.0000000E+00  0.0000000E+00  0.6344755E+01
   06  0.1619048E+01  0.0000000E+00  0.0000000E+00  0.0000000E+00  0.6344755E+01
   06  0.1642857E+01  0.0000000E+00  0.0000000E+00  0.0000000E+00  0.6344755E+01
   06  0.1666667E+01  0.0000000E+00  0.0000000E+00  0.0000000E+00  0.6344755E+01
   06  0.1690476E+01  0.0000000E+00  0.0000000E+00  0.0000000E+00  0.6344755E+01
   06  0.1714286E+01  0.0000000E+00  0.0000000E+00  0.0000000E+00  0.6344755E+01
   06  0.1738095E+01  0.0000000E+00  0.0000000E+00  0.0000000E+00  0.6344755E+01
   06  0.1761905E+01  0.0000000E+00  0.0000000E+00  0.0000000E+00  0.6344755E+01
   06  0.1785714E+01  0.0000000E+00  0.0000000E+00  0.0000000E+00  0.6344755E+01
   06  0.1809524E+01  0.0000000E+00  0.0000000E+00  0.0000000E+00  0.6344755E+01
   06  0.1833333E+01  0.0000000E+00  0.0000000E+00  0.0000000E+00  0.6344755E+01
   06  0.1857143E+01  0.0000000E+00  0.0000000E+00  0.0000000E+00  0.6344755E+01
   06  0.1952381E+01  0.0000000E+00  0.0000000E+00  0.0000000E+00  0.6344755E+01
   06  0.2047619E+01  0.0000000E+00  0.0000000E+00  0.0000000E+00  0.6344755E+01
   06  0.2142857E+01  0.0000000E+00  0.0000000E+00  0.0000000E+00  0.6344755E+01
   06  0.2238095E+01  0.0000000E+00  0.0000000E+00  0.0000000E+00  0.6344755E+01
   06  0.2333333E+01  0.0000000E+00  0.0000000E+00  0.0000000E+00  0.6344755E+01
   06  0.2428571E+01  0.0000000E+00  0.0000000E+00  0.0000000E+00  0.6344755E+01
   06  0.2523810E+01  0.0000000E+00  0.0000000E+00  0.0000000E+00  0.6344755E+01
   06  0.2619048E+01  0.0000000E+00  0.0000000E+00  0.0000000E+00  0.6344755E+01
   06  0.2714286E+01  0.0000000E+00  0.0000000E+00  0.0000000E+00  0.6344755E+01
   06  0.2809524E+01  0.0000000E+00  0.0000000E+00  0.0000000E+00  0.6344755E+01
   06  0.2904762E+01  0.0000000E+00  0.0000000E+00  0.0000000E+00  0.6344755E+01
   06  0.1000000E+01  0.0000000E+00  0.0000000E+00  0.0000000E+00  0.6344755E+01
   06  0.1007937E+01  0.0000000E+00  0.0000000E+00  0.0000000E+00  0.6344755E+01
   06  0.1015873E+01  0.0000000E+00  0.0000000E+00  0.0000000E+00  0.6344755E+01
   06  0.1023810E+01  0.0000000E+00  0.0000000E+00  0.0000000E+00  0.6344755E+01
   06  0.1031746E+01  0.0000000E+00  0.0000000E+00  0.0000000E+00  0.6344755E+01
   06  0.1039683E+01  0.0000000E+00  0.0000000E+00  0.0000000E+00  0.6344755E+01
   06  0.1047619E+01  0.0000000E+00  0.0000000E+00  0.0000000E+00  0.6344755E+01
   06  0.1055556E+01  0.0000000E+00  0.0000000E+00  0.0000000E+00  0.6344755E+01
   06  0.1063492E+01  0.0000000E+00  0.0000000E+00  0.0000000E+00  0.6344755E+01
   06  0.1071429E+01  0.0000000E+00  0.0000000E+00  0.0000000E+00  0.6344755E+01
   06  0.1079365E+01  0.0000000E+00  0.0000000E+00  0.0000000E+00  0.6344755E+01
   06  0.1087302E+01  0.0000000E+00  0.0000000E+00  0.0000000E+00  0.6344755E+01
   06  0.1095238E+01  0.0000000E+00  0.0000000E+00  0.0000000E+00  0.6344755E+01
   06  0.1103175E+01  0.0000000E+00  0.0000000E+00  0.0000000E+00  0.6344755E+01
   06  0.1111111E+01  0.0000000E+00  0.0000000E+00  0.0000000E+00  0.6344755E+01
   06  0.1119048E+01  0.0000000E+00  0.0000000E+00  0.0000000E+00  0.6344755E+01
   06  0.1126984E+01  0.0000000E+00  0.0000000E+00  0.0000000E+00  0.6344755E+01
   06  0.1134921E+01  0.0000000E+00  0.0000000E+00  0.0000000E+00  0.6344755E+01
   06  0.1142857E+01  0.0000000E+00  0.0000000E+00  0.0000000E+00  0.6344755E+01
   06  0.1150794E+01  0.0000000E+00  0.0000000E+00  0.0000000E+00  0.6344755E+01
   06  0.1158730E+01  0.0000000E+00  0.0000000E+00  0.0000000E+00  0.6344755E+01
   06  0.1166667E+01  0.0000000E+00  0.0000000E+00  0.0000000E+00  0.6344755E+01
   06  0.1174603E+01  0.0000000E+00  0.0000000E+00  0.0000000E+00  0.6344755E+01
   06  0.1182540E+01  0.0000000E+00  0.0000000E+00  0.0000000E+00  0.6344755E+01
   06  0.1190476E+01  0.0000000E+00  0.0000000E+00  0.0000000E+00  0.6344755E+01
   06  0.1198413E+01  0.0000000E+00  0.0000000E+00  0.0000000E+00  0.6344755E+01
   06  0.1206349E+01  0.0000000E+00  0.0000000E+00  0.0000000E+00  0.6344755E+01
   06  0.1214286E+01  0.0000000E+00  0.0000000E+00  0.0000000E+00  0.6344755E+01
   06  0.1238095E+01  0.0000000E+00  0.0000000E+00  0.0000000E+00  0.6344755E+01
   06  0.1261905E+01  0.0000000E+00  0.0000000E+00  0.0000000E+00  0.6344755E+01
   06  0.1285714E+01  0.0000000E+00  0.0000000E+00  0.0000000E+00  0.6344755E+01
   06  0.1309524E+01  0.0000000E+00  0.0000000E+00  0.0000000E+00  0.6344755E+01
   06  0.1333333E+01  0.0000000E+00  0.0000000E+00  0.0000000E+00  0.6344755E+01
   06  0.1357143E+01  0.0000000E+00  0.0000000E+00  0.0000000E+00  0.6344755E+01
   06  0.1380952E+01  0.0000000E+00  0.0000000E+00  0.0000000E+00  0.6344755E+01
   06  0.1404762E+01  0.0000000E+00  0.0000000E+00  0.0000000E+00  0.6344755E+01
   06  0.1428571E+01  0.0000000E+00  0.0000000E+00  0.0000000E+00  0.6344755E+01
   06  0.1452381E+01  0.0000000E+00  0.0000000E+00  0.0000000E+00  0.6344755E+01
   06  0.1476190E+01  0.0000000E+00  0.0000000E+00  0.0000000E+00  0.6344755E+01
   06  0.1500000E+01  0.0000000E+00  0.0000000E+00  0.0000000E+00  0.6344755E+01
   06  0.1523810E+01  0.0000000E+00  0.0000000E+00  0.0000000E+00  0.6344755E+01
   06  0.1547619E+01  0.0000000E+00  0.0000000E+00  0.0000000E+00  0.6344755E+01
   06  0.1571429E+01  0.0000000E+00  0.0000000E+00  0.0000000E+00  0.6344755E+01
   06  0.1595238E+01  0.0000000E+00  0.0000000E+00  0.0000000E+00  0.6344755E+01
   06  0.1619048E+01  0.0000000E+00  0.0000000E+00  0.0000000E+00  0.6344755E+01
   06  0.1642857E+01  0.0000000E+00  0.0000000E+00  0.0000000E+00  0.6344755E+01
   06  0.1666667E+01  0.0000000E+00  0.0000000E+00  0.0000000E+00  0.6344755E+01
   06  0.1690476E+01  0.0000000E+00  0.0000000E+00  0.0000000E+00  0.6344755E+01
   06  0.1714286E+01  0.0000000E+00  0.0000000E+00  0.0000000E+00  0.6344755E+01
   06  0.1738095E+01  0.0000000E+00  0.0000000E+00  0.0000000E+00  0.6344755E+01
   06  0.1761905E+01  0.0000000E+00  0.0000000E+00  0.0000000E+00  0.6344755E+01
   06  0.1785714E+01  0.0000000E+00  0.0000000E+00  0.0000000E+00  0.6344755E+01
   06  0.1809524E+01  0.0000000E+00  0.0000000E+00  0.0000000E+00  0.6344755E+01
   06  0.1833333E+01  0.0000000E+00  0.0000000E+00  0.0000000E+00  0.6344755E+01
   06  0.1857143E+01  0.0000000E+00  0.0000000E+00  0.0000000E+00  0.6344755E+01
   06  0.1952381E+01  0.0000000E+00  0.0000000E+00  0.0000000E+00  0.6344755E+01
   06  0.2047619E+01  0.0000000E+00  0.0000000E+00  0.0000000E+00  0.6344755E+01
   06  0.2142857E+01  0.0000000E+00  0.0000000E+00  0.0000000E+00  0.6344755E+01
   06  0.2238095E+01  0.0000000E+00  0.0000000E+00  0.0000000E+00  0.6344755E+01
   06  0.2333333E+01  0.0000000E+00  0.0000000E+00  0.0000000E+00  0.6344755E+01
   06  0.2428571E+01  0.0000000E+00  0.0000000E+00  0.0000000E+00  0.6344755E+01
   06  0.2523810E+01  0.0000000E+00  0.0000000E+00  0.0000000E+00  0.6344755E+01
   06  0.2619048E+01  0.0000000E+00  0.0000000E+00  0.0000000E+00  0.6344755E+01
   06  0.2714286E+01  0.0000000E+00  0.0000000E+00  0.0000000E+00  0.6344755E+01
   06  0.2809524E+01  0.0000000E+00  0.0000000E+00  0.0000000E+00  0.6344755E+01
   06  0.2904762E+01  0.0000000E+00  0.0000000E+00  0.0000000E+00  0.6344755E+01
   06  0.1000000E+01  0.0000000E+00  0.0000000E+00  0.0000000E+00  0.6344755E+01
   06  0.1007937E+01  0.0000000E+00  0.0000000E+00  0.0000000E+00  0.6344755E+01
   06  0.1015873E+01  0.0000000E+00  0.0000000E+00  0.0000000E+00  0.6344755E+01
   06  0.1023810E+01  0.0000000E+00  0.0000000E+00  0.0000000E+00  0.6344755E+01
   06  0.1031746E+01  0.0000000E+00  0.0000000E+00  0.0000000E+00  0.6344755E+01
   06  0.1039683E+01  0.0000000E+00  0.0000000E+00  0.0000000E+00  0.6344755E+01
   06  0.1047619E+01  0.0000000E+00  0.0000000E+00  0.0000000E+00  0.6344755E+01
   06  0.1055556E+01  0.0000000E+00  0.0000000E+00  0.0000000E+00  0.6344755E+01
   06  0.1063492E+01  0.0000000E+00  0.0000000E+00  0.0000000E+00  0.6344755E+01
   06  0.1071429E+01  0.0000000E+00  0.0000000E+00  0.0000000E+00  0.6344755E+01
   06  0.1079365E+01  0.0000000E+00  0.0000000E+00  0.0000000E+00  0.6344755E+01
   06  0.1087302E+01  0.0000000E+00  0.0000000E+00  0.0000000E+00  0.6344755E+01
   06  0.1095238E+01  0.0000000E+00  0.0000000E+00  0.0000000E+00  0.6344755E+01
   06  0.1103175E+01  0.0000000E+00  0.0000000E+00  0.0000000E+00  0.6344755E+01
   06  0.1111111E+01  0.0000000E+00  0.0000000E+00  0.0000000E+00  0.6344755E+01
   06  0.1119048E+01  0.0000000E+00  0.0000000E+00  0.0000000E+00  0.6344755E+01
   06  0.1126984E+01  0.0000000E+00  0.0000000E+00  0.0000000E+00  0.6344755E+01
   06  0.1134921E+01  0.0000000E+00  0.0000000E+00  0.0000000E+00  0.6344755E+01
   06  0.1142857E+01  0.0000000E+00  0.0000000E+00  0.0000000E+00  0.6344755E+01
   06  0.1150794E+01  0.0000000E+00  0.0000000E+00  0.0000000E+00  0.6344755E+01
   06  0.1158730E+01  0.0000000E+00  0.0000000E+00  0.0000000E+00  0.6344755E+01
   06  0.1166667E+01  0.0000000E+00  0.0000000E+00  0.0000000E+00  0.6344755E+01
   06  0.1174603E+01  0.0000000E+00  0.0000000E+00  0.0000000E+00  0.6344755E+01
   06  0.1182540E+01  0.0000000E+00  0.0000000E+00  0.0000000E+00  0.6344755E+01
   06  0.1190476E+01  0.0000000E+00  0.0000000E+00  0.0000000E+00  0.6344755E+01
   06  0.1198413E+01  0.0000000E+00  0.0000000E+00  0.0000000E+00  0.6344755E+01
   06  0.1206349E+01  0.0000000E+00  0.0000000E+00  0.0000000E+00  0.6344755E+01
   06  0.1214286E+01  0.0000000E+00  0.0000000E+00  0.0000000E+00  0.6344755E+01
   06  0.1238095E+01  0.0000000E+00  0.0000000E+00  0.0000000E+00  0.6344755E+01
   06  0.1261905E+01  0.0000000E+00  0.0000000E+00  0.0000000E+00  0.6344755E+01
   06  0.1285714E+01  0.0000000E+00  0.0000000E+00  0.0000000E+00  0.6344755E+01
   06  0.1309524E+01  0.0000000E+00  0.0000000E+00  0.0000000E+00  0.6344755E+01
   06  0.1333333E+01  0.0000000E+00  0.0000000E+00  0.0000000E+00  0.6344755E+01
   06  0.1357143E+01  0.0000000E+00  0.0000000E+00  0.0000000E+00  0.6344755E+01
   06  0.1380952E+01  0.0000000E+00  0.0000000E+00  0.0000000E+00  0.6344755E+01
   06  0.1404762E+01  0.0000000E+00  0.0000000E+00  0.0000000E+00  0.6344755E+01
   06  0.1428571E+01  0.0000000E+00  0.0000000E+00  0.0000000E+00  0.6344755E+01
   06  0.1452381E+01  0.0000000E+00  0.0000000E+00  0.0000000E+00  0.6344755E+01
   06  0.1476190E+01  0.0000000E+00  0.0000000E+00  0.0000000E+00  0.6344755E+01
   06  0.1500000E+01  0.0000000E+00  0.0000000E+00  0.0000000E+00  0.6344755E+01
   06  0.1523810E+01  0.0000000E+00  0.0000000E+00  0.0000000E+00  0.6344755E+01
   06  0.1547619E+01  0.0000000E+00  0.0000000E+00  0.0000000E+00  0.6344755E+01
   06  0.1571429E+01  0.0000000E+00  0.0000000E+00  0.0000000E+00  0.6344755E+01
   06  0.1595238E+01  0.0000000E+00  0.0000000E+00  0.0000000E+00  0.6344755E+01
   06  0.1619048E+01  0.0000000E+00  0.0000000E+00  0.0000000E+00  0.6344755E+01
   06  0.1642857E+01  0.0000000E+00  0.0000000E+00  0.0000000E+00  0.6344755E+01
   06  0.1666667E+01  0.0000000E+00  0.0000000E+00  0.0000000E+00  0.6344755E+01
   06  0.1690476E+01  0.0000000E+00  0.0000000E+00  0.0000000E+00  0.6344755E+01
   06  0.1714286E+01  0.0000000E+00  0.0000000E+00  0.0000000E+00  0.6344755E+01
   06  0.1738095E+01  0.0000000E+00  0.0000000E+00  0.0000000E+00  0.6344755E+01
   06  0.1761905E+01  0.0000000E+00  0.0000000E+00  0.0000000E+00  0.6344755E+01
   06  0.1785714E+01  0.0000000E+00  0.0000000E+00  0.0000000E+00  0.6344755E+01
   06  0.1809524E+01  0.0000000E+00  0.0000000E+00  0.0000000E+00  0.6344755E+01
   06  0.1833333E+01  0.0000000E+00  0.0000000E+00  0.0000000E+00  0.6344755E+01
   06  0.1857143E+01  0.0000000E+00  0.0000000E+00  0.0000000E+00  0.6344755E+01
   06  0.1952381E+01  0.0000000E+00  0.0000000E+00  0.0000000E+00  0.6344755E+01
   06  0.2047619E+01  0.0000000E+00  0.0000000E+00  0.0000000E+00  0.6344755E+01
   06  0.2142857E+01  0.0000000E+00  0.0000000E+00  0.0000000E+00  0.6344755E+01
   06  0.2238095E+01  0.0000000E+00  0.0000000E+00  0.0000000E+00  0.6344755E+01
   06  0.2333333E+01  0.0000000E+00  0.0000000E+00  0.0000000E+00  0.6344755E+01
   06  0.2428571E+01  0.0000000E+00  0.0000000E+00  0.0000000E+00  0.6344755E+01
   06  0.2523810E+01  0.0000000E+00  0.0000000E+00  0.0000000E+00  0.6344755E+01
   06  0.2619048E+01  0.0000000E+00  0.0000000E+00  0.0000000E+00  0.6344755E+01
   06  0.2714286E+01  0.0000000E+00  0.0000000E+00  0.0000000E+00  0.6344755E+01
   06  0.2809524E+01  0.0000000E+00  0.0000000E+00  0.0000000E+00  0.6344755E+01
   06  0.2904762E+01  0.0000000E+00  0.0000000E+00  0.0000000E+00  0.6344755E+01
   06  0.1000000E+01  0.0000000E+00  0.0000000E+00  0.0000000E+00  0.6344755E+01
   06  0.1007937E+01  0.0000000E+00  0.0000000E+00  0.0000000E+00  0.6344755E+01
   06  0.1015873E+01  0.0000000E+00  0.0000000E+00  0.0000000E+00  0.6344755E+01
   06  0.1023810E+01  0.0000000E+00  0.0000000E+00  0.0000000E+00  0.6344755E+01
   06  0.1031746E+01  0.0000000E+00  0.0000000E+00  0.0000000E+00  0.6344755E+01
   06  0.1039683E+01  0.0000000E+00  0.0000000E+00  0.0000000E+00  0.6344755E+01
   06  0.1047619E+01  0.0000000E+00  0.0000000E+00  0.0000000E+00  0.6344755E+01
   06  0.1055556E+01  0.0000000E+00  0.0000000E+00  0.0000000E+00  0.6344755E+01
   06  0.1063492E+01  0.0000000E+00  0.0000000E+00  0.0000000E+00  0.6344755E+01
   06  0.1071429E+01  0.0000000E+00  0.0000000E+00  0.0000000E+00  0.6344755E+01
   06  0.1079365E+01  0.0000000E+00  0.0000000E+00  0.0000000E+00  0.6344755E+01
   06  0.1087302E+01  0.0000000E+00  0.0000000E+00  0.0000000E+00  0.6344755E+01
   06  0.1095238E+01  0.0000000E+00  0.0000000E+00  0.0000000E+00  0.6344755E+01
   06  0.1103175E+01  0.0000000E+00  0.0000000E+00  0.0000000E+00  0.6344755E+01
   06  0.1111111E+01  0.0000000E+00  0.0000000E+00  0.0000000E+00  0.6344755E+01
   06  0.1119048E+01  0.0000000E+00  0.0000000E+00  0.0000000E+00  0.6344755E+01
   06  0.1126984E+01  0.0000000E+00  0.0000000E+00  0.0000000E+00  0.6344755E+01
   06  0.1134921E+01  0.0000000E+00  0.0000000E+00  0.0000000E+00  0.6344755E+01
   06  0.1142857E+01  0.0000000E+00  0.0000000E+00  0.0000000E+00  0.6344755E+01
   06  0.1150794E+01  0.0000000E+00  0.0000000E+00  0.0000000E+00  0.6344755E+01
   06  0.1158730E+01  0.0000000E+00  0.0000000E+00  0.0000000E+00  0.6344755E+01
   06  0.1166667E+01  0.0000000E+00  0.0000000E+00  0.0000000E+00  0.6344755E+01
   06  0.1174603E+01  0.0000000E+00  0.0000000E+00  0.0000000E+00  0.6344755E+01
   06  0.1182540E+01  0.0000000E+00  0.0000000E+00  0.0000000E+00  0.6344755E+01
   06  0.1190476E+01  0.0000000E+00  0.0000000E+00  0.0000000E+00  0.6344755E+01
   06  0.1198413E+01  0.0000000E+00  0.0000000E+00  0.0000000E+00  0.6344755E+01
   06  0.1206349E+01  0.0000000E+00  0.0000000E+00  0.0000000E+00  0.6344755E+01
   06  0.1214286E+01  0.0000000E+00  0.0000000E+00  0.0000000E+00  0.6344755E+01
   06  0.1238095E+01  0.0000000E+00  0.0000000E+00  0.0000000E+00  0.6344755E+01
   06  0.1261905E+01  0.0000000E+00  0.0000000E+00  0.0000000E+00  0.6344755E+01
   06  0.1285714E+01  0.0000000E+00  0.0000000E+00  0.0000000E+00  0.6344755E+01
   06  0.1309524E+01  0.0000000E+00  0.0000000E+00  0.0000000E+00  0.6344755E+01
   06  0.1333333E+01  0.0000000E+00  0.0000000E+00  0.0000000E+00  0.6344755E+01
   06  0.1357143E+01  0.0000000E+00  0.0000000E+00  0.0000000E+00  0.6344755E+01
   06  0.1380952E+01  0.0000000E+00  0.0000000E+00  0.0000000E+00  0.6344755E+01
   06  0.1404762E+01  0.0000000E+00  0.0000000E+00  0.0000000E+00  0.6344755E+01
   06  0.1428571E+01  0.0000000E+00  0.0000000E+00  0.0000000E+00  0.6344755E+01
   06  0.1452381E+01  0.0000000E+00  0.0000000E+00  0.0000000E+00  0.6344755E+01
   06  0.1476190E+01  0.0000000E+00  0.0000000E+00  0.0000000E+00  0.6344755E+01
   06  0.1500000E+01  0.0000000E+00  0.0000000E+00  0.0000000E+00  0.6344755E+01
   06  0.1523810E+01  0.0000000E+00  0.0000000E+00  0.0000000E+00  0.6344755E+01
   06  0.1547619E+01  0.0000000E+00  0.0000000E+00  0.0000000E+00  0.6344755E+01
   06  0.1571429E+01  0.0000000E+00  0.0000000E+00  0.0000000E+00  0.6344755E+01
   06  0.1595238E+01  0.0000000E+00  0.0000000E+00  0.0000000E+00  0.6344755E+01
   06  0.1619048E+01  0.0000000E+00  0.0000000E+00  0.0000000E+00  0.6344755E+01
   06  0.1642857E+01  0.0000000E+00  0.0000000E+00  0.0000000E+00  0.6344755E+01
   06  0.1666667E+01  0.0000000E+00  0.0000000E+00  0.0000000E+00  0.6344755E+01
   06  0.1690476E+01  0.0000000E+00  0.0000000E+00  0.0000000E+00  0.6344755E+01
   06  0.1714286E+01  0.0000000E+00  0.0000000E+00  0.0000000E+00  0.6344755E+01
   06  0.1738095E+01  0.0000000E+00  0.0000000E+00  0.0000000E+00  0.6344755E+01
   06  0.1761905E+01  0.0000000E+00  0.0000000E+00  0.0000000E+00  0.6344755E+01
   06  0.1785714E+01  0.0000000E+00  0.0000000E+00  0.0000000E+00  0.6344755E+01
   06  0.1809524E+01  0.0000000E+00  0.0000000E+00  0.0000000E+00  0.6344755E+01
   06  0.1833333E+01  0.0000000E+00  0.0000000E+00  0.0000000E+00  0.6344755E+01
   06  0.1857143E+01  0.0000000E+00  0.0000000E+00  0.0000000E+00  0.6344755E+01
   06  0.1952381E+01  0.0000000E+00  0.0000000E+00  0.0000000E+00  0.6344755E+01
   06  0.2047619E+01  0.0000000E+00  0.0000000E+00  0.0000000E+00  0.6344755E+01
   06  0.2142857E+01  0.0000000E+00  0.0000000E+00  0.0000000E+00  0.6344755E+01
   06  0.2238095E+01  0.0000000E+00  0.0000000E+00  0.0000000E+00  0.6344755E+01
   06  0.2333333E+01  0.0000000E+00  0.0000000E+00  0.0000000E+00  0.6344755E+01
   06  0.2428571E+01  0.0000000E+00  0.0000000E+00  0.0000000E+00  0.6344755E+01
   06  0.2523810E+01  0.0000000E+00  0.0000000E+00  0.0000000E+00  0.6344755E+01
   06  0.2619048E+01  0.0000000E+00  0.0000000E+00  0.0000000E+00  0.6344755E+01
   06  0.2714286E+01  0.0000000E+00  0.0000000E+00  0.0000000E+00  0.6344755E+01
   06  0.2809524E+01  0.0000000E+00  0.0000000E+00  0.0000000E+00  0.6344755E+01
   06  0.2904762E+01  0.0000000E+00  0.0000000E+00  0.0000000E+00  0.6344755E+01
   06  0.1000000E+01  0.0000000E+00  0.0000000E+00  0.0000000E+00  0.6344755E+01
   06  0.1007937E+01  0.0000000E+00  0.0000000E+00  0.0000000E+00  0.6344755E+01
   06  0.1015873E+01  0.0000000E+00  0.0000000E+00  0.0000000E+00  0.6344755E+01
   06  0.1023810E+01  0.0000000E+00  0.0000000E+00  0.0000000E+00  0.6344755E+01
   06  0.1031746E+01  0.0000000E+00  0.0000000E+00  0.0000000E+00  0.6344755E+01
   06  0.1039683E+01  0.0000000E+00  0.0000000E+00  0.0000000E+00  0.6344755E+01
   06  0.1047619E+01  0.0000000E+00  0.0000000E+00  0.0000000E+00  0.6344755E+01
   06  0.1055556E+01  0.0000000E+00  0.0000000E+00  0.0000000E+00  0.6344755E+01
   06  0.1063492E+01  0.0000000E+00  0.0000000E+00  0.0000000E+00  0.6344755E+01
   06  0.1071429E+01  0.0000000E+00  0.0000000E+00  0.0000000E+00  0.6344755E+01
   06  0.1079365E+01  0.0000000E+00  0.0000000E+00  0.0000000E+00  0.6344755E+01
   06  0.1087302E+01  0.0000000E+00  0.0000000E+00  0.0000000E+00  0.6344755E+01
   06  0.1095238E+01  0.0000000E+00  0.0000000E+00  0.0000000E+00  0.6344755E+01
   06  0.1103175E+01  0.0000000E+00  0.0000000E+00  0.0000000E+00  0.6344755E+01
   06  0.1111111E+01  0.0000000E+00  0.0000000E+00  0.0000000E+00  0.6344755E+01
   06  0.1119048E+01  0.0000000E+00  0.0000000E+00  0.0000000E+00  0.6344755E+01
   06  0.1126984E+01  0.0000000E+00  0.0000000E+00  0.0000000E+00  0.6344755E+01
   06  0.1134921E+01  0.0000000E+00  0.0000000E+00  0.0000000E+00  0.6344755E+01
   06  0.1142857E+01  0.0000000E+00  0.0000000E+00  0.0000000E+00  0.6344755E+01
   06  0.1150794E+01  0.0000000E+00  0.0000000E+00  0.0000000E+00  0.6344755E+01
   06  0.1158730E+01  0.0000000E+00  0.0000000E+00  0.0000000E+00  0.6344755E+01
   06  0.1166667E+01  0.0000000E+00  0.0000000E+00  0.0000000E+00  0.6344755E+01
   06  0.1174603E+01  0.0000000E+00  0.0000000E+00  0.0000000E+00  0.6344755E+01
   06  0.1182540E+01  0.0000000E+00  0.0000000E+00  0.0000000E+00  0.6344755E+01
   06  0.1190476E+01  0.0000000E+00  0.0000000E+00  0.0000000E+00  0.6344755E+01
   06  0.1198413E+01  0.0000000E+00  0.0000000E+00  0.0000000E+00  0.6344755E+01
   06  0.1206349E+01  0.0000000E+00  0.0000000E+00  0.0000000E+00  0.6344755E+01
   06  0.1214286E+01  0.0000000E+00  0.0000000E+00  0.0000000E+00  0.6344755E+01
   06  0.1238095E+01  0.0000000E+00  0.0000000E+00  0.0000000E+00  0.6344755E+01
   06  0.1261905E+01  0.0000000E+00  0.0000000E+00  0.0000000E+00  0.6344755E+01
   06  0.1285714E+01  0.0000000E+00  0.0000000E+00  0.0000000E+00  0.6344755E+01
   06  0.1309524E+01  0.0000000E+00  0.0000000E+00  0.0000000E+00  0.6344755E+01
   06  0.1333333E+01  0.0000000E+00  0.0000000E+00  0.0000000E+00  0.6344755E+01
   06  0.1357143E+01  0.0000000E+00  0.0000000E+00  0.0000000E+00  0.6344755E+01
   06  0.1380952E+01  0.0000000E+00  0.0000000E+00  0.0000000E+00  0.6344755E+01
   06  0.1404762E+01  0.0000000E+00  0.0000000E+00  0.0000000E+00  0.6344755E+01
   06  0.1428571E+01  0.0000000E+00  0.0000000E+00  0.0000000E+00  0.6344755E+01
   06  0.1452381E+01  0.0000000E+00  0.0000000E+00  0.0000000E+00  0.6344755E+01
   06  0.1476190E+01  0.0000000E+00  0.0000000E+00  0.0000000E+00  0.6344755E+01
   06  0.1500000E+01  0.0000000E+00  0.0000000E+00  0.0000000E+00  0.6344755E+01
   06  0.1523810E+01  0.0000000E+00  0.0000000E+00  0.0000000E+00  0.6344755E+01
   06  0.1547619E+01  0.0000000E+00  0.0000000E+00  0.0000000E+00  0.6344755E+01
   06  0.1571429E+01  0.0000000E+00  0.0000000E+00  0.0000000E+00  0.6344755E+01
   06  0.1595238E+01  0.0000000E+00  0.0000000E+00  0.0000000E+00  0.6344755E+01
   06  0.1619048E+01  0.0000000E+00  0.0000000E+00  0.0000000E+00  0.6344755E+01
   06  0.1642857E+01  0.0000000E+00  0.0000000E+00  0.0000000E+00  0.6344755E+01
   06  0.1666667E+01  0.0000000E+00  0.0000000E+00  0.0000000E+00  0.6344755E+01
   06  0.1690476E+01  0.0000000E+00  0.0000000E+00  0.0000000E+00  0.6344755E+01
   06  0.1714286E+01  0.0000000E+00  0.0000000E+00  0.0000000E+00  0.6344755E+01
   06  0.1738095E+01  0.0000000E+00  0.0000000E+00  0.0000000E+00  0.6344755E+01
   06  0.1761905E+01  0.0000000E+00  0.0000000E+00  0.0000000E+00  0.6344755E+01
   06  0.1785714E+01  0.0000000E+00  0.0000000E+00  0.0000000E+00  0.6344755E+01
   06  0.1809524E+01  0.0000000E+00  0.0000000E+00  0.0000000E+00  0.6344755E+01
   06  0.1833333E+01  0.0000000E+00  0.0000000E+00  0.0000000E+00  0.6344755E+01
   06  0.1857143E+01  0.0000000E+00  0.0000000E+00  0.0000000E+00  0.6344755E+01
   06  0.1952381E+01  0.0000000E+00  0.0000000E+00  0.0000000E+00  0.6344755E+01
   06  0.2047619E+01  0.0000000E+00  0.0000000E+00  0.0000000E+00  0.6344755E+01
   06  0.2142857E+01  0.0000000E+00  0.0000000E+00  0.0000000E+00  0.6344755E+01
   06  0.2238095E+01  0.0000000E+00  0.0000000E+00  0.0000000E+00  0.6344755E+01
   06  0.2333333E+01  0.0000000E+00  0.0000000E+00  0.0000000E+00  0.6344755E+01
   06  0.2428571E+01  0.0000000E+00  0.0000000E+00  0.0000000E+00  0.6344755E+01
   06  0.2523810E+01  0.0000000E+00  0.0000000E+00  0.0000000E+00  0.6344755E+01
   06  0.2619048E+01  0.0000000E+00  0.0000000E+00  0.0000000E+00  0.6344755E+01
   06  0.2714286E+01  0.0000000E+00  0.0000000E+00  0.0000000E+00  0.6344755E+01
   06  0.2809524E+01  0.0000000E+00  0.0000000E+00  0.0000000E+00  0.6344755E+01
   06  0.2904762E+01  0.0000000E+00  0.0000000E+00  0.0000000E+00  0.6344755E+01
