# gauge_id= 205 location=( -0.1242068000E+03  0.4176000000E+02 ) num_var=  4
# Stationary gauge
# level, time, q[  1  2  3], eta, aux[]
# file format ascii, time series follow in this file
   06  0.0000000E+00  0.1565069E+02  0.0000000E+00  0.0000000E+00  0.0000000E+00
   06  0.0000000E+00  0.1565069E+02  0.0000000E+00  0.0000000E+00  0.0000000E+00
   06  0.0000000E+00  0.1565069E+02  0.0000000E+00  0.0000000E+00  0.0000000E+00
   06  0.0000000E+00  0.1565069E+02  0.0000000E+00  0.0000000E+00  0.0000000E+00
   06  0.0000000E+00  0.1565069E+02  0.0000000E+00  0.0000000E+00  0.0000000E+00
   06  0.1000000E+01  0.1565069E+02 -0.8464369E-15  0.6228500E-15 -0.4446780E+00
   06  0.1007937E+01  0.1565069E+02  0.1868890E-03  0.9865466E-05 -0.4446780E+00
   06  0.1015873E+01  0.1565069E+02  0.3737778E-03  0.1973088E-04 -0.4446780E+00
   06  0.1023810E+01  0.1565069E+02  0.5606664E-03  0.2959623E-04 -0.4446780E+00
   06  0.1031746E+01  0.1565069E+02  0.7475548E-03  0.3946153E-04 -0.4446780E+00
   06  0.1039683E+01  0.1565069E+02  0.9344430E-03  0.4932678E-04 -0.4446780E+00
   06  0.1047619E+01  0.1565069E+02  0.1121331E-02  0.5919196E-04 -0.4446780E+00
   06  0.1055556E+01  0.1565069E+02  0.1308219E-02  0.6905708E-04 -0.4446780E+00
   06  0.1063492E+01  0.1565069E+02  0.1495106E-02  0.7892215E-04 -0.4446780E+00
   06  0.1071429E+01  0.1565069E+02  0.1681993E-02  0.8878715E-04 -0.4446780E+00
   06  0.1079365E+01  0.1565069E+02  0.1868880E-02  0.9865208E-04 -0.4446780E+00
   06  0.1087302E+01  0.1565069E+02  0.2055767E-02  0.1085170E-03 -0.4446780E+00
   06  0.1095238E+01  0.1565069E+02  0.2242653E-02  0.1183818E-03 -0.4446780E+00
   06  0.1103175E+01  0.1565069E+02  0.2429539E-02  0.1282465E-03 -0.4446781E+00
   06  0.1111111E+01  0.1565069E+02  0.2616425E-02  0.1381112E-03 -0.4446781E+00
   06  0.1119048E+01  0.1565069E+02  0.2803311E-02  0.1479758E-03 -0.4446781E+00
   06  0.1126984E+01  0.1565069E+02  0.2990196E-02  0.1578403E-03 -0.4446781E+00
   06  0.1134921E+01  0.1565069E+02  0.3177081E-02  0.1677048E-03 -0.4446781E+00
   06  0.1142857E+01  0.1565069E+02  0.3363966E-02  0.1775692E-03 -0.4446781E+00
   06  0.1150794E+01  0.1565069E+02  0.3550850E-02  0.1874335E-03 -0.4446781E+00
   06  0.1158730E+01  0.1565069E+02  0.3737734E-02  0.1972978E-03 -0.4446781E+00
   06  0.1166667E+01  0.1565069E+02  0.3924618E-02  0.2071619E-03 -0.4446781E+00
   06  0.1174603E+01  0.1565069E+02  0.4111501E-02  0.2170260E-03 -0.4446781E+00
   06  0.1182540E+01  0.1565069E+02  0.4298384E-02  0.2268900E-03 -0.4446781E+00
   06  0.1190476E+01  0.1565069E+02  0.4485267E-02  0.2367540E-03 -0.4446781E+00
   06  0.1198413E+01  0.1565069E+02  0.4672150E-02  0.2466179E-03 -0.4446781E+00
   06  0.1206349E+01  0.1565069E+02  0.4859032E-02  0.2564816E-03 -0.4446781E+00
   06  0.1214286E+01  0.1565069E+02  0.5045913E-02  0.2663453E-03 -0.4446781E+00
   06  0.1238095E+01  0.1565069E+02  0.5606557E-02  0.2959361E-03 -0.4446780E+00
   06  0.1261905E+01  0.1565069E+02  0.6167197E-02  0.3255261E-03 -0.4446780E+00
   06  0.1285714E+01  0.1565069E+02  0.6727833E-02  0.3551153E-03 -0.4446780E+00
   06  0.1309524E+01  0.1565069E+02  0.7288466E-02  0.3847037E-03 -0.4446780E+00
   06  0.1333333E+01  0.1565069E+02  0.7849095E-02  0.4142912E-03 -0.4446780E+00
   06  0.1357143E+01  0.1565069E+02  0.8409720E-02  0.4438778E-03 -0.4446780E+00
   06  0.1380952E+01  0.1565069E+02  0.8970341E-02  0.4734635E-03 -0.4446780E+00
   06  0.1404762E+01  0.1565069E+02  0.9530957E-02  0.5030482E-03 -0.4446779E+00
   06  0.1428571E+01  0.1565069E+02  0.1009157E-01  0.5326320E-03 -0.4446779E+00
   06  0.1452381E+01  0.1565069E+02  0.1065218E-01  0.5622147E-03 -0.4446779E+00
   06  0.1476190E+01  0.1565069E+02  0.1121278E-01  0.5917965E-03 -0.4446778E+00
   06  0.1500000E+01  0.1565069E+02  0.1177338E-01  0.6213771E-03 -0.4446778E+00
   06  0.1523810E+01  0.1565069E+02  0.1233397E-01  0.6509567E-03 -0.4446778E+00
   06  0.1547619E+01  0.1565069E+02  0.1289456E-01  0.6805351E-03 -0.4446777E+00
   06  0.1571429E+01  0.1565069E+02  0.1345514E-01  0.7101124E-03 -0.4446777E+00
   06  0.1595238E+01  0.1565069E+02  0.1401572E-01  0.7396886E-03 -0.4446776E+00
   06  0.1619048E+01  0.1565069E+02  0.1457629E-01  0.7692635E-03 -0.4446776E+00
   06  0.1642857E+01  0.1565069E+02  0.1513685E-01  0.7988371E-03 -0.4446775E+00
   06  0.1666667E+01  0.1565069E+02  0.1569741E-01  0.8284095E-03 -0.4446775E+00
   06  0.1690476E+01  0.1565069E+02  0.1625797E-01  0.8579807E-03 -0.4446774E+00
   06  0.1714286E+01  0.1565069E+02  0.1681851E-01  0.8875504E-03 -0.4446774E+00
   06  0.1738095E+01  0.1565069E+02  0.1737906E-01  0.9171189E-03 -0.4446773E+00
   06  0.1761905E+01  0.1565069E+02  0.1793959E-01  0.9466859E-03 -0.4446773E+00
   06  0.1785714E+01  0.1565069E+02  0.1850012E-01  0.9762516E-03 -0.4446772E+00
   06  0.1809524E+01  0.1565069E+02  0.1906064E-01  0.1005816E-02 -0.4446771E+00
   06  0.1833333E+01  0.1565069E+02  0.1962116E-01  0.1035378E-02 -0.4446771E+00
   06  0.1857143E+01  0.1565069E+02  0.2018167E-01  0.1064940E-02 -0.4446770E+00
   06  0.1952381E+01  0.1565069E+02  0.2242364E-01  0.1183171E-02 -0.4446767E+00
   06  0.2047619E+01  0.1565069E+02  0.2466550E-01  0.1301375E-02 -0.4446763E+00
   06  0.2142857E+01  0.1565070E+02  0.2690724E-01  0.1419550E-02 -0.4446759E+00
   06  0.2238095E+01  0.1565070E+02  0.2914884E-01  0.1537695E-02 -0.4446755E+00
   06  0.2333333E+01  0.1565070E+02  0.3139030E-01  0.1655808E-02 -0.4446750E+00
   06  0.2428571E+01  0.1565070E+02  0.3363161E-01  0.1773886E-02 -0.4446745E+00
   06  0.2523810E+01  0.1565070E+02  0.3587277E-01  0.1891927E-02 -0.4446739E+00
   06  0.2619048E+01  0.1565070E+02  0.3811378E-01  0.2009930E-02 -0.4446733E+00
   06  0.2714286E+01  0.1565070E+02  0.4035461E-01  0.2127893E-02 -0.4446726E+00
   06  0.2809524E+01  0.1565070E+02  0.4259528E-01  0.2245812E-02 -0.4446719E+00
   06  0.2904762E+01  0.1565070E+02  0.4483577E-01  0.2363688E-02 -0.4446712E+00
   06  0.1000000E+01  0.1565069E+02 -0.8464369E-15  0.6228500E-15 -0.4446780E+00
   06  0.1007937E+01  0.1565069E+02  0.1868890E-03  0.9865466E-05 -0.4446780E+00
   06  0.1015873E+01  0.1565069E+02  0.3737778E-03  0.1973088E-04 -0.4446780E+00
   06  0.1023810E+01  0.1565069E+02  0.5606664E-03  0.2959623E-04 -0.4446780E+00
   06  0.1031746E+01  0.1565069E+02  0.7475548E-03  0.3946153E-04 -0.4446780E+00
   06  0.1039683E+01  0.1565069E+02  0.9344430E-03  0.4932678E-04 -0.4446780E+00
   06  0.1047619E+01  0.1565069E+02  0.1121331E-02  0.5919196E-04 -0.4446780E+00
   06  0.1055556E+01  0.1565069E+02  0.1308219E-02  0.6905708E-04 -0.4446780E+00
   06  0.1063492E+01  0.1565069E+02  0.1495106E-02  0.7892215E-04 -0.4446780E+00
   06  0.1071429E+01  0.1565069E+02  0.1681993E-02  0.8878715E-04 -0.4446780E+00
   06  0.1079365E+01  0.1565069E+02  0.1868880E-02  0.9865208E-04 -0.4446780E+00
   06  0.1087302E+01  0.1565069E+02  0.2055767E-02  0.1085170E-03 -0.4446780E+00
   06  0.1095238E+01  0.1565069E+02  0.2242653E-02  0.1183818E-03 -0.4446780E+00
   06  0.1103175E+01  0.1565069E+02  0.2429539E-02  0.1282465E-03 -0.4446781E+00
   06  0.1111111E+01  0.1565069E+02  0.2616425E-02  0.1381112E-03 -0.4446781E+00
   06  0.1119048E+01  0.1565069E+02  0.2803311E-02  0.1479758E-03 -0.4446781E+00
   06  0.1126984E+01  0.1565069E+02  0.2990196E-02  0.1578403E-03 -0.4446781E+00
   06  0.1134921E+01  0.1565069E+02  0.3177081E-02  0.1677048E-03 -0.4446781E+00
   06  0.1142857E+01  0.1565069E+02  0.3363966E-02  0.1775692E-03 -0.4446781E+00
   06  0.1150794E+01  0.1565069E+02  0.3550850E-02  0.1874335E-03 -0.4446781E+00
   06  0.1158730E+01  0.1565069E+02  0.3737734E-02  0.1972978E-03 -0.4446781E+00
   06  0.1166667E+01  0.1565069E+02  0.3924618E-02  0.2071619E-03 -0.4446781E+00
   06  0.1174603E+01  0.1565069E+02  0.4111501E-02  0.2170260E-03 -0.4446781E+00
   06  0.1182540E+01  0.1565069E+02  0.4298384E-02  0.2268900E-03 -0.4446781E+00
   06  0.1190476E+01  0.1565069E+02  0.4485267E-02  0.2367540E-03 -0.4446781E+00
   06  0.1198413E+01  0.1565069E+02  0.4672150E-02  0.2466179E-03 -0.4446781E+00
   06  0.1206349E+01  0.1565069E+02  0.4859032E-02  0.2564816E-03 -0.4446781E+00
   06  0.1214286E+01  0.1565069E+02  0.5045913E-02  0.2663453E-03 -0.4446781E+00
   06  0.1238095E+01  0.1565069E+02  0.5606557E-02  0.2959361E-03 -0.4446780E+00
   06  0.1261905E+01  0.1565069E+02  0.6167197E-02  0.3255261E-03 -0.4446780E+00
   06  0.1285714E+01  0.1565069E+02  0.6727833E-02  0.3551153E-03 -0.4446780E+00
   06  0.1309524E+01  0.1565069E+02  0.7288466E-02  0.3847037E-03 -0.4446780E+00
   06  0.1333333E+01  0.1565069E+02  0.7849095E-02  0.4142912E-03 -0.4446780E+00
   06  0.1357143E+01  0.1565069E+02  0.8409720E-02  0.4438778E-03 -0.4446780E+00
   06  0.1380952E+01  0.1565069E+02  0.8970341E-02  0.4734635E-03 -0.4446780E+00
   06  0.1404762E+01  0.1565069E+02  0.9530957E-02  0.5030482E-03 -0.4446779E+00
   06  0.1428571E+01  0.1565069E+02  0.1009157E-01  0.5326320E-03 -0.4446779E+00
   06  0.1452381E+01  0.1565069E+02  0.1065218E-01  0.5622147E-03 -0.4446779E+00
   06  0.1476190E+01  0.1565069E+02  0.1121278E-01  0.5917965E-03 -0.4446778E+00
   06  0.1500000E+01  0.1565069E+02  0.1177338E-01  0.6213771E-03 -0.4446778E+00
   06  0.1523810E+01  0.1565069E+02  0.1233397E-01  0.6509567E-03 -0.4446778E+00
   06  0.1547619E+01  0.1565069E+02  0.1289456E-01  0.6805351E-03 -0.4446777E+00
   06  0.1571429E+01  0.1565069E+02  0.1345514E-01  0.7101124E-03 -0.4446777E+00
   06  0.1595238E+01  0.1565069E+02  0.1401572E-01  0.7396886E-03 -0.4446776E+00
   06  0.1619048E+01  0.1565069E+02  0.1457629E-01  0.7692635E-03 -0.4446776E+00
   06  0.1642857E+01  0.1565069E+02  0.1513685E-01  0.7988371E-03 -0.4446775E+00
   06  0.1666667E+01  0.1565069E+02  0.1569741E-01  0.8284095E-03 -0.4446775E+00
   06  0.1690476E+01  0.1565069E+02  0.1625797E-01  0.8579807E-03 -0.4446774E+00
   06  0.1714286E+01  0.1565069E+02  0.1681851E-01  0.8875504E-03 -0.4446774E+00
   06  0.1738095E+01  0.1565069E+02  0.1737906E-01  0.9171189E-03 -0.4446773E+00
   06  0.1761905E+01  0.1565069E+02  0.1793959E-01  0.9466859E-03 -0.4446773E+00
   06  0.1785714E+01  0.1565069E+02  0.1850012E-01  0.9762516E-03 -0.4446772E+00
   06  0.1809524E+01  0.1565069E+02  0.1906064E-01  0.1005816E-02 -0.4446771E+00
   06  0.1833333E+01  0.1565069E+02  0.1962116E-01  0.1035378E-02 -0.4446771E+00
   06  0.1857143E+01  0.1565069E+02  0.2018167E-01  0.1064940E-02 -0.4446770E+00
   06  0.1952381E+01  0.1565069E+02  0.2242364E-01  0.1183171E-02 -0.4446767E+00
   06  0.2047619E+01  0.1565069E+02  0.2466550E-01  0.1301375E-02 -0.4446763E+00
   06  0.2142857E+01  0.1565070E+02  0.2690724E-01  0.1419550E-02 -0.4446759E+00
   06  0.2238095E+01  0.1565070E+02  0.2914884E-01  0.1537695E-02 -0.4446755E+00
   06  0.2333333E+01  0.1565070E+02  0.3139030E-01  0.1655808E-02 -0.4446750E+00
   06  0.2428571E+01  0.1565070E+02  0.3363161E-01  0.1773886E-02 -0.4446745E+00
   06  0.2523810E+01  0.1565070E+02  0.3587277E-01  0.1891927E-02 -0.4446739E+00
   06  0.2619048E+01  0.1565070E+02  0.3811378E-01  0.2009930E-02 -0.4446733E+00
   06  0.2714286E+01  0.1565070E+02  0.4035461E-01  0.2127893E-02 -0.4446726E+00
   06  0.2809524E+01  0.1565070E+02  0.4259528E-01  0.2245812E-02 -0.4446719E+00
   06  0.2904762E+01  0.1565070E+02  0.4483577E-01  0.2363688E-02 -0.4446712E+00
   06  0.1000000E+01  0.1565069E+02 -0.8464369E-15  0.6228500E-15 -0.4446780E+00
   06  0.1007937E+01  0.1565069E+02  0.1868890E-03  0.9865466E-05 -0.4446780E+00
   06  0.1015873E+01  0.1565069E+02  0.3737778E-03  0.1973088E-04 -0.4446780E+00
   06  0.1023810E+01  0.1565069E+02  0.5606664E-03  0.2959623E-04 -0.4446780E+00
   06  0.1031746E+01  0.1565069E+02  0.7475548E-03  0.3946153E-04 -0.4446780E+00
   06  0.1039683E+01  0.1565069E+02  0.9344430E-03  0.4932678E-04 -0.4446780E+00
   06  0.1047619E+01  0.1565069E+02  0.1121331E-02  0.5919196E-04 -0.4446780E+00
   06  0.1055556E+01  0.1565069E+02  0.1308219E-02  0.6905708E-04 -0.4446780E+00
   06  0.1063492E+01  0.1565069E+02  0.1495106E-02  0.7892215E-04 -0.4446780E+00
   06  0.1071429E+01  0.1565069E+02  0.1681993E-02  0.8878715E-04 -0.4446780E+00
   06  0.1079365E+01  0.1565069E+02  0.1868880E-02  0.9865208E-04 -0.4446780E+00
   06  0.1087302E+01  0.1565069E+02  0.2055767E-02  0.1085170E-03 -0.4446780E+00
   06  0.1095238E+01  0.1565069E+02  0.2242653E-02  0.1183818E-03 -0.4446780E+00
   06  0.1103175E+01  0.1565069E+02  0.2429539E-02  0.1282465E-03 -0.4446781E+00
   06  0.1111111E+01  0.1565069E+02  0.2616425E-02  0.1381112E-03 -0.4446781E+00
   06  0.1119048E+01  0.1565069E+02  0.2803311E-02  0.1479758E-03 -0.4446781E+00
   06  0.1126984E+01  0.1565069E+02  0.2990196E-02  0.1578403E-03 -0.4446781E+00
   06  0.1134921E+01  0.1565069E+02  0.3177081E-02  0.1677048E-03 -0.4446781E+00
   06  0.1142857E+01  0.1565069E+02  0.3363966E-02  0.1775692E-03 -0.4446781E+00
   06  0.1150794E+01  0.1565069E+02  0.3550850E-02  0.1874335E-03 -0.4446781E+00
   06  0.1158730E+01  0.1565069E+02  0.3737734E-02  0.1972978E-03 -0.4446781E+00
   06  0.1166667E+01  0.1565069E+02  0.3924618E-02  0.2071619E-03 -0.4446781E+00
   06  0.1174603E+01  0.1565069E+02  0.4111501E-02  0.2170260E-03 -0.4446781E+00
   06  0.1182540E+01  0.1565069E+02  0.4298384E-02  0.2268900E-03 -0.4446781E+00
   06  0.1190476E+01  0.1565069E+02  0.4485267E-02  0.2367540E-03 -0.4446781E+00
   06  0.1198413E+01  0.1565069E+02  0.4672150E-02  0.2466179E-03 -0.4446781E+00
   06  0.1206349E+01  0.1565069E+02  0.4859032E-02  0.2564816E-03 -0.4446781E+00
   06  0.1214286E+01  0.1565069E+02  0.5045913E-02  0.2663453E-03 -0.4446781E+00
   06  0.1238095E+01  0.1565069E+02  0.5606557E-02  0.2959361E-03 -0.4446780E+00
   06  0.1261905E+01  0.1565069E+02  0.6167197E-02  0.3255261E-03 -0.4446780E+00
   06  0.1285714E+01  0.1565069E+02  0.6727833E-02  0.3551153E-03 -0.4446780E+00
   06  0.1309524E+01  0.1565069E+02  0.7288466E-02  0.3847037E-03 -0.4446780E+00
   06  0.1333333E+01  0.1565069E+02  0.7849095E-02  0.4142912E-03 -0.4446780E+00
   06  0.1357143E+01  0.1565069E+02  0.8409720E-02  0.4438778E-03 -0.4446780E+00
   06  0.1380952E+01  0.1565069E+02  0.8970341E-02  0.4734635E-03 -0.4446780E+00
   06  0.1404762E+01  0.1565069E+02  0.9530957E-02  0.5030482E-03 -0.4446779E+00
   06  0.1428571E+01  0.1565069E+02  0.1009157E-01  0.5326320E-03 -0.4446779E+00
   06  0.1452381E+01  0.1565069E+02  0.1065218E-01  0.5622147E-03 -0.4446779E+00
   06  0.1476190E+01  0.1565069E+02  0.1121278E-01  0.5917965E-03 -0.4446778E+00
   06  0.1500000E+01  0.1565069E+02  0.1177338E-01  0.6213771E-03 -0.4446778E+00
   06  0.1523810E+01  0.1565069E+02  0.1233397E-01  0.6509567E-03 -0.4446778E+00
   06  0.1547619E+01  0.1565069E+02  0.1289456E-01  0.6805351E-03 -0.4446777E+00
   06  0.1571429E+01  0.1565069E+02  0.1345514E-01  0.7101124E-03 -0.4446777E+00
   06  0.1595238E+01  0.1565069E+02  0.1401572E-01  0.7396886E-03 -0.4446776E+00
   06  0.1619048E+01  0.1565069E+02  0.1457629E-01  0.7692635E-03 -0.4446776E+00
   06  0.1642857E+01  0.1565069E+02  0.1513685E-01  0.7988371E-03 -0.4446775E+00
   06  0.1666667E+01  0.1565069E+02  0.1569741E-01  0.8284095E-03 -0.4446775E+00
   06  0.1690476E+01  0.1565069E+02  0.1625797E-01  0.8579807E-03 -0.4446774E+00
   06  0.1714286E+01  0.1565069E+02  0.1681851E-01  0.8875504E-03 -0.4446774E+00
   06  0.1738095E+01  0.1565069E+02  0.1737906E-01  0.9171189E-03 -0.4446773E+00
   06  0.1761905E+01  0.1565069E+02  0.1793959E-01  0.9466859E-03 -0.4446773E+00
   06  0.1785714E+01  0.1565069E+02  0.1850012E-01  0.9762516E-03 -0.4446772E+00
   06  0.1809524E+01  0.1565069E+02  0.1906064E-01  0.1005816E-02 -0.4446771E+00
   06  0.1833333E+01  0.1565069E+02  0.1962116E-01  0.1035378E-02 -0.4446771E+00
   06  0.1857143E+01  0.1565069E+02  0.2018167E-01  0.1064940E-02 -0.4446770E+00
   06  0.1952381E+01  0.1565069E+02  0.2242364E-01  0.1183171E-02 -0.4446767E+00
   06  0.2047619E+01  0.1565069E+02  0.2466550E-01  0.1301375E-02 -0.4446763E+00
   06  0.2142857E+01  0.1565070E+02  0.2690724E-01  0.1419550E-02 -0.4446759E+00
   06  0.2238095E+01  0.1565070E+02  0.2914884E-01  0.1537695E-02 -0.4446755E+00
   06  0.2333333E+01  0.1565070E+02  0.3139030E-01  0.1655808E-02 -0.4446750E+00
   06  0.2428571E+01  0.1565070E+02  0.3363161E-01  0.1773886E-02 -0.4446745E+00
   06  0.2523810E+01  0.1565070E+02  0.3587277E-01  0.1891927E-02 -0.4446739E+00
   06  0.2619048E+01  0.1565070E+02  0.3811378E-01  0.2009930E-02 -0.4446733E+00
   06  0.2714286E+01  0.1565070E+02  0.4035461E-01  0.2127893E-02 -0.4446726E+00
   06  0.2809524E+01  0.1565070E+02  0.4259528E-01  0.2245812E-02 -0.4446719E+00
   06  0.2904762E+01  0.1565070E+02  0.4483577E-01  0.2363688E-02 -0.4446712E+00
   06  0.1000000E+01  0.1565069E+02 -0.8464369E-15  0.6228500E-15 -0.4446780E+00
   06  0.1007937E+01  0.1565069E+02  0.1868890E-03  0.9865466E-05 -0.4446780E+00
   06  0.1015873E+01  0.1565069E+02  0.3737778E-03  0.1973088E-04 -0.4446780E+00
   06  0.1023810E+01  0.1565069E+02  0.5606664E-03  0.2959623E-04 -0.4446780E+00
   06  0.1031746E+01  0.1565069E+02  0.7475548E-03  0.3946153E-04 -0.4446780E+00
   06  0.1039683E+01  0.1565069E+02  0.9344430E-03  0.4932678E-04 -0.4446780E+00
   06  0.1047619E+01  0.1565069E+02  0.1121331E-02  0.5919196E-04 -0.4446780E+00
   06  0.1055556E+01  0.1565069E+02  0.1308219E-02  0.6905708E-04 -0.4446780E+00
   06  0.1063492E+01  0.1565069E+02  0.1495106E-02  0.7892215E-04 -0.4446780E+00
   06  0.1071429E+01  0.1565069E+02  0.1681993E-02  0.8878715E-04 -0.4446780E+00
   06  0.1079365E+01  0.1565069E+02  0.1868880E-02  0.9865208E-04 -0.4446780E+00
   06  0.1087302E+01  0.1565069E+02  0.2055767E-02  0.1085170E-03 -0.4446780E+00
   06  0.1095238E+01  0.1565069E+02  0.2242653E-02  0.1183818E-03 -0.4446780E+00
   06  0.1103175E+01  0.1565069E+02  0.2429539E-02  0.1282465E-03 -0.4446781E+00
   06  0.1111111E+01  0.1565069E+02  0.2616425E-02  0.1381112E-03 -0.4446781E+00
   06  0.1119048E+01  0.1565069E+02  0.2803311E-02  0.1479758E-03 -0.4446781E+00
   06  0.1126984E+01  0.1565069E+02  0.2990196E-02  0.1578403E-03 -0.4446781E+00
   06  0.1134921E+01  0.1565069E+02  0.3177081E-02  0.1677048E-03 -0.4446781E+00
   06  0.1142857E+01  0.1565069E+02  0.3363966E-02  0.1775692E-03 -0.4446781E+00
   06  0.1150794E+01  0.1565069E+02  0.3550850E-02  0.1874335E-03 -0.4446781E+00
   06  0.1158730E+01  0.1565069E+02  0.3737734E-02  0.1972978E-03 -0.4446781E+00
   06  0.1166667E+01  0.1565069E+02  0.3924618E-02  0.2071619E-03 -0.4446781E+00
   06  0.1174603E+01  0.1565069E+02  0.4111501E-02  0.2170260E-03 -0.4446781E+00
   06  0.1182540E+01  0.1565069E+02  0.4298384E-02  0.2268900E-03 -0.4446781E+00
   06  0.1190476E+01  0.1565069E+02  0.4485267E-02  0.2367540E-03 -0.4446781E+00
   06  0.1198413E+01  0.1565069E+02  0.4672150E-02  0.2466179E-03 -0.4446781E+00
   06  0.1206349E+01  0.1565069E+02  0.4859032E-02  0.2564816E-03 -0.4446781E+00
   06  0.1214286E+01  0.1565069E+02  0.5045913E-02  0.2663453E-03 -0.4446781E+00
   06  0.1238095E+01  0.1565069E+02  0.5606557E-02  0.2959361E-03 -0.4446780E+00
   06  0.1261905E+01  0.1565069E+02  0.6167197E-02  0.3255261E-03 -0.4446780E+00
   06  0.1285714E+01  0.1565069E+02  0.6727833E-02  0.3551153E-03 -0.4446780E+00
   06  0.1309524E+01  0.1565069E+02  0.7288466E-02  0.3847037E-03 -0.4446780E+00
   06  0.1333333E+01  0.1565069E+02  0.7849095E-02  0.4142912E-03 -0.4446780E+00
   06  0.1357143E+01  0.1565069E+02  0.8409720E-02  0.4438778E-03 -0.4446780E+00
   06  0.1380952E+01  0.1565069E+02  0.8970341E-02  0.4734635E-03 -0.4446780E+00
   06  0.1404762E+01  0.1565069E+02  0.9530957E-02  0.5030482E-03 -0.4446779E+00
   06  0.1428571E+01  0.1565069E+02  0.1009157E-01  0.5326320E-03 -0.4446779E+00
   06  0.1452381E+01  0.1565069E+02  0.1065218E-01  0.5622147E-03 -0.4446779E+00
   06  0.1476190E+01  0.1565069E+02  0.1121278E-01  0.5917965E-03 -0.4446778E+00
   06  0.1500000E+01  0.1565069E+02  0.1177338E-01  0.6213771E-03 -0.4446778E+00
   06  0.1523810E+01  0.1565069E+02  0.1233397E-01  0.6509567E-03 -0.4446778E+00
   06  0.1547619E+01  0.1565069E+02  0.1289456E-01  0.6805351E-03 -0.4446777E+00
   06  0.1571429E+01  0.1565069E+02  0.1345514E-01  0.7101124E-03 -0.4446777E+00
   06  0.1595238E+01  0.1565069E+02  0.1401572E-01  0.7396886E-03 -0.4446776E+00
   06  0.1619048E+01  0.1565069E+02  0.1457629E-01  0.7692635E-03 -0.4446776E+00
   06  0.1642857E+01  0.1565069E+02  0.1513685E-01  0.7988371E-03 -0.4446775E+00
   06  0.1666667E+01  0.1565069E+02  0.1569741E-01  0.8284095E-03 -0.4446775E+00
   06  0.1690476E+01  0.1565069E+02  0.1625797E-01  0.8579807E-03 -0.4446774E+00
   06  0.1714286E+01  0.1565069E+02  0.1681851E-01  0.8875504E-03 -0.4446774E+00
   06  0.1738095E+01  0.1565069E+02  0.1737906E-01  0.9171189E-03 -0.4446773E+00
   06  0.1761905E+01  0.1565069E+02  0.1793959E-01  0.9466859E-03 -0.4446773E+00
   06  0.1785714E+01  0.1565069E+02  0.1850012E-01  0.9762516E-03 -0.4446772E+00
   06  0.1809524E+01  0.1565069E+02  0.1906064E-01  0.1005816E-02 -0.4446771E+00
   06  0.1833333E+01  0.1565069E+02  0.1962116E-01  0.1035378E-02 -0.4446771E+00
   06  0.1857143E+01  0.1565069E+02  0.2018167E-01  0.1064940E-02 -0.4446770E+00
   06  0.1952381E+01  0.1565069E+02  0.2242364E-01  0.1183171E-02 -0.4446767E+00
   06  0.2047619E+01  0.1565069E+02  0.2466550E-01  0.1301375E-02 -0.4446763E+00
   06  0.2142857E+01  0.1565070E+02  0.2690724E-01  0.1419550E-02 -0.4446759E+00
   06  0.2238095E+01  0.1565070E+02  0.2914884E-01  0.1537695E-02 -0.4446755E+00
   06  0.2333333E+01  0.1565070E+02  0.3139030E-01  0.1655808E-02 -0.4446750E+00
   06  0.2428571E+01  0.1565070E+02  0.3363161E-01  0.1773886E-02 -0.4446745E+00
   06  0.2523810E+01  0.1565070E+02  0.3587277E-01  0.1891927E-02 -0.4446739E+00
   06  0.2619048E+01  0.1565070E+02  0.3811378E-01  0.2009930E-02 -0.4446733E+00
   06  0.2714286E+01  0.1565070E+02  0.4035461E-01  0.2127893E-02 -0.4446726E+00
   06  0.2809524E+01  0.1565070E+02  0.4259528E-01  0.2245812E-02 -0.4446719E+00
   06  0.2904762E+01  0.1565070E+02  0.4483577E-01  0.2363688E-02 -0.4446712E+00
   06  0.1000000E+01  0.1565069E+02 -0.8464369E-15  0.6228500E-15 -0.4446780E+00
   06  0.1007937E+01  0.1565069E+02  0.1868890E-03  0.9865466E-05 -0.4446780E+00
   06  0.1015873E+01  0.1565069E+02  0.3737778E-03  0.1973088E-04 -0.4446780E+00
   06  0.1023810E+01  0.1565069E+02  0.5606664E-03  0.2959623E-04 -0.4446780E+00
   06  0.1031746E+01  0.1565069E+02  0.7475548E-03  0.3946153E-04 -0.4446780E+00
   06  0.1039683E+01  0.1565069E+02  0.9344430E-03  0.4932678E-04 -0.4446780E+00
   06  0.1047619E+01  0.1565069E+02  0.1121331E-02  0.5919196E-04 -0.4446780E+00
   06  0.1055556E+01  0.1565069E+02  0.1308219E-02  0.6905708E-04 -0.4446780E+00
   06  0.1063492E+01  0.1565069E+02  0.1495106E-02  0.7892215E-04 -0.4446780E+00
   06  0.1071429E+01  0.1565069E+02  0.1681993E-02  0.8878715E-04 -0.4446780E+00
   06  0.1079365E+01  0.1565069E+02  0.1868880E-02  0.9865208E-04 -0.4446780E+00
   06  0.1087302E+01  0.1565069E+02  0.2055767E-02  0.1085170E-03 -0.4446780E+00
   06  0.1095238E+01  0.1565069E+02  0.2242653E-02  0.1183818E-03 -0.4446780E+00
   06  0.1103175E+01  0.1565069E+02  0.2429539E-02  0.1282465E-03 -0.4446781E+00
   06  0.1111111E+01  0.1565069E+02  0.2616425E-02  0.1381112E-03 -0.4446781E+00
   06  0.1119048E+01  0.1565069E+02  0.2803311E-02  0.1479758E-03 -0.4446781E+00
   06  0.1126984E+01  0.1565069E+02  0.2990196E-02  0.1578403E-03 -0.4446781E+00
   06  0.1134921E+01  0.1565069E+02  0.3177081E-02  0.1677048E-03 -0.4446781E+00
   06  0.1142857E+01  0.1565069E+02  0.3363966E-02  0.1775692E-03 -0.4446781E+00
   06  0.1150794E+01  0.1565069E+02  0.3550850E-02  0.1874335E-03 -0.4446781E+00
   06  0.1158730E+01  0.1565069E+02  0.3737734E-02  0.1972978E-03 -0.4446781E+00
   06  0.1166667E+01  0.1565069E+02  0.3924618E-02  0.2071619E-03 -0.4446781E+00
   06  0.1174603E+01  0.1565069E+02  0.4111501E-02  0.2170260E-03 -0.4446781E+00
   06  0.1182540E+01  0.1565069E+02  0.4298384E-02  0.2268900E-03 -0.4446781E+00
   06  0.1190476E+01  0.1565069E+02  0.4485267E-02  0.2367540E-03 -0.4446781E+00
   06  0.1198413E+01  0.1565069E+02  0.4672150E-02  0.2466179E-03 -0.4446781E+00
   06  0.1206349E+01  0.1565069E+02  0.4859032E-02  0.2564816E-03 -0.4446781E+00
   06  0.1214286E+01  0.1565069E+02  0.5045913E-02  0.2663453E-03 -0.4446781E+00
   06  0.1238095E+01  0.1565069E+02  0.5606557E-02  0.2959361E-03 -0.4446780E+00
   06  0.1261905E+01  0.1565069E+02  0.6167197E-02  0.3255261E-03 -0.4446780E+00
   06  0.1285714E+01  0.1565069E+02  0.6727833E-02  0.3551153E-03 -0.4446780E+00
   06  0.1309524E+01  0.1565069E+02  0.7288466E-02  0.3847037E-03 -0.4446780E+00
   06  0.1333333E+01  0.1565069E+02  0.7849095E-02  0.4142912E-03 -0.4446780E+00
   06  0.1357143E+01  0.1565069E+02  0.8409720E-02  0.4438778E-03 -0.4446780E+00
   06  0.1380952E+01  0.1565069E+02  0.8970341E-02  0.4734635E-03 -0.4446780E+00
   06  0.1404762E+01  0.1565069E+02  0.9530957E-02  0.5030482E-03 -0.4446779E+00
   06  0.1428571E+01  0.1565069E+02  0.1009157E-01  0.5326320E-03 -0.4446779E+00
   06  0.1452381E+01  0.1565069E+02  0.1065218E-01  0.5622147E-03 -0.4446779E+00
   06  0.1476190E+01  0.1565069E+02  0.1121278E-01  0.5917965E-03 -0.4446778E+00
   06  0.1500000E+01  0.1565069E+02  0.1177338E-01  0.6213771E-03 -0.4446778E+00
   06  0.1523810E+01  0.1565069E+02  0.1233397E-01  0.6509567E-03 -0.4446778E+00
   06  0.1547619E+01  0.1565069E+02  0.1289456E-01  0.6805351E-03 -0.4446777E+00
   06  0.1571429E+01  0.1565069E+02  0.1345514E-01  0.7101124E-03 -0.4446777E+00
   06  0.1595238E+01  0.1565069E+02  0.1401572E-01  0.7396886E-03 -0.4446776E+00
   06  0.1619048E+01  0.1565069E+02  0.1457629E-01  0.7692635E-03 -0.4446776E+00
   06  0.1642857E+01  0.1565069E+02  0.1513685E-01  0.7988371E-03 -0.4446775E+00
   06  0.1666667E+01  0.1565069E+02  0.1569741E-01  0.8284095E-03 -0.4446775E+00
   06  0.1690476E+01  0.1565069E+02  0.1625797E-01  0.8579807E-03 -0.4446774E+00
   06  0.1714286E+01  0.1565069E+02  0.1681851E-01  0.8875504E-03 -0.4446774E+00
   06  0.1738095E+01  0.1565069E+02  0.1737906E-01  0.9171189E-03 -0.4446773E+00
   06  0.1761905E+01  0.1565069E+02  0.1793959E-01  0.9466859E-03 -0.4446773E+00
   06  0.1785714E+01  0.1565069E+02  0.1850012E-01  0.9762516E-03 -0.4446772E+00
   06  0.1809524E+01  0.1565069E+02  0.1906064E-01  0.1005816E-02 -0.4446771E+00
   06  0.1833333E+01  0.1565069E+02  0.1962116E-01  0.1035378E-02 -0.4446771E+00
   06  0.1857143E+01  0.1565069E+02  0.2018167E-01  0.1064940E-02 -0.4446770E+00
   06  0.1952381E+01  0.1565069E+02  0.2242364E-01  0.1183171E-02 -0.4446767E+00
   06  0.2047619E+01  0.1565069E+02  0.2466550E-01  0.1301375E-02 -0.4446763E+00
   06  0.2142857E+01  0.1565070E+02  0.2690724E-01  0.1419550E-02 -0.4446759E+00
   06  0.2238095E+01  0.1565070E+02  0.2914884E-01  0.1537695E-02 -0.4446755E+00
   06  0.2333333E+01  0.1565070E+02  0.3139030E-01  0.1655808E-02 -0.4446750E+00
   06  0.2428571E+01  0.1565070E+02  0.3363161E-01  0.1773886E-02 -0.4446745E+00
   06  0.2523810E+01  0.1565070E+02  0.3587277E-01  0.1891927E-02 -0.4446739E+00
   06  0.2619048E+01  0.1565070E+02  0.3811378E-01  0.2009930E-02 -0.4446733E+00
   06  0.2714286E+01  0.1565070E+02  0.4035461E-01  0.2127893E-02 -0.4446726E+00
   06  0.2809524E+01  0.1565070E+02  0.4259528E-01  0.2245812E-02 -0.4446719E+00
   06  0.2904762E+01  0.1565070E+02  0.4483577E-01  0.2363688E-02 -0.4446712E+00
