# gauge_id= 511 location=( -0.1243000000E+03  0.4170000000E+02 ) num_var=  4
# Stationary gauge
# level, time, q[  1  2  3], eta, aux[]
# file format ascii, time series follow in this file
   04  0.0000000E+00  0.0000000E+00  0.0000000E+00  0.0000000E+00  0.6922416E+02
   04  0.0000000E+00  0.0000000E+00  0.0000000E+00  0.0000000E+00  0.6922416E+02
   04  0.0000000E+00  0.0000000E+00  0.0000000E+00  0.0000000E+00  0.6922416E+02
   04  0.0000000E+00  0.0000000E+00  0.0000000E+00  0.0000000E+00  0.6922416E+02
   04  0.0000000E+00  0.0000000E+00  0.0000000E+00  0.0000000E+00  0.6922416E+02
   04  0.1000000E+01  0.0000000E+00  0.0000000E+00  0.0000000E+00  0.6993579E+02
   04  0.1023810E+01  0.0000000E+00  0.0000000E+00  0.0000000E+00  0.6993579E+02
   04  0.1047619E+01  0.0000000E+00  0.0000000E+00  0.0000000E+00  0.6993579E+02
   04  0.1071429E+01  0.0000000E+00  0.0000000E+00  0.0000000E+00  0.6993579E+02
   04  0.1095238E+01  0.0000000E+00  0.0000000E+00  0.0000000E+00  0.6993579E+02
   04  0.1119048E+01  0.0000000E+00  0.0000000E+00  0.0000000E+00  0.6993579E+02
   04  0.1142857E+01  0.0000000E+00  0.0000000E+00  0.0000000E+00  0.6993579E+02
   04  0.1166667E+01  0.0000000E+00  0.0000000E+00  0.0000000E+00  0.6993579E+02
   04  0.1190476E+01  0.0000000E+00  0.0000000E+00  0.0000000E+00  0.6993579E+02
   04  0.1214286E+01  0.0000000E+00  0.0000000E+00  0.0000000E+00  0.6993579E+02
   04  0.1238095E+01  0.0000000E+00  0.0000000E+00  0.0000000E+00  0.6993579E+02
   04  0.1261905E+01  0.0000000E+00  0.0000000E+00  0.0000000E+00  0.6993579E+02
   04  0.1285714E+01  0.0000000E+00  0.0000000E+00  0.0000000E+00  0.6993579E+02
   04  0.1309524E+01  0.0000000E+00  0.0000000E+00  0.0000000E+00  0.6993579E+02
   04  0.1333333E+01  0.0000000E+00  0.0000000E+00  0.0000000E+00  0.6993579E+02
   04  0.1357143E+01  0.0000000E+00  0.0000000E+00  0.0000000E+00  0.6993579E+02
   04  0.1380952E+01  0.0000000E+00  0.0000000E+00  0.0000000E+00  0.6993579E+02
   04  0.1404762E+01  0.0000000E+00  0.0000000E+00  0.0000000E+00  0.6993579E+02
   04  0.1428571E+01  0.0000000E+00  0.0000000E+00  0.0000000E+00  0.6993579E+02
   04  0.1452381E+01  0.0000000E+00  0.0000000E+00  0.0000000E+00  0.6993579E+02
   04  0.1476190E+01  0.0000000E+00  0.0000000E+00  0.0000000E+00  0.6993579E+02
   04  0.1500000E+01  0.0000000E+00  0.0000000E+00  0.0000000E+00  0.6993579E+02
   04  0.1523810E+01  0.0000000E+00  0.0000000E+00  0.0000000E+00  0.6993579E+02
   04  0.1547619E+01  0.0000000E+00  0.0000000E+00  0.0000000E+00  0.6993579E+02
   04  0.1571429E+01  0.0000000E+00  0.0000000E+00  0.0000000E+00  0.6993579E+02
   04  0.1595238E+01  0.0000000E+00  0.0000000E+00  0.0000000E+00  0.6993579E+02
   04  0.1619048E+01  0.0000000E+00  0.0000000E+00  0.0000000E+00  0.6993579E+02
   04  0.1642857E+01  0.0000000E+00  0.0000000E+00  0.0000000E+00  0.6993579E+02
   04  0.1666667E+01  0.0000000E+00  0.0000000E+00  0.0000000E+00  0.6993579E+02
   04  0.1690476E+01  0.0000000E+00  0.0000000E+00  0.0000000E+00  0.6993579E+02
   04  0.1714286E+01  0.0000000E+00  0.0000000E+00  0.0000000E+00  0.6993579E+02
   04  0.1738095E+01  0.0000000E+00  0.0000000E+00  0.0000000E+00  0.6993579E+02
   04  0.1761905E+01  0.0000000E+00  0.0000000E+00  0.0000000E+00  0.6993579E+02
   04  0.1785714E+01  0.0000000E+00  0.0000000E+00  0.0000000E+00  0.6993579E+02
   04  0.1809524E+01  0.0000000E+00  0.0000000E+00  0.0000000E+00  0.6993579E+02
   04  0.1833333E+01  0.0000000E+00  0.0000000E+00  0.0000000E+00  0.6993579E+02
   04  0.1857143E+01  0.0000000E+00  0.0000000E+00  0.0000000E+00  0.6993579E+02
   04  0.1952381E+01  0.0000000E+00  0.0000000E+00  0.0000000E+00  0.6993579E+02
   04  0.2047619E+01  0.0000000E+00  0.0000000E+00  0.0000000E+00  0.6993579E+02
   04  0.2142857E+01  0.0000000E+00  0.0000000E+00  0.0000000E+00  0.6993579E+02
   04  0.2238095E+01  0.0000000E+00  0.0000000E+00  0.0000000E+00  0.6993579E+02
   04  0.2333333E+01  0.0000000E+00  0.0000000E+00  0.0000000E+00  0.6993579E+02
   04  0.2428571E+01  0.0000000E+00  0.0000000E+00  0.0000000E+00  0.6993579E+02
   04  0.2523810E+01  0.0000000E+00  0.0000000E+00  0.0000000E+00  0.6993579E+02
   04  0.2619048E+01  0.0000000E+00  0.0000000E+00  0.0000000E+00  0.6993579E+02
   04  0.2714286E+01  0.0000000E+00  0.0000000E+00  0.0000000E+00  0.6993579E+02
   04  0.2809524E+01  0.0000000E+00  0.0000000E+00  0.0000000E+00  0.6993579E+02
   04  0.2904762E+01  0.0000000E+00  0.0000000E+00  0.0000000E+00  0.6993579E+02
   04  0.1000000E+01  0.0000000E+00  0.0000000E+00  0.0000000E+00  0.6993579E+02
   04  0.1023810E+01  0.0000000E+00  0.0000000E+00  0.0000000E+00  0.6993579E+02
   04  0.1047619E+01  0.0000000E+00  0.0000000E+00  0.0000000E+00  0.6993579E+02
   04  0.1071429E+01  0.0000000E+00  0.0000000E+00  0.0000000E+00  0.6993579E+02
   04  0.1095238E+01  0.0000000E+00  0.0000000E+00  0.0000000E+00  0.6993579E+02
   04  0.1119048E+01  0.0000000E+00  0.0000000E+00  0.0000000E+00  0.6993579E+02
   04  0.1142857E+01  0.0000000E+00  0.0000000E+00  0.0000000E+00  0.6993579E+02
   04  0.1166667E+01  0.0000000E+00  0.0000000E+00  0.0000000E+00  0.6993579E+02
   04  0.1190476E+01  0.0000000E+00  0.0000000E+00  0.0000000E+00  0.6993579E+02
   04  0.1214286E+01  0.0000000E+00  0.0000000E+00  0.0000000E+00  0.6993579E+02
   04  0.1238095E+01  0.0000000E+00  0.0000000E+00  0.0000000E+00  0.6993579E+02
   04  0.1261905E+01  0.0000000E+00  0.0000000E+00  0.0000000E+00  0.6993579E+02
   04  0.1285714E+01  0.0000000E+00  0.0000000E+00  0.0000000E+00  0.6993579E+02
   04  0.1309524E+01  0.0000000E+00  0.0000000E+00  0.0000000E+00  0.6993579E+02
   04  0.1333333E+01  0.0000000E+00  0.0000000E+00  0.0000000E+00  0.6993579E+02
   04  0.1357143E+01  0.0000000E+00  0.0000000E+00  0.0000000E+00  0.6993579E+02
   04  0.1380952E+01  0.0000000E+00  0.0000000E+00  0.0000000E+00  0.6993579E+02
   04  0.1404762E+01  0.0000000E+00  0.0000000E+00  0.0000000E+00  0.6993579E+02
   04  0.1428571E+01  0.0000000E+00  0.0000000E+00  0.0000000E+00  0.6993579E+02
   04  0.1452381E+01  0.0000000E+00  0.0000000E+00  0.0000000E+00  0.6993579E+02
   04  0.1476190E+01  0.0000000E+00  0.0000000E+00  0.0000000E+00  0.6993579E+02
   04  0.1500000E+01  0.0000000E+00  0.0000000E+00  0.0000000E+00  0.6993579E+02
   04  0.1523810E+01  0.0000000E+00  0.0000000E+00  0.0000000E+00  0.6993579E+02
   04  0.1547619E+01  0.0000000E+00  0.0000000E+00  0.0000000E+00  0.6993579E+02
   04  0.1571429E+01  0.0000000E+00  0.0000000E+00  0.0000000E+00  0.6993579E+02
   04  0.1595238E+01  0.0000000E+00  0.0000000E+00  0.0000000E+00  0.6993579E+02
   04  0.1619048E+01  0.0000000E+00  0.0000000E+00  0.0000000E+00  0.6993579E+02
   04  0.1642857E+01  0.0000000E+00  0.0000000E+00  0.0000000E+00  0.6993579E+02
   04  0.1666667E+01  0.0000000E+00  0.0000000E+00  0.0000000E+00  0.6993579E+02
   04  0.1690476E+01  0.0000000E+00  0.0000000E+00  0.0000000E+00  0.6993579E+02
   04  0.1714286E+01  0.0000000E+00  0.0000000E+00  0.0000000E+00  0.6993579E+02
   04  0.1738095E+01  0.0000000E+00  0.0000000E+00  0.0000000E+00  0.6993579E+02
   04  0.1761905E+01  0.0000000E+00  0.0000000E+00  0.0000000E+00  0.6993579E+02
   04  0.1785714E+01  0.0000000E+00  0.0000000E+00  0.0000000E+00  0.6993579E+02
   04  0.1809524E+01  0.0000000E+00  0.0000000E+00  0.0000000E+00  0.6993579E+02
   04  0.1833333E+01  0.0000000E+00  0.0000000E+00  0.0000000E+00  0.6993579E+02
   04  0.1857143E+01  0.0000000E+00  0.0000000E+00  0.0000000E+00  0.6993579E+02
   04  0.1952381E+01  0.0000000E+00  0.0000000E+00  0.0000000E+00  0.6993579E+02
   04  0.2047619E+01  0.0000000E+00  0.0000000E+00  0.0000000E+00  0.6993579E+02
   04  0.2142857E+01  0.0000000E+00  0.0000000E+00  0.0000000E+00  0.6993579E+02
   04  0.2238095E+01  0.0000000E+00  0.0000000E+00  0.0000000E+00  0.6993579E+02
   04  0.2333333E+01  0.0000000E+00  0.0000000E+00  0.0000000E+00  0.6993579E+02
   04  0.2428571E+01  0.0000000E+00  0.0000000E+00  0.0000000E+00  0.6993579E+02
   04  0.2523810E+01  0.0000000E+00  0.0000000E+00  0.0000000E+00  0.6993579E+02
   04  0.2619048E+01  0.0000000E+00  0.0000000E+00  0.0000000E+00  0.6993579E+02
   04  0.2714286E+01  0.0000000E+00  0.0000000E+00  0.0000000E+00  0.6993579E+02
   04  0.2809524E+01  0.0000000E+00  0.0000000E+00  0.0000000E+00  0.6993579E+02
   04  0.2904762E+01  0.0000000E+00  0.0000000E+00  0.0000000E+00  0.6993579E+02
   04  0.1000000E+01  0.0000000E+00  0.0000000E+00  0.0000000E+00  0.6993579E+02
   04  0.1023810E+01  0.0000000E+00  0.0000000E+00  0.0000000E+00  0.6993579E+02
   04  0.1047619E+01  0.0000000E+00  0.0000000E+00  0.0000000E+00  0.6993579E+02
   04  0.1071429E+01  0.0000000E+00  0.0000000E+00  0.0000000E+00  0.6993579E+02
   04  0.1095238E+01  0.0000000E+00  0.0000000E+00  0.0000000E+00  0.6993579E+02
   04  0.1119048E+01  0.0000000E+00  0.0000000E+00  0.0000000E+00  0.6993579E+02
   04  0.1142857E+01  0.0000000E+00  0.0000000E+00  0.0000000E+00  0.6993579E+02
   04  0.1166667E+01  0.0000000E+00  0.0000000E+00  0.0000000E+00  0.6993579E+02
   04  0.1190476E+01  0.0000000E+00  0.0000000E+00  0.0000000E+00  0.6993579E+02
   04  0.1214286E+01  0.0000000E+00  0.0000000E+00  0.0000000E+00  0.6993579E+02
   04  0.1238095E+01  0.0000000E+00  0.0000000E+00  0.0000000E+00  0.6993579E+02
   04  0.1261905E+01  0.0000000E+00  0.0000000E+00  0.0000000E+00  0.6993579E+02
   04  0.1285714E+01  0.0000000E+00  0.0000000E+00  0.0000000E+00  0.6993579E+02
   04  0.1309524E+01  0.0000000E+00  0.0000000E+00  0.0000000E+00  0.6993579E+02
   04  0.1333333E+01  0.0000000E+00  0.0000000E+00  0.0000000E+00  0.6993579E+02
   04  0.1357143E+01  0.0000000E+00  0.0000000E+00  0.0000000E+00  0.6993579E+02
   04  0.1380952E+01  0.0000000E+00  0.0000000E+00  0.0000000E+00  0.6993579E+02
   04  0.1404762E+01  0.0000000E+00  0.0000000E+00  0.0000000E+00  0.6993579E+02
   04  0.1428571E+01  0.0000000E+00  0.0000000E+00  0.0000000E+00  0.6993579E+02
   04  0.1452381E+01  0.0000000E+00  0.0000000E+00  0.0000000E+00  0.6993579E+02
   04  0.1476190E+01  0.0000000E+00  0.0000000E+00  0.0000000E+00  0.6993579E+02
   04  0.1500000E+01  0.0000000E+00  0.0000000E+00  0.0000000E+00  0.6993579E+02
   04  0.1523810E+01  0.0000000E+00  0.0000000E+00  0.0000000E+00  0.6993579E+02
   04  0.1547619E+01  0.0000000E+00  0.0000000E+00  0.0000000E+00  0.6993579E+02
   04  0.1571429E+01  0.0000000E+00  0.0000000E+00  0.0000000E+00  0.6993579E+02
   04  0.1595238E+01  0.0000000E+00  0.0000000E+00  0.0000000E+00  0.6993579E+02
   04  0.1619048E+01  0.0000000E+00  0.0000000E+00  0.0000000E+00  0.6993579E+02
   04  0.1642857E+01  0.0000000E+00  0.0000000E+00  0.0000000E+00  0.6993579E+02
   04  0.1666667E+01  0.0000000E+00  0.0000000E+00  0.0000000E+00  0.6993579E+02
   04  0.1690476E+01  0.0000000E+00  0.0000000E+00  0.0000000E+00  0.6993579E+02
   04  0.1714286E+01  0.0000000E+00  0.0000000E+00  0.0000000E+00  0.6993579E+02
   04  0.1738095E+01  0.0000000E+00  0.0000000E+00  0.0000000E+00  0.6993579E+02
   04  0.1761905E+01  0.0000000E+00  0.0000000E+00  0.0000000E+00  0.6993579E+02
   04  0.1785714E+01  0.0000000E+00  0.0000000E+00  0.0000000E+00  0.6993579E+02
   04  0.1809524E+01  0.0000000E+00  0.0000000E+00  0.0000000E+00  0.6993579E+02
   04  0.1833333E+01  0.0000000E+00  0.0000000E+00  0.0000000E+00  0.6993579E+02
   04  0.1857143E+01  0.0000000E+00  0.0000000E+00  0.0000000E+00  0.6993579E+02
   04  0.1952381E+01  0.0000000E+00  0.0000000E+00  0.0000000E+00  0.6993579E+02
   04  0.2047619E+01  0.0000000E+00  0.0000000E+00  0.0000000E+00  0.6993579E+02
   04  0.2142857E+01  0.0000000E+00  0.0000000E+00  0.0000000E+00  0.6993579E+02
   04  0.2238095E+01  0.0000000E+00  0.0000000E+00  0.0000000E+00  0.6993579E+02
   04  0.2333333E+01  0.0000000E+00  0.0000000E+00  0.0000000E+00  0.6993579E+02
   04  0.2428571E+01  0.0000000E+00  0.0000000E+00  0.0000000E+00  0.6993579E+02
   04  0.2523810E+01  0.0000000E+00  0.0000000E+00  0.0000000E+00  0.6993579E+02
   04  0.2619048E+01  0.0000000E+00  0.0000000E+00  0.0000000E+00  0.6993579E+02
   04  0.2714286E+01  0.0000000E+00  0.0000000E+00  0.0000000E+00  0.6993579E+02
   04  0.2809524E+01  0.0000000E+00  0.0000000E+00  0.0000000E+00  0.6993579E+02
   04  0.2904762E+01  0.0000000E+00  0.0000000E+00  0.0000000E+00  0.6993579E+02
   04  0.1000000E+01  0.0000000E+00  0.0000000E+00  0.0000000E+00  0.6993579E+02
   04  0.1023810E+01  0.0000000E+00  0.0000000E+00  0.0000000E+00  0.6993579E+02
   04  0.1047619E+01  0.0000000E+00  0.0000000E+00  0.0000000E+00  0.6993579E+02
   04  0.1071429E+01  0.0000000E+00  0.0000000E+00  0.0000000E+00  0.6993579E+02
   04  0.1095238E+01  0.0000000E+00  0.0000000E+00  0.0000000E+00  0.6993579E+02
   04  0.1119048E+01  0.0000000E+00  0.0000000E+00  0.0000000E+00  0.6993579E+02
   04  0.1142857E+01  0.0000000E+00  0.0000000E+00  0.0000000E+00  0.6993579E+02
   04  0.1166667E+01  0.0000000E+00  0.0000000E+00  0.0000000E+00  0.6993579E+02
   04  0.1190476E+01  0.0000000E+00  0.0000000E+00  0.0000000E+00  0.6993579E+02
   04  0.1214286E+01  0.0000000E+00  0.0000000E+00  0.0000000E+00  0.6993579E+02
   04  0.1238095E+01  0.0000000E+00  0.0000000E+00  0.0000000E+00  0.6993579E+02
   04  0.1261905E+01  0.0000000E+00  0.0000000E+00  0.0000000E+00  0.6993579E+02
   04  0.1285714E+01  0.0000000E+00  0.0000000E+00  0.0000000E+00  0.6993579E+02
   04  0.1309524E+01  0.0000000E+00  0.0000000E+00  0.0000000E+00  0.6993579E+02
   04  0.1333333E+01  0.0000000E+00  0.0000000E+00  0.0000000E+00  0.6993579E+02
   04  0.1357143E+01  0.0000000E+00  0.0000000E+00  0.0000000E+00  0.6993579E+02
   04  0.1380952E+01  0.0000000E+00  0.0000000E+00  0.0000000E+00  0.6993579E+02
   04  0.1404762E+01  0.0000000E+00  0.0000000E+00  0.0000000E+00  0.6993579E+02
   04  0.1428571E+01  0.0000000E+00  0.0000000E+00  0.0000000E+00  0.6993579E+02
   04  0.1452381E+01  0.0000000E+00  0.0000000E+00  0.0000000E+00  0.6993579E+02
   04  0.1476190E+01  0.0000000E+00  0.0000000E+00  0.0000000E+00  0.6993579E+02
   04  0.1500000E+01  0.0000000E+00  0.0000000E+00  0.0000000E+00  0.6993579E+02
   04  0.1523810E+01  0.0000000E+00  0.0000000E+00  0.0000000E+00  0.6993579E+02
   04  0.1547619E+01  0.0000000E+00  0.0000000E+00  0.0000000E+00  0.6993579E+02
   04  0.1571429E+01  0.0000000E+00  0.0000000E+00  0.0000000E+00  0.6993579E+02
   04  0.1595238E+01  0.0000000E+00  0.0000000E+00  0.0000000E+00  0.6993579E+02
   04  0.1619048E+01  0.0000000E+00  0.0000000E+00  0.0000000E+00  0.6993579E+02
   04  0.1642857E+01  0.0000000E+00  0.0000000E+00  0.0000000E+00  0.6993579E+02
   04  0.1666667E+01  0.0000000E+00  0.0000000E+00  0.0000000E+00  0.6993579E+02
   04  0.1690476E+01  0.0000000E+00  0.0000000E+00  0.0000000E+00  0.6993579E+02
   04  0.1714286E+01  0.0000000E+00  0.0000000E+00  0.0000000E+00  0.6993579E+02
   04  0.1738095E+01  0.0000000E+00  0.0000000E+00  0.0000000E+00  0.6993579E+02
   04  0.1761905E+01  0.0000000E+00  0.0000000E+00  0.0000000E+00  0.6993579E+02
   04  0.1785714E+01  0.0000000E+00  0.0000000E+00  0.0000000E+00  0.6993579E+02
   04  0.1809524E+01  0.0000000E+00  0.0000000E+00  0.0000000E+00  0.6993579E+02
   04  0.1833333E+01  0.0000000E+00  0.0000000E+00  0.0000000E+00  0.6993579E+02
   04  0.1857143E+01  0.0000000E+00  0.0000000E+00  0.0000000E+00  0.6993579E+02
   04  0.1952381E+01  0.0000000E+00  0.0000000E+00  0.0000000E+00  0.6993579E+02
   04  0.2047619E+01  0.0000000E+00  0.0000000E+00  0.0000000E+00  0.6993579E+02
   04  0.2142857E+01  0.0000000E+00  0.0000000E+00  0.0000000E+00  0.6993579E+02
   04  0.2238095E+01  0.0000000E+00  0.0000000E+00  0.0000000E+00  0.6993579E+02
   04  0.2333333E+01  0.0000000E+00  0.0000000E+00  0.0000000E+00  0.6993579E+02
   04  0.2428571E+01  0.0000000E+00  0.0000000E+00  0.0000000E+00  0.6993579E+02
   04  0.2523810E+01  0.0000000E+00  0.0000000E+00  0.0000000E+00  0.6993579E+02
   04  0.2619048E+01  0.0000000E+00  0.0000000E+00  0.0000000E+00  0.6993579E+02
   04  0.2714286E+01  0.0000000E+00  0.0000000E+00  0.0000000E+00  0.6993579E+02
   04  0.2809524E+01  0.0000000E+00  0.0000000E+00  0.0000000E+00  0.6993579E+02
   04  0.2904762E+01  0.0000000E+00  0.0000000E+00  0.0000000E+00  0.6993579E+02
   04  0.1000000E+01  0.0000000E+00  0.0000000E+00  0.0000000E+00  0.6993579E+02
   04  0.1023810E+01  0.0000000E+00  0.0000000E+00  0.0000000E+00  0.6993579E+02
   04  0.1047619E+01  0.0000000E+00  0.0000000E+00  0.0000000E+00  0.6993579E+02
   04  0.1071429E+01  0.0000000E+00  0.0000000E+00  0.0000000E+00  0.6993579E+02
   04  0.1095238E+01  0.0000000E+00  0.0000000E+00  0.0000000E+00  0.6993579E+02
   04  0.1119048E+01  0.0000000E+00  0.0000000E+00  0.0000000E+00  0.6993579E+02
   04  0.1142857E+01  0.0000000E+00  0.0000000E+00  0.0000000E+00  0.6993579E+02
   04  0.1166667E+01  0.0000000E+00  0.0000000E+00  0.0000000E+00  0.6993579E+02
   04  0.1190476E+01  0.0000000E+00  0.0000000E+00  0.0000000E+00  0.6993579E+02
   04  0.1214286E+01  0.0000000E+00  0.0000000E+00  0.0000000E+00  0.6993579E+02
   04  0.1238095E+01  0.0000000E+00  0.0000000E+00  0.0000000E+00  0.6993579E+02
   04  0.1261905E+01  0.0000000E+00  0.0000000E+00  0.0000000E+00  0.6993579E+02
   04  0.1285714E+01  0.0000000E+00  0.0000000E+00  0.0000000E+00  0.6993579E+02
   04  0.1309524E+01  0.0000000E+00  0.0000000E+00  0.0000000E+00  0.6993579E+02
   04  0.1333333E+01  0.0000000E+00  0.0000000E+00  0.0000000E+00  0.6993579E+02
   04  0.1357143E+01  0.0000000E+00  0.0000000E+00  0.0000000E+00  0.6993579E+02
   04  0.1380952E+01  0.0000000E+00  0.0000000E+00  0.0000000E+00  0.6993579E+02
   04  0.1404762E+01  0.0000000E+00  0.0000000E+00  0.0000000E+00  0.6993579E+02
   04  0.1428571E+01  0.0000000E+00  0.0000000E+00  0.0000000E+00  0.6993579E+02
   04  0.1452381E+01  0.0000000E+00  0.0000000E+00  0.0000000E+00  0.6993579E+02
   04  0.1476190E+01  0.0000000E+00  0.0000000E+00  0.0000000E+00  0.6993579E+02
   04  0.1500000E+01  0.0000000E+00  0.0000000E+00  0.0000000E+00  0.6993579E+02
   04  0.1523810E+01  0.0000000E+00  0.0000000E+00  0.0000000E+00  0.6993579E+02
   04  0.1547619E+01  0.0000000E+00  0.0000000E+00  0.0000000E+00  0.6993579E+02
   04  0.1571429E+01  0.0000000E+00  0.0000000E+00  0.0000000E+00  0.6993579E+02
   04  0.1595238E+01  0.0000000E+00  0.0000000E+00  0.0000000E+00  0.6993579E+02
   04  0.1619048E+01  0.0000000E+00  0.0000000E+00  0.0000000E+00  0.6993579E+02
   04  0.1642857E+01  0.0000000E+00  0.0000000E+00  0.0000000E+00  0.6993579E+02
   04  0.1666667E+01  0.0000000E+00  0.0000000E+00  0.0000000E+00  0.6993579E+02
   04  0.1690476E+01  0.0000000E+00  0.0000000E+00  0.0000000E+00  0.6993579E+02
   04  0.1714286E+01  0.0000000E+00  0.0000000E+00  0.0000000E+00  0.6993579E+02
   04  0.1738095E+01  0.0000000E+00  0.0000000E+00  0.0000000E+00  0.6993579E+02
   04  0.1761905E+01  0.0000000E+00  0.0000000E+00  0.0000000E+00  0.6993579E+02
   04  0.1785714E+01  0.0000000E+00  0.0000000E+00  0.0000000E+00  0.6993579E+02
   04  0.1809524E+01  0.0000000E+00  0.0000000E+00  0.0000000E+00  0.6993579E+02
   04  0.1833333E+01  0.0000000E+00  0.0000000E+00  0.0000000E+00  0.6993579E+02
   04  0.1857143E+01  0.0000000E+00  0.0000000E+00  0.0000000E+00  0.6993579E+02
   04  0.1952381E+01  0.0000000E+00  0.0000000E+00  0.0000000E+00  0.6993579E+02
   04  0.2047619E+01  0.0000000E+00  0.0000000E+00  0.0000000E+00  0.6993579E+02
   04  0.2142857E+01  0.0000000E+00  0.0000000E+00  0.0000000E+00  0.6993579E+02
   04  0.2238095E+01  0.0000000E+00  0.0000000E+00  0.0000000E+00  0.6993579E+02
   04  0.2333333E+01  0.0000000E+00  0.0000000E+00  0.0000000E+00  0.6993579E+02
   04  0.2428571E+01  0.0000000E+00  0.0000000E+00  0.0000000E+00  0.6993579E+02
   04  0.2523810E+01  0.0000000E+00  0.0000000E+00  0.0000000E+00  0.6993579E+02
   04  0.2619048E+01  0.0000000E+00  0.0000000E+00  0.0000000E+00  0.6993579E+02
   04  0.2714286E+01  0.0000000E+00  0.0000000E+00  0.0000000E+00  0.6993579E+02
   04  0.2809524E+01  0.0000000E+00  0.0000000E+00  0.0000000E+00  0.6993579E+02
   04  0.2904762E+01  0.0000000E+00  0.0000000E+00  0.0000000E+00  0.6993579E+02
