# gauge_id= 603 location=( -0.1241950425E+03  0.4175001983E+02 ) num_var=  4
# Stationary gauge
# level, time, q[  1  2  3], eta, aux[]
# file format ascii, time series follow in this file
   06  0.0000000E+00  0.1986658E+01  0.0000000E+00  0.0000000E+00  0.0000000E+00
   06  0.0000000E+00  0.1986658E+01  0.0000000E+00  0.0000000E+00  0.0000000E+00
   06  0.0000000E+00  0.1986658E+01  0.0000000E+00  0.0000000E+00  0.0000000E+00
   06  0.0000000E+00  0.1986658E+01  0.0000000E+00  0.0000000E+00  0.0000000E+00
   06  0.0000000E+00  0.1986658E+01  0.0000000E+00  0.0000000E+00  0.0000000E+00
   06  0.1000000E+01  0.1986658E+01  0.3082880E-16  0.1200120E-16 -0.5871188E+00
   06  0.1007937E+01  0.1986658E+01  0.2461079E-04  0.1246619E-05 -0.5871188E+00
   06  0.1015873E+01  0.1986658E+01  0.4921994E-04  0.2493148E-05 -0.5871188E+00
   06  0.1023810E+01  0.1986658E+01  0.7382745E-04  0.3739584E-05 -0.5871187E+00
   06  0.1031746E+01  0.1986658E+01  0.9843337E-04  0.4985930E-05 -0.5871187E+00
   06  0.1039683E+01  0.1986658E+01  0.1230377E-03  0.6232183E-05 -0.5871187E+00
   06  0.1047619E+01  0.1986658E+01  0.1476405E-03  0.7478344E-05 -0.5871187E+00
   06  0.1055556E+01  0.1986658E+01  0.1722417E-03  0.8724412E-05 -0.5871186E+00
   06  0.1063492E+01  0.1986658E+01  0.1968415E-03  0.9970387E-05 -0.5871186E+00
   06  0.1071429E+01  0.1986659E+01  0.2214397E-03  0.1121627E-04 -0.5871186E+00
   06  0.1079365E+01  0.1986659E+01  0.2460365E-03  0.1246205E-04 -0.5871185E+00
   06  0.1087302E+01  0.1986659E+01  0.2706319E-03  0.1370775E-04 -0.5871185E+00
   06  0.1095238E+01  0.1986659E+01  0.2952258E-03  0.1495334E-04 -0.5871185E+00
   06  0.1103175E+01  0.1986659E+01  0.3198183E-03  0.1619885E-04 -0.5871185E+00
   06  0.1111111E+01  0.1986659E+01  0.3444095E-03  0.1744425E-04 -0.5871184E+00
   06  0.1119048E+01  0.1986659E+01  0.3689993E-03  0.1868956E-04 -0.5871184E+00
   06  0.1126984E+01  0.1986659E+01  0.3935877E-03  0.1993478E-04 -0.5871184E+00
   06  0.1134921E+01  0.1986659E+01  0.4181749E-03  0.2117989E-04 -0.5871183E+00
   06  0.1142857E+01  0.1986659E+01  0.4427608E-03  0.2242491E-04 -0.5871183E+00
   06  0.1150794E+01  0.1986659E+01  0.4673454E-03  0.2366983E-04 -0.5871183E+00
   06  0.1158730E+01  0.1986659E+01  0.4919288E-03  0.2491465E-04 -0.5871182E+00
   06  0.1166667E+01  0.1986659E+01  0.5165109E-03  0.2615937E-04 -0.5871182E+00
   06  0.1174603E+01  0.1986659E+01  0.5410919E-03  0.2740400E-04 -0.5871182E+00
   06  0.1182540E+01  0.1986659E+01  0.5656716E-03  0.2864852E-04 -0.5871181E+00
   06  0.1190476E+01  0.1986659E+01  0.5902503E-03  0.2989294E-04 -0.5871181E+00
   06  0.1198413E+01  0.1986659E+01  0.6148278E-03  0.3113726E-04 -0.5871181E+00
   06  0.1206349E+01  0.1986659E+01  0.6394041E-03  0.3238148E-04 -0.5871180E+00
   06  0.1214286E+01  0.1986659E+01  0.6639794E-03  0.3362559E-04 -0.5871180E+00
   06  0.1238095E+01  0.1986659E+01  0.7377027E-03  0.3735774E-04 -0.5871179E+00
   06  0.1261905E+01  0.1986659E+01  0.8114166E-03  0.4108894E-04 -0.5871177E+00
   06  0.1285714E+01  0.1986659E+01  0.8851218E-03  0.4481919E-04 -0.5871176E+00
   06  0.1309524E+01  0.1986660E+01  0.9588187E-03  0.4854845E-04 -0.5871175E+00
   06  0.1333333E+01  0.1986660E+01  0.1032508E-02  0.5227673E-04 -0.5871174E+00
   06  0.1357143E+01  0.1986660E+01  0.1106183E-02  0.5600400E-04 -0.5871172E+00
   06  0.1380952E+01  0.1986660E+01  0.1179851E-02  0.5973024E-04 -0.5871171E+00
   06  0.1404762E+01  0.1986660E+01  0.1253513E-02  0.6345544E-04 -0.5871170E+00
   06  0.1428571E+01  0.1986660E+01  0.1327170E-02  0.6717957E-04 -0.5871168E+00
   06  0.1452381E+01  0.1986660E+01  0.1400823E-02  0.7090262E-04 -0.5871167E+00
   06  0.1476190E+01  0.1986661E+01  0.1474470E-02  0.7462456E-04 -0.5871165E+00
   06  0.1500000E+01  0.1986661E+01  0.1548114E-02  0.7834537E-04 -0.5871164E+00
   06  0.1523810E+01  0.1986661E+01  0.1621755E-02  0.8206504E-04 -0.5871162E+00
   06  0.1547619E+01  0.1986661E+01  0.1695393E-02  0.8578354E-04 -0.5871160E+00
   06  0.1571429E+01  0.1986661E+01  0.1769029E-02  0.8950085E-04 -0.5871159E+00
   06  0.1595238E+01  0.1986661E+01  0.1842663E-02  0.9321694E-04 -0.5871157E+00
   06  0.1619048E+01  0.1986662E+01  0.1916296E-02  0.9693180E-04 -0.5871156E+00
   06  0.1642857E+01  0.1986662E+01  0.1989928E-02  0.1006454E-03 -0.5871154E+00
   06  0.1666667E+01  0.1986662E+01  0.2063561E-02  0.1043577E-03 -0.5871152E+00
   06  0.1690476E+01  0.1986662E+01  0.2137193E-02  0.1080687E-03 -0.5871150E+00
   06  0.1714286E+01  0.1986662E+01  0.2210826E-02  0.1117784E-03 -0.5871149E+00
   06  0.1738095E+01  0.1986662E+01  0.2284461E-02  0.1154867E-03 -0.5871147E+00
   06  0.1761905E+01  0.1986663E+01  0.2358097E-02  0.1191936E-03 -0.5871145E+00
   06  0.1785714E+01  0.1986663E+01  0.2431736E-02  0.1228991E-03 -0.5871143E+00
   06  0.1809524E+01  0.1986663E+01  0.2505377E-02  0.1266032E-03 -0.5871142E+00
   06  0.1833333E+01  0.1986663E+01  0.2579022E-02  0.1303058E-03 -0.5871140E+00
   06  0.1857143E+01  0.1986663E+01  0.2652670E-02  0.1340069E-03 -0.5871138E+00
   06  0.1952381E+01  0.1986664E+01  0.2947304E-02  0.1488043E-03 -0.5871130E+00
   06  0.2047619E+01  0.1986665E+01  0.3242014E-02  0.1635758E-03 -0.5871123E+00
   06  0.2142857E+01  0.1986666E+01  0.3536830E-02  0.1783194E-03 -0.5871115E+00
   06  0.2238095E+01  0.1986666E+01  0.3831779E-02  0.1930332E-03 -0.5871107E+00
   06  0.2333333E+01  0.1986667E+01  0.4126889E-02  0.2077151E-03 -0.5871099E+00
   06  0.2428571E+01  0.1986668E+01  0.4422184E-02  0.2223632E-03 -0.5871092E+00
   06  0.2523810E+01  0.1986669E+01  0.4717691E-02  0.2369753E-03 -0.5871084E+00
   06  0.2619048E+01  0.1986669E+01  0.5013432E-02  0.2515492E-03 -0.5871077E+00
   06  0.2714286E+01  0.1986670E+01  0.5309430E-02  0.2660827E-03 -0.5871069E+00
   06  0.2809524E+01  0.1986671E+01  0.5605708E-02  0.2805736E-03 -0.5871062E+00
   06  0.2904762E+01  0.1986671E+01  0.5902286E-02  0.2950198E-03 -0.5871056E+00
   06  0.1000000E+01  0.1986658E+01  0.3082880E-16  0.1200120E-16 -0.5871188E+00
   06  0.1007937E+01  0.1986658E+01  0.2461079E-04  0.1246619E-05 -0.5871188E+00
   06  0.1015873E+01  0.1986658E+01  0.4921994E-04  0.2493148E-05 -0.5871188E+00
   06  0.1023810E+01  0.1986658E+01  0.7382745E-04  0.3739584E-05 -0.5871187E+00
   06  0.1031746E+01  0.1986658E+01  0.9843337E-04  0.4985930E-05 -0.5871187E+00
   06  0.1039683E+01  0.1986658E+01  0.1230377E-03  0.6232183E-05 -0.5871187E+00
   06  0.1047619E+01  0.1986658E+01  0.1476405E-03  0.7478344E-05 -0.5871187E+00
   06  0.1055556E+01  0.1986658E+01  0.1722417E-03  0.8724412E-05 -0.5871186E+00
   06  0.1063492E+01  0.1986658E+01  0.1968415E-03  0.9970387E-05 -0.5871186E+00
   06  0.1071429E+01  0.1986659E+01  0.2214397E-03  0.1121627E-04 -0.5871186E+00
   06  0.1079365E+01  0.1986659E+01  0.2460365E-03  0.1246205E-04 -0.5871185E+00
   06  0.1087302E+01  0.1986659E+01  0.2706319E-03  0.1370775E-04 -0.5871185E+00
   06  0.1095238E+01  0.1986659E+01  0.2952258E-03  0.1495334E-04 -0.5871185E+00
   06  0.1103175E+01  0.1986659E+01  0.3198183E-03  0.1619885E-04 -0.5871185E+00
   06  0.1111111E+01  0.1986659E+01  0.3444095E-03  0.1744425E-04 -0.5871184E+00
   06  0.1119048E+01  0.1986659E+01  0.3689993E-03  0.1868956E-04 -0.5871184E+00
   06  0.1126984E+01  0.1986659E+01  0.3935877E-03  0.1993478E-04 -0.5871184E+00
   06  0.1134921E+01  0.1986659E+01  0.4181749E-03  0.2117989E-04 -0.5871183E+00
   06  0.1142857E+01  0.1986659E+01  0.4427608E-03  0.2242491E-04 -0.5871183E+00
   06  0.1150794E+01  0.1986659E+01  0.4673454E-03  0.2366983E-04 -0.5871183E+00
   06  0.1158730E+01  0.1986659E+01  0.4919288E-03  0.2491465E-04 -0.5871182E+00
   06  0.1166667E+01  0.1986659E+01  0.5165109E-03  0.2615937E-04 -0.5871182E+00
   06  0.1174603E+01  0.1986659E+01  0.5410919E-03  0.2740400E-04 -0.5871182E+00
   06  0.1182540E+01  0.1986659E+01  0.5656716E-03  0.2864852E-04 -0.5871181E+00
   06  0.1190476E+01  0.1986659E+01  0.5902503E-03  0.2989294E-04 -0.5871181E+00
   06  0.1198413E+01  0.1986659E+01  0.6148278E-03  0.3113726E-04 -0.5871181E+00
   06  0.1206349E+01  0.1986659E+01  0.6394041E-03  0.3238148E-04 -0.5871180E+00
   06  0.1214286E+01  0.1986659E+01  0.6639794E-03  0.3362559E-04 -0.5871180E+00
   06  0.1238095E+01  0.1986659E+01  0.7377027E-03  0.3735774E-04 -0.5871179E+00
   06  0.1261905E+01  0.1986659E+01  0.8114166E-03  0.4108894E-04 -0.5871177E+00
   06  0.1285714E+01  0.1986659E+01  0.8851218E-03  0.4481919E-04 -0.5871176E+00
   06  0.1309524E+01  0.1986660E+01  0.9588187E-03  0.4854845E-04 -0.5871175E+00
   06  0.1333333E+01  0.1986660E+01  0.1032508E-02  0.5227673E-04 -0.5871174E+00
   06  0.1357143E+01  0.1986660E+01  0.1106183E-02  0.5600400E-04 -0.5871172E+00
   06  0.1380952E+01  0.1986660E+01  0.1179851E-02  0.5973024E-04 -0.5871171E+00
   06  0.1404762E+01  0.1986660E+01  0.1253513E-02  0.6345544E-04 -0.5871170E+00
   06  0.1428571E+01  0.1986660E+01  0.1327170E-02  0.6717957E-04 -0.5871168E+00
   06  0.1452381E+01  0.1986660E+01  0.1400823E-02  0.7090262E-04 -0.5871167E+00
   06  0.1476190E+01  0.1986661E+01  0.1474470E-02  0.7462456E-04 -0.5871165E+00
   06  0.1500000E+01  0.1986661E+01  0.1548114E-02  0.7834537E-04 -0.5871164E+00
   06  0.1523810E+01  0.1986661E+01  0.1621755E-02  0.8206504E-04 -0.5871162E+00
   06  0.1547619E+01  0.1986661E+01  0.1695393E-02  0.8578354E-04 -0.5871160E+00
   06  0.1571429E+01  0.1986661E+01  0.1769029E-02  0.8950085E-04 -0.5871159E+00
   06  0.1595238E+01  0.1986661E+01  0.1842663E-02  0.9321694E-04 -0.5871157E+00
   06  0.1619048E+01  0.1986662E+01  0.1916296E-02  0.9693180E-04 -0.5871156E+00
   06  0.1642857E+01  0.1986662E+01  0.1989928E-02  0.1006454E-03 -0.5871154E+00
   06  0.1666667E+01  0.1986662E+01  0.2063561E-02  0.1043577E-03 -0.5871152E+00
   06  0.1690476E+01  0.1986662E+01  0.2137193E-02  0.1080687E-03 -0.5871150E+00
   06  0.1714286E+01  0.1986662E+01  0.2210826E-02  0.1117784E-03 -0.5871149E+00
   06  0.1738095E+01  0.1986662E+01  0.2284461E-02  0.1154867E-03 -0.5871147E+00
   06  0.1761905E+01  0.1986663E+01  0.2358097E-02  0.1191936E-03 -0.5871145E+00
   06  0.1785714E+01  0.1986663E+01  0.2431736E-02  0.1228991E-03 -0.5871143E+00
   06  0.1809524E+01  0.1986663E+01  0.2505377E-02  0.1266032E-03 -0.5871142E+00
   06  0.1833333E+01  0.1986663E+01  0.2579022E-02  0.1303058E-03 -0.5871140E+00
   06  0.1857143E+01  0.1986663E+01  0.2652670E-02  0.1340069E-03 -0.5871138E+00
   06  0.1952381E+01  0.1986664E+01  0.2947304E-02  0.1488043E-03 -0.5871130E+00
   06  0.2047619E+01  0.1986665E+01  0.3242014E-02  0.1635758E-03 -0.5871123E+00
   06  0.2142857E+01  0.1986666E+01  0.3536830E-02  0.1783194E-03 -0.5871115E+00
   06  0.2238095E+01  0.1986666E+01  0.3831779E-02  0.1930332E-03 -0.5871107E+00
   06  0.2333333E+01  0.1986667E+01  0.4126889E-02  0.2077151E-03 -0.5871099E+00
   06  0.2428571E+01  0.1986668E+01  0.4422184E-02  0.2223632E-03 -0.5871092E+00
   06  0.2523810E+01  0.1986669E+01  0.4717691E-02  0.2369753E-03 -0.5871084E+00
   06  0.2619048E+01  0.1986669E+01  0.5013432E-02  0.2515492E-03 -0.5871077E+00
   06  0.2714286E+01  0.1986670E+01  0.5309430E-02  0.2660827E-03 -0.5871069E+00
   06  0.2809524E+01  0.1986671E+01  0.5605708E-02  0.2805736E-03 -0.5871062E+00
   06  0.2904762E+01  0.1986671E+01  0.5902286E-02  0.2950198E-03 -0.5871056E+00
   06  0.1000000E+01  0.1986658E+01  0.3082880E-16  0.1200120E-16 -0.5871188E+00
   06  0.1007937E+01  0.1986658E+01  0.2461079E-04  0.1246619E-05 -0.5871188E+00
   06  0.1015873E+01  0.1986658E+01  0.4921994E-04  0.2493148E-05 -0.5871188E+00
   06  0.1023810E+01  0.1986658E+01  0.7382745E-04  0.3739584E-05 -0.5871187E+00
   06  0.1031746E+01  0.1986658E+01  0.9843337E-04  0.4985930E-05 -0.5871187E+00
   06  0.1039683E+01  0.1986658E+01  0.1230377E-03  0.6232183E-05 -0.5871187E+00
   06  0.1047619E+01  0.1986658E+01  0.1476405E-03  0.7478344E-05 -0.5871187E+00
   06  0.1055556E+01  0.1986658E+01  0.1722417E-03  0.8724412E-05 -0.5871186E+00
   06  0.1063492E+01  0.1986658E+01  0.1968415E-03  0.9970387E-05 -0.5871186E+00
   06  0.1071429E+01  0.1986659E+01  0.2214397E-03  0.1121627E-04 -0.5871186E+00
   06  0.1079365E+01  0.1986659E+01  0.2460365E-03  0.1246205E-04 -0.5871185E+00
   06  0.1087302E+01  0.1986659E+01  0.2706319E-03  0.1370775E-04 -0.5871185E+00
   06  0.1095238E+01  0.1986659E+01  0.2952258E-03  0.1495334E-04 -0.5871185E+00
   06  0.1103175E+01  0.1986659E+01  0.3198183E-03  0.1619885E-04 -0.5871185E+00
   06  0.1111111E+01  0.1986659E+01  0.3444095E-03  0.1744425E-04 -0.5871184E+00
   06  0.1119048E+01  0.1986659E+01  0.3689993E-03  0.1868956E-04 -0.5871184E+00
   06  0.1126984E+01  0.1986659E+01  0.3935877E-03  0.1993478E-04 -0.5871184E+00
   06  0.1134921E+01  0.1986659E+01  0.4181749E-03  0.2117989E-04 -0.5871183E+00
   06  0.1142857E+01  0.1986659E+01  0.4427608E-03  0.2242491E-04 -0.5871183E+00
   06  0.1150794E+01  0.1986659E+01  0.4673454E-03  0.2366983E-04 -0.5871183E+00
   06  0.1158730E+01  0.1986659E+01  0.4919288E-03  0.2491465E-04 -0.5871182E+00
   06  0.1166667E+01  0.1986659E+01  0.5165109E-03  0.2615937E-04 -0.5871182E+00
   06  0.1174603E+01  0.1986659E+01  0.5410919E-03  0.2740400E-04 -0.5871182E+00
   06  0.1182540E+01  0.1986659E+01  0.5656716E-03  0.2864852E-04 -0.5871181E+00
   06  0.1190476E+01  0.1986659E+01  0.5902503E-03  0.2989294E-04 -0.5871181E+00
   06  0.1198413E+01  0.1986659E+01  0.6148278E-03  0.3113726E-04 -0.5871181E+00
   06  0.1206349E+01  0.1986659E+01  0.6394041E-03  0.3238148E-04 -0.5871180E+00
   06  0.1214286E+01  0.1986659E+01  0.6639794E-03  0.3362559E-04 -0.5871180E+00
   06  0.1238095E+01  0.1986659E+01  0.7377027E-03  0.3735774E-04 -0.5871179E+00
   06  0.1261905E+01  0.1986659E+01  0.8114166E-03  0.4108894E-04 -0.5871177E+00
   06  0.1285714E+01  0.1986659E+01  0.8851218E-03  0.4481919E-04 -0.5871176E+00
   06  0.1309524E+01  0.1986660E+01  0.9588187E-03  0.4854845E-04 -0.5871175E+00
   06  0.1333333E+01  0.1986660E+01  0.1032508E-02  0.5227673E-04 -0.5871174E+00
   06  0.1357143E+01  0.1986660E+01  0.1106183E-02  0.5600400E-04 -0.5871172E+00
   06  0.1380952E+01  0.1986660E+01  0.1179851E-02  0.5973024E-04 -0.5871171E+00
   06  0.1404762E+01  0.1986660E+01  0.1253513E-02  0.6345544E-04 -0.5871170E+00
   06  0.1428571E+01  0.1986660E+01  0.1327170E-02  0.6717957E-04 -0.5871168E+00
   06  0.1452381E+01  0.1986660E+01  0.1400823E-02  0.7090262E-04 -0.5871167E+00
   06  0.1476190E+01  0.1986661E+01  0.1474470E-02  0.7462456E-04 -0.5871165E+00
   06  0.1500000E+01  0.1986661E+01  0.1548114E-02  0.7834537E-04 -0.5871164E+00
   06  0.1523810E+01  0.1986661E+01  0.1621755E-02  0.8206504E-04 -0.5871162E+00
   06  0.1547619E+01  0.1986661E+01  0.1695393E-02  0.8578354E-04 -0.5871160E+00
   06  0.1571429E+01  0.1986661E+01  0.1769029E-02  0.8950085E-04 -0.5871159E+00
   06  0.1595238E+01  0.1986661E+01  0.1842663E-02  0.9321694E-04 -0.5871157E+00
   06  0.1619048E+01  0.1986662E+01  0.1916296E-02  0.9693180E-04 -0.5871156E+00
   06  0.1642857E+01  0.1986662E+01  0.1989928E-02  0.1006454E-03 -0.5871154E+00
   06  0.1666667E+01  0.1986662E+01  0.2063561E-02  0.1043577E-03 -0.5871152E+00
   06  0.1690476E+01  0.1986662E+01  0.2137193E-02  0.1080687E-03 -0.5871150E+00
   06  0.1714286E+01  0.1986662E+01  0.2210826E-02  0.1117784E-03 -0.5871149E+00
   06  0.1738095E+01  0.1986662E+01  0.2284461E-02  0.1154867E-03 -0.5871147E+00
   06  0.1761905E+01  0.1986663E+01  0.2358097E-02  0.1191936E-03 -0.5871145E+00
   06  0.1785714E+01  0.1986663E+01  0.2431736E-02  0.1228991E-03 -0.5871143E+00
   06  0.1809524E+01  0.1986663E+01  0.2505377E-02  0.1266032E-03 -0.5871142E+00
   06  0.1833333E+01  0.1986663E+01  0.2579022E-02  0.1303058E-03 -0.5871140E+00
   06  0.1857143E+01  0.1986663E+01  0.2652670E-02  0.1340069E-03 -0.5871138E+00
   06  0.1952381E+01  0.1986664E+01  0.2947304E-02  0.1488043E-03 -0.5871130E+00
   06  0.2047619E+01  0.1986665E+01  0.3242014E-02  0.1635758E-03 -0.5871123E+00
   06  0.2142857E+01  0.1986666E+01  0.3536830E-02  0.1783194E-03 -0.5871115E+00
   06  0.2238095E+01  0.1986666E+01  0.3831779E-02  0.1930332E-03 -0.5871107E+00
   06  0.2333333E+01  0.1986667E+01  0.4126889E-02  0.2077151E-03 -0.5871099E+00
   06  0.2428571E+01  0.1986668E+01  0.4422184E-02  0.2223632E-03 -0.5871092E+00
   06  0.2523810E+01  0.1986669E+01  0.4717691E-02  0.2369753E-03 -0.5871084E+00
   06  0.2619048E+01  0.1986669E+01  0.5013432E-02  0.2515492E-03 -0.5871077E+00
   06  0.2714286E+01  0.1986670E+01  0.5309430E-02  0.2660827E-03 -0.5871069E+00
   06  0.2809524E+01  0.1986671E+01  0.5605708E-02  0.2805736E-03 -0.5871062E+00
   06  0.2904762E+01  0.1986671E+01  0.5902286E-02  0.2950198E-03 -0.5871056E+00
   06  0.1000000E+01  0.1986658E+01  0.3082880E-16  0.1200120E-16 -0.5871188E+00
   06  0.1007937E+01  0.1986658E+01  0.2461079E-04  0.1246619E-05 -0.5871188E+00
   06  0.1015873E+01  0.1986658E+01  0.4921994E-04  0.2493148E-05 -0.5871188E+00
   06  0.1023810E+01  0.1986658E+01  0.7382745E-04  0.3739584E-05 -0.5871187E+00
   06  0.1031746E+01  0.1986658E+01  0.9843337E-04  0.4985930E-05 -0.5871187E+00
   06  0.1039683E+01  0.1986658E+01  0.1230377E-03  0.6232183E-05 -0.5871187E+00
   06  0.1047619E+01  0.1986658E+01  0.1476405E-03  0.7478344E-05 -0.5871187E+00
   06  0.1055556E+01  0.1986658E+01  0.1722417E-03  0.8724412E-05 -0.5871186E+00
   06  0.1063492E+01  0.1986658E+01  0.1968415E-03  0.9970387E-05 -0.5871186E+00
   06  0.1071429E+01  0.1986659E+01  0.2214397E-03  0.1121627E-04 -0.5871186E+00
   06  0.1079365E+01  0.1986659E+01  0.2460365E-03  0.1246205E-04 -0.5871185E+00
   06  0.1087302E+01  0.1986659E+01  0.2706319E-03  0.1370775E-04 -0.5871185E+00
   06  0.1095238E+01  0.1986659E+01  0.2952258E-03  0.1495334E-04 -0.5871185E+00
   06  0.1103175E+01  0.1986659E+01  0.3198183E-03  0.1619885E-04 -0.5871185E+00
   06  0.1111111E+01  0.1986659E+01  0.3444095E-03  0.1744425E-04 -0.5871184E+00
   06  0.1119048E+01  0.1986659E+01  0.3689993E-03  0.1868956E-04 -0.5871184E+00
   06  0.1126984E+01  0.1986659E+01  0.3935877E-03  0.1993478E-04 -0.5871184E+00
   06  0.1134921E+01  0.1986659E+01  0.4181749E-03  0.2117989E-04 -0.5871183E+00
   06  0.1142857E+01  0.1986659E+01  0.4427608E-03  0.2242491E-04 -0.5871183E+00
   06  0.1150794E+01  0.1986659E+01  0.4673454E-03  0.2366983E-04 -0.5871183E+00
   06  0.1158730E+01  0.1986659E+01  0.4919288E-03  0.2491465E-04 -0.5871182E+00
   06  0.1166667E+01  0.1986659E+01  0.5165109E-03  0.2615937E-04 -0.5871182E+00
   06  0.1174603E+01  0.1986659E+01  0.5410919E-03  0.2740400E-04 -0.5871182E+00
   06  0.1182540E+01  0.1986659E+01  0.5656716E-03  0.2864852E-04 -0.5871181E+00
   06  0.1190476E+01  0.1986659E+01  0.5902503E-03  0.2989294E-04 -0.5871181E+00
   06  0.1198413E+01  0.1986659E+01  0.6148278E-03  0.3113726E-04 -0.5871181E+00
   06  0.1206349E+01  0.1986659E+01  0.6394041E-03  0.3238148E-04 -0.5871180E+00
   06  0.1214286E+01  0.1986659E+01  0.6639794E-03  0.3362559E-04 -0.5871180E+00
   06  0.1238095E+01  0.1986659E+01  0.7377027E-03  0.3735774E-04 -0.5871179E+00
   06  0.1261905E+01  0.1986659E+01  0.8114166E-03  0.4108894E-04 -0.5871177E+00
   06  0.1285714E+01  0.1986659E+01  0.8851218E-03  0.4481919E-04 -0.5871176E+00
   06  0.1309524E+01  0.1986660E+01  0.9588187E-03  0.4854845E-04 -0.5871175E+00
   06  0.1333333E+01  0.1986660E+01  0.1032508E-02  0.5227673E-04 -0.5871174E+00
   06  0.1357143E+01  0.1986660E+01  0.1106183E-02  0.5600400E-04 -0.5871172E+00
   06  0.1380952E+01  0.1986660E+01  0.1179851E-02  0.5973024E-04 -0.5871171E+00
   06  0.1404762E+01  0.1986660E+01  0.1253513E-02  0.6345544E-04 -0.5871170E+00
   06  0.1428571E+01  0.1986660E+01  0.1327170E-02  0.6717957E-04 -0.5871168E+00
   06  0.1452381E+01  0.1986660E+01  0.1400823E-02  0.7090262E-04 -0.5871167E+00
   06  0.1476190E+01  0.1986661E+01  0.1474470E-02  0.7462456E-04 -0.5871165E+00
   06  0.1500000E+01  0.1986661E+01  0.1548114E-02  0.7834537E-04 -0.5871164E+00
   06  0.1523810E+01  0.1986661E+01  0.1621755E-02  0.8206504E-04 -0.5871162E+00
   06  0.1547619E+01  0.1986661E+01  0.1695393E-02  0.8578354E-04 -0.5871160E+00
   06  0.1571429E+01  0.1986661E+01  0.1769029E-02  0.8950085E-04 -0.5871159E+00
   06  0.1595238E+01  0.1986661E+01  0.1842663E-02  0.9321694E-04 -0.5871157E+00
   06  0.1619048E+01  0.1986662E+01  0.1916296E-02  0.9693180E-04 -0.5871156E+00
   06  0.1642857E+01  0.1986662E+01  0.1989928E-02  0.1006454E-03 -0.5871154E+00
   06  0.1666667E+01  0.1986662E+01  0.2063561E-02  0.1043577E-03 -0.5871152E+00
   06  0.1690476E+01  0.1986662E+01  0.2137193E-02  0.1080687E-03 -0.5871150E+00
   06  0.1714286E+01  0.1986662E+01  0.2210826E-02  0.1117784E-03 -0.5871149E+00
   06  0.1738095E+01  0.1986662E+01  0.2284461E-02  0.1154867E-03 -0.5871147E+00
   06  0.1761905E+01  0.1986663E+01  0.2358097E-02  0.1191936E-03 -0.5871145E+00
   06  0.1785714E+01  0.1986663E+01  0.2431736E-02  0.1228991E-03 -0.5871143E+00
   06  0.1809524E+01  0.1986663E+01  0.2505377E-02  0.1266032E-03 -0.5871142E+00
   06  0.1833333E+01  0.1986663E+01  0.2579022E-02  0.1303058E-03 -0.5871140E+00
   06  0.1857143E+01  0.1986663E+01  0.2652670E-02  0.1340069E-03 -0.5871138E+00
   06  0.1952381E+01  0.1986664E+01  0.2947304E-02  0.1488043E-03 -0.5871130E+00
   06  0.2047619E+01  0.1986665E+01  0.3242014E-02  0.1635758E-03 -0.5871123E+00
   06  0.2142857E+01  0.1986666E+01  0.3536830E-02  0.1783194E-03 -0.5871115E+00
   06  0.2238095E+01  0.1986666E+01  0.3831779E-02  0.1930332E-03 -0.5871107E+00
   06  0.2333333E+01  0.1986667E+01  0.4126889E-02  0.2077151E-03 -0.5871099E+00
   06  0.2428571E+01  0.1986668E+01  0.4422184E-02  0.2223632E-03 -0.5871092E+00
   06  0.2523810E+01  0.1986669E+01  0.4717691E-02  0.2369753E-03 -0.5871084E+00
   06  0.2619048E+01  0.1986669E+01  0.5013432E-02  0.2515492E-03 -0.5871077E+00
   06  0.2714286E+01  0.1986670E+01  0.5309430E-02  0.2660827E-03 -0.5871069E+00
   06  0.2809524E+01  0.1986671E+01  0.5605708E-02  0.2805736E-03 -0.5871062E+00
   06  0.2904762E+01  0.1986671E+01  0.5902286E-02  0.2950198E-03 -0.5871056E+00
   06  0.1000000E+01  0.1986658E+01  0.3082880E-16  0.1200120E-16 -0.5871188E+00
   06  0.1007937E+01  0.1986658E+01  0.2461079E-04  0.1246619E-05 -0.5871188E+00
   06  0.1015873E+01  0.1986658E+01  0.4921994E-04  0.2493148E-05 -0.5871188E+00
   06  0.1023810E+01  0.1986658E+01  0.7382745E-04  0.3739584E-05 -0.5871187E+00
   06  0.1031746E+01  0.1986658E+01  0.9843337E-04  0.4985930E-05 -0.5871187E+00
   06  0.1039683E+01  0.1986658E+01  0.1230377E-03  0.6232183E-05 -0.5871187E+00
   06  0.1047619E+01  0.1986658E+01  0.1476405E-03  0.7478344E-05 -0.5871187E+00
   06  0.1055556E+01  0.1986658E+01  0.1722417E-03  0.8724412E-05 -0.5871186E+00
   06  0.1063492E+01  0.1986658E+01  0.1968415E-03  0.9970387E-05 -0.5871186E+00
   06  0.1071429E+01  0.1986659E+01  0.2214397E-03  0.1121627E-04 -0.5871186E+00
   06  0.1079365E+01  0.1986659E+01  0.2460365E-03  0.1246205E-04 -0.5871185E+00
   06  0.1087302E+01  0.1986659E+01  0.2706319E-03  0.1370775E-04 -0.5871185E+00
   06  0.1095238E+01  0.1986659E+01  0.2952258E-03  0.1495334E-04 -0.5871185E+00
   06  0.1103175E+01  0.1986659E+01  0.3198183E-03  0.1619885E-04 -0.5871185E+00
   06  0.1111111E+01  0.1986659E+01  0.3444095E-03  0.1744425E-04 -0.5871184E+00
   06  0.1119048E+01  0.1986659E+01  0.3689993E-03  0.1868956E-04 -0.5871184E+00
   06  0.1126984E+01  0.1986659E+01  0.3935877E-03  0.1993478E-04 -0.5871184E+00
   06  0.1134921E+01  0.1986659E+01  0.4181749E-03  0.2117989E-04 -0.5871183E+00
   06  0.1142857E+01  0.1986659E+01  0.4427608E-03  0.2242491E-04 -0.5871183E+00
   06  0.1150794E+01  0.1986659E+01  0.4673454E-03  0.2366983E-04 -0.5871183E+00
   06  0.1158730E+01  0.1986659E+01  0.4919288E-03  0.2491465E-04 -0.5871182E+00
   06  0.1166667E+01  0.1986659E+01  0.5165109E-03  0.2615937E-04 -0.5871182E+00
   06  0.1174603E+01  0.1986659E+01  0.5410919E-03  0.2740400E-04 -0.5871182E+00
   06  0.1182540E+01  0.1986659E+01  0.5656716E-03  0.2864852E-04 -0.5871181E+00
   06  0.1190476E+01  0.1986659E+01  0.5902503E-03  0.2989294E-04 -0.5871181E+00
   06  0.1198413E+01  0.1986659E+01  0.6148278E-03  0.3113726E-04 -0.5871181E+00
   06  0.1206349E+01  0.1986659E+01  0.6394041E-03  0.3238148E-04 -0.5871180E+00
   06  0.1214286E+01  0.1986659E+01  0.6639794E-03  0.3362559E-04 -0.5871180E+00
   06  0.1238095E+01  0.1986659E+01  0.7377027E-03  0.3735774E-04 -0.5871179E+00
   06  0.1261905E+01  0.1986659E+01  0.8114166E-03  0.4108894E-04 -0.5871177E+00
   06  0.1285714E+01  0.1986659E+01  0.8851218E-03  0.4481919E-04 -0.5871176E+00
   06  0.1309524E+01  0.1986660E+01  0.9588187E-03  0.4854845E-04 -0.5871175E+00
   06  0.1333333E+01  0.1986660E+01  0.1032508E-02  0.5227673E-04 -0.5871174E+00
   06  0.1357143E+01  0.1986660E+01  0.1106183E-02  0.5600400E-04 -0.5871172E+00
   06  0.1380952E+01  0.1986660E+01  0.1179851E-02  0.5973024E-04 -0.5871171E+00
   06  0.1404762E+01  0.1986660E+01  0.1253513E-02  0.6345544E-04 -0.5871170E+00
   06  0.1428571E+01  0.1986660E+01  0.1327170E-02  0.6717957E-04 -0.5871168E+00
   06  0.1452381E+01  0.1986660E+01  0.1400823E-02  0.7090262E-04 -0.5871167E+00
   06  0.1476190E+01  0.1986661E+01  0.1474470E-02  0.7462456E-04 -0.5871165E+00
   06  0.1500000E+01  0.1986661E+01  0.1548114E-02  0.7834537E-04 -0.5871164E+00
   06  0.1523810E+01  0.1986661E+01  0.1621755E-02  0.8206504E-04 -0.5871162E+00
   06  0.1547619E+01  0.1986661E+01  0.1695393E-02  0.8578354E-04 -0.5871160E+00
   06  0.1571429E+01  0.1986661E+01  0.1769029E-02  0.8950085E-04 -0.5871159E+00
   06  0.1595238E+01  0.1986661E+01  0.1842663E-02  0.9321694E-04 -0.5871157E+00
   06  0.1619048E+01  0.1986662E+01  0.1916296E-02  0.9693180E-04 -0.5871156E+00
   06  0.1642857E+01  0.1986662E+01  0.1989928E-02  0.1006454E-03 -0.5871154E+00
   06  0.1666667E+01  0.1986662E+01  0.2063561E-02  0.1043577E-03 -0.5871152E+00
   06  0.1690476E+01  0.1986662E+01  0.2137193E-02  0.1080687E-03 -0.5871150E+00
   06  0.1714286E+01  0.1986662E+01  0.2210826E-02  0.1117784E-03 -0.5871149E+00
   06  0.1738095E+01  0.1986662E+01  0.2284461E-02  0.1154867E-03 -0.5871147E+00
   06  0.1761905E+01  0.1986663E+01  0.2358097E-02  0.1191936E-03 -0.5871145E+00
   06  0.1785714E+01  0.1986663E+01  0.2431736E-02  0.1228991E-03 -0.5871143E+00
   06  0.1809524E+01  0.1986663E+01  0.2505377E-02  0.1266032E-03 -0.5871142E+00
   06  0.1833333E+01  0.1986663E+01  0.2579022E-02  0.1303058E-03 -0.5871140E+00
   06  0.1857143E+01  0.1986663E+01  0.2652670E-02  0.1340069E-03 -0.5871138E+00
   06  0.1952381E+01  0.1986664E+01  0.2947304E-02  0.1488043E-03 -0.5871130E+00
   06  0.2047619E+01  0.1986665E+01  0.3242014E-02  0.1635758E-03 -0.5871123E+00
   06  0.2142857E+01  0.1986666E+01  0.3536830E-02  0.1783194E-03 -0.5871115E+00
   06  0.2238095E+01  0.1986666E+01  0.3831779E-02  0.1930332E-03 -0.5871107E+00
   06  0.2333333E+01  0.1986667E+01  0.4126889E-02  0.2077151E-03 -0.5871099E+00
   06  0.2428571E+01  0.1986668E+01  0.4422184E-02  0.2223632E-03 -0.5871092E+00
   06  0.2523810E+01  0.1986669E+01  0.4717691E-02  0.2369753E-03 -0.5871084E+00
   06  0.2619048E+01  0.1986669E+01  0.5013432E-02  0.2515492E-03 -0.5871077E+00
   06  0.2714286E+01  0.1986670E+01  0.5309430E-02  0.2660827E-03 -0.5871069E+00
   06  0.2809524E+01  0.1986671E+01  0.5605708E-02  0.2805736E-03 -0.5871062E+00
   06  0.2904762E+01  0.1986671E+01  0.5902286E-02  0.2950198E-03 -0.5871056E+00
