# gauge_id= 608 location=( -0.1242042364E+03  0.4174837307E+02 ) num_var=  4
# Stationary gauge
# level, time, q[  1  2  3], eta, aux[]
# file format ascii, time series follow in this file
   06  0.0000000E+00  0.5446985E+01  0.0000000E+00  0.0000000E+00  0.0000000E+00
   06  0.0000000E+00  0.5446985E+01  0.0000000E+00  0.0000000E+00  0.0000000E+00
   06  0.0000000E+00  0.5446985E+01  0.0000000E+00  0.0000000E+00  0.0000000E+00
   06  0.0000000E+00  0.5446985E+01  0.0000000E+00  0.0000000E+00  0.0000000E+00
   06  0.0000000E+00  0.5446985E+01  0.0000000E+00  0.0000000E+00  0.0000000E+00
   06  0.1000000E+01  0.5446985E+01 -0.5054751E-15  0.1894360E-15 -0.4668224E+00
   06  0.1007937E+01  0.5446985E+01  0.6583486E-04  0.3428011E-05 -0.4668223E+00
   06  0.1015873E+01  0.5446985E+01  0.1316705E-03  0.6856028E-05 -0.4668222E+00
   06  0.1023810E+01  0.5446985E+01  0.1975070E-03  0.1028407E-04 -0.4668221E+00
   06  0.1031746E+01  0.5446985E+01  0.2633443E-03  0.1371214E-04 -0.4668220E+00
   06  0.1039683E+01  0.5446986E+01  0.3291824E-03  0.1714027E-04 -0.4668219E+00
   06  0.1047619E+01  0.5446986E+01  0.3950214E-03  0.2056847E-04 -0.4668218E+00
   06  0.1055556E+01  0.5446986E+01  0.4608612E-03  0.2399676E-04 -0.4668217E+00
   06  0.1063492E+01  0.5446986E+01  0.5267019E-03  0.2742514E-04 -0.4668216E+00
   06  0.1071429E+01  0.5446986E+01  0.5925434E-03  0.3085365E-04 -0.4668215E+00
   06  0.1079365E+01  0.5446986E+01  0.6583857E-03  0.3428228E-04 -0.4668214E+00
   06  0.1087302E+01  0.5446986E+01  0.7242290E-03  0.3771107E-04 -0.4668213E+00
   06  0.1095238E+01  0.5446986E+01  0.7900731E-03  0.4114002E-04 -0.4668212E+00
   06  0.1103175E+01  0.5446986E+01  0.8559181E-03  0.4456915E-04 -0.4668211E+00
   06  0.1111111E+01  0.5446987E+01  0.9217639E-03  0.4799848E-04 -0.4668210E+00
   06  0.1119048E+01  0.5446987E+01  0.9876107E-03  0.5142802E-04 -0.4668209E+00
   06  0.1126984E+01  0.5446987E+01  0.1053458E-02  0.5485778E-04 -0.4668207E+00
   06  0.1134921E+01  0.5446987E+01  0.1119307E-02  0.5828779E-04 -0.4668206E+00
   06  0.1142857E+01  0.5446987E+01  0.1185156E-02  0.6171806E-04 -0.4668205E+00
   06  0.1150794E+01  0.5446987E+01  0.1251007E-02  0.6514860E-04 -0.4668204E+00
   06  0.1158730E+01  0.5446987E+01  0.1316858E-02  0.6857944E-04 -0.4668203E+00
   06  0.1166667E+01  0.5446987E+01  0.1382710E-02  0.7201057E-04 -0.4668201E+00
   06  0.1174603E+01  0.5446987E+01  0.1448564E-02  0.7544203E-04 -0.4668200E+00
   06  0.1182540E+01  0.5446988E+01  0.1514418E-02  0.7887383E-04 -0.4668199E+00
   06  0.1190476E+01  0.5446988E+01  0.1580273E-02  0.8230598E-04 -0.4668197E+00
   06  0.1198413E+01  0.5446988E+01  0.1646129E-02  0.8573850E-04 -0.4668196E+00
   06  0.1206349E+01  0.5446988E+01  0.1711986E-02  0.8917140E-04 -0.4668195E+00
   06  0.1214286E+01  0.5446988E+01  0.1777844E-02  0.9260469E-04 -0.4668193E+00
   06  0.1238095E+01  0.5446989E+01  0.1975420E-02  0.1029030E-03 -0.4668189E+00
   06  0.1261905E+01  0.5446989E+01  0.2173006E-02  0.1132053E-03 -0.4668185E+00
   06  0.1285714E+01  0.5446989E+01  0.2370600E-02  0.1235121E-03 -0.4668180E+00
   06  0.1309524E+01  0.5446990E+01  0.2568204E-02  0.1338238E-03 -0.4668175E+00
   06  0.1333333E+01  0.5446990E+01  0.2765817E-02  0.1441408E-03 -0.4668170E+00
   06  0.1357143E+01  0.5446991E+01  0.2963440E-02  0.1544635E-03 -0.4668165E+00
   06  0.1380952E+01  0.5446992E+01  0.3161072E-02  0.1647923E-03 -0.4668160E+00
   06  0.1404762E+01  0.5446992E+01  0.3358714E-02  0.1751276E-03 -0.4668154E+00
   06  0.1428571E+01  0.5446993E+01  0.3556366E-02  0.1854698E-03 -0.4668149E+00
   06  0.1452381E+01  0.5446993E+01  0.3754029E-02  0.1958194E-03 -0.4668143E+00
   06  0.1476190E+01  0.5446994E+01  0.3951702E-02  0.2061766E-03 -0.4668137E+00
   06  0.1500000E+01  0.5446994E+01  0.4149385E-02  0.2165419E-03 -0.4668131E+00
   06  0.1523810E+01  0.5446995E+01  0.4347079E-02  0.2269158E-03 -0.4668125E+00
   06  0.1547619E+01  0.5446996E+01  0.4544783E-02  0.2372985E-03 -0.4668118E+00
   06  0.1571429E+01  0.5446996E+01  0.4742498E-02  0.2476905E-03 -0.4668111E+00
   06  0.1595238E+01  0.5446997E+01  0.4940225E-02  0.2580921E-03 -0.4668105E+00
   06  0.1619048E+01  0.5446998E+01  0.5137962E-02  0.2685039E-03 -0.4668098E+00
   06  0.1642857E+01  0.5446998E+01  0.5335711E-02  0.2789260E-03 -0.4668090E+00
   06  0.1666667E+01  0.5446999E+01  0.5533471E-02  0.2893590E-03 -0.4668083E+00
   06  0.1690476E+01  0.5447000E+01  0.5731242E-02  0.2998032E-03 -0.4668076E+00
   06  0.1714286E+01  0.5447001E+01  0.5929026E-02  0.3102590E-03 -0.4668068E+00
   06  0.1738095E+01  0.5447001E+01  0.6126820E-02  0.3207268E-03 -0.4668060E+00
   06  0.1761905E+01  0.5447002E+01  0.6324627E-02  0.3312069E-03 -0.4668052E+00
   06  0.1785714E+01  0.5447003E+01  0.6522445E-02  0.3416998E-03 -0.4668044E+00
   06  0.1809524E+01  0.5447004E+01  0.6720276E-02  0.3522057E-03 -0.4668036E+00
   06  0.1833333E+01  0.5447005E+01  0.6918119E-02  0.3627251E-03 -0.4668027E+00
   06  0.1857143E+01  0.5447006E+01  0.7115973E-02  0.3732584E-03 -0.4668018E+00
   06  0.1952381E+01  0.5447009E+01  0.7907461E-02  0.4154231E-03 -0.4667982E+00
   06  0.2047619E+01  0.5447013E+01  0.8699154E-02  0.4578334E-03 -0.4667943E+00
   06  0.2142857E+01  0.5447017E+01  0.9491057E-02  0.5005128E-03 -0.4667901E+00
   06  0.2238095E+01  0.5447022E+01  0.1028318E-01  0.5434843E-03 -0.4667857E+00
   06  0.2333333E+01  0.5447026E+01  0.1107551E-01  0.5867713E-03 -0.4667810E+00
   06  0.2428571E+01  0.5447031E+01  0.1186808E-01  0.6303970E-03 -0.4667761E+00
   06  0.2523810E+01  0.5447037E+01  0.1266087E-01  0.6743853E-03 -0.4667709E+00
   06  0.2619048E+01  0.5447042E+01  0.1345389E-01  0.7187603E-03 -0.4667654E+00
   06  0.2714286E+01  0.5447048E+01  0.1424714E-01  0.7635472E-03 -0.4667597E+00
   06  0.2809524E+01  0.5447054E+01  0.1504062E-01  0.8087718E-03 -0.4667537E+00
   06  0.2904762E+01  0.5447060E+01  0.1583434E-01  0.8544608E-03 -0.4667475E+00
   06  0.1000000E+01  0.5446985E+01 -0.5054751E-15  0.1894360E-15 -0.4668224E+00
   06  0.1007937E+01  0.5446985E+01  0.6583486E-04  0.3428011E-05 -0.4668223E+00
   06  0.1015873E+01  0.5446985E+01  0.1316705E-03  0.6856028E-05 -0.4668222E+00
   06  0.1023810E+01  0.5446985E+01  0.1975070E-03  0.1028407E-04 -0.4668221E+00
   06  0.1031746E+01  0.5446985E+01  0.2633443E-03  0.1371214E-04 -0.4668220E+00
   06  0.1039683E+01  0.5446986E+01  0.3291824E-03  0.1714027E-04 -0.4668219E+00
   06  0.1047619E+01  0.5446986E+01  0.3950214E-03  0.2056847E-04 -0.4668218E+00
   06  0.1055556E+01  0.5446986E+01  0.4608612E-03  0.2399676E-04 -0.4668217E+00
   06  0.1063492E+01  0.5446986E+01  0.5267019E-03  0.2742514E-04 -0.4668216E+00
   06  0.1071429E+01  0.5446986E+01  0.5925434E-03  0.3085365E-04 -0.4668215E+00
   06  0.1079365E+01  0.5446986E+01  0.6583857E-03  0.3428228E-04 -0.4668214E+00
   06  0.1087302E+01  0.5446986E+01  0.7242290E-03  0.3771107E-04 -0.4668213E+00
   06  0.1095238E+01  0.5446986E+01  0.7900731E-03  0.4114002E-04 -0.4668212E+00
   06  0.1103175E+01  0.5446986E+01  0.8559181E-03  0.4456915E-04 -0.4668211E+00
   06  0.1111111E+01  0.5446987E+01  0.9217639E-03  0.4799848E-04 -0.4668210E+00
   06  0.1119048E+01  0.5446987E+01  0.9876107E-03  0.5142802E-04 -0.4668209E+00
   06  0.1126984E+01  0.5446987E+01  0.1053458E-02  0.5485778E-04 -0.4668207E+00
   06  0.1134921E+01  0.5446987E+01  0.1119307E-02  0.5828779E-04 -0.4668206E+00
   06  0.1142857E+01  0.5446987E+01  0.1185156E-02  0.6171806E-04 -0.4668205E+00
   06  0.1150794E+01  0.5446987E+01  0.1251007E-02  0.6514860E-04 -0.4668204E+00
   06  0.1158730E+01  0.5446987E+01  0.1316858E-02  0.6857944E-04 -0.4668203E+00
   06  0.1166667E+01  0.5446987E+01  0.1382710E-02  0.7201057E-04 -0.4668201E+00
   06  0.1174603E+01  0.5446987E+01  0.1448564E-02  0.7544203E-04 -0.4668200E+00
   06  0.1182540E+01  0.5446988E+01  0.1514418E-02  0.7887383E-04 -0.4668199E+00
   06  0.1190476E+01  0.5446988E+01  0.1580273E-02  0.8230598E-04 -0.4668197E+00
   06  0.1198413E+01  0.5446988E+01  0.1646129E-02  0.8573850E-04 -0.4668196E+00
   06  0.1206349E+01  0.5446988E+01  0.1711986E-02  0.8917140E-04 -0.4668195E+00
   06  0.1214286E+01  0.5446988E+01  0.1777844E-02  0.9260469E-04 -0.4668193E+00
   06  0.1238095E+01  0.5446989E+01  0.1975420E-02  0.1029030E-03 -0.4668189E+00
   06  0.1261905E+01  0.5446989E+01  0.2173006E-02  0.1132053E-03 -0.4668185E+00
   06  0.1285714E+01  0.5446989E+01  0.2370600E-02  0.1235121E-03 -0.4668180E+00
   06  0.1309524E+01  0.5446990E+01  0.2568204E-02  0.1338238E-03 -0.4668175E+00
   06  0.1333333E+01  0.5446990E+01  0.2765817E-02  0.1441408E-03 -0.4668170E+00
   06  0.1357143E+01  0.5446991E+01  0.2963440E-02  0.1544635E-03 -0.4668165E+00
   06  0.1380952E+01  0.5446992E+01  0.3161072E-02  0.1647923E-03 -0.4668160E+00
   06  0.1404762E+01  0.5446992E+01  0.3358714E-02  0.1751276E-03 -0.4668154E+00
   06  0.1428571E+01  0.5446993E+01  0.3556366E-02  0.1854698E-03 -0.4668149E+00
   06  0.1452381E+01  0.5446993E+01  0.3754029E-02  0.1958194E-03 -0.4668143E+00
   06  0.1476190E+01  0.5446994E+01  0.3951702E-02  0.2061766E-03 -0.4668137E+00
   06  0.1500000E+01  0.5446994E+01  0.4149385E-02  0.2165419E-03 -0.4668131E+00
   06  0.1523810E+01  0.5446995E+01  0.4347079E-02  0.2269158E-03 -0.4668125E+00
   06  0.1547619E+01  0.5446996E+01  0.4544783E-02  0.2372985E-03 -0.4668118E+00
   06  0.1571429E+01  0.5446996E+01  0.4742498E-02  0.2476905E-03 -0.4668111E+00
   06  0.1595238E+01  0.5446997E+01  0.4940225E-02  0.2580921E-03 -0.4668105E+00
   06  0.1619048E+01  0.5446998E+01  0.5137962E-02  0.2685039E-03 -0.4668098E+00
   06  0.1642857E+01  0.5446998E+01  0.5335711E-02  0.2789260E-03 -0.4668090E+00
   06  0.1666667E+01  0.5446999E+01  0.5533471E-02  0.2893590E-03 -0.4668083E+00
   06  0.1690476E+01  0.5447000E+01  0.5731242E-02  0.2998032E-03 -0.4668076E+00
   06  0.1714286E+01  0.5447001E+01  0.5929026E-02  0.3102590E-03 -0.4668068E+00
   06  0.1738095E+01  0.5447001E+01  0.6126820E-02  0.3207268E-03 -0.4668060E+00
   06  0.1761905E+01  0.5447002E+01  0.6324627E-02  0.3312069E-03 -0.4668052E+00
   06  0.1785714E+01  0.5447003E+01  0.6522445E-02  0.3416998E-03 -0.4668044E+00
   06  0.1809524E+01  0.5447004E+01  0.6720276E-02  0.3522057E-03 -0.4668036E+00
   06  0.1833333E+01  0.5447005E+01  0.6918119E-02  0.3627251E-03 -0.4668027E+00
   06  0.1857143E+01  0.5447006E+01  0.7115973E-02  0.3732584E-03 -0.4668018E+00
   06  0.1952381E+01  0.5447009E+01  0.7907461E-02  0.4154231E-03 -0.4667982E+00
   06  0.2047619E+01  0.5447013E+01  0.8699154E-02  0.4578334E-03 -0.4667943E+00
   06  0.2142857E+01  0.5447017E+01  0.9491057E-02  0.5005128E-03 -0.4667901E+00
   06  0.2238095E+01  0.5447022E+01  0.1028318E-01  0.5434843E-03 -0.4667857E+00
   06  0.2333333E+01  0.5447026E+01  0.1107551E-01  0.5867713E-03 -0.4667810E+00
   06  0.2428571E+01  0.5447031E+01  0.1186808E-01  0.6303970E-03 -0.4667761E+00
   06  0.2523810E+01  0.5447037E+01  0.1266087E-01  0.6743853E-03 -0.4667709E+00
   06  0.2619048E+01  0.5447042E+01  0.1345389E-01  0.7187603E-03 -0.4667654E+00
   06  0.2714286E+01  0.5447048E+01  0.1424714E-01  0.7635472E-03 -0.4667597E+00
   06  0.2809524E+01  0.5447054E+01  0.1504062E-01  0.8087718E-03 -0.4667537E+00
   06  0.2904762E+01  0.5447060E+01  0.1583434E-01  0.8544608E-03 -0.4667475E+00
   06  0.1000000E+01  0.5446985E+01 -0.5054751E-15  0.1894360E-15 -0.4668224E+00
   06  0.1007937E+01  0.5446985E+01  0.6583486E-04  0.3428011E-05 -0.4668223E+00
   06  0.1015873E+01  0.5446985E+01  0.1316705E-03  0.6856028E-05 -0.4668222E+00
   06  0.1023810E+01  0.5446985E+01  0.1975070E-03  0.1028407E-04 -0.4668221E+00
   06  0.1031746E+01  0.5446985E+01  0.2633443E-03  0.1371214E-04 -0.4668220E+00
   06  0.1039683E+01  0.5446986E+01  0.3291824E-03  0.1714027E-04 -0.4668219E+00
   06  0.1047619E+01  0.5446986E+01  0.3950214E-03  0.2056847E-04 -0.4668218E+00
   06  0.1055556E+01  0.5446986E+01  0.4608612E-03  0.2399676E-04 -0.4668217E+00
   06  0.1063492E+01  0.5446986E+01  0.5267019E-03  0.2742514E-04 -0.4668216E+00
   06  0.1071429E+01  0.5446986E+01  0.5925434E-03  0.3085365E-04 -0.4668215E+00
   06  0.1079365E+01  0.5446986E+01  0.6583857E-03  0.3428228E-04 -0.4668214E+00
   06  0.1087302E+01  0.5446986E+01  0.7242290E-03  0.3771107E-04 -0.4668213E+00
   06  0.1095238E+01  0.5446986E+01  0.7900731E-03  0.4114002E-04 -0.4668212E+00
   06  0.1103175E+01  0.5446986E+01  0.8559181E-03  0.4456915E-04 -0.4668211E+00
   06  0.1111111E+01  0.5446987E+01  0.9217639E-03  0.4799848E-04 -0.4668210E+00
   06  0.1119048E+01  0.5446987E+01  0.9876107E-03  0.5142802E-04 -0.4668209E+00
   06  0.1126984E+01  0.5446987E+01  0.1053458E-02  0.5485778E-04 -0.4668207E+00
   06  0.1134921E+01  0.5446987E+01  0.1119307E-02  0.5828779E-04 -0.4668206E+00
   06  0.1142857E+01  0.5446987E+01  0.1185156E-02  0.6171806E-04 -0.4668205E+00
   06  0.1150794E+01  0.5446987E+01  0.1251007E-02  0.6514860E-04 -0.4668204E+00
   06  0.1158730E+01  0.5446987E+01  0.1316858E-02  0.6857944E-04 -0.4668203E+00
   06  0.1166667E+01  0.5446987E+01  0.1382710E-02  0.7201057E-04 -0.4668201E+00
   06  0.1174603E+01  0.5446987E+01  0.1448564E-02  0.7544203E-04 -0.4668200E+00
   06  0.1182540E+01  0.5446988E+01  0.1514418E-02  0.7887383E-04 -0.4668199E+00
   06  0.1190476E+01  0.5446988E+01  0.1580273E-02  0.8230598E-04 -0.4668197E+00
   06  0.1198413E+01  0.5446988E+01  0.1646129E-02  0.8573850E-04 -0.4668196E+00
   06  0.1206349E+01  0.5446988E+01  0.1711986E-02  0.8917140E-04 -0.4668195E+00
   06  0.1214286E+01  0.5446988E+01  0.1777844E-02  0.9260469E-04 -0.4668193E+00
   06  0.1238095E+01  0.5446989E+01  0.1975420E-02  0.1029030E-03 -0.4668189E+00
   06  0.1261905E+01  0.5446989E+01  0.2173006E-02  0.1132053E-03 -0.4668185E+00
   06  0.1285714E+01  0.5446989E+01  0.2370600E-02  0.1235121E-03 -0.4668180E+00
   06  0.1309524E+01  0.5446990E+01  0.2568204E-02  0.1338238E-03 -0.4668175E+00
   06  0.1333333E+01  0.5446990E+01  0.2765817E-02  0.1441408E-03 -0.4668170E+00
   06  0.1357143E+01  0.5446991E+01  0.2963440E-02  0.1544635E-03 -0.4668165E+00
   06  0.1380952E+01  0.5446992E+01  0.3161072E-02  0.1647923E-03 -0.4668160E+00
   06  0.1404762E+01  0.5446992E+01  0.3358714E-02  0.1751276E-03 -0.4668154E+00
   06  0.1428571E+01  0.5446993E+01  0.3556366E-02  0.1854698E-03 -0.4668149E+00
   06  0.1452381E+01  0.5446993E+01  0.3754029E-02  0.1958194E-03 -0.4668143E+00
   06  0.1476190E+01  0.5446994E+01  0.3951702E-02  0.2061766E-03 -0.4668137E+00
   06  0.1500000E+01  0.5446994E+01  0.4149385E-02  0.2165419E-03 -0.4668131E+00
   06  0.1523810E+01  0.5446995E+01  0.4347079E-02  0.2269158E-03 -0.4668125E+00
   06  0.1547619E+01  0.5446996E+01  0.4544783E-02  0.2372985E-03 -0.4668118E+00
   06  0.1571429E+01  0.5446996E+01  0.4742498E-02  0.2476905E-03 -0.4668111E+00
   06  0.1595238E+01  0.5446997E+01  0.4940225E-02  0.2580921E-03 -0.4668105E+00
   06  0.1619048E+01  0.5446998E+01  0.5137962E-02  0.2685039E-03 -0.4668098E+00
   06  0.1642857E+01  0.5446998E+01  0.5335711E-02  0.2789260E-03 -0.4668090E+00
   06  0.1666667E+01  0.5446999E+01  0.5533471E-02  0.2893590E-03 -0.4668083E+00
   06  0.1690476E+01  0.5447000E+01  0.5731242E-02  0.2998032E-03 -0.4668076E+00
   06  0.1714286E+01  0.5447001E+01  0.5929026E-02  0.3102590E-03 -0.4668068E+00
   06  0.1738095E+01  0.5447001E+01  0.6126820E-02  0.3207268E-03 -0.4668060E+00
   06  0.1761905E+01  0.5447002E+01  0.6324627E-02  0.3312069E-03 -0.4668052E+00
   06  0.1785714E+01  0.5447003E+01  0.6522445E-02  0.3416998E-03 -0.4668044E+00
   06  0.1809524E+01  0.5447004E+01  0.6720276E-02  0.3522057E-03 -0.4668036E+00
   06  0.1833333E+01  0.5447005E+01  0.6918119E-02  0.3627251E-03 -0.4668027E+00
   06  0.1857143E+01  0.5447006E+01  0.7115973E-02  0.3732584E-03 -0.4668018E+00
   06  0.1952381E+01  0.5447009E+01  0.7907461E-02  0.4154231E-03 -0.4667982E+00
   06  0.2047619E+01  0.5447013E+01  0.8699154E-02  0.4578334E-03 -0.4667943E+00
   06  0.2142857E+01  0.5447017E+01  0.9491057E-02  0.5005128E-03 -0.4667901E+00
   06  0.2238095E+01  0.5447022E+01  0.1028318E-01  0.5434843E-03 -0.4667857E+00
   06  0.2333333E+01  0.5447026E+01  0.1107551E-01  0.5867713E-03 -0.4667810E+00
   06  0.2428571E+01  0.5447031E+01  0.1186808E-01  0.6303970E-03 -0.4667761E+00
   06  0.2523810E+01  0.5447037E+01  0.1266087E-01  0.6743853E-03 -0.4667709E+00
   06  0.2619048E+01  0.5447042E+01  0.1345389E-01  0.7187603E-03 -0.4667654E+00
   06  0.2714286E+01  0.5447048E+01  0.1424714E-01  0.7635472E-03 -0.4667597E+00
   06  0.2809524E+01  0.5447054E+01  0.1504062E-01  0.8087718E-03 -0.4667537E+00
   06  0.2904762E+01  0.5447060E+01  0.1583434E-01  0.8544608E-03 -0.4667475E+00
   06  0.1000000E+01  0.5446985E+01 -0.5054751E-15  0.1894360E-15 -0.4668224E+00
   06  0.1007937E+01  0.5446985E+01  0.6583486E-04  0.3428011E-05 -0.4668223E+00
   06  0.1015873E+01  0.5446985E+01  0.1316705E-03  0.6856028E-05 -0.4668222E+00
   06  0.1023810E+01  0.5446985E+01  0.1975070E-03  0.1028407E-04 -0.4668221E+00
   06  0.1031746E+01  0.5446985E+01  0.2633443E-03  0.1371214E-04 -0.4668220E+00
   06  0.1039683E+01  0.5446986E+01  0.3291824E-03  0.1714027E-04 -0.4668219E+00
   06  0.1047619E+01  0.5446986E+01  0.3950214E-03  0.2056847E-04 -0.4668218E+00
   06  0.1055556E+01  0.5446986E+01  0.4608612E-03  0.2399676E-04 -0.4668217E+00
   06  0.1063492E+01  0.5446986E+01  0.5267019E-03  0.2742514E-04 -0.4668216E+00
   06  0.1071429E+01  0.5446986E+01  0.5925434E-03  0.3085365E-04 -0.4668215E+00
   06  0.1079365E+01  0.5446986E+01  0.6583857E-03  0.3428228E-04 -0.4668214E+00
   06  0.1087302E+01  0.5446986E+01  0.7242290E-03  0.3771107E-04 -0.4668213E+00
   06  0.1095238E+01  0.5446986E+01  0.7900731E-03  0.4114002E-04 -0.4668212E+00
   06  0.1103175E+01  0.5446986E+01  0.8559181E-03  0.4456915E-04 -0.4668211E+00
   06  0.1111111E+01  0.5446987E+01  0.9217639E-03  0.4799848E-04 -0.4668210E+00
   06  0.1119048E+01  0.5446987E+01  0.9876107E-03  0.5142802E-04 -0.4668209E+00
   06  0.1126984E+01  0.5446987E+01  0.1053458E-02  0.5485778E-04 -0.4668207E+00
   06  0.1134921E+01  0.5446987E+01  0.1119307E-02  0.5828779E-04 -0.4668206E+00
   06  0.1142857E+01  0.5446987E+01  0.1185156E-02  0.6171806E-04 -0.4668205E+00
   06  0.1150794E+01  0.5446987E+01  0.1251007E-02  0.6514860E-04 -0.4668204E+00
   06  0.1158730E+01  0.5446987E+01  0.1316858E-02  0.6857944E-04 -0.4668203E+00
   06  0.1166667E+01  0.5446987E+01  0.1382710E-02  0.7201057E-04 -0.4668201E+00
   06  0.1174603E+01  0.5446987E+01  0.1448564E-02  0.7544203E-04 -0.4668200E+00
   06  0.1182540E+01  0.5446988E+01  0.1514418E-02  0.7887383E-04 -0.4668199E+00
   06  0.1190476E+01  0.5446988E+01  0.1580273E-02  0.8230598E-04 -0.4668197E+00
   06  0.1198413E+01  0.5446988E+01  0.1646129E-02  0.8573850E-04 -0.4668196E+00
   06  0.1206349E+01  0.5446988E+01  0.1711986E-02  0.8917140E-04 -0.4668195E+00
   06  0.1214286E+01  0.5446988E+01  0.1777844E-02  0.9260469E-04 -0.4668193E+00
   06  0.1238095E+01  0.5446989E+01  0.1975420E-02  0.1029030E-03 -0.4668189E+00
   06  0.1261905E+01  0.5446989E+01  0.2173006E-02  0.1132053E-03 -0.4668185E+00
   06  0.1285714E+01  0.5446989E+01  0.2370600E-02  0.1235121E-03 -0.4668180E+00
   06  0.1309524E+01  0.5446990E+01  0.2568204E-02  0.1338238E-03 -0.4668175E+00
   06  0.1333333E+01  0.5446990E+01  0.2765817E-02  0.1441408E-03 -0.4668170E+00
   06  0.1357143E+01  0.5446991E+01  0.2963440E-02  0.1544635E-03 -0.4668165E+00
   06  0.1380952E+01  0.5446992E+01  0.3161072E-02  0.1647923E-03 -0.4668160E+00
   06  0.1404762E+01  0.5446992E+01  0.3358714E-02  0.1751276E-03 -0.4668154E+00
   06  0.1428571E+01  0.5446993E+01  0.3556366E-02  0.1854698E-03 -0.4668149E+00
   06  0.1452381E+01  0.5446993E+01  0.3754029E-02  0.1958194E-03 -0.4668143E+00
   06  0.1476190E+01  0.5446994E+01  0.3951702E-02  0.2061766E-03 -0.4668137E+00
   06  0.1500000E+01  0.5446994E+01  0.4149385E-02  0.2165419E-03 -0.4668131E+00
   06  0.1523810E+01  0.5446995E+01  0.4347079E-02  0.2269158E-03 -0.4668125E+00
   06  0.1547619E+01  0.5446996E+01  0.4544783E-02  0.2372985E-03 -0.4668118E+00
   06  0.1571429E+01  0.5446996E+01  0.4742498E-02  0.2476905E-03 -0.4668111E+00
   06  0.1595238E+01  0.5446997E+01  0.4940225E-02  0.2580921E-03 -0.4668105E+00
   06  0.1619048E+01  0.5446998E+01  0.5137962E-02  0.2685039E-03 -0.4668098E+00
   06  0.1642857E+01  0.5446998E+01  0.5335711E-02  0.2789260E-03 -0.4668090E+00
   06  0.1666667E+01  0.5446999E+01  0.5533471E-02  0.2893590E-03 -0.4668083E+00
   06  0.1690476E+01  0.5447000E+01  0.5731242E-02  0.2998032E-03 -0.4668076E+00
   06  0.1714286E+01  0.5447001E+01  0.5929026E-02  0.3102590E-03 -0.4668068E+00
   06  0.1738095E+01  0.5447001E+01  0.6126820E-02  0.3207268E-03 -0.4668060E+00
   06  0.1761905E+01  0.5447002E+01  0.6324627E-02  0.3312069E-03 -0.4668052E+00
   06  0.1785714E+01  0.5447003E+01  0.6522445E-02  0.3416998E-03 -0.4668044E+00
   06  0.1809524E+01  0.5447004E+01  0.6720276E-02  0.3522057E-03 -0.4668036E+00
   06  0.1833333E+01  0.5447005E+01  0.6918119E-02  0.3627251E-03 -0.4668027E+00
   06  0.1857143E+01  0.5447006E+01  0.7115973E-02  0.3732584E-03 -0.4668018E+00
   06  0.1952381E+01  0.5447009E+01  0.7907461E-02  0.4154231E-03 -0.4667982E+00
   06  0.2047619E+01  0.5447013E+01  0.8699154E-02  0.4578334E-03 -0.4667943E+00
   06  0.2142857E+01  0.5447017E+01  0.9491057E-02  0.5005128E-03 -0.4667901E+00
   06  0.2238095E+01  0.5447022E+01  0.1028318E-01  0.5434843E-03 -0.4667857E+00
   06  0.2333333E+01  0.5447026E+01  0.1107551E-01  0.5867713E-03 -0.4667810E+00
   06  0.2428571E+01  0.5447031E+01  0.1186808E-01  0.6303970E-03 -0.4667761E+00
   06  0.2523810E+01  0.5447037E+01  0.1266087E-01  0.6743853E-03 -0.4667709E+00
   06  0.2619048E+01  0.5447042E+01  0.1345389E-01  0.7187603E-03 -0.4667654E+00
   06  0.2714286E+01  0.5447048E+01  0.1424714E-01  0.7635472E-03 -0.4667597E+00
   06  0.2809524E+01  0.5447054E+01  0.1504062E-01  0.8087718E-03 -0.4667537E+00
   06  0.2904762E+01  0.5447060E+01  0.1583434E-01  0.8544608E-03 -0.4667475E+00
   06  0.1000000E+01  0.5446985E+01 -0.5054751E-15  0.1894360E-15 -0.4668224E+00
   06  0.1007937E+01  0.5446985E+01  0.6583486E-04  0.3428011E-05 -0.4668223E+00
   06  0.1015873E+01  0.5446985E+01  0.1316705E-03  0.6856028E-05 -0.4668222E+00
   06  0.1023810E+01  0.5446985E+01  0.1975070E-03  0.1028407E-04 -0.4668221E+00
   06  0.1031746E+01  0.5446985E+01  0.2633443E-03  0.1371214E-04 -0.4668220E+00
   06  0.1039683E+01  0.5446986E+01  0.3291824E-03  0.1714027E-04 -0.4668219E+00
   06  0.1047619E+01  0.5446986E+01  0.3950214E-03  0.2056847E-04 -0.4668218E+00
   06  0.1055556E+01  0.5446986E+01  0.4608612E-03  0.2399676E-04 -0.4668217E+00
   06  0.1063492E+01  0.5446986E+01  0.5267019E-03  0.2742514E-04 -0.4668216E+00
   06  0.1071429E+01  0.5446986E+01  0.5925434E-03  0.3085365E-04 -0.4668215E+00
   06  0.1079365E+01  0.5446986E+01  0.6583857E-03  0.3428228E-04 -0.4668214E+00
   06  0.1087302E+01  0.5446986E+01  0.7242290E-03  0.3771107E-04 -0.4668213E+00
   06  0.1095238E+01  0.5446986E+01  0.7900731E-03  0.4114002E-04 -0.4668212E+00
   06  0.1103175E+01  0.5446986E+01  0.8559181E-03  0.4456915E-04 -0.4668211E+00
   06  0.1111111E+01  0.5446987E+01  0.9217639E-03  0.4799848E-04 -0.4668210E+00
   06  0.1119048E+01  0.5446987E+01  0.9876107E-03  0.5142802E-04 -0.4668209E+00
   06  0.1126984E+01  0.5446987E+01  0.1053458E-02  0.5485778E-04 -0.4668207E+00
   06  0.1134921E+01  0.5446987E+01  0.1119307E-02  0.5828779E-04 -0.4668206E+00
   06  0.1142857E+01  0.5446987E+01  0.1185156E-02  0.6171806E-04 -0.4668205E+00
   06  0.1150794E+01  0.5446987E+01  0.1251007E-02  0.6514860E-04 -0.4668204E+00
   06  0.1158730E+01  0.5446987E+01  0.1316858E-02  0.6857944E-04 -0.4668203E+00
   06  0.1166667E+01  0.5446987E+01  0.1382710E-02  0.7201057E-04 -0.4668201E+00
   06  0.1174603E+01  0.5446987E+01  0.1448564E-02  0.7544203E-04 -0.4668200E+00
   06  0.1182540E+01  0.5446988E+01  0.1514418E-02  0.7887383E-04 -0.4668199E+00
   06  0.1190476E+01  0.5446988E+01  0.1580273E-02  0.8230598E-04 -0.4668197E+00
   06  0.1198413E+01  0.5446988E+01  0.1646129E-02  0.8573850E-04 -0.4668196E+00
   06  0.1206349E+01  0.5446988E+01  0.1711986E-02  0.8917140E-04 -0.4668195E+00
   06  0.1214286E+01  0.5446988E+01  0.1777844E-02  0.9260469E-04 -0.4668193E+00
   06  0.1238095E+01  0.5446989E+01  0.1975420E-02  0.1029030E-03 -0.4668189E+00
   06  0.1261905E+01  0.5446989E+01  0.2173006E-02  0.1132053E-03 -0.4668185E+00
   06  0.1285714E+01  0.5446989E+01  0.2370600E-02  0.1235121E-03 -0.4668180E+00
   06  0.1309524E+01  0.5446990E+01  0.2568204E-02  0.1338238E-03 -0.4668175E+00
   06  0.1333333E+01  0.5446990E+01  0.2765817E-02  0.1441408E-03 -0.4668170E+00
   06  0.1357143E+01  0.5446991E+01  0.2963440E-02  0.1544635E-03 -0.4668165E+00
   06  0.1380952E+01  0.5446992E+01  0.3161072E-02  0.1647923E-03 -0.4668160E+00
   06  0.1404762E+01  0.5446992E+01  0.3358714E-02  0.1751276E-03 -0.4668154E+00
   06  0.1428571E+01  0.5446993E+01  0.3556366E-02  0.1854698E-03 -0.4668149E+00
   06  0.1452381E+01  0.5446993E+01  0.3754029E-02  0.1958194E-03 -0.4668143E+00
   06  0.1476190E+01  0.5446994E+01  0.3951702E-02  0.2061766E-03 -0.4668137E+00
   06  0.1500000E+01  0.5446994E+01  0.4149385E-02  0.2165419E-03 -0.4668131E+00
   06  0.1523810E+01  0.5446995E+01  0.4347079E-02  0.2269158E-03 -0.4668125E+00
   06  0.1547619E+01  0.5446996E+01  0.4544783E-02  0.2372985E-03 -0.4668118E+00
   06  0.1571429E+01  0.5446996E+01  0.4742498E-02  0.2476905E-03 -0.4668111E+00
   06  0.1595238E+01  0.5446997E+01  0.4940225E-02  0.2580921E-03 -0.4668105E+00
   06  0.1619048E+01  0.5446998E+01  0.5137962E-02  0.2685039E-03 -0.4668098E+00
   06  0.1642857E+01  0.5446998E+01  0.5335711E-02  0.2789260E-03 -0.4668090E+00
   06  0.1666667E+01  0.5446999E+01  0.5533471E-02  0.2893590E-03 -0.4668083E+00
   06  0.1690476E+01  0.5447000E+01  0.5731242E-02  0.2998032E-03 -0.4668076E+00
   06  0.1714286E+01  0.5447001E+01  0.5929026E-02  0.3102590E-03 -0.4668068E+00
   06  0.1738095E+01  0.5447001E+01  0.6126820E-02  0.3207268E-03 -0.4668060E+00
   06  0.1761905E+01  0.5447002E+01  0.6324627E-02  0.3312069E-03 -0.4668052E+00
   06  0.1785714E+01  0.5447003E+01  0.6522445E-02  0.3416998E-03 -0.4668044E+00
   06  0.1809524E+01  0.5447004E+01  0.6720276E-02  0.3522057E-03 -0.4668036E+00
   06  0.1833333E+01  0.5447005E+01  0.6918119E-02  0.3627251E-03 -0.4668027E+00
   06  0.1857143E+01  0.5447006E+01  0.7115973E-02  0.3732584E-03 -0.4668018E+00
   06  0.1952381E+01  0.5447009E+01  0.7907461E-02  0.4154231E-03 -0.4667982E+00
   06  0.2047619E+01  0.5447013E+01  0.8699154E-02  0.4578334E-03 -0.4667943E+00
   06  0.2142857E+01  0.5447017E+01  0.9491057E-02  0.5005128E-03 -0.4667901E+00
   06  0.2238095E+01  0.5447022E+01  0.1028318E-01  0.5434843E-03 -0.4667857E+00
   06  0.2333333E+01  0.5447026E+01  0.1107551E-01  0.5867713E-03 -0.4667810E+00
   06  0.2428571E+01  0.5447031E+01  0.1186808E-01  0.6303970E-03 -0.4667761E+00
   06  0.2523810E+01  0.5447037E+01  0.1266087E-01  0.6743853E-03 -0.4667709E+00
   06  0.2619048E+01  0.5447042E+01  0.1345389E-01  0.7187603E-03 -0.4667654E+00
   06  0.2714286E+01  0.5447048E+01  0.1424714E-01  0.7635472E-03 -0.4667597E+00
   06  0.2809524E+01  0.5447054E+01  0.1504062E-01  0.8087718E-03 -0.4667537E+00
   06  0.2904762E+01  0.5447060E+01  0.1583434E-01  0.8544608E-03 -0.4667475E+00
