# gauge_id= 525 location=( -0.1251000000E+03  0.4200000000E+02 ) num_var=  4
# Stationary gauge
# level, time, q[  1  2  3], eta, aux[]
# file format ascii, time series follow in this file
   02  0.0000000E+00  0.1660376E+04  0.0000000E+00  0.0000000E+00  0.0000000E+00
   02  0.0000000E+00  0.1660376E+04  0.0000000E+00  0.0000000E+00  0.0000000E+00
   02  0.0000000E+00  0.1660376E+04  0.0000000E+00  0.0000000E+00  0.0000000E+00
   02  0.0000000E+00  0.1660376E+04  0.0000000E+00  0.0000000E+00  0.0000000E+00
   02  0.0000000E+00  0.1660376E+04  0.0000000E+00  0.0000000E+00  0.0000000E+00
   02  0.1000000E+01  0.1660376E+04  0.7289846E-13 -0.2150818E-13  0.3251208E+01
   02  0.1285714E+01  0.1660371E+04 -0.8208041E+00 -0.4165326E-01  0.3246644E+01
   02  0.1571429E+01  0.1660367E+04 -0.1637058E+01 -0.8327168E-01  0.3242082E+01
   02  0.1857143E+01  0.1660362E+04 -0.2448951E+01 -0.1248548E+00  0.3237523E+01
   02  0.2142857E+01  0.1660357E+04 -0.3256496E+01 -0.1664020E+00  0.3232966E+01
   02  0.2428571E+01  0.1660353E+04 -0.4059666E+01 -0.2079130E+00  0.3228412E+01
   02  0.2714286E+01  0.1660348E+04 -0.4858312E+01 -0.2493871E+00  0.3223863E+01
   02  0.1000000E+01  0.1660376E+04  0.7289846E-13 -0.2150818E-13  0.3251208E+01
   02  0.1285714E+01  0.1660371E+04 -0.8208041E+00 -0.4165326E-01  0.3246644E+01
   02  0.1571429E+01  0.1660367E+04 -0.1637058E+01 -0.8327168E-01  0.3242082E+01
   02  0.1857143E+01  0.1660362E+04 -0.2448951E+01 -0.1248548E+00  0.3237523E+01
   02  0.2142857E+01  0.1660357E+04 -0.3256496E+01 -0.1664020E+00  0.3232966E+01
   02  0.2428571E+01  0.1660353E+04 -0.4059666E+01 -0.2079130E+00  0.3228412E+01
   02  0.2714286E+01  0.1660348E+04 -0.4858312E+01 -0.2493871E+00  0.3223863E+01
   02  0.1000000E+01  0.1660376E+04  0.7289846E-13 -0.2150818E-13  0.3251208E+01
   02  0.1285714E+01  0.1660371E+04 -0.8208041E+00 -0.4165326E-01  0.3246644E+01
   02  0.1571429E+01  0.1660367E+04 -0.1637058E+01 -0.8327168E-01  0.3242082E+01
   02  0.1857143E+01  0.1660362E+04 -0.2448951E+01 -0.1248548E+00  0.3237523E+01
   02  0.2142857E+01  0.1660357E+04 -0.3256496E+01 -0.1664020E+00  0.3232966E+01
   02  0.2428571E+01  0.1660353E+04 -0.4059666E+01 -0.2079130E+00  0.3228412E+01
   02  0.2714286E+01  0.1660348E+04 -0.4858312E+01 -0.2493871E+00  0.3223863E+01
   02  0.1000000E+01  0.1660376E+04  0.7289846E-13 -0.2150818E-13  0.3251208E+01
   02  0.1285714E+01  0.1660371E+04 -0.8208041E+00 -0.4165326E-01  0.3246644E+01
   02  0.1571429E+01  0.1660367E+04 -0.1637058E+01 -0.8327168E-01  0.3242082E+01
   02  0.1857143E+01  0.1660362E+04 -0.2448951E+01 -0.1248548E+00  0.3237523E+01
   02  0.2142857E+01  0.1660357E+04 -0.3256496E+01 -0.1664020E+00  0.3232966E+01
   02  0.2428571E+01  0.1660353E+04 -0.4059666E+01 -0.2079130E+00  0.3228412E+01
   02  0.2714286E+01  0.1660348E+04 -0.4858312E+01 -0.2493871E+00  0.3223863E+01
   02  0.1000000E+01  0.1660376E+04  0.7289846E-13 -0.2150818E-13  0.3251208E+01
   02  0.1285714E+01  0.1660371E+04 -0.8208041E+00 -0.4165326E-01  0.3246644E+01
   02  0.1571429E+01  0.1660367E+04 -0.1637058E+01 -0.8327168E-01  0.3242082E+01
   02  0.1857143E+01  0.1660362E+04 -0.2448951E+01 -0.1248548E+00  0.3237523E+01
   02  0.2142857E+01  0.1660357E+04 -0.3256496E+01 -0.1664020E+00  0.3232966E+01
   02  0.2428571E+01  0.1660353E+04 -0.4059666E+01 -0.2079130E+00  0.3228412E+01
   02  0.2714286E+01  0.1660348E+04 -0.4858312E+01 -0.2493871E+00  0.3223863E+01
