# gauge_id= 502 location=( -0.1245000000E+03  0.4150000000E+02 ) num_var=  4
# Stationary gauge
# level, time, q[  1  2  3], eta, aux[]
# file format ascii, time series follow in this file
   03  0.0000000E+00  0.0000000E+00  0.0000000E+00  0.0000000E+00  0.1873639E+03
   03  0.0000000E+00  0.0000000E+00  0.0000000E+00  0.0000000E+00  0.1873639E+03
   03  0.0000000E+00  0.0000000E+00  0.0000000E+00  0.0000000E+00  0.1873639E+03
   03  0.0000000E+00  0.0000000E+00  0.0000000E+00  0.0000000E+00  0.1873639E+03
   03  0.0000000E+00  0.0000000E+00  0.0000000E+00  0.0000000E+00  0.1873639E+03
   03  0.1000000E+01  0.0000000E+00  0.0000000E+00  0.0000000E+00  0.1910461E+03
   03  0.1095238E+01  0.0000000E+00  0.0000000E+00  0.0000000E+00  0.1910461E+03
   03  0.1190476E+01  0.0000000E+00  0.0000000E+00  0.0000000E+00  0.1910461E+03
   03  0.1285714E+01  0.0000000E+00  0.0000000E+00  0.0000000E+00  0.1910461E+03
   03  0.1380952E+01  0.0000000E+00  0.0000000E+00  0.0000000E+00  0.1910461E+03
   03  0.1476190E+01  0.0000000E+00  0.0000000E+00  0.0000000E+00  0.1910461E+03
   03  0.1571429E+01  0.0000000E+00  0.0000000E+00  0.0000000E+00  0.1910461E+03
   03  0.1666667E+01  0.0000000E+00  0.0000000E+00  0.0000000E+00  0.1910461E+03
   03  0.1761905E+01  0.0000000E+00  0.0000000E+00  0.0000000E+00  0.1910461E+03
   04  0.1857143E+01  0.0000000E+00  0.0000000E+00  0.0000000E+00  0.2381809E+03
   04  0.1952381E+01  0.0000000E+00  0.0000000E+00  0.0000000E+00  0.2381809E+03
   04  0.2047619E+01  0.0000000E+00  0.0000000E+00  0.0000000E+00  0.2381809E+03
   04  0.2142857E+01  0.0000000E+00  0.0000000E+00  0.0000000E+00  0.2381809E+03
   04  0.2238095E+01  0.0000000E+00  0.0000000E+00  0.0000000E+00  0.2381809E+03
   04  0.2333333E+01  0.0000000E+00  0.0000000E+00  0.0000000E+00  0.2381809E+03
   04  0.2428571E+01  0.0000000E+00  0.0000000E+00  0.0000000E+00  0.2381809E+03
   04  0.2523810E+01  0.0000000E+00  0.0000000E+00  0.0000000E+00  0.2381809E+03
   04  0.2619048E+01  0.0000000E+00  0.0000000E+00  0.0000000E+00  0.2381809E+03
   04  0.2714286E+01  0.0000000E+00  0.0000000E+00  0.0000000E+00  0.2381809E+03
   04  0.2809524E+01  0.0000000E+00  0.0000000E+00  0.0000000E+00  0.2381809E+03
   04  0.2904762E+01  0.0000000E+00  0.0000000E+00  0.0000000E+00  0.2381809E+03
   03  0.1000000E+01  0.0000000E+00  0.0000000E+00  0.0000000E+00  0.1910461E+03
   03  0.1095238E+01  0.0000000E+00  0.0000000E+00  0.0000000E+00  0.1910461E+03
   03  0.1190476E+01  0.0000000E+00  0.0000000E+00  0.0000000E+00  0.1910461E+03
   03  0.1285714E+01  0.0000000E+00  0.0000000E+00  0.0000000E+00  0.1910461E+03
   03  0.1380952E+01  0.0000000E+00  0.0000000E+00  0.0000000E+00  0.1910461E+03
   03  0.1476190E+01  0.0000000E+00  0.0000000E+00  0.0000000E+00  0.1910461E+03
   03  0.1571429E+01  0.0000000E+00  0.0000000E+00  0.0000000E+00  0.1910461E+03
   03  0.1666667E+01  0.0000000E+00  0.0000000E+00  0.0000000E+00  0.1910461E+03
   03  0.1761905E+01  0.0000000E+00  0.0000000E+00  0.0000000E+00  0.1910461E+03
   04  0.1857143E+01  0.0000000E+00  0.0000000E+00  0.0000000E+00  0.2381809E+03
   04  0.1952381E+01  0.0000000E+00  0.0000000E+00  0.0000000E+00  0.2381809E+03
   04  0.2047619E+01  0.0000000E+00  0.0000000E+00  0.0000000E+00  0.2381809E+03
   04  0.2142857E+01  0.0000000E+00  0.0000000E+00  0.0000000E+00  0.2381809E+03
   04  0.2238095E+01  0.0000000E+00  0.0000000E+00  0.0000000E+00  0.2381809E+03
   04  0.2333333E+01  0.0000000E+00  0.0000000E+00  0.0000000E+00  0.2381809E+03
   04  0.2428571E+01  0.0000000E+00  0.0000000E+00  0.0000000E+00  0.2381809E+03
   04  0.2523810E+01  0.0000000E+00  0.0000000E+00  0.0000000E+00  0.2381809E+03
   04  0.2619048E+01  0.0000000E+00  0.0000000E+00  0.0000000E+00  0.2381809E+03
   04  0.2714286E+01  0.0000000E+00  0.0000000E+00  0.0000000E+00  0.2381809E+03
   04  0.2809524E+01  0.0000000E+00  0.0000000E+00  0.0000000E+00  0.2381809E+03
   04  0.2904762E+01  0.0000000E+00  0.0000000E+00  0.0000000E+00  0.2381809E+03
   03  0.1000000E+01  0.0000000E+00  0.0000000E+00  0.0000000E+00  0.1910461E+03
   03  0.1095238E+01  0.0000000E+00  0.0000000E+00  0.0000000E+00  0.1910461E+03
   03  0.1190476E+01  0.0000000E+00  0.0000000E+00  0.0000000E+00  0.1910461E+03
   03  0.1285714E+01  0.0000000E+00  0.0000000E+00  0.0000000E+00  0.1910461E+03
   03  0.1380952E+01  0.0000000E+00  0.0000000E+00  0.0000000E+00  0.1910461E+03
   03  0.1476190E+01  0.0000000E+00  0.0000000E+00  0.0000000E+00  0.1910461E+03
   03  0.1571429E+01  0.0000000E+00  0.0000000E+00  0.0000000E+00  0.1910461E+03
   03  0.1666667E+01  0.0000000E+00  0.0000000E+00  0.0000000E+00  0.1910461E+03
   03  0.1761905E+01  0.0000000E+00  0.0000000E+00  0.0000000E+00  0.1910461E+03
   04  0.1857143E+01  0.0000000E+00  0.0000000E+00  0.0000000E+00  0.2381809E+03
   04  0.1952381E+01  0.0000000E+00  0.0000000E+00  0.0000000E+00  0.2381809E+03
   04  0.2047619E+01  0.0000000E+00  0.0000000E+00  0.0000000E+00  0.2381809E+03
   04  0.2142857E+01  0.0000000E+00  0.0000000E+00  0.0000000E+00  0.2381809E+03
   04  0.2238095E+01  0.0000000E+00  0.0000000E+00  0.0000000E+00  0.2381809E+03
   04  0.2333333E+01  0.0000000E+00  0.0000000E+00  0.0000000E+00  0.2381809E+03
   04  0.2428571E+01  0.0000000E+00  0.0000000E+00  0.0000000E+00  0.2381809E+03
   04  0.2523810E+01  0.0000000E+00  0.0000000E+00  0.0000000E+00  0.2381809E+03
   04  0.2619048E+01  0.0000000E+00  0.0000000E+00  0.0000000E+00  0.2381809E+03
   04  0.2714286E+01  0.0000000E+00  0.0000000E+00  0.0000000E+00  0.2381809E+03
   04  0.2809524E+01  0.0000000E+00  0.0000000E+00  0.0000000E+00  0.2381809E+03
   04  0.2904762E+01  0.0000000E+00  0.0000000E+00  0.0000000E+00  0.2381809E+03
   03  0.1000000E+01  0.0000000E+00  0.0000000E+00  0.0000000E+00  0.1910461E+03
   03  0.1095238E+01  0.0000000E+00  0.0000000E+00  0.0000000E+00  0.1910461E+03
   03  0.1190476E+01  0.0000000E+00  0.0000000E+00  0.0000000E+00  0.1910461E+03
   03  0.1285714E+01  0.0000000E+00  0.0000000E+00  0.0000000E+00  0.1910461E+03
   03  0.1380952E+01  0.0000000E+00  0.0000000E+00  0.0000000E+00  0.1910461E+03
   03  0.1476190E+01  0.0000000E+00  0.0000000E+00  0.0000000E+00  0.1910461E+03
   03  0.1571429E+01  0.0000000E+00  0.0000000E+00  0.0000000E+00  0.1910461E+03
   03  0.1666667E+01  0.0000000E+00  0.0000000E+00  0.0000000E+00  0.1910461E+03
   03  0.1761905E+01  0.0000000E+00  0.0000000E+00  0.0000000E+00  0.1910461E+03
   04  0.1857143E+01  0.0000000E+00  0.0000000E+00  0.0000000E+00  0.2381809E+03
   04  0.1952381E+01  0.0000000E+00  0.0000000E+00  0.0000000E+00  0.2381809E+03
   04  0.2047619E+01  0.0000000E+00  0.0000000E+00  0.0000000E+00  0.2381809E+03
   04  0.2142857E+01  0.0000000E+00  0.0000000E+00  0.0000000E+00  0.2381809E+03
   04  0.2238095E+01  0.0000000E+00  0.0000000E+00  0.0000000E+00  0.2381809E+03
   04  0.2333333E+01  0.0000000E+00  0.0000000E+00  0.0000000E+00  0.2381809E+03
   04  0.2428571E+01  0.0000000E+00  0.0000000E+00  0.0000000E+00  0.2381809E+03
   04  0.2523810E+01  0.0000000E+00  0.0000000E+00  0.0000000E+00  0.2381809E+03
   04  0.2619048E+01  0.0000000E+00  0.0000000E+00  0.0000000E+00  0.2381809E+03
   04  0.2714286E+01  0.0000000E+00  0.0000000E+00  0.0000000E+00  0.2381809E+03
   04  0.2809524E+01  0.0000000E+00  0.0000000E+00  0.0000000E+00  0.2381809E+03
   04  0.2904762E+01  0.0000000E+00  0.0000000E+00  0.0000000E+00  0.2381809E+03
   03  0.1000000E+01  0.0000000E+00  0.0000000E+00  0.0000000E+00  0.1910461E+03
   03  0.1095238E+01  0.0000000E+00  0.0000000E+00  0.0000000E+00  0.1910461E+03
   03  0.1190476E+01  0.0000000E+00  0.0000000E+00  0.0000000E+00  0.1910461E+03
   03  0.1285714E+01  0.0000000E+00  0.0000000E+00  0.0000000E+00  0.1910461E+03
   03  0.1380952E+01  0.0000000E+00  0.0000000E+00  0.0000000E+00  0.1910461E+03
   03  0.1476190E+01  0.0000000E+00  0.0000000E+00  0.0000000E+00  0.1910461E+03
   03  0.1571429E+01  0.0000000E+00  0.0000000E+00  0.0000000E+00  0.1910461E+03
   03  0.1666667E+01  0.0000000E+00  0.0000000E+00  0.0000000E+00  0.1910461E+03
   03  0.1761905E+01  0.0000000E+00  0.0000000E+00  0.0000000E+00  0.1910461E+03
   04  0.1857143E+01  0.0000000E+00  0.0000000E+00  0.0000000E+00  0.2381809E+03
   04  0.1952381E+01  0.0000000E+00  0.0000000E+00  0.0000000E+00  0.2381809E+03
   04  0.2047619E+01  0.0000000E+00  0.0000000E+00  0.0000000E+00  0.2381809E+03
   04  0.2142857E+01  0.0000000E+00  0.0000000E+00  0.0000000E+00  0.2381809E+03
   04  0.2238095E+01  0.0000000E+00  0.0000000E+00  0.0000000E+00  0.2381809E+03
   04  0.2333333E+01  0.0000000E+00  0.0000000E+00  0.0000000E+00  0.2381809E+03
   04  0.2428571E+01  0.0000000E+00  0.0000000E+00  0.0000000E+00  0.2381809E+03
   04  0.2523810E+01  0.0000000E+00  0.0000000E+00  0.0000000E+00  0.2381809E+03
   04  0.2619048E+01  0.0000000E+00  0.0000000E+00  0.0000000E+00  0.2381809E+03
   04  0.2714286E+01  0.0000000E+00  0.0000000E+00  0.0000000E+00  0.2381809E+03
   04  0.2809524E+01  0.0000000E+00  0.0000000E+00  0.0000000E+00  0.2381809E+03
   04  0.2904762E+01  0.0000000E+00  0.0000000E+00  0.0000000E+00  0.2381809E+03
