# gauge_id= 606 location=( -0.1242062325E+03  0.4175453827E+02 ) num_var=  4
# Stationary gauge
# level, time, q[  1  2  3], eta, aux[]
# file format ascii, time series follow in this file
   06  0.0000000E+00  0.1298148E+02  0.0000000E+00  0.0000000E+00  0.0000000E+00
   06  0.0000000E+00  0.1298148E+02  0.0000000E+00  0.0000000E+00  0.0000000E+00
   06  0.0000000E+00  0.1298148E+02  0.0000000E+00  0.0000000E+00  0.0000000E+00
   06  0.0000000E+00  0.1298148E+02  0.0000000E+00  0.0000000E+00  0.0000000E+00
   06  0.0000000E+00  0.1298148E+02  0.0000000E+00  0.0000000E+00  0.0000000E+00
   06  0.1000000E+01  0.1298148E+02 -0.6085573E-15 -0.1109071E-14 -0.4469808E+00
   06  0.1007937E+01  0.1298148E+02  0.1549957E-03  0.8176907E-05 -0.4469808E+00
   06  0.1015873E+01  0.1298148E+02  0.3099911E-03  0.1635377E-04 -0.4469808E+00
   06  0.1023810E+01  0.1298148E+02  0.4649862E-03  0.2453058E-04 -0.4469808E+00
   06  0.1031746E+01  0.1298148E+02  0.6199809E-03  0.3270735E-04 -0.4469808E+00
   06  0.1039683E+01  0.1298148E+02  0.7749752E-03  0.4088407E-04 -0.4469808E+00
   06  0.1047619E+01  0.1298148E+02  0.9299692E-03  0.4906075E-04 -0.4469807E+00
   06  0.1055556E+01  0.1298148E+02  0.1084963E-02  0.5723739E-04 -0.4469807E+00
   06  0.1063492E+01  0.1298148E+02  0.1239956E-02  0.6541400E-04 -0.4469807E+00
   06  0.1071429E+01  0.1298148E+02  0.1394949E-02  0.7359056E-04 -0.4469807E+00
   06  0.1079365E+01  0.1298148E+02  0.1549942E-02  0.8176710E-04 -0.4469807E+00
   06  0.1087302E+01  0.1298148E+02  0.1704934E-02  0.8994359E-04 -0.4469807E+00
   06  0.1095238E+01  0.1298148E+02  0.1859926E-02  0.9812006E-04 -0.4469807E+00
   06  0.1103175E+01  0.1298148E+02  0.2014918E-02  0.1062965E-03 -0.4469806E+00
   06  0.1111111E+01  0.1298148E+02  0.2169909E-02  0.1144729E-03 -0.4469806E+00
   06  0.1119048E+01  0.1298148E+02  0.2324900E-02  0.1226493E-03 -0.4469806E+00
   06  0.1126984E+01  0.1298148E+02  0.2479891E-02  0.1308256E-03 -0.4469806E+00
   06  0.1134921E+01  0.1298148E+02  0.2634881E-02  0.1390020E-03 -0.4469806E+00
   06  0.1142857E+01  0.1298148E+02  0.2789871E-02  0.1471783E-03 -0.4469805E+00
   06  0.1150794E+01  0.1298148E+02  0.2944861E-02  0.1553546E-03 -0.4469805E+00
   06  0.1158730E+01  0.1298148E+02  0.3099850E-02  0.1635309E-03 -0.4469805E+00
   06  0.1166667E+01  0.1298148E+02  0.3254840E-02  0.1717071E-03 -0.4469805E+00
   06  0.1174603E+01  0.1298148E+02  0.3409828E-02  0.1798834E-03 -0.4469804E+00
   06  0.1182540E+01  0.1298148E+02  0.3564817E-02  0.1880596E-03 -0.4469804E+00
   06  0.1190476E+01  0.1298148E+02  0.3719805E-02  0.1962358E-03 -0.4469804E+00
   06  0.1198413E+01  0.1298148E+02  0.3874793E-02  0.2044120E-03 -0.4469803E+00
   06  0.1206349E+01  0.1298148E+02  0.4029780E-02  0.2125882E-03 -0.4469803E+00
   06  0.1214286E+01  0.1298148E+02  0.4184767E-02  0.2207644E-03 -0.4469803E+00
   06  0.1238095E+01  0.1298148E+02  0.4649728E-02  0.2452927E-03 -0.4469802E+00
   06  0.1261905E+01  0.1298148E+02  0.5114686E-02  0.2698210E-03 -0.4469801E+00
   06  0.1285714E+01  0.1298148E+02  0.5579641E-02  0.2943494E-03 -0.4469799E+00
   06  0.1309524E+01  0.1298148E+02  0.6044594E-02  0.3188778E-03 -0.4469798E+00
   06  0.1333333E+01  0.1298148E+02  0.6509544E-02  0.3434064E-03 -0.4469797E+00
   06  0.1357143E+01  0.1298148E+02  0.6974492E-02  0.3679351E-03 -0.4469795E+00
   06  0.1380952E+01  0.1298148E+02  0.7439437E-02  0.3924641E-03 -0.4469793E+00
   06  0.1404762E+01  0.1298148E+02  0.7904380E-02  0.4169933E-03 -0.4469792E+00
   06  0.1428571E+01  0.1298148E+02  0.8369321E-02  0.4415228E-03 -0.4469790E+00
   06  0.1452381E+01  0.1298148E+02  0.8834259E-02  0.4660526E-03 -0.4469788E+00
   06  0.1476190E+01  0.1298148E+02  0.9299195E-02  0.4905828E-03 -0.4469786E+00
   06  0.1500000E+01  0.1298148E+02  0.9764130E-02  0.5151135E-03 -0.4469784E+00
   06  0.1523810E+01  0.1298148E+02  0.1022906E-01  0.5396446E-03 -0.4469782E+00
   06  0.1547619E+01  0.1298148E+02  0.1069399E-01  0.5641763E-03 -0.4469779E+00
   06  0.1571429E+01  0.1298148E+02  0.1115892E-01  0.5887085E-03 -0.4469777E+00
   06  0.1595238E+01  0.1298148E+02  0.1162385E-01  0.6132413E-03 -0.4469775E+00
   06  0.1619048E+01  0.1298148E+02  0.1208877E-01  0.6377747E-03 -0.4469772E+00
   06  0.1642857E+01  0.1298148E+02  0.1255369E-01  0.6623088E-03 -0.4469769E+00
   06  0.1666667E+01  0.1298148E+02  0.1301861E-01  0.6868437E-03 -0.4469767E+00
   06  0.1690476E+01  0.1298148E+02  0.1348353E-01  0.7113793E-03 -0.4469764E+00
   06  0.1714286E+01  0.1298148E+02  0.1394845E-01  0.7359157E-03 -0.4469761E+00
   06  0.1738095E+01  0.1298148E+02  0.1441337E-01  0.7604530E-03 -0.4469758E+00
   06  0.1761905E+01  0.1298148E+02  0.1487828E-01  0.7849912E-03 -0.4469754E+00
   06  0.1785714E+01  0.1298148E+02  0.1534320E-01  0.8095303E-03 -0.4469751E+00
   06  0.1809524E+01  0.1298148E+02  0.1580811E-01  0.8340704E-03 -0.4469748E+00
   06  0.1833333E+01  0.1298148E+02  0.1627302E-01  0.8586116E-03 -0.4469744E+00
   06  0.1857143E+01  0.1298148E+02  0.1673793E-01  0.8831538E-03 -0.4469741E+00
   06  0.1952381E+01  0.1298148E+02  0.1859757E-01  0.9813303E-03 -0.4469726E+00
   06  0.2047619E+01  0.1298149E+02  0.2045721E-01  0.1079527E-02 -0.4469710E+00
   06  0.2142857E+01  0.1298149E+02  0.2231683E-01  0.1177746E-02 -0.4469692E+00
   06  0.2238095E+01  0.1298149E+02  0.2417645E-01  0.1275991E-02 -0.4469672E+00
   06  0.2333333E+01  0.1298149E+02  0.2603608E-01  0.1374264E-02 -0.4469651E+00
   06  0.2428571E+01  0.1298149E+02  0.2789571E-01  0.1472568E-02 -0.4469629E+00
   06  0.2523810E+01  0.1298150E+02  0.2975535E-01  0.1570905E-02 -0.4469605E+00
   06  0.2619048E+01  0.1298150E+02  0.3161501E-01  0.1669277E-02 -0.4469580E+00
   06  0.2714286E+01  0.1298150E+02  0.3347469E-01  0.1767689E-02 -0.4469553E+00
   06  0.2809524E+01  0.1298151E+02  0.3533439E-01  0.1866141E-02 -0.4469525E+00
   06  0.2904762E+01  0.1298151E+02  0.3719413E-01  0.1964637E-02 -0.4469495E+00
   06  0.1000000E+01  0.1298148E+02 -0.6085573E-15 -0.1109071E-14 -0.4469808E+00
   06  0.1007937E+01  0.1298148E+02  0.1549957E-03  0.8176907E-05 -0.4469808E+00
   06  0.1015873E+01  0.1298148E+02  0.3099911E-03  0.1635377E-04 -0.4469808E+00
   06  0.1023810E+01  0.1298148E+02  0.4649862E-03  0.2453058E-04 -0.4469808E+00
   06  0.1031746E+01  0.1298148E+02  0.6199809E-03  0.3270735E-04 -0.4469808E+00
   06  0.1039683E+01  0.1298148E+02  0.7749752E-03  0.4088407E-04 -0.4469808E+00
   06  0.1047619E+01  0.1298148E+02  0.9299692E-03  0.4906075E-04 -0.4469807E+00
   06  0.1055556E+01  0.1298148E+02  0.1084963E-02  0.5723739E-04 -0.4469807E+00
   06  0.1063492E+01  0.1298148E+02  0.1239956E-02  0.6541400E-04 -0.4469807E+00
   06  0.1071429E+01  0.1298148E+02  0.1394949E-02  0.7359056E-04 -0.4469807E+00
   06  0.1079365E+01  0.1298148E+02  0.1549942E-02  0.8176710E-04 -0.4469807E+00
   06  0.1087302E+01  0.1298148E+02  0.1704934E-02  0.8994359E-04 -0.4469807E+00
   06  0.1095238E+01  0.1298148E+02  0.1859926E-02  0.9812006E-04 -0.4469807E+00
   06  0.1103175E+01  0.1298148E+02  0.2014918E-02  0.1062965E-03 -0.4469806E+00
   06  0.1111111E+01  0.1298148E+02  0.2169909E-02  0.1144729E-03 -0.4469806E+00
   06  0.1119048E+01  0.1298148E+02  0.2324900E-02  0.1226493E-03 -0.4469806E+00
   06  0.1126984E+01  0.1298148E+02  0.2479891E-02  0.1308256E-03 -0.4469806E+00
   06  0.1134921E+01  0.1298148E+02  0.2634881E-02  0.1390020E-03 -0.4469806E+00
   06  0.1142857E+01  0.1298148E+02  0.2789871E-02  0.1471783E-03 -0.4469805E+00
   06  0.1150794E+01  0.1298148E+02  0.2944861E-02  0.1553546E-03 -0.4469805E+00
   06  0.1158730E+01  0.1298148E+02  0.3099850E-02  0.1635309E-03 -0.4469805E+00
   06  0.1166667E+01  0.1298148E+02  0.3254840E-02  0.1717071E-03 -0.4469805E+00
   06  0.1174603E+01  0.1298148E+02  0.3409828E-02  0.1798834E-03 -0.4469804E+00
   06  0.1182540E+01  0.1298148E+02  0.3564817E-02  0.1880596E-03 -0.4469804E+00
   06  0.1190476E+01  0.1298148E+02  0.3719805E-02  0.1962358E-03 -0.4469804E+00
   06  0.1198413E+01  0.1298148E+02  0.3874793E-02  0.2044120E-03 -0.4469803E+00
   06  0.1206349E+01  0.1298148E+02  0.4029780E-02  0.2125882E-03 -0.4469803E+00
   06  0.1214286E+01  0.1298148E+02  0.4184767E-02  0.2207644E-03 -0.4469803E+00
   06  0.1238095E+01  0.1298148E+02  0.4649728E-02  0.2452927E-03 -0.4469802E+00
   06  0.1261905E+01  0.1298148E+02  0.5114686E-02  0.2698210E-03 -0.4469801E+00
   06  0.1285714E+01  0.1298148E+02  0.5579641E-02  0.2943494E-03 -0.4469799E+00
   06  0.1309524E+01  0.1298148E+02  0.6044594E-02  0.3188778E-03 -0.4469798E+00
   06  0.1333333E+01  0.1298148E+02  0.6509544E-02  0.3434064E-03 -0.4469797E+00
   06  0.1357143E+01  0.1298148E+02  0.6974492E-02  0.3679351E-03 -0.4469795E+00
   06  0.1380952E+01  0.1298148E+02  0.7439437E-02  0.3924641E-03 -0.4469793E+00
   06  0.1404762E+01  0.1298148E+02  0.7904380E-02  0.4169933E-03 -0.4469792E+00
   06  0.1428571E+01  0.1298148E+02  0.8369321E-02  0.4415228E-03 -0.4469790E+00
   06  0.1452381E+01  0.1298148E+02  0.8834259E-02  0.4660526E-03 -0.4469788E+00
   06  0.1476190E+01  0.1298148E+02  0.9299195E-02  0.4905828E-03 -0.4469786E+00
   06  0.1500000E+01  0.1298148E+02  0.9764130E-02  0.5151135E-03 -0.4469784E+00
   06  0.1523810E+01  0.1298148E+02  0.1022906E-01  0.5396446E-03 -0.4469782E+00
   06  0.1547619E+01  0.1298148E+02  0.1069399E-01  0.5641763E-03 -0.4469779E+00
   06  0.1571429E+01  0.1298148E+02  0.1115892E-01  0.5887085E-03 -0.4469777E+00
   06  0.1595238E+01  0.1298148E+02  0.1162385E-01  0.6132413E-03 -0.4469775E+00
   06  0.1619048E+01  0.1298148E+02  0.1208877E-01  0.6377747E-03 -0.4469772E+00
   06  0.1642857E+01  0.1298148E+02  0.1255369E-01  0.6623088E-03 -0.4469769E+00
   06  0.1666667E+01  0.1298148E+02  0.1301861E-01  0.6868437E-03 -0.4469767E+00
   06  0.1690476E+01  0.1298148E+02  0.1348353E-01  0.7113793E-03 -0.4469764E+00
   06  0.1714286E+01  0.1298148E+02  0.1394845E-01  0.7359157E-03 -0.4469761E+00
   06  0.1738095E+01  0.1298148E+02  0.1441337E-01  0.7604530E-03 -0.4469758E+00
   06  0.1761905E+01  0.1298148E+02  0.1487828E-01  0.7849912E-03 -0.4469754E+00
   06  0.1785714E+01  0.1298148E+02  0.1534320E-01  0.8095303E-03 -0.4469751E+00
   06  0.1809524E+01  0.1298148E+02  0.1580811E-01  0.8340704E-03 -0.4469748E+00
   06  0.1833333E+01  0.1298148E+02  0.1627302E-01  0.8586116E-03 -0.4469744E+00
   06  0.1857143E+01  0.1298148E+02  0.1673793E-01  0.8831538E-03 -0.4469741E+00
   06  0.1952381E+01  0.1298148E+02  0.1859757E-01  0.9813303E-03 -0.4469726E+00
   06  0.2047619E+01  0.1298149E+02  0.2045721E-01  0.1079527E-02 -0.4469710E+00
   06  0.2142857E+01  0.1298149E+02  0.2231683E-01  0.1177746E-02 -0.4469692E+00
   06  0.2238095E+01  0.1298149E+02  0.2417645E-01  0.1275991E-02 -0.4469672E+00
   06  0.2333333E+01  0.1298149E+02  0.2603608E-01  0.1374264E-02 -0.4469651E+00
   06  0.2428571E+01  0.1298149E+02  0.2789571E-01  0.1472568E-02 -0.4469629E+00
   06  0.2523810E+01  0.1298150E+02  0.2975535E-01  0.1570905E-02 -0.4469605E+00
   06  0.2619048E+01  0.1298150E+02  0.3161501E-01  0.1669277E-02 -0.4469580E+00
   06  0.2714286E+01  0.1298150E+02  0.3347469E-01  0.1767689E-02 -0.4469553E+00
   06  0.2809524E+01  0.1298151E+02  0.3533439E-01  0.1866141E-02 -0.4469525E+00
   06  0.2904762E+01  0.1298151E+02  0.3719413E-01  0.1964637E-02 -0.4469495E+00
   06  0.1000000E+01  0.1298148E+02 -0.6085573E-15 -0.1109071E-14 -0.4469808E+00
   06  0.1007937E+01  0.1298148E+02  0.1549957E-03  0.8176907E-05 -0.4469808E+00
   06  0.1015873E+01  0.1298148E+02  0.3099911E-03  0.1635377E-04 -0.4469808E+00
   06  0.1023810E+01  0.1298148E+02  0.4649862E-03  0.2453058E-04 -0.4469808E+00
   06  0.1031746E+01  0.1298148E+02  0.6199809E-03  0.3270735E-04 -0.4469808E+00
   06  0.1039683E+01  0.1298148E+02  0.7749752E-03  0.4088407E-04 -0.4469808E+00
   06  0.1047619E+01  0.1298148E+02  0.9299692E-03  0.4906075E-04 -0.4469807E+00
   06  0.1055556E+01  0.1298148E+02  0.1084963E-02  0.5723739E-04 -0.4469807E+00
   06  0.1063492E+01  0.1298148E+02  0.1239956E-02  0.6541400E-04 -0.4469807E+00
   06  0.1071429E+01  0.1298148E+02  0.1394949E-02  0.7359056E-04 -0.4469807E+00
   06  0.1079365E+01  0.1298148E+02  0.1549942E-02  0.8176710E-04 -0.4469807E+00
   06  0.1087302E+01  0.1298148E+02  0.1704934E-02  0.8994359E-04 -0.4469807E+00
   06  0.1095238E+01  0.1298148E+02  0.1859926E-02  0.9812006E-04 -0.4469807E+00
   06  0.1103175E+01  0.1298148E+02  0.2014918E-02  0.1062965E-03 -0.4469806E+00
   06  0.1111111E+01  0.1298148E+02  0.2169909E-02  0.1144729E-03 -0.4469806E+00
   06  0.1119048E+01  0.1298148E+02  0.2324900E-02  0.1226493E-03 -0.4469806E+00
   06  0.1126984E+01  0.1298148E+02  0.2479891E-02  0.1308256E-03 -0.4469806E+00
   06  0.1134921E+01  0.1298148E+02  0.2634881E-02  0.1390020E-03 -0.4469806E+00
   06  0.1142857E+01  0.1298148E+02  0.2789871E-02  0.1471783E-03 -0.4469805E+00
   06  0.1150794E+01  0.1298148E+02  0.2944861E-02  0.1553546E-03 -0.4469805E+00
   06  0.1158730E+01  0.1298148E+02  0.3099850E-02  0.1635309E-03 -0.4469805E+00
   06  0.1166667E+01  0.1298148E+02  0.3254840E-02  0.1717071E-03 -0.4469805E+00
   06  0.1174603E+01  0.1298148E+02  0.3409828E-02  0.1798834E-03 -0.4469804E+00
   06  0.1182540E+01  0.1298148E+02  0.3564817E-02  0.1880596E-03 -0.4469804E+00
   06  0.1190476E+01  0.1298148E+02  0.3719805E-02  0.1962358E-03 -0.4469804E+00
   06  0.1198413E+01  0.1298148E+02  0.3874793E-02  0.2044120E-03 -0.4469803E+00
   06  0.1206349E+01  0.1298148E+02  0.4029780E-02  0.2125882E-03 -0.4469803E+00
   06  0.1214286E+01  0.1298148E+02  0.4184767E-02  0.2207644E-03 -0.4469803E+00
   06  0.1238095E+01  0.1298148E+02  0.4649728E-02  0.2452927E-03 -0.4469802E+00
   06  0.1261905E+01  0.1298148E+02  0.5114686E-02  0.2698210E-03 -0.4469801E+00
   06  0.1285714E+01  0.1298148E+02  0.5579641E-02  0.2943494E-03 -0.4469799E+00
   06  0.1309524E+01  0.1298148E+02  0.6044594E-02  0.3188778E-03 -0.4469798E+00
   06  0.1333333E+01  0.1298148E+02  0.6509544E-02  0.3434064E-03 -0.4469797E+00
   06  0.1357143E+01  0.1298148E+02  0.6974492E-02  0.3679351E-03 -0.4469795E+00
   06  0.1380952E+01  0.1298148E+02  0.7439437E-02  0.3924641E-03 -0.4469793E+00
   06  0.1404762E+01  0.1298148E+02  0.7904380E-02  0.4169933E-03 -0.4469792E+00
   06  0.1428571E+01  0.1298148E+02  0.8369321E-02  0.4415228E-03 -0.4469790E+00
   06  0.1452381E+01  0.1298148E+02  0.8834259E-02  0.4660526E-03 -0.4469788E+00
   06  0.1476190E+01  0.1298148E+02  0.9299195E-02  0.4905828E-03 -0.4469786E+00
   06  0.1500000E+01  0.1298148E+02  0.9764130E-02  0.5151135E-03 -0.4469784E+00
   06  0.1523810E+01  0.1298148E+02  0.1022906E-01  0.5396446E-03 -0.4469782E+00
   06  0.1547619E+01  0.1298148E+02  0.1069399E-01  0.5641763E-03 -0.4469779E+00
   06  0.1571429E+01  0.1298148E+02  0.1115892E-01  0.5887085E-03 -0.4469777E+00
   06  0.1595238E+01  0.1298148E+02  0.1162385E-01  0.6132413E-03 -0.4469775E+00
   06  0.1619048E+01  0.1298148E+02  0.1208877E-01  0.6377747E-03 -0.4469772E+00
   06  0.1642857E+01  0.1298148E+02  0.1255369E-01  0.6623088E-03 -0.4469769E+00
   06  0.1666667E+01  0.1298148E+02  0.1301861E-01  0.6868437E-03 -0.4469767E+00
   06  0.1690476E+01  0.1298148E+02  0.1348353E-01  0.7113793E-03 -0.4469764E+00
   06  0.1714286E+01  0.1298148E+02  0.1394845E-01  0.7359157E-03 -0.4469761E+00
   06  0.1738095E+01  0.1298148E+02  0.1441337E-01  0.7604530E-03 -0.4469758E+00
   06  0.1761905E+01  0.1298148E+02  0.1487828E-01  0.7849912E-03 -0.4469754E+00
   06  0.1785714E+01  0.1298148E+02  0.1534320E-01  0.8095303E-03 -0.4469751E+00
   06  0.1809524E+01  0.1298148E+02  0.1580811E-01  0.8340704E-03 -0.4469748E+00
   06  0.1833333E+01  0.1298148E+02  0.1627302E-01  0.8586116E-03 -0.4469744E+00
   06  0.1857143E+01  0.1298148E+02  0.1673793E-01  0.8831538E-03 -0.4469741E+00
   06  0.1952381E+01  0.1298148E+02  0.1859757E-01  0.9813303E-03 -0.4469726E+00
   06  0.2047619E+01  0.1298149E+02  0.2045721E-01  0.1079527E-02 -0.4469710E+00
   06  0.2142857E+01  0.1298149E+02  0.2231683E-01  0.1177746E-02 -0.4469692E+00
   06  0.2238095E+01  0.1298149E+02  0.2417645E-01  0.1275991E-02 -0.4469672E+00
   06  0.2333333E+01  0.1298149E+02  0.2603608E-01  0.1374264E-02 -0.4469651E+00
   06  0.2428571E+01  0.1298149E+02  0.2789571E-01  0.1472568E-02 -0.4469629E+00
   06  0.2523810E+01  0.1298150E+02  0.2975535E-01  0.1570905E-02 -0.4469605E+00
   06  0.2619048E+01  0.1298150E+02  0.3161501E-01  0.1669277E-02 -0.4469580E+00
   06  0.2714286E+01  0.1298150E+02  0.3347469E-01  0.1767689E-02 -0.4469553E+00
   06  0.2809524E+01  0.1298151E+02  0.3533439E-01  0.1866141E-02 -0.4469525E+00
   06  0.2904762E+01  0.1298151E+02  0.3719413E-01  0.1964637E-02 -0.4469495E+00
   06  0.1000000E+01  0.1298148E+02 -0.6085573E-15 -0.1109071E-14 -0.4469808E+00
   06  0.1007937E+01  0.1298148E+02  0.1549957E-03  0.8176907E-05 -0.4469808E+00
   06  0.1015873E+01  0.1298148E+02  0.3099911E-03  0.1635377E-04 -0.4469808E+00
   06  0.1023810E+01  0.1298148E+02  0.4649862E-03  0.2453058E-04 -0.4469808E+00
   06  0.1031746E+01  0.1298148E+02  0.6199809E-03  0.3270735E-04 -0.4469808E+00
   06  0.1039683E+01  0.1298148E+02  0.7749752E-03  0.4088407E-04 -0.4469808E+00
   06  0.1047619E+01  0.1298148E+02  0.9299692E-03  0.4906075E-04 -0.4469807E+00
   06  0.1055556E+01  0.1298148E+02  0.1084963E-02  0.5723739E-04 -0.4469807E+00
   06  0.1063492E+01  0.1298148E+02  0.1239956E-02  0.6541400E-04 -0.4469807E+00
   06  0.1071429E+01  0.1298148E+02  0.1394949E-02  0.7359056E-04 -0.4469807E+00
   06  0.1079365E+01  0.1298148E+02  0.1549942E-02  0.8176710E-04 -0.4469807E+00
   06  0.1087302E+01  0.1298148E+02  0.1704934E-02  0.8994359E-04 -0.4469807E+00
   06  0.1095238E+01  0.1298148E+02  0.1859926E-02  0.9812006E-04 -0.4469807E+00
   06  0.1103175E+01  0.1298148E+02  0.2014918E-02  0.1062965E-03 -0.4469806E+00
   06  0.1111111E+01  0.1298148E+02  0.2169909E-02  0.1144729E-03 -0.4469806E+00
   06  0.1119048E+01  0.1298148E+02  0.2324900E-02  0.1226493E-03 -0.4469806E+00
   06  0.1126984E+01  0.1298148E+02  0.2479891E-02  0.1308256E-03 -0.4469806E+00
   06  0.1134921E+01  0.1298148E+02  0.2634881E-02  0.1390020E-03 -0.4469806E+00
   06  0.1142857E+01  0.1298148E+02  0.2789871E-02  0.1471783E-03 -0.4469805E+00
   06  0.1150794E+01  0.1298148E+02  0.2944861E-02  0.1553546E-03 -0.4469805E+00
   06  0.1158730E+01  0.1298148E+02  0.3099850E-02  0.1635309E-03 -0.4469805E+00
   06  0.1166667E+01  0.1298148E+02  0.3254840E-02  0.1717071E-03 -0.4469805E+00
   06  0.1174603E+01  0.1298148E+02  0.3409828E-02  0.1798834E-03 -0.4469804E+00
   06  0.1182540E+01  0.1298148E+02  0.3564817E-02  0.1880596E-03 -0.4469804E+00
   06  0.1190476E+01  0.1298148E+02  0.3719805E-02  0.1962358E-03 -0.4469804E+00
   06  0.1198413E+01  0.1298148E+02  0.3874793E-02  0.2044120E-03 -0.4469803E+00
   06  0.1206349E+01  0.1298148E+02  0.4029780E-02  0.2125882E-03 -0.4469803E+00
   06  0.1214286E+01  0.1298148E+02  0.4184767E-02  0.2207644E-03 -0.4469803E+00
   06  0.1238095E+01  0.1298148E+02  0.4649728E-02  0.2452927E-03 -0.4469802E+00
   06  0.1261905E+01  0.1298148E+02  0.5114686E-02  0.2698210E-03 -0.4469801E+00
   06  0.1285714E+01  0.1298148E+02  0.5579641E-02  0.2943494E-03 -0.4469799E+00
   06  0.1309524E+01  0.1298148E+02  0.6044594E-02  0.3188778E-03 -0.4469798E+00
   06  0.1333333E+01  0.1298148E+02  0.6509544E-02  0.3434064E-03 -0.4469797E+00
   06  0.1357143E+01  0.1298148E+02  0.6974492E-02  0.3679351E-03 -0.4469795E+00
   06  0.1380952E+01  0.1298148E+02  0.7439437E-02  0.3924641E-03 -0.4469793E+00
   06  0.1404762E+01  0.1298148E+02  0.7904380E-02  0.4169933E-03 -0.4469792E+00
   06  0.1428571E+01  0.1298148E+02  0.8369321E-02  0.4415228E-03 -0.4469790E+00
   06  0.1452381E+01  0.1298148E+02  0.8834259E-02  0.4660526E-03 -0.4469788E+00
   06  0.1476190E+01  0.1298148E+02  0.9299195E-02  0.4905828E-03 -0.4469786E+00
   06  0.1500000E+01  0.1298148E+02  0.9764130E-02  0.5151135E-03 -0.4469784E+00
   06  0.1523810E+01  0.1298148E+02  0.1022906E-01  0.5396446E-03 -0.4469782E+00
   06  0.1547619E+01  0.1298148E+02  0.1069399E-01  0.5641763E-03 -0.4469779E+00
   06  0.1571429E+01  0.1298148E+02  0.1115892E-01  0.5887085E-03 -0.4469777E+00
   06  0.1595238E+01  0.1298148E+02  0.1162385E-01  0.6132413E-03 -0.4469775E+00
   06  0.1619048E+01  0.1298148E+02  0.1208877E-01  0.6377747E-03 -0.4469772E+00
   06  0.1642857E+01  0.1298148E+02  0.1255369E-01  0.6623088E-03 -0.4469769E+00
   06  0.1666667E+01  0.1298148E+02  0.1301861E-01  0.6868437E-03 -0.4469767E+00
   06  0.1690476E+01  0.1298148E+02  0.1348353E-01  0.7113793E-03 -0.4469764E+00
   06  0.1714286E+01  0.1298148E+02  0.1394845E-01  0.7359157E-03 -0.4469761E+00
   06  0.1738095E+01  0.1298148E+02  0.1441337E-01  0.7604530E-03 -0.4469758E+00
   06  0.1761905E+01  0.1298148E+02  0.1487828E-01  0.7849912E-03 -0.4469754E+00
   06  0.1785714E+01  0.1298148E+02  0.1534320E-01  0.8095303E-03 -0.4469751E+00
   06  0.1809524E+01  0.1298148E+02  0.1580811E-01  0.8340704E-03 -0.4469748E+00
   06  0.1833333E+01  0.1298148E+02  0.1627302E-01  0.8586116E-03 -0.4469744E+00
   06  0.1857143E+01  0.1298148E+02  0.1673793E-01  0.8831538E-03 -0.4469741E+00
   06  0.1952381E+01  0.1298148E+02  0.1859757E-01  0.9813303E-03 -0.4469726E+00
   06  0.2047619E+01  0.1298149E+02  0.2045721E-01  0.1079527E-02 -0.4469710E+00
   06  0.2142857E+01  0.1298149E+02  0.2231683E-01  0.1177746E-02 -0.4469692E+00
   06  0.2238095E+01  0.1298149E+02  0.2417645E-01  0.1275991E-02 -0.4469672E+00
   06  0.2333333E+01  0.1298149E+02  0.2603608E-01  0.1374264E-02 -0.4469651E+00
   06  0.2428571E+01  0.1298149E+02  0.2789571E-01  0.1472568E-02 -0.4469629E+00
   06  0.2523810E+01  0.1298150E+02  0.2975535E-01  0.1570905E-02 -0.4469605E+00
   06  0.2619048E+01  0.1298150E+02  0.3161501E-01  0.1669277E-02 -0.4469580E+00
   06  0.2714286E+01  0.1298150E+02  0.3347469E-01  0.1767689E-02 -0.4469553E+00
   06  0.2809524E+01  0.1298151E+02  0.3533439E-01  0.1866141E-02 -0.4469525E+00
   06  0.2904762E+01  0.1298151E+02  0.3719413E-01  0.1964637E-02 -0.4469495E+00
   06  0.1000000E+01  0.1298148E+02 -0.6085573E-15 -0.1109071E-14 -0.4469808E+00
   06  0.1007937E+01  0.1298148E+02  0.1549957E-03  0.8176907E-05 -0.4469808E+00
   06  0.1015873E+01  0.1298148E+02  0.3099911E-03  0.1635377E-04 -0.4469808E+00
   06  0.1023810E+01  0.1298148E+02  0.4649862E-03  0.2453058E-04 -0.4469808E+00
   06  0.1031746E+01  0.1298148E+02  0.6199809E-03  0.3270735E-04 -0.4469808E+00
   06  0.1039683E+01  0.1298148E+02  0.7749752E-03  0.4088407E-04 -0.4469808E+00
   06  0.1047619E+01  0.1298148E+02  0.9299692E-03  0.4906075E-04 -0.4469807E+00
   06  0.1055556E+01  0.1298148E+02  0.1084963E-02  0.5723739E-04 -0.4469807E+00
   06  0.1063492E+01  0.1298148E+02  0.1239956E-02  0.6541400E-04 -0.4469807E+00
   06  0.1071429E+01  0.1298148E+02  0.1394949E-02  0.7359056E-04 -0.4469807E+00
   06  0.1079365E+01  0.1298148E+02  0.1549942E-02  0.8176710E-04 -0.4469807E+00
   06  0.1087302E+01  0.1298148E+02  0.1704934E-02  0.8994359E-04 -0.4469807E+00
   06  0.1095238E+01  0.1298148E+02  0.1859926E-02  0.9812006E-04 -0.4469807E+00
   06  0.1103175E+01  0.1298148E+02  0.2014918E-02  0.1062965E-03 -0.4469806E+00
   06  0.1111111E+01  0.1298148E+02  0.2169909E-02  0.1144729E-03 -0.4469806E+00
   06  0.1119048E+01  0.1298148E+02  0.2324900E-02  0.1226493E-03 -0.4469806E+00
   06  0.1126984E+01  0.1298148E+02  0.2479891E-02  0.1308256E-03 -0.4469806E+00
   06  0.1134921E+01  0.1298148E+02  0.2634881E-02  0.1390020E-03 -0.4469806E+00
   06  0.1142857E+01  0.1298148E+02  0.2789871E-02  0.1471783E-03 -0.4469805E+00
   06  0.1150794E+01  0.1298148E+02  0.2944861E-02  0.1553546E-03 -0.4469805E+00
   06  0.1158730E+01  0.1298148E+02  0.3099850E-02  0.1635309E-03 -0.4469805E+00
   06  0.1166667E+01  0.1298148E+02  0.3254840E-02  0.1717071E-03 -0.4469805E+00
   06  0.1174603E+01  0.1298148E+02  0.3409828E-02  0.1798834E-03 -0.4469804E+00
   06  0.1182540E+01  0.1298148E+02  0.3564817E-02  0.1880596E-03 -0.4469804E+00
   06  0.1190476E+01  0.1298148E+02  0.3719805E-02  0.1962358E-03 -0.4469804E+00
   06  0.1198413E+01  0.1298148E+02  0.3874793E-02  0.2044120E-03 -0.4469803E+00
   06  0.1206349E+01  0.1298148E+02  0.4029780E-02  0.2125882E-03 -0.4469803E+00
   06  0.1214286E+01  0.1298148E+02  0.4184767E-02  0.2207644E-03 -0.4469803E+00
   06  0.1238095E+01  0.1298148E+02  0.4649728E-02  0.2452927E-03 -0.4469802E+00
   06  0.1261905E+01  0.1298148E+02  0.5114686E-02  0.2698210E-03 -0.4469801E+00
   06  0.1285714E+01  0.1298148E+02  0.5579641E-02  0.2943494E-03 -0.4469799E+00
   06  0.1309524E+01  0.1298148E+02  0.6044594E-02  0.3188778E-03 -0.4469798E+00
   06  0.1333333E+01  0.1298148E+02  0.6509544E-02  0.3434064E-03 -0.4469797E+00
   06  0.1357143E+01  0.1298148E+02  0.6974492E-02  0.3679351E-03 -0.4469795E+00
   06  0.1380952E+01  0.1298148E+02  0.7439437E-02  0.3924641E-03 -0.4469793E+00
   06  0.1404762E+01  0.1298148E+02  0.7904380E-02  0.4169933E-03 -0.4469792E+00
   06  0.1428571E+01  0.1298148E+02  0.8369321E-02  0.4415228E-03 -0.4469790E+00
   06  0.1452381E+01  0.1298148E+02  0.8834259E-02  0.4660526E-03 -0.4469788E+00
   06  0.1476190E+01  0.1298148E+02  0.9299195E-02  0.4905828E-03 -0.4469786E+00
   06  0.1500000E+01  0.1298148E+02  0.9764130E-02  0.5151135E-03 -0.4469784E+00
   06  0.1523810E+01  0.1298148E+02  0.1022906E-01  0.5396446E-03 -0.4469782E+00
   06  0.1547619E+01  0.1298148E+02  0.1069399E-01  0.5641763E-03 -0.4469779E+00
   06  0.1571429E+01  0.1298148E+02  0.1115892E-01  0.5887085E-03 -0.4469777E+00
   06  0.1595238E+01  0.1298148E+02  0.1162385E-01  0.6132413E-03 -0.4469775E+00
   06  0.1619048E+01  0.1298148E+02  0.1208877E-01  0.6377747E-03 -0.4469772E+00
   06  0.1642857E+01  0.1298148E+02  0.1255369E-01  0.6623088E-03 -0.4469769E+00
   06  0.1666667E+01  0.1298148E+02  0.1301861E-01  0.6868437E-03 -0.4469767E+00
   06  0.1690476E+01  0.1298148E+02  0.1348353E-01  0.7113793E-03 -0.4469764E+00
   06  0.1714286E+01  0.1298148E+02  0.1394845E-01  0.7359157E-03 -0.4469761E+00
   06  0.1738095E+01  0.1298148E+02  0.1441337E-01  0.7604530E-03 -0.4469758E+00
   06  0.1761905E+01  0.1298148E+02  0.1487828E-01  0.7849912E-03 -0.4469754E+00
   06  0.1785714E+01  0.1298148E+02  0.1534320E-01  0.8095303E-03 -0.4469751E+00
   06  0.1809524E+01  0.1298148E+02  0.1580811E-01  0.8340704E-03 -0.4469748E+00
   06  0.1833333E+01  0.1298148E+02  0.1627302E-01  0.8586116E-03 -0.4469744E+00
   06  0.1857143E+01  0.1298148E+02  0.1673793E-01  0.8831538E-03 -0.4469741E+00
   06  0.1952381E+01  0.1298148E+02  0.1859757E-01  0.9813303E-03 -0.4469726E+00
   06  0.2047619E+01  0.1298149E+02  0.2045721E-01  0.1079527E-02 -0.4469710E+00
   06  0.2142857E+01  0.1298149E+02  0.2231683E-01  0.1177746E-02 -0.4469692E+00
   06  0.2238095E+01  0.1298149E+02  0.2417645E-01  0.1275991E-02 -0.4469672E+00
   06  0.2333333E+01  0.1298149E+02  0.2603608E-01  0.1374264E-02 -0.4469651E+00
   06  0.2428571E+01  0.1298149E+02  0.2789571E-01  0.1472568E-02 -0.4469629E+00
   06  0.2523810E+01  0.1298150E+02  0.2975535E-01  0.1570905E-02 -0.4469605E+00
   06  0.2619048E+01  0.1298150E+02  0.3161501E-01  0.1669277E-02 -0.4469580E+00
   06  0.2714286E+01  0.1298150E+02  0.3347469E-01  0.1767689E-02 -0.4469553E+00
   06  0.2809524E+01  0.1298151E+02  0.3533439E-01  0.1866141E-02 -0.4469525E+00
   06  0.2904762E+01  0.1298151E+02  0.3719413E-01  0.1964637E-02 -0.4469495E+00
