# gauge_id= 611 location=( -0.1242076147E+03  0.4175697547E+02 ) num_var=  4
# Stationary gauge
# level, time, q[  1  2  3], eta, aux[]
# file format ascii, time series follow in this file
   06  0.0000000E+00  0.1401419E+02  0.0000000E+00  0.0000000E+00  0.0000000E+00
   06  0.0000000E+00  0.1401419E+02  0.0000000E+00  0.0000000E+00  0.0000000E+00
   06  0.0000000E+00  0.1401419E+02  0.0000000E+00  0.0000000E+00  0.0000000E+00
   06  0.0000000E+00  0.1401419E+02  0.0000000E+00  0.0000000E+00  0.0000000E+00
   06  0.0000000E+00  0.1401419E+02  0.0000000E+00  0.0000000E+00  0.0000000E+00
   06  0.1000000E+01  0.1401419E+02 -0.3408127E-14 -0.3169466E-15 -0.4315934E+00
   06  0.1007937E+01  0.1401419E+02  0.1673949E-03  0.8840827E-05 -0.4315935E+00
   06  0.1015873E+01  0.1401419E+02  0.3347897E-03  0.1768182E-04 -0.4315935E+00
   06  0.1023810E+01  0.1401419E+02  0.5021844E-03  0.2652299E-04 -0.4315935E+00
   06  0.1031746E+01  0.1401419E+02  0.6695790E-03  0.3536433E-04 -0.4315935E+00
   06  0.1039683E+01  0.1401419E+02  0.8369735E-03  0.4420585E-04 -0.4315935E+00
   06  0.1047619E+01  0.1401419E+02  0.1004368E-02  0.5304756E-04 -0.4315935E+00
   06  0.1055556E+01  0.1401419E+02  0.1171762E-02  0.6188945E-04 -0.4315935E+00
   06  0.1063492E+01  0.1401419E+02  0.1339156E-02  0.7073155E-04 -0.4315935E+00
   06  0.1071429E+01  0.1401419E+02  0.1506550E-02  0.7957384E-04 -0.4315935E+00
   06  0.1079365E+01  0.1401419E+02  0.1673944E-02  0.8841633E-04 -0.4315935E+00
   06  0.1087302E+01  0.1401419E+02  0.1841338E-02  0.9725904E-04 -0.4315935E+00
   06  0.1095238E+01  0.1401419E+02  0.2008732E-02  0.1061020E-03 -0.4315935E+00
   06  0.1103175E+01  0.1401419E+02  0.2176126E-02  0.1149451E-03 -0.4315935E+00
   06  0.1111111E+01  0.1401419E+02  0.2343519E-02  0.1237884E-03 -0.4315935E+00
   06  0.1119048E+01  0.1401419E+02  0.2510913E-02  0.1326320E-03 -0.4315935E+00
   06  0.1126984E+01  0.1401419E+02  0.2678306E-02  0.1414758E-03 -0.4315935E+00
   06  0.1134921E+01  0.1401419E+02  0.2845699E-02  0.1503199E-03 -0.4315935E+00
   06  0.1142857E+01  0.1401419E+02  0.3013093E-02  0.1591642E-03 -0.4315935E+00
   06  0.1150794E+01  0.1401419E+02  0.3180486E-02  0.1680087E-03 -0.4315935E+00
   06  0.1158730E+01  0.1401419E+02  0.3347879E-02  0.1768535E-03 -0.4315935E+00
   06  0.1166667E+01  0.1401419E+02  0.3515272E-02  0.1856985E-03 -0.4315935E+00
   06  0.1174603E+01  0.1401419E+02  0.3682665E-02  0.1945438E-03 -0.4315935E+00
   06  0.1182540E+01  0.1401419E+02  0.3850057E-02  0.2033894E-03 -0.4315935E+00
   06  0.1190476E+01  0.1401419E+02  0.4017450E-02  0.2122352E-03 -0.4315935E+00
   06  0.1198413E+01  0.1401419E+02  0.4184843E-02  0.2210813E-03 -0.4315935E+00
   06  0.1206349E+01  0.1401419E+02  0.4352235E-02  0.2299277E-03 -0.4315935E+00
   06  0.1214286E+01  0.1401419E+02  0.4519627E-02  0.2387743E-03 -0.4315935E+00
   06  0.1238095E+01  0.1401419E+02  0.5021805E-02  0.2653152E-03 -0.4315934E+00
   06  0.1261905E+01  0.1401419E+02  0.5523981E-02  0.2918587E-03 -0.4315934E+00
   06  0.1285714E+01  0.1401419E+02  0.6026157E-02  0.3184051E-03 -0.4315934E+00
   06  0.1309524E+01  0.1401419E+02  0.6528332E-02  0.3449544E-03 -0.4315934E+00
   06  0.1333333E+01  0.1401419E+02  0.7030507E-02  0.3715067E-03 -0.4315934E+00
   06  0.1357143E+01  0.1401419E+02  0.7532681E-02  0.3980622E-03 -0.4315934E+00
   06  0.1380952E+01  0.1401419E+02  0.8034854E-02  0.4246209E-03 -0.4315933E+00
   06  0.1404762E+01  0.1401419E+02  0.8537027E-02  0.4511831E-03 -0.4315933E+00
   06  0.1428571E+01  0.1401419E+02  0.9039199E-02  0.4777488E-03 -0.4315933E+00
   06  0.1452381E+01  0.1401419E+02  0.9541371E-02  0.5043181E-03 -0.4315933E+00
   06  0.1476190E+01  0.1401419E+02  0.1004354E-01  0.5308911E-03 -0.4315933E+00
   06  0.1500000E+01  0.1401419E+02  0.1054571E-01  0.5574680E-03 -0.4315932E+00
   06  0.1523810E+01  0.1401419E+02  0.1104788E-01  0.5840489E-03 -0.4315932E+00
   06  0.1547619E+01  0.1401419E+02  0.1155005E-01  0.6106339E-03 -0.4315932E+00
   06  0.1571429E+01  0.1401419E+02  0.1205222E-01  0.6372231E-03 -0.4315931E+00
   06  0.1595238E+01  0.1401419E+02  0.1255439E-01  0.6638166E-03 -0.4315931E+00
   06  0.1619048E+01  0.1401419E+02  0.1305656E-01  0.6904145E-03 -0.4315931E+00
   06  0.1642857E+01  0.1401419E+02  0.1355873E-01  0.7170170E-03 -0.4315930E+00
   06  0.1666667E+01  0.1401419E+02  0.1406090E-01  0.7436241E-03 -0.4315930E+00
   06  0.1690476E+01  0.1401419E+02  0.1456307E-01  0.7702360E-03 -0.4315929E+00
   06  0.1714286E+01  0.1401419E+02  0.1506524E-01  0.7968527E-03 -0.4315929E+00
   06  0.1738095E+01  0.1401419E+02  0.1556740E-01  0.8234744E-03 -0.4315928E+00
   06  0.1761905E+01  0.1401419E+02  0.1606957E-01  0.8501012E-03 -0.4315928E+00
   06  0.1785714E+01  0.1401419E+02  0.1657174E-01  0.8767332E-03 -0.4315927E+00
   06  0.1809524E+01  0.1401419E+02  0.1707391E-01  0.9033704E-03 -0.4315927E+00
   06  0.1833333E+01  0.1401419E+02  0.1757608E-01  0.9300131E-03 -0.4315926E+00
   06  0.1857143E+01  0.1401419E+02  0.1807824E-01  0.9566613E-03 -0.4315926E+00
   06  0.1952381E+01  0.1401419E+02  0.2008692E-01  0.1063297E-02 -0.4315923E+00
   06  0.2047619E+01  0.1401419E+02  0.2209561E-01  0.1170030E-02 -0.4315920E+00
   06  0.2142857E+01  0.1401419E+02  0.2410429E-01  0.1276865E-02 -0.4315917E+00
   06  0.2238095E+01  0.1401419E+02  0.2611309E-01  0.1383809E-02 -0.4315914E+00
   06  0.2333333E+01  0.1401419E+02  0.2812188E-01  0.1490867E-02 -0.4315910E+00
   06  0.2428571E+01  0.1401419E+02  0.3013068E-01  0.1598048E-02 -0.4315906E+00
   06  0.2523810E+01  0.1401419E+02  0.3213949E-01  0.1705355E-02 -0.4315901E+00
   06  0.2619048E+01  0.1401419E+02  0.3414830E-01  0.1812795E-02 -0.4315897E+00
   06  0.2714286E+01  0.1401420E+02  0.3615712E-01  0.1920372E-02 -0.4315892E+00
   06  0.2809524E+01  0.1401420E+02  0.3816595E-01  0.2028092E-02 -0.4315886E+00
   06  0.2904762E+01  0.1401420E+02  0.4017480E-01  0.2135960E-02 -0.4315880E+00
   06  0.1000000E+01  0.1401419E+02 -0.3408127E-14 -0.3169466E-15 -0.4315934E+00
   06  0.1007937E+01  0.1401419E+02  0.1673949E-03  0.8840827E-05 -0.4315935E+00
   06  0.1015873E+01  0.1401419E+02  0.3347897E-03  0.1768182E-04 -0.4315935E+00
   06  0.1023810E+01  0.1401419E+02  0.5021844E-03  0.2652299E-04 -0.4315935E+00
   06  0.1031746E+01  0.1401419E+02  0.6695790E-03  0.3536433E-04 -0.4315935E+00
   06  0.1039683E+01  0.1401419E+02  0.8369735E-03  0.4420585E-04 -0.4315935E+00
   06  0.1047619E+01  0.1401419E+02  0.1004368E-02  0.5304756E-04 -0.4315935E+00
   06  0.1055556E+01  0.1401419E+02  0.1171762E-02  0.6188945E-04 -0.4315935E+00
   06  0.1063492E+01  0.1401419E+02  0.1339156E-02  0.7073155E-04 -0.4315935E+00
   06  0.1071429E+01  0.1401419E+02  0.1506550E-02  0.7957384E-04 -0.4315935E+00
   06  0.1079365E+01  0.1401419E+02  0.1673944E-02  0.8841633E-04 -0.4315935E+00
   06  0.1087302E+01  0.1401419E+02  0.1841338E-02  0.9725904E-04 -0.4315935E+00
   06  0.1095238E+01  0.1401419E+02  0.2008732E-02  0.1061020E-03 -0.4315935E+00
   06  0.1103175E+01  0.1401419E+02  0.2176126E-02  0.1149451E-03 -0.4315935E+00
   06  0.1111111E+01  0.1401419E+02  0.2343519E-02  0.1237884E-03 -0.4315935E+00
   06  0.1119048E+01  0.1401419E+02  0.2510913E-02  0.1326320E-03 -0.4315935E+00
   06  0.1126984E+01  0.1401419E+02  0.2678306E-02  0.1414758E-03 -0.4315935E+00
   06  0.1134921E+01  0.1401419E+02  0.2845699E-02  0.1503199E-03 -0.4315935E+00
   06  0.1142857E+01  0.1401419E+02  0.3013093E-02  0.1591642E-03 -0.4315935E+00
   06  0.1150794E+01  0.1401419E+02  0.3180486E-02  0.1680087E-03 -0.4315935E+00
   06  0.1158730E+01  0.1401419E+02  0.3347879E-02  0.1768535E-03 -0.4315935E+00
   06  0.1166667E+01  0.1401419E+02  0.3515272E-02  0.1856985E-03 -0.4315935E+00
   06  0.1174603E+01  0.1401419E+02  0.3682665E-02  0.1945438E-03 -0.4315935E+00
   06  0.1182540E+01  0.1401419E+02  0.3850057E-02  0.2033894E-03 -0.4315935E+00
   06  0.1190476E+01  0.1401419E+02  0.4017450E-02  0.2122352E-03 -0.4315935E+00
   06  0.1198413E+01  0.1401419E+02  0.4184843E-02  0.2210813E-03 -0.4315935E+00
   06  0.1206349E+01  0.1401419E+02  0.4352235E-02  0.2299277E-03 -0.4315935E+00
   06  0.1214286E+01  0.1401419E+02  0.4519627E-02  0.2387743E-03 -0.4315935E+00
   06  0.1238095E+01  0.1401419E+02  0.5021805E-02  0.2653152E-03 -0.4315934E+00
   06  0.1261905E+01  0.1401419E+02  0.5523981E-02  0.2918587E-03 -0.4315934E+00
   06  0.1285714E+01  0.1401419E+02  0.6026157E-02  0.3184051E-03 -0.4315934E+00
   06  0.1309524E+01  0.1401419E+02  0.6528332E-02  0.3449544E-03 -0.4315934E+00
   06  0.1333333E+01  0.1401419E+02  0.7030507E-02  0.3715067E-03 -0.4315934E+00
   06  0.1357143E+01  0.1401419E+02  0.7532681E-02  0.3980622E-03 -0.4315934E+00
   06  0.1380952E+01  0.1401419E+02  0.8034854E-02  0.4246209E-03 -0.4315933E+00
   06  0.1404762E+01  0.1401419E+02  0.8537027E-02  0.4511831E-03 -0.4315933E+00
   06  0.1428571E+01  0.1401419E+02  0.9039199E-02  0.4777488E-03 -0.4315933E+00
   06  0.1452381E+01  0.1401419E+02  0.9541371E-02  0.5043181E-03 -0.4315933E+00
   06  0.1476190E+01  0.1401419E+02  0.1004354E-01  0.5308911E-03 -0.4315933E+00
   06  0.1500000E+01  0.1401419E+02  0.1054571E-01  0.5574680E-03 -0.4315932E+00
   06  0.1523810E+01  0.1401419E+02  0.1104788E-01  0.5840489E-03 -0.4315932E+00
   06  0.1547619E+01  0.1401419E+02  0.1155005E-01  0.6106339E-03 -0.4315932E+00
   06  0.1571429E+01  0.1401419E+02  0.1205222E-01  0.6372231E-03 -0.4315931E+00
   06  0.1595238E+01  0.1401419E+02  0.1255439E-01  0.6638166E-03 -0.4315931E+00
   06  0.1619048E+01  0.1401419E+02  0.1305656E-01  0.6904145E-03 -0.4315931E+00
   06  0.1642857E+01  0.1401419E+02  0.1355873E-01  0.7170170E-03 -0.4315930E+00
   06  0.1666667E+01  0.1401419E+02  0.1406090E-01  0.7436241E-03 -0.4315930E+00
   06  0.1690476E+01  0.1401419E+02  0.1456307E-01  0.7702360E-03 -0.4315929E+00
   06  0.1714286E+01  0.1401419E+02  0.1506524E-01  0.7968527E-03 -0.4315929E+00
   06  0.1738095E+01  0.1401419E+02  0.1556740E-01  0.8234744E-03 -0.4315928E+00
   06  0.1761905E+01  0.1401419E+02  0.1606957E-01  0.8501012E-03 -0.4315928E+00
   06  0.1785714E+01  0.1401419E+02  0.1657174E-01  0.8767332E-03 -0.4315927E+00
   06  0.1809524E+01  0.1401419E+02  0.1707391E-01  0.9033704E-03 -0.4315927E+00
   06  0.1833333E+01  0.1401419E+02  0.1757608E-01  0.9300131E-03 -0.4315926E+00
   06  0.1857143E+01  0.1401419E+02  0.1807824E-01  0.9566613E-03 -0.4315926E+00
   06  0.1952381E+01  0.1401419E+02  0.2008692E-01  0.1063297E-02 -0.4315923E+00
   06  0.2047619E+01  0.1401419E+02  0.2209561E-01  0.1170030E-02 -0.4315920E+00
   06  0.2142857E+01  0.1401419E+02  0.2410429E-01  0.1276865E-02 -0.4315917E+00
   06  0.2238095E+01  0.1401419E+02  0.2611309E-01  0.1383809E-02 -0.4315914E+00
   06  0.2333333E+01  0.1401419E+02  0.2812188E-01  0.1490867E-02 -0.4315910E+00
   06  0.2428571E+01  0.1401419E+02  0.3013068E-01  0.1598048E-02 -0.4315906E+00
   06  0.2523810E+01  0.1401419E+02  0.3213949E-01  0.1705355E-02 -0.4315901E+00
   06  0.2619048E+01  0.1401419E+02  0.3414830E-01  0.1812795E-02 -0.4315897E+00
   06  0.2714286E+01  0.1401420E+02  0.3615712E-01  0.1920372E-02 -0.4315892E+00
   06  0.2809524E+01  0.1401420E+02  0.3816595E-01  0.2028092E-02 -0.4315886E+00
   06  0.2904762E+01  0.1401420E+02  0.4017480E-01  0.2135960E-02 -0.4315880E+00
   06  0.1000000E+01  0.1401419E+02 -0.3408127E-14 -0.3169466E-15 -0.4315934E+00
   06  0.1007937E+01  0.1401419E+02  0.1673949E-03  0.8840827E-05 -0.4315935E+00
   06  0.1015873E+01  0.1401419E+02  0.3347897E-03  0.1768182E-04 -0.4315935E+00
   06  0.1023810E+01  0.1401419E+02  0.5021844E-03  0.2652299E-04 -0.4315935E+00
   06  0.1031746E+01  0.1401419E+02  0.6695790E-03  0.3536433E-04 -0.4315935E+00
   06  0.1039683E+01  0.1401419E+02  0.8369735E-03  0.4420585E-04 -0.4315935E+00
   06  0.1047619E+01  0.1401419E+02  0.1004368E-02  0.5304756E-04 -0.4315935E+00
   06  0.1055556E+01  0.1401419E+02  0.1171762E-02  0.6188945E-04 -0.4315935E+00
   06  0.1063492E+01  0.1401419E+02  0.1339156E-02  0.7073155E-04 -0.4315935E+00
   06  0.1071429E+01  0.1401419E+02  0.1506550E-02  0.7957384E-04 -0.4315935E+00
   06  0.1079365E+01  0.1401419E+02  0.1673944E-02  0.8841633E-04 -0.4315935E+00
   06  0.1087302E+01  0.1401419E+02  0.1841338E-02  0.9725904E-04 -0.4315935E+00
   06  0.1095238E+01  0.1401419E+02  0.2008732E-02  0.1061020E-03 -0.4315935E+00
   06  0.1103175E+01  0.1401419E+02  0.2176126E-02  0.1149451E-03 -0.4315935E+00
   06  0.1111111E+01  0.1401419E+02  0.2343519E-02  0.1237884E-03 -0.4315935E+00
   06  0.1119048E+01  0.1401419E+02  0.2510913E-02  0.1326320E-03 -0.4315935E+00
   06  0.1126984E+01  0.1401419E+02  0.2678306E-02  0.1414758E-03 -0.4315935E+00
   06  0.1134921E+01  0.1401419E+02  0.2845699E-02  0.1503199E-03 -0.4315935E+00
   06  0.1142857E+01  0.1401419E+02  0.3013093E-02  0.1591642E-03 -0.4315935E+00
   06  0.1150794E+01  0.1401419E+02  0.3180486E-02  0.1680087E-03 -0.4315935E+00
   06  0.1158730E+01  0.1401419E+02  0.3347879E-02  0.1768535E-03 -0.4315935E+00
   06  0.1166667E+01  0.1401419E+02  0.3515272E-02  0.1856985E-03 -0.4315935E+00
   06  0.1174603E+01  0.1401419E+02  0.3682665E-02  0.1945438E-03 -0.4315935E+00
   06  0.1182540E+01  0.1401419E+02  0.3850057E-02  0.2033894E-03 -0.4315935E+00
   06  0.1190476E+01  0.1401419E+02  0.4017450E-02  0.2122352E-03 -0.4315935E+00
   06  0.1198413E+01  0.1401419E+02  0.4184843E-02  0.2210813E-03 -0.4315935E+00
   06  0.1206349E+01  0.1401419E+02  0.4352235E-02  0.2299277E-03 -0.4315935E+00
   06  0.1214286E+01  0.1401419E+02  0.4519627E-02  0.2387743E-03 -0.4315935E+00
   06  0.1238095E+01  0.1401419E+02  0.5021805E-02  0.2653152E-03 -0.4315934E+00
   06  0.1261905E+01  0.1401419E+02  0.5523981E-02  0.2918587E-03 -0.4315934E+00
   06  0.1285714E+01  0.1401419E+02  0.6026157E-02  0.3184051E-03 -0.4315934E+00
   06  0.1309524E+01  0.1401419E+02  0.6528332E-02  0.3449544E-03 -0.4315934E+00
   06  0.1333333E+01  0.1401419E+02  0.7030507E-02  0.3715067E-03 -0.4315934E+00
   06  0.1357143E+01  0.1401419E+02  0.7532681E-02  0.3980622E-03 -0.4315934E+00
   06  0.1380952E+01  0.1401419E+02  0.8034854E-02  0.4246209E-03 -0.4315933E+00
   06  0.1404762E+01  0.1401419E+02  0.8537027E-02  0.4511831E-03 -0.4315933E+00
   06  0.1428571E+01  0.1401419E+02  0.9039199E-02  0.4777488E-03 -0.4315933E+00
   06  0.1452381E+01  0.1401419E+02  0.9541371E-02  0.5043181E-03 -0.4315933E+00
   06  0.1476190E+01  0.1401419E+02  0.1004354E-01  0.5308911E-03 -0.4315933E+00
   06  0.1500000E+01  0.1401419E+02  0.1054571E-01  0.5574680E-03 -0.4315932E+00
   06  0.1523810E+01  0.1401419E+02  0.1104788E-01  0.5840489E-03 -0.4315932E+00
   06  0.1547619E+01  0.1401419E+02  0.1155005E-01  0.6106339E-03 -0.4315932E+00
   06  0.1571429E+01  0.1401419E+02  0.1205222E-01  0.6372231E-03 -0.4315931E+00
   06  0.1595238E+01  0.1401419E+02  0.1255439E-01  0.6638166E-03 -0.4315931E+00
   06  0.1619048E+01  0.1401419E+02  0.1305656E-01  0.6904145E-03 -0.4315931E+00
   06  0.1642857E+01  0.1401419E+02  0.1355873E-01  0.7170170E-03 -0.4315930E+00
   06  0.1666667E+01  0.1401419E+02  0.1406090E-01  0.7436241E-03 -0.4315930E+00
   06  0.1690476E+01  0.1401419E+02  0.1456307E-01  0.7702360E-03 -0.4315929E+00
   06  0.1714286E+01  0.1401419E+02  0.1506524E-01  0.7968527E-03 -0.4315929E+00
   06  0.1738095E+01  0.1401419E+02  0.1556740E-01  0.8234744E-03 -0.4315928E+00
   06  0.1761905E+01  0.1401419E+02  0.1606957E-01  0.8501012E-03 -0.4315928E+00
   06  0.1785714E+01  0.1401419E+02  0.1657174E-01  0.8767332E-03 -0.4315927E+00
   06  0.1809524E+01  0.1401419E+02  0.1707391E-01  0.9033704E-03 -0.4315927E+00
   06  0.1833333E+01  0.1401419E+02  0.1757608E-01  0.9300131E-03 -0.4315926E+00
   06  0.1857143E+01  0.1401419E+02  0.1807824E-01  0.9566613E-03 -0.4315926E+00
   06  0.1952381E+01  0.1401419E+02  0.2008692E-01  0.1063297E-02 -0.4315923E+00
   06  0.2047619E+01  0.1401419E+02  0.2209561E-01  0.1170030E-02 -0.4315920E+00
   06  0.2142857E+01  0.1401419E+02  0.2410429E-01  0.1276865E-02 -0.4315917E+00
   06  0.2238095E+01  0.1401419E+02  0.2611309E-01  0.1383809E-02 -0.4315914E+00
   06  0.2333333E+01  0.1401419E+02  0.2812188E-01  0.1490867E-02 -0.4315910E+00
   06  0.2428571E+01  0.1401419E+02  0.3013068E-01  0.1598048E-02 -0.4315906E+00
   06  0.2523810E+01  0.1401419E+02  0.3213949E-01  0.1705355E-02 -0.4315901E+00
   06  0.2619048E+01  0.1401419E+02  0.3414830E-01  0.1812795E-02 -0.4315897E+00
   06  0.2714286E+01  0.1401420E+02  0.3615712E-01  0.1920372E-02 -0.4315892E+00
   06  0.2809524E+01  0.1401420E+02  0.3816595E-01  0.2028092E-02 -0.4315886E+00
   06  0.2904762E+01  0.1401420E+02  0.4017480E-01  0.2135960E-02 -0.4315880E+00
   06  0.1000000E+01  0.1401419E+02 -0.3408127E-14 -0.3169466E-15 -0.4315934E+00
   06  0.1007937E+01  0.1401419E+02  0.1673949E-03  0.8840827E-05 -0.4315935E+00
   06  0.1015873E+01  0.1401419E+02  0.3347897E-03  0.1768182E-04 -0.4315935E+00
   06  0.1023810E+01  0.1401419E+02  0.5021844E-03  0.2652299E-04 -0.4315935E+00
   06  0.1031746E+01  0.1401419E+02  0.6695790E-03  0.3536433E-04 -0.4315935E+00
   06  0.1039683E+01  0.1401419E+02  0.8369735E-03  0.4420585E-04 -0.4315935E+00
   06  0.1047619E+01  0.1401419E+02  0.1004368E-02  0.5304756E-04 -0.4315935E+00
   06  0.1055556E+01  0.1401419E+02  0.1171762E-02  0.6188945E-04 -0.4315935E+00
   06  0.1063492E+01  0.1401419E+02  0.1339156E-02  0.7073155E-04 -0.4315935E+00
   06  0.1071429E+01  0.1401419E+02  0.1506550E-02  0.7957384E-04 -0.4315935E+00
   06  0.1079365E+01  0.1401419E+02  0.1673944E-02  0.8841633E-04 -0.4315935E+00
   06  0.1087302E+01  0.1401419E+02  0.1841338E-02  0.9725904E-04 -0.4315935E+00
   06  0.1095238E+01  0.1401419E+02  0.2008732E-02  0.1061020E-03 -0.4315935E+00
   06  0.1103175E+01  0.1401419E+02  0.2176126E-02  0.1149451E-03 -0.4315935E+00
   06  0.1111111E+01  0.1401419E+02  0.2343519E-02  0.1237884E-03 -0.4315935E+00
   06  0.1119048E+01  0.1401419E+02  0.2510913E-02  0.1326320E-03 -0.4315935E+00
   06  0.1126984E+01  0.1401419E+02  0.2678306E-02  0.1414758E-03 -0.4315935E+00
   06  0.1134921E+01  0.1401419E+02  0.2845699E-02  0.1503199E-03 -0.4315935E+00
   06  0.1142857E+01  0.1401419E+02  0.3013093E-02  0.1591642E-03 -0.4315935E+00
   06  0.1150794E+01  0.1401419E+02  0.3180486E-02  0.1680087E-03 -0.4315935E+00
   06  0.1158730E+01  0.1401419E+02  0.3347879E-02  0.1768535E-03 -0.4315935E+00
   06  0.1166667E+01  0.1401419E+02  0.3515272E-02  0.1856985E-03 -0.4315935E+00
   06  0.1174603E+01  0.1401419E+02  0.3682665E-02  0.1945438E-03 -0.4315935E+00
   06  0.1182540E+01  0.1401419E+02  0.3850057E-02  0.2033894E-03 -0.4315935E+00
   06  0.1190476E+01  0.1401419E+02  0.4017450E-02  0.2122352E-03 -0.4315935E+00
   06  0.1198413E+01  0.1401419E+02  0.4184843E-02  0.2210813E-03 -0.4315935E+00
   06  0.1206349E+01  0.1401419E+02  0.4352235E-02  0.2299277E-03 -0.4315935E+00
   06  0.1214286E+01  0.1401419E+02  0.4519627E-02  0.2387743E-03 -0.4315935E+00
   06  0.1238095E+01  0.1401419E+02  0.5021805E-02  0.2653152E-03 -0.4315934E+00
   06  0.1261905E+01  0.1401419E+02  0.5523981E-02  0.2918587E-03 -0.4315934E+00
   06  0.1285714E+01  0.1401419E+02  0.6026157E-02  0.3184051E-03 -0.4315934E+00
   06  0.1309524E+01  0.1401419E+02  0.6528332E-02  0.3449544E-03 -0.4315934E+00
   06  0.1333333E+01  0.1401419E+02  0.7030507E-02  0.3715067E-03 -0.4315934E+00
   06  0.1357143E+01  0.1401419E+02  0.7532681E-02  0.3980622E-03 -0.4315934E+00
   06  0.1380952E+01  0.1401419E+02  0.8034854E-02  0.4246209E-03 -0.4315933E+00
   06  0.1404762E+01  0.1401419E+02  0.8537027E-02  0.4511831E-03 -0.4315933E+00
   06  0.1428571E+01  0.1401419E+02  0.9039199E-02  0.4777488E-03 -0.4315933E+00
   06  0.1452381E+01  0.1401419E+02  0.9541371E-02  0.5043181E-03 -0.4315933E+00
   06  0.1476190E+01  0.1401419E+02  0.1004354E-01  0.5308911E-03 -0.4315933E+00
   06  0.1500000E+01  0.1401419E+02  0.1054571E-01  0.5574680E-03 -0.4315932E+00
   06  0.1523810E+01  0.1401419E+02  0.1104788E-01  0.5840489E-03 -0.4315932E+00
   06  0.1547619E+01  0.1401419E+02  0.1155005E-01  0.6106339E-03 -0.4315932E+00
   06  0.1571429E+01  0.1401419E+02  0.1205222E-01  0.6372231E-03 -0.4315931E+00
   06  0.1595238E+01  0.1401419E+02  0.1255439E-01  0.6638166E-03 -0.4315931E+00
   06  0.1619048E+01  0.1401419E+02  0.1305656E-01  0.6904145E-03 -0.4315931E+00
   06  0.1642857E+01  0.1401419E+02  0.1355873E-01  0.7170170E-03 -0.4315930E+00
   06  0.1666667E+01  0.1401419E+02  0.1406090E-01  0.7436241E-03 -0.4315930E+00
   06  0.1690476E+01  0.1401419E+02  0.1456307E-01  0.7702360E-03 -0.4315929E+00
   06  0.1714286E+01  0.1401419E+02  0.1506524E-01  0.7968527E-03 -0.4315929E+00
   06  0.1738095E+01  0.1401419E+02  0.1556740E-01  0.8234744E-03 -0.4315928E+00
   06  0.1761905E+01  0.1401419E+02  0.1606957E-01  0.8501012E-03 -0.4315928E+00
   06  0.1785714E+01  0.1401419E+02  0.1657174E-01  0.8767332E-03 -0.4315927E+00
   06  0.1809524E+01  0.1401419E+02  0.1707391E-01  0.9033704E-03 -0.4315927E+00
   06  0.1833333E+01  0.1401419E+02  0.1757608E-01  0.9300131E-03 -0.4315926E+00
   06  0.1857143E+01  0.1401419E+02  0.1807824E-01  0.9566613E-03 -0.4315926E+00
   06  0.1952381E+01  0.1401419E+02  0.2008692E-01  0.1063297E-02 -0.4315923E+00
   06  0.2047619E+01  0.1401419E+02  0.2209561E-01  0.1170030E-02 -0.4315920E+00
   06  0.2142857E+01  0.1401419E+02  0.2410429E-01  0.1276865E-02 -0.4315917E+00
   06  0.2238095E+01  0.1401419E+02  0.2611309E-01  0.1383809E-02 -0.4315914E+00
   06  0.2333333E+01  0.1401419E+02  0.2812188E-01  0.1490867E-02 -0.4315910E+00
   06  0.2428571E+01  0.1401419E+02  0.3013068E-01  0.1598048E-02 -0.4315906E+00
   06  0.2523810E+01  0.1401419E+02  0.3213949E-01  0.1705355E-02 -0.4315901E+00
   06  0.2619048E+01  0.1401419E+02  0.3414830E-01  0.1812795E-02 -0.4315897E+00
   06  0.2714286E+01  0.1401420E+02  0.3615712E-01  0.1920372E-02 -0.4315892E+00
   06  0.2809524E+01  0.1401420E+02  0.3816595E-01  0.2028092E-02 -0.4315886E+00
   06  0.2904762E+01  0.1401420E+02  0.4017480E-01  0.2135960E-02 -0.4315880E+00
