# gauge_id= 515 location=( -0.1251000000E+03  0.4170000000E+02 ) num_var=  4
# Stationary gauge
# level, time, q[  1  2  3], eta, aux[]
# file format ascii, time series follow in this file
   02  0.0000000E+00  0.1974486E+04  0.0000000E+00  0.0000000E+00  0.0000000E+00
   02  0.0000000E+00  0.1974486E+04  0.0000000E+00  0.0000000E+00  0.0000000E+00
   02  0.0000000E+00  0.1974486E+04  0.0000000E+00  0.0000000E+00  0.0000000E+00
   02  0.0000000E+00  0.1974486E+04  0.0000000E+00  0.0000000E+00  0.0000000E+00
   02  0.0000000E+00  0.1974486E+04  0.0000000E+00  0.0000000E+00  0.0000000E+00
   02  0.1000000E+01  0.1974486E+04 -0.2753501E-13  0.1109535E-12  0.2944149E+01
   02  0.1285714E+01  0.1974481E+04 -0.8038891E+00 -0.4677419E-01  0.2939951E+01
   02  0.1571429E+01  0.1974477E+04 -0.1603051E+01 -0.9367275E-01  0.2935753E+01
   02  0.1857143E+01  0.1974473E+04 -0.2397436E+01 -0.1406972E+00  0.2931557E+01
   02  0.2142857E+01  0.1974469E+04 -0.3187066E+01 -0.1878489E+00  0.2927363E+01
   02  0.2428571E+01  0.1974465E+04 -0.3971967E+01 -0.2351290E+00  0.2923170E+01
   02  0.2714286E+01  0.1974460E+04 -0.4752163E+01 -0.2825386E+00  0.2918979E+01
   02  0.1000000E+01  0.1974486E+04 -0.2753501E-13  0.1109535E-12  0.2944149E+01
   02  0.1285714E+01  0.1974481E+04 -0.8038891E+00 -0.4677419E-01  0.2939951E+01
   02  0.1571429E+01  0.1974477E+04 -0.1603051E+01 -0.9367275E-01  0.2935753E+01
   02  0.1857143E+01  0.1974473E+04 -0.2397436E+01 -0.1406972E+00  0.2931557E+01
   02  0.2142857E+01  0.1974469E+04 -0.3187066E+01 -0.1878489E+00  0.2927363E+01
   02  0.2428571E+01  0.1974465E+04 -0.3971967E+01 -0.2351290E+00  0.2923170E+01
   02  0.2714286E+01  0.1974460E+04 -0.4752163E+01 -0.2825386E+00  0.2918979E+01
   02  0.1000000E+01  0.1974486E+04 -0.2753501E-13  0.1109535E-12  0.2944149E+01
   02  0.1285714E+01  0.1974481E+04 -0.8038891E+00 -0.4677419E-01  0.2939951E+01
   02  0.1571429E+01  0.1974477E+04 -0.1603051E+01 -0.9367275E-01  0.2935753E+01
   02  0.1857143E+01  0.1974473E+04 -0.2397436E+01 -0.1406972E+00  0.2931557E+01
   02  0.2142857E+01  0.1974469E+04 -0.3187066E+01 -0.1878489E+00  0.2927363E+01
   02  0.2428571E+01  0.1974465E+04 -0.3971967E+01 -0.2351290E+00  0.2923170E+01
   02  0.2714286E+01  0.1974460E+04 -0.4752163E+01 -0.2825386E+00  0.2918979E+01
   02  0.1000000E+01  0.1974486E+04 -0.2753501E-13  0.1109535E-12  0.2944149E+01
   02  0.1285714E+01  0.1974481E+04 -0.8038891E+00 -0.4677419E-01  0.2939951E+01
   02  0.1571429E+01  0.1974477E+04 -0.1603051E+01 -0.9367275E-01  0.2935753E+01
   02  0.1857143E+01  0.1974473E+04 -0.2397436E+01 -0.1406972E+00  0.2931557E+01
   02  0.2142857E+01  0.1974469E+04 -0.3187066E+01 -0.1878489E+00  0.2927363E+01
   02  0.2428571E+01  0.1974465E+04 -0.3971967E+01 -0.2351290E+00  0.2923170E+01
   02  0.2714286E+01  0.1974460E+04 -0.4752163E+01 -0.2825386E+00  0.2918979E+01
   02  0.1000000E+01  0.1974486E+04 -0.2753501E-13  0.1109535E-12  0.2944149E+01
   02  0.1285714E+01  0.1974481E+04 -0.8038891E+00 -0.4677419E-01  0.2939951E+01
   02  0.1571429E+01  0.1974477E+04 -0.1603051E+01 -0.9367275E-01  0.2935753E+01
   02  0.1857143E+01  0.1974473E+04 -0.2397436E+01 -0.1406972E+00  0.2931557E+01
   02  0.2142857E+01  0.1974469E+04 -0.3187066E+01 -0.1878489E+00  0.2927363E+01
   02  0.2428571E+01  0.1974465E+04 -0.3971967E+01 -0.2351290E+00  0.2923170E+01
   02  0.2714286E+01  0.1974460E+04 -0.4752163E+01 -0.2825386E+00  0.2918979E+01
