# gauge_id= 526 location=( -0.1253000000E+03  0.4200000000E+02 ) num_var=  4
# Stationary gauge
# level, time, q[  1  2  3], eta, aux[]
# file format ascii, time series follow in this file
   02  0.0000000E+00  0.2923778E+04  0.0000000E+00  0.0000000E+00  0.0000000E+00
   02  0.0000000E+00  0.2923778E+04  0.0000000E+00  0.0000000E+00  0.0000000E+00
   02  0.0000000E+00  0.2923778E+04  0.0000000E+00  0.0000000E+00  0.0000000E+00
   02  0.0000000E+00  0.2923778E+04  0.0000000E+00  0.0000000E+00  0.0000000E+00
   02  0.0000000E+00  0.2923778E+04  0.0000000E+00  0.0000000E+00  0.0000000E+00
   02  0.1000000E+01  0.2923778E+04 -0.4277515E-15 -0.7736769E-13  0.1058561E+00
   02  0.1285714E+01  0.2923782E+04 -0.5067003E+00  0.1360814E-01  0.1098271E+00
   02  0.1571429E+01  0.2923786E+04 -0.1013842E+01  0.2715146E-01  0.1137956E+00
   02  0.1857143E+01  0.2923790E+04 -0.1521687E+01  0.4062856E-01  0.1177634E+00
   02  0.2142857E+01  0.2923793E+04 -0.2030207E+01  0.5403816E-01  0.1217305E+00
   02  0.2428571E+01  0.2923797E+04 -0.2539429E+01  0.6737910E-01  0.1256964E+00
   02  0.2714286E+01  0.2923801E+04 -0.3049580E+01  0.8065033E-01  0.1296597E+00
   02  0.1000000E+01  0.2923778E+04 -0.4277515E-15 -0.7736769E-13  0.1058561E+00
   02  0.1285714E+01  0.2923782E+04 -0.5067003E+00  0.1360814E-01  0.1098271E+00
   02  0.1571429E+01  0.2923786E+04 -0.1013842E+01  0.2715146E-01  0.1137956E+00
   02  0.1857143E+01  0.2923790E+04 -0.1521687E+01  0.4062856E-01  0.1177634E+00
   02  0.2142857E+01  0.2923793E+04 -0.2030207E+01  0.5403816E-01  0.1217305E+00
   02  0.2428571E+01  0.2923797E+04 -0.2539429E+01  0.6737910E-01  0.1256964E+00
   02  0.2714286E+01  0.2923801E+04 -0.3049580E+01  0.8065033E-01  0.1296597E+00
   02  0.1000000E+01  0.2923778E+04 -0.4277515E-15 -0.7736769E-13  0.1058561E+00
   02  0.1285714E+01  0.2923782E+04 -0.5067003E+00  0.1360814E-01  0.1098271E+00
   02  0.1571429E+01  0.2923786E+04 -0.1013842E+01  0.2715146E-01  0.1137956E+00
   02  0.1857143E+01  0.2923790E+04 -0.1521687E+01  0.4062856E-01  0.1177634E+00
   02  0.2142857E+01  0.2923793E+04 -0.2030207E+01  0.5403816E-01  0.1217305E+00
   02  0.2428571E+01  0.2923797E+04 -0.2539429E+01  0.6737910E-01  0.1256964E+00
   02  0.2714286E+01  0.2923801E+04 -0.3049580E+01  0.8065033E-01  0.1296597E+00
   02  0.1000000E+01  0.2923778E+04 -0.4277515E-15 -0.7736769E-13  0.1058561E+00
   02  0.1285714E+01  0.2923782E+04 -0.5067003E+00  0.1360814E-01  0.1098271E+00
   02  0.1571429E+01  0.2923786E+04 -0.1013842E+01  0.2715146E-01  0.1137956E+00
   02  0.1857143E+01  0.2923790E+04 -0.1521687E+01  0.4062856E-01  0.1177634E+00
   02  0.2142857E+01  0.2923793E+04 -0.2030207E+01  0.5403816E-01  0.1217305E+00
   02  0.2428571E+01  0.2923797E+04 -0.2539429E+01  0.6737910E-01  0.1256964E+00
   02  0.2714286E+01  0.2923801E+04 -0.3049580E+01  0.8065033E-01  0.1296597E+00
   02  0.1000000E+01  0.2923778E+04 -0.4277515E-15 -0.7736769E-13  0.1058561E+00
   02  0.1285714E+01  0.2923782E+04 -0.5067003E+00  0.1360814E-01  0.1098271E+00
   02  0.1571429E+01  0.2923786E+04 -0.1013842E+01  0.2715146E-01  0.1137956E+00
   02  0.1857143E+01  0.2923790E+04 -0.1521687E+01  0.4062856E-01  0.1177634E+00
   02  0.2142857E+01  0.2923793E+04 -0.2030207E+01  0.5403816E-01  0.1217305E+00
   02  0.2428571E+01  0.2923797E+04 -0.2539429E+01  0.6737910E-01  0.1256964E+00
   02  0.2714286E+01  0.2923801E+04 -0.3049580E+01  0.8065033E-01  0.1296597E+00
