# gauge_id= 602 location=( -0.1242122490E+03  0.4176223506E+02 ) num_var=  4
# Stationary gauge
# level, time, q[  1  2  3], eta, aux[]
# file format ascii, time series follow in this file
   06  0.0000000E+00  0.1472056E+02  0.0000000E+00  0.0000000E+00  0.0000000E+00
   06  0.0000000E+00  0.1472056E+02  0.0000000E+00  0.0000000E+00  0.0000000E+00
   06  0.0000000E+00  0.1472056E+02  0.0000000E+00  0.0000000E+00  0.0000000E+00
   06  0.0000000E+00  0.1472056E+02  0.0000000E+00  0.0000000E+00  0.0000000E+00
   06  0.0000000E+00  0.1472056E+02  0.0000000E+00  0.0000000E+00  0.0000000E+00
   06  0.1000000E+01  0.1472056E+02  0.4675906E-15  0.1214170E-14 -0.3773646E+00
   06  0.1007937E+01  0.1472056E+02  0.1759032E-03  0.8889014E-05 -0.3773646E+00
   06  0.1015873E+01  0.1472056E+02  0.3518067E-03  0.1777827E-04 -0.3773646E+00
   06  0.1023810E+01  0.1472056E+02  0.5277103E-03  0.2666777E-04 -0.3773646E+00
   06  0.1031746E+01  0.1472056E+02  0.7036142E-03  0.3555752E-04 -0.3773646E+00
   06  0.1039683E+01  0.1472056E+02  0.8795182E-03  0.4444752E-04 -0.3773645E+00
   06  0.1047619E+01  0.1472056E+02  0.1055422E-02  0.5333776E-04 -0.3773645E+00
   06  0.1055556E+01  0.1472056E+02  0.1231327E-02  0.6222826E-04 -0.3773645E+00
   06  0.1063492E+01  0.1472056E+02  0.1407232E-02  0.7111902E-04 -0.3773645E+00
   06  0.1071429E+01  0.1472056E+02  0.1583136E-02  0.8001003E-04 -0.3773645E+00
   06  0.1079365E+01  0.1472056E+02  0.1759041E-02  0.8890130E-04 -0.3773645E+00
   06  0.1087302E+01  0.1472056E+02  0.1934947E-02  0.9779284E-04 -0.3773645E+00
   06  0.1095238E+01  0.1472056E+02  0.2110852E-02  0.1066846E-03 -0.3773645E+00
   06  0.1103175E+01  0.1472056E+02  0.2286758E-02  0.1155767E-03 -0.3773645E+00
   06  0.1111111E+01  0.1472056E+02  0.2462664E-02  0.1244690E-03 -0.3773645E+00
   06  0.1119048E+01  0.1472056E+02  0.2638570E-02  0.1333616E-03 -0.3773645E+00
   06  0.1126984E+01  0.1472056E+02  0.2814476E-02  0.1422545E-03 -0.3773645E+00
   06  0.1134921E+01  0.1472056E+02  0.2990383E-02  0.1511476E-03 -0.3773645E+00
   06  0.1142857E+01  0.1472056E+02  0.3166290E-02  0.1600411E-03 -0.3773645E+00
   06  0.1150794E+01  0.1472056E+02  0.3342197E-02  0.1689348E-03 -0.3773646E+00
   06  0.1158730E+01  0.1472056E+02  0.3518104E-02  0.1778287E-03 -0.3773646E+00
   06  0.1166667E+01  0.1472056E+02  0.3694012E-02  0.1867230E-03 -0.3773646E+00
   06  0.1174603E+01  0.1472056E+02  0.3869919E-02  0.1956175E-03 -0.3773646E+00
   06  0.1182540E+01  0.1472056E+02  0.4045827E-02  0.2045124E-03 -0.3773646E+00
   06  0.1190476E+01  0.1472056E+02  0.4221735E-02  0.2134075E-03 -0.3773646E+00
   06  0.1198413E+01  0.1472056E+02  0.4397644E-02  0.2223029E-03 -0.3773646E+00
   06  0.1206349E+01  0.1472056E+02  0.4573553E-02  0.2311986E-03 -0.3773646E+00
   06  0.1214286E+01  0.1472056E+02  0.4749462E-02  0.2400946E-03 -0.3773646E+00
   06  0.1238095E+01  0.1472056E+02  0.5277190E-02  0.2667839E-03 -0.3773646E+00
   06  0.1261905E+01  0.1472056E+02  0.5804921E-02  0.2934758E-03 -0.3773646E+00
   06  0.1285714E+01  0.1472056E+02  0.6332654E-02  0.3201706E-03 -0.3773646E+00
   06  0.1309524E+01  0.1472056E+02  0.6860389E-02  0.3468682E-03 -0.3773646E+00
   06  0.1333333E+01  0.1472056E+02  0.7388127E-02  0.3735687E-03 -0.3773647E+00
   06  0.1357143E+01  0.1472056E+02  0.7915867E-02  0.4002721E-03 -0.3773647E+00
   06  0.1380952E+01  0.1472056E+02  0.8443609E-02  0.4269785E-03 -0.3773647E+00
   06  0.1404762E+01  0.1472056E+02  0.8971354E-02  0.4536880E-03 -0.3773647E+00
   06  0.1428571E+01  0.1472056E+02  0.9499102E-02  0.4804006E-03 -0.3773648E+00
   06  0.1452381E+01  0.1472056E+02  0.1002685E-01  0.5071163E-03 -0.3773648E+00
   06  0.1476190E+01  0.1472056E+02  0.1055461E-01  0.5338352E-03 -0.3773649E+00
   06  0.1500000E+01  0.1472056E+02  0.1108236E-01  0.5605574E-03 -0.3773649E+00
   06  0.1523810E+01  0.1472056E+02  0.1161012E-01  0.5872830E-03 -0.3773649E+00
   06  0.1547619E+01  0.1472056E+02  0.1213788E-01  0.6140118E-03 -0.3773650E+00
   06  0.1571429E+01  0.1472056E+02  0.1266564E-01  0.6407441E-03 -0.3773650E+00
   06  0.1595238E+01  0.1472056E+02  0.1319341E-01  0.6674799E-03 -0.3773651E+00
   06  0.1619048E+01  0.1472056E+02  0.1372118E-01  0.6942191E-03 -0.3773651E+00
   06  0.1642857E+01  0.1472056E+02  0.1424895E-01  0.7209620E-03 -0.3773652E+00
   06  0.1666667E+01  0.1472056E+02  0.1477673E-01  0.7477084E-03 -0.3773652E+00
   06  0.1690476E+01  0.1472056E+02  0.1530451E-01  0.7744585E-03 -0.3773653E+00
   06  0.1714286E+01  0.1472056E+02  0.1583229E-01  0.8012124E-03 -0.3773654E+00
   06  0.1738095E+01  0.1472056E+02  0.1636007E-01  0.8279700E-03 -0.3773654E+00
   06  0.1761905E+01  0.1472056E+02  0.1688786E-01  0.8547314E-03 -0.3773655E+00
   06  0.1785714E+01  0.1472056E+02  0.1741565E-01  0.8814967E-03 -0.3773656E+00
   06  0.1809524E+01  0.1472056E+02  0.1794344E-01  0.9082659E-03 -0.3773657E+00
   06  0.1833333E+01  0.1472056E+02  0.1847124E-01  0.9350390E-03 -0.3773657E+00
   06  0.1857143E+01  0.1472056E+02  0.1899904E-01  0.9618162E-03 -0.3773658E+00
   06  0.1952381E+01  0.1472056E+02  0.2111028E-01  0.1068956E-02 -0.3773662E+00
   06  0.2047619E+01  0.1472056E+02  0.2322157E-01  0.1176164E-02 -0.3773665E+00
   06  0.2142857E+01  0.1472056E+02  0.2533292E-01  0.1283444E-02 -0.3773670E+00
   06  0.2238095E+01  0.1472056E+02  0.2744432E-01  0.1390797E-02 -0.3773675E+00
   06  0.2333333E+01  0.1472055E+02  0.2955579E-01  0.1498228E-02 -0.3773680E+00
   06  0.2428571E+01  0.1472055E+02  0.3166732E-01  0.1605738E-02 -0.3773686E+00
   06  0.2523810E+01  0.1472055E+02  0.3377891E-01  0.1713331E-02 -0.3773692E+00
   06  0.2619048E+01  0.1472055E+02  0.3589056E-01  0.1821010E-02 -0.3773698E+00
   06  0.2714286E+01  0.1472055E+02  0.3800228E-01  0.1928778E-02 -0.3773706E+00
   06  0.2809524E+01  0.1472055E+02  0.4011407E-01  0.2036636E-02 -0.3773713E+00
   06  0.2904762E+01  0.1472055E+02  0.4222592E-01  0.2144589E-02 -0.3773721E+00
   06  0.1000000E+01  0.1472056E+02  0.4675906E-15  0.1214170E-14 -0.3773646E+00
   06  0.1007937E+01  0.1472056E+02  0.1759032E-03  0.8889014E-05 -0.3773646E+00
   06  0.1015873E+01  0.1472056E+02  0.3518067E-03  0.1777827E-04 -0.3773646E+00
   06  0.1023810E+01  0.1472056E+02  0.5277103E-03  0.2666777E-04 -0.3773646E+00
   06  0.1031746E+01  0.1472056E+02  0.7036142E-03  0.3555752E-04 -0.3773646E+00
   06  0.1039683E+01  0.1472056E+02  0.8795182E-03  0.4444752E-04 -0.3773645E+00
   06  0.1047619E+01  0.1472056E+02  0.1055422E-02  0.5333776E-04 -0.3773645E+00
   06  0.1055556E+01  0.1472056E+02  0.1231327E-02  0.6222826E-04 -0.3773645E+00
   06  0.1063492E+01  0.1472056E+02  0.1407232E-02  0.7111902E-04 -0.3773645E+00
   06  0.1071429E+01  0.1472056E+02  0.1583136E-02  0.8001003E-04 -0.3773645E+00
   06  0.1079365E+01  0.1472056E+02  0.1759041E-02  0.8890130E-04 -0.3773645E+00
   06  0.1087302E+01  0.1472056E+02  0.1934947E-02  0.9779284E-04 -0.3773645E+00
   06  0.1095238E+01  0.1472056E+02  0.2110852E-02  0.1066846E-03 -0.3773645E+00
   06  0.1103175E+01  0.1472056E+02  0.2286758E-02  0.1155767E-03 -0.3773645E+00
   06  0.1111111E+01  0.1472056E+02  0.2462664E-02  0.1244690E-03 -0.3773645E+00
   06  0.1119048E+01  0.1472056E+02  0.2638570E-02  0.1333616E-03 -0.3773645E+00
   06  0.1126984E+01  0.1472056E+02  0.2814476E-02  0.1422545E-03 -0.3773645E+00
   06  0.1134921E+01  0.1472056E+02  0.2990383E-02  0.1511476E-03 -0.3773645E+00
   06  0.1142857E+01  0.1472056E+02  0.3166290E-02  0.1600411E-03 -0.3773645E+00
   06  0.1150794E+01  0.1472056E+02  0.3342197E-02  0.1689348E-03 -0.3773646E+00
   06  0.1158730E+01  0.1472056E+02  0.3518104E-02  0.1778287E-03 -0.3773646E+00
   06  0.1166667E+01  0.1472056E+02  0.3694012E-02  0.1867230E-03 -0.3773646E+00
   06  0.1174603E+01  0.1472056E+02  0.3869919E-02  0.1956175E-03 -0.3773646E+00
   06  0.1182540E+01  0.1472056E+02  0.4045827E-02  0.2045124E-03 -0.3773646E+00
   06  0.1190476E+01  0.1472056E+02  0.4221735E-02  0.2134075E-03 -0.3773646E+00
   06  0.1198413E+01  0.1472056E+02  0.4397644E-02  0.2223029E-03 -0.3773646E+00
   06  0.1206349E+01  0.1472056E+02  0.4573553E-02  0.2311986E-03 -0.3773646E+00
   06  0.1214286E+01  0.1472056E+02  0.4749462E-02  0.2400946E-03 -0.3773646E+00
   06  0.1238095E+01  0.1472056E+02  0.5277190E-02  0.2667839E-03 -0.3773646E+00
   06  0.1261905E+01  0.1472056E+02  0.5804921E-02  0.2934758E-03 -0.3773646E+00
   06  0.1285714E+01  0.1472056E+02  0.6332654E-02  0.3201706E-03 -0.3773646E+00
   06  0.1309524E+01  0.1472056E+02  0.6860389E-02  0.3468682E-03 -0.3773646E+00
   06  0.1333333E+01  0.1472056E+02  0.7388127E-02  0.3735687E-03 -0.3773647E+00
   06  0.1357143E+01  0.1472056E+02  0.7915867E-02  0.4002721E-03 -0.3773647E+00
   06  0.1380952E+01  0.1472056E+02  0.8443609E-02  0.4269785E-03 -0.3773647E+00
   06  0.1404762E+01  0.1472056E+02  0.8971354E-02  0.4536880E-03 -0.3773647E+00
   06  0.1428571E+01  0.1472056E+02  0.9499102E-02  0.4804006E-03 -0.3773648E+00
   06  0.1452381E+01  0.1472056E+02  0.1002685E-01  0.5071163E-03 -0.3773648E+00
   06  0.1476190E+01  0.1472056E+02  0.1055461E-01  0.5338352E-03 -0.3773649E+00
   06  0.1500000E+01  0.1472056E+02  0.1108236E-01  0.5605574E-03 -0.3773649E+00
   06  0.1523810E+01  0.1472056E+02  0.1161012E-01  0.5872830E-03 -0.3773649E+00
   06  0.1547619E+01  0.1472056E+02  0.1213788E-01  0.6140118E-03 -0.3773650E+00
   06  0.1571429E+01  0.1472056E+02  0.1266564E-01  0.6407441E-03 -0.3773650E+00
   06  0.1595238E+01  0.1472056E+02  0.1319341E-01  0.6674799E-03 -0.3773651E+00
   06  0.1619048E+01  0.1472056E+02  0.1372118E-01  0.6942191E-03 -0.3773651E+00
   06  0.1642857E+01  0.1472056E+02  0.1424895E-01  0.7209620E-03 -0.3773652E+00
   06  0.1666667E+01  0.1472056E+02  0.1477673E-01  0.7477084E-03 -0.3773652E+00
   06  0.1690476E+01  0.1472056E+02  0.1530451E-01  0.7744585E-03 -0.3773653E+00
   06  0.1714286E+01  0.1472056E+02  0.1583229E-01  0.8012124E-03 -0.3773654E+00
   06  0.1738095E+01  0.1472056E+02  0.1636007E-01  0.8279700E-03 -0.3773654E+00
   06  0.1761905E+01  0.1472056E+02  0.1688786E-01  0.8547314E-03 -0.3773655E+00
   06  0.1785714E+01  0.1472056E+02  0.1741565E-01  0.8814967E-03 -0.3773656E+00
   06  0.1809524E+01  0.1472056E+02  0.1794344E-01  0.9082659E-03 -0.3773657E+00
   06  0.1833333E+01  0.1472056E+02  0.1847124E-01  0.9350390E-03 -0.3773657E+00
   06  0.1857143E+01  0.1472056E+02  0.1899904E-01  0.9618162E-03 -0.3773658E+00
   06  0.1952381E+01  0.1472056E+02  0.2111028E-01  0.1068956E-02 -0.3773662E+00
   06  0.2047619E+01  0.1472056E+02  0.2322157E-01  0.1176164E-02 -0.3773665E+00
   06  0.2142857E+01  0.1472056E+02  0.2533292E-01  0.1283444E-02 -0.3773670E+00
   06  0.2238095E+01  0.1472056E+02  0.2744432E-01  0.1390797E-02 -0.3773675E+00
   06  0.2333333E+01  0.1472055E+02  0.2955579E-01  0.1498228E-02 -0.3773680E+00
   06  0.2428571E+01  0.1472055E+02  0.3166732E-01  0.1605738E-02 -0.3773686E+00
   06  0.2523810E+01  0.1472055E+02  0.3377891E-01  0.1713331E-02 -0.3773692E+00
   06  0.2619048E+01  0.1472055E+02  0.3589056E-01  0.1821010E-02 -0.3773698E+00
   06  0.2714286E+01  0.1472055E+02  0.3800228E-01  0.1928778E-02 -0.3773706E+00
   06  0.2809524E+01  0.1472055E+02  0.4011407E-01  0.2036636E-02 -0.3773713E+00
   06  0.2904762E+01  0.1472055E+02  0.4222592E-01  0.2144589E-02 -0.3773721E+00
   06  0.1000000E+01  0.1472056E+02  0.4675906E-15  0.1214170E-14 -0.3773646E+00
   06  0.1007937E+01  0.1472056E+02  0.1759032E-03  0.8889014E-05 -0.3773646E+00
   06  0.1015873E+01  0.1472056E+02  0.3518067E-03  0.1777827E-04 -0.3773646E+00
   06  0.1023810E+01  0.1472056E+02  0.5277103E-03  0.2666777E-04 -0.3773646E+00
   06  0.1031746E+01  0.1472056E+02  0.7036142E-03  0.3555752E-04 -0.3773646E+00
   06  0.1039683E+01  0.1472056E+02  0.8795182E-03  0.4444752E-04 -0.3773645E+00
   06  0.1047619E+01  0.1472056E+02  0.1055422E-02  0.5333776E-04 -0.3773645E+00
   06  0.1055556E+01  0.1472056E+02  0.1231327E-02  0.6222826E-04 -0.3773645E+00
   06  0.1063492E+01  0.1472056E+02  0.1407232E-02  0.7111902E-04 -0.3773645E+00
   06  0.1071429E+01  0.1472056E+02  0.1583136E-02  0.8001003E-04 -0.3773645E+00
   06  0.1079365E+01  0.1472056E+02  0.1759041E-02  0.8890130E-04 -0.3773645E+00
   06  0.1087302E+01  0.1472056E+02  0.1934947E-02  0.9779284E-04 -0.3773645E+00
   06  0.1095238E+01  0.1472056E+02  0.2110852E-02  0.1066846E-03 -0.3773645E+00
   06  0.1103175E+01  0.1472056E+02  0.2286758E-02  0.1155767E-03 -0.3773645E+00
   06  0.1111111E+01  0.1472056E+02  0.2462664E-02  0.1244690E-03 -0.3773645E+00
   06  0.1119048E+01  0.1472056E+02  0.2638570E-02  0.1333616E-03 -0.3773645E+00
   06  0.1126984E+01  0.1472056E+02  0.2814476E-02  0.1422545E-03 -0.3773645E+00
   06  0.1134921E+01  0.1472056E+02  0.2990383E-02  0.1511476E-03 -0.3773645E+00
   06  0.1142857E+01  0.1472056E+02  0.3166290E-02  0.1600411E-03 -0.3773645E+00
   06  0.1150794E+01  0.1472056E+02  0.3342197E-02  0.1689348E-03 -0.3773646E+00
   06  0.1158730E+01  0.1472056E+02  0.3518104E-02  0.1778287E-03 -0.3773646E+00
   06  0.1166667E+01  0.1472056E+02  0.3694012E-02  0.1867230E-03 -0.3773646E+00
   06  0.1174603E+01  0.1472056E+02  0.3869919E-02  0.1956175E-03 -0.3773646E+00
   06  0.1182540E+01  0.1472056E+02  0.4045827E-02  0.2045124E-03 -0.3773646E+00
   06  0.1190476E+01  0.1472056E+02  0.4221735E-02  0.2134075E-03 -0.3773646E+00
   06  0.1198413E+01  0.1472056E+02  0.4397644E-02  0.2223029E-03 -0.3773646E+00
   06  0.1206349E+01  0.1472056E+02  0.4573553E-02  0.2311986E-03 -0.3773646E+00
   06  0.1214286E+01  0.1472056E+02  0.4749462E-02  0.2400946E-03 -0.3773646E+00
   06  0.1238095E+01  0.1472056E+02  0.5277190E-02  0.2667839E-03 -0.3773646E+00
   06  0.1261905E+01  0.1472056E+02  0.5804921E-02  0.2934758E-03 -0.3773646E+00
   06  0.1285714E+01  0.1472056E+02  0.6332654E-02  0.3201706E-03 -0.3773646E+00
   06  0.1309524E+01  0.1472056E+02  0.6860389E-02  0.3468682E-03 -0.3773646E+00
   06  0.1333333E+01  0.1472056E+02  0.7388127E-02  0.3735687E-03 -0.3773647E+00
   06  0.1357143E+01  0.1472056E+02  0.7915867E-02  0.4002721E-03 -0.3773647E+00
   06  0.1380952E+01  0.1472056E+02  0.8443609E-02  0.4269785E-03 -0.3773647E+00
   06  0.1404762E+01  0.1472056E+02  0.8971354E-02  0.4536880E-03 -0.3773647E+00
   06  0.1428571E+01  0.1472056E+02  0.9499102E-02  0.4804006E-03 -0.3773648E+00
   06  0.1452381E+01  0.1472056E+02  0.1002685E-01  0.5071163E-03 -0.3773648E+00
   06  0.1476190E+01  0.1472056E+02  0.1055461E-01  0.5338352E-03 -0.3773649E+00
   06  0.1500000E+01  0.1472056E+02  0.1108236E-01  0.5605574E-03 -0.3773649E+00
   06  0.1523810E+01  0.1472056E+02  0.1161012E-01  0.5872830E-03 -0.3773649E+00
   06  0.1547619E+01  0.1472056E+02  0.1213788E-01  0.6140118E-03 -0.3773650E+00
   06  0.1571429E+01  0.1472056E+02  0.1266564E-01  0.6407441E-03 -0.3773650E+00
   06  0.1595238E+01  0.1472056E+02  0.1319341E-01  0.6674799E-03 -0.3773651E+00
   06  0.1619048E+01  0.1472056E+02  0.1372118E-01  0.6942191E-03 -0.3773651E+00
   06  0.1642857E+01  0.1472056E+02  0.1424895E-01  0.7209620E-03 -0.3773652E+00
   06  0.1666667E+01  0.1472056E+02  0.1477673E-01  0.7477084E-03 -0.3773652E+00
   06  0.1690476E+01  0.1472056E+02  0.1530451E-01  0.7744585E-03 -0.3773653E+00
   06  0.1714286E+01  0.1472056E+02  0.1583229E-01  0.8012124E-03 -0.3773654E+00
   06  0.1738095E+01  0.1472056E+02  0.1636007E-01  0.8279700E-03 -0.3773654E+00
   06  0.1761905E+01  0.1472056E+02  0.1688786E-01  0.8547314E-03 -0.3773655E+00
   06  0.1785714E+01  0.1472056E+02  0.1741565E-01  0.8814967E-03 -0.3773656E+00
   06  0.1809524E+01  0.1472056E+02  0.1794344E-01  0.9082659E-03 -0.3773657E+00
   06  0.1833333E+01  0.1472056E+02  0.1847124E-01  0.9350390E-03 -0.3773657E+00
   06  0.1857143E+01  0.1472056E+02  0.1899904E-01  0.9618162E-03 -0.3773658E+00
   06  0.1952381E+01  0.1472056E+02  0.2111028E-01  0.1068956E-02 -0.3773662E+00
   06  0.2047619E+01  0.1472056E+02  0.2322157E-01  0.1176164E-02 -0.3773665E+00
   06  0.2142857E+01  0.1472056E+02  0.2533292E-01  0.1283444E-02 -0.3773670E+00
   06  0.2238095E+01  0.1472056E+02  0.2744432E-01  0.1390797E-02 -0.3773675E+00
   06  0.2333333E+01  0.1472055E+02  0.2955579E-01  0.1498228E-02 -0.3773680E+00
   06  0.2428571E+01  0.1472055E+02  0.3166732E-01  0.1605738E-02 -0.3773686E+00
   06  0.2523810E+01  0.1472055E+02  0.3377891E-01  0.1713331E-02 -0.3773692E+00
   06  0.2619048E+01  0.1472055E+02  0.3589056E-01  0.1821010E-02 -0.3773698E+00
   06  0.2714286E+01  0.1472055E+02  0.3800228E-01  0.1928778E-02 -0.3773706E+00
   06  0.2809524E+01  0.1472055E+02  0.4011407E-01  0.2036636E-02 -0.3773713E+00
   06  0.2904762E+01  0.1472055E+02  0.4222592E-01  0.2144589E-02 -0.3773721E+00
   06  0.1000000E+01  0.1472056E+02  0.4675906E-15  0.1214170E-14 -0.3773646E+00
   06  0.1007937E+01  0.1472056E+02  0.1759032E-03  0.8889014E-05 -0.3773646E+00
   06  0.1015873E+01  0.1472056E+02  0.3518067E-03  0.1777827E-04 -0.3773646E+00
   06  0.1023810E+01  0.1472056E+02  0.5277103E-03  0.2666777E-04 -0.3773646E+00
   06  0.1031746E+01  0.1472056E+02  0.7036142E-03  0.3555752E-04 -0.3773646E+00
   06  0.1039683E+01  0.1472056E+02  0.8795182E-03  0.4444752E-04 -0.3773645E+00
   06  0.1047619E+01  0.1472056E+02  0.1055422E-02  0.5333776E-04 -0.3773645E+00
   06  0.1055556E+01  0.1472056E+02  0.1231327E-02  0.6222826E-04 -0.3773645E+00
   06  0.1063492E+01  0.1472056E+02  0.1407232E-02  0.7111902E-04 -0.3773645E+00
   06  0.1071429E+01  0.1472056E+02  0.1583136E-02  0.8001003E-04 -0.3773645E+00
   06  0.1079365E+01  0.1472056E+02  0.1759041E-02  0.8890130E-04 -0.3773645E+00
   06  0.1087302E+01  0.1472056E+02  0.1934947E-02  0.9779284E-04 -0.3773645E+00
   06  0.1095238E+01  0.1472056E+02  0.2110852E-02  0.1066846E-03 -0.3773645E+00
   06  0.1103175E+01  0.1472056E+02  0.2286758E-02  0.1155767E-03 -0.3773645E+00
   06  0.1111111E+01  0.1472056E+02  0.2462664E-02  0.1244690E-03 -0.3773645E+00
   06  0.1119048E+01  0.1472056E+02  0.2638570E-02  0.1333616E-03 -0.3773645E+00
   06  0.1126984E+01  0.1472056E+02  0.2814476E-02  0.1422545E-03 -0.3773645E+00
   06  0.1134921E+01  0.1472056E+02  0.2990383E-02  0.1511476E-03 -0.3773645E+00
   06  0.1142857E+01  0.1472056E+02  0.3166290E-02  0.1600411E-03 -0.3773645E+00
   06  0.1150794E+01  0.1472056E+02  0.3342197E-02  0.1689348E-03 -0.3773646E+00
   06  0.1158730E+01  0.1472056E+02  0.3518104E-02  0.1778287E-03 -0.3773646E+00
   06  0.1166667E+01  0.1472056E+02  0.3694012E-02  0.1867230E-03 -0.3773646E+00
   06  0.1174603E+01  0.1472056E+02  0.3869919E-02  0.1956175E-03 -0.3773646E+00
   06  0.1182540E+01  0.1472056E+02  0.4045827E-02  0.2045124E-03 -0.3773646E+00
   06  0.1190476E+01  0.1472056E+02  0.4221735E-02  0.2134075E-03 -0.3773646E+00
   06  0.1198413E+01  0.1472056E+02  0.4397644E-02  0.2223029E-03 -0.3773646E+00
   06  0.1206349E+01  0.1472056E+02  0.4573553E-02  0.2311986E-03 -0.3773646E+00
   06  0.1214286E+01  0.1472056E+02  0.4749462E-02  0.2400946E-03 -0.3773646E+00
   06  0.1238095E+01  0.1472056E+02  0.5277190E-02  0.2667839E-03 -0.3773646E+00
   06  0.1261905E+01  0.1472056E+02  0.5804921E-02  0.2934758E-03 -0.3773646E+00
   06  0.1285714E+01  0.1472056E+02  0.6332654E-02  0.3201706E-03 -0.3773646E+00
   06  0.1309524E+01  0.1472056E+02  0.6860389E-02  0.3468682E-03 -0.3773646E+00
   06  0.1333333E+01  0.1472056E+02  0.7388127E-02  0.3735687E-03 -0.3773647E+00
   06  0.1357143E+01  0.1472056E+02  0.7915867E-02  0.4002721E-03 -0.3773647E+00
   06  0.1380952E+01  0.1472056E+02  0.8443609E-02  0.4269785E-03 -0.3773647E+00
   06  0.1404762E+01  0.1472056E+02  0.8971354E-02  0.4536880E-03 -0.3773647E+00
   06  0.1428571E+01  0.1472056E+02  0.9499102E-02  0.4804006E-03 -0.3773648E+00
   06  0.1452381E+01  0.1472056E+02  0.1002685E-01  0.5071163E-03 -0.3773648E+00
   06  0.1476190E+01  0.1472056E+02  0.1055461E-01  0.5338352E-03 -0.3773649E+00
   06  0.1500000E+01  0.1472056E+02  0.1108236E-01  0.5605574E-03 -0.3773649E+00
   06  0.1523810E+01  0.1472056E+02  0.1161012E-01  0.5872830E-03 -0.3773649E+00
   06  0.1547619E+01  0.1472056E+02  0.1213788E-01  0.6140118E-03 -0.3773650E+00
   06  0.1571429E+01  0.1472056E+02  0.1266564E-01  0.6407441E-03 -0.3773650E+00
   06  0.1595238E+01  0.1472056E+02  0.1319341E-01  0.6674799E-03 -0.3773651E+00
   06  0.1619048E+01  0.1472056E+02  0.1372118E-01  0.6942191E-03 -0.3773651E+00
   06  0.1642857E+01  0.1472056E+02  0.1424895E-01  0.7209620E-03 -0.3773652E+00
   06  0.1666667E+01  0.1472056E+02  0.1477673E-01  0.7477084E-03 -0.3773652E+00
   06  0.1690476E+01  0.1472056E+02  0.1530451E-01  0.7744585E-03 -0.3773653E+00
   06  0.1714286E+01  0.1472056E+02  0.1583229E-01  0.8012124E-03 -0.3773654E+00
   06  0.1738095E+01  0.1472056E+02  0.1636007E-01  0.8279700E-03 -0.3773654E+00
   06  0.1761905E+01  0.1472056E+02  0.1688786E-01  0.8547314E-03 -0.3773655E+00
   06  0.1785714E+01  0.1472056E+02  0.1741565E-01  0.8814967E-03 -0.3773656E+00
   06  0.1809524E+01  0.1472056E+02  0.1794344E-01  0.9082659E-03 -0.3773657E+00
   06  0.1833333E+01  0.1472056E+02  0.1847124E-01  0.9350390E-03 -0.3773657E+00
   06  0.1857143E+01  0.1472056E+02  0.1899904E-01  0.9618162E-03 -0.3773658E+00
   06  0.1952381E+01  0.1472056E+02  0.2111028E-01  0.1068956E-02 -0.3773662E+00
   06  0.2047619E+01  0.1472056E+02  0.2322157E-01  0.1176164E-02 -0.3773665E+00
   06  0.2142857E+01  0.1472056E+02  0.2533292E-01  0.1283444E-02 -0.3773670E+00
   06  0.2238095E+01  0.1472056E+02  0.2744432E-01  0.1390797E-02 -0.3773675E+00
   06  0.2333333E+01  0.1472055E+02  0.2955579E-01  0.1498228E-02 -0.3773680E+00
   06  0.2428571E+01  0.1472055E+02  0.3166732E-01  0.1605738E-02 -0.3773686E+00
   06  0.2523810E+01  0.1472055E+02  0.3377891E-01  0.1713331E-02 -0.3773692E+00
   06  0.2619048E+01  0.1472055E+02  0.3589056E-01  0.1821010E-02 -0.3773698E+00
   06  0.2714286E+01  0.1472055E+02  0.3800228E-01  0.1928778E-02 -0.3773706E+00
   06  0.2809524E+01  0.1472055E+02  0.4011407E-01  0.2036636E-02 -0.3773713E+00
   06  0.2904762E+01  0.1472055E+02  0.4222592E-01  0.2144589E-02 -0.3773721E+00
   06  0.1000000E+01  0.1472056E+02  0.4675906E-15  0.1214170E-14 -0.3773646E+00
   06  0.1007937E+01  0.1472056E+02  0.1759032E-03  0.8889014E-05 -0.3773646E+00
   06  0.1015873E+01  0.1472056E+02  0.3518067E-03  0.1777827E-04 -0.3773646E+00
   06  0.1023810E+01  0.1472056E+02  0.5277103E-03  0.2666777E-04 -0.3773646E+00
   06  0.1031746E+01  0.1472056E+02  0.7036142E-03  0.3555752E-04 -0.3773646E+00
   06  0.1039683E+01  0.1472056E+02  0.8795182E-03  0.4444752E-04 -0.3773645E+00
   06  0.1047619E+01  0.1472056E+02  0.1055422E-02  0.5333776E-04 -0.3773645E+00
   06  0.1055556E+01  0.1472056E+02  0.1231327E-02  0.6222826E-04 -0.3773645E+00
   06  0.1063492E+01  0.1472056E+02  0.1407232E-02  0.7111902E-04 -0.3773645E+00
   06  0.1071429E+01  0.1472056E+02  0.1583136E-02  0.8001003E-04 -0.3773645E+00
   06  0.1079365E+01  0.1472056E+02  0.1759041E-02  0.8890130E-04 -0.3773645E+00
   06  0.1087302E+01  0.1472056E+02  0.1934947E-02  0.9779284E-04 -0.3773645E+00
   06  0.1095238E+01  0.1472056E+02  0.2110852E-02  0.1066846E-03 -0.3773645E+00
   06  0.1103175E+01  0.1472056E+02  0.2286758E-02  0.1155767E-03 -0.3773645E+00
   06  0.1111111E+01  0.1472056E+02  0.2462664E-02  0.1244690E-03 -0.3773645E+00
   06  0.1119048E+01  0.1472056E+02  0.2638570E-02  0.1333616E-03 -0.3773645E+00
   06  0.1126984E+01  0.1472056E+02  0.2814476E-02  0.1422545E-03 -0.3773645E+00
   06  0.1134921E+01  0.1472056E+02  0.2990383E-02  0.1511476E-03 -0.3773645E+00
   06  0.1142857E+01  0.1472056E+02  0.3166290E-02  0.1600411E-03 -0.3773645E+00
   06  0.1150794E+01  0.1472056E+02  0.3342197E-02  0.1689348E-03 -0.3773646E+00
   06  0.1158730E+01  0.1472056E+02  0.3518104E-02  0.1778287E-03 -0.3773646E+00
   06  0.1166667E+01  0.1472056E+02  0.3694012E-02  0.1867230E-03 -0.3773646E+00
   06  0.1174603E+01  0.1472056E+02  0.3869919E-02  0.1956175E-03 -0.3773646E+00
   06  0.1182540E+01  0.1472056E+02  0.4045827E-02  0.2045124E-03 -0.3773646E+00
   06  0.1190476E+01  0.1472056E+02  0.4221735E-02  0.2134075E-03 -0.3773646E+00
   06  0.1198413E+01  0.1472056E+02  0.4397644E-02  0.2223029E-03 -0.3773646E+00
   06  0.1206349E+01  0.1472056E+02  0.4573553E-02  0.2311986E-03 -0.3773646E+00
   06  0.1214286E+01  0.1472056E+02  0.4749462E-02  0.2400946E-03 -0.3773646E+00
   06  0.1238095E+01  0.1472056E+02  0.5277190E-02  0.2667839E-03 -0.3773646E+00
   06  0.1261905E+01  0.1472056E+02  0.5804921E-02  0.2934758E-03 -0.3773646E+00
   06  0.1285714E+01  0.1472056E+02  0.6332654E-02  0.3201706E-03 -0.3773646E+00
   06  0.1309524E+01  0.1472056E+02  0.6860389E-02  0.3468682E-03 -0.3773646E+00
   06  0.1333333E+01  0.1472056E+02  0.7388127E-02  0.3735687E-03 -0.3773647E+00
   06  0.1357143E+01  0.1472056E+02  0.7915867E-02  0.4002721E-03 -0.3773647E+00
   06  0.1380952E+01  0.1472056E+02  0.8443609E-02  0.4269785E-03 -0.3773647E+00
   06  0.1404762E+01  0.1472056E+02  0.8971354E-02  0.4536880E-03 -0.3773647E+00
   06  0.1428571E+01  0.1472056E+02  0.9499102E-02  0.4804006E-03 -0.3773648E+00
   06  0.1452381E+01  0.1472056E+02  0.1002685E-01  0.5071163E-03 -0.3773648E+00
   06  0.1476190E+01  0.1472056E+02  0.1055461E-01  0.5338352E-03 -0.3773649E+00
   06  0.1500000E+01  0.1472056E+02  0.1108236E-01  0.5605574E-03 -0.3773649E+00
   06  0.1523810E+01  0.1472056E+02  0.1161012E-01  0.5872830E-03 -0.3773649E+00
   06  0.1547619E+01  0.1472056E+02  0.1213788E-01  0.6140118E-03 -0.3773650E+00
   06  0.1571429E+01  0.1472056E+02  0.1266564E-01  0.6407441E-03 -0.3773650E+00
   06  0.1595238E+01  0.1472056E+02  0.1319341E-01  0.6674799E-03 -0.3773651E+00
   06  0.1619048E+01  0.1472056E+02  0.1372118E-01  0.6942191E-03 -0.3773651E+00
   06  0.1642857E+01  0.1472056E+02  0.1424895E-01  0.7209620E-03 -0.3773652E+00
   06  0.1666667E+01  0.1472056E+02  0.1477673E-01  0.7477084E-03 -0.3773652E+00
   06  0.1690476E+01  0.1472056E+02  0.1530451E-01  0.7744585E-03 -0.3773653E+00
   06  0.1714286E+01  0.1472056E+02  0.1583229E-01  0.8012124E-03 -0.3773654E+00
   06  0.1738095E+01  0.1472056E+02  0.1636007E-01  0.8279700E-03 -0.3773654E+00
   06  0.1761905E+01  0.1472056E+02  0.1688786E-01  0.8547314E-03 -0.3773655E+00
   06  0.1785714E+01  0.1472056E+02  0.1741565E-01  0.8814967E-03 -0.3773656E+00
   06  0.1809524E+01  0.1472056E+02  0.1794344E-01  0.9082659E-03 -0.3773657E+00
   06  0.1833333E+01  0.1472056E+02  0.1847124E-01  0.9350390E-03 -0.3773657E+00
   06  0.1857143E+01  0.1472056E+02  0.1899904E-01  0.9618162E-03 -0.3773658E+00
   06  0.1952381E+01  0.1472056E+02  0.2111028E-01  0.1068956E-02 -0.3773662E+00
   06  0.2047619E+01  0.1472056E+02  0.2322157E-01  0.1176164E-02 -0.3773665E+00
   06  0.2142857E+01  0.1472056E+02  0.2533292E-01  0.1283444E-02 -0.3773670E+00
   06  0.2238095E+01  0.1472056E+02  0.2744432E-01  0.1390797E-02 -0.3773675E+00
   06  0.2333333E+01  0.1472055E+02  0.2955579E-01  0.1498228E-02 -0.3773680E+00
   06  0.2428571E+01  0.1472055E+02  0.3166732E-01  0.1605738E-02 -0.3773686E+00
   06  0.2523810E+01  0.1472055E+02  0.3377891E-01  0.1713331E-02 -0.3773692E+00
   06  0.2619048E+01  0.1472055E+02  0.3589056E-01  0.1821010E-02 -0.3773698E+00
   06  0.2714286E+01  0.1472055E+02  0.3800228E-01  0.1928778E-02 -0.3773706E+00
   06  0.2809524E+01  0.1472055E+02  0.4011407E-01  0.2036636E-02 -0.3773713E+00
   06  0.2904762E+01  0.1472055E+02  0.4222592E-01  0.2144589E-02 -0.3773721E+00
