# gauge_id= 605 location=( -0.1242015246E+03  0.4175949634E+02 ) num_var=  4
# Stationary gauge
# level, time, q[  1  2  3], eta, aux[]
# file format ascii, time series follow in this file
   06  0.0000000E+00  0.1253674E+02  0.0000000E+00  0.0000000E+00  0.0000000E+00
   06  0.0000000E+00  0.1253674E+02  0.0000000E+00  0.0000000E+00  0.0000000E+00
   06  0.0000000E+00  0.1253674E+02  0.0000000E+00  0.0000000E+00  0.0000000E+00
   06  0.0000000E+00  0.1253674E+02  0.0000000E+00  0.0000000E+00  0.0000000E+00
   06  0.0000000E+00  0.1253674E+02  0.0000000E+00  0.0000000E+00  0.0000000E+00
   06  0.1000000E+01  0.1253674E+02 -0.3448609E-14 -0.6429130E-15 -0.5113281E+00
   06  0.1007937E+01  0.1253674E+02  0.1498245E-03  0.7898960E-05 -0.5113280E+00
   06  0.1015873E+01  0.1253674E+02  0.2996493E-03  0.1579775E-04 -0.5113280E+00
   06  0.1023810E+01  0.1253674E+02  0.4494744E-03  0.2369637E-04 -0.5113280E+00
   06  0.1031746E+01  0.1253674E+02  0.5992998E-03  0.3159482E-04 -0.5113280E+00
   06  0.1039683E+01  0.1253674E+02  0.7491255E-03  0.3949308E-04 -0.5113280E+00
   06  0.1047619E+01  0.1253674E+02  0.8989516E-03  0.4739115E-04 -0.5113280E+00
   06  0.1055556E+01  0.1253674E+02  0.1048778E-02  0.5528904E-04 -0.5113280E+00
   06  0.1063492E+01  0.1253674E+02  0.1198605E-02  0.6318673E-04 -0.5113280E+00
   06  0.1071429E+01  0.1253674E+02  0.1348432E-02  0.7108422E-04 -0.5113280E+00
   06  0.1079365E+01  0.1253674E+02  0.1498259E-02  0.7898152E-04 -0.5113280E+00
   06  0.1087302E+01  0.1253674E+02  0.1648087E-02  0.8687860E-04 -0.5113280E+00
   06  0.1095238E+01  0.1253674E+02  0.1797915E-02  0.9477547E-04 -0.5113280E+00
   06  0.1103175E+01  0.1253674E+02  0.1947744E-02  0.1026721E-03 -0.5113280E+00
   06  0.1111111E+01  0.1253674E+02  0.2097573E-02  0.1105686E-03 -0.5113280E+00
   06  0.1119048E+01  0.1253674E+02  0.2247402E-02  0.1184648E-03 -0.5113279E+00
   06  0.1126984E+01  0.1253674E+02  0.2397232E-02  0.1263608E-03 -0.5113279E+00
   06  0.1134921E+01  0.1253674E+02  0.2547062E-02  0.1342565E-03 -0.5113279E+00
   06  0.1142857E+01  0.1253674E+02  0.2696893E-02  0.1421520E-03 -0.5113279E+00
   06  0.1150794E+01  0.1253674E+02  0.2846724E-02  0.1500473E-03 -0.5113279E+00
   06  0.1158730E+01  0.1253674E+02  0.2996555E-02  0.1579423E-03 -0.5113279E+00
   06  0.1166667E+01  0.1253674E+02  0.3146387E-02  0.1658371E-03 -0.5113278E+00
   06  0.1174603E+01  0.1253674E+02  0.3296220E-02  0.1737316E-03 -0.5113278E+00
   06  0.1182540E+01  0.1253674E+02  0.3446052E-02  0.1816259E-03 -0.5113278E+00
   06  0.1190476E+01  0.1253674E+02  0.3595886E-02  0.1895199E-03 -0.5113278E+00
   06  0.1198413E+01  0.1253674E+02  0.3745720E-02  0.1974137E-03 -0.5113278E+00
   06  0.1206349E+01  0.1253674E+02  0.3895554E-02  0.2053071E-03 -0.5113277E+00
   06  0.1214286E+01  0.1253674E+02  0.4045389E-02  0.2132003E-03 -0.5113277E+00
   06  0.1238095E+01  0.1253674E+02  0.4494899E-02  0.2368795E-03 -0.5113276E+00
   06  0.1261905E+01  0.1253674E+02  0.4944414E-02  0.2605560E-03 -0.5113275E+00
   06  0.1285714E+01  0.1253674E+02  0.5393934E-02  0.2842298E-03 -0.5113275E+00
   06  0.1309524E+01  0.1253674E+02  0.5843459E-02  0.3079008E-03 -0.5113274E+00
   06  0.1333333E+01  0.1253674E+02  0.6292990E-02  0.3315688E-03 -0.5113272E+00
   06  0.1357143E+01  0.1253674E+02  0.6742527E-02  0.3552338E-03 -0.5113271E+00
   06  0.1380952E+01  0.1253674E+02  0.7192070E-02  0.3788957E-03 -0.5113270E+00
   06  0.1404762E+01  0.1253674E+02  0.7641620E-02  0.4025543E-03 -0.5113269E+00
   06  0.1428571E+01  0.1253674E+02  0.8091176E-02  0.4262096E-03 -0.5113267E+00
   06  0.1452381E+01  0.1253674E+02  0.8540739E-02  0.4498615E-03 -0.5113266E+00
   06  0.1476190E+01  0.1253674E+02  0.8990310E-02  0.4735099E-03 -0.5113264E+00
   06  0.1500000E+01  0.1253674E+02  0.9439888E-02  0.4971547E-03 -0.5113263E+00
   06  0.1523810E+01  0.1253674E+02  0.9889473E-02  0.5207958E-03 -0.5113261E+00
   06  0.1547619E+01  0.1253674E+02  0.1033907E-01  0.5444331E-03 -0.5113259E+00
   06  0.1571429E+01  0.1253674E+02  0.1078867E-01  0.5680666E-03 -0.5113257E+00
   06  0.1595238E+01  0.1253674E+02  0.1123828E-01  0.5916960E-03 -0.5113255E+00
   06  0.1619048E+01  0.1253674E+02  0.1168790E-01  0.6153215E-03 -0.5113253E+00
   06  0.1642857E+01  0.1253674E+02  0.1213752E-01  0.6389429E-03 -0.5113251E+00
   06  0.1666667E+01  0.1253674E+02  0.1258716E-01  0.6625600E-03 -0.5113249E+00
   06  0.1690476E+01  0.1253674E+02  0.1303681E-01  0.6861729E-03 -0.5113247E+00
   06  0.1714286E+01  0.1253674E+02  0.1348646E-01  0.7097815E-03 -0.5113244E+00
   06  0.1738095E+01  0.1253674E+02  0.1393613E-01  0.7333856E-03 -0.5113242E+00
   06  0.1761905E+01  0.1253674E+02  0.1438580E-01  0.7569852E-03 -0.5113239E+00
   06  0.1785714E+01  0.1253674E+02  0.1483549E-01  0.7805803E-03 -0.5113237E+00
   06  0.1809524E+01  0.1253674E+02  0.1528519E-01  0.8041707E-03 -0.5113234E+00
   06  0.1833333E+01  0.1253674E+02  0.1573490E-01  0.8277565E-03 -0.5113231E+00
   06  0.1857143E+01  0.1253674E+02  0.1618461E-01  0.8513375E-03 -0.5113229E+00
   06  0.1952381E+01  0.1253675E+02  0.1798365E-01  0.9456200E-03 -0.5113216E+00
   06  0.2047619E+01  0.1253675E+02  0.1978288E-01  0.1039818E-02 -0.5113203E+00
   06  0.2142857E+01  0.1253675E+02  0.2158232E-01  0.1133926E-02 -0.5113188E+00
   06  0.2238095E+01  0.1253675E+02  0.2338200E-01  0.1227943E-02 -0.5113172E+00
   06  0.2333333E+01  0.1253675E+02  0.2518193E-01  0.1321864E-02 -0.5113155E+00
   06  0.2428571E+01  0.1253675E+02  0.2698213E-01  0.1415688E-02 -0.5113137E+00
   06  0.2523810E+01  0.1253676E+02  0.2878261E-01  0.1509412E-02 -0.5113117E+00
   06  0.2619048E+01  0.1253676E+02  0.3058339E-01  0.1603034E-02 -0.5113096E+00
   06  0.2714286E+01  0.1253676E+02  0.3238449E-01  0.1696554E-02 -0.5113074E+00
   06  0.2809524E+01  0.1253676E+02  0.3418592E-01  0.1789970E-02 -0.5113050E+00
   06  0.2904762E+01  0.1253676E+02  0.3598771E-01  0.1883282E-02 -0.5113025E+00
   06  0.1000000E+01  0.1253674E+02 -0.3448609E-14 -0.6429130E-15 -0.5113281E+00
   06  0.1007937E+01  0.1253674E+02  0.1498245E-03  0.7898960E-05 -0.5113280E+00
   06  0.1015873E+01  0.1253674E+02  0.2996493E-03  0.1579775E-04 -0.5113280E+00
   06  0.1023810E+01  0.1253674E+02  0.4494744E-03  0.2369637E-04 -0.5113280E+00
   06  0.1031746E+01  0.1253674E+02  0.5992998E-03  0.3159482E-04 -0.5113280E+00
   06  0.1039683E+01  0.1253674E+02  0.7491255E-03  0.3949308E-04 -0.5113280E+00
   06  0.1047619E+01  0.1253674E+02  0.8989516E-03  0.4739115E-04 -0.5113280E+00
   06  0.1055556E+01  0.1253674E+02  0.1048778E-02  0.5528904E-04 -0.5113280E+00
   06  0.1063492E+01  0.1253674E+02  0.1198605E-02  0.6318673E-04 -0.5113280E+00
   06  0.1071429E+01  0.1253674E+02  0.1348432E-02  0.7108422E-04 -0.5113280E+00
   06  0.1079365E+01  0.1253674E+02  0.1498259E-02  0.7898152E-04 -0.5113280E+00
   06  0.1087302E+01  0.1253674E+02  0.1648087E-02  0.8687860E-04 -0.5113280E+00
   06  0.1095238E+01  0.1253674E+02  0.1797915E-02  0.9477547E-04 -0.5113280E+00
   06  0.1103175E+01  0.1253674E+02  0.1947744E-02  0.1026721E-03 -0.5113280E+00
   06  0.1111111E+01  0.1253674E+02  0.2097573E-02  0.1105686E-03 -0.5113280E+00
   06  0.1119048E+01  0.1253674E+02  0.2247402E-02  0.1184648E-03 -0.5113279E+00
   06  0.1126984E+01  0.1253674E+02  0.2397232E-02  0.1263608E-03 -0.5113279E+00
   06  0.1134921E+01  0.1253674E+02  0.2547062E-02  0.1342565E-03 -0.5113279E+00
   06  0.1142857E+01  0.1253674E+02  0.2696893E-02  0.1421520E-03 -0.5113279E+00
   06  0.1150794E+01  0.1253674E+02  0.2846724E-02  0.1500473E-03 -0.5113279E+00
   06  0.1158730E+01  0.1253674E+02  0.2996555E-02  0.1579423E-03 -0.5113279E+00
   06  0.1166667E+01  0.1253674E+02  0.3146387E-02  0.1658371E-03 -0.5113278E+00
   06  0.1174603E+01  0.1253674E+02  0.3296220E-02  0.1737316E-03 -0.5113278E+00
   06  0.1182540E+01  0.1253674E+02  0.3446052E-02  0.1816259E-03 -0.5113278E+00
   06  0.1190476E+01  0.1253674E+02  0.3595886E-02  0.1895199E-03 -0.5113278E+00
   06  0.1198413E+01  0.1253674E+02  0.3745720E-02  0.1974137E-03 -0.5113278E+00
   06  0.1206349E+01  0.1253674E+02  0.3895554E-02  0.2053071E-03 -0.5113277E+00
   06  0.1214286E+01  0.1253674E+02  0.4045389E-02  0.2132003E-03 -0.5113277E+00
   06  0.1238095E+01  0.1253674E+02  0.4494899E-02  0.2368795E-03 -0.5113276E+00
   06  0.1261905E+01  0.1253674E+02  0.4944414E-02  0.2605560E-03 -0.5113275E+00
   06  0.1285714E+01  0.1253674E+02  0.5393934E-02  0.2842298E-03 -0.5113275E+00
   06  0.1309524E+01  0.1253674E+02  0.5843459E-02  0.3079008E-03 -0.5113274E+00
   06  0.1333333E+01  0.1253674E+02  0.6292990E-02  0.3315688E-03 -0.5113272E+00
   06  0.1357143E+01  0.1253674E+02  0.6742527E-02  0.3552338E-03 -0.5113271E+00
   06  0.1380952E+01  0.1253674E+02  0.7192070E-02  0.3788957E-03 -0.5113270E+00
   06  0.1404762E+01  0.1253674E+02  0.7641620E-02  0.4025543E-03 -0.5113269E+00
   06  0.1428571E+01  0.1253674E+02  0.8091176E-02  0.4262096E-03 -0.5113267E+00
   06  0.1452381E+01  0.1253674E+02  0.8540739E-02  0.4498615E-03 -0.5113266E+00
   06  0.1476190E+01  0.1253674E+02  0.8990310E-02  0.4735099E-03 -0.5113264E+00
   06  0.1500000E+01  0.1253674E+02  0.9439888E-02  0.4971547E-03 -0.5113263E+00
   06  0.1523810E+01  0.1253674E+02  0.9889473E-02  0.5207958E-03 -0.5113261E+00
   06  0.1547619E+01  0.1253674E+02  0.1033907E-01  0.5444331E-03 -0.5113259E+00
   06  0.1571429E+01  0.1253674E+02  0.1078867E-01  0.5680666E-03 -0.5113257E+00
   06  0.1595238E+01  0.1253674E+02  0.1123828E-01  0.5916960E-03 -0.5113255E+00
   06  0.1619048E+01  0.1253674E+02  0.1168790E-01  0.6153215E-03 -0.5113253E+00
   06  0.1642857E+01  0.1253674E+02  0.1213752E-01  0.6389429E-03 -0.5113251E+00
   06  0.1666667E+01  0.1253674E+02  0.1258716E-01  0.6625600E-03 -0.5113249E+00
   06  0.1690476E+01  0.1253674E+02  0.1303681E-01  0.6861729E-03 -0.5113247E+00
   06  0.1714286E+01  0.1253674E+02  0.1348646E-01  0.7097815E-03 -0.5113244E+00
   06  0.1738095E+01  0.1253674E+02  0.1393613E-01  0.7333856E-03 -0.5113242E+00
   06  0.1761905E+01  0.1253674E+02  0.1438580E-01  0.7569852E-03 -0.5113239E+00
   06  0.1785714E+01  0.1253674E+02  0.1483549E-01  0.7805803E-03 -0.5113237E+00
   06  0.1809524E+01  0.1253674E+02  0.1528519E-01  0.8041707E-03 -0.5113234E+00
   06  0.1833333E+01  0.1253674E+02  0.1573490E-01  0.8277565E-03 -0.5113231E+00
   06  0.1857143E+01  0.1253674E+02  0.1618461E-01  0.8513375E-03 -0.5113229E+00
   06  0.1952381E+01  0.1253675E+02  0.1798365E-01  0.9456200E-03 -0.5113216E+00
   06  0.2047619E+01  0.1253675E+02  0.1978288E-01  0.1039818E-02 -0.5113203E+00
   06  0.2142857E+01  0.1253675E+02  0.2158232E-01  0.1133926E-02 -0.5113188E+00
   06  0.2238095E+01  0.1253675E+02  0.2338200E-01  0.1227943E-02 -0.5113172E+00
   06  0.2333333E+01  0.1253675E+02  0.2518193E-01  0.1321864E-02 -0.5113155E+00
   06  0.2428571E+01  0.1253675E+02  0.2698213E-01  0.1415688E-02 -0.5113137E+00
   06  0.2523810E+01  0.1253676E+02  0.2878261E-01  0.1509412E-02 -0.5113117E+00
   06  0.2619048E+01  0.1253676E+02  0.3058339E-01  0.1603034E-02 -0.5113096E+00
   06  0.2714286E+01  0.1253676E+02  0.3238449E-01  0.1696554E-02 -0.5113074E+00
   06  0.2809524E+01  0.1253676E+02  0.3418592E-01  0.1789970E-02 -0.5113050E+00
   06  0.2904762E+01  0.1253676E+02  0.3598771E-01  0.1883282E-02 -0.5113025E+00
   06  0.1000000E+01  0.1253674E+02 -0.3448609E-14 -0.6429130E-15 -0.5113281E+00
   06  0.1007937E+01  0.1253674E+02  0.1498245E-03  0.7898960E-05 -0.5113280E+00
   06  0.1015873E+01  0.1253674E+02  0.2996493E-03  0.1579775E-04 -0.5113280E+00
   06  0.1023810E+01  0.1253674E+02  0.4494744E-03  0.2369637E-04 -0.5113280E+00
   06  0.1031746E+01  0.1253674E+02  0.5992998E-03  0.3159482E-04 -0.5113280E+00
   06  0.1039683E+01  0.1253674E+02  0.7491255E-03  0.3949308E-04 -0.5113280E+00
   06  0.1047619E+01  0.1253674E+02  0.8989516E-03  0.4739115E-04 -0.5113280E+00
   06  0.1055556E+01  0.1253674E+02  0.1048778E-02  0.5528904E-04 -0.5113280E+00
   06  0.1063492E+01  0.1253674E+02  0.1198605E-02  0.6318673E-04 -0.5113280E+00
   06  0.1071429E+01  0.1253674E+02  0.1348432E-02  0.7108422E-04 -0.5113280E+00
   06  0.1079365E+01  0.1253674E+02  0.1498259E-02  0.7898152E-04 -0.5113280E+00
   06  0.1087302E+01  0.1253674E+02  0.1648087E-02  0.8687860E-04 -0.5113280E+00
   06  0.1095238E+01  0.1253674E+02  0.1797915E-02  0.9477547E-04 -0.5113280E+00
   06  0.1103175E+01  0.1253674E+02  0.1947744E-02  0.1026721E-03 -0.5113280E+00
   06  0.1111111E+01  0.1253674E+02  0.2097573E-02  0.1105686E-03 -0.5113280E+00
   06  0.1119048E+01  0.1253674E+02  0.2247402E-02  0.1184648E-03 -0.5113279E+00
   06  0.1126984E+01  0.1253674E+02  0.2397232E-02  0.1263608E-03 -0.5113279E+00
   06  0.1134921E+01  0.1253674E+02  0.2547062E-02  0.1342565E-03 -0.5113279E+00
   06  0.1142857E+01  0.1253674E+02  0.2696893E-02  0.1421520E-03 -0.5113279E+00
   06  0.1150794E+01  0.1253674E+02  0.2846724E-02  0.1500473E-03 -0.5113279E+00
   06  0.1158730E+01  0.1253674E+02  0.2996555E-02  0.1579423E-03 -0.5113279E+00
   06  0.1166667E+01  0.1253674E+02  0.3146387E-02  0.1658371E-03 -0.5113278E+00
   06  0.1174603E+01  0.1253674E+02  0.3296220E-02  0.1737316E-03 -0.5113278E+00
   06  0.1182540E+01  0.1253674E+02  0.3446052E-02  0.1816259E-03 -0.5113278E+00
   06  0.1190476E+01  0.1253674E+02  0.3595886E-02  0.1895199E-03 -0.5113278E+00
   06  0.1198413E+01  0.1253674E+02  0.3745720E-02  0.1974137E-03 -0.5113278E+00
   06  0.1206349E+01  0.1253674E+02  0.3895554E-02  0.2053071E-03 -0.5113277E+00
   06  0.1214286E+01  0.1253674E+02  0.4045389E-02  0.2132003E-03 -0.5113277E+00
   06  0.1238095E+01  0.1253674E+02  0.4494899E-02  0.2368795E-03 -0.5113276E+00
   06  0.1261905E+01  0.1253674E+02  0.4944414E-02  0.2605560E-03 -0.5113275E+00
   06  0.1285714E+01  0.1253674E+02  0.5393934E-02  0.2842298E-03 -0.5113275E+00
   06  0.1309524E+01  0.1253674E+02  0.5843459E-02  0.3079008E-03 -0.5113274E+00
   06  0.1333333E+01  0.1253674E+02  0.6292990E-02  0.3315688E-03 -0.5113272E+00
   06  0.1357143E+01  0.1253674E+02  0.6742527E-02  0.3552338E-03 -0.5113271E+00
   06  0.1380952E+01  0.1253674E+02  0.7192070E-02  0.3788957E-03 -0.5113270E+00
   06  0.1404762E+01  0.1253674E+02  0.7641620E-02  0.4025543E-03 -0.5113269E+00
   06  0.1428571E+01  0.1253674E+02  0.8091176E-02  0.4262096E-03 -0.5113267E+00
   06  0.1452381E+01  0.1253674E+02  0.8540739E-02  0.4498615E-03 -0.5113266E+00
   06  0.1476190E+01  0.1253674E+02  0.8990310E-02  0.4735099E-03 -0.5113264E+00
   06  0.1500000E+01  0.1253674E+02  0.9439888E-02  0.4971547E-03 -0.5113263E+00
   06  0.1523810E+01  0.1253674E+02  0.9889473E-02  0.5207958E-03 -0.5113261E+00
   06  0.1547619E+01  0.1253674E+02  0.1033907E-01  0.5444331E-03 -0.5113259E+00
   06  0.1571429E+01  0.1253674E+02  0.1078867E-01  0.5680666E-03 -0.5113257E+00
   06  0.1595238E+01  0.1253674E+02  0.1123828E-01  0.5916960E-03 -0.5113255E+00
   06  0.1619048E+01  0.1253674E+02  0.1168790E-01  0.6153215E-03 -0.5113253E+00
   06  0.1642857E+01  0.1253674E+02  0.1213752E-01  0.6389429E-03 -0.5113251E+00
   06  0.1666667E+01  0.1253674E+02  0.1258716E-01  0.6625600E-03 -0.5113249E+00
   06  0.1690476E+01  0.1253674E+02  0.1303681E-01  0.6861729E-03 -0.5113247E+00
   06  0.1714286E+01  0.1253674E+02  0.1348646E-01  0.7097815E-03 -0.5113244E+00
   06  0.1738095E+01  0.1253674E+02  0.1393613E-01  0.7333856E-03 -0.5113242E+00
   06  0.1761905E+01  0.1253674E+02  0.1438580E-01  0.7569852E-03 -0.5113239E+00
   06  0.1785714E+01  0.1253674E+02  0.1483549E-01  0.7805803E-03 -0.5113237E+00
   06  0.1809524E+01  0.1253674E+02  0.1528519E-01  0.8041707E-03 -0.5113234E+00
   06  0.1833333E+01  0.1253674E+02  0.1573490E-01  0.8277565E-03 -0.5113231E+00
   06  0.1857143E+01  0.1253674E+02  0.1618461E-01  0.8513375E-03 -0.5113229E+00
   06  0.1952381E+01  0.1253675E+02  0.1798365E-01  0.9456200E-03 -0.5113216E+00
   06  0.2047619E+01  0.1253675E+02  0.1978288E-01  0.1039818E-02 -0.5113203E+00
   06  0.2142857E+01  0.1253675E+02  0.2158232E-01  0.1133926E-02 -0.5113188E+00
   06  0.2238095E+01  0.1253675E+02  0.2338200E-01  0.1227943E-02 -0.5113172E+00
   06  0.2333333E+01  0.1253675E+02  0.2518193E-01  0.1321864E-02 -0.5113155E+00
   06  0.2428571E+01  0.1253675E+02  0.2698213E-01  0.1415688E-02 -0.5113137E+00
   06  0.2523810E+01  0.1253676E+02  0.2878261E-01  0.1509412E-02 -0.5113117E+00
   06  0.2619048E+01  0.1253676E+02  0.3058339E-01  0.1603034E-02 -0.5113096E+00
   06  0.2714286E+01  0.1253676E+02  0.3238449E-01  0.1696554E-02 -0.5113074E+00
   06  0.2809524E+01  0.1253676E+02  0.3418592E-01  0.1789970E-02 -0.5113050E+00
   06  0.2904762E+01  0.1253676E+02  0.3598771E-01  0.1883282E-02 -0.5113025E+00
   06  0.1000000E+01  0.1253674E+02 -0.3448609E-14 -0.6429130E-15 -0.5113281E+00
   06  0.1007937E+01  0.1253674E+02  0.1498245E-03  0.7898960E-05 -0.5113280E+00
   06  0.1015873E+01  0.1253674E+02  0.2996493E-03  0.1579775E-04 -0.5113280E+00
   06  0.1023810E+01  0.1253674E+02  0.4494744E-03  0.2369637E-04 -0.5113280E+00
   06  0.1031746E+01  0.1253674E+02  0.5992998E-03  0.3159482E-04 -0.5113280E+00
   06  0.1039683E+01  0.1253674E+02  0.7491255E-03  0.3949308E-04 -0.5113280E+00
   06  0.1047619E+01  0.1253674E+02  0.8989516E-03  0.4739115E-04 -0.5113280E+00
   06  0.1055556E+01  0.1253674E+02  0.1048778E-02  0.5528904E-04 -0.5113280E+00
   06  0.1063492E+01  0.1253674E+02  0.1198605E-02  0.6318673E-04 -0.5113280E+00
   06  0.1071429E+01  0.1253674E+02  0.1348432E-02  0.7108422E-04 -0.5113280E+00
   06  0.1079365E+01  0.1253674E+02  0.1498259E-02  0.7898152E-04 -0.5113280E+00
   06  0.1087302E+01  0.1253674E+02  0.1648087E-02  0.8687860E-04 -0.5113280E+00
   06  0.1095238E+01  0.1253674E+02  0.1797915E-02  0.9477547E-04 -0.5113280E+00
   06  0.1103175E+01  0.1253674E+02  0.1947744E-02  0.1026721E-03 -0.5113280E+00
   06  0.1111111E+01  0.1253674E+02  0.2097573E-02  0.1105686E-03 -0.5113280E+00
   06  0.1119048E+01  0.1253674E+02  0.2247402E-02  0.1184648E-03 -0.5113279E+00
   06  0.1126984E+01  0.1253674E+02  0.2397232E-02  0.1263608E-03 -0.5113279E+00
   06  0.1134921E+01  0.1253674E+02  0.2547062E-02  0.1342565E-03 -0.5113279E+00
   06  0.1142857E+01  0.1253674E+02  0.2696893E-02  0.1421520E-03 -0.5113279E+00
   06  0.1150794E+01  0.1253674E+02  0.2846724E-02  0.1500473E-03 -0.5113279E+00
   06  0.1158730E+01  0.1253674E+02  0.2996555E-02  0.1579423E-03 -0.5113279E+00
   06  0.1166667E+01  0.1253674E+02  0.3146387E-02  0.1658371E-03 -0.5113278E+00
   06  0.1174603E+01  0.1253674E+02  0.3296220E-02  0.1737316E-03 -0.5113278E+00
   06  0.1182540E+01  0.1253674E+02  0.3446052E-02  0.1816259E-03 -0.5113278E+00
   06  0.1190476E+01  0.1253674E+02  0.3595886E-02  0.1895199E-03 -0.5113278E+00
   06  0.1198413E+01  0.1253674E+02  0.3745720E-02  0.1974137E-03 -0.5113278E+00
   06  0.1206349E+01  0.1253674E+02  0.3895554E-02  0.2053071E-03 -0.5113277E+00
   06  0.1214286E+01  0.1253674E+02  0.4045389E-02  0.2132003E-03 -0.5113277E+00
   06  0.1238095E+01  0.1253674E+02  0.4494899E-02  0.2368795E-03 -0.5113276E+00
   06  0.1261905E+01  0.1253674E+02  0.4944414E-02  0.2605560E-03 -0.5113275E+00
   06  0.1285714E+01  0.1253674E+02  0.5393934E-02  0.2842298E-03 -0.5113275E+00
   06  0.1309524E+01  0.1253674E+02  0.5843459E-02  0.3079008E-03 -0.5113274E+00
   06  0.1333333E+01  0.1253674E+02  0.6292990E-02  0.3315688E-03 -0.5113272E+00
   06  0.1357143E+01  0.1253674E+02  0.6742527E-02  0.3552338E-03 -0.5113271E+00
   06  0.1380952E+01  0.1253674E+02  0.7192070E-02  0.3788957E-03 -0.5113270E+00
   06  0.1404762E+01  0.1253674E+02  0.7641620E-02  0.4025543E-03 -0.5113269E+00
   06  0.1428571E+01  0.1253674E+02  0.8091176E-02  0.4262096E-03 -0.5113267E+00
   06  0.1452381E+01  0.1253674E+02  0.8540739E-02  0.4498615E-03 -0.5113266E+00
   06  0.1476190E+01  0.1253674E+02  0.8990310E-02  0.4735099E-03 -0.5113264E+00
   06  0.1500000E+01  0.1253674E+02  0.9439888E-02  0.4971547E-03 -0.5113263E+00
   06  0.1523810E+01  0.1253674E+02  0.9889473E-02  0.5207958E-03 -0.5113261E+00
   06  0.1547619E+01  0.1253674E+02  0.1033907E-01  0.5444331E-03 -0.5113259E+00
   06  0.1571429E+01  0.1253674E+02  0.1078867E-01  0.5680666E-03 -0.5113257E+00
   06  0.1595238E+01  0.1253674E+02  0.1123828E-01  0.5916960E-03 -0.5113255E+00
   06  0.1619048E+01  0.1253674E+02  0.1168790E-01  0.6153215E-03 -0.5113253E+00
   06  0.1642857E+01  0.1253674E+02  0.1213752E-01  0.6389429E-03 -0.5113251E+00
   06  0.1666667E+01  0.1253674E+02  0.1258716E-01  0.6625600E-03 -0.5113249E+00
   06  0.1690476E+01  0.1253674E+02  0.1303681E-01  0.6861729E-03 -0.5113247E+00
   06  0.1714286E+01  0.1253674E+02  0.1348646E-01  0.7097815E-03 -0.5113244E+00
   06  0.1738095E+01  0.1253674E+02  0.1393613E-01  0.7333856E-03 -0.5113242E+00
   06  0.1761905E+01  0.1253674E+02  0.1438580E-01  0.7569852E-03 -0.5113239E+00
   06  0.1785714E+01  0.1253674E+02  0.1483549E-01  0.7805803E-03 -0.5113237E+00
   06  0.1809524E+01  0.1253674E+02  0.1528519E-01  0.8041707E-03 -0.5113234E+00
   06  0.1833333E+01  0.1253674E+02  0.1573490E-01  0.8277565E-03 -0.5113231E+00
   06  0.1857143E+01  0.1253674E+02  0.1618461E-01  0.8513375E-03 -0.5113229E+00
   06  0.1952381E+01  0.1253675E+02  0.1798365E-01  0.9456200E-03 -0.5113216E+00
   06  0.2047619E+01  0.1253675E+02  0.1978288E-01  0.1039818E-02 -0.5113203E+00
   06  0.2142857E+01  0.1253675E+02  0.2158232E-01  0.1133926E-02 -0.5113188E+00
   06  0.2238095E+01  0.1253675E+02  0.2338200E-01  0.1227943E-02 -0.5113172E+00
   06  0.2333333E+01  0.1253675E+02  0.2518193E-01  0.1321864E-02 -0.5113155E+00
   06  0.2428571E+01  0.1253675E+02  0.2698213E-01  0.1415688E-02 -0.5113137E+00
   06  0.2523810E+01  0.1253676E+02  0.2878261E-01  0.1509412E-02 -0.5113117E+00
   06  0.2619048E+01  0.1253676E+02  0.3058339E-01  0.1603034E-02 -0.5113096E+00
   06  0.2714286E+01  0.1253676E+02  0.3238449E-01  0.1696554E-02 -0.5113074E+00
   06  0.2809524E+01  0.1253676E+02  0.3418592E-01  0.1789970E-02 -0.5113050E+00
   06  0.2904762E+01  0.1253676E+02  0.3598771E-01  0.1883282E-02 -0.5113025E+00
