# gauge_id= 604 location=( -0.1242128051E+03  0.4175523626E+02 ) num_var=  4
# Stationary gauge
# level, time, q[  1  2  3], eta, aux[]
# file format ascii, time series follow in this file
   06  0.0000000E+00  0.1519521E+02  0.0000000E+00  0.0000000E+00  0.0000000E+00
   06  0.0000000E+00  0.1519521E+02  0.0000000E+00  0.0000000E+00  0.0000000E+00
   06  0.0000000E+00  0.1519521E+02  0.0000000E+00  0.0000000E+00  0.0000000E+00
   06  0.0000000E+00  0.1519521E+02  0.0000000E+00  0.0000000E+00  0.0000000E+00
   06  0.0000000E+00  0.1519521E+02  0.0000000E+00  0.0000000E+00  0.0000000E+00
   06  0.1000000E+01  0.1519521E+02 -0.3756052E-15  0.4522956E-15 -0.3640054E+00
   06  0.1007937E+01  0.1519521E+02  0.1814410E-03  0.9584380E-05 -0.3640053E+00
   06  0.1015873E+01  0.1519521E+02  0.3628874E-03  0.1916692E-04 -0.3640052E+00
   06  0.1023810E+01  0.1519521E+02  0.5443391E-03  0.2874761E-04 -0.3640051E+00
   06  0.1031746E+01  0.1519521E+02  0.7257962E-03  0.3832644E-04 -0.3640050E+00
   06  0.1039683E+01  0.1519521E+02  0.9072588E-03  0.4790340E-04 -0.3640050E+00
   06  0.1047619E+01  0.1519521E+02  0.1088727E-02  0.5747850E-04 -0.3640049E+00
   06  0.1055556E+01  0.1519521E+02  0.1270200E-02  0.6705172E-04 -0.3640048E+00
   06  0.1063492E+01  0.1519521E+02  0.1451679E-02  0.7662305E-04 -0.3640047E+00
   06  0.1071429E+01  0.1519521E+02  0.1633164E-02  0.8619249E-04 -0.3640046E+00
   06  0.1079365E+01  0.1519521E+02  0.1814654E-02  0.9576004E-04 -0.3640045E+00
   06  0.1087302E+01  0.1519521E+02  0.1996149E-02  0.1053257E-03 -0.3640045E+00
   06  0.1095238E+01  0.1519521E+02  0.2177650E-02  0.1148894E-03 -0.3640044E+00
   06  0.1103175E+01  0.1519521E+02  0.2359157E-02  0.1244512E-03 -0.3640043E+00
   06  0.1111111E+01  0.1519521E+02  0.2540669E-02  0.1340111E-03 -0.3640042E+00
   06  0.1119048E+01  0.1519521E+02  0.2722187E-02  0.1435691E-03 -0.3640041E+00
   06  0.1126984E+01  0.1519521E+02  0.2903711E-02  0.1531251E-03 -0.3640040E+00
   06  0.1134921E+01  0.1519521E+02  0.3085240E-02  0.1626791E-03 -0.3640040E+00
   06  0.1142857E+01  0.1519521E+02  0.3266775E-02  0.1722313E-03 -0.3640039E+00
   06  0.1150794E+01  0.1519521E+02  0.3448316E-02  0.1817815E-03 -0.3640038E+00
   06  0.1158730E+01  0.1519521E+02  0.3629862E-02  0.1913297E-03 -0.3640037E+00
   06  0.1166667E+01  0.1519521E+02  0.3811415E-02  0.2008759E-03 -0.3640037E+00
   06  0.1174603E+01  0.1519521E+02  0.3992973E-02  0.2104202E-03 -0.3640036E+00
   06  0.1182540E+01  0.1519521E+02  0.4174537E-02  0.2199625E-03 -0.3640035E+00
   06  0.1190476E+01  0.1519521E+02  0.4356106E-02  0.2295028E-03 -0.3640034E+00
   06  0.1198413E+01  0.1519521E+02  0.4537682E-02  0.2390411E-03 -0.3640033E+00
   06  0.1206349E+01  0.1519521E+02  0.4719263E-02  0.2485775E-03 -0.3640033E+00
   06  0.1214286E+01  0.1519521E+02  0.4900851E-02  0.2581118E-03 -0.3640032E+00
   06  0.1238095E+01  0.1519521E+02  0.5445641E-02  0.2867041E-03 -0.3640030E+00
   06  0.1261905E+01  0.1519521E+02  0.5990485E-02  0.3152781E-03 -0.3640028E+00
   06  0.1285714E+01  0.1519521E+02  0.6535383E-02  0.3438339E-03 -0.3640025E+00
   06  0.1309524E+01  0.1519521E+02  0.7080336E-02  0.3723713E-03 -0.3640023E+00
   06  0.1333333E+01  0.1519521E+02  0.7625344E-02  0.4008901E-03 -0.3640021E+00
   06  0.1357143E+01  0.1519521E+02  0.8170408E-02  0.4293904E-03 -0.3640019E+00
   06  0.1380952E+01  0.1519521E+02  0.8715527E-02  0.4578719E-03 -0.3640017E+00
   06  0.1404762E+01  0.1519521E+02  0.9260704E-02  0.4863347E-03 -0.3640015E+00
   06  0.1428571E+01  0.1519521E+02  0.9805937E-02  0.5147785E-03 -0.3640013E+00
   06  0.1452381E+01  0.1519521E+02  0.1035123E-01  0.5432034E-03 -0.3640012E+00
   06  0.1476190E+01  0.1519521E+02  0.1089658E-01  0.5716093E-03 -0.3640010E+00
   06  0.1500000E+01  0.1519521E+02  0.1144198E-01  0.5999961E-03 -0.3640008E+00
   06  0.1523810E+01  0.1519521E+02  0.1198745E-01  0.6283637E-03 -0.3640006E+00
   06  0.1547619E+01  0.1519521E+02  0.1253298E-01  0.6567122E-03 -0.3640005E+00
   06  0.1571429E+01  0.1519522E+02  0.1307856E-01  0.6850415E-03 -0.3640003E+00
   06  0.1595238E+01  0.1519522E+02  0.1362421E-01  0.7133515E-03 -0.3640001E+00
   06  0.1619048E+01  0.1519522E+02  0.1416991E-01  0.7416422E-03 -0.3640000E+00
   06  0.1642857E+01  0.1519522E+02  0.1471568E-01  0.7699136E-03 -0.3639999E+00
   06  0.1666667E+01  0.1519522E+02  0.1526151E-01  0.7981658E-03 -0.3639997E+00
   06  0.1690476E+01  0.1519522E+02  0.1580740E-01  0.8263986E-03 -0.3639996E+00
   06  0.1714286E+01  0.1519522E+02  0.1635335E-01  0.8546121E-03 -0.3639994E+00
   06  0.1738095E+01  0.1519522E+02  0.1689936E-01  0.8828063E-03 -0.3639993E+00
   06  0.1761905E+01  0.1519522E+02  0.1744544E-01  0.9109812E-03 -0.3639992E+00
   06  0.1785714E+01  0.1519522E+02  0.1799158E-01  0.9391369E-03 -0.3639991E+00
   06  0.1809524E+01  0.1519522E+02  0.1853778E-01  0.9672733E-03 -0.3639990E+00
   06  0.1833333E+01  0.1519522E+02  0.1908404E-01  0.9953905E-03 -0.3639989E+00
   06  0.1857143E+01  0.1519522E+02  0.1963037E-01  0.1023488E-02 -0.3639988E+00
   06  0.1952381E+01  0.1519522E+02  0.2181617E-01  0.1135699E-02 -0.3639984E+00
   06  0.2047619E+01  0.1519522E+02  0.2400300E-01  0.1247607E-02 -0.3639981E+00
   06  0.2142857E+01  0.1519522E+02  0.2619088E-01  0.1359215E-02 -0.3639979E+00
   06  0.2238095E+01  0.1519522E+02  0.2837982E-01  0.1470532E-02 -0.3639978E+00
   06  0.2333333E+01  0.1519522E+02  0.3056982E-01  0.1581566E-02 -0.3639977E+00
   06  0.2428571E+01  0.1519522E+02  0.3276089E-01  0.1692324E-02 -0.3639978E+00
   06  0.2523810E+01  0.1519522E+02  0.3495304E-01  0.1802818E-02 -0.3639979E+00
   06  0.2619048E+01  0.1519522E+02  0.3714626E-01  0.1913060E-02 -0.3639981E+00
   06  0.2714286E+01  0.1519522E+02  0.3934056E-01  0.2023063E-02 -0.3639984E+00
   06  0.2809524E+01  0.1519522E+02  0.4153593E-01  0.2132839E-02 -0.3639987E+00
   06  0.2904762E+01  0.1519522E+02  0.4373237E-01  0.2242405E-02 -0.3639992E+00
   06  0.1000000E+01  0.1519521E+02 -0.3756052E-15  0.4522956E-15 -0.3640054E+00
   06  0.1007937E+01  0.1519521E+02  0.1814410E-03  0.9584380E-05 -0.3640053E+00
   06  0.1015873E+01  0.1519521E+02  0.3628874E-03  0.1916692E-04 -0.3640052E+00
   06  0.1023810E+01  0.1519521E+02  0.5443391E-03  0.2874761E-04 -0.3640051E+00
   06  0.1031746E+01  0.1519521E+02  0.7257962E-03  0.3832644E-04 -0.3640050E+00
   06  0.1039683E+01  0.1519521E+02  0.9072588E-03  0.4790340E-04 -0.3640050E+00
   06  0.1047619E+01  0.1519521E+02  0.1088727E-02  0.5747850E-04 -0.3640049E+00
   06  0.1055556E+01  0.1519521E+02  0.1270200E-02  0.6705172E-04 -0.3640048E+00
   06  0.1063492E+01  0.1519521E+02  0.1451679E-02  0.7662305E-04 -0.3640047E+00
   06  0.1071429E+01  0.1519521E+02  0.1633164E-02  0.8619249E-04 -0.3640046E+00
   06  0.1079365E+01  0.1519521E+02  0.1814654E-02  0.9576004E-04 -0.3640045E+00
   06  0.1087302E+01  0.1519521E+02  0.1996149E-02  0.1053257E-03 -0.3640045E+00
   06  0.1095238E+01  0.1519521E+02  0.2177650E-02  0.1148894E-03 -0.3640044E+00
   06  0.1103175E+01  0.1519521E+02  0.2359157E-02  0.1244512E-03 -0.3640043E+00
   06  0.1111111E+01  0.1519521E+02  0.2540669E-02  0.1340111E-03 -0.3640042E+00
   06  0.1119048E+01  0.1519521E+02  0.2722187E-02  0.1435691E-03 -0.3640041E+00
   06  0.1126984E+01  0.1519521E+02  0.2903711E-02  0.1531251E-03 -0.3640040E+00
   06  0.1134921E+01  0.1519521E+02  0.3085240E-02  0.1626791E-03 -0.3640040E+00
   06  0.1142857E+01  0.1519521E+02  0.3266775E-02  0.1722313E-03 -0.3640039E+00
   06  0.1150794E+01  0.1519521E+02  0.3448316E-02  0.1817815E-03 -0.3640038E+00
   06  0.1158730E+01  0.1519521E+02  0.3629862E-02  0.1913297E-03 -0.3640037E+00
   06  0.1166667E+01  0.1519521E+02  0.3811415E-02  0.2008759E-03 -0.3640037E+00
   06  0.1174603E+01  0.1519521E+02  0.3992973E-02  0.2104202E-03 -0.3640036E+00
   06  0.1182540E+01  0.1519521E+02  0.4174537E-02  0.2199625E-03 -0.3640035E+00
   06  0.1190476E+01  0.1519521E+02  0.4356106E-02  0.2295028E-03 -0.3640034E+00
   06  0.1198413E+01  0.1519521E+02  0.4537682E-02  0.2390411E-03 -0.3640033E+00
   06  0.1206349E+01  0.1519521E+02  0.4719263E-02  0.2485775E-03 -0.3640033E+00
   06  0.1214286E+01  0.1519521E+02  0.4900851E-02  0.2581118E-03 -0.3640032E+00
   06  0.1238095E+01  0.1519521E+02  0.5445641E-02  0.2867041E-03 -0.3640030E+00
   06  0.1261905E+01  0.1519521E+02  0.5990485E-02  0.3152781E-03 -0.3640028E+00
   06  0.1285714E+01  0.1519521E+02  0.6535383E-02  0.3438339E-03 -0.3640025E+00
   06  0.1309524E+01  0.1519521E+02  0.7080336E-02  0.3723713E-03 -0.3640023E+00
   06  0.1333333E+01  0.1519521E+02  0.7625344E-02  0.4008901E-03 -0.3640021E+00
   06  0.1357143E+01  0.1519521E+02  0.8170408E-02  0.4293904E-03 -0.3640019E+00
   06  0.1380952E+01  0.1519521E+02  0.8715527E-02  0.4578719E-03 -0.3640017E+00
   06  0.1404762E+01  0.1519521E+02  0.9260704E-02  0.4863347E-03 -0.3640015E+00
   06  0.1428571E+01  0.1519521E+02  0.9805937E-02  0.5147785E-03 -0.3640013E+00
   06  0.1452381E+01  0.1519521E+02  0.1035123E-01  0.5432034E-03 -0.3640012E+00
   06  0.1476190E+01  0.1519521E+02  0.1089658E-01  0.5716093E-03 -0.3640010E+00
   06  0.1500000E+01  0.1519521E+02  0.1144198E-01  0.5999961E-03 -0.3640008E+00
   06  0.1523810E+01  0.1519521E+02  0.1198745E-01  0.6283637E-03 -0.3640006E+00
   06  0.1547619E+01  0.1519521E+02  0.1253298E-01  0.6567122E-03 -0.3640005E+00
   06  0.1571429E+01  0.1519522E+02  0.1307856E-01  0.6850415E-03 -0.3640003E+00
   06  0.1595238E+01  0.1519522E+02  0.1362421E-01  0.7133515E-03 -0.3640001E+00
   06  0.1619048E+01  0.1519522E+02  0.1416991E-01  0.7416422E-03 -0.3640000E+00
   06  0.1642857E+01  0.1519522E+02  0.1471568E-01  0.7699136E-03 -0.3639999E+00
   06  0.1666667E+01  0.1519522E+02  0.1526151E-01  0.7981658E-03 -0.3639997E+00
   06  0.1690476E+01  0.1519522E+02  0.1580740E-01  0.8263986E-03 -0.3639996E+00
   06  0.1714286E+01  0.1519522E+02  0.1635335E-01  0.8546121E-03 -0.3639994E+00
   06  0.1738095E+01  0.1519522E+02  0.1689936E-01  0.8828063E-03 -0.3639993E+00
   06  0.1761905E+01  0.1519522E+02  0.1744544E-01  0.9109812E-03 -0.3639992E+00
   06  0.1785714E+01  0.1519522E+02  0.1799158E-01  0.9391369E-03 -0.3639991E+00
   06  0.1809524E+01  0.1519522E+02  0.1853778E-01  0.9672733E-03 -0.3639990E+00
   06  0.1833333E+01  0.1519522E+02  0.1908404E-01  0.9953905E-03 -0.3639989E+00
   06  0.1857143E+01  0.1519522E+02  0.1963037E-01  0.1023488E-02 -0.3639988E+00
   06  0.1952381E+01  0.1519522E+02  0.2181617E-01  0.1135699E-02 -0.3639984E+00
   06  0.2047619E+01  0.1519522E+02  0.2400300E-01  0.1247607E-02 -0.3639981E+00
   06  0.2142857E+01  0.1519522E+02  0.2619088E-01  0.1359215E-02 -0.3639979E+00
   06  0.2238095E+01  0.1519522E+02  0.2837982E-01  0.1470532E-02 -0.3639978E+00
   06  0.2333333E+01  0.1519522E+02  0.3056982E-01  0.1581566E-02 -0.3639977E+00
   06  0.2428571E+01  0.1519522E+02  0.3276089E-01  0.1692324E-02 -0.3639978E+00
   06  0.2523810E+01  0.1519522E+02  0.3495304E-01  0.1802818E-02 -0.3639979E+00
   06  0.2619048E+01  0.1519522E+02  0.3714626E-01  0.1913060E-02 -0.3639981E+00
   06  0.2714286E+01  0.1519522E+02  0.3934056E-01  0.2023063E-02 -0.3639984E+00
   06  0.2809524E+01  0.1519522E+02  0.4153593E-01  0.2132839E-02 -0.3639987E+00
   06  0.2904762E+01  0.1519522E+02  0.4373237E-01  0.2242405E-02 -0.3639992E+00
   06  0.1000000E+01  0.1519521E+02 -0.3756052E-15  0.4522956E-15 -0.3640054E+00
   06  0.1007937E+01  0.1519521E+02  0.1814410E-03  0.9584380E-05 -0.3640053E+00
   06  0.1015873E+01  0.1519521E+02  0.3628874E-03  0.1916692E-04 -0.3640052E+00
   06  0.1023810E+01  0.1519521E+02  0.5443391E-03  0.2874761E-04 -0.3640051E+00
   06  0.1031746E+01  0.1519521E+02  0.7257962E-03  0.3832644E-04 -0.3640050E+00
   06  0.1039683E+01  0.1519521E+02  0.9072588E-03  0.4790340E-04 -0.3640050E+00
   06  0.1047619E+01  0.1519521E+02  0.1088727E-02  0.5747850E-04 -0.3640049E+00
   06  0.1055556E+01  0.1519521E+02  0.1270200E-02  0.6705172E-04 -0.3640048E+00
   06  0.1063492E+01  0.1519521E+02  0.1451679E-02  0.7662305E-04 -0.3640047E+00
   06  0.1071429E+01  0.1519521E+02  0.1633164E-02  0.8619249E-04 -0.3640046E+00
   06  0.1079365E+01  0.1519521E+02  0.1814654E-02  0.9576004E-04 -0.3640045E+00
   06  0.1087302E+01  0.1519521E+02  0.1996149E-02  0.1053257E-03 -0.3640045E+00
   06  0.1095238E+01  0.1519521E+02  0.2177650E-02  0.1148894E-03 -0.3640044E+00
   06  0.1103175E+01  0.1519521E+02  0.2359157E-02  0.1244512E-03 -0.3640043E+00
   06  0.1111111E+01  0.1519521E+02  0.2540669E-02  0.1340111E-03 -0.3640042E+00
   06  0.1119048E+01  0.1519521E+02  0.2722187E-02  0.1435691E-03 -0.3640041E+00
   06  0.1126984E+01  0.1519521E+02  0.2903711E-02  0.1531251E-03 -0.3640040E+00
   06  0.1134921E+01  0.1519521E+02  0.3085240E-02  0.1626791E-03 -0.3640040E+00
   06  0.1142857E+01  0.1519521E+02  0.3266775E-02  0.1722313E-03 -0.3640039E+00
   06  0.1150794E+01  0.1519521E+02  0.3448316E-02  0.1817815E-03 -0.3640038E+00
   06  0.1158730E+01  0.1519521E+02  0.3629862E-02  0.1913297E-03 -0.3640037E+00
   06  0.1166667E+01  0.1519521E+02  0.3811415E-02  0.2008759E-03 -0.3640037E+00
   06  0.1174603E+01  0.1519521E+02  0.3992973E-02  0.2104202E-03 -0.3640036E+00
   06  0.1182540E+01  0.1519521E+02  0.4174537E-02  0.2199625E-03 -0.3640035E+00
   06  0.1190476E+01  0.1519521E+02  0.4356106E-02  0.2295028E-03 -0.3640034E+00
   06  0.1198413E+01  0.1519521E+02  0.4537682E-02  0.2390411E-03 -0.3640033E+00
   06  0.1206349E+01  0.1519521E+02  0.4719263E-02  0.2485775E-03 -0.3640033E+00
   06  0.1214286E+01  0.1519521E+02  0.4900851E-02  0.2581118E-03 -0.3640032E+00
   06  0.1238095E+01  0.1519521E+02  0.5445641E-02  0.2867041E-03 -0.3640030E+00
   06  0.1261905E+01  0.1519521E+02  0.5990485E-02  0.3152781E-03 -0.3640028E+00
   06  0.1285714E+01  0.1519521E+02  0.6535383E-02  0.3438339E-03 -0.3640025E+00
   06  0.1309524E+01  0.1519521E+02  0.7080336E-02  0.3723713E-03 -0.3640023E+00
   06  0.1333333E+01  0.1519521E+02  0.7625344E-02  0.4008901E-03 -0.3640021E+00
   06  0.1357143E+01  0.1519521E+02  0.8170408E-02  0.4293904E-03 -0.3640019E+00
   06  0.1380952E+01  0.1519521E+02  0.8715527E-02  0.4578719E-03 -0.3640017E+00
   06  0.1404762E+01  0.1519521E+02  0.9260704E-02  0.4863347E-03 -0.3640015E+00
   06  0.1428571E+01  0.1519521E+02  0.9805937E-02  0.5147785E-03 -0.3640013E+00
   06  0.1452381E+01  0.1519521E+02  0.1035123E-01  0.5432034E-03 -0.3640012E+00
   06  0.1476190E+01  0.1519521E+02  0.1089658E-01  0.5716093E-03 -0.3640010E+00
   06  0.1500000E+01  0.1519521E+02  0.1144198E-01  0.5999961E-03 -0.3640008E+00
   06  0.1523810E+01  0.1519521E+02  0.1198745E-01  0.6283637E-03 -0.3640006E+00
   06  0.1547619E+01  0.1519521E+02  0.1253298E-01  0.6567122E-03 -0.3640005E+00
   06  0.1571429E+01  0.1519522E+02  0.1307856E-01  0.6850415E-03 -0.3640003E+00
   06  0.1595238E+01  0.1519522E+02  0.1362421E-01  0.7133515E-03 -0.3640001E+00
   06  0.1619048E+01  0.1519522E+02  0.1416991E-01  0.7416422E-03 -0.3640000E+00
   06  0.1642857E+01  0.1519522E+02  0.1471568E-01  0.7699136E-03 -0.3639999E+00
   06  0.1666667E+01  0.1519522E+02  0.1526151E-01  0.7981658E-03 -0.3639997E+00
   06  0.1690476E+01  0.1519522E+02  0.1580740E-01  0.8263986E-03 -0.3639996E+00
   06  0.1714286E+01  0.1519522E+02  0.1635335E-01  0.8546121E-03 -0.3639994E+00
   06  0.1738095E+01  0.1519522E+02  0.1689936E-01  0.8828063E-03 -0.3639993E+00
   06  0.1761905E+01  0.1519522E+02  0.1744544E-01  0.9109812E-03 -0.3639992E+00
   06  0.1785714E+01  0.1519522E+02  0.1799158E-01  0.9391369E-03 -0.3639991E+00
   06  0.1809524E+01  0.1519522E+02  0.1853778E-01  0.9672733E-03 -0.3639990E+00
   06  0.1833333E+01  0.1519522E+02  0.1908404E-01  0.9953905E-03 -0.3639989E+00
   06  0.1857143E+01  0.1519522E+02  0.1963037E-01  0.1023488E-02 -0.3639988E+00
   06  0.1952381E+01  0.1519522E+02  0.2181617E-01  0.1135699E-02 -0.3639984E+00
   06  0.2047619E+01  0.1519522E+02  0.2400300E-01  0.1247607E-02 -0.3639981E+00
   06  0.2142857E+01  0.1519522E+02  0.2619088E-01  0.1359215E-02 -0.3639979E+00
   06  0.2238095E+01  0.1519522E+02  0.2837982E-01  0.1470532E-02 -0.3639978E+00
   06  0.2333333E+01  0.1519522E+02  0.3056982E-01  0.1581566E-02 -0.3639977E+00
   06  0.2428571E+01  0.1519522E+02  0.3276089E-01  0.1692324E-02 -0.3639978E+00
   06  0.2523810E+01  0.1519522E+02  0.3495304E-01  0.1802818E-02 -0.3639979E+00
   06  0.2619048E+01  0.1519522E+02  0.3714626E-01  0.1913060E-02 -0.3639981E+00
   06  0.2714286E+01  0.1519522E+02  0.3934056E-01  0.2023063E-02 -0.3639984E+00
   06  0.2809524E+01  0.1519522E+02  0.4153593E-01  0.2132839E-02 -0.3639987E+00
   06  0.2904762E+01  0.1519522E+02  0.4373237E-01  0.2242405E-02 -0.3639992E+00
   06  0.1000000E+01  0.1519521E+02 -0.3756052E-15  0.4522956E-15 -0.3640054E+00
   06  0.1007937E+01  0.1519521E+02  0.1814410E-03  0.9584380E-05 -0.3640053E+00
   06  0.1015873E+01  0.1519521E+02  0.3628874E-03  0.1916692E-04 -0.3640052E+00
   06  0.1023810E+01  0.1519521E+02  0.5443391E-03  0.2874761E-04 -0.3640051E+00
   06  0.1031746E+01  0.1519521E+02  0.7257962E-03  0.3832644E-04 -0.3640050E+00
   06  0.1039683E+01  0.1519521E+02  0.9072588E-03  0.4790340E-04 -0.3640050E+00
   06  0.1047619E+01  0.1519521E+02  0.1088727E-02  0.5747850E-04 -0.3640049E+00
   06  0.1055556E+01  0.1519521E+02  0.1270200E-02  0.6705172E-04 -0.3640048E+00
   06  0.1063492E+01  0.1519521E+02  0.1451679E-02  0.7662305E-04 -0.3640047E+00
   06  0.1071429E+01  0.1519521E+02  0.1633164E-02  0.8619249E-04 -0.3640046E+00
   06  0.1079365E+01  0.1519521E+02  0.1814654E-02  0.9576004E-04 -0.3640045E+00
   06  0.1087302E+01  0.1519521E+02  0.1996149E-02  0.1053257E-03 -0.3640045E+00
   06  0.1095238E+01  0.1519521E+02  0.2177650E-02  0.1148894E-03 -0.3640044E+00
   06  0.1103175E+01  0.1519521E+02  0.2359157E-02  0.1244512E-03 -0.3640043E+00
   06  0.1111111E+01  0.1519521E+02  0.2540669E-02  0.1340111E-03 -0.3640042E+00
   06  0.1119048E+01  0.1519521E+02  0.2722187E-02  0.1435691E-03 -0.3640041E+00
   06  0.1126984E+01  0.1519521E+02  0.2903711E-02  0.1531251E-03 -0.3640040E+00
   06  0.1134921E+01  0.1519521E+02  0.3085240E-02  0.1626791E-03 -0.3640040E+00
   06  0.1142857E+01  0.1519521E+02  0.3266775E-02  0.1722313E-03 -0.3640039E+00
   06  0.1150794E+01  0.1519521E+02  0.3448316E-02  0.1817815E-03 -0.3640038E+00
   06  0.1158730E+01  0.1519521E+02  0.3629862E-02  0.1913297E-03 -0.3640037E+00
   06  0.1166667E+01  0.1519521E+02  0.3811415E-02  0.2008759E-03 -0.3640037E+00
   06  0.1174603E+01  0.1519521E+02  0.3992973E-02  0.2104202E-03 -0.3640036E+00
   06  0.1182540E+01  0.1519521E+02  0.4174537E-02  0.2199625E-03 -0.3640035E+00
   06  0.1190476E+01  0.1519521E+02  0.4356106E-02  0.2295028E-03 -0.3640034E+00
   06  0.1198413E+01  0.1519521E+02  0.4537682E-02  0.2390411E-03 -0.3640033E+00
   06  0.1206349E+01  0.1519521E+02  0.4719263E-02  0.2485775E-03 -0.3640033E+00
   06  0.1214286E+01  0.1519521E+02  0.4900851E-02  0.2581118E-03 -0.3640032E+00
   06  0.1238095E+01  0.1519521E+02  0.5445641E-02  0.2867041E-03 -0.3640030E+00
   06  0.1261905E+01  0.1519521E+02  0.5990485E-02  0.3152781E-03 -0.3640028E+00
   06  0.1285714E+01  0.1519521E+02  0.6535383E-02  0.3438339E-03 -0.3640025E+00
   06  0.1309524E+01  0.1519521E+02  0.7080336E-02  0.3723713E-03 -0.3640023E+00
   06  0.1333333E+01  0.1519521E+02  0.7625344E-02  0.4008901E-03 -0.3640021E+00
   06  0.1357143E+01  0.1519521E+02  0.8170408E-02  0.4293904E-03 -0.3640019E+00
   06  0.1380952E+01  0.1519521E+02  0.8715527E-02  0.4578719E-03 -0.3640017E+00
   06  0.1404762E+01  0.1519521E+02  0.9260704E-02  0.4863347E-03 -0.3640015E+00
   06  0.1428571E+01  0.1519521E+02  0.9805937E-02  0.5147785E-03 -0.3640013E+00
   06  0.1452381E+01  0.1519521E+02  0.1035123E-01  0.5432034E-03 -0.3640012E+00
   06  0.1476190E+01  0.1519521E+02  0.1089658E-01  0.5716093E-03 -0.3640010E+00
   06  0.1500000E+01  0.1519521E+02  0.1144198E-01  0.5999961E-03 -0.3640008E+00
   06  0.1523810E+01  0.1519521E+02  0.1198745E-01  0.6283637E-03 -0.3640006E+00
   06  0.1547619E+01  0.1519521E+02  0.1253298E-01  0.6567122E-03 -0.3640005E+00
   06  0.1571429E+01  0.1519522E+02  0.1307856E-01  0.6850415E-03 -0.3640003E+00
   06  0.1595238E+01  0.1519522E+02  0.1362421E-01  0.7133515E-03 -0.3640001E+00
   06  0.1619048E+01  0.1519522E+02  0.1416991E-01  0.7416422E-03 -0.3640000E+00
   06  0.1642857E+01  0.1519522E+02  0.1471568E-01  0.7699136E-03 -0.3639999E+00
   06  0.1666667E+01  0.1519522E+02  0.1526151E-01  0.7981658E-03 -0.3639997E+00
   06  0.1690476E+01  0.1519522E+02  0.1580740E-01  0.8263986E-03 -0.3639996E+00
   06  0.1714286E+01  0.1519522E+02  0.1635335E-01  0.8546121E-03 -0.3639994E+00
   06  0.1738095E+01  0.1519522E+02  0.1689936E-01  0.8828063E-03 -0.3639993E+00
   06  0.1761905E+01  0.1519522E+02  0.1744544E-01  0.9109812E-03 -0.3639992E+00
   06  0.1785714E+01  0.1519522E+02  0.1799158E-01  0.9391369E-03 -0.3639991E+00
   06  0.1809524E+01  0.1519522E+02  0.1853778E-01  0.9672733E-03 -0.3639990E+00
   06  0.1833333E+01  0.1519522E+02  0.1908404E-01  0.9953905E-03 -0.3639989E+00
   06  0.1857143E+01  0.1519522E+02  0.1963037E-01  0.1023488E-02 -0.3639988E+00
   06  0.1952381E+01  0.1519522E+02  0.2181617E-01  0.1135699E-02 -0.3639984E+00
   06  0.2047619E+01  0.1519522E+02  0.2400300E-01  0.1247607E-02 -0.3639981E+00
   06  0.2142857E+01  0.1519522E+02  0.2619088E-01  0.1359215E-02 -0.3639979E+00
   06  0.2238095E+01  0.1519522E+02  0.2837982E-01  0.1470532E-02 -0.3639978E+00
   06  0.2333333E+01  0.1519522E+02  0.3056982E-01  0.1581566E-02 -0.3639977E+00
   06  0.2428571E+01  0.1519522E+02  0.3276089E-01  0.1692324E-02 -0.3639978E+00
   06  0.2523810E+01  0.1519522E+02  0.3495304E-01  0.1802818E-02 -0.3639979E+00
   06  0.2619048E+01  0.1519522E+02  0.3714626E-01  0.1913060E-02 -0.3639981E+00
   06  0.2714286E+01  0.1519522E+02  0.3934056E-01  0.2023063E-02 -0.3639984E+00
   06  0.2809524E+01  0.1519522E+02  0.4153593E-01  0.2132839E-02 -0.3639987E+00
   06  0.2904762E+01  0.1519522E+02  0.4373237E-01  0.2242405E-02 -0.3639992E+00
   06  0.1000000E+01  0.1519521E+02 -0.3756052E-15  0.4522956E-15 -0.3640054E+00
   06  0.1007937E+01  0.1519521E+02  0.1814410E-03  0.9584380E-05 -0.3640053E+00
   06  0.1015873E+01  0.1519521E+02  0.3628874E-03  0.1916692E-04 -0.3640052E+00
   06  0.1023810E+01  0.1519521E+02  0.5443391E-03  0.2874761E-04 -0.3640051E+00
   06  0.1031746E+01  0.1519521E+02  0.7257962E-03  0.3832644E-04 -0.3640050E+00
   06  0.1039683E+01  0.1519521E+02  0.9072588E-03  0.4790340E-04 -0.3640050E+00
   06  0.1047619E+01  0.1519521E+02  0.1088727E-02  0.5747850E-04 -0.3640049E+00
   06  0.1055556E+01  0.1519521E+02  0.1270200E-02  0.6705172E-04 -0.3640048E+00
   06  0.1063492E+01  0.1519521E+02  0.1451679E-02  0.7662305E-04 -0.3640047E+00
   06  0.1071429E+01  0.1519521E+02  0.1633164E-02  0.8619249E-04 -0.3640046E+00
   06  0.1079365E+01  0.1519521E+02  0.1814654E-02  0.9576004E-04 -0.3640045E+00
   06  0.1087302E+01  0.1519521E+02  0.1996149E-02  0.1053257E-03 -0.3640045E+00
   06  0.1095238E+01  0.1519521E+02  0.2177650E-02  0.1148894E-03 -0.3640044E+00
   06  0.1103175E+01  0.1519521E+02  0.2359157E-02  0.1244512E-03 -0.3640043E+00
   06  0.1111111E+01  0.1519521E+02  0.2540669E-02  0.1340111E-03 -0.3640042E+00
   06  0.1119048E+01  0.1519521E+02  0.2722187E-02  0.1435691E-03 -0.3640041E+00
   06  0.1126984E+01  0.1519521E+02  0.2903711E-02  0.1531251E-03 -0.3640040E+00
   06  0.1134921E+01  0.1519521E+02  0.3085240E-02  0.1626791E-03 -0.3640040E+00
   06  0.1142857E+01  0.1519521E+02  0.3266775E-02  0.1722313E-03 -0.3640039E+00
   06  0.1150794E+01  0.1519521E+02  0.3448316E-02  0.1817815E-03 -0.3640038E+00
   06  0.1158730E+01  0.1519521E+02  0.3629862E-02  0.1913297E-03 -0.3640037E+00
   06  0.1166667E+01  0.1519521E+02  0.3811415E-02  0.2008759E-03 -0.3640037E+00
   06  0.1174603E+01  0.1519521E+02  0.3992973E-02  0.2104202E-03 -0.3640036E+00
   06  0.1182540E+01  0.1519521E+02  0.4174537E-02  0.2199625E-03 -0.3640035E+00
   06  0.1190476E+01  0.1519521E+02  0.4356106E-02  0.2295028E-03 -0.3640034E+00
   06  0.1198413E+01  0.1519521E+02  0.4537682E-02  0.2390411E-03 -0.3640033E+00
   06  0.1206349E+01  0.1519521E+02  0.4719263E-02  0.2485775E-03 -0.3640033E+00
   06  0.1214286E+01  0.1519521E+02  0.4900851E-02  0.2581118E-03 -0.3640032E+00
   06  0.1238095E+01  0.1519521E+02  0.5445641E-02  0.2867041E-03 -0.3640030E+00
   06  0.1261905E+01  0.1519521E+02  0.5990485E-02  0.3152781E-03 -0.3640028E+00
   06  0.1285714E+01  0.1519521E+02  0.6535383E-02  0.3438339E-03 -0.3640025E+00
   06  0.1309524E+01  0.1519521E+02  0.7080336E-02  0.3723713E-03 -0.3640023E+00
   06  0.1333333E+01  0.1519521E+02  0.7625344E-02  0.4008901E-03 -0.3640021E+00
   06  0.1357143E+01  0.1519521E+02  0.8170408E-02  0.4293904E-03 -0.3640019E+00
   06  0.1380952E+01  0.1519521E+02  0.8715527E-02  0.4578719E-03 -0.3640017E+00
   06  0.1404762E+01  0.1519521E+02  0.9260704E-02  0.4863347E-03 -0.3640015E+00
   06  0.1428571E+01  0.1519521E+02  0.9805937E-02  0.5147785E-03 -0.3640013E+00
   06  0.1452381E+01  0.1519521E+02  0.1035123E-01  0.5432034E-03 -0.3640012E+00
   06  0.1476190E+01  0.1519521E+02  0.1089658E-01  0.5716093E-03 -0.3640010E+00
   06  0.1500000E+01  0.1519521E+02  0.1144198E-01  0.5999961E-03 -0.3640008E+00
   06  0.1523810E+01  0.1519521E+02  0.1198745E-01  0.6283637E-03 -0.3640006E+00
   06  0.1547619E+01  0.1519521E+02  0.1253298E-01  0.6567122E-03 -0.3640005E+00
   06  0.1571429E+01  0.1519522E+02  0.1307856E-01  0.6850415E-03 -0.3640003E+00
   06  0.1595238E+01  0.1519522E+02  0.1362421E-01  0.7133515E-03 -0.3640001E+00
   06  0.1619048E+01  0.1519522E+02  0.1416991E-01  0.7416422E-03 -0.3640000E+00
   06  0.1642857E+01  0.1519522E+02  0.1471568E-01  0.7699136E-03 -0.3639999E+00
   06  0.1666667E+01  0.1519522E+02  0.1526151E-01  0.7981658E-03 -0.3639997E+00
   06  0.1690476E+01  0.1519522E+02  0.1580740E-01  0.8263986E-03 -0.3639996E+00
   06  0.1714286E+01  0.1519522E+02  0.1635335E-01  0.8546121E-03 -0.3639994E+00
   06  0.1738095E+01  0.1519522E+02  0.1689936E-01  0.8828063E-03 -0.3639993E+00
   06  0.1761905E+01  0.1519522E+02  0.1744544E-01  0.9109812E-03 -0.3639992E+00
   06  0.1785714E+01  0.1519522E+02  0.1799158E-01  0.9391369E-03 -0.3639991E+00
   06  0.1809524E+01  0.1519522E+02  0.1853778E-01  0.9672733E-03 -0.3639990E+00
   06  0.1833333E+01  0.1519522E+02  0.1908404E-01  0.9953905E-03 -0.3639989E+00
   06  0.1857143E+01  0.1519522E+02  0.1963037E-01  0.1023488E-02 -0.3639988E+00
   06  0.1952381E+01  0.1519522E+02  0.2181617E-01  0.1135699E-02 -0.3639984E+00
   06  0.2047619E+01  0.1519522E+02  0.2400300E-01  0.1247607E-02 -0.3639981E+00
   06  0.2142857E+01  0.1519522E+02  0.2619088E-01  0.1359215E-02 -0.3639979E+00
   06  0.2238095E+01  0.1519522E+02  0.2837982E-01  0.1470532E-02 -0.3639978E+00
   06  0.2333333E+01  0.1519522E+02  0.3056982E-01  0.1581566E-02 -0.3639977E+00
   06  0.2428571E+01  0.1519522E+02  0.3276089E-01  0.1692324E-02 -0.3639978E+00
   06  0.2523810E+01  0.1519522E+02  0.3495304E-01  0.1802818E-02 -0.3639979E+00
   06  0.2619048E+01  0.1519522E+02  0.3714626E-01  0.1913060E-02 -0.3639981E+00
   06  0.2714286E+01  0.1519522E+02  0.3934056E-01  0.2023063E-02 -0.3639984E+00
   06  0.2809524E+01  0.1519522E+02  0.4153593E-01  0.2132839E-02 -0.3639987E+00
   06  0.2904762E+01  0.1519522E+02  0.4373237E-01  0.2242405E-02 -0.3639992E+00
