# gauge_id= 506 location=( -0.1253000000E+03  0.4150000000E+02 ) num_var=  4
# Stationary gauge
# level, time, q[  1  2  3], eta, aux[]
# file format ascii, time series follow in this file
   02  0.0000000E+00  0.3126981E+04  0.0000000E+00  0.0000000E+00  0.0000000E+00
   02  0.0000000E+00  0.3126981E+04  0.0000000E+00  0.0000000E+00  0.0000000E+00
   02  0.0000000E+00  0.3126981E+04  0.0000000E+00  0.0000000E+00  0.0000000E+00
   02  0.0000000E+00  0.3126981E+04  0.0000000E+00  0.0000000E+00  0.0000000E+00
   02  0.0000000E+00  0.3126981E+04  0.0000000E+00  0.0000000E+00  0.0000000E+00
   02  0.1000000E+01  0.3126981E+04 -0.2358721E-13  0.5426062E-14  0.2029517E+00
   02  0.1285714E+01  0.3126984E+04 -0.3763188E+00 -0.4690148E-02  0.2052629E+00
   02  0.1571429E+01  0.3126986E+04 -0.7536875E+00 -0.1032142E-01  0.2075782E+00
   02  0.1857143E+01  0.3126988E+04 -0.1132090E+01 -0.1687109E-01  0.2098973E+00
   02  0.2142857E+01  0.3126991E+04 -0.1511514E+01 -0.2431944E-01  0.2122202E+00
   02  0.2428571E+01  0.3126993E+04 -0.1891946E+01 -0.3264935E-01  0.2145466E+00
   02  0.2714286E+01  0.3126995E+04 -0.2273376E+01 -0.4184574E-01  0.2168765E+00
   02  0.1000000E+01  0.3126981E+04 -0.2358721E-13  0.5426062E-14  0.2029517E+00
   02  0.1285714E+01  0.3126984E+04 -0.3763188E+00 -0.4690148E-02  0.2052629E+00
   02  0.1571429E+01  0.3126986E+04 -0.7536875E+00 -0.1032142E-01  0.2075782E+00
   02  0.1857143E+01  0.3126988E+04 -0.1132090E+01 -0.1687109E-01  0.2098973E+00
   02  0.2142857E+01  0.3126991E+04 -0.1511514E+01 -0.2431944E-01  0.2122202E+00
   02  0.2428571E+01  0.3126993E+04 -0.1891946E+01 -0.3264935E-01  0.2145466E+00
   02  0.2714286E+01  0.3126995E+04 -0.2273376E+01 -0.4184574E-01  0.2168765E+00
   02  0.1000000E+01  0.3126981E+04 -0.2358721E-13  0.5426062E-14  0.2029517E+00
   02  0.1285714E+01  0.3126984E+04 -0.3763188E+00 -0.4690148E-02  0.2052629E+00
   02  0.1571429E+01  0.3126986E+04 -0.7536875E+00 -0.1032142E-01  0.2075782E+00
   02  0.1857143E+01  0.3126988E+04 -0.1132090E+01 -0.1687109E-01  0.2098973E+00
   02  0.2142857E+01  0.3126991E+04 -0.1511514E+01 -0.2431944E-01  0.2122202E+00
   02  0.2428571E+01  0.3126993E+04 -0.1891946E+01 -0.3264935E-01  0.2145466E+00
   02  0.2714286E+01  0.3126995E+04 -0.2273376E+01 -0.4184574E-01  0.2168765E+00
   02  0.1000000E+01  0.3126981E+04 -0.2358721E-13  0.5426062E-14  0.2029517E+00
   02  0.1285714E+01  0.3126984E+04 -0.3763188E+00 -0.4690148E-02  0.2052629E+00
   02  0.1571429E+01  0.3126986E+04 -0.7536875E+00 -0.1032142E-01  0.2075782E+00
   02  0.1857143E+01  0.3126988E+04 -0.1132090E+01 -0.1687109E-01  0.2098973E+00
   02  0.2142857E+01  0.3126991E+04 -0.1511514E+01 -0.2431944E-01  0.2122202E+00
   02  0.2428571E+01  0.3126993E+04 -0.1891946E+01 -0.3264935E-01  0.2145466E+00
   02  0.2714286E+01  0.3126995E+04 -0.2273376E+01 -0.4184574E-01  0.2168765E+00
   02  0.1000000E+01  0.3126981E+04 -0.2358721E-13  0.5426062E-14  0.2029517E+00
   02  0.1285714E+01  0.3126984E+04 -0.3763188E+00 -0.4690148E-02  0.2052629E+00
   02  0.1571429E+01  0.3126986E+04 -0.7536875E+00 -0.1032142E-01  0.2075782E+00
   02  0.1857143E+01  0.3126988E+04 -0.1132090E+01 -0.1687109E-01  0.2098973E+00
   02  0.2142857E+01  0.3126991E+04 -0.1511514E+01 -0.2431944E-01  0.2122202E+00
   02  0.2428571E+01  0.3126993E+04 -0.1891946E+01 -0.3264935E-01  0.2145466E+00
   02  0.2714286E+01  0.3126995E+04 -0.2273376E+01 -0.4184574E-01  0.2168765E+00
