# gauge_id= 505 location=( -0.1251000000E+03  0.4150000000E+02 ) num_var=  4
# Stationary gauge
# level, time, q[  1  2  3], eta, aux[]
# file format ascii, time series follow in this file
   02  0.0000000E+00  0.2436365E+04  0.0000000E+00  0.0000000E+00  0.0000000E+00
   02  0.0000000E+00  0.2436365E+04  0.0000000E+00  0.0000000E+00  0.0000000E+00
   02  0.0000000E+00  0.2436365E+04  0.0000000E+00  0.0000000E+00  0.0000000E+00
   02  0.0000000E+00  0.2436365E+04  0.0000000E+00  0.0000000E+00  0.0000000E+00
   02  0.0000000E+00  0.2436365E+04  0.0000000E+00  0.0000000E+00  0.0000000E+00
   02  0.1000000E+01  0.2436365E+04  0.6962816E-14 -0.9739722E-13  0.2382887E+01
   02  0.1285714E+01  0.2436362E+04 -0.9910013E+00 -0.4432537E+00  0.2379924E+01
   02  0.1571429E+01  0.2436359E+04 -0.1977543E+01 -0.8850487E+00  0.2376958E+01
   02  0.1857143E+01  0.2436356E+04 -0.2959672E+01 -0.1325383E+01  0.2373991E+01
   02  0.2142857E+01  0.2436353E+04 -0.3937399E+01 -0.1764257E+01  0.2371021E+01
   02  0.2428571E+01  0.2436350E+04 -0.4910736E+01 -0.2201668E+01  0.2368049E+01
   02  0.2714286E+01  0.2436347E+04 -0.5879693E+01 -0.2637616E+01  0.2365076E+01
   02  0.1000000E+01  0.2436365E+04  0.6962816E-14 -0.9739722E-13  0.2382887E+01
   02  0.1285714E+01  0.2436362E+04 -0.9910013E+00 -0.4432537E+00  0.2379924E+01
   02  0.1571429E+01  0.2436359E+04 -0.1977543E+01 -0.8850487E+00  0.2376958E+01
   02  0.1857143E+01  0.2436356E+04 -0.2959672E+01 -0.1325383E+01  0.2373991E+01
   02  0.2142857E+01  0.2436353E+04 -0.3937399E+01 -0.1764257E+01  0.2371021E+01
   02  0.2428571E+01  0.2436350E+04 -0.4910736E+01 -0.2201668E+01  0.2368049E+01
   02  0.2714286E+01  0.2436347E+04 -0.5879693E+01 -0.2637616E+01  0.2365076E+01
   02  0.1000000E+01  0.2436365E+04  0.6962816E-14 -0.9739722E-13  0.2382887E+01
   02  0.1285714E+01  0.2436362E+04 -0.9910013E+00 -0.4432537E+00  0.2379924E+01
   02  0.1571429E+01  0.2436359E+04 -0.1977543E+01 -0.8850487E+00  0.2376958E+01
   02  0.1857143E+01  0.2436356E+04 -0.2959672E+01 -0.1325383E+01  0.2373991E+01
   02  0.2142857E+01  0.2436353E+04 -0.3937399E+01 -0.1764257E+01  0.2371021E+01
   02  0.2428571E+01  0.2436350E+04 -0.4910736E+01 -0.2201668E+01  0.2368049E+01
   02  0.2714286E+01  0.2436347E+04 -0.5879693E+01 -0.2637616E+01  0.2365076E+01
   02  0.1000000E+01  0.2436365E+04  0.6962816E-14 -0.9739722E-13  0.2382887E+01
   02  0.1285714E+01  0.2436362E+04 -0.9910013E+00 -0.4432537E+00  0.2379924E+01
   02  0.1571429E+01  0.2436359E+04 -0.1977543E+01 -0.8850487E+00  0.2376958E+01
   02  0.1857143E+01  0.2436356E+04 -0.2959672E+01 -0.1325383E+01  0.2373991E+01
   02  0.2142857E+01  0.2436353E+04 -0.3937399E+01 -0.1764257E+01  0.2371021E+01
   02  0.2428571E+01  0.2436350E+04 -0.4910736E+01 -0.2201668E+01  0.2368049E+01
   02  0.2714286E+01  0.2436347E+04 -0.5879693E+01 -0.2637616E+01  0.2365076E+01
   02  0.1000000E+01  0.2436365E+04  0.6962816E-14 -0.9739722E-13  0.2382887E+01
   02  0.1285714E+01  0.2436362E+04 -0.9910013E+00 -0.4432537E+00  0.2379924E+01
   02  0.1571429E+01  0.2436359E+04 -0.1977543E+01 -0.8850487E+00  0.2376958E+01
   02  0.1857143E+01  0.2436356E+04 -0.2959672E+01 -0.1325383E+01  0.2373991E+01
   02  0.2142857E+01  0.2436353E+04 -0.3937399E+01 -0.1764257E+01  0.2371021E+01
   02  0.2428571E+01  0.2436350E+04 -0.4910736E+01 -0.2201668E+01  0.2368049E+01
   02  0.2714286E+01  0.2436347E+04 -0.5879693E+01 -0.2637616E+01  0.2365076E+01
