# gauge_id= 307 location=( -0.1242050000E+03  0.4176625000E+02 ) num_var=  4
# Stationary gauge
# level, time, q[  1  2  3], eta, aux[]
# file format ascii, time series follow in this file
   04  0.0000000E+00  0.1212376E+02  0.0000000E+00  0.0000000E+00  0.0000000E+00
   04  0.1000000E+01  0.1212376E+02 -0.5504518E-16  0.1491371E-15  0.7562700E+00
   04  0.1015873E+01  0.1212376E+02  0.3487414E-03 -0.6648622E-05  0.7562706E+00
   04  0.1031746E+01  0.1212376E+02  0.6974809E-03 -0.1329812E-04  0.7562711E+00
   04  0.1047619E+01  0.1212376E+02  0.1046219E-02 -0.1994848E-04  0.7562717E+00
   04  0.1063492E+01  0.1212376E+02  0.1394955E-02 -0.2659971E-04  0.7562722E+00
   04  0.1079365E+01  0.1212376E+02  0.1743689E-02 -0.3325179E-04  0.7562727E+00
   04  0.1095238E+01  0.1212376E+02  0.2092421E-02 -0.3990472E-04  0.7562733E+00
   04  0.1111111E+01  0.1212376E+02  0.2441151E-02 -0.4655849E-04  0.7562738E+00
   04  0.1126984E+01  0.1212376E+02  0.2789879E-02 -0.5321309E-04  0.7562744E+00
   04  0.1142857E+01  0.1212376E+02  0.3138606E-02 -0.5986852E-04  0.7562749E+00
   04  0.1158730E+01  0.1212376E+02  0.3487331E-02 -0.6652476E-04  0.7562755E+00
   04  0.1174603E+01  0.1212377E+02  0.3836053E-02 -0.7318182E-04  0.7562761E+00
   04  0.1190476E+01  0.1212377E+02  0.4184774E-02 -0.7983968E-04  0.7562766E+00
   04  0.1206349E+01  0.1212377E+02  0.4533493E-02 -0.8649834E-04  0.7562772E+00
   04  0.1222222E+01  0.1212377E+02  0.4882210E-02 -0.9315779E-04  0.7562777E+00
   04  0.1238095E+01  0.1212377E+02  0.5230925E-02 -0.9981802E-04  0.7562783E+00
   04  0.1253968E+01  0.1212377E+02  0.5579638E-02 -0.1064790E-03  0.7562789E+00
   04  0.1269841E+01  0.1212377E+02  0.5928350E-02 -0.1131408E-03  0.7562794E+00
   04  0.1285714E+01  0.1212377E+02  0.6277059E-02 -0.1198033E-03  0.7562800E+00
   04  0.1301587E+01  0.1212377E+02  0.6625766E-02 -0.1264666E-03  0.7562806E+00
   04  0.1317460E+01  0.1212377E+02  0.6974471E-02 -0.1331307E-03  0.7562812E+00
   04  0.1333333E+01  0.1212377E+02  0.7323175E-02 -0.1397954E-03  0.7562817E+00
   04  0.1349206E+01  0.1212377E+02  0.7671876E-02 -0.1464609E-03  0.7562823E+00
   04  0.1365079E+01  0.1212377E+02  0.8020575E-02 -0.1531272E-03  0.7562829E+00
   04  0.1380952E+01  0.1212377E+02  0.8369272E-02 -0.1597941E-03  0.7562835E+00
   04  0.1396825E+01  0.1212377E+02  0.8717967E-02 -0.1664618E-03  0.7562841E+00
   04  0.1412698E+01  0.1212377E+02  0.9066661E-02 -0.1731301E-03  0.7562847E+00
   04  0.1428571E+01  0.1212377E+02  0.9415352E-02 -0.1797992E-03  0.7562853E+00
   04  0.1476190E+01  0.1212378E+02  0.1046141E-01 -0.1998140E-03  0.7562870E+00
   04  0.1523810E+01  0.1212378E+02  0.1150744E-01 -0.2198349E-03  0.7562888E+00
   04  0.1571429E+01  0.1212378E+02  0.1255346E-01 -0.2398615E-03  0.7562906E+00
   04  0.1619048E+01  0.1212378E+02  0.1359946E-01 -0.2598938E-03  0.7562925E+00
   04  0.1666667E+01  0.1212378E+02  0.1464544E-01 -0.2799315E-03  0.7562943E+00
   04  0.1714286E+01  0.1212379E+02  0.1569140E-01 -0.2999743E-03  0.7562962E+00
   04  0.1761905E+01  0.1212379E+02  0.1673734E-01 -0.3200222E-03  0.7562981E+00
   04  0.1809524E+01  0.1212379E+02  0.1778326E-01 -0.3400749E-03  0.7563000E+00
   04  0.1857143E+01  0.1212379E+02  0.1882916E-01 -0.3601322E-03  0.7563019E+00
   04  0.1904762E+01  0.1212379E+02  0.1987504E-01 -0.3801939E-03  0.7563039E+00
   04  0.1952381E+01  0.1212379E+02  0.2092089E-01 -0.4002597E-03  0.7563058E+00
   04  0.2000000E+01  0.1212380E+02  0.2196673E-01 -0.4203295E-03  0.7563078E+00
   04  0.5727919E+01  0.1212400E+02  0.1037301E+00 -0.2016295E-02  0.7565062E+00
   04  0.9455838E+01  0.1212430E+02  0.1852963E+00 -0.3551124E-02  0.7568130E+00
   04  0.1318376E+02  0.1212472E+02  0.2665505E+00 -0.4907706E-02  0.7572275E+00
   04  0.1691168E+02  0.1212524E+02  0.3473860E+00 -0.5972418E-02  0.7577490E+00
   04  0.2063960E+02  0.1212587E+02  0.4277020E+00 -0.6735714E-02  0.7583766E+00
   04  0.2436752E+02  0.1212659E+02  0.5074028E+00 -0.7190190E-02  0.7591039E+00
   04  0.2809543E+02  0.1212742E+02  0.5863971E+00 -0.7273149E-02  0.7599293E+00
   04  0.3182335E+02  0.1212834E+02  0.6645966E+00 -0.6950942E-02  0.7608480E+00
   04  0.3555127E+02  0.1212935E+02  0.7419193E+00 -0.6215556E-02  0.7618586E+00
   04  0.3927919E+02  0.1213044E+02  0.8182868E+00 -0.5085594E-02  0.7629478E+00
   04  0.4300711E+02  0.1213158E+02  0.8936260E+00 -0.3527267E-02  0.7640942E+00
   04  0.4673503E+02  0.1213279E+02  0.9678743E+00 -0.1522866E-02  0.7652968E+00
   04  0.5046295E+02  0.1213404E+02  0.1040970E+01  0.8615707E-03  0.7665485E+00
   04  0.5419087E+02  0.1213533E+02  0.1112855E+01  0.3560990E-02  0.7678389E+00
   04  0.5791879E+02  0.1213665E+02  0.1183483E+01  0.6493493E-02  0.7691584E+00
   04  0.6164671E+02  0.1213798E+02  0.1252815E+01  0.9605813E-02  0.7704958E+00
   04  0.6537463E+02  0.1213933E+02  0.1320824E+01  0.1283623E-01  0.7718381E+00
   04  0.6910255E+02  0.1214066E+02  0.1387485E+01  0.1610043E-01  0.7731735E+00
   04  0.7283047E+02  0.1214198E+02  0.1452780E+01  0.1931471E-01  0.7744904E+00
   04  0.7655838E+02  0.1214327E+02  0.1516692E+01  0.2239711E-01  0.7757772E+00
   04  0.8028630E+02  0.1214451E+02  0.1579209E+01  0.2526684E-01  0.7770227E+00
   04  0.8401422E+02  0.1214570E+02  0.1640319E+01  0.2784027E-01  0.7782158E+00
   04  0.8774214E+02  0.1214684E+02  0.1700015E+01  0.3011066E-01  0.7793521E+00
   04  0.9147006E+02  0.1214792E+02  0.1758291E+01  0.3212544E-01  0.7804323E+00
   04  0.9445240E+02  0.1214874E+02  0.1803859E+01  0.3351579E-01  0.7812528E+00
   04  0.9743473E+02  0.1214952E+02  0.1848514E+01  0.3469579E-01  0.7820292E+00
   04  0.1004171E+03  0.1215025E+02  0.1892253E+01  0.3564508E-01  0.7827579E+00
   04  0.1033994E+03  0.1215092E+02  0.1935078E+01  0.3634363E-01  0.7834356E+00
   04  0.1063817E+03  0.1215155E+02  0.1976889E+01  0.3677712E-01  0.7840595E+00
   04  0.1093641E+03  0.1215212E+02  0.2017799E+01  0.3693149E-01  0.7846272E+00
   04  0.1123464E+03  0.1215263E+02  0.2057812E+01  0.3679770E-01  0.7851371E+00
   04  0.1153287E+03  0.1215308E+02  0.2096921E+01  0.3636533E-01  0.7855875E+00
   04  0.1183111E+03  0.1215347E+02  0.2135147E+01  0.3563000E-01  0.7859769E+00
   04  0.1212934E+03  0.1215379E+02  0.2172489E+01  0.3458443E-01  0.7863032E+00
   04  0.1242758E+03  0.1215405E+02  0.2208952E+01  0.3322373E-01  0.7865648E+00
   04  0.1272581E+03  0.1215425E+02  0.2244543E+01  0.3154519E-01  0.7867606E+00
   04  0.1302404E+03  0.1215438E+02  0.2279275E+01  0.2954278E-01  0.7868903E+00
   04  0.1332228E+03  0.1215444E+02  0.2313040E+01  0.2717761E-01  0.7869517E+00
   04  0.1362051E+03  0.1215443E+02  0.2345987E+01  0.2446075E-01  0.7869450E+00
   04  0.1391874E+03  0.1215436E+02  0.2378136E+01  0.2139382E-01  0.7868711E+00
   04  0.1421698E+03  0.1215422E+02  0.2409509E+01  0.1797811E-01  0.7867313E+00
   04  0.1451521E+03  0.1215402E+02  0.2440128E+01  0.1421524E-01  0.7865273E+00
   04  0.1481344E+03  0.1215375E+02  0.2470020E+01  0.1010710E-01  0.7862612E+00
   04  0.1511168E+03  0.1215342E+02  0.2499211E+01  0.5655840E-02  0.7859352E+00
   04  0.1540991E+03  0.1215304E+02  0.2527730E+01  0.8638600E-03  0.7855521E+00
   04  0.1570814E+03  0.1215260E+02  0.2555608E+01 -0.4266245E-02  0.7851149E+00
   04  0.1600638E+03  0.1215212E+02  0.2582874E+01 -0.9731737E-02  0.7846264E+00
   04  0.1630461E+03  0.1215158E+02  0.2609560E+01 -0.1552994E-01  0.7840898E+00
   04  0.1660284E+03  0.1215100E+02  0.2635695E+01 -0.2165105E-01  0.7835092E+00
   04  0.1690108E+03  0.1215038E+02  0.2661310E+01 -0.2808290E-01  0.7828890E+00
   04  0.1719931E+03  0.1214972E+02  0.2686433E+01 -0.3482206E-01  0.7822320E+00
   04  0.1749755E+03  0.1214903E+02  0.2711095E+01 -0.4186365E-01  0.7815413E+00
   04  0.1779578E+03  0.1214831E+02  0.2735322E+01 -0.4920133E-01  0.7808197E+00
   04  0.1809401E+03  0.1214756E+02  0.2759143E+01 -0.5682720E-01  0.7800703E+00
   04  0.1824313E+03  0.1214718E+02  0.2770948E+01 -0.6075685E-01  0.7796863E+00
   04  0.1839225E+03  0.1214679E+02  0.2782660E+01 -0.6475049E-01  0.7792966E+00
   04  0.1854136E+03  0.1214639E+02  0.2794284E+01 -0.6880652E-01  0.7789017E+00
   04  0.1869048E+03  0.1214599E+02  0.2805821E+01 -0.7292336E-01  0.7785020E+00
   04  0.1883960E+03  0.1214559E+02  0.2817275E+01 -0.7709939E-01  0.7780977E+00
   04  0.1898871E+03  0.1214518E+02  0.2828650E+01 -0.8133295E-01  0.7776893E+00
   04  0.1913783E+03  0.1214477E+02  0.2839947E+01 -0.8561154E-01  0.7772779E+00
   04  0.1928695E+03  0.1214435E+02  0.2851170E+01 -0.8994239E-01  0.7768631E+00
   04  0.1943606E+03  0.1214393E+02  0.2862324E+01 -0.9432429E-01  0.7764453E+00
   04  0.1958518E+03  0.1214351E+02  0.2873412E+01 -0.9875611E-01  0.7760249E+00
   04  0.1973430E+03  0.1214309E+02  0.2884435E+01 -0.1032356E+00  0.7756021E+00
   04  0.1988341E+03  0.1214267E+02  0.2895395E+01 -0.1077604E+00  0.7751772E+00
   04  0.2003253E+03  0.1214224E+02  0.2906295E+01 -0.1123283E+00  0.7747503E+00
   04  0.2018165E+03  0.1214181E+02  0.2917136E+01 -0.1169367E+00  0.7743216E+00
   04  0.2033076E+03  0.1214138E+02  0.2927920E+01 -0.1215832E+00  0.7738914E+00
   04  0.2047988E+03  0.1214095E+02  0.2938648E+01 -0.1262687E+00  0.7734600E+00
   04  0.2062900E+03  0.1214052E+02  0.2949323E+01 -0.1310015E+00  0.7730286E+00
   04  0.2077811E+03  0.1214009E+02  0.2959942E+01 -0.1357799E+00  0.7725972E+00
   04  0.2092723E+03  0.1213966E+02  0.2970509E+01 -0.1405999E+00  0.7721660E+00
   04  0.2107635E+03  0.1213922E+02  0.2981026E+01 -0.1454585E+00  0.7717351E+00
   04  0.2122546E+03  0.1213879E+02  0.2991492E+01 -0.1503529E+00  0.7713046E+00
   04  0.2137458E+03  0.1213836E+02  0.3001910E+01 -0.1552799E+00  0.7708745E+00
   04  0.2152370E+03  0.1213793E+02  0.3012281E+01 -0.1602365E+00  0.7704450E+00
   04  0.2167281E+03  0.1213751E+02  0.3022605E+01 -0.1652195E+00  0.7700161E+00
   04  0.2182193E+03  0.1213708E+02  0.3032884E+01 -0.1702255E+00  0.7695880E+00
   04  0.2197105E+03  0.1213665E+02  0.3043118E+01 -0.1752509E+00  0.7691606E+00
   04  0.2212017E+03  0.1213622E+02  0.3053308E+01 -0.1802924E+00  0.7687341E+00
   04  0.2226928E+03  0.1213580E+02  0.3063456E+01 -0.1853463E+00  0.7683085E+00
   04  0.2241840E+03  0.1213537E+02  0.3073561E+01 -0.1904088E+00  0.7678839E+00
   04  0.2256752E+03  0.1213495E+02  0.3083624E+01 -0.1954765E+00  0.7674602E+00
   04  0.2271663E+03  0.1213453E+02  0.3093646E+01 -0.2005454E+00  0.7670376E+00
   04  0.2286575E+03  0.1213410E+02  0.3103628E+01 -0.2056120E+00  0.7666159E+00
   04  0.2301487E+03  0.1213368E+02  0.3113569E+01 -0.2106724E+00  0.7661953E+00
   04  0.2316398E+03  0.1213326E+02  0.3123471E+01 -0.2157228E+00  0.7657757E+00
   04  0.2331310E+03  0.1213285E+02  0.3133333E+01 -0.2207593E+00  0.7653571E+00
   04  0.2346222E+03  0.1213243E+02  0.3143155E+01 -0.2257781E+00  0.7649393E+00
   04  0.2361133E+03  0.1213201E+02  0.3152943E+01 -0.2307753E+00  0.7645228E+00
   04  0.2376045E+03  0.1213160E+02  0.3162701E+01 -0.2357469E+00  0.7641078E+00
   04  0.2390957E+03  0.1213118E+02  0.3172433E+01 -0.2406886E+00  0.7636946E+00
   04  0.2405868E+03  0.1213077E+02  0.3182145E+01 -0.2455961E+00  0.7632834E+00
   04  0.2420780E+03  0.1213036E+02  0.3191842E+01 -0.2504647E+00  0.7628746E+00
   04  0.2435692E+03  0.1212996E+02  0.3201532E+01 -0.2552899E+00  0.7624687E+00
   04  0.2450603E+03  0.1212956E+02  0.3211224E+01 -0.2600669E+00  0.7620661E+00
   04  0.2465515E+03  0.1212915E+02  0.3220861E+01 -0.2647936E+00  0.7616625E+00
   04  0.2480427E+03  0.1212875E+02  0.3230438E+01 -0.2694704E+00  0.7612576E+00
   04  0.2495338E+03  0.1212834E+02  0.3239955E+01 -0.2740944E+00  0.7608512E+00
   04  0.2510250E+03  0.1212793E+02  0.3249411E+01 -0.2786625E+00  0.7604432E+00
   04  0.2525162E+03  0.1212752E+02  0.3258806E+01 -0.2831718E+00  0.7600335E+00
   04  0.2540073E+03  0.1212711E+02  0.3268140E+01 -0.2876194E+00  0.7596220E+00
   04  0.2554985E+03  0.1212670E+02  0.3277412E+01 -0.2920025E+00  0.7592084E+00
   04  0.2569897E+03  0.1212628E+02  0.3286623E+01 -0.2963185E+00  0.7587927E+00
   04  0.2584808E+03  0.1212586E+02  0.3295772E+01 -0.3005646E+00  0.7583748E+00
   04  0.2599720E+03  0.1212544E+02  0.3304859E+01 -0.3047381E+00  0.7579546E+00
   04  0.2614632E+03  0.1212502E+02  0.3313884E+01 -0.3088366E+00  0.7575319E+00
   04  0.2629543E+03  0.1212460E+02  0.3322847E+01 -0.3128575E+00  0.7571067E+00
   04  0.2644455E+03  0.1212417E+02  0.3331731E+01 -0.3167980E+00  0.7566774E+00
   04  0.2659367E+03  0.1212373E+02  0.3340534E+01 -0.3206556E+00  0.7562436E+00
   04  0.2674278E+03  0.1212330E+02  0.3349254E+01 -0.3244425E+00  0.7558064E+00
   04  0.2689190E+03  0.1212285E+02  0.3357890E+01 -0.3281584E+00  0.7553657E+00
   04  0.2704102E+03  0.1212241E+02  0.3366441E+01 -0.3318000E+00  0.7549213E+00
   04  0.2719014E+03  0.1212196E+02  0.3374905E+01 -0.3353644E+00  0.7544727E+00
   04  0.2733925E+03  0.1212151E+02  0.3383281E+01 -0.3388482E+00  0.7540197E+00
   04  0.2748837E+03  0.1212105E+02  0.3391567E+01 -0.3422483E+00  0.7535620E+00
   04  0.2763749E+03  0.1212059E+02  0.3399763E+01 -0.3455616E+00  0.7530991E+00
   04  0.2778660E+03  0.1212012E+02  0.3407866E+01 -0.3487850E+00  0.7526309E+00
   04  0.2793572E+03  0.1211965E+02  0.3415875E+01 -0.3519158E+00  0.7521568E+00
   04  0.2808484E+03  0.1211917E+02  0.3423789E+01 -0.3549509E+00  0.7516767E+00
   04  0.2823395E+03  0.1211868E+02  0.3431604E+01 -0.3578879E+00  0.7511900E+00
   04  0.2838307E+03  0.1211819E+02  0.3439320E+01 -0.3607242E+00  0.7506965E+00
   04  0.2853219E+03  0.1211768E+02  0.3446933E+01 -0.3634579E+00  0.7501958E+00
   04  0.2868130E+03  0.1211718E+02  0.3454443E+01 -0.3660871E+00  0.7496875E+00
   04  0.2883042E+03  0.1211666E+02  0.3461846E+01 -0.3686104E+00  0.7491713E+00
   04  0.2897954E+03  0.1211614E+02  0.3469140E+01 -0.3710267E+00  0.7486468E+00
   04  0.2912865E+03  0.1211560E+02  0.3476324E+01 -0.3733350E+00  0.7481137E+00
   04  0.2927777E+03  0.1211506E+02  0.3483396E+01 -0.3755267E+00  0.7475725E+00
   04  0.2942689E+03  0.1211451E+02  0.3490370E+01 -0.3775948E+00  0.7470245E+00
   04  0.2957600E+03  0.1211396E+02  0.3497251E+01 -0.3795382E+00  0.7464700E+00
   04  0.2972512E+03  0.1211340E+02  0.3504042E+01 -0.3813559E+00  0.7459089E+00
   04  0.2987424E+03  0.1211283E+02  0.3510746E+01 -0.3830472E+00  0.7453413E+00
   04  0.3002335E+03  0.1211226E+02  0.3517364E+01 -0.3846113E+00  0.7447672E+00
   04  0.3017247E+03  0.1211168E+02  0.3523900E+01 -0.3860479E+00  0.7441866E+00
   04  0.3032159E+03  0.1211109E+02  0.3530359E+01 -0.3873568E+00  0.7435997E+00
   04  0.3047070E+03  0.1211050E+02  0.3536744E+01 -0.3885378E+00  0.7430068E+00
   04  0.3061982E+03  0.1210990E+02  0.3543059E+01 -0.3895911E+00  0.7424077E+00
   04  0.3076894E+03  0.1210929E+02  0.3549305E+01 -0.3905167E+00  0.7418025E+00
   04  0.3091805E+03  0.1210868E+02  0.3555484E+01 -0.3913149E+00  0.7411911E+00
   04  0.3106717E+03  0.1210806E+02  0.3561597E+01 -0.3919858E+00  0.7405734E+00
   04  0.3121629E+03  0.1210744E+02  0.3567646E+01 -0.3925298E+00  0.7399492E+00
   04  0.3136540E+03  0.1210681E+02  0.3573629E+01 -0.3929471E+00  0.7393183E+00
   04  0.3151452E+03  0.1210617E+02  0.3579547E+01 -0.3932378E+00  0.7386806E+00
   04  0.3165017E+03  0.1210558E+02  0.3584875E+01 -0.3933911E+00  0.7380947E+00
   04  0.3178581E+03  0.1210499E+02  0.3590149E+01 -0.3934400E+00  0.7375029E+00
   04  0.3192146E+03  0.1210439E+02  0.3595367E+01 -0.3933982E+00  0.7369038E+00
   04  0.3205710E+03  0.1210379E+02  0.3600528E+01 -0.3932704E+00  0.7362969E+00
   04  0.3219275E+03  0.1210317E+02  0.3605630E+01 -0.3930574E+00  0.7356820E+00
   04  0.3232839E+03  0.1210255E+02  0.3610673E+01 -0.3927563E+00  0.7350585E+00
   04  0.3246404E+03  0.1210192E+02  0.3615652E+01 -0.3923613E+00  0.7344260E+00
   04  0.3259968E+03  0.1210127E+02  0.3620567E+01 -0.3918699E+00  0.7337840E+00
   04  0.3273533E+03  0.1210062E+02  0.3625416E+01 -0.3912781E+00  0.7331324E+00
   04  0.3287097E+03  0.1209996E+02  0.3630198E+01 -0.3905997E+00  0.7324696E+00
   04  0.3300662E+03  0.1209928E+02  0.3634906E+01 -0.3898428E+00  0.7317944E+00
   04  0.3314226E+03  0.1209860E+02  0.3639540E+01 -0.3890067E+00  0.7311065E+00
   04  0.3327791E+03  0.1209789E+02  0.3644097E+01 -0.3880906E+00  0.7304056E+00
   04  0.3341355E+03  0.1209718E+02  0.3648575E+01 -0.3870938E+00  0.7296913E+00
   04  0.3354920E+03  0.1209645E+02  0.3652974E+01 -0.3860155E+00  0.7289635E+00
   04  0.3368484E+03  0.1209571E+02  0.3657291E+01 -0.3848551E+00  0.7282218E+00
   04  0.3382049E+03  0.1209496E+02  0.3661525E+01 -0.3836122E+00  0.7274661E+00
   04  0.3395613E+03  0.1209419E+02  0.3665676E+01 -0.3822859E+00  0.7266962E+00
   04  0.3409178E+03  0.1209340E+02  0.3669744E+01 -0.3808756E+00  0.7259120E+00
   04  0.3422742E+03  0.1209260E+02  0.3673727E+01 -0.3793805E+00  0.7251132E+00
   04  0.3436307E+03  0.1209179E+02  0.3677626E+01 -0.3778000E+00  0.7242999E+00
   04  0.3449871E+03  0.1209096E+02  0.3681441E+01 -0.3761280E+00  0.7234723E+00
   04  0.3463436E+03  0.1209012E+02  0.3685172E+01 -0.3743609E+00  0.7226306E+00
   04  0.3477000E+03  0.1208926E+02  0.3688822E+01 -0.3724979E+00  0.7217748E+00
   04  0.3490565E+03  0.1208839E+02  0.3692391E+01 -0.3705384E+00  0.7209048E+00
   04  0.3504130E+03  0.1208751E+02  0.3695881E+01 -0.3684814E+00  0.7200207E+00
   04  0.3517694E+03  0.1208661E+02  0.3699292E+01 -0.3663258E+00  0.7191225E+00
   04  0.3531259E+03  0.1208570E+02  0.3702628E+01 -0.3640706E+00  0.7182101E+00
   04  0.3544823E+03  0.1208477E+02  0.3705889E+01 -0.3617147E+00  0.7172838E+00
   04  0.3558388E+03  0.1208383E+02  0.3709079E+01 -0.3592569E+00  0.7163435E+00
   04  0.3574665E+03  0.1208269E+02  0.3712834E+01 -0.3561730E+00  0.7151988E+00
   04  0.3590942E+03  0.1208153E+02  0.3716536E+01 -0.3529387E+00  0.7140388E+00
   04  0.3607220E+03  0.1208035E+02  0.3720190E+01 -0.3495474E+00  0.7128633E+00
   04  0.3623497E+03  0.1207916E+02  0.3723801E+01 -0.3459945E+00  0.7116729E+00
   04  0.3639775E+03  0.1207796E+02  0.3727388E+01 -0.3422795E+00  0.7104687E+00
   04  0.3656052E+03  0.1207674E+02  0.3730962E+01 -0.3384018E+00  0.7092510E+00
   04  0.3672329E+03  0.1207551E+02  0.3734525E+01 -0.3343603E+00  0.7080198E+00
   04  0.3688607E+03  0.1207426E+02  0.3738080E+01 -0.3301538E+00  0.7067748E+00
   04  0.3704884E+03  0.1207301E+02  0.3741631E+01 -0.3257805E+00  0.7055160E+00
   04  0.3721162E+03  0.1207173E+02  0.3745182E+01 -0.3212389E+00  0.7042432E+00
   04  0.3737439E+03  0.1207045E+02  0.3748738E+01 -0.3165268E+00  0.7029564E+00
   04  0.3753717E+03  0.1206914E+02  0.3752303E+01 -0.3116467E+00  0.7016559E+00
   04  0.3769994E+03  0.1206783E+02  0.3755881E+01 -0.3066029E+00  0.7003415E+00
   04  0.3786271E+03  0.1206650E+02  0.3759477E+01 -0.3014062E+00  0.6990117E+00
   04  0.3802549E+03  0.1206515E+02  0.3763096E+01 -0.2960436E+00  0.6976657E+00
   04  0.3818826E+03  0.1206379E+02  0.3766743E+01 -0.2905092E+00  0.6963033E+00
   04  0.3835104E+03  0.1206241E+02  0.3770424E+01 -0.2847988E+00  0.6949244E+00
   04  0.3851381E+03  0.1206102E+02  0.3774142E+01 -0.2789084E+00  0.6935291E+00
   04  0.3867658E+03  0.1205961E+02  0.3777905E+01 -0.2728338E+00  0.6921172E+00
   04  0.3883936E+03  0.1205818E+02  0.3781734E+01 -0.2665709E+00  0.6906871E+00
   04  0.3900213E+03  0.1205673E+02  0.3785637E+01 -0.2601153E+00  0.6892385E+00
   04  0.3916491E+03  0.1205526E+02  0.3789617E+01 -0.2534627E+00  0.6877716E+00
   04  0.3932768E+03  0.1205378E+02  0.3793679E+01 -0.2466088E+00  0.6862863E+00
   04  0.3949046E+03  0.1205227E+02  0.3797829E+01 -0.2395498E+00  0.6847826E+00
   04  0.3965323E+03  0.1205075E+02  0.3802071E+01 -0.2322818E+00  0.6832606E+00
   04  0.3981600E+03  0.1204921E+02  0.3806410E+01 -0.2248010E+00  0.6817202E+00
   04  0.3997878E+03  0.1204765E+02  0.3810851E+01 -0.2171037E+00  0.6801614E+00
   04  0.4014155E+03  0.1204607E+02  0.3815399E+01 -0.2091864E+00  0.6785841E+00
   04  0.4030433E+03  0.1204448E+02  0.3820058E+01 -0.2010456E+00  0.6769883E+00
   04  0.4046710E+03  0.1204286E+02  0.3824832E+01 -0.1926781E+00  0.6753740E+00
   04  0.4062987E+03  0.1204123E+02  0.3829728E+01 -0.1840807E+00  0.6737411E+00
   04  0.4079265E+03  0.1203958E+02  0.3834749E+01 -0.1752503E+00  0.6720895E+00
   04  0.4095542E+03  0.1203791E+02  0.3839901E+01 -0.1661840E+00  0.6704192E+00
   04  0.4111820E+03  0.1203622E+02  0.3845187E+01 -0.1568791E+00  0.6687300E+00
   04  0.4128097E+03  0.1203451E+02  0.3850613E+01 -0.1473328E+00  0.6670219E+00
   04  0.4144375E+03  0.1203278E+02  0.3856182E+01 -0.1375429E+00  0.6652945E+00
   04  0.4160652E+03  0.1203104E+02  0.3861899E+01 -0.1275068E+00  0.6635479E+00
   04  0.4176929E+03  0.1202927E+02  0.3867768E+01 -0.1172225E+00  0.6617818E+00
   04  0.4193207E+03  0.1202749E+02  0.3873793E+01 -0.1066878E+00  0.6599961E+00
   04  0.4209484E+03  0.1202568E+02  0.3879977E+01 -0.9590139E-01  0.6581905E+00
   04  0.4225762E+03  0.1202385E+02  0.3886324E+01 -0.8486204E-01  0.6563648E+00
   04  0.4242039E+03  0.1202201E+02  0.3892837E+01 -0.7356882E-01  0.6545189E+00
   04  0.4258316E+03  0.1202014E+02  0.3899519E+01 -0.6202088E-01  0.6526526E+00
   04  0.4274594E+03  0.1201825E+02  0.3906374E+01 -0.5021754E-01  0.6507655E+00
   04  0.4290871E+03  0.1201635E+02  0.3913405E+01 -0.3815821E-01  0.6488576E+00
   04  0.4307149E+03  0.1201442E+02  0.3920615E+01 -0.2584248E-01  0.6469285E+00
   04  0.4323426E+03  0.1201247E+02  0.3928006E+01 -0.1327000E-01  0.6449779E+00
   04  0.4339704E+03  0.1201049E+02  0.3935581E+01 -0.4405668E-03  0.6430056E+00
   04  0.4355981E+03  0.1200850E+02  0.3943342E+01  0.1264590E-01  0.6410112E+00
   04  0.4372258E+03  0.1200648E+02  0.3951293E+01  0.2598940E-01  0.6389945E+00
   04  0.4388536E+03  0.1200444E+02  0.3959435E+01  0.3958982E-01  0.6369550E+00
   04  0.4404813E+03  0.1200238E+02  0.3967771E+01  0.5344694E-01  0.6348926E+00
   04  0.4421091E+03  0.1200030E+02  0.3976302E+01  0.6756045E-01  0.6328067E+00
   04  0.4437368E+03  0.1199819E+02  0.3985030E+01  0.8192998E-01  0.6306971E+00
   04  0.4453645E+03  0.1199605E+02  0.3993958E+01  0.9655503E-01  0.6285634E+00
   04  0.4469923E+03  0.1199389E+02  0.4003087E+01  0.1114351E+00  0.6264053E+00
   04  0.4486200E+03  0.1199171E+02  0.4012419E+01  0.1265695E+00  0.6242223E+00
   04  0.4502478E+03  0.1198950E+02  0.4021954E+01  0.1419577E+00  0.6220142E+00
   04  0.4518755E+03  0.1198727E+02  0.4031696E+01  0.1575991E+00  0.6197805E+00
   04  0.4535033E+03  0.1198501E+02  0.4041644E+01  0.1734916E+00  0.6175209E+00
   04  0.4551310E+03  0.1198272E+02  0.4051799E+01  0.1896305E+00  0.6152355E+00
   04  0.4567587E+03  0.1198041E+02  0.4062164E+01  0.2060147E+00  0.6129238E+00
   04  0.4583865E+03  0.1197807E+02  0.4072738E+01  0.2226434E+00  0.6105857E+00
   04  0.4600142E+03  0.1197571E+02  0.4083521E+01  0.2395153E+00  0.6082206E+00
   04  0.4616420E+03  0.1197332E+02  0.4094515E+01  0.2566297E+00  0.6058284E+00
   04  0.4632697E+03  0.1197090E+02  0.4105718E+01  0.2739854E+00  0.6034087E+00
   04  0.4648974E+03  0.1196845E+02  0.4117130E+01  0.2915813E+00  0.6009612E+00
   04  0.4665252E+03  0.1196597E+02  0.4128752E+01  0.3094164E+00  0.5984856E+00
   04  0.4681529E+03  0.1196347E+02  0.4140583E+01  0.3274894E+00  0.5959817E+00
   04  0.4697807E+03  0.1196094E+02  0.4152622E+01  0.3457991E+00  0.5934492E+00
   04  0.4714084E+03  0.1195838E+02  0.4164867E+01  0.3643439E+00  0.5908878E+00
   04  0.4730362E+03  0.1195579E+02  0.4177319E+01  0.3831221E+00  0.5882972E+00
   04  0.4746639E+03  0.1195317E+02  0.4189974E+01  0.4021331E+00  0.5856773E+00
   04  0.4762916E+03  0.1195052E+02  0.4202832E+01  0.4213769E+00  0.5830277E+00
   04  0.4779194E+03  0.1194784E+02  0.4215891E+01  0.4408517E+00  0.5803484E+00
   04  0.4795471E+03  0.1194513E+02  0.4229149E+01  0.4605561E+00  0.5776390E+00
   04  0.4811749E+03  0.1194239E+02  0.4242610E+01  0.4804920E+00  0.5748996E+00
   04  0.4828026E+03  0.1193962E+02  0.4256266E+01  0.5006538E+00  0.5721298E+00
   04  0.4844303E+03  0.1193682E+02  0.4270116E+01  0.5210395E+00  0.5693296E+00
   04  0.4860581E+03  0.1193399E+02  0.4284158E+01  0.5416475E+00  0.5664988E+00
   04  0.4876858E+03  0.1193113E+02  0.4298390E+01  0.5624758E+00  0.5636373E+00
   04  0.4893136E+03  0.1192823E+02  0.4312809E+01  0.5835225E+00  0.5607450E+00
   04  0.4909413E+03  0.1192531E+02  0.4327412E+01  0.6047857E+00  0.5578218E+00
   04  0.4925691E+03  0.1192236E+02  0.4342200E+01  0.6262655E+00  0.5548677E+00
   04  0.4941968E+03  0.1191937E+02  0.4357167E+01  0.6479578E+00  0.5518825E+00
   04  0.4958245E+03  0.1191636E+02  0.4372310E+01  0.6698606E+00  0.5488663E+00
   04  0.4974523E+03  0.1191331E+02  0.4387628E+01  0.6919717E+00  0.5458189E+00
   04  0.4990800E+03  0.1191023E+02  0.4403117E+01  0.7142891E+00  0.5427406E+00
   04  0.5007078E+03  0.1190712E+02  0.4418774E+01  0.7368107E+00  0.5396311E+00
   04  0.5023355E+03  0.1190398E+02  0.4434596E+01  0.7595343E+00  0.5364907E+00
   04  0.5039632E+03  0.1190081E+02  0.4450581E+01  0.7824579E+00  0.5333194E+00
   04  0.5055910E+03  0.1189761E+02  0.4466725E+01  0.8055793E+00  0.5301172E+00
   04  0.5072187E+03  0.1189437E+02  0.4483024E+01  0.8288967E+00  0.5268842E+00
   04  0.5088465E+03  0.1189111E+02  0.4499476E+01  0.8524081E+00  0.5236205E+00
   04  0.5104742E+03  0.1188782E+02  0.4516076E+01  0.8761116E+00  0.5203262E+00
   04  0.5121020E+03  0.1188449E+02  0.4532821E+01  0.9000049E+00  0.5170015E+00
   04  0.5137297E+03  0.1188114E+02  0.4549708E+01  0.9240854E+00  0.5136465E+00
   04  0.5153574E+03  0.1187775E+02  0.4566734E+01  0.9483500E+00  0.5102613E+00
   04  0.5169852E+03  0.1187434E+02  0.4583894E+01  0.9727959E+00  0.5068461E+00
   04  0.5186129E+03  0.1187089E+02  0.4601187E+01  0.9974200E+00  0.5034010E+00
   04  0.5202407E+03  0.1186742E+02  0.4618607E+01  0.1022219E+01  0.4999264E+00
   04  0.5218684E+03  0.1186391E+02  0.4636152E+01  0.1047191E+01  0.4964224E+00
   04  0.5234961E+03  0.1186038E+02  0.4653818E+01  0.1072331E+01  0.4928893E+00
   04  0.5251239E+03  0.1185682E+02  0.4671603E+01  0.1097637E+01  0.4893274E+00
   04  0.5267516E+03  0.1185323E+02  0.4689503E+01  0.1123106E+01  0.4857371E+00
   04  0.5283794E+03  0.1184961E+02  0.4707514E+01  0.1148734E+01  0.4821185E+00
   04  0.5300071E+03  0.1184596E+02  0.4725633E+01  0.1174518E+01  0.4784722E+00
   04  0.5316349E+03  0.1184229E+02  0.4743857E+01  0.1200454E+01  0.4747985E+00
   04  0.5332626E+03  0.1183859E+02  0.4762184E+01  0.1226540E+01  0.4710978E+00
   04  0.5348903E+03  0.1183486E+02  0.4780609E+01  0.1252772E+01  0.4673704E+00
   04  0.5365181E+03  0.1183111E+02  0.4799129E+01  0.1279145E+01  0.4636170E+00
   04  0.5381458E+03  0.1182733E+02  0.4817742E+01  0.1305658E+01  0.4598378E+00
   04  0.5397736E+03  0.1182352E+02  0.4836445E+01  0.1332306E+01  0.4560335E+00
   04  0.5414013E+03  0.1181969E+02  0.4855234E+01  0.1359085E+01  0.4522044E+00
   04  0.5430290E+03  0.1181584E+02  0.4874107E+01  0.1385992E+01  0.4483511E+00
   04  0.5446568E+03  0.1181196E+02  0.4893060E+01  0.1413024E+01  0.4444741E+00
   04  0.5462845E+03  0.1180806E+02  0.4912091E+01  0.1440176E+01  0.4405740E+00
   04  0.5479123E+03  0.1180414E+02  0.4931196E+01  0.1467445E+01  0.4366512E+00
   04  0.5495400E+03  0.1180020E+02  0.4950374E+01  0.1494828E+01  0.4327064E+00
   04  0.5511678E+03  0.1179623E+02  0.4969621E+01  0.1522320E+01  0.4287400E+00
   04  0.5527955E+03  0.1179224E+02  0.4988934E+01  0.1549918E+01  0.4247527E+00
   04  0.5544232E+03  0.1178823E+02  0.5008311E+01  0.1577619E+01  0.4207451E+00
   04  0.5560510E+03  0.1178421E+02  0.5027750E+01  0.1605417E+01  0.4167177E+00
   04  0.5576787E+03  0.1178016E+02  0.5047246E+01  0.1633311E+01  0.4126711E+00
   04  0.5593065E+03  0.1177610E+02  0.5066799E+01  0.1661295E+01  0.4086060E+00
   04  0.5609342E+03  0.1177201E+02  0.5086406E+01  0.1689366E+01  0.4045229E+00
   04  0.5625619E+03  0.1176791E+02  0.5106063E+01  0.1717520E+01  0.4004225E+00
   04  0.5641897E+03  0.1176379E+02  0.5125769E+01  0.1745754E+01  0.3963052E+00
   04  0.5658174E+03  0.1175966E+02  0.5145520E+01  0.1774063E+01  0.3921719E+00
   04  0.5674452E+03  0.1175551E+02  0.5165313E+01  0.1802445E+01  0.3880230E+00
   04  0.5690729E+03  0.1175135E+02  0.5185147E+01  0.1830895E+01  0.3838591E+00
   04  0.5707007E+03  0.1174717E+02  0.5205017E+01  0.1859409E+01  0.3796808E+00
   04  0.5723284E+03  0.1174298E+02  0.5224922E+01  0.1887984E+01  0.3754888E+00
   04  0.5739561E+03  0.1173877E+02  0.5244859E+01  0.1916617E+01  0.3712836E+00
   04  0.5755839E+03  0.1173455E+02  0.5264824E+01  0.1945303E+01  0.3670659E+00
   04  0.5772116E+03  0.1173033E+02  0.5284816E+01  0.1974039E+01  0.3628361E+00
   04  0.5788394E+03  0.1172608E+02  0.5304831E+01  0.2002821E+01  0.3585949E+00
   04  0.5804671E+03  0.1172183E+02  0.5324866E+01  0.2031646E+01  0.3543429E+00
   04  0.5820948E+03  0.1171757E+02  0.5344920E+01  0.2060510E+01  0.3500807E+00
   04  0.5837226E+03  0.1171330E+02  0.5364990E+01  0.2089410E+01  0.3458088E+00
   04  0.5853503E+03  0.1170902E+02  0.5385072E+01  0.2118342E+01  0.3415280E+00
   04  0.5869781E+03  0.1170473E+02  0.5405163E+01  0.2147301E+01  0.3372385E+00
   04  0.5886058E+03  0.1170043E+02  0.5425261E+01  0.2176264E+01  0.3329393E+00
   04  0.5902336E+03  0.1169612E+02  0.5445361E+01  0.2205226E+01  0.3286311E+00
   04  0.5918613E+03  0.1169180E+02  0.5465461E+01  0.2234186E+01  0.3243146E+00
   04  0.5934890E+03  0.1168748E+02  0.5485558E+01  0.2263142E+01  0.3199903E+00
   04  0.5951168E+03  0.1168315E+02  0.5505648E+01  0.2292089E+01  0.3156588E+00
   04  0.5967445E+03  0.1167881E+02  0.5525729E+01  0.2321026E+01  0.3113209E+00
   04  0.5983723E+03  0.1167447E+02  0.5545798E+01  0.2349951E+01  0.3069771E+00
