# gauge_id= 609 location=( -0.1242117435E+03  0.4175235224E+02 ) num_var=  4
# Stationary gauge
# level, time, q[  1  2  3], eta, aux[]
# file format ascii, time series follow in this file
   04  0.0000000E+00  0.8914793E+01  0.0000000E+00  0.0000000E+00  0.0000000E+00
   04  0.1000000E+01  0.8914793E+01  0.5363657E-16 -0.1431859E-19  0.8805574E+00
   04  0.1015873E+01  0.8914786E+01  0.7466454E-04 -0.2715223E-05  0.8805504E+00
   04  0.1031746E+01  0.8914779E+01  0.1493297E-03 -0.5450928E-05  0.8805434E+00
   04  0.1047619E+01  0.8914773E+01  0.2239956E-03 -0.8207155E-05  0.8805365E+00
   04  0.1063492E+01  0.8914766E+01  0.2986621E-03 -0.1098394E-04  0.8805295E+00
   04  0.1079365E+01  0.8914759E+01  0.3733293E-03 -0.1378134E-04  0.8805225E+00
   04  0.1095238E+01  0.8914752E+01  0.4479972E-03 -0.1659937E-04  0.8805155E+00
   04  0.1111111E+01  0.8914745E+01  0.5226658E-03 -0.1943808E-04  0.8805085E+00
   04  0.1126984E+01  0.8914738E+01  0.5973350E-03 -0.2229751E-04  0.8805015E+00
   04  0.1142857E+01  0.8914731E+01  0.6720049E-03 -0.2517770E-04  0.8804945E+00
   04  0.1158730E+01  0.8914724E+01  0.7466756E-03 -0.2807868E-04  0.8804875E+00
   04  0.1174603E+01  0.8914717E+01  0.8213469E-03 -0.3100050E-04  0.8804805E+00
   04  0.1190476E+01  0.8914710E+01  0.8960189E-03 -0.3394319E-04  0.8804735E+00
   04  0.1206349E+01  0.8914703E+01  0.9706916E-03 -0.3690678E-04  0.8804665E+00
   04  0.1222222E+01  0.8914696E+01  0.1045365E-02 -0.3989131E-04  0.8804595E+00
   04  0.1238095E+01  0.8914689E+01  0.1120039E-02 -0.4289682E-04  0.8804525E+00
   04  0.1253968E+01  0.8914681E+01  0.1194714E-02 -0.4592334E-04  0.8804454E+00
   04  0.1269841E+01  0.8914674E+01  0.1269389E-02 -0.4897091E-04  0.8804384E+00
   04  0.1285714E+01  0.8914667E+01  0.1344066E-02 -0.5203956E-04  0.8804314E+00
   04  0.1301587E+01  0.8914660E+01  0.1418743E-02 -0.5512933E-04  0.8804244E+00
   04  0.1317460E+01  0.8914653E+01  0.1493420E-02 -0.5824026E-04  0.8804173E+00
   04  0.1333333E+01  0.8914646E+01  0.1568099E-02 -0.6137236E-04  0.8804103E+00
   04  0.1349206E+01  0.8914639E+01  0.1642778E-02 -0.6452568E-04  0.8804033E+00
   04  0.1365079E+01  0.8914632E+01  0.1717458E-02 -0.6770026E-04  0.8803962E+00
   04  0.1380952E+01  0.8914625E+01  0.1792138E-02 -0.7089611E-04  0.8803892E+00
   04  0.1396825E+01  0.8914618E+01  0.1866820E-02 -0.7411329E-04  0.8803821E+00
   04  0.1412698E+01  0.8914611E+01  0.1941502E-02 -0.7735180E-04  0.8803751E+00
   04  0.1428571E+01  0.8914604E+01  0.2016185E-02 -0.8061170E-04  0.8803680E+00
   04  0.1476190E+01  0.8914583E+01  0.2240408E-02 -0.9055209E-04  0.8803469E+00
   04  0.1523810E+01  0.8914562E+01  0.2464638E-02 -0.1006854E-03  0.8803257E+00
   04  0.1571429E+01  0.8914541E+01  0.2688875E-02 -0.1110124E-03  0.8803044E+00
   04  0.1619048E+01  0.8914519E+01  0.2913118E-02 -0.1215339E-03  0.8802832E+00
   04  0.1666667E+01  0.8914498E+01  0.3137368E-02 -0.1322507E-03  0.8802619E+00
   04  0.1714286E+01  0.8914477E+01  0.3361626E-02 -0.1431633E-03  0.8802406E+00
   04  0.1761905E+01  0.8914455E+01  0.3585890E-02 -0.1542726E-03  0.8802193E+00
   04  0.1809524E+01  0.8914434E+01  0.3810161E-02 -0.1655792E-03  0.8801980E+00
   04  0.1857143E+01  0.8914413E+01  0.4034439E-02 -0.1770836E-03  0.8801766E+00
   04  0.1904762E+01  0.8914391E+01  0.4258725E-02 -0.1887866E-03  0.8801552E+00
   04  0.1952381E+01  0.8914370E+01  0.4483018E-02 -0.2006886E-03  0.8801338E+00
   04  0.2000000E+01  0.8914348E+01  0.4707318E-02 -0.2127903E-03  0.8801123E+00
   04  0.5727919E+01  0.8912580E+01  0.2383202E-01 -0.1889489E-02  0.8783436E+00
   04  0.9455838E+01  0.8910647E+01  0.4282597E-01 -0.4612981E-02  0.8764105E+00
   04  0.1318376E+02  0.8908538E+01  0.6170583E-01 -0.8132539E-02  0.8743024E+00
   04  0.1691168E+02  0.8906230E+01  0.8046788E-01 -0.1203566E-01  0.8719939E+00
   04  0.2063960E+02  0.8903698E+01  0.9907493E-01 -0.1595147E-01  0.8694621E+00
   04  0.2436752E+02  0.8900929E+01  0.1174562E+00 -0.1961308E-01  0.8666931E+00
   04  0.2809543E+02  0.8897920E+01  0.1355155E+00 -0.2287085E-01  0.8636835E+00
   04  0.3182335E+02  0.8894676E+01  0.1531426E+00 -0.2567633E-01  0.8604402E+00
   04  0.3555127E+02  0.8891213E+01  0.1702314E+00 -0.2804885E-01  0.8569765E+00
   04  0.3927919E+02  0.8887547E+01  0.1866788E+00 -0.3004352E-01  0.8533105E+00
   04  0.4300711E+02  0.8883699E+01  0.2023893E+00 -0.3172866E-01  0.8494628E+00
   04  0.4673503E+02  0.8879691E+01  0.2172778E+00 -0.3317281E-01  0.8454552E+00
   04  0.5046295E+02  0.8875549E+01  0.2312710E+00 -0.3447501E-01  0.8413132E+00
   04  0.5419087E+02  0.8871209E+01  0.2431974E+00 -0.3578291E-01  0.8369732E+00
   04  0.5791879E+02  0.8866685E+01  0.2527940E+00 -0.3724669E-01  0.8324491E+00
   04  0.6164671E+02  0.8862024E+01  0.2602504E+00 -0.3898655E-01  0.8277875E+00
   04  0.6537463E+02  0.8857268E+01  0.2657904E+00 -0.4108629E-01  0.8230319E+00
   04  0.6910255E+02  0.8852459E+01  0.2696427E+00 -0.4360352E-01  0.8182225E+00
   04  0.7283047E+02  0.8847632E+01  0.2720256E+00 -0.4657408E-01  0.8133961E+00
   04  0.7655838E+02  0.8842822E+01  0.2731400E+00 -0.5001563E-01  0.8085856E+00
   04  0.8028630E+02  0.8838056E+01  0.2731673E+00 -0.5393081E-01  0.8038199E+00
   04  0.8401422E+02  0.8833361E+01  0.2722680E+00 -0.5830998E-01  0.7991245E+00
   04  0.8774214E+02  0.8828757E+01  0.2705830E+00 -0.6313370E-01  0.7945214E+00
   04  0.9147006E+02  0.8824265E+01  0.2682349E+00 -0.6837504E-01  0.7900293E+00
   04  0.9445240E+02  0.8820760E+01  0.2656930E+00 -0.7305750E-01  0.7865235E+00
   04  0.9743473E+02  0.8817344E+01  0.2628773E+00 -0.7795347E-01  0.7831079E+00
   04  0.1004171E+03  0.8814024E+01  0.2598293E+00 -0.8304221E-01  0.7797882E+00
   04  0.1033994E+03  0.8810805E+01  0.2565851E+00 -0.8830242E-01  0.7765689E+00
   04  0.1063817E+03  0.8807689E+01  0.2531767E+00 -0.9369811E-01  0.7734526E+00
   04  0.1093641E+03  0.8804677E+01  0.2496291E+00 -0.9919012E-01  0.7704410E+00
   04  0.1123464E+03  0.8801771E+01  0.2459615E+00 -0.1047405E+00  0.7675353E+00
   04  0.1153287E+03  0.8798972E+01  0.2421924E+00 -0.1103130E+00  0.7647361E+00
   04  0.1183111E+03  0.8796280E+01  0.2383385E+00 -0.1158754E+00  0.7620442E+00
   04  0.1212934E+03  0.8793696E+01  0.2344116E+00 -0.1213974E+00  0.7594599E+00
   04  0.1242758E+03  0.8791232E+01  0.2304178E+00 -0.1266928E+00  0.7569959E+00
   04  0.1272581E+03  0.8788905E+01  0.2263644E+00 -0.1315198E+00  0.7546685E+00
   04  0.1302404E+03  0.8786712E+01  0.2222668E+00 -0.1358650E+00  0.7524760E+00
   04  0.1332228E+03  0.8784651E+01  0.2181375E+00 -0.1397345E+00  0.7504153E+00
   04  0.1362051E+03  0.8782720E+01  0.2139830E+00 -0.1431480E+00  0.7484835E+00
   04  0.1391874E+03  0.8780913E+01  0.2098098E+00 -0.1461346E+00  0.7466769E+00
   04  0.1421698E+03  0.8779228E+01  0.2056269E+00 -0.1487288E+00  0.7449915E+00
   04  0.1451521E+03  0.8777659E+01  0.2014444E+00 -0.1509684E+00  0.7434232E+00
   04  0.1481344E+03  0.8776204E+01  0.1972729E+00 -0.1528924E+00  0.7419680E+00
   04  0.1511168E+03  0.8774858E+01  0.1931239E+00 -0.1545396E+00  0.7406219E+00
   04  0.1540991E+03  0.8773617E+01  0.1890085E+00 -0.1559477E+00  0.7393811E+00
   04  0.1570814E+03  0.8772478E+01  0.1849381E+00 -0.1571528E+00  0.7382417E+00
   04  0.1600638E+03  0.8771436E+01  0.1809236E+00 -0.1581888E+00  0.7372004E+00
   04  0.1630461E+03  0.8770490E+01  0.1769756E+00 -0.1590874E+00  0.7362538E+00
   04  0.1660284E+03  0.8769635E+01  0.1731043E+00 -0.1598778E+00  0.7353987E+00
   04  0.1690108E+03  0.8768868E+01  0.1693193E+00 -0.1605869E+00  0.7346321E+00
   04  0.1719931E+03  0.8768187E+01  0.1656296E+00 -0.1612392E+00  0.7339513E+00
   04  0.1749755E+03  0.8767589E+01  0.1620437E+00 -0.1618565E+00  0.7333534E+00
   04  0.1779578E+03  0.8767072E+01  0.1585695E+00 -0.1624587E+00  0.7328358E+00
   04  0.1809401E+03  0.8766632E+01  0.1552140E+00 -0.1630628E+00  0.7323960E+00
   04  0.1824313E+03  0.8766448E+01  0.1535705E+00 -0.1634591E+00  0.7322120E+00
   04  0.1839225E+03  0.8766282E+01  0.1519661E+00 -0.1638529E+00  0.7320463E+00
   04  0.1854136E+03  0.8766135E+01  0.1504006E+00 -0.1642461E+00  0.7318985E+00
   04  0.1869048E+03  0.8766004E+01  0.1488740E+00 -0.1646408E+00  0.7317684E+00
   04  0.1883960E+03  0.8765892E+01  0.1473865E+00 -0.1650387E+00  0.7316557E+00
   04  0.1898871E+03  0.8765796E+01  0.1459382E+00 -0.1654414E+00  0.7315600E+00
   04  0.1913783E+03  0.8765717E+01  0.1445283E+00 -0.1658503E+00  0.7314811E+00
   04  0.1928695E+03  0.8765655E+01  0.1431557E+00 -0.1662669E+00  0.7314188E+00
   04  0.1943606E+03  0.8765609E+01  0.1418195E+00 -0.1666921E+00  0.7313729E+00
   04  0.1958518E+03  0.8765579E+01  0.1405187E+00 -0.1671269E+00  0.7313433E+00
   04  0.1973430E+03  0.8765566E+01  0.1392526E+00 -0.1675721E+00  0.7313297E+00
   04  0.1988341E+03  0.8765568E+01  0.1380204E+00 -0.1680284E+00  0.7313319E+00
   04  0.2003253E+03  0.8765586E+01  0.1368216E+00 -0.1684962E+00  0.7313496E+00
   04  0.2018165E+03  0.8765619E+01  0.1356558E+00 -0.1689760E+00  0.7313827E+00
   04  0.2033076E+03  0.8765667E+01  0.1345226E+00 -0.1694682E+00  0.7314308E+00
   04  0.2047988E+03  0.8765730E+01  0.1334217E+00 -0.1699729E+00  0.7314938E+00
   04  0.2062900E+03  0.8765807E+01  0.1323530E+00 -0.1704904E+00  0.7315714E+00
   04  0.2077811E+03  0.8765899E+01  0.1313162E+00 -0.1710206E+00  0.7316633E+00
   04  0.2092723E+03  0.8766005E+01  0.1303113E+00 -0.1715637E+00  0.7317693E+00
   04  0.2107635E+03  0.8766125E+01  0.1293382E+00 -0.1721194E+00  0.7318891E+00
   04  0.2122546E+03  0.8766258E+01  0.1283971E+00 -0.1726878E+00  0.7320224E+00
   04  0.2137458E+03  0.8766405E+01  0.1274879E+00 -0.1732687E+00  0.7321689E+00
   04  0.2152370E+03  0.8766564E+01  0.1266107E+00 -0.1738620E+00  0.7323283E+00
   04  0.2167281E+03  0.8766737E+01  0.1257657E+00 -0.1744678E+00  0.7325004E+00
   04  0.2182193E+03  0.8766921E+01  0.1249531E+00 -0.1750858E+00  0.7326849E+00
   04  0.2197105E+03  0.8767118E+01  0.1241729E+00 -0.1757159E+00  0.7328815E+00
   04  0.2212017E+03  0.8767326E+01  0.1234254E+00 -0.1763581E+00  0.7330898E+00
   04  0.2226928E+03  0.8767546E+01  0.1227107E+00 -0.1770121E+00  0.7333096E+00
   04  0.2241840E+03  0.8767777E+01  0.1220291E+00 -0.1776779E+00  0.7335407E+00
   04  0.2256752E+03  0.8768019E+01  0.1213807E+00 -0.1783553E+00  0.7337826E+00
   04  0.2271663E+03  0.8768271E+01  0.1207657E+00 -0.1790440E+00  0.7340351E+00
   04  0.2286575E+03  0.8768534E+01  0.1201842E+00 -0.1797440E+00  0.7342979E+00
   04  0.2301487E+03  0.8768807E+01  0.1196365E+00 -0.1804550E+00  0.7345707E+00
   04  0.2316398E+03  0.8769089E+01  0.1191225E+00 -0.1811768E+00  0.7348532E+00
   04  0.2331310E+03  0.8769381E+01  0.1186425E+00 -0.1819093E+00  0.7351451E+00
   04  0.2346222E+03  0.8769682E+01  0.1181964E+00 -0.1826520E+00  0.7354461E+00
   04  0.2361133E+03  0.8769992E+01  0.1177843E+00 -0.1834049E+00  0.7357559E+00
   04  0.2376045E+03  0.8770310E+01  0.1174063E+00 -0.1841679E+00  0.7360742E+00
   04  0.2390957E+03  0.8770637E+01  0.1170622E+00 -0.1849409E+00  0.7364007E+00
   04  0.2405868E+03  0.8770971E+01  0.1167522E+00 -0.1857243E+00  0.7367353E+00
   04  0.2420780E+03  0.8771314E+01  0.1164764E+00 -0.1865182E+00  0.7370775E+00
   04  0.2435692E+03  0.8771663E+01  0.1162351E+00 -0.1873228E+00  0.7374273E+00
   04  0.2450603E+03  0.8772020E+01  0.1160282E+00 -0.1881384E+00  0.7377842E+00
   04  0.2465515E+03  0.8772384E+01  0.1158558E+00 -0.1889652E+00  0.7381481E+00
   04  0.2480427E+03  0.8772755E+01  0.1157178E+00 -0.1898010E+00  0.7385185E+00
   04  0.2495338E+03  0.8773131E+01  0.1156139E+00 -0.1906443E+00  0.7388950E+00
   04  0.2510250E+03  0.8773513E+01  0.1155438E+00 -0.1914930E+00  0.7392771E+00
   04  0.2525162E+03  0.8773901E+01  0.1155071E+00 -0.1923452E+00  0.7396646E+00
   04  0.2540073E+03  0.8774293E+01  0.1155031E+00 -0.1931991E+00  0.7400568E+00
   04  0.2554985E+03  0.8774690E+01  0.1155315E+00 -0.1940529E+00  0.7404535E+00
   04  0.2569897E+03  0.8775090E+01  0.1155915E+00 -0.1949051E+00  0.7408542E+00
   04  0.2584808E+03  0.8775495E+01  0.1156824E+00 -0.1957542E+00  0.7412585E+00
   04  0.2599720E+03  0.8775902E+01  0.1158034E+00 -0.1965988E+00  0.7416661E+00
   04  0.2614632E+03  0.8776313E+01  0.1159539E+00 -0.1974375E+00  0.7420765E+00
   04  0.2629543E+03  0.8776726E+01  0.1161328E+00 -0.1982690E+00  0.7424895E+00
   04  0.2644455E+03  0.8777141E+01  0.1163394E+00 -0.1990922E+00  0.7429045E+00
   04  0.2659367E+03  0.8777557E+01  0.1165727E+00 -0.1999057E+00  0.7433214E+00
   04  0.2674278E+03  0.8777976E+01  0.1168318E+00 -0.2007082E+00  0.7437397E+00
   04  0.2689190E+03  0.8778395E+01  0.1171156E+00 -0.2014985E+00  0.7441590E+00
   04  0.2704102E+03  0.8778815E+01  0.1174231E+00 -0.2022750E+00  0.7445790E+00
   04  0.2719014E+03  0.8779235E+01  0.1177533E+00 -0.2030362E+00  0.7449992E+00
   04  0.2733925E+03  0.8779655E+01  0.1181051E+00 -0.2037804E+00  0.7454194E+00
   04  0.2748837E+03  0.8780075E+01  0.1184774E+00 -0.2045059E+00  0.7458391E+00
   04  0.2763749E+03  0.8780494E+01  0.1188692E+00 -0.2052106E+00  0.7462578E+00
   04  0.2778660E+03  0.8780911E+01  0.1192793E+00 -0.2058927E+00  0.7466752E+00
   04  0.2793572E+03  0.8781327E+01  0.1197067E+00 -0.2065500E+00  0.7470907E+00
   04  0.2808484E+03  0.8781740E+01  0.1201502E+00 -0.2071803E+00  0.7475040E+00
   04  0.2823395E+03  0.8782151E+01  0.1206088E+00 -0.2077812E+00  0.7479145E+00
   04  0.2838307E+03  0.8782558E+01  0.1210811E+00 -0.2083503E+00  0.7483216E+00
   04  0.2853219E+03  0.8782961E+01  0.1215663E+00 -0.2088848E+00  0.7487249E+00
   04  0.2868130E+03  0.8783360E+01  0.1220629E+00 -0.2093821E+00  0.7491238E+00
   04  0.2883042E+03  0.8783754E+01  0.1225699E+00 -0.2098393E+00  0.7495176E+00
   04  0.2897954E+03  0.8784142E+01  0.1230860E+00 -0.2102535E+00  0.7499059E+00
   04  0.2912865E+03  0.8784524E+01  0.1236099E+00 -0.2106217E+00  0.7502879E+00
   04  0.2927777E+03  0.8784899E+01  0.1241405E+00 -0.2109412E+00  0.7506632E+00
   04  0.2942689E+03  0.8785267E+01  0.1246765E+00 -0.2112091E+00  0.7510310E+00
   04  0.2957600E+03  0.8785627E+01  0.1252168E+00 -0.2114232E+00  0.7513908E+00
   04  0.2972512E+03  0.8785978E+01  0.1257606E+00 -0.2115818E+00  0.7517420E+00
   04  0.2987424E+03  0.8786320E+01  0.1263070E+00 -0.2116829E+00  0.7520840E+00
   04  0.3002335E+03  0.8786652E+01  0.1268551E+00 -0.2117246E+00  0.7524162E+00
   04  0.3017247E+03  0.8786974E+01  0.1274040E+00 -0.2117048E+00  0.7527381E+00
   04  0.3032159E+03  0.8787285E+01  0.1279528E+00 -0.2116219E+00  0.7530489E+00
   04  0.3047070E+03  0.8787584E+01  0.1285006E+00 -0.2114740E+00  0.7533482E+00
   04  0.3061982E+03  0.8787871E+01  0.1290466E+00 -0.2112594E+00  0.7536354E+00
   04  0.3076894E+03  0.8788146E+01  0.1295899E+00 -0.2109766E+00  0.7539097E+00
   04  0.3091805E+03  0.8788407E+01  0.1301297E+00 -0.2106242E+00  0.7541708E+00
   04  0.3106717E+03  0.8788654E+01  0.1306651E+00 -0.2102010E+00  0.7544180E+00
   04  0.3121629E+03  0.8788887E+01  0.1311953E+00 -0.2097059E+00  0.7546508E+00
   04  0.3136540E+03  0.8789105E+01  0.1317194E+00 -0.2091380E+00  0.7548686E+00
   04  0.3151452E+03  0.8789307E+01  0.1322367E+00 -0.2084963E+00  0.7550709E+00
   04  0.3165017E+03  0.8789478E+01  0.1327042E+00 -0.2078539E+00  0.7552416E+00
   04  0.3178581E+03  0.8789635E+01  0.1331643E+00 -0.2071494E+00  0.7553987E+00
   04  0.3192146E+03  0.8789778E+01  0.1336166E+00 -0.2063827E+00  0.7555418E+00
   04  0.3205710E+03  0.8789907E+01  0.1340603E+00 -0.2055541E+00  0.7556707E+00
   04  0.3219275E+03  0.8790021E+01  0.1344950E+00 -0.2046646E+00  0.7557852E+00
   04  0.3232839E+03  0.8790121E+01  0.1349200E+00 -0.2037155E+00  0.7558850E+00
   04  0.3246404E+03  0.8790206E+01  0.1353349E+00 -0.2027078E+00  0.7559699E+00
   04  0.3259968E+03  0.8790276E+01  0.1357391E+00 -0.2016428E+00  0.7560399E+00
   04  0.3273533E+03  0.8790331E+01  0.1361322E+00 -0.2005218E+00  0.7560946E+00
   04  0.3287097E+03  0.8790370E+01  0.1365138E+00 -0.1993461E+00  0.7561341E+00
   04  0.3300662E+03  0.8790394E+01  0.1368836E+00 -0.1981169E+00  0.7561581E+00
   04  0.3314226E+03  0.8790403E+01  0.1372412E+00 -0.1968358E+00  0.7561665E+00
   04  0.3327791E+03  0.8790395E+01  0.1375863E+00 -0.1955043E+00  0.7561593E+00
   04  0.3341355E+03  0.8790372E+01  0.1379186E+00 -0.1941238E+00  0.7561363E+00
   04  0.3354920E+03  0.8790334E+01  0.1382378E+00 -0.1926961E+00  0.7560975E+00
   04  0.3368484E+03  0.8790279E+01  0.1385438E+00 -0.1912228E+00  0.7560430E+00
   04  0.3382049E+03  0.8790209E+01  0.1388363E+00 -0.1897057E+00  0.7559725E+00
   04  0.3395613E+03  0.8790122E+01  0.1391150E+00 -0.1881466E+00  0.7558863E+00
   04  0.3409178E+03  0.8790020E+01  0.1393800E+00 -0.1865474E+00  0.7557841E+00
   04  0.3422742E+03  0.8789902E+01  0.1396310E+00 -0.1849102E+00  0.7556662E+00
   04  0.3436307E+03  0.8789769E+01  0.1398679E+00 -0.1832368E+00  0.7555326E+00
   04  0.3449871E+03  0.8789619E+01  0.1400907E+00 -0.1815294E+00  0.7553833E+00
   04  0.3463436E+03  0.8789454E+01  0.1402992E+00 -0.1797901E+00  0.7552184E+00
   04  0.3477000E+03  0.8789274E+01  0.1404934E+00 -0.1780210E+00  0.7550381E+00
   04  0.3490565E+03  0.8789078E+01  0.1406732E+00 -0.1762244E+00  0.7548424E+00
   04  0.3504130E+03  0.8788868E+01  0.1408386E+00 -0.1744024E+00  0.7546316E+00
   04  0.3517694E+03  0.8788642E+01  0.1409896E+00 -0.1725573E+00  0.7544058E+00
   04  0.3531259E+03  0.8788401E+01  0.1411264E+00 -0.1706913E+00  0.7541651E+00
   04  0.3544823E+03  0.8788146E+01  0.1412489E+00 -0.1688066E+00  0.7539097E+00
   04  0.3558388E+03  0.8787876E+01  0.1413574E+00 -0.1669054E+00  0.7536398E+00
   04  0.3574665E+03  0.8787532E+01  0.1414731E+00 -0.1645685E+00  0.7532959E+00
   04  0.3590942E+03  0.8787168E+01  0.1415694E+00 -0.1622158E+00  0.7529316E+00
   04  0.3607220E+03  0.8786784E+01  0.1416466E+00 -0.1598510E+00  0.7525474E+00
   04  0.3623497E+03  0.8786380E+01  0.1417051E+00 -0.1574779E+00  0.7521437E+00
   04  0.3639775E+03  0.8785957E+01  0.1417454E+00 -0.1551003E+00  0.7517209E+00
   04  0.3656052E+03  0.8785516E+01  0.1417680E+00 -0.1527216E+00  0.7512795E+00
   04  0.3672329E+03  0.8785056E+01  0.1417734E+00 -0.1503453E+00  0.7508198E+00
   04  0.3688607E+03  0.8784578E+01  0.1417624E+00 -0.1479748E+00  0.7503424E+00
   04  0.3704884E+03  0.8784084E+01  0.1417356E+00 -0.1456131E+00  0.7498477E+00
   04  0.3721162E+03  0.8783572E+01  0.1416939E+00 -0.1432633E+00  0.7493362E+00
   04  0.3737439E+03  0.8783044E+01  0.1416379E+00 -0.1409284E+00  0.7488083E+00
   04  0.3753717E+03  0.8782501E+01  0.1415686E+00 -0.1386111E+00  0.7482645E+00
   04  0.3769994E+03  0.8781941E+01  0.1414867E+00 -0.1363140E+00  0.7477052E+00
   04  0.3786271E+03  0.8781367E+01  0.1413933E+00 -0.1340396E+00  0.7471310E+00
   04  0.3802549E+03  0.8780778E+01  0.1412900E+00 -0.1317899E+00  0.7465421E+00
   04  0.3818826E+03  0.8780175E+01  0.1411787E+00 -0.1295673E+00  0.7459390E+00
   04  0.3835104E+03  0.8779558E+01  0.1410611E+00 -0.1273734E+00  0.7453219E+00
   04  0.3851381E+03  0.8778927E+01  0.1409388E+00 -0.1252100E+00  0.7446913E+00
   04  0.3867658E+03  0.8778284E+01  0.1408133E+00 -0.1230788E+00  0.7440474E+00
   04  0.3883936E+03  0.8777627E+01  0.1406859E+00 -0.1209809E+00  0.7433907E+00
   04  0.3900213E+03  0.8776957E+01  0.1405579E+00 -0.1189178E+00  0.7427214E+00
   04  0.3916491E+03  0.8776276E+01  0.1404302E+00 -0.1168903E+00  0.7420399E+00
   04  0.3932768E+03  0.8775582E+01  0.1403039E+00 -0.1148994E+00  0.7413464E+00
   04  0.3949046E+03  0.8774877E+01  0.1401797E+00 -0.1129458E+00  0.7406414E+00
   04  0.3965323E+03  0.8774161E+01  0.1400583E+00 -0.1110302E+00  0.7399250E+00
   04  0.3981600E+03  0.8773434E+01  0.1399406E+00 -0.1091530E+00  0.7391977E+00
   04  0.3997878E+03  0.8772696E+01  0.1398271E+00 -0.1073143E+00  0.7384597E+00
   04  0.4014155E+03  0.8771947E+01  0.1397184E+00 -0.1055145E+00  0.7377112E+00
   04  0.4030433E+03  0.8771189E+01  0.1396152E+00 -0.1037535E+00  0.7369525E+00
   04  0.4046710E+03  0.8770420E+01  0.1395178E+00 -0.1020310E+00  0.7361838E+00
   04  0.4062987E+03  0.8769641E+01  0.1394267E+00 -0.1003443E+00  0.7354052E+00
   04  0.4079265E+03  0.8768853E+01  0.1393424E+00 -0.9869052E-01  0.7346166E+00
   04  0.4095542E+03  0.8768054E+01  0.1392650E+00 -0.9706708E-01  0.7338180E+00
   04  0.4111820E+03  0.8767245E+01  0.1391948E+00 -0.9547179E-01  0.7330094E+00
   04  0.4128097E+03  0.8766427E+01  0.1391318E+00 -0.9390267E-01  0.7321908E+00
   04  0.4144375E+03  0.8765598E+01  0.1390761E+00 -0.9235796E-01  0.7313622E+00
   04  0.4160652E+03  0.8764760E+01  0.1390276E+00 -0.9083607E-01  0.7305237E+00
   04  0.4176929E+03  0.8763911E+01  0.1389863E+00 -0.8933554E-01  0.7296751E+00
   04  0.4193207E+03  0.8763053E+01  0.1389519E+00 -0.8785506E-01  0.7288167E+00
   04  0.4209484E+03  0.8762184E+01  0.1389244E+00 -0.8639338E-01  0.7279484E+00
   04  0.4225762E+03  0.8761306E+01  0.1389036E+00 -0.8494936E-01  0.7270702E+00
   04  0.4242039E+03  0.8760418E+01  0.1388891E+00 -0.8352190E-01  0.7261822E+00
   04  0.4258316E+03  0.8759520E+01  0.1388808E+00 -0.8210994E-01  0.7252843E+00
   04  0.4274594E+03  0.8758613E+01  0.1388783E+00 -0.8071246E-01  0.7243767E+00
   04  0.4290871E+03  0.8757695E+01  0.1388815E+00 -0.7932845E-01  0.7234593E+00
   04  0.4307149E+03  0.8756768E+01  0.1388899E+00 -0.7795690E-01  0.7225322E+00
   04  0.4323426E+03  0.8755831E+01  0.1389032E+00 -0.7659680E-01  0.7215954E+00
   04  0.4339704E+03  0.8754885E+01  0.1389213E+00 -0.7524714E-01  0.7206488E+00
   04  0.4355981E+03  0.8753929E+01  0.1389438E+00 -0.7390691E-01  0.7196924E+00
   04  0.4372258E+03  0.8752962E+01  0.1389703E+00 -0.7257504E-01  0.7187264E+00
   04  0.4388536E+03  0.8751987E+01  0.1390006E+00 -0.7125048E-01  0.7177505E+00
   04  0.4404813E+03  0.8751001E+01  0.1390344E+00 -0.6993214E-01  0.7167648E+00
   04  0.4421091E+03  0.8750005E+01  0.1390714E+00 -0.6861890E-01  0.7157693E+00
   04  0.4437368E+03  0.8749000E+01  0.1391114E+00 -0.6730964E-01  0.7147639E+00
   04  0.4453645E+03  0.8747985E+01  0.1391541E+00 -0.6600319E-01  0.7137485E+00
   04  0.4469923E+03  0.8746959E+01  0.1391993E+00 -0.6469836E-01  0.7127230E+00
   04  0.4486200E+03  0.8745924E+01  0.1392467E+00 -0.6339395E-01  0.7116875E+00
   04  0.4502478E+03  0.8744878E+01  0.1392963E+00 -0.6208871E-01  0.7106417E+00
   04  0.4518755E+03  0.8743822E+01  0.1393477E+00 -0.6078137E-01  0.7095855E+00
   04  0.4535033E+03  0.8742755E+01  0.1394008E+00 -0.5947065E-01  0.7085188E+00
   04  0.4551310E+03  0.8741678E+01  0.1394556E+00 -0.5815524E-01  0.7074416E+00
   04  0.4567587E+03  0.8740590E+01  0.1395118E+00 -0.5683384E-01  0.7063535E+00
   04  0.4583865E+03  0.8739491E+01  0.1395693E+00 -0.5550513E-01  0.7052545E+00
   04  0.4600142E+03  0.8738380E+01  0.1396282E+00 -0.5416780E-01  0.7041444E+00
   04  0.4616420E+03  0.8737259E+01  0.1396882E+00 -0.5282055E-01  0.7030229E+00
   04  0.4632697E+03  0.8736126E+01  0.1397493E+00 -0.5146210E-01  0.7018900E+00
   04  0.4648974E+03  0.8734981E+01  0.1398114E+00 -0.5009118E-01  0.7007453E+00
   04  0.4665252E+03  0.8733825E+01  0.1398745E+00 -0.4870657E-01  0.6995887E+00
   04  0.4681529E+03  0.8732656E+01  0.1399386E+00 -0.4730707E-01  0.6984198E+00
   04  0.4697807E+03  0.8731475E+01  0.1400038E+00 -0.4589154E-01  0.6972386E+00
   04  0.4714084E+03  0.8730281E+01  0.1400701E+00 -0.4445889E-01  0.6960447E+00
   04  0.4730362E+03  0.8729074E+01  0.1401376E+00 -0.4300809E-01  0.6948378E+00
   04  0.4746639E+03  0.8727854E+01  0.1402059E+00 -0.4153823E-01  0.6936178E+00
   04  0.4762916E+03  0.8726621E+01  0.1402723E+00 -0.4004848E-01  0.6923846E+00
   04  0.4779194E+03  0.8725374E+01  0.1403337E+00 -0.3853806E-01  0.6911382E+00
   04  0.4795471E+03  0.8724115E+01  0.1403874E+00 -0.3700634E-01  0.6898787E+00
   04  0.4811749E+03  0.8722842E+01  0.1404309E+00 -0.3545290E-01  0.6886060E+00
   04  0.4828026E+03  0.8721556E+01  0.1404621E+00 -0.3387767E-01  0.6873202E+00
   04  0.4844303E+03  0.8720257E+01  0.1404793E+00 -0.3228111E-01  0.6860214E+00
   04  0.4860581E+03  0.8718946E+01  0.1404809E+00 -0.3066454E-01  0.6847096E+00
   04  0.4876858E+03  0.8717621E+01  0.1404658E+00 -0.2903070E-01  0.6833851E+00
   04  0.4893136E+03  0.8716285E+01  0.1404331E+00 -0.2738497E-01  0.6820484E+00
   04  0.4909413E+03  0.8714937E+01  0.1403824E+00 -0.2573792E-01  0.6807006E+00
   04  0.4925691E+03  0.8713580E+01  0.1403133E+00 -0.2411209E-01  0.6793436E+00
   04  0.4941968E+03  0.8712207E+01  0.1402277E+00 -0.2243176E-01  0.6779709E+00
   04  0.4958245E+03  0.8710810E+01  0.1401260E+00 -0.2061310E-01  0.6765744E+00
   04  0.4974523E+03  0.8709390E+01  0.1400067E+00 -0.1866426E-01  0.6751539E+00
   04  0.4990800E+03  0.8707945E+01  0.1398682E+00 -0.1659285E-01  0.6737091E+00
   04  0.5007078E+03  0.8706476E+01  0.1397094E+00 -0.1440597E-01  0.6722397E+00
   04  0.5023355E+03  0.8704982E+01  0.1395294E+00 -0.1211026E-01  0.6707456E+00
   04  0.5039632E+03  0.8703463E+01  0.1393276E+00 -0.9711936E-02  0.6692264E+00
   04  0.5055910E+03  0.8701927E+01  0.1391023E+00 -0.7320026E-02  0.6676913E+00
   04  0.5072187E+03  0.8700379E+01  0.1388549E+00 -0.4960830E-02  0.6661426E+00
   04  0.5088465E+03  0.8698815E+01  0.1385878E+00 -0.2621462E-02  0.6645793E+00
   04  0.5104742E+03  0.8697237E+01  0.1383035E+00 -0.2938212E-03  0.6630008E+00
   04  0.5121020E+03  0.8695642E+01  0.1380030E+00  0.2027714E-02  0.6614064E+00
   04  0.5137297E+03  0.8694036E+01  0.1376868E+00  0.4395591E-02  0.6597998E+00
   04  0.5153574E+03  0.8692417E+01  0.1373568E+00  0.6819669E-02  0.6581809E+00
   04  0.5169852E+03  0.8690785E+01  0.1370149E+00  0.9302300E-02  0.6565493E+00
   04  0.5186129E+03  0.8689140E+01  0.1366630E+00  0.1184561E-01  0.6549044E+00
   04  0.5202407E+03  0.8687482E+01  0.1363030E+00  0.1445160E-01  0.6532456E+00
   04  0.5218684E+03  0.8685808E+01  0.1359368E+00  0.1712220E-01  0.6515723E+00
   04  0.5234961E+03  0.8684120E+01  0.1355662E+00  0.1985929E-01  0.6498840E+00
   04  0.5251239E+03  0.8682416E+01  0.1351931E+00  0.2266475E-01  0.6481800E+00
   04  0.5267516E+03  0.8680696E+01  0.1348190E+00  0.2554042E-01  0.6464598E+00
   04  0.5283794E+03  0.8678959E+01  0.1344457E+00  0.2848813E-01  0.6447226E+00
   04  0.5300071E+03  0.8677204E+01  0.1340748E+00  0.3150969E-01  0.6429678E+00
   04  0.5316349E+03  0.8675431E+01  0.1337077E+00  0.3460686E-01  0.6411948E+00
   04  0.5332626E+03  0.8673639E+01  0.1333458E+00  0.3778134E-01  0.6394028E+00
   04  0.5348903E+03  0.8671827E+01  0.1329906E+00  0.4103480E-01  0.6375911E+00
   04  0.5365181E+03  0.8669995E+01  0.1326432E+00  0.4436880E-01  0.6357592E+00
   04  0.5381458E+03  0.8668142E+01  0.1323048E+00  0.4778484E-01  0.6339062E+00
   04  0.5397736E+03  0.8666268E+01  0.1319765E+00  0.5128431E-01  0.6320314E+00
   04  0.5414013E+03  0.8664370E+01  0.1316592E+00  0.5486849E-01  0.6301343E+00
   04  0.5430290E+03  0.8662450E+01  0.1313538E+00  0.5853855E-01  0.6282140E+00
   04  0.5446568E+03  0.8660506E+01  0.1310611E+00  0.6229553E-01  0.6262700E+00
   04  0.5462845E+03  0.8658537E+01  0.1307818E+00  0.6614037E-01  0.6243014E+00
   04  0.5479123E+03  0.8656544E+01  0.1305167E+00  0.7007384E-01  0.6223077E+00
   04  0.5495400E+03  0.8654524E+01  0.1302661E+00  0.7409661E-01  0.6202882E+00
   04  0.5511678E+03  0.8652478E+01  0.1300307E+00  0.7820918E-01  0.6182422E+00
   04  0.5527955E+03  0.8650405E+01  0.1298108E+00  0.8241193E-01  0.6161690E+00
   04  0.5544232E+03  0.8648304E+01  0.1296067E+00  0.8670511E-01  0.6140681E+00
   04  0.5560510E+03  0.8646175E+01  0.1294188E+00  0.9108880E-01  0.6119389E+00
   04  0.5576787E+03  0.8644017E+01  0.1292471E+00  0.9556299E-01  0.6097807E+00
   04  0.5593065E+03  0.8641829E+01  0.1290919E+00  0.1001275E+00  0.6075929E+00
   04  0.5609342E+03  0.8639611E+01  0.1289532E+00  0.1047820E+00  0.6053751E+00
   04  0.5625619E+03  0.8637363E+01  0.1288310E+00  0.1095261E+00  0.6031266E+00
   04  0.5641897E+03  0.8635083E+01  0.1287253E+00  0.1143597E+00  0.6008469E+00
   04  0.5658174E+03  0.8632771E+01  0.1286360E+00  0.1192831E+00  0.5985353E+00
   04  0.5674452E+03  0.8630427E+01  0.1285630E+00  0.1242959E+00  0.5961914E+00
   04  0.5690729E+03  0.8628051E+01  0.1285061E+00  0.1293977E+00  0.5938146E+00
   04  0.5707007E+03  0.8625640E+01  0.1284650E+00  0.1345874E+00  0.5914044E+00
   04  0.5723284E+03  0.8623197E+01  0.1284395E+00  0.1398638E+00  0.5889605E+00
   04  0.5739561E+03  0.8620718E+01  0.1284292E+00  0.1452252E+00  0.5864824E+00
   04  0.5755839E+03  0.8618206E+01  0.1284339E+00  0.1506699E+00  0.5839698E+00
   04  0.5772116E+03  0.8615658E+01  0.1284530E+00  0.1561958E+00  0.5814224E+00
   04  0.5788394E+03  0.8613076E+01  0.1284864E+00  0.1618006E+00  0.5788398E+00
   04  0.5804671E+03  0.8610458E+01  0.1285336E+00  0.1674820E+00  0.5762219E+00
   04  0.5820948E+03  0.8607804E+01  0.1285942E+00  0.1732375E+00  0.5735683E+00
   04  0.5837226E+03  0.8605115E+01  0.1286678E+00  0.1790644E+00  0.5708789E+00
   04  0.5853503E+03  0.8602390E+01  0.1287541E+00  0.1849599E+00  0.5681536E+00
   04  0.5869781E+03  0.8599628E+01  0.1288527E+00  0.1909214E+00  0.5653920E+00
   04  0.5886058E+03  0.8596830E+01  0.1289651E+00  0.1969459E+00  0.5625941E+00
   04  0.5902336E+03  0.8593995E+01  0.1290930E+00  0.2030305E+00  0.5597594E+00
   04  0.5918613E+03  0.8591124E+01  0.1292379E+00  0.2091721E+00  0.5568877E+00
   04  0.5934890E+03  0.8588215E+01  0.1294013E+00  0.2153675E+00  0.5539789E+00
   04  0.5951168E+03  0.8585269E+01  0.1295846E+00  0.2216134E+00  0.5510326E+00
   04  0.5967445E+03  0.8582285E+01  0.1297889E+00  0.2279066E+00  0.5480488E+00
   04  0.5983723E+03  0.8579263E+01  0.1300153E+00  0.2342439E+00  0.5450272E+00
