# gauge_id= 605 location=( -0.1242015246E+03  0.4175949634E+02 ) num_var=  4
# Stationary gauge
# level, time, q[  1  2  3], eta, aux[]
# file format ascii, time series follow in this file
   04  0.0000000E+00  0.1045510E+02  0.0000000E+00  0.0000000E+00  0.0000000E+00
   04  0.1000000E+01  0.1045510E+02 -0.1379163E-15 -0.1786967E-16  0.7019266E+00
   04  0.1015873E+01  0.1045510E+02  0.2904714E-03 -0.4797378E-05  0.7019265E+00
   04  0.1031746E+01  0.1045510E+02  0.5809322E-03 -0.9596300E-05  0.7019265E+00
   04  0.1047619E+01  0.1045510E+02  0.8713822E-03 -0.1439675E-04  0.7019264E+00
   04  0.1063492E+01  0.1045510E+02  0.1161822E-02 -0.1919873E-04  0.7019263E+00
   04  0.1079365E+01  0.1045510E+02  0.1452250E-02 -0.2400222E-04  0.7019263E+00
   04  0.1095238E+01  0.1045510E+02  0.1742669E-02 -0.2880721E-04  0.7019262E+00
   04  0.1111111E+01  0.1045510E+02  0.2033076E-02 -0.3361368E-04  0.7019262E+00
   04  0.1126984E+01  0.1045510E+02  0.2323474E-02 -0.3842164E-04  0.7019261E+00
   04  0.1142857E+01  0.1045510E+02  0.2613860E-02 -0.4323106E-04  0.7019261E+00
   04  0.1158730E+01  0.1045509E+02  0.2904236E-02 -0.4804194E-04  0.7019261E+00
   04  0.1174603E+01  0.1045509E+02  0.3194602E-02 -0.5285427E-04  0.7019260E+00
   04  0.1190476E+01  0.1045509E+02  0.3484957E-02 -0.5766803E-04  0.7019260E+00
   04  0.1206349E+01  0.1045509E+02  0.3775302E-02 -0.6248321E-04  0.7019260E+00
   04  0.1222222E+01  0.1045509E+02  0.4065637E-02 -0.6729981E-04  0.7019260E+00
   04  0.1238095E+01  0.1045509E+02  0.4355961E-02 -0.7211782E-04  0.7019260E+00
   04  0.1253968E+01  0.1045509E+02  0.4646275E-02 -0.7693721E-04  0.7019260E+00
   04  0.1269841E+01  0.1045509E+02  0.4936579E-02 -0.8175799E-04  0.7019260E+00
   04  0.1285714E+01  0.1045509E+02  0.5226872E-02 -0.8658014E-04  0.7019260E+00
   04  0.1301587E+01  0.1045509E+02  0.5517156E-02 -0.9140364E-04  0.7019260E+00
   04  0.1317460E+01  0.1045509E+02  0.5807429E-02 -0.9622850E-04  0.7019260E+00
   04  0.1333333E+01  0.1045509E+02  0.6097691E-02 -0.1010547E-03  0.7019260E+00
   04  0.1349206E+01  0.1045509E+02  0.6387944E-02 -0.1058822E-03  0.7019260E+00
   04  0.1365079E+01  0.1045509E+02  0.6678187E-02 -0.1107111E-03  0.7019261E+00
   04  0.1380952E+01  0.1045510E+02  0.6968419E-02 -0.1155412E-03  0.7019261E+00
   04  0.1396825E+01  0.1045510E+02  0.7258642E-02 -0.1203727E-03  0.7019261E+00
   04  0.1412698E+01  0.1045510E+02  0.7548854E-02 -0.1252054E-03  0.7019262E+00
   04  0.1428571E+01  0.1045510E+02  0.7839057E-02 -0.1300394E-03  0.7019262E+00
   04  0.1476190E+01  0.1045510E+02  0.8709622E-02 -0.1445504E-03  0.7019264E+00
   04  0.1523810E+01  0.1045510E+02  0.9580097E-02 -0.1590726E-03  0.7019266E+00
   04  0.1571429E+01  0.1045510E+02  0.1045048E-01 -0.1736057E-03  0.7019269E+00
   04  0.1619048E+01  0.1045510E+02  0.1132078E-01 -0.1881494E-03  0.7019272E+00
   04  0.1666667E+01  0.1045510E+02  0.1219100E-01 -0.2027035E-03  0.7019276E+00
   04  0.1714286E+01  0.1045510E+02  0.1306112E-01 -0.2172675E-03  0.7019280E+00
   04  0.1761905E+01  0.1045510E+02  0.1393116E-01 -0.2318414E-03  0.7019284E+00
   04  0.1809524E+01  0.1045510E+02  0.1480112E-01 -0.2464247E-03  0.7019289E+00
   04  0.1857143E+01  0.1045510E+02  0.1567099E-01 -0.2610172E-03  0.7019294E+00
   04  0.1904762E+01  0.1045510E+02  0.1654078E-01 -0.2756187E-03  0.7019300E+00
   04  0.1952381E+01  0.1045510E+02  0.1741048E-01 -0.2902287E-03  0.7019306E+00
   04  0.2000000E+01  0.1045510E+02  0.1828010E-01 -0.3048472E-03  0.7019313E+00
   04  0.5727919E+01  0.1045527E+02  0.8624615E-01 -0.1487342E-02  0.7021011E+00
   04  0.9455838E+01  0.1045571E+02  0.1538039E+00 -0.2658332E-02  0.7025447E+00
   04  0.1318376E+02  0.1045645E+02  0.2212299E+00 -0.3729728E-02  0.7032791E+00
   04  0.1691168E+02  0.1045748E+02  0.2887177E+00 -0.4677716E-02  0.7043100E+00
   04  0.2063960E+02  0.1045879E+02  0.3563828E+00 -0.5399942E-02  0.7056258E+00
   04  0.2436752E+02  0.1046039E+02  0.4242778E+00 -0.5884229E-02  0.7072164E+00
   04  0.2809543E+02  0.1046224E+02  0.4923760E+00 -0.6122704E-02  0.7090681E+00
   04  0.3182335E+02  0.1046433E+02  0.5605913E+00 -0.6132656E-02  0.7111612E+00
   04  0.3555127E+02  0.1046664E+02  0.6287893E+00 -0.5921687E-02  0.7134727E+00
   04  0.3927919E+02  0.1046915E+02  0.6967947E+00 -0.5498485E-02  0.7159823E+00
   04  0.4300711E+02  0.1047184E+02  0.7644057E+00 -0.4864039E-02  0.7186735E+00
   04  0.4673503E+02  0.1047468E+02  0.8313964E+00 -0.4027197E-02  0.7215088E+00
   04  0.5046295E+02  0.1047762E+02  0.8975324E+00 -0.3004763E-02  0.7244526E+00
   04  0.5419087E+02  0.1048063E+02  0.9625173E+00 -0.1846267E-02  0.7274629E+00
   04  0.5791879E+02  0.1048366E+02  0.1025909E+01 -0.6176137E-03  0.7304868E+00
   04  0.6164671E+02  0.1048665E+02  0.1087360E+01  0.5927985E-03  0.7334833E+00
   04  0.6537463E+02  0.1048959E+02  0.1146616E+01  0.1720039E-02  0.7364175E+00
   04  0.6910255E+02  0.1049243E+02  0.1203506E+01  0.2703631E-02  0.7392629E+00
   04  0.7283047E+02  0.1049517E+02  0.1257920E+01  0.3489800E-02  0.7419989E+00
   04  0.7655838E+02  0.1049778E+02  0.1309803E+01  0.4032238E-02  0.7446108E+00
   04  0.8028630E+02  0.1050026E+02  0.1359135E+01  0.4291921E-02  0.7470876E+00
   04  0.8401422E+02  0.1050259E+02  0.1405927E+01  0.4236376E-02  0.7494216E+00
   04  0.8774214E+02  0.1050477E+02  0.1450207E+01  0.3807571E-02  0.7516043E+00
   04  0.9147006E+02  0.1050680E+02  0.1492019E+01  0.2926649E-02  0.7536267E+00
   04  0.9445240E+02  0.1050830E+02  0.1523667E+01  0.1865875E-02  0.7551330E+00
   04  0.9743473E+02  0.1050970E+02  0.1553789E+01  0.5010888E-03  0.7565330E+00
   04  0.1004171E+03  0.1051100E+02  0.1582429E+01 -0.1166595E-02  0.7578281E+00
   04  0.1033994E+03  0.1051219E+02  0.1609639E+01 -0.3131914E-02  0.7590204E+00
   04  0.1063817E+03  0.1051326E+02  0.1635156E+01 -0.5388045E-02  0.7600868E+00
   04  0.1093641E+03  0.1051420E+02  0.1659014E+01 -0.7926811E-02  0.7610289E+00
   04  0.1123464E+03  0.1051503E+02  0.1681335E+01 -0.1072921E-01  0.7618567E+00
   04  0.1153287E+03  0.1051575E+02  0.1702228E+01 -0.1376165E-01  0.7625803E+00
   04  0.1183111E+03  0.1051638E+02  0.1721796E+01 -0.1698714E-01  0.7632089E+00
   04  0.1212934E+03  0.1051692E+02  0.1740133E+01 -0.2040165E-01  0.7637505E+00
   04  0.1242758E+03  0.1051738E+02  0.1757382E+01 -0.2394344E-01  0.7642098E+00
   04  0.1272581E+03  0.1051776E+02  0.1773606E+01 -0.2758245E-01  0.7645903E+00
   04  0.1302404E+03  0.1051807E+02  0.1788863E+01 -0.3128722E-01  0.7648964E+00
   04  0.1332228E+03  0.1051831E+02  0.1803160E+01 -0.3498415E-01  0.7651391E+00
   04  0.1362051E+03  0.1051849E+02  0.1816584E+01 -0.3863663E-01  0.7653213E+00
   04  0.1391874E+03  0.1051861E+02  0.1829167E+01 -0.4223320E-01  0.7654434E+00
   04  0.1421698E+03  0.1051867E+02  0.1840940E+01 -0.4576368E-01  0.7655059E+00
   04  0.1451521E+03  0.1051868E+02  0.1851928E+01 -0.4921903E-01  0.7655088E+00
   04  0.1481344E+03  0.1051862E+02  0.1862155E+01 -0.5259125E-01  0.7654524E+00
   04  0.1511168E+03  0.1051851E+02  0.1871645E+01 -0.5587328E-01  0.7653370E+00
   04  0.1540991E+03  0.1051833E+02  0.1880421E+01 -0.5905895E-01  0.7651628E+00
   04  0.1570814E+03  0.1051810E+02  0.1888504E+01 -0.6214285E-01  0.7649305E+00
   04  0.1600638E+03  0.1051781E+02  0.1895918E+01 -0.6512032E-01  0.7646409E+00
   04  0.1630461E+03  0.1051746E+02  0.1902689E+01 -0.6798735E-01  0.7642951E+00
   04  0.1660284E+03  0.1051706E+02  0.1908841E+01 -0.7075146E-01  0.7638931E+00
   04  0.1690108E+03  0.1051660E+02  0.1914403E+01 -0.7342268E-01  0.7634353E+00
   04  0.1719931E+03  0.1051609E+02  0.1919403E+01 -0.7599966E-01  0.7629238E+00
   04  0.1749755E+03  0.1051553E+02  0.1923876E+01 -0.7848479E-01  0.7623604E+00
   04  0.1779578E+03  0.1051492E+02  0.1927853E+01 -0.8088218E-01  0.7617467E+00
   04  0.1809401E+03  0.1051425E+02  0.1931366E+01 -0.8318400E-01  0.7610858E+00
   04  0.1824313E+03  0.1051391E+02  0.1933010E+01 -0.8430393E-01  0.7607388E+00
   04  0.1839225E+03  0.1051355E+02  0.1934606E+01 -0.8540086E-01  0.7603860E+00
   04  0.1854136E+03  0.1051320E+02  0.1936156E+01 -0.8647522E-01  0.7600275E+00
   04  0.1869048E+03  0.1051283E+02  0.1937669E+01 -0.8752731E-01  0.7596634E+00
   04  0.1883960E+03  0.1051246E+02  0.1939146E+01 -0.8855575E-01  0.7592936E+00
   04  0.1898871E+03  0.1051209E+02  0.1940589E+01 -0.8956072E-01  0.7589186E+00
   04  0.1913783E+03  0.1051171E+02  0.1941999E+01 -0.9054236E-01  0.7585384E+00
   04  0.1928695E+03  0.1051132E+02  0.1943377E+01 -0.9150077E-01  0.7581535E+00
   04  0.1943606E+03  0.1051093E+02  0.1944724E+01 -0.9243586E-01  0.7577641E+00
   04  0.1958518E+03  0.1051054E+02  0.1946041E+01 -0.9334759E-01  0.7573704E+00
   04  0.1973430E+03  0.1051014E+02  0.1947330E+01 -0.9423586E-01  0.7569727E+00
   04  0.1988341E+03  0.1050974E+02  0.1948592E+01 -0.9510058E-01  0.7565713E+00
   04  0.2003253E+03  0.1050934E+02  0.1949829E+01 -0.9594164E-01  0.7561664E+00
   04  0.2018165E+03  0.1050893E+02  0.1951041E+01 -0.9675888E-01  0.7557582E+00
   04  0.2033076E+03  0.1050852E+02  0.1952229E+01 -0.9755214E-01  0.7553468E+00
   04  0.2047988E+03  0.1050810E+02  0.1953395E+01 -0.9832287E-01  0.7549327E+00
   04  0.2062900E+03  0.1050769E+02  0.1954540E+01 -0.9907612E-01  0.7545165E+00
   04  0.2077811E+03  0.1050727E+02  0.1955664E+01 -0.9981253E-01  0.7540985E+00
   04  0.2092723E+03  0.1050685E+02  0.1956770E+01 -0.1005327E+00  0.7536789E+00
   04  0.2107635E+03  0.1050643E+02  0.1957857E+01 -0.1012372E+00  0.7532579E+00
   04  0.2122546E+03  0.1050600E+02  0.1958927E+01 -0.1019266E+00  0.7528359E+00
   04  0.2137458E+03  0.1050558E+02  0.1959982E+01 -0.1026014E+00  0.7524130E+00
   04  0.2152370E+03  0.1050516E+02  0.1961022E+01 -0.1032621E+00  0.7519894E+00
   04  0.2167281E+03  0.1050473E+02  0.1962048E+01 -0.1039092E+00  0.7515654E+00
   04  0.2182193E+03  0.1050431E+02  0.1963062E+01 -0.1045429E+00  0.7511412E+00
   04  0.2197105E+03  0.1050389E+02  0.1964066E+01 -0.1051638E+00  0.7507171E+00
   04  0.2212017E+03  0.1050346E+02  0.1965060E+01 -0.1057722E+00  0.7502932E+00
   04  0.2226928E+03  0.1050304E+02  0.1966046E+01 -0.1063684E+00  0.7498698E+00
   04  0.2241840E+03  0.1050262E+02  0.1967026E+01 -0.1069527E+00  0.7494472E+00
   04  0.2256752E+03  0.1050219E+02  0.1968001E+01 -0.1075258E+00  0.7490254E+00
   04  0.2271663E+03  0.1050177E+02  0.1968973E+01 -0.1080893E+00  0.7486045E+00
   04  0.2286575E+03  0.1050135E+02  0.1969943E+01 -0.1086431E+00  0.7481849E+00
   04  0.2301487E+03  0.1050094E+02  0.1970913E+01 -0.1091874E+00  0.7477667E+00
   04  0.2316398E+03  0.1050052E+02  0.1971886E+01 -0.1097222E+00  0.7473501E+00
   04  0.2331310E+03  0.1050010E+02  0.1972864E+01 -0.1102476E+00  0.7469354E+00
   04  0.2346222E+03  0.1049969E+02  0.1973848E+01 -0.1107635E+00  0.7465228E+00
   04  0.2361133E+03  0.1049928E+02  0.1974840E+01 -0.1112701E+00  0.7461124E+00
   04  0.2376045E+03  0.1049887E+02  0.1975842E+01 -0.1117672E+00  0.7457047E+00
   04  0.2390957E+03  0.1049847E+02  0.1976857E+01 -0.1122548E+00  0.7452997E+00
   04  0.2405868E+03  0.1049807E+02  0.1977886E+01 -0.1127342E+00  0.7448977E+00
   04  0.2420780E+03  0.1049767E+02  0.1978930E+01 -0.1132064E+00  0.7444992E+00
   04  0.2435692E+03  0.1049727E+02  0.1979991E+01 -0.1136713E+00  0.7441042E+00
   04  0.2450603E+03  0.1049688E+02  0.1981074E+01 -0.1141287E+00  0.7437133E+00
   04  0.2465515E+03  0.1049650E+02  0.1982182E+01 -0.1145787E+00  0.7433268E+00
   04  0.2480427E+03  0.1049611E+02  0.1983314E+01 -0.1150212E+00  0.7429447E+00
   04  0.2495338E+03  0.1049574E+02  0.1984473E+01 -0.1154560E+00  0.7425671E+00
   04  0.2510250E+03  0.1049536E+02  0.1985656E+01 -0.1158811E+00  0.7421940E+00
   04  0.2525162E+03  0.1049499E+02  0.1986865E+01 -0.1162955E+00  0.7418254E+00
   04  0.2540073E+03  0.1049463E+02  0.1988099E+01 -0.1166984E+00  0.7414615E+00
   04  0.2554985E+03  0.1049427E+02  0.1989359E+01 -0.1170893E+00  0.7411022E+00
   04  0.2569897E+03  0.1049392E+02  0.1990645E+01 -0.1174674E+00  0.7407476E+00
   04  0.2584808E+03  0.1049357E+02  0.1991956E+01 -0.1178318E+00  0.7403978E+00
   04  0.2599720E+03  0.1049322E+02  0.1993291E+01 -0.1181818E+00  0.7400528E+00
   04  0.2614632E+03  0.1049288E+02  0.1994647E+01 -0.1185164E+00  0.7397131E+00
   04  0.2629543E+03  0.1049255E+02  0.1996050E+01 -0.1188348E+00  0.7393764E+00
   04  0.2644455E+03  0.1049221E+02  0.1997516E+01 -0.1191359E+00  0.7390416E+00
   04  0.2659367E+03  0.1049188E+02  0.1999042E+01 -0.1194185E+00  0.7387088E+00
   04  0.2674278E+03  0.1049155E+02  0.2000627E+01 -0.1196881E+00  0.7383790E+00
   04  0.2689190E+03  0.1049122E+02  0.2002271E+01 -0.1199452E+00  0.7380525E+00
   04  0.2704102E+03  0.1049090E+02  0.2003973E+01 -0.1201892E+00  0.7377294E+00
   04  0.2719014E+03  0.1049058E+02  0.2005730E+01 -0.1204192E+00  0.7374100E+00
   04  0.2733925E+03  0.1049026E+02  0.2007543E+01 -0.1206342E+00  0.7370944E+00
   04  0.2748837E+03  0.1048995E+02  0.2009410E+01 -0.1208331E+00  0.7367826E+00
   04  0.2763749E+03  0.1048964E+02  0.2011330E+01 -0.1210147E+00  0.7364747E+00
   04  0.2778660E+03  0.1048934E+02  0.2013302E+01 -0.1211778E+00  0.7361707E+00
   04  0.2793572E+03  0.1048904E+02  0.2015325E+01 -0.1213212E+00  0.7358706E+00
   04  0.2808484E+03  0.1048874E+02  0.2017397E+01 -0.1214451E+00  0.7355744E+00
   04  0.2823395E+03  0.1048845E+02  0.2019516E+01 -0.1215482E+00  0.7352821E+00
   04  0.2838307E+03  0.1048816E+02  0.2021684E+01 -0.1216278E+00  0.7349937E+00
   04  0.2853219E+03  0.1048788E+02  0.2023899E+01 -0.1216820E+00  0.7347094E+00
   04  0.2868130E+03  0.1048760E+02  0.2026161E+01 -0.1217094E+00  0.7344289E+00
   04  0.2883042E+03  0.1048732E+02  0.2028470E+01 -0.1217084E+00  0.7341523E+00
   04  0.2897954E+03  0.1048705E+02  0.2030824E+01 -0.1216774E+00  0.7338794E+00
   04  0.2912865E+03  0.1048678E+02  0.2033224E+01 -0.1216151E+00  0.7336103E+00
   04  0.2927777E+03  0.1048651E+02  0.2035679E+01 -0.1215422E+00  0.7333448E+00
   04  0.2942689E+03  0.1048625E+02  0.2038225E+01 -0.1214720E+00  0.7330833E+00
   04  0.2957600E+03  0.1048599E+02  0.2040850E+01 -0.1214015E+00  0.7328248E+00
   04  0.2972512E+03  0.1048574E+02  0.2043545E+01 -0.1213276E+00  0.7325685E+00
   04  0.2987424E+03  0.1048548E+02  0.2046305E+01 -0.1212476E+00  0.7323140E+00
   04  0.3002335E+03  0.1048523E+02  0.2049122E+01 -0.1211589E+00  0.7320608E+00
   04  0.3017247E+03  0.1048498E+02  0.2051989E+01 -0.1210589E+00  0.7318091E+00
   04  0.3032159E+03  0.1048473E+02  0.2054900E+01 -0.1209453E+00  0.7315584E+00
   04  0.3047070E+03  0.1048448E+02  0.2057851E+01 -0.1208154E+00  0.7313085E+00
   04  0.3061982E+03  0.1048423E+02  0.2060838E+01 -0.1206669E+00  0.7310589E+00
   04  0.3076894E+03  0.1048398E+02  0.2063857E+01 -0.1204977E+00  0.7308094E+00
   04  0.3091805E+03  0.1048373E+02  0.2066905E+01 -0.1203053E+00  0.7305596E+00
   04  0.3106717E+03  0.1048348E+02  0.2069979E+01 -0.1200877E+00  0.7303092E+00
   04  0.3121629E+03  0.1048323E+02  0.2073074E+01 -0.1198427E+00  0.7300578E+00
   04  0.3136540E+03  0.1048297E+02  0.2076188E+01 -0.1195682E+00  0.7298052E+00
   04  0.3151452E+03  0.1048272E+02  0.2079317E+01 -0.1192623E+00  0.7295510E+00
   04  0.3165017E+03  0.1048249E+02  0.2082172E+01 -0.1189543E+00  0.7293180E+00
   04  0.3178581E+03  0.1048225E+02  0.2085035E+01 -0.1186172E+00  0.7290831E+00
   04  0.3192146E+03  0.1048202E+02  0.2087904E+01 -0.1182495E+00  0.7288461E+00
   04  0.3205710E+03  0.1048178E+02  0.2090777E+01 -0.1178496E+00  0.7286069E+00
   04  0.3219275E+03  0.1048153E+02  0.2093652E+01 -0.1174161E+00  0.7283651E+00
   04  0.3232839E+03  0.1048129E+02  0.2096527E+01 -0.1169475E+00  0.7281207E+00
   04  0.3246404E+03  0.1048104E+02  0.2099401E+01 -0.1164423E+00  0.7278734E+00
   04  0.3259968E+03  0.1048079E+02  0.2102273E+01 -0.1158989E+00  0.7276229E+00
   04  0.3273533E+03  0.1048054E+02  0.2105140E+01 -0.1153159E+00  0.7273692E+00
   04  0.3287097E+03  0.1048028E+02  0.2108002E+01 -0.1146917E+00  0.7271119E+00
   04  0.3300662E+03  0.1048002E+02  0.2110857E+01 -0.1140248E+00  0.7268509E+00
   04  0.3314226E+03  0.1047975E+02  0.2113703E+01 -0.1133133E+00  0.7265859E+00
   04  0.3327791E+03  0.1047949E+02  0.2116540E+01 -0.1125550E+00  0.7263167E+00
   04  0.3341355E+03  0.1047921E+02  0.2119366E+01 -0.1117484E+00  0.7260432E+00
   04  0.3354920E+03  0.1047893E+02  0.2122180E+01 -0.1108916E+00  0.7257650E+00
   04  0.3368484E+03  0.1047865E+02  0.2124979E+01 -0.1099831E+00  0.7254820E+00
   04  0.3382049E+03  0.1047836E+02  0.2127763E+01 -0.1090210E+00  0.7251940E+00
   04  0.3395613E+03  0.1047807E+02  0.2130530E+01 -0.1080036E+00  0.7249006E+00
   04  0.3409178E+03  0.1047777E+02  0.2133278E+01 -0.1069291E+00  0.7246017E+00
   04  0.3422742E+03  0.1047747E+02  0.2136006E+01 -0.1057955E+00  0.7242970E+00
   04  0.3436307E+03  0.1047716E+02  0.2138713E+01 -0.1046011E+00  0.7239863E+00
   04  0.3449871E+03  0.1047684E+02  0.2141396E+01 -0.1033442E+00  0.7236694E+00
   04  0.3463436E+03  0.1047651E+02  0.2144054E+01 -0.1020229E+00  0.7233460E+00
   04  0.3477000E+03  0.1047618E+02  0.2146688E+01 -0.1006356E+00  0.7230159E+00
   04  0.3490565E+03  0.1047585E+02  0.2149294E+01 -0.9918045E-01  0.7226788E+00
   04  0.3504130E+03  0.1047550E+02  0.2151872E+01 -0.9765575E-01  0.7223345E+00
   04  0.3517694E+03  0.1047515E+02  0.2154421E+01 -0.9605976E-01  0.7219827E+00
   04  0.3531259E+03  0.1047479E+02  0.2156939E+01 -0.9439078E-01  0.7216233E+00
   04  0.3544823E+03  0.1047442E+02  0.2159426E+01 -0.9264707E-01  0.7212559E+00
   04  0.3558388E+03  0.1047405E+02  0.2161880E+01 -0.9082687E-01  0.7208804E+00
   04  0.3574665E+03  0.1047359E+02  0.2164806E+01 -0.8853814E-01  0.7204214E+00
   04  0.3590942E+03  0.1047312E+02  0.2167749E+01 -0.8612699E-01  0.7199524E+00
   04  0.3607220E+03  0.1047264E+02  0.2170665E+01 -0.8360555E-01  0.7194724E+00
   04  0.3623497E+03  0.1047215E+02  0.2173592E+01 -0.8097652E-01  0.7189840E+00
   04  0.3639775E+03  0.1047166E+02  0.2176534E+01 -0.7823913E-01  0.7184873E+00
   04  0.3656052E+03  0.1047115E+02  0.2179492E+01 -0.7539272E-01  0.7179823E+00
   04  0.3672329E+03  0.1047064E+02  0.2182465E+01 -0.7243687E-01  0.7174686E+00
   04  0.3688607E+03  0.1047011E+02  0.2185454E+01 -0.6937114E-01  0.7169461E+00
   04  0.3704884E+03  0.1046958E+02  0.2188458E+01 -0.6619511E-01  0.7164145E+00
   04  0.3721162E+03  0.1046904E+02  0.2191477E+01 -0.6290839E-01  0.7158737E+00
   04  0.3737439E+03  0.1046849E+02  0.2194510E+01 -0.5951066E-01  0.7153233E+00
   04  0.3753717E+03  0.1046793E+02  0.2197558E+01 -0.5600164E-01  0.7147630E+00
   04  0.3769994E+03  0.1046736E+02  0.2200620E+01 -0.5237299E-01  0.7141935E+00
   04  0.3786271E+03  0.1046679E+02  0.2203696E+01 -0.4859241E-01  0.7136172E+00
   04  0.3802549E+03  0.1046620E+02  0.2206788E+01 -0.4466133E-01  0.7130338E+00
   04  0.3818826E+03  0.1046561E+02  0.2209895E+01 -0.4058090E-01  0.7124427E+00
   04  0.3835104E+03  0.1046501E+02  0.2213018E+01 -0.3635214E-01  0.7118435E+00
   04  0.3851381E+03  0.1046440E+02  0.2216156E+01 -0.3197604E-01  0.7112356E+00
   04  0.3867658E+03  0.1046379E+02  0.2219308E+01 -0.2745342E-01  0.7106186E+00
   04  0.3883936E+03  0.1046316E+02  0.2222475E+01 -0.2278507E-01  0.7099918E+00
   04  0.3900213E+03  0.1046252E+02  0.2225655E+01 -0.1797193E-01  0.7093548E+00
   04  0.3916491E+03  0.1046188E+02  0.2228847E+01 -0.1300872E-01  0.7087065E+00
   04  0.3932768E+03  0.1046121E+02  0.2232050E+01 -0.7870777E-02  0.7080438E+00
   04  0.3949046E+03  0.1046054E+02  0.2235262E+01 -0.2559368E-02  0.7073663E+00
   04  0.3965323E+03  0.1045984E+02  0.2238482E+01  0.2924274E-02  0.7066735E+00
   04  0.3981600E+03  0.1045913E+02  0.2241708E+01  0.8578934E-02  0.7059648E+00
   04  0.3997878E+03  0.1045841E+02  0.2244938E+01  0.1440341E-01  0.7052398E+00
   04  0.4014155E+03  0.1045767E+02  0.2248171E+01  0.2039652E-01  0.7044980E+00
   04  0.4030433E+03  0.1045691E+02  0.2251406E+01  0.2655708E-01  0.7037388E+00
   04  0.4046710E+03  0.1045613E+02  0.2254640E+01  0.3288395E-01  0.7029618E+00
   04  0.4062987E+03  0.1045534E+02  0.2257874E+01  0.3937599E-01  0.7021665E+00
   04  0.4079265E+03  0.1045452E+02  0.2261105E+01  0.4603200E-01  0.7013523E+00
   04  0.4095542E+03  0.1045369E+02  0.2264332E+01  0.5285081E-01  0.7005189E+00
   04  0.4111820E+03  0.1045283E+02  0.2267555E+01  0.5983136E-01  0.6996657E+00
   04  0.4128097E+03  0.1045196E+02  0.2270772E+01  0.6697265E-01  0.6987924E+00
   04  0.4144375E+03  0.1045107E+02  0.2273983E+01  0.7427372E-01  0.6978984E+00
   04  0.4160652E+03  0.1045015E+02  0.2277187E+01  0.8173364E-01  0.6969835E+00
   04  0.4176929E+03  0.1044922E+02  0.2280383E+01  0.8935158E-01  0.6960471E+00
   04  0.4193207E+03  0.1044826E+02  0.2283572E+01  0.9712672E-01  0.6950889E+00
   04  0.4209484E+03  0.1044728E+02  0.2286752E+01  0.1050584E+00  0.6941086E+00
   04  0.4225762E+03  0.1044627E+02  0.2289925E+01  0.1131459E+00  0.6931057E+00
   04  0.4242039E+03  0.1044525E+02  0.2293089E+01  0.1213887E+00  0.6920800E+00
   04  0.4258316E+03  0.1044420E+02  0.2296245E+01  0.1297864E+00  0.6910311E+00
   04  0.4274594E+03  0.1044313E+02  0.2299394E+01  0.1383385E+00  0.6899587E+00
   04  0.4290871E+03  0.1044203E+02  0.2302535E+01  0.1470446E+00  0.6888626E+00
   04  0.4307149E+03  0.1044091E+02  0.2305670E+01  0.1559045E+00  0.6877425E+00
   04  0.4323426E+03  0.1043977E+02  0.2308798E+01  0.1649181E+00  0.6865981E+00
   04  0.4339704E+03  0.1043860E+02  0.2311922E+01  0.1740853E+00  0.6854291E+00
   04  0.4355981E+03  0.1043740E+02  0.2315040E+01  0.1834061E+00  0.6842355E+00
   04  0.4372258E+03  0.1043619E+02  0.2318156E+01  0.1928804E+00  0.6830170E+00
   04  0.4388536E+03  0.1043494E+02  0.2321269E+01  0.2025084E+00  0.6817733E+00
   04  0.4404813E+03  0.1043367E+02  0.2324381E+01  0.2122903E+00  0.6805044E+00
   04  0.4421091E+03  0.1043238E+02  0.2327493E+01  0.2222264E+00  0.6792101E+00
   04  0.4437368E+03  0.1043106E+02  0.2330607E+01  0.2323169E+00  0.6778902E+00
   04  0.4453645E+03  0.1042971E+02  0.2333723E+01  0.2425624E+00  0.6765445E+00
   04  0.4469923E+03  0.1042834E+02  0.2336844E+01  0.2529632E+00  0.6751730E+00
   04  0.4486200E+03  0.1042694E+02  0.2339970E+01  0.2635200E+00  0.6737756E+00
   04  0.4502478E+03  0.1042552E+02  0.2343103E+01  0.2742334E+00  0.6723521E+00
   04  0.4518755E+03  0.1042407E+02  0.2346244E+01  0.2851040E+00  0.6709024E+00
   04  0.4535033E+03  0.1042260E+02  0.2349396E+01  0.2961327E+00  0.6694264E+00
   04  0.4551310E+03  0.1042109E+02  0.2352559E+01  0.3073201E+00  0.6679241E+00
   04  0.4567587E+03  0.1041956E+02  0.2355736E+01  0.3186673E+00  0.6663953E+00
   04  0.4583865E+03  0.1041801E+02  0.2358927E+01  0.3301710E+00  0.6648395E+00
   04  0.4600142E+03  0.1041643E+02  0.2362134E+01  0.3418318E+00  0.6632565E+00
   04  0.4616420E+03  0.1041482E+02  0.2365360E+01  0.3536498E+00  0.6616462E+00
   04  0.4632697E+03  0.1041318E+02  0.2368606E+01  0.3656253E+00  0.6600083E+00
   04  0.4648974E+03  0.1041151E+02  0.2371875E+01  0.3777585E+00  0.6583428E+00
   04  0.4665252E+03  0.1040982E+02  0.2375168E+01  0.3900497E+00  0.6566495E+00
   04  0.4681529E+03  0.1040810E+02  0.2378487E+01  0.4024993E+00  0.6549283E+00
   04  0.4697807E+03  0.1040635E+02  0.2381834E+01  0.4151076E+00  0.6531791E+00
   04  0.4714084E+03  0.1040457E+02  0.2385210E+01  0.4278752E+00  0.6514017E+00
   04  0.4730362E+03  0.1040276E+02  0.2388617E+01  0.4408025E+00  0.6495961E+00
   04  0.4746639E+03  0.1040093E+02  0.2392056E+01  0.4538900E+00  0.6477620E+00
   04  0.4762916E+03  0.1039907E+02  0.2395526E+01  0.4671384E+00  0.6458993E+00
   04  0.4779194E+03  0.1039718E+02  0.2399028E+01  0.4805482E+00  0.6440078E+00
   04  0.4795471E+03  0.1039526E+02  0.2402561E+01  0.4941201E+00  0.6420872E+00
   04  0.4811749E+03  0.1039331E+02  0.2406124E+01  0.5078548E+00  0.6401373E+00
   04  0.4828026E+03  0.1039133E+02  0.2409717E+01  0.5217532E+00  0.6381580E+00
   04  0.4844303E+03  0.1038932E+02  0.2413340E+01  0.5358159E+00  0.6361491E+00
   04  0.4860581E+03  0.1038728E+02  0.2416993E+01  0.5500437E+00  0.6341104E+00
   04  0.4876858E+03  0.1038521E+02  0.2420674E+01  0.5644377E+00  0.6320417E+00
   04  0.4893136E+03  0.1038311E+02  0.2424384E+01  0.5789985E+00  0.6299429E+00
   04  0.4909413E+03  0.1038098E+02  0.2428122E+01  0.5937271E+00  0.6278139E+00
   04  0.4925691E+03  0.1037882E+02  0.2431887E+01  0.6086245E+00  0.6256544E+00
   04  0.4941968E+03  0.1037663E+02  0.2435679E+01  0.6236915E+00  0.6234644E+00
   04  0.4958245E+03  0.1037441E+02  0.2439498E+01  0.6389291E+00  0.6212438E+00
   04  0.4974523E+03  0.1037216E+02  0.2443342E+01  0.6543382E+00  0.6189923E+00
   04  0.4990800E+03  0.1036988E+02  0.2447212E+01  0.6699198E+00  0.6167100E+00
   04  0.5007078E+03  0.1036757E+02  0.2451106E+01  0.6856748E+00  0.6143967E+00
   04  0.5023355E+03  0.1036522E+02  0.2455024E+01  0.7016041E+00  0.6120523E+00
   04  0.5039632E+03  0.1036285E+02  0.2458966E+01  0.7177086E+00  0.6096768E+00
   04  0.5055910E+03  0.1036044E+02  0.2462932E+01  0.7339892E+00  0.6072702E+00
   04  0.5072187E+03  0.1035800E+02  0.2466921E+01  0.7504466E+00  0.6048324E+00
   04  0.5088465E+03  0.1035553E+02  0.2470933E+01  0.7670818E+00  0.6023634E+00
   04  0.5104742E+03  0.1035303E+02  0.2474967E+01  0.7838954E+00  0.5998632E+00
   04  0.5121020E+03  0.1035050E+02  0.2479024E+01  0.8008881E+00  0.5973318E+00
   04  0.5137297E+03  0.1034794E+02  0.2483101E+01  0.8180607E+00  0.5947691E+00
   04  0.5153574E+03  0.1034534E+02  0.2487198E+01  0.8354137E+00  0.5921752E+00
   04  0.5169852E+03  0.1034272E+02  0.2491316E+01  0.8529478E+00  0.5895500E+00
   04  0.5186129E+03  0.1034006E+02  0.2495452E+01  0.8706634E+00  0.5868936E+00
   04  0.5202407E+03  0.1033737E+02  0.2499606E+01  0.8885611E+00  0.5842061E+00
   04  0.5218684E+03  0.1033466E+02  0.2503778E+01  0.9066413E+00  0.5814873E+00
   04  0.5234961E+03  0.1033191E+02  0.2507966E+01  0.9249042E+00  0.5787375E+00
   04  0.5251239E+03  0.1032913E+02  0.2512171E+01  0.9433503E+00  0.5759567E+00
   04  0.5267516E+03  0.1032631E+02  0.2516391E+01  0.9619798E+00  0.5731449E+00
   04  0.5283794E+03  0.1032347E+02  0.2520626E+01  0.9807927E+00  0.5703022E+00
   04  0.5300071E+03  0.1032060E+02  0.2524874E+01  0.9997893E+00  0.5674287E+00
   04  0.5316349E+03  0.1031769E+02  0.2529136E+01  0.1018969E+01  0.5645245E+00
   04  0.5332626E+03  0.1031476E+02  0.2533409E+01  0.1038333E+01  0.5615897E+00
   04  0.5348903E+03  0.1031179E+02  0.2537694E+01  0.1057880E+01  0.5586245E+00
   04  0.5365181E+03  0.1030880E+02  0.2541988E+01  0.1077610E+01  0.5556289E+00
   04  0.5381458E+03  0.1030577E+02  0.2546292E+01  0.1097523E+01  0.5526031E+00
   04  0.5397736E+03  0.1030272E+02  0.2550604E+01  0.1117618E+01  0.5495472E+00
   04  0.5414013E+03  0.1029963E+02  0.2554923E+01  0.1137895E+01  0.5464614E+00
   04  0.5430290E+03  0.1029651E+02  0.2559248E+01  0.1158353E+01  0.5433459E+00
   04  0.5446568E+03  0.1029337E+02  0.2563578E+01  0.1178991E+01  0.5402008E+00
   04  0.5462845E+03  0.1029020E+02  0.2567911E+01  0.1199810E+01  0.5370263E+00
   04  0.5479123E+03  0.1028699E+02  0.2572247E+01  0.1220807E+01  0.5338225E+00
   04  0.5495400E+03  0.1028376E+02  0.2576584E+01  0.1241981E+01  0.5305898E+00
   04  0.5511678E+03  0.1028050E+02  0.2580921E+01  0.1263333E+01  0.5273282E+00
   04  0.5527955E+03  0.1027721E+02  0.2585256E+01  0.1284859E+01  0.5240381E+00
   04  0.5544232E+03  0.1027389E+02  0.2589589E+01  0.1306560E+01  0.5207196E+00
   04  0.5560510E+03  0.1027054E+02  0.2593918E+01  0.1328434E+01  0.5173729E+00
   04  0.5576787E+03  0.1026717E+02  0.2598242E+01  0.1350478E+01  0.5139983E+00
   04  0.5593065E+03  0.1026377E+02  0.2602560E+01  0.1372692E+01  0.5105961E+00
   04  0.5609342E+03  0.1026034E+02  0.2606869E+01  0.1395074E+01  0.5071665E+00
   04  0.5625619E+03  0.1025688E+02  0.2611169E+01  0.1417622E+01  0.5037097E+00
   04  0.5641897E+03  0.1025339E+02  0.2615459E+01  0.1440333E+01  0.5002260E+00
   04  0.5658174E+03  0.1024988E+02  0.2619737E+01  0.1463206E+01  0.4967157E+00
   04  0.5674452E+03  0.1024635E+02  0.2624001E+01  0.1486239E+01  0.4931791E+00
   04  0.5690729E+03  0.1024279E+02  0.2628251E+01  0.1509430E+01  0.4896165E+00
   04  0.5707007E+03  0.1023920E+02  0.2632485E+01  0.1532775E+01  0.4860281E+00
   04  0.5723284E+03  0.1023558E+02  0.2636701E+01  0.1556273E+01  0.4824143E+00
   04  0.5739561E+03  0.1023194E+02  0.2640899E+01  0.1579921E+01  0.4787753E+00
   04  0.5755839E+03  0.1022828E+02  0.2645077E+01  0.1603716E+01  0.4751114E+00
   04  0.5772116E+03  0.1022459E+02  0.2649234E+01  0.1627655E+01  0.4714231E+00
   04  0.5788394E+03  0.1022088E+02  0.2653368E+01  0.1651736E+01  0.4677105E+00
   04  0.5804671E+03  0.1021714E+02  0.2657478E+01  0.1675954E+01  0.4639739E+00
   04  0.5820948E+03  0.1021338E+02  0.2661563E+01  0.1700304E+01  0.4602133E+00
   04  0.5837226E+03  0.1020960E+02  0.2665622E+01  0.1724784E+01  0.4564292E+00
   04  0.5853503E+03  0.1020579E+02  0.2669654E+01  0.1749390E+01  0.4526216E+00
   04  0.5869781E+03  0.1020196E+02  0.2673659E+01  0.1774118E+01  0.4487911E+00
   04  0.5886058E+03  0.1019811E+02  0.2677637E+01  0.1798965E+01  0.4449379E+00
   04  0.5902336E+03  0.1019423E+02  0.2681591E+01  0.1823926E+01  0.4410627E+00
   04  0.5918613E+03  0.1019033E+02  0.2685521E+01  0.1848998E+01  0.4371657E+00
   04  0.5934890E+03  0.1018642E+02  0.2689429E+01  0.1874178E+01  0.4332475E+00
   04  0.5951168E+03  0.1018248E+02  0.2693317E+01  0.1899461E+01  0.4293085E+00
   04  0.5967445E+03  0.1017852E+02  0.2697185E+01  0.1924843E+01  0.4253491E+00
   04  0.5983723E+03  0.1017454E+02  0.2701035E+01  0.1950321E+01  0.4213696E+00
