# gauge_id= 526 location=( -0.1253000000E+03  0.4200000000E+02 ) num_var=  4
# Stationary gauge
# level, time, q[  1  2  3], eta, aux[]
# file format ascii, time series follow in this file
   02  0.0000000E+00  0.2923778E+04  0.0000000E+00  0.0000000E+00  0.0000000E+00
   02  0.1000000E+01  0.2923778E+04 -0.4277515E-15 -0.7736769E-13 -0.6324861E-01
   02  0.1142857E+01  0.2923782E+04 -0.5136661E+00  0.2647758E-01 -0.5909561E-01
   02  0.1285714E+01  0.2923786E+04 -0.1027228E+01  0.5308131E-01 -0.5494640E-01
   02  0.1428571E+01  0.2923790E+04 -0.1540696E+01  0.7980162E-01 -0.5080087E-01
   02  0.1571429E+01  0.2923794E+04 -0.2054084E+01  0.1066388E+00 -0.4665891E-01
   02  0.1714286E+01  0.2923798E+04 -0.2567410E+01  0.1335932E+00 -0.4252043E-01
   02  0.1857143E+01  0.2923802E+04 -0.3080697E+01  0.1606652E+00 -0.3838528E-01
   02  0.2000000E+01  0.2923807E+04 -0.3593975E+01  0.1878554E+00 -0.3425326E-01
   02  0.4673503E+02  0.2925115E+04 -0.1640210E+03  0.1506948E+02  0.1273945E+01
   03  0.9147006E+02  0.3095010E+04 -0.4249940E+03  0.4974338E+02  0.2571996E+01
   03  0.1004171E+03  0.3095058E+04 -0.4362858E+03  0.5673730E+02  0.2620209E+01
   03  0.1093641E+03  0.3095097E+04 -0.4418695E+03  0.6311205E+02  0.2659011E+01
   03  0.1183111E+03  0.3095111E+04 -0.4431814E+03  0.6996646E+02  0.2673509E+01
   03  0.1272581E+03  0.3095118E+04 -0.4435197E+03  0.7798485E+02  0.2679643E+01
   03  0.1362051E+03  0.3095126E+04 -0.4446169E+03  0.8704832E+02  0.2688285E+01
   03  0.1451521E+03  0.3095138E+04 -0.4461827E+03  0.9639006E+02  0.2700291E+01
   03  0.1540991E+03  0.3095151E+04 -0.4472452E+03  0.1052258E+03  0.2713013E+01
   03  0.1630461E+03  0.3095158E+04 -0.4467149E+03  0.1132513E+03  0.2720254E+01
   03  0.1719931E+03  0.3095153E+04 -0.4435199E+03  0.1205152E+03  0.2714905E+01
   04  0.1809401E+03  0.3101173E+04 -0.4385749E+03  0.1294808E+03  0.2708170E+01
   04  0.1824313E+03  0.3101162E+04 -0.4356823E+03  0.1310305E+03  0.2696424E+01
   04  0.1839225E+03  0.3101152E+04 -0.4333193E+03  0.1325593E+03  0.2686264E+01
   04  0.1854136E+03  0.3101143E+04 -0.4314599E+03  0.1338193E+03  0.2677996E+01
   04  0.1869048E+03  0.3101136E+04 -0.4298108E+03  0.1348030E+03  0.2670402E+01
   04  0.1883960E+03  0.3101129E+04 -0.4282712E+03  0.1355808E+03  0.2663278E+01
   04  0.1898871E+03  0.3101122E+04 -0.4267727E+03  0.1362237E+03  0.2656265E+01
   04  0.1913783E+03  0.3101113E+04 -0.4251384E+03  0.1368014E+03  0.2648100E+01
   04  0.1928695E+03  0.3101102E+04 -0.4231323E+03  0.1373886E+03  0.2637191E+01
   04  0.1943606E+03  0.3101088E+04 -0.4206250E+03  0.1380524E+03  0.2622753E+01
   04  0.1958518E+03  0.3101071E+04 -0.4177021E+03  0.1388206E+03  0.2605691E+01
   04  0.1973430E+03  0.3101053E+04 -0.4146325E+03  0.1396548E+03  0.2588097E+01
   04  0.1988341E+03  0.3101037E+04 -0.4116902E+03  0.1404686E+03  0.2572057E+01
   04  0.2003253E+03  0.3101024E+04 -0.4090131E+03  0.1411771E+03  0.2558643E+01
   04  0.2018165E+03  0.3101013E+04 -0.4065989E+03  0.1417336E+03  0.2547660E+01
   04  0.2033076E+03  0.3101004E+04 -0.4043686E+03  0.1421445E+03  0.2538279E+01
   04  0.2047988E+03  0.3100995E+04 -0.4022608E+03  0.1424431E+03  0.2529672E+01
   04  0.2062900E+03  0.3100987E+04 -0.4002504E+03  0.1426730E+03  0.2521260E+01
   04  0.2077811E+03  0.3100978E+04 -0.3983237E+03  0.1428733E+03  0.2512686E+01
   04  0.2092723E+03  0.3100969E+04 -0.3964517E+03  0.1430645E+03  0.2503621E+01
   04  0.2107635E+03  0.3100959E+04 -0.3945806E+03  0.1432535E+03  0.2493627E+01
   04  0.2122546E+03  0.3100948E+04 -0.3926386E+03  0.1434511E+03  0.2482364E+01
   04  0.2137458E+03  0.3100935E+04 -0.3905504E+03  0.1436736E+03  0.2469617E+01
   04  0.2152370E+03  0.3100921E+04 -0.3882533E+03  0.1439396E+03  0.2455274E+01
   04  0.2167281E+03  0.3100905E+04 -0.3857121E+03  0.1442634E+03  0.2439406E+01
   04  0.2182193E+03  0.3100888E+04 -0.3829345E+03  0.1446613E+03  0.2422241E+01
   04  0.2197105E+03  0.3100869E+04 -0.3799618E+03  0.1451324E+03  0.2404066E+01
   04  0.2212017E+03  0.3100851E+04 -0.3768552E+03  0.1456543E+03  0.2385212E+01
   04  0.2226928E+03  0.3100831E+04 -0.3736794E+03  0.1461945E+03  0.2366001E+01
   04  0.2241840E+03  0.3100812E+04 -0.3704919E+03  0.1467059E+03  0.2346722E+01
   04  0.2256752E+03  0.3100793E+04 -0.3673264E+03  0.1471514E+03  0.2327543E+01
   04  0.2271663E+03  0.3100774E+04 -0.3642010E+03  0.1475125E+03  0.2308563E+01
   04  0.2286575E+03  0.3100755E+04 -0.3611283E+03  0.1477761E+03  0.2289781E+01
   04  0.2301487E+03  0.3100737E+04 -0.3581195E+03  0.1479590E+03  0.2271265E+01
   04  0.2316398E+03  0.3100718E+04 -0.3551912E+03  0.1480961E+03  0.2253111E+01
   04  0.2331310E+03  0.3100701E+04 -0.3523560E+03  0.1482281E+03  0.2235401E+01
   04  0.2346222E+03  0.3100683E+04 -0.3496114E+03  0.1483984E+03  0.2218106E+01
   04  0.2361133E+03  0.3100666E+04 -0.3469370E+03  0.1486343E+03  0.2201077E+01
   04  0.2376045E+03  0.3100649E+04 -0.3442854E+03  0.1489417E+03  0.2184037E+01
   04  0.2390957E+03  0.3100632E+04 -0.3415782E+03  0.1493182E+03  0.2166515E+01
   04  0.2405868E+03  0.3100613E+04 -0.3387087E+03  0.1497546E+03  0.2147947E+01
   04  0.2420780E+03  0.3100593E+04 -0.3355544E+03  0.1502285E+03  0.2127675E+01
   04  0.2435692E+03  0.3100570E+04 -0.3319895E+03  0.1507195E+03  0.2105026E+01
   04  0.2450603E+03  0.3100545E+04 -0.3279026E+03  0.1512091E+03  0.2079426E+01
   04  0.2465515E+03  0.3100516E+04 -0.3232225E+03  0.1516792E+03  0.2050530E+01
   04  0.2480427E+03  0.3100484E+04 -0.3179433E+03  0.1521129E+03  0.2018377E+01
   04  0.2495338E+03  0.3100449E+04 -0.3121393E+03  0.1524977E+03  0.1983453E+01
   04  0.2510250E+03  0.3100412E+04 -0.3059532E+03  0.1528415E+03  0.1946606E+01
   04  0.2525162E+03  0.3100374E+04 -0.2995674E+03  0.1531652E+03  0.1908875E+01
   04  0.2540073E+03  0.3100337E+04 -0.2931558E+03  0.1534872E+03  0.1871201E+01
   04  0.2554985E+03  0.3100299E+04 -0.2868342E+03  0.1538193E+03  0.1834176E+01
   04  0.2569897E+03  0.3100263E+04 -0.2806343E+03  0.1541691E+03  0.1797910E+01
   04  0.2584808E+03  0.3100227E+04 -0.2745056E+03  0.1545446E+03  0.1762068E+01
   04  0.2599720E+03  0.3100191E+04 -0.2683341E+03  0.1549423E+03  0.1725933E+01
   04  0.2614632E+03  0.3100154E+04 -0.2619710E+03  0.1553596E+03  0.1688602E+01
   04  0.2629543E+03  0.3100115E+04 -0.2552681E+03  0.1557812E+03  0.1649202E+01
   04  0.2644455E+03  0.3100072E+04 -0.2481069E+03  0.1561957E+03  0.1606992E+01
   04  0.2659367E+03  0.3100027E+04 -0.2404231E+03  0.1565925E+03  0.1561603E+01
   04  0.2674278E+03  0.3099978E+04 -0.2322268E+03  0.1569666E+03  0.1513108E+01
   04  0.2689190E+03  0.3099927E+04 -0.2236058E+03  0.1573169E+03  0.1462037E+01
   04  0.2704102E+03  0.3099875E+04 -0.2147175E+03  0.1576450E+03  0.1409260E+01
   04  0.2719014E+03  0.3099821E+04 -0.2057549E+03  0.1579561E+03  0.1355831E+01
   04  0.2733925E+03  0.3099768E+04 -0.1968929E+03  0.1582589E+03  0.1302811E+01
   04  0.2748837E+03  0.3099716E+04 -0.1882607E+03  0.1585643E+03  0.1251011E+01
   04  0.2763749E+03  0.3099666E+04 -0.1799201E+03  0.1588812E+03  0.1200843E+01
   04  0.2778660E+03  0.3099618E+04 -0.1718592E+03  0.1592143E+03  0.1152310E+01
   04  0.2793572E+03  0.3099570E+04 -0.1640015E+03  0.1595628E+03  0.1105087E+01
   04  0.2808484E+03  0.3099524E+04 -0.1562373E+03  0.1599217E+03  0.1058606E+01
   04  0.2823395E+03  0.3099478E+04 -0.1484504E+03  0.1602819E+03  0.1012222E+01
   04  0.2838307E+03  0.3099431E+04 -0.1405451E+03  0.1606318E+03  0.9653826E+00
   04  0.2853219E+03  0.3099383E+04 -0.1324702E+03  0.1609576E+03  0.9177755E+00
   04  0.2868130E+03  0.3099335E+04 -0.1242385E+03  0.1612455E+03  0.8694343E+00
   04  0.2883042E+03  0.3099286E+04 -0.1159338E+03  0.1614832E+03  0.8207801E+00
   04  0.2897954E+03  0.3099238E+04 -0.1077006E+03  0.1616640E+03  0.7725998E+00
   04  0.2912865E+03  0.3099191E+04 -0.9971260E+02  0.1617659E+03  0.7259032E+00
   04  0.2927777E+03  0.3099147E+04 -0.9213592E+02  0.1617749E+03  0.6817153E+00
   04  0.2942689E+03  0.3099106E+04 -0.8510247E+02  0.1616876E+03  0.6408015E+00
   04  0.2957600E+03  0.3099069E+04 -0.7869697E+02  0.1615060E+03  0.6036484E+00
   04  0.2972512E+03  0.3099036E+04 -0.7295045E+02  0.1612263E+03  0.5704430E+00
   04  0.2987424E+03  0.3099006E+04 -0.6783904E+02  0.1608407E+03  0.5410620E+00
   04  0.3002335E+03  0.3098980E+04 -0.6328490E+02  0.1603367E+03  0.5150669E+00
   04  0.3017247E+03  0.3098957E+04 -0.5917480E+02  0.1597090E+03  0.4917623E+00
   04  0.3032159E+03  0.3098936E+04 -0.5539133E+02  0.1589439E+03  0.4704012E+00
   04  0.3047070E+03  0.3098916E+04 -0.5182357E+02  0.1580227E+03  0.4502808E+00
   04  0.3061982E+03  0.3098896E+04 -0.4836837E+02  0.1569263E+03  0.4307740E+00
   04  0.3076894E+03  0.3098877E+04 -0.4493833E+02  0.1556572E+03  0.4112980E+00
   04  0.3091805E+03  0.3098857E+04 -0.4147162E+02  0.1542257E+03  0.3914175E+00
   04  0.3106717E+03  0.3098836E+04 -0.3794008E+02  0.1526452E+03  0.3709340E+00
   04  0.3121629E+03  0.3098815E+04 -0.3435056E+02  0.1509295E+03  0.3498998E+00
   04  0.3136540E+03  0.3098794E+04 -0.3074022E+02  0.1490951E+03  0.3285802E+00
   04  0.3151452E+03  0.3098773E+04 -0.2716625E+02  0.1471630E+03  0.3073693E+00
   04  0.3165017E+03  0.3098754E+04 -0.2400071E+02  0.1453417E+03  0.2885224E+00
   04  0.3178581E+03  0.3098736E+04 -0.2096112E+02  0.1434862E+03  0.2703902E+00
   04  0.3192146E+03  0.3098718E+04 -0.1807913E+02  0.1416215E+03  0.2531506E+00
   04  0.3205710E+03  0.3098702E+04 -0.1537184E+02  0.1397720E+03  0.2368606E+00
   04  0.3219275E+03  0.3098687E+04 -0.1283941E+02  0.1379598E+03  0.2214646E+00
   04  0.3232839E+03  0.3098672E+04 -0.1046579E+02  0.1362023E+03  0.2068181E+00
   04  0.3246404E+03  0.3098658E+04 -0.8224975E+01  0.1345122E+03  0.1927052E+00
   04  0.3259968E+03  0.3098644E+04 -0.6083117E+01  0.1328962E+03  0.1788875E+00
   04  0.3273533E+03  0.3098630E+04 -0.4004926E+01  0.1313559E+03  0.1651349E+00
   04  0.3287097E+03  0.3098617E+04 -0.1958626E+01  0.1298876E+03  0.1512579E+00
   04  0.3300662E+03  0.3098602E+04  0.7956769E-01  0.1284838E+03  0.1371301E+00
   04  0.3314226E+03  0.3098588E+04  0.2121694E+01  0.1271335E+03  0.1227058E+00
   04  0.3327791E+03  0.3098573E+04  0.4165146E+01  0.1258234E+03  0.1080342E+00
   04  0.3341355E+03  0.3098559E+04  0.6190652E+01  0.1245394E+03  0.9326953E-01
   04  0.3354920E+03  0.3098544E+04  0.8161902E+01  0.1232677E+03  0.7867062E-01
   04  0.3368484E+03  0.3098530E+04  0.1002837E+02  0.1219974E+03  0.6457839E-01
   04  0.3382049E+03  0.3098517E+04  0.1173303E+02  0.1207212E+03  0.5136583E-01
   04  0.3395613E+03  0.3098505E+04  0.1322463E+02  0.1194371E+03  0.3936389E-01
   04  0.3409178E+03  0.3098494E+04  0.1446952E+02  0.1181473E+03  0.2878751E-01
   04  0.3422742E+03  0.3098485E+04  0.1545981E+02  0.1168572E+03  0.1968755E-01
   04  0.3436307E+03  0.3098477E+04  0.1621179E+02  0.1155734E+03  0.1197045E-01
   04  0.3449871E+03  0.3098471E+04  0.1675906E+02  0.1143028E+03  0.5444183E-02
   04  0.3463436E+03  0.3098465E+04  0.1714312E+02  0.1130520E+03 -0.1309190E-03
   04  0.3477000E+03  0.3098460E+04  0.1740864E+02  0.1118265E+03 -0.5022218E-02
   04  0.3490565E+03  0.3098456E+04  0.1759955E+02  0.1106305E+03 -0.9499823E-02
   04  0.3504130E+03  0.3098451E+04  0.1775361E+02  0.1094669E+03 -0.1380763E-01
   04  0.3517694E+03  0.3098447E+04  0.1790109E+02  0.1083386E+03 -0.1814829E-01
   04  0.3531259E+03  0.3098443E+04  0.1806700E+02  0.1072498E+03 -0.2269304E-01
   04  0.3544823E+03  0.3098438E+04  0.1827466E+02  0.1062057E+03 -0.2760481E-01
   04  0.3558388E+03  0.3098432E+04  0.1854823E+02  0.1052116E+03 -0.3305560E-01
   04  0.3574665E+03  0.3098425E+04  0.1900266E+02  0.1040929E+03 -0.4057246E-01
   04  0.3590942E+03  0.3098416E+04  0.1964436E+02  0.1030508E+03 -0.4947680E-01
   04  0.3607220E+03  0.3098405E+04  0.2052800E+02  0.1020800E+03 -0.6011629E-01
   04  0.3623497E+03  0.3098393E+04  0.2170019E+02  0.1011640E+03 -0.7277926E-01
   04  0.3639775E+03  0.3098378E+04  0.2318076E+02  0.1002731E+03 -0.8756900E-01
   04  0.3656052E+03  0.3098361E+04  0.2494387E+02  0.9937580E+02 -0.1043042E+00
   04  0.3672329E+03  0.3098343E+04  0.2691166E+02  0.9844076E+02 -0.1224777E+00
   04  0.3688607E+03  0.3098324E+04  0.2896769E+02  0.9744824E+02 -0.1413492E+00
   04  0.3704884E+03  0.3098305E+04  0.3098679E+02  0.9638993E+02 -0.1601287E+00
   04  0.3721162E+03  0.3098287E+04  0.3286927E+02  0.9526533E+02 -0.1781774E+00
   04  0.3737439E+03  0.3098270E+04  0.3456254E+02  0.9407888E+02 -0.1951476E+00
   04  0.3753717E+03  0.3098254E+04  0.3606343E+02  0.9283684E+02 -0.2110248E+00
   04  0.3769994E+03  0.3098239E+04  0.3740853E+02  0.9154443E+02 -0.2260610E+00
   04  0.3786271E+03  0.3098225E+04  0.3865740E+02  0.9020468E+02 -0.2406762E+00
   04  0.3802549E+03  0.3098210E+04  0.3988006E+02  0.8881827E+02 -0.2553733E+00
   04  0.3818826E+03  0.3098195E+04  0.4114946E+02  0.8738396E+02 -0.2706935E+00
   04  0.3835104E+03  0.3098178E+04  0.4253925E+02  0.8590038E+02 -0.2872032E+00
   04  0.3851381E+03  0.3098160E+04  0.4412645E+02  0.8437051E+02 -0.3054975E+00
   04  0.3867658E+03  0.3098139E+04  0.4598180E+02  0.8278986E+02 -0.3260961E+00
   04  0.3883936E+03  0.3098116E+04  0.4816266E+02  0.8114121E+02 -0.3493781E+00
   04  0.3900213E+03  0.3098090E+04  0.5071214E+02  0.7940615E+02 -0.3755942E+00
   04  0.3916491E+03  0.3098061E+04  0.5364640E+02  0.7756598E+02 -0.4048000E+00
   04  0.3932768E+03  0.3098028E+04  0.5694141E+02  0.7560258E+02 -0.4368068E+00
   04  0.3949046E+03  0.3097994E+04  0.6052993E+02  0.7349710E+02 -0.4711502E+00
   04  0.3965323E+03  0.3097958E+04  0.6430733E+02  0.7123364E+02 -0.5071178E+00
   04  0.3981600E+03  0.3097921E+04  0.6814516E+02  0.6880007E+02 -0.5438268E+00
   04  0.3997878E+03  0.3097885E+04  0.7191233E+02  0.6619498E+02 -0.5803687E+00
   04  0.4014155E+03  0.3097849E+04  0.7549324E+02  0.6343001E+02 -0.6159351E+00
   04  0.4030433E+03  0.3097815E+04  0.7880552E+02  0.6052991E+02 -0.6499025E+00
   04  0.4046710E+03  0.3097783E+04  0.8180287E+02  0.5752843E+02 -0.6818827E+00
   04  0.4062987E+03  0.3097754E+04  0.8447572E+02  0.5446598E+02 -0.7117055E+00
   04  0.4079265E+03  0.3097726E+04  0.8684143E+02  0.5138911E+02 -0.7393558E+00
   04  0.4095542E+03  0.3097700E+04  0.8892912E+02  0.4833218E+02 -0.7648508E+00
   04  0.4111820E+03  0.3097677E+04  0.9077332E+02  0.4532465E+02 -0.7882625E+00
   04  0.4128097E+03  0.3097656E+04  0.9240985E+02  0.4238821E+02 -0.8096959E+00
   04  0.4144375E+03  0.3097636E+04  0.9387043E+02  0.3953575E+02 -0.8292815E+00
   04  0.4160652E+03  0.3097618E+04  0.9517899E+02  0.3677136E+02 -0.8471625E+00
   04  0.4176929E+03  0.3097602E+04  0.9635081E+02  0.3409161E+02 -0.8634779E+00
   04  0.4193207E+03  0.3097587E+04  0.9739573E+02  0.3148809E+02 -0.8783548E+00
   04  0.4209484E+03  0.3097573E+04  0.9831954E+02  0.2894946E+02 -0.8919002E+00
   04  0.4225762E+03  0.3097561E+04  0.9912119E+02  0.2646691E+02 -0.9041891E+00
   04  0.4242039E+03  0.3097550E+04  0.9979702E+02  0.2403218E+02 -0.9152659E+00
   04  0.4258316E+03  0.3097540E+04  0.1003523E+03  0.2163656E+02 -0.9252117E+00
   04  0.4274594E+03  0.3097531E+04  0.1008033E+03  0.1926924E+02 -0.9341454E+00
   04  0.4290871E+03  0.3097523E+04  0.1011599E+03  0.1692162E+02 -0.9421288E+00
   04  0.4307149E+03  0.3097516E+04  0.1014194E+03  0.1459270E+02 -0.9491398E+00
   04  0.4323426E+03  0.3097510E+04  0.1015771E+03  0.1228516E+02 -0.9551433E+00
   04  0.4339704E+03  0.3097505E+04  0.1016378E+03  0.1000753E+02 -0.9601485E+00
   04  0.4355981E+03  0.3097501E+04  0.1016092E+03  0.7773733E+01 -0.9641868E+00
   04  0.4372258E+03  0.3097498E+04  0.1014989E+03  0.5596226E+01 -0.9672945E+00
   04  0.4388536E+03  0.3097496E+04  0.1012975E+03  0.3479151E+01 -0.9694204E+00
   04  0.4404813E+03  0.3097495E+04  0.1009884E+03  0.1418377E+01 -0.9704865E+00
   04  0.4421091E+03  0.3097495E+04  0.1005641E+03 -0.5919888E+00 -0.9704691E+00
   04  0.4437368E+03  0.3097496E+04  0.1000213E+03 -0.2556710E+01 -0.9693920E+00
   04  0.4453645E+03  0.3097498E+04  0.9936197E+02 -0.4479563E+01 -0.9673155E+00
   04  0.4469923E+03  0.3097501E+04  0.9859237E+02 -0.6364602E+01 -0.9643322E+00
   04  0.4486200E+03  0.3097505E+04  0.9772096E+02 -0.8216684E+01 -0.9605622E+00
   04  0.4502478E+03  0.3097509E+04  0.9675837E+02 -0.1004155E+02 -0.9561314E+00
   04  0.4518755E+03  0.3097514E+04  0.9571555E+02 -0.1184536E+02 -0.9511571E+00
   04  0.4535033E+03  0.3097520E+04  0.9460140E+02 -0.1363404E+02 -0.9457430E+00
   04  0.4551310E+03  0.3097525E+04  0.9342257E+02 -0.1541281E+02 -0.9399737E+00
   04  0.4567587E+03  0.3097531E+04  0.9218441E+02 -0.1718625E+02 -0.9339117E+00
   04  0.4583865E+03  0.3097538E+04  0.9089193E+02 -0.1895852E+02 -0.9276031E+00
   04  0.4600142E+03  0.3097544E+04  0.8955096E+02 -0.2073351E+02 -0.9210887E+00
   04  0.4616420E+03  0.3097551E+04  0.8816914E+02 -0.2251492E+02 -0.9144158E+00
   04  0.4632697E+03  0.3097558E+04  0.8675696E+02 -0.2430604E+02 -0.9076450E+00
   04  0.4648974E+03  0.3097564E+04  0.8532818E+02 -0.2610960E+02 -0.9008524E+00
   04  0.4665252E+03  0.3097571E+04  0.8389888E+02 -0.2792759E+02 -0.8941286E+00
   04  0.4681529E+03  0.3097578E+04  0.8248595E+02 -0.2976115E+02 -0.8875732E+00
   04  0.4697807E+03  0.3097584E+04  0.8110525E+02 -0.3161057E+02 -0.8812861E+00
   04  0.4714084E+03  0.3097590E+04  0.7976994E+02 -0.3347551E+02 -0.8753579E+00
   04  0.4730362E+03  0.3097595E+04  0.7848895E+02 -0.3535541E+02 -0.8698604E+00
   04  0.4746639E+03  0.3097600E+04  0.7726608E+02 -0.3724984E+02 -0.8648396E+00
   04  0.4762916E+03  0.3097605E+04  0.7609931E+02 -0.3915859E+02 -0.8603127E+00
   04  0.4779194E+03  0.3097609E+04  0.7498101E+02 -0.4108121E+02 -0.8562674E+00
   04  0.4795471E+03  0.3097613E+04  0.7389878E+02 -0.4301607E+02 -0.8526654E+00
   04  0.4811749E+03  0.3097616E+04  0.7283671E+02 -0.4495902E+02 -0.8494484E+00
   04  0.4828026E+03  0.3097619E+04  0.7177690E+02 -0.4690192E+02 -0.8465471E+00
   04  0.4844303E+03  0.3097621E+04  0.7070043E+02 -0.4883196E+02 -0.8438859E+00
   04  0.4860581E+03  0.3097624E+04  0.6958818E+02 -0.5073249E+02 -0.8413832E+00
   04  0.4876858E+03  0.3097626E+04  0.6842191E+02 -0.5258477E+02 -0.8389510E+00
   04  0.4893136E+03  0.3097629E+04  0.6718597E+02 -0.5437048E+02 -0.8364948E+00
   04  0.4909413E+03  0.3097631E+04  0.6586961E+02 -0.5607351E+02 -0.8339216E+00
   04  0.4925691E+03  0.3097634E+04  0.6446875E+02 -0.5767979E+02 -0.8311544E+00
   04  0.4941968E+03  0.3097637E+04  0.6298703E+02 -0.5917697E+02 -0.8281444E+00
   04  0.4958245E+03  0.3097640E+04  0.6143389E+02 -0.6055429E+02 -0.8248648E+00
   04  0.4974523E+03  0.3097644E+04  0.5982968E+02 -0.6180353E+02 -0.8213463E+00
   04  0.4990800E+03  0.3097648E+04  0.5820034E+02 -0.6292011E+02 -0.8176496E+00
   04  0.5007078E+03  0.3097651E+04  0.5656912E+02 -0.6389816E+02 -0.8138517E+00
   04  0.5023355E+03  0.3097655E+04  0.5495832E+02 -0.6473601E+02 -0.8100150E+00
   04  0.5039632E+03  0.3097659E+04  0.5338714E+02 -0.6543339E+02 -0.8061854E+00
   04  0.5055910E+03  0.3097663E+04  0.5186722E+02 -0.6599045E+02 -0.8023263E+00
   04  0.5072187E+03  0.3097667E+04  0.5040183E+02 -0.6640305E+02 -0.7982960E+00
   04  0.5088465E+03  0.3097671E+04  0.4898921E+02 -0.6666882E+02 -0.7938990E+00
   04  0.5104742E+03  0.3097676E+04  0.4762358E+02 -0.6679106E+02 -0.7889527E+00
   04  0.5121020E+03  0.3097682E+04  0.4629121E+02 -0.6678596E+02 -0.7833552E+00
   04  0.5137297E+03  0.3097688E+04  0.4496851E+02 -0.6668326E+02 -0.7770909E+00
   04  0.5153574E+03  0.3097695E+04  0.4363027E+02 -0.6653788E+02 -0.7703006E+00
   04  0.5169852E+03  0.3097702E+04  0.4225548E+02 -0.6636384E+02 -0.7629098E+00
   04  0.5186129E+03  0.3097711E+04  0.4083417E+02 -0.6616099E+02 -0.7547928E+00
   04  0.5202407E+03  0.3097720E+04  0.3936360E+02 -0.6591044E+02 -0.7457584E+00
   04  0.5218684E+03  0.3097730E+04  0.3784176E+02 -0.6557462E+02 -0.7355507E+00
   04  0.5234961E+03  0.3097741E+04  0.3626708E+02 -0.6510208E+02 -0.7239192E+00
   04  0.5251239E+03  0.3097755E+04  0.3464322E+02 -0.6444264E+02 -0.7106231E+00
   04  0.5267516E+03  0.3097770E+04  0.3298126E+02 -0.6355449E+02 -0.6955223E+00
   04  0.5283794E+03  0.3097787E+04  0.3129939E+02 -0.6242073E+02 -0.6786023E+00
   04  0.5300071E+03  0.3097805E+04  0.2961848E+02 -0.6105242E+02 -0.6600340E+00
   04  0.5316349E+03  0.3097825E+04  0.2796121E+02 -0.5948492E+02 -0.6401513E+00
   04  0.5332626E+03  0.3097846E+04  0.2634839E+02 -0.5776789E+02 -0.6193710E+00
   04  0.5348903E+03  0.3097867E+04  0.2479808E+02 -0.5595013E+02 -0.5981108E+00
   04  0.5365181E+03  0.3097889E+04  0.2332590E+02 -0.5407199E+02 -0.5767198E+00
   04  0.5381458E+03  0.3097910E+04  0.2194277E+02 -0.5216294E+02 -0.5554293E+00
   04  0.5397736E+03  0.3097931E+04  0.2065304E+02 -0.5024250E+02 -0.5343485E+00
   04  0.5414013E+03  0.3097952E+04  0.1945368E+02 -0.4832194E+02 -0.5134908E+00
   04  0.5430290E+03  0.3097972E+04  0.1833528E+02 -0.4640719E+02 -0.4928067E+00
   04  0.5446568E+03  0.3097993E+04  0.1728455E+02 -0.4450166E+02 -0.4722115E+00
   04  0.5462845E+03  0.3098014E+04  0.1628684E+02 -0.4260850E+02 -0.4516089E+00
   04  0.5479123E+03  0.3098034E+04  0.1532805E+02 -0.4073159E+02 -0.4309099E+00
   04  0.5495400E+03  0.3098055E+04  0.1439623E+02 -0.3887545E+02 -0.4100456E+00
   04  0.5511678E+03  0.3098076E+04  0.1348354E+02 -0.3704460E+02 -0.3889713E+00
   04  0.5527955E+03  0.3098098E+04  0.1258574E+02 -0.3524311E+02 -0.3676711E+00
   04  0.5544232E+03  0.3098119E+04  0.1170140E+02 -0.3347423E+02 -0.3461548E+00
   04  0.5560510E+03  0.3098141E+04  0.1083096E+02 -0.3173995E+02 -0.3244507E+00
   04  0.5576787E+03  0.3098163E+04  0.9975744E+01 -0.3004064E+02 -0.3025971E+00
   04  0.5593065E+03  0.3098185E+04  0.9137091E+01 -0.2837455E+02 -0.2806346E+00
   04  0.5609342E+03  0.3098207E+04  0.8316047E+01 -0.2673756E+02 -0.2586028E+00
   04  0.5625619E+03  0.3098229E+04  0.7513287E+01 -0.2512292E+02 -0.2365360E+00
   04  0.5641897E+03  0.3098251E+04  0.6729159E+01 -0.2352127E+02 -0.2144599E+00
   04  0.5658174E+03  0.3098273E+04  0.5963723E+01 -0.2192120E+02 -0.1923887E+00
   04  0.5674452E+03  0.3098295E+04  0.5215971E+01 -0.2031018E+02 -0.1703217E+00
   04  0.5690729E+03  0.3098317E+04  0.4488718E+01 -0.1867472E+02 -0.1482714E+00
   04  0.5707007E+03  0.3098339E+04  0.3784562E+01 -0.1700179E+02 -0.1262420E+00
   04  0.5723284E+03  0.3098361E+04  0.3102468E+01 -0.1528109E+02 -0.1042165E+00
   04  0.5739561E+03  0.3098383E+04  0.2438371E+01 -0.1350785E+02 -0.8216429E-01
   04  0.5755839E+03  0.3098405E+04  0.1790412E+01 -0.1168295E+02 -0.6007913E-01
   04  0.5772116E+03  0.3098427E+04  0.1161482E+01 -0.9812210E+01 -0.3799560E-01
   04  0.5788394E+03  0.3098449E+04  0.5551127E+00 -0.7905678E+01 -0.1597458E-01
   04  0.5804671E+03  0.3098471E+04 -0.2304482E-01 -0.5976956E+01  0.5888201E-02
   04  0.5820948E+03  0.3098493E+04 -0.5687896E+00 -0.4042421E+01  0.2748837E-01
   04  0.5837226E+03  0.3098514E+04 -0.1083028E+01 -0.2120618E+01  0.4873024E-01
   04  0.5853503E+03  0.3098535E+04 -0.1569753E+01 -0.2306306E+00  0.6952046E-01
   04  0.5869781E+03  0.3098555E+04 -0.2033274E+01  0.1609655E+01  0.8977296E-01
   04  0.5886058E+03  0.3098575E+04 -0.2477920E+01  0.3385541E+01  0.1094123E+00
   04  0.5902336E+03  0.3098594E+04 -0.2908040E+01  0.5087339E+01  0.1283787E+00
   04  0.5918613E+03  0.3098612E+04 -0.3328297E+01  0.6711255E+01  0.1466394E+00
   04  0.5934890E+03  0.3098629E+04 -0.3737328E+01  0.8258737E+01  0.1641669E+00
   04  0.5951168E+03  0.3098646E+04 -0.4137490E+01  0.9737366E+01  0.1809863E+00
   04  0.5967445E+03  0.3098662E+04 -0.4533589E+01  0.1116091E+02  0.1971653E+00
   04  0.5983723E+03  0.3098678E+04 -0.4926356E+01  0.1254684E+02  0.2127789E+00
