# gauge_id= 615 location=( -0.1242106071E+03  0.4175726850E+02 ) num_var=  4
# Stationary gauge
# level, time, q[  1  2  3], eta, aux[]
# file format ascii, time series follow in this file
   04  0.0000000E+00  0.1433921E+02  0.0000000E+00  0.0000000E+00  0.0000000E+00
   04  0.1000000E+01  0.1433921E+02  0.1559985E-15 -0.1284463E-15  0.8351999E+00
   04  0.1015873E+01  0.1433921E+02  0.4156079E-03 -0.1133566E-04  0.8352023E+00
   04  0.1031746E+01  0.1433922E+02  0.8311977E-03 -0.2266721E-04  0.8352047E+00
   04  0.1047619E+01  0.1433922E+02  0.1246769E-02 -0.3399463E-04  0.8352071E+00
   04  0.1063492E+01  0.1433922E+02  0.1662323E-02 -0.4531790E-04  0.8352095E+00
   04  0.1079365E+01  0.1433922E+02  0.2077858E-02 -0.5663701E-04  0.8352119E+00
   04  0.1095238E+01  0.1433923E+02  0.2493375E-02 -0.6795193E-04  0.8352143E+00
   04  0.1111111E+01  0.1433923E+02  0.2908874E-02 -0.7926263E-04  0.8352167E+00
   04  0.1126984E+01  0.1433923E+02  0.3324354E-02 -0.9056911E-04  0.8352190E+00
   04  0.1142857E+01  0.1433923E+02  0.3739816E-02 -0.1018713E-03  0.8352214E+00
   04  0.1158730E+01  0.1433924E+02  0.4155260E-02 -0.1131693E-03  0.8352238E+00
   04  0.1174603E+01  0.1433924E+02  0.4570684E-02 -0.1244630E-03  0.8352262E+00
   04  0.1190476E+01  0.1433924E+02  0.4986091E-02 -0.1357523E-03  0.8352285E+00
   04  0.1206349E+01  0.1433924E+02  0.5401478E-02 -0.1470373E-03  0.8352309E+00
   04  0.1222222E+01  0.1433924E+02  0.5816847E-02 -0.1583180E-03  0.8352333E+00
   04  0.1238095E+01  0.1433925E+02  0.6232198E-02 -0.1695943E-03  0.8352356E+00
   04  0.1253968E+01  0.1433925E+02  0.6647529E-02 -0.1808663E-03  0.8352380E+00
   04  0.1269841E+01  0.1433925E+02  0.7062842E-02 -0.1921338E-03  0.8352403E+00
   04  0.1285714E+01  0.1433925E+02  0.7478135E-02 -0.2033969E-03  0.8352427E+00
   04  0.1301587E+01  0.1433926E+02  0.7893410E-02 -0.2146556E-03  0.8352450E+00
   04  0.1317460E+01  0.1433926E+02  0.8308666E-02 -0.2259098E-03  0.8352474E+00
   04  0.1333333E+01  0.1433926E+02  0.8723902E-02 -0.2371596E-03  0.8352497E+00
   04  0.1349206E+01  0.1433926E+02  0.9139120E-02 -0.2484048E-03  0.8352520E+00
   04  0.1365079E+01  0.1433927E+02  0.9554318E-02 -0.2596456E-03  0.8352544E+00
   04  0.1380952E+01  0.1433927E+02  0.9969497E-02 -0.2708818E-03  0.8352567E+00
   04  0.1396825E+01  0.1433927E+02  0.1038466E-01 -0.2821136E-03  0.8352590E+00
   04  0.1412698E+01  0.1433927E+02  0.1079980E-01 -0.2933407E-03  0.8352614E+00
   04  0.1428571E+01  0.1433928E+02  0.1121492E-01 -0.3045633E-03  0.8352637E+00
   04  0.1476190E+01  0.1433928E+02  0.1246012E-01 -0.3381977E-03  0.8352706E+00
   04  0.1523810E+01  0.1433929E+02  0.1370515E-01 -0.3717906E-03  0.8352775E+00
   04  0.1571429E+01  0.1433930E+02  0.1495000E-01 -0.4053416E-03  0.8352844E+00
   04  0.1619048E+01  0.1433930E+02  0.1619468E-01 -0.4388504E-03  0.8352913E+00
   04  0.1666667E+01  0.1433931E+02  0.1743917E-01 -0.4723167E-03  0.8352981E+00
   04  0.1714286E+01  0.1433932E+02  0.1868348E-01 -0.5057400E-03  0.8353049E+00
   04  0.1761905E+01  0.1433932E+02  0.1992761E-01 -0.5391201E-03  0.8353117E+00
   04  0.1809524E+01  0.1433933E+02  0.2117156E-01 -0.5724567E-03  0.8353185E+00
   04  0.1857143E+01  0.1433934E+02  0.2241532E-01 -0.6057496E-03  0.8353252E+00
   04  0.1904762E+01  0.1433934E+02  0.2365889E-01 -0.6389983E-03  0.8353319E+00
   04  0.1952381E+01  0.1433935E+02  0.2490227E-01 -0.6722028E-03  0.8353386E+00
   04  0.2000000E+01  0.1433936E+02  0.2614547E-01 -0.7053627E-03  0.8353452E+00
   04  0.5727919E+01  0.1433978E+02  0.1225219E+00 -0.3149643E-02  0.8357724E+00
   04  0.9455838E+01  0.1434004E+02  0.2174138E+00 -0.5366645E-02  0.8360304E+00
   04  0.1318376E+02  0.1434011E+02  0.3102203E+00 -0.7597347E-02  0.8361005E+00
   04  0.1691168E+02  0.1433998E+02  0.4004035E+00 -0.1013777E-01  0.8359660E+00
   04  0.2063960E+02  0.1433963E+02  0.4875298E+00 -0.1314526E-01  0.8356154E+00
   04  0.2436752E+02  0.1433905E+02  0.5711567E+00 -0.1668473E-01  0.8350418E+00
   04  0.2809543E+02  0.1433826E+02  0.6509591E+00 -0.2082340E-01  0.8342444E+00
   04  0.3182335E+02  0.1433724E+02  0.7266861E+00 -0.2565059E-01  0.8332268E+00
   04  0.3555127E+02  0.1433601E+02  0.7981582E+00 -0.3124555E-01  0.8319961E+00
   04  0.3927919E+02  0.1433457E+02  0.8652593E+00 -0.3766992E-01  0.8305618E+00
   04  0.4300711E+02  0.1433295E+02  0.9279228E+00 -0.4501653E-01  0.8289406E+00
   04  0.4673503E+02  0.1433116E+02  0.9861330E+00 -0.5327975E-01  0.8271447E+00
   04  0.5046295E+02  0.1432921E+02  0.1040017E+01 -0.6244901E-01  0.8251949E+00
   04  0.5419087E+02  0.1432715E+02  0.1090063E+01 -0.7248477E-01  0.8231412E+00
   04  0.5791879E+02  0.1432502E+02  0.1136565E+01 -0.8332010E-01  0.8210129E+00
   04  0.6164671E+02  0.1432285E+02  0.1179697E+01 -0.9497747E-01  0.8188352E+00
   04  0.6537463E+02  0.1432064E+02  0.1219584E+01 -0.1074776E+00  0.8166292E+00
   04  0.6910255E+02  0.1431842E+02  0.1256319E+01 -0.1207545E+00  0.8144052E+00
   04  0.7283047E+02  0.1431618E+02  0.1289975E+01 -0.1347373E+00  0.8121705E+00
   04  0.7655838E+02  0.1431394E+02  0.1320618E+01 -0.1493535E+00  0.8099303E+00
   04  0.8028630E+02  0.1431170E+02  0.1348308E+01 -0.1645315E+00  0.8076884E+00
   04  0.8401422E+02  0.1430946E+02  0.1373109E+01 -0.1802014E+00  0.8054476E+00
   04  0.8774214E+02  0.1430722E+02  0.1395090E+01 -0.1962957E+00  0.8032099E+00
   04  0.9147006E+02  0.1430499E+02  0.1414335E+01 -0.2127487E+00  0.8009770E+00
   04  0.9445240E+02  0.1430320E+02  0.1427724E+01 -0.2261449E+00  0.7991908E+00
   04  0.9743473E+02  0.1430142E+02  0.1439478E+01 -0.2397020E+00  0.7974099E+00
   04  0.1004171E+03  0.1429965E+02  0.1449641E+01 -0.2533889E+00  0.7956346E+00
   04  0.1033994E+03  0.1429788E+02  0.1458262E+01 -0.2671755E+00  0.7938649E+00
   04  0.1063817E+03  0.1429614E+02  0.1465702E+01 -0.2810350E+00  0.7921262E+00
   04  0.1093641E+03  0.1429443E+02  0.1472076E+01 -0.2949377E+00  0.7904221E+00
   04  0.1123464E+03  0.1429276E+02  0.1477380E+01 -0.3088573E+00  0.7887459E+00
   04  0.1153287E+03  0.1429110E+02  0.1481621E+01 -0.3227734E+00  0.7870916E+00
   04  0.1183111E+03  0.1428947E+02  0.1484835E+01 -0.3366671E+00  0.7854557E+00
   04  0.1212934E+03  0.1428785E+02  0.1487064E+01 -0.3505187E+00  0.7838359E+00
   04  0.1242758E+03  0.1428624E+02  0.1488290E+01 -0.3644005E+00  0.7822280E+00
   04  0.1272581E+03  0.1428464E+02  0.1488477E+01 -0.3784202E+00  0.7806279E+00
   04  0.1302404E+03  0.1428305E+02  0.1487668E+01 -0.3925493E+00  0.7790364E+00
   04  0.1332228E+03  0.1428147E+02  0.1485899E+01 -0.4067742E+00  0.7774552E+00
   04  0.1362051E+03  0.1427990E+02  0.1483218E+01 -0.4210705E+00  0.7758866E+00
   04  0.1391874E+03  0.1427835E+02  0.1479679E+01 -0.4354136E+00  0.7743334E+00
   04  0.1421698E+03  0.1427681E+02  0.1475342E+01 -0.4497773E+00  0.7727986E+00
   04  0.1451521E+03  0.1427530E+02  0.1470270E+01 -0.4641363E+00  0.7712854E+00
   04  0.1481344E+03  0.1427381E+02  0.1464529E+01 -0.4784659E+00  0.7697972E+00
   04  0.1511168E+03  0.1427235E+02  0.1458189E+01 -0.4927427E+00  0.7683372E+00
   04  0.1540991E+03  0.1427092E+02  0.1451318E+01 -0.5069449E+00  0.7669088E+00
   04  0.1570814E+03  0.1426953E+02  0.1443989E+01 -0.5210519E+00  0.7655152E+00
   04  0.1600638E+03  0.1426817E+02  0.1436270E+01 -0.5350450E+00  0.7641596E+00
   04  0.1630461E+03  0.1426686E+02  0.1428234E+01 -0.5489068E+00  0.7628450E+00
   04  0.1660284E+03  0.1426559E+02  0.1419947E+01 -0.5626210E+00  0.7615742E+00
   04  0.1690108E+03  0.1426436E+02  0.1411477E+01 -0.5761726E+00  0.7603499E+00
   04  0.1719931E+03  0.1426319E+02  0.1402890E+01 -0.5895475E+00  0.7591743E+00
   04  0.1749755E+03  0.1426206E+02  0.1394245E+01 -0.6027322E+00  0.7580497E+00
   04  0.1779578E+03  0.1426099E+02  0.1385603E+01 -0.6157142E+00  0.7569777E+00
   04  0.1809401E+03  0.1425997E+02  0.1377015E+01 -0.6284814E+00  0.7559598E+00
   04  0.1824313E+03  0.1425949E+02  0.1372739E+01 -0.6347508E+00  0.7554746E+00
   04  0.1839225E+03  0.1425901E+02  0.1368471E+01 -0.6409674E+00  0.7550008E+00
   04  0.1854136E+03  0.1425855E+02  0.1364216E+01 -0.6471292E+00  0.7545387E+00
   04  0.1869048E+03  0.1425810E+02  0.1359980E+01 -0.6532343E+00  0.7540884E+00
   04  0.1883960E+03  0.1425766E+02  0.1355771E+01 -0.6592809E+00  0.7536502E+00
   04  0.1898871E+03  0.1425724E+02  0.1351594E+01 -0.6652671E+00  0.7532242E+00
   04  0.1913783E+03  0.1425682E+02  0.1347455E+01 -0.6712392E+00  0.7528067E+00
   04  0.1928695E+03  0.1425641E+02  0.1343360E+01 -0.6772046E+00  0.7523971E+00
   04  0.1943606E+03  0.1425601E+02  0.1339316E+01 -0.6831589E+00  0.7519952E+00
   04  0.1958518E+03  0.1425561E+02  0.1335326E+01 -0.6890981E+00  0.7516010E+00
   04  0.1973430E+03  0.1425523E+02  0.1331397E+01 -0.6950211E+00  0.7512145E+00
   04  0.1988341E+03  0.1425485E+02  0.1327534E+01 -0.7009269E+00  0.7508360E+00
   04  0.2003253E+03  0.1425448E+02  0.1323740E+01 -0.7068143E+00  0.7504656E+00
   04  0.2018165E+03  0.1425412E+02  0.1320022E+01 -0.7126818E+00  0.7501036E+00
   04  0.2033076E+03  0.1425376E+02  0.1316382E+01 -0.7185279E+00  0.7497502E+00
   04  0.2047988E+03  0.1425342E+02  0.1312826E+01 -0.7243510E+00  0.7494055E+00
   04  0.2062900E+03  0.1425308E+02  0.1309357E+01 -0.7301493E+00  0.7490698E+00
   04  0.2077811E+03  0.1425276E+02  0.1305978E+01 -0.7359210E+00  0.7487433E+00
   04  0.2092723E+03  0.1425244E+02  0.1302694E+01 -0.7416642E+00  0.7484263E+00
   04  0.2107635E+03  0.1425213E+02  0.1299509E+01 -0.7473769E+00  0.7481189E+00
   04  0.2122546E+03  0.1425183E+02  0.1296425E+01 -0.7530572E+00  0.7478214E+00
   04  0.2137458E+03  0.1425155E+02  0.1293447E+01 -0.7587030E+00  0.7475342E+00
   04  0.2152370E+03  0.1425127E+02  0.1290579E+01 -0.7643124E+00  0.7472573E+00
   04  0.2167281E+03  0.1425100E+02  0.1287822E+01 -0.7698833E+00  0.7469911E+00
   04  0.2182193E+03  0.1425075E+02  0.1285181E+01 -0.7754137E+00  0.7467357E+00
   04  0.2197105E+03  0.1425050E+02  0.1282658E+01 -0.7809016E+00  0.7464914E+00
   04  0.2212017E+03  0.1425027E+02  0.1280256E+01 -0.7863451E+00  0.7462583E+00
   04  0.2226928E+03  0.1425005E+02  0.1277977E+01 -0.7917424E+00  0.7460366E+00
   04  0.2241840E+03  0.1424984E+02  0.1275824E+01 -0.7970915E+00  0.7458264E+00
   04  0.2256752E+03  0.1424964E+02  0.1273798E+01 -0.8023908E+00  0.7456278E+00
   04  0.2271663E+03  0.1424945E+02  0.1271902E+01 -0.8076384E+00  0.7454410E+00
   04  0.2286575E+03  0.1424928E+02  0.1270138E+01 -0.8128327E+00  0.7452661E+00
   04  0.2301487E+03  0.1424911E+02  0.1268506E+01 -0.8179722E+00  0.7451030E+00
   04  0.2316398E+03  0.1424896E+02  0.1267007E+01 -0.8230553E+00  0.7449519E+00
   04  0.2331310E+03  0.1424882E+02  0.1265644E+01 -0.8280807E+00  0.7448127E+00
   04  0.2346222E+03  0.1424870E+02  0.1264417E+01 -0.8330469E+00  0.7446854E+00
   04  0.2361133E+03  0.1424858E+02  0.1263326E+01 -0.8379526E+00  0.7445700E+00
   04  0.2376045E+03  0.1424848E+02  0.1262372E+01 -0.8427964E+00  0.7444665E+00
   04  0.2390957E+03  0.1424839E+02  0.1261555E+01 -0.8475769E+00  0.7443746E+00
   04  0.2405868E+03  0.1424831E+02  0.1260875E+01 -0.8522914E+00  0.7442943E+00
   04  0.2420780E+03  0.1424824E+02  0.1260333E+01 -0.8569373E+00  0.7442253E+00
   04  0.2435692E+03  0.1424818E+02  0.1259928E+01 -0.8615127E+00  0.7441674E+00
   04  0.2450603E+03  0.1424813E+02  0.1259658E+01 -0.8660158E+00  0.7441203E+00
   04  0.2465515E+03  0.1424809E+02  0.1259520E+01 -0.8704379E+00  0.7440833E+00
   04  0.2480427E+03  0.1424807E+02  0.1259513E+01 -0.8747661E+00  0.7440551E+00
   04  0.2495338E+03  0.1424805E+02  0.1259634E+01 -0.8789980E+00  0.7440354E+00
   04  0.2510250E+03  0.1424804E+02  0.1259880E+01 -0.8831319E+00  0.7440238E+00
   04  0.2525162E+03  0.1424803E+02  0.1260249E+01 -0.8871662E+00  0.7440199E+00
   04  0.2540073E+03  0.1424804E+02  0.1260737E+01 -0.8910996E+00  0.7440236E+00
   04  0.2554985E+03  0.1424805E+02  0.1261340E+01 -0.8949306E+00  0.7440343E+00
   04  0.2569897E+03  0.1424806E+02  0.1262056E+01 -0.8986577E+00  0.7440517E+00
   04  0.2584808E+03  0.1424809E+02  0.1262879E+01 -0.9022795E+00  0.7440753E+00
   04  0.2599720E+03  0.1424812E+02  0.1263807E+01 -0.9057941E+00  0.7441048E+00
   04  0.2614632E+03  0.1424815E+02  0.1264834E+01 -0.9092000E+00  0.7441396E+00
   04  0.2629543E+03  0.1424819E+02  0.1265942E+01 -0.9124955E+00  0.7441804E+00
   04  0.2644455E+03  0.1424824E+02  0.1267119E+01 -0.9156785E+00  0.7442272E+00
   04  0.2659367E+03  0.1424829E+02  0.1268362E+01 -0.9187464E+00  0.7442792E+00
   04  0.2674278E+03  0.1424835E+02  0.1269668E+01 -0.9216966E+00  0.7443354E+00
   04  0.2689190E+03  0.1424841E+02  0.1271035E+01 -0.9245262E+00  0.7443951E+00
   04  0.2704102E+03  0.1424847E+02  0.1272457E+01 -0.9272324E+00  0.7444575E+00
   04  0.2719014E+03  0.1424853E+02  0.1273931E+01 -0.9298125E+00  0.7445217E+00
   04  0.2733925E+03  0.1424860E+02  0.1275453E+01 -0.9322636E+00  0.7445869E+00
   04  0.2748837E+03  0.1424866E+02  0.1277017E+01 -0.9345828E+00  0.7446523E+00
   04  0.2763749E+03  0.1424873E+02  0.1278620E+01 -0.9367673E+00  0.7447172E+00
   04  0.2778660E+03  0.1424879E+02  0.1280257E+01 -0.9388144E+00  0.7447808E+00
   04  0.2793572E+03  0.1424886E+02  0.1281923E+01 -0.9406956E+00  0.7448446E+00
   04  0.2808484E+03  0.1424892E+02  0.1283615E+01 -0.9423950E+00  0.7449087E+00
   04  0.2823395E+03  0.1424898E+02  0.1285331E+01 -0.9439083E+00  0.7449727E+00
   04  0.2838307E+03  0.1424905E+02  0.1287065E+01 -0.9452314E+00  0.7450360E+00
   04  0.2853219E+03  0.1424911E+02  0.1288815E+01 -0.9463606E+00  0.7450978E+00
   04  0.2868130E+03  0.1424917E+02  0.1290576E+01 -0.9472924E+00  0.7451576E+00
   04  0.2883042E+03  0.1424923E+02  0.1292345E+01 -0.9480237E+00  0.7452148E+00
   04  0.2897954E+03  0.1424928E+02  0.1294119E+01 -0.9485518E+00  0.7452689E+00
   04  0.2912865E+03  0.1424933E+02  0.1295893E+01 -0.9488742E+00  0.7453191E+00
   04  0.2927777E+03  0.1424938E+02  0.1297653E+01 -0.9489888E+00  0.7453641E+00
   04  0.2942689E+03  0.1424941E+02  0.1299372E+01 -0.9488954E+00  0.7454012E+00
   04  0.2957600E+03  0.1424944E+02  0.1301048E+01 -0.9485948E+00  0.7454304E+00
   04  0.2972512E+03  0.1424946E+02  0.1302681E+01 -0.9480880E+00  0.7454513E+00
   04  0.2987424E+03  0.1424948E+02  0.1304269E+01 -0.9473763E+00  0.7454638E+00
   04  0.3002335E+03  0.1424948E+02  0.1305811E+01 -0.9464612E+00  0.7454677E+00
   04  0.3017247E+03  0.1424947E+02  0.1307306E+01 -0.9453446E+00  0.7454627E+00
   04  0.3032159E+03  0.1424946E+02  0.1308753E+01 -0.9440287E+00  0.7454487E+00
   04  0.3047070E+03  0.1424944E+02  0.1310150E+01 -0.9425161E+00  0.7454255E+00
   04  0.3061982E+03  0.1424940E+02  0.1311495E+01 -0.9408097E+00  0.7453930E+00
   04  0.3076894E+03  0.1424936E+02  0.1312789E+01 -0.9389127E+00  0.7453510E+00
   04  0.3091805E+03  0.1424931E+02  0.1314029E+01 -0.9368285E+00  0.7452994E+00
   04  0.3106717E+03  0.1424925E+02  0.1315215E+01 -0.9345608E+00  0.7452382E+00
   04  0.3121629E+03  0.1424918E+02  0.1316345E+01 -0.9321135E+00  0.7451671E+00
   04  0.3136540E+03  0.1424910E+02  0.1317420E+01 -0.9294909E+00  0.7450860E+00
   04  0.3151452E+03  0.1424901E+02  0.1318439E+01 -0.9266977E+00  0.7449950E+00
   04  0.3165017E+03  0.1424891E+02  0.1319315E+01 -0.9240111E+00  0.7449030E+00
   04  0.3178581E+03  0.1424881E+02  0.1320144E+01 -0.9211914E+00  0.7448026E+00
   04  0.3192146E+03  0.1424871E+02  0.1320925E+01 -0.9182196E+00  0.7446956E+00
   04  0.3205710E+03  0.1424859E+02  0.1321659E+01 -0.9150923E+00  0.7445825E+00
   04  0.3219275E+03  0.1424847E+02  0.1322343E+01 -0.9118114E+00  0.7444631E+00
   04  0.3232839E+03  0.1424835E+02  0.1322979E+01 -0.9083789E+00  0.7443373E+00
   04  0.3246404E+03  0.1424822E+02  0.1323566E+01 -0.9047979E+00  0.7442052E+00
   04  0.3259968E+03  0.1424808E+02  0.1324103E+01 -0.9010717E+00  0.7440666E+00
   04  0.3273533E+03  0.1424793E+02  0.1324590E+01 -0.8972039E+00  0.7439215E+00
   04  0.3287097E+03  0.1424778E+02  0.1325027E+01 -0.8931978E+00  0.7437698E+00
   04  0.3300662E+03  0.1424762E+02  0.1325415E+01 -0.8890568E+00  0.7436116E+00
   04  0.3314226E+03  0.1424746E+02  0.1325753E+01 -0.8847842E+00  0.7434467E+00
   04  0.3327791E+03  0.1424729E+02  0.1326041E+01 -0.8803834E+00  0.7432750E+00
   04  0.3341355E+03  0.1424711E+02  0.1326280E+01 -0.8758578E+00  0.7430964E+00
   04  0.3354920E+03  0.1424692E+02  0.1326470E+01 -0.8712109E+00  0.7429109E+00
   04  0.3368484E+03  0.1424673E+02  0.1326611E+01 -0.8664462E+00  0.7427184E+00
   04  0.3382049E+03  0.1424653E+02  0.1326704E+01 -0.8615674E+00  0.7425186E+00
   04  0.3395613E+03  0.1424632E+02  0.1326750E+01 -0.8565782E+00  0.7423116E+00
   04  0.3409178E+03  0.1424611E+02  0.1326749E+01 -0.8514825E+00  0.7420972E+00
   04  0.3422742E+03  0.1424589E+02  0.1326701E+01 -0.8462841E+00  0.7418753E+00
   04  0.3436307E+03  0.1424566E+02  0.1326608E+01 -0.8409869E+00  0.7416458E+00
   04  0.3449871E+03  0.1424542E+02  0.1326471E+01 -0.8355951E+00  0.7414086E+00
   04  0.3463436E+03  0.1424518E+02  0.1326291E+01 -0.8301128E+00  0.7411636E+00
   04  0.3477000E+03  0.1424492E+02  0.1326068E+01 -0.8245446E+00  0.7409107E+00
   04  0.3490565E+03  0.1424466E+02  0.1325804E+01 -0.8188949E+00  0.7406497E+00
   04  0.3504130E+03  0.1424439E+02  0.1325501E+01 -0.8131680E+00  0.7403805E+00
   04  0.3517694E+03  0.1424411E+02  0.1325160E+01 -0.8073684E+00  0.7401031E+00
   04  0.3531259E+03  0.1424383E+02  0.1324783E+01 -0.8015004E+00  0.7398174E+00
   04  0.3544823E+03  0.1424353E+02  0.1324370E+01 -0.7955685E+00  0.7395232E+00
   04  0.3558388E+03  0.1424323E+02  0.1323924E+01 -0.7895769E+00  0.7392205E+00
   04  0.3574665E+03  0.1424286E+02  0.1323348E+01 -0.7823196E+00  0.7388454E+00
   04  0.3590942E+03  0.1424247E+02  0.1322729E+01 -0.7749876E+00  0.7384577E+00
   04  0.3607220E+03  0.1424207E+02  0.1322069E+01 -0.7675867E+00  0.7380572E+00
   04  0.3623497E+03  0.1424165E+02  0.1321355E+01 -0.7601223E+00  0.7376424E+00
   04  0.3639775E+03  0.1424122E+02  0.1320585E+01 -0.7526001E+00  0.7372129E+00
   04  0.3656052E+03  0.1424078E+02  0.1319761E+01 -0.7450258E+00  0.7367684E+00
   04  0.3672329E+03  0.1424032E+02  0.1318885E+01 -0.7374048E+00  0.7363086E+00
   04  0.3688607E+03  0.1423985E+02  0.1317956E+01 -0.7297423E+00  0.7358335E+00
   04  0.3704884E+03  0.1423935E+02  0.1316978E+01 -0.7220435E+00  0.7353429E+00
   04  0.3721162E+03  0.1423885E+02  0.1315951E+01 -0.7143133E+00  0.7348365E+00
   04  0.3737439E+03  0.1423833E+02  0.1314876E+01 -0.7065569E+00  0.7343142E+00
   04  0.3753717E+03  0.1423779E+02  0.1313756E+01 -0.6987790E+00  0.7337759E+00
   04  0.3769994E+03  0.1423723E+02  0.1312591E+01 -0.6909840E+00  0.7332215E+00
   04  0.3786271E+03  0.1423666E+02  0.1311383E+01 -0.6831760E+00  0.7326508E+00
   04  0.3802549E+03  0.1423608E+02  0.1310132E+01 -0.6753913E+00  0.7320665E+00
   04  0.3818826E+03  0.1423548E+02  0.1308838E+01 -0.6676389E+00  0.7314690E+00
   04  0.3835104E+03  0.1423487E+02  0.1307502E+01 -0.6599209E+00  0.7308582E+00
   04  0.3851381E+03  0.1423425E+02  0.1306123E+01 -0.6522389E+00  0.7302339E+00
   04  0.3867658E+03  0.1423361E+02  0.1304704E+01 -0.6445945E+00  0.7295960E+00
   04  0.3883936E+03  0.1423296E+02  0.1303245E+01 -0.6369887E+00  0.7289445E+00
   04  0.3900213E+03  0.1423229E+02  0.1301748E+01 -0.6294227E+00  0.7282792E+00
   04  0.3916491E+03  0.1423161E+02  0.1300214E+01 -0.6218969E+00  0.7276001E+00
   04  0.3932768E+03  0.1423092E+02  0.1298646E+01 -0.6144120E+00  0.7269070E+00
   04  0.3949046E+03  0.1423021E+02  0.1297046E+01 -0.6069679E+00  0.7261999E+00
   04  0.3965323E+03  0.1422949E+02  0.1295417E+01 -0.5995648E+00  0.7254787E+00
   04  0.3981600E+03  0.1422875E+02  0.1293763E+01 -0.5922024E+00  0.7247432E+00
   04  0.3997878E+03  0.1422801E+02  0.1292087E+01 -0.5848801E+00  0.7239936E+00
   04  0.4014155E+03  0.1422724E+02  0.1290392E+01 -0.5775974E+00  0.7232297E+00
   04  0.4030433E+03  0.1422646E+02  0.1288680E+01 -0.5703533E+00  0.7224514E+00
   04  0.4046710E+03  0.1422567E+02  0.1286955E+01 -0.5631255E+00  0.7216571E+00
   04  0.4062987E+03  0.1422486E+02  0.1285218E+01 -0.5559132E+00  0.7208468E+00
   04  0.4079265E+03  0.1422403E+02  0.1283472E+01 -0.5487171E+00  0.7200207E+00
   04  0.4095542E+03  0.1422319E+02  0.1281718E+01 -0.5415378E+00  0.7191789E+00
   04  0.4111820E+03  0.1422233E+02  0.1279961E+01 -0.5343756E+00  0.7183217E+00
   04  0.4128097E+03  0.1422146E+02  0.1278202E+01 -0.5272305E+00  0.7174492E+00
   04  0.4144375E+03  0.1422057E+02  0.1276443E+01 -0.5201022E+00  0.7165616E+00
   04  0.4160652E+03  0.1421967E+02  0.1274687E+01 -0.5129900E+00  0.7156589E+00
   04  0.4176929E+03  0.1421875E+02  0.1272936E+01 -0.5058932E+00  0.7147414E+00
   04  0.4193207E+03  0.1421782E+02  0.1271194E+01 -0.4988107E+00  0.7138090E+00
   04  0.4209484E+03  0.1421687E+02  0.1269461E+01 -0.4917413E+00  0.7128620E+00
   04  0.4225762E+03  0.1421591E+02  0.1267739E+01 -0.4846833E+00  0.7119004E+00
   04  0.4242039E+03  0.1421494E+02  0.1266032E+01 -0.4776352E+00  0.7109242E+00
   04  0.4258316E+03  0.1421395E+02  0.1264341E+01 -0.4705949E+00  0.7099335E+00
   04  0.4274594E+03  0.1421294E+02  0.1262668E+01 -0.4635605E+00  0.7089283E+00
   04  0.4290871E+03  0.1421192E+02  0.1261014E+01 -0.4565295E+00  0.7079086E+00
   04  0.4307149E+03  0.1421089E+02  0.1259380E+01 -0.4494996E+00  0.7068744E+00
   04  0.4323426E+03  0.1420984E+02  0.1257769E+01 -0.4424682E+00  0.7058256E+00
   04  0.4339704E+03  0.1420877E+02  0.1256181E+01 -0.4354325E+00  0.7047622E+00
   04  0.4355981E+03  0.1420770E+02  0.1254618E+01 -0.4283897E+00  0.7036841E+00
   04  0.4372258E+03  0.1420660E+02  0.1253081E+01 -0.4213366E+00  0.7025912E+00
   04  0.4388536E+03  0.1420550E+02  0.1251569E+01 -0.4142703E+00  0.7014835E+00
   04  0.4404813E+03  0.1420437E+02  0.1250085E+01 -0.4071874E+00  0.7003608E+00
   04  0.4421091E+03  0.1420323E+02  0.1248628E+01 -0.4000846E+00  0.6992229E+00
   04  0.4437368E+03  0.1420208E+02  0.1247199E+01 -0.3929584E+00  0.6980698E+00
   04  0.4453645E+03  0.1420091E+02  0.1245799E+01 -0.3858054E+00  0.6969012E+00
   04  0.4469923E+03  0.1419973E+02  0.1244426E+01 -0.3786218E+00  0.6957170E+00
   04  0.4486200E+03  0.1419853E+02  0.1243083E+01 -0.3714042E+00  0.6945169E+00
   04  0.4502478E+03  0.1419731E+02  0.1241767E+01 -0.3641487E+00  0.6933008E+00
   04  0.4518755E+03  0.1419608E+02  0.1240481E+01 -0.3568516E+00  0.6920685E+00
   04  0.4535033E+03  0.1419483E+02  0.1239222E+01 -0.3495092E+00  0.6908197E+00
   04  0.4551310E+03  0.1419357E+02  0.1237991E+01 -0.3421177E+00  0.6895542E+00
   04  0.4567587E+03  0.1419228E+02  0.1236788E+01 -0.3346732E+00  0.6882718E+00
   04  0.4583865E+03  0.1419098E+02  0.1235612E+01 -0.3271719E+00  0.6869722E+00
   04  0.4600142E+03  0.1418967E+02  0.1234463E+01 -0.3196100E+00  0.6856552E+00
   04  0.4616420E+03  0.1418833E+02  0.1233340E+01 -0.3119837E+00  0.6843206E+00
   04  0.4632697E+03  0.1418698E+02  0.1232242E+01 -0.3042892E+00  0.6829680E+00
   04  0.4648974E+03  0.1418561E+02  0.1231170E+01 -0.2965229E+00  0.6815972E+00
   04  0.4665252E+03  0.1418422E+02  0.1230123E+01 -0.2886810E+00  0.6802080E+00
   04  0.4681529E+03  0.1418281E+02  0.1229101E+01 -0.2807599E+00  0.6788001E+00
   04  0.4697807E+03  0.1418138E+02  0.1228102E+01 -0.2727560E+00  0.6773732E+00
   04  0.4714084E+03  0.1417994E+02  0.1227127E+01 -0.2646658E+00  0.6759271E+00
   04  0.4730362E+03  0.1417847E+02  0.1226175E+01 -0.2564857E+00  0.6744614E+00
   04  0.4746639E+03  0.1417699E+02  0.1225246E+01 -0.2482005E+00  0.6729749E+00
   04  0.4762916E+03  0.1417548E+02  0.1224340E+01 -0.2397666E+00  0.6714640E+00
   04  0.4779194E+03  0.1417394E+02  0.1223459E+01 -0.2311800E+00  0.6699284E+00
   04  0.4795471E+03  0.1417238E+02  0.1222602E+01 -0.2224369E+00  0.6683676E+00
   04  0.4811749E+03  0.1417079E+02  0.1221762E+01 -0.2135415E+00  0.6667814E+00
   04  0.4828026E+03  0.1416918E+02  0.1220947E+01 -0.2044818E+00  0.6651696E+00
   04  0.4844303E+03  0.1416754E+02  0.1220158E+01 -0.1952544E+00  0.6635319E+00
   04  0.4860581E+03  0.1416588E+02  0.1219397E+01 -0.1858557E+00  0.6618681E+00
   04  0.4876858E+03  0.1416419E+02  0.1218666E+01 -0.1762818E+00  0.6601781E+00
   04  0.4893136E+03  0.1416247E+02  0.1217965E+01 -0.1665285E+00  0.6584614E+00
   04  0.4909413E+03  0.1416073E+02  0.1217294E+01 -0.1565901E+00  0.6567177E+00
   04  0.4925691E+03  0.1415896E+02  0.1216654E+01 -0.1464580E+00  0.6549463E+00
   04  0.4941968E+03  0.1415716E+02  0.1216045E+01 -0.1361482E+00  0.6531485E+00
   04  0.4958245E+03  0.1415534E+02  0.1215467E+01 -0.1256800E+00  0.6513262E+00
   04  0.4974523E+03  0.1415349E+02  0.1214921E+01 -0.1150511E+00  0.6494794E+00
   04  0.4990800E+03  0.1415162E+02  0.1214408E+01 -0.1042592E+00  0.6476077E+00
   04  0.5007078E+03  0.1414972E+02  0.1213930E+01 -0.9330270E-01  0.6457112E+00
   04  0.5023355E+03  0.1414780E+02  0.1213486E+01 -0.8217987E-01  0.6437895E+00
   04  0.5039632E+03  0.1414585E+02  0.1213076E+01 -0.7088943E-01  0.6418425E+00
   04  0.5055910E+03  0.1414388E+02  0.1212702E+01 -0.5943989E-01  0.6398707E+00
   04  0.5072187E+03  0.1414189E+02  0.1212365E+01 -0.4783550E-01  0.6378740E+00
   04  0.5088465E+03  0.1413986E+02  0.1212067E+01 -0.3607488E-01  0.6358525E+00
   04  0.5104742E+03  0.1413782E+02  0.1211808E+01 -0.2415765E-01  0.6338055E+00
   04  0.5121020E+03  0.1413574E+02  0.1211589E+01 -0.1210090E-01  0.6317312E+00
   04  0.5137297E+03  0.1413364E+02  0.1211412E+01  0.8681692E-04  0.6296284E+00
   04  0.5153574E+03  0.1413151E+02  0.1211277E+01  0.1240806E-01  0.6274967E+00
   04  0.5169852E+03  0.1412935E+02  0.1211185E+01  0.2486706E-01  0.6253360E+00
   04  0.5186129E+03  0.1412716E+02  0.1211134E+01  0.3746779E-01  0.6231461E+00
   04  0.5202407E+03  0.1412494E+02  0.1211126E+01  0.5021401E-01  0.6209270E+00
   04  0.5218684E+03  0.1412269E+02  0.1211161E+01  0.6310923E-01  0.6186785E+00
   04  0.5234961E+03  0.1412041E+02  0.1211238E+01  0.7615671E-01  0.6164004E+00
   04  0.5251239E+03  0.1411810E+02  0.1211358E+01  0.8935945E-01  0.6140927E+00
   04  0.5267516E+03  0.1411577E+02  0.1211520E+01  0.1027202E+00  0.6117552E+00
   04  0.5283794E+03  0.1411340E+02  0.1211726E+01  0.1162413E+00  0.6093878E+00
   04  0.5300071E+03  0.1411100E+02  0.1211974E+01  0.1299248E+00  0.6069904E+00
   04  0.5316349E+03  0.1410857E+02  0.1212264E+01  0.1437725E+00  0.6045629E+00
   04  0.5332626E+03  0.1410612E+02  0.1212598E+01  0.1577859E+00  0.6021052E+00
   04  0.5348903E+03  0.1410363E+02  0.1212975E+01  0.1719658E+00  0.5996173E+00
   04  0.5365181E+03  0.1410111E+02  0.1213396E+01  0.1863130E+00  0.5970990E+00
   04  0.5381458E+03  0.1409856E+02  0.1213860E+01  0.2008280E+00  0.5945504E+00
   04  0.5397736E+03  0.1409598E+02  0.1214368E+01  0.2155107E+00  0.5919713E+00
   04  0.5414013E+03  0.1409337E+02  0.1214920E+01  0.2303610E+00  0.5893617E+00
   04  0.5430290E+03  0.1409073E+02  0.1215516E+01  0.2453781E+00  0.5867216E+00
   04  0.5446568E+03  0.1408806E+02  0.1216157E+01  0.2605612E+00  0.5840510E+00
   04  0.5462845E+03  0.1408536E+02  0.1216843E+01  0.2759093E+00  0.5813497E+00
   04  0.5479123E+03  0.1408263E+02  0.1217574E+01  0.2914208E+00  0.5786179E+00
   04  0.5495400E+03  0.1407987E+02  0.1218350E+01  0.3070942E+00  0.5758554E+00
   04  0.5511678E+03  0.1407707E+02  0.1219173E+01  0.3229274E+00  0.5730622E+00
   04  0.5527955E+03  0.1407425E+02  0.1220041E+01  0.3389182E+00  0.5702384E+00
   04  0.5544232E+03  0.1407140E+02  0.1220956E+01  0.3550646E+00  0.5673839E+00
   04  0.5560510E+03  0.1406851E+02  0.1221917E+01  0.3713639E+00  0.5644988E+00
   04  0.5576787E+03  0.1406559E+02  0.1222925E+01  0.3878133E+00  0.5615829E+00
   04  0.5593065E+03  0.1406265E+02  0.1223980E+01  0.4044098E+00  0.5586363E+00
   04  0.5609342E+03  0.1405967E+02  0.1225083E+01  0.4211502E+00  0.5556590E+00
   04  0.5625619E+03  0.1405666E+02  0.1226232E+01  0.4380312E+00  0.5526511E+00
   04  0.5641897E+03  0.1405362E+02  0.1227430E+01  0.4550483E+00  0.5496125E+00
   04  0.5658174E+03  0.1405056E+02  0.1228675E+01  0.4721961E+00  0.5465435E+00
   04  0.5674452E+03  0.1404746E+02  0.1229968E+01  0.4894689E+00  0.5434442E+00
   04  0.5690729E+03  0.1404433E+02  0.1231310E+01  0.5068612E+00  0.5403148E+00
   04  0.5707007E+03  0.1404117E+02  0.1232700E+01  0.5243671E+00  0.5371553E+00
   04  0.5723284E+03  0.1403798E+02  0.1234139E+01  0.5419810E+00  0.5339660E+00
   04  0.5739561E+03  0.1403476E+02  0.1235627E+01  0.5596970E+00  0.5307470E+00
   04  0.5755839E+03  0.1403151E+02  0.1237164E+01  0.5775095E+00  0.5274982E+00
   04  0.5772116E+03  0.1402823E+02  0.1238751E+01  0.5954127E+00  0.5242200E+00
   04  0.5788394E+03  0.1402492E+02  0.1240387E+01  0.6134006E+00  0.5209123E+00
   04  0.5804671E+03  0.1402159E+02  0.1242073E+01  0.6314675E+00  0.5175752E+00
   04  0.5820948E+03  0.1401822E+02  0.1243809E+01  0.6496076E+00  0.5142087E+00
   04  0.5837226E+03  0.1401482E+02  0.1245594E+01  0.6678150E+00  0.5108130E+00
   04  0.5853503E+03  0.1401140E+02  0.1247429E+01  0.6860837E+00  0.5073882E+00
   04  0.5869781E+03  0.1400795E+02  0.1249313E+01  0.7044143E+00  0.5039346E+00
   04  0.5886058E+03  0.1400447E+02  0.1251246E+01  0.7228742E+00  0.5004584E+00
   04  0.5902336E+03  0.1400097E+02  0.1253227E+01  0.7414582E+00  0.4969593E+00
   04  0.5918613E+03  0.1399745E+02  0.1255253E+01  0.7601607E+00  0.4934375E+00
   04  0.5934890E+03  0.1399390E+02  0.1257323E+01  0.7789764E+00  0.4898926E+00
   04  0.5951168E+03  0.1399034E+02  0.1259435E+01  0.7978994E+00  0.4863247E+00
   04  0.5967445E+03  0.1398675E+02  0.1261588E+01  0.8169240E+00  0.4827337E+00
   04  0.5983723E+03  0.1398313E+02  0.1263780E+01  0.8360443E+00  0.4791193E+00
