# gauge_id= 613 location=( -0.1242110343E+03  0.4176499358E+02 ) num_var=  4
# Stationary gauge
# level, time, q[  1  2  3], eta, aux[]
# file format ascii, time series follow in this file
   04  0.0000000E+00  0.1420489E+02  0.0000000E+00  0.0000000E+00  0.0000000E+00
   04  0.1000000E+01  0.1420489E+02  0.9047892E-17  0.6301804E-16  0.8457145E+00
   04  0.1015873E+01  0.1420489E+02  0.3799190E-03 -0.1051793E-04  0.8457142E+00
   04  0.1031746E+01  0.1420489E+02  0.7598302E-03 -0.2102972E-04  0.8457140E+00
   04  0.1047619E+01  0.1420489E+02  0.1139734E-02 -0.3153539E-04  0.8457137E+00
   04  0.1063492E+01  0.1420489E+02  0.1519630E-02 -0.4203497E-04  0.8457134E+00
   04  0.1079365E+01  0.1420489E+02  0.1899518E-02 -0.5252847E-04  0.8457131E+00
   04  0.1095238E+01  0.1420489E+02  0.2279398E-02 -0.6301594E-04  0.8457129E+00
   04  0.1111111E+01  0.1420489E+02  0.2659271E-02 -0.7349738E-04  0.8457126E+00
   04  0.1126984E+01  0.1420489E+02  0.3039136E-02 -0.8397282E-04  0.8457123E+00
   04  0.1142857E+01  0.1420489E+02  0.3418993E-02 -0.9444229E-04  0.8457121E+00
   04  0.1158730E+01  0.1420489E+02  0.3798843E-02 -0.1049058E-03  0.8457118E+00
   04  0.1174603E+01  0.1420489E+02  0.4178685E-02 -0.1153634E-03  0.8457115E+00
   04  0.1190476E+01  0.1420489E+02  0.4558519E-02 -0.1258151E-03  0.8457112E+00
   04  0.1206349E+01  0.1420489E+02  0.4938345E-02 -0.1362609E-03  0.8457110E+00
   04  0.1222222E+01  0.1420489E+02  0.5318163E-02 -0.1467009E-03  0.8457107E+00
   04  0.1238095E+01  0.1420489E+02  0.5697974E-02 -0.1571350E-03  0.8457104E+00
   04  0.1253968E+01  0.1420489E+02  0.6077777E-02 -0.1675633E-03  0.8457101E+00
   04  0.1269841E+01  0.1420489E+02  0.6457572E-02 -0.1779859E-03  0.8457099E+00
   04  0.1285714E+01  0.1420489E+02  0.6837359E-02 -0.1884026E-03  0.8457096E+00
   04  0.1301587E+01  0.1420489E+02  0.7217138E-02 -0.1988137E-03  0.8457093E+00
   04  0.1317460E+01  0.1420489E+02  0.7596909E-02 -0.2092190E-03  0.8457091E+00
   04  0.1333333E+01  0.1420489E+02  0.7976673E-02 -0.2196186E-03  0.8457088E+00
   04  0.1349206E+01  0.1420489E+02  0.8356429E-02 -0.2300125E-03  0.8457085E+00
   04  0.1365079E+01  0.1420489E+02  0.8736177E-02 -0.2404008E-03  0.8457082E+00
   04  0.1380952E+01  0.1420489E+02  0.9115917E-02 -0.2507834E-03  0.8457080E+00
   04  0.1396825E+01  0.1420489E+02  0.9495649E-02 -0.2611605E-03  0.8457077E+00
   04  0.1412698E+01  0.1420489E+02  0.9875373E-02 -0.2715319E-03  0.8457074E+00
   04  0.1428571E+01  0.1420489E+02  0.1025509E-01 -0.2818978E-03  0.8457071E+00
   04  0.1476190E+01  0.1420489E+02  0.1139419E-01 -0.3129472E-03  0.8457063E+00
   04  0.1523810E+01  0.1420489E+02  0.1253322E-01 -0.3439472E-03  0.8457055E+00
   04  0.1571429E+01  0.1420488E+02  0.1367218E-01 -0.3748981E-03  0.8457047E+00
   04  0.1619048E+01  0.1420488E+02  0.1481107E-01 -0.4058007E-03  0.8457038E+00
   04  0.1666667E+01  0.1420488E+02  0.1594988E-01 -0.4366553E-03  0.8457030E+00
   04  0.1714286E+01  0.1420488E+02  0.1708862E-01 -0.4674626E-03  0.8457022E+00
   04  0.1761905E+01  0.1420488E+02  0.1822729E-01 -0.4982230E-03  0.8457013E+00
   04  0.1809524E+01  0.1420488E+02  0.1936589E-01 -0.5289370E-03  0.8457005E+00
   04  0.1857143E+01  0.1420488E+02  0.2050441E-01 -0.5596051E-03  0.8456997E+00
   04  0.1904762E+01  0.1420488E+02  0.2164286E-01 -0.5902278E-03  0.8456988E+00
   04  0.1952381E+01  0.1420488E+02  0.2278124E-01 -0.6208054E-03  0.8456980E+00
   04  0.2000000E+01  0.1420488E+02  0.2391954E-01 -0.6513386E-03  0.8456971E+00
   04  0.5727919E+01  0.1420482E+02  0.1128101E+00 -0.2782648E-02  0.8456431E+00
   04  0.9455838E+01  0.1420475E+02  0.2011453E+00 -0.4746850E-02  0.8455678E+00
   04  0.1318376E+02  0.1420465E+02  0.2887854E+00 -0.6553228E-02  0.8454717E+00
   04  0.1691168E+02  0.1420454E+02  0.3755898E+00 -0.8211257E-02  0.8453616E+00
   04  0.2063960E+02  0.1420442E+02  0.4614264E+00 -0.9824443E-02  0.8452409E+00
   04  0.2436752E+02  0.1420429E+02  0.5461758E+00 -0.1153106E-01  0.8451079E+00
   04  0.2809543E+02  0.1420414E+02  0.6297275E+00 -0.1344384E-01  0.8449593E+00
   04  0.3182335E+02  0.1420397E+02  0.7119761E+00 -0.1564564E-01  0.8447910E+00
   04  0.3555127E+02  0.1420378E+02  0.7928159E+00 -0.1825531E-01  0.8446038E+00
   04  0.3927919E+02  0.1420357E+02  0.8721451E+00 -0.2141482E-01  0.8443910E+00
   04  0.4300711E+02  0.1420332E+02  0.9498766E+00 -0.2512369E-01  0.8441411E+00
   04  0.4673503E+02  0.1420303E+02  0.1025930E+01 -0.2947822E-01  0.8438509E+00
   04  0.5046295E+02  0.1420270E+02  0.1100228E+01 -0.3456940E-01  0.8435184E+00
   04  0.5419087E+02  0.1420232E+02  0.1172705E+01 -0.4046053E-01  0.8431438E+00
   04  0.5791879E+02  0.1420191E+02  0.1243310E+01 -0.4719824E-01  0.8427307E+00
   04  0.6164671E+02  0.1420146E+02  0.1312005E+01 -0.5477756E-01  0.8422797E+00
   04  0.6537463E+02  0.1420096E+02  0.1378724E+01 -0.6318726E-01  0.8417849E+00
   04  0.6910255E+02  0.1420042E+02  0.1443420E+01 -0.7245335E-01  0.8412430E+00
   04  0.7283047E+02  0.1419983E+02  0.1506058E+01 -0.8260311E-01  0.8406507E+00
   04  0.7655838E+02  0.1419918E+02  0.1566616E+01 -0.9366301E-01  0.8400050E+00
   04  0.8028630E+02  0.1419848E+02  0.1625083E+01 -0.1056579E+00  0.8393026E+00
   04  0.8401422E+02  0.1419772E+02  0.1681458E+01 -0.1186128E+00  0.8385407E+00
   04  0.8774214E+02  0.1419689E+02  0.1735754E+01 -0.1326046E+00  0.8377125E+00
   04  0.9147006E+02  0.1419600E+02  0.1787996E+01 -0.1476662E+00  0.8368159E+00
   04  0.9445240E+02  0.1419523E+02  0.1828306E+01 -0.1605057E+00  0.8360517E+00
   04  0.9743473E+02  0.1419442E+02  0.1867335E+01 -0.1740365E+00  0.8352432E+00
   04  0.1004171E+03  0.1419357E+02  0.1905106E+01 -0.1882570E+00  0.8343909E+00
   04  0.1033994E+03  0.1419267E+02  0.1941644E+01 -0.2031627E+00  0.8334953E+00
   04  0.1063817E+03  0.1419174E+02  0.1976987E+01 -0.2187375E+00  0.8325580E+00
   04  0.1093641E+03  0.1419076E+02  0.2011168E+01 -0.2349626E+00  0.8315811E+00
   04  0.1123464E+03  0.1418975E+02  0.2044217E+01 -0.2518184E+00  0.8305667E+00
   04  0.1153287E+03  0.1418869E+02  0.2076095E+01 -0.2692811E+00  0.8295095E+00
   04  0.1183111E+03  0.1418759E+02  0.2106765E+01 -0.2873318E+00  0.8284082E+00
   04  0.1212934E+03  0.1418645E+02  0.2136271E+01 -0.3059503E+00  0.8272668E+00
   04  0.1242758E+03  0.1418527E+02  0.2164661E+01 -0.3250524E+00  0.8260942E+00
   04  0.1272581E+03  0.1418408E+02  0.2191995E+01 -0.3445219E+00  0.8249018E+00
   04  0.1302404E+03  0.1418287E+02  0.2218330E+01 -0.3643518E+00  0.8236926E+00
   04  0.1332228E+03  0.1418165E+02  0.2243733E+01 -0.3845331E+00  0.8224684E+00
   04  0.1362051E+03  0.1418041E+02  0.2268260E+01 -0.4050537E+00  0.8212321E+00
   04  0.1391874E+03  0.1417917E+02  0.2291974E+01 -0.4258966E+00  0.8199864E+00
   04  0.1421698E+03  0.1417791E+02  0.2314932E+01 -0.4470453E+00  0.8187341E+00
   04  0.1451521E+03  0.1417666E+02  0.2337195E+01 -0.4684819E+00  0.8174776E+00
   04  0.1481344E+03  0.1417540E+02  0.2358819E+01 -0.4901877E+00  0.8162195E+00
   04  0.1511168E+03  0.1417414E+02  0.2379859E+01 -0.5121429E+00  0.8149623E+00
   04  0.1540991E+03  0.1417289E+02  0.2400366E+01 -0.5343264E+00  0.8137081E+00
   04  0.1570814E+03  0.1417164E+02  0.2420388E+01 -0.5567153E+00  0.8124586E+00
   04  0.1600638E+03  0.1417040E+02  0.2439970E+01 -0.5792857E+00  0.8112158E+00
   04  0.1630461E+03  0.1416916E+02  0.2459157E+01 -0.6020120E+00  0.8099812E+00
   04  0.1660284E+03  0.1416794E+02  0.2477989E+01 -0.6248677E+00  0.8087564E+00
   04  0.1690108E+03  0.1416672E+02  0.2496508E+01 -0.6478255E+00  0.8075425E+00
   04  0.1719931E+03  0.1416552E+02  0.2514751E+01 -0.6708575E+00  0.8063407E+00
   04  0.1749755E+03  0.1416433E+02  0.2532751E+01 -0.6939357E+00  0.8051523E+00
   04  0.1779578E+03  0.1416316E+02  0.2550537E+01 -0.7170323E+00  0.8039783E+00
   04  0.1809401E+03  0.1416200E+02  0.2568140E+01 -0.7401194E+00  0.8028195E+00
   04  0.1824313E+03  0.1416143E+02  0.2576875E+01 -0.7516186E+00  0.8022478E+00
   04  0.1839225E+03  0.1416086E+02  0.2585579E+01 -0.7631003E+00  0.8016805E+00
   04  0.1854136E+03  0.1416030E+02  0.2594254E+01 -0.7745621E+00  0.8011175E+00
   04  0.1869048E+03  0.1415974E+02  0.2602904E+01 -0.7860018E+00  0.8005589E+00
   04  0.1883960E+03  0.1415918E+02  0.2611530E+01 -0.7974168E+00  0.8000047E+00
   04  0.1898871E+03  0.1415863E+02  0.2620135E+01 -0.8088049E+00  0.7994548E+00
   04  0.1913783E+03  0.1415809E+02  0.2628722E+01 -0.8201399E+00  0.7989112E+00
   04  0.1928695E+03  0.1415755E+02  0.2637290E+01 -0.8314166E+00  0.7983741E+00
   04  0.1943606E+03  0.1415702E+02  0.2645832E+01 -0.8426338E+00  0.7978425E+00
   04  0.1958518E+03  0.1415650E+02  0.2654348E+01 -0.8537907E+00  0.7973162E+00
   04  0.1973430E+03  0.1415597E+02  0.2662840E+01 -0.8648854E+00  0.7967952E+00
   04  0.1988341E+03  0.1415546E+02  0.2671309E+01 -0.8759163E+00  0.7962792E+00
   04  0.2003253E+03  0.1415495E+02  0.2679756E+01 -0.8868819E+00  0.7957682E+00
   04  0.2018165E+03  0.1415444E+02  0.2688184E+01 -0.8977803E+00  0.7952619E+00
   04  0.2033076E+03  0.1415394E+02  0.2696592E+01 -0.9086101E+00  0.7947604E+00
   04  0.2047988E+03  0.1415344E+02  0.2704983E+01 -0.9193694E+00  0.7942633E+00
   04  0.2062900E+03  0.1415295E+02  0.2713357E+01 -0.9300564E+00  0.7937708E+00
   04  0.2077811E+03  0.1415246E+02  0.2721713E+01 -0.9406699E+00  0.7932825E+00
   04  0.2092723E+03  0.1415198E+02  0.2730054E+01 -0.9512074E+00  0.7927986E+00
   04  0.2107635E+03  0.1415150E+02  0.2738380E+01 -0.9616669E+00  0.7923187E+00
   04  0.2122546E+03  0.1415102E+02  0.2746690E+01 -0.9720462E+00  0.7918426E+00
   04  0.2137458E+03  0.1415055E+02  0.2754982E+01 -0.9823430E+00  0.7913703E+00
   04  0.2152370E+03  0.1415008E+02  0.2763257E+01 -0.9925549E+00  0.7909014E+00
   04  0.2167281E+03  0.1414962E+02  0.2771513E+01 -0.1002679E+01  0.7904357E+00
   04  0.2182193E+03  0.1414915E+02  0.2779749E+01 -0.1012714E+01  0.7899732E+00
   04  0.2197105E+03  0.1414869E+02  0.2787963E+01 -0.1022656E+01  0.7895134E+00
   04  0.2212017E+03  0.1414824E+02  0.2796155E+01 -0.1032502E+01  0.7890564E+00
   04  0.2226928E+03  0.1414778E+02  0.2804321E+01 -0.1042249E+01  0.7886018E+00
   04  0.2241840E+03  0.1414733E+02  0.2812462E+01 -0.1051895E+01  0.7881495E+00
   04  0.2256752E+03  0.1414688E+02  0.2820575E+01 -0.1061436E+01  0.7876993E+00
   04  0.2271663E+03  0.1414643E+02  0.2828658E+01 -0.1070870E+01  0.7872510E+00
   04  0.2286575E+03  0.1414598E+02  0.2836709E+01 -0.1080191E+01  0.7868043E+00
   04  0.2301487E+03  0.1414554E+02  0.2844727E+01 -0.1089398E+01  0.7863592E+00
   04  0.2316398E+03  0.1414509E+02  0.2852709E+01 -0.1098487E+01  0.7859154E+00
   04  0.2331310E+03  0.1414465E+02  0.2860654E+01 -0.1107454E+01  0.7854726E+00
   04  0.2346222E+03  0.1414421E+02  0.2868559E+01 -0.1116296E+01  0.7850309E+00
   04  0.2361133E+03  0.1414377E+02  0.2876411E+01 -0.1125009E+01  0.7845887E+00
   04  0.2376045E+03  0.1414332E+02  0.2884196E+01 -0.1133589E+01  0.7841448E+00
   04  0.2390957E+03  0.1414288E+02  0.2891898E+01 -0.1142033E+01  0.7836979E+00
   04  0.2405868E+03  0.1414243E+02  0.2899502E+01 -0.1150338E+01  0.7832464E+00
   04  0.2420780E+03  0.1414197E+02  0.2906991E+01 -0.1158499E+01  0.7827891E+00
   04  0.2435692E+03  0.1414150E+02  0.2914347E+01 -0.1166514E+01  0.7823245E+00
   04  0.2450603E+03  0.1414103E+02  0.2921553E+01 -0.1174378E+01  0.7818512E+00
   04  0.2465515E+03  0.1414056E+02  0.2928690E+01 -0.1182082E+01  0.7813764E+00
   04  0.2480427E+03  0.1414008E+02  0.2935748E+01 -0.1189579E+01  0.7809007E+00
   04  0.2495338E+03  0.1413960E+02  0.2942728E+01 -0.1196909E+01  0.7804241E+00
   04  0.2510250E+03  0.1413913E+02  0.2949629E+01 -0.1204077E+01  0.7799462E+00
   04  0.2525162E+03  0.1413865E+02  0.2956448E+01 -0.1211086E+01  0.7794668E+00
   04  0.2540073E+03  0.1413816E+02  0.2963183E+01 -0.1217936E+01  0.7789854E+00
   04  0.2554985E+03  0.1413768E+02  0.2969829E+01 -0.1224625E+01  0.7785015E+00
   04  0.2569897E+03  0.1413719E+02  0.2976382E+01 -0.1231151E+01  0.7780146E+00
   04  0.2584808E+03  0.1413670E+02  0.2982836E+01 -0.1237513E+01  0.7775239E+00
   04  0.2599720E+03  0.1413621E+02  0.2989183E+01 -0.1243708E+01  0.7770290E+00
   04  0.2614632E+03  0.1413571E+02  0.2995417E+01 -0.1249736E+01  0.7765289E+00
   04  0.2629543E+03  0.1413520E+02  0.3001527E+01 -0.1255594E+01  0.7760230E+00
   04  0.2644455E+03  0.1413469E+02  0.3007514E+01 -0.1261280E+01  0.7755113E+00
   04  0.2659367E+03  0.1413417E+02  0.3013369E+01 -0.1266794E+01  0.7749933E+00
   04  0.2674278E+03  0.1413365E+02  0.3019084E+01 -0.1272134E+01  0.7744685E+00
   04  0.2689190E+03  0.1413312E+02  0.3024650E+01 -0.1277302E+01  0.7739361E+00
   04  0.2704102E+03  0.1413258E+02  0.3030056E+01 -0.1282295E+01  0.7733956E+00
   04  0.2719014E+03  0.1413203E+02  0.3035294E+01 -0.1287113E+01  0.7728466E+00
   04  0.2733925E+03  0.1413147E+02  0.3040355E+01 -0.1291757E+01  0.7722884E+00
   04  0.2748837E+03  0.1413090E+02  0.3045229E+01 -0.1296225E+01  0.7717205E+00
   04  0.2763749E+03  0.1413032E+02  0.3049908E+01 -0.1300516E+01  0.7711426E+00
   04  0.2778660E+03  0.1412973E+02  0.3054383E+01 -0.1304630E+01  0.7705541E+00
   04  0.2793572E+03  0.1412913E+02  0.3058646E+01 -0.1308620E+01  0.7699504E+00
   04  0.2808484E+03  0.1412851E+02  0.3062684E+01 -0.1312511E+01  0.7693287E+00
   04  0.2823395E+03  0.1412787E+02  0.3066488E+01 -0.1316304E+01  0.7686886E+00
   04  0.2838307E+03  0.1412721E+02  0.3070049E+01 -0.1320003E+01  0.7680299E+00
   04  0.2853219E+03  0.1412653E+02  0.3073356E+01 -0.1323607E+01  0.7673522E+00
   04  0.2868130E+03  0.1412583E+02  0.3076402E+01 -0.1327118E+01  0.7666552E+00
   04  0.2883042E+03  0.1412512E+02  0.3079180E+01 -0.1330537E+01  0.7659389E+00
   04  0.2897954E+03  0.1412438E+02  0.3081681E+01 -0.1333865E+01  0.7652030E+00
   04  0.2912865E+03  0.1412363E+02  0.3083901E+01 -0.1337101E+01  0.7644475E+00
   04  0.2927777E+03  0.1412285E+02  0.3085831E+01 -0.1340246E+01  0.7636723E+00
   04  0.2942689E+03  0.1412206E+02  0.3087534E+01 -0.1343299E+01  0.7628832E+00
   04  0.2957600E+03  0.1412126E+02  0.3089018E+01 -0.1346261E+01  0.7620813E+00
   04  0.2972512E+03  0.1412045E+02  0.3090279E+01 -0.1349133E+01  0.7612667E+00
   04  0.2987424E+03  0.1411962E+02  0.3091316E+01 -0.1351916E+01  0.7604393E+00
   04  0.3002335E+03  0.1411878E+02  0.3092125E+01 -0.1354609E+01  0.7595993E+00
   04  0.3017247E+03  0.1411793E+02  0.3092707E+01 -0.1357212E+01  0.7587469E+00
   04  0.3032159E+03  0.1411706E+02  0.3093069E+01 -0.1359727E+01  0.7578830E+00
   04  0.3047070E+03  0.1411619E+02  0.3093212E+01 -0.1362151E+01  0.7570079E+00
   04  0.3061982E+03  0.1411530E+02  0.3093137E+01 -0.1364485E+01  0.7561218E+00
   04  0.3076894E+03  0.1411440E+02  0.3092848E+01 -0.1366727E+01  0.7552253E+00
   04  0.3091805E+03  0.1411350E+02  0.3092348E+01 -0.1368876E+01  0.7543188E+00
   04  0.3106717E+03  0.1411258E+02  0.3091640E+01 -0.1370931E+01  0.7534027E+00
   04  0.3121629E+03  0.1411166E+02  0.3090731E+01 -0.1372889E+01  0.7524776E+00
   04  0.3136540E+03  0.1411073E+02  0.3089641E+01 -0.1374749E+01  0.7515459E+00
   04  0.3151452E+03  0.1410979E+02  0.3088375E+01 -0.1376507E+01  0.7506081E+00
   04  0.3165017E+03  0.1410893E+02  0.3087074E+01 -0.1378012E+01  0.7497506E+00
   04  0.3178581E+03  0.1410807E+02  0.3085636E+01 -0.1379429E+01  0.7488886E+00
   04  0.3192146E+03  0.1410720E+02  0.3084063E+01 -0.1380788E+01  0.7480198E+00
   04  0.3205710E+03  0.1410632E+02  0.3082362E+01 -0.1382072E+01  0.7471414E+00
   04  0.3219275E+03  0.1410543E+02  0.3080537E+01 -0.1383279E+01  0.7462539E+00
   04  0.3232839E+03  0.1410454E+02  0.3078595E+01 -0.1384414E+01  0.7453584E+00
   04  0.3246404E+03  0.1410364E+02  0.3076542E+01 -0.1385481E+01  0.7444558E+00
   04  0.3259968E+03  0.1410273E+02  0.3074380E+01 -0.1386473E+01  0.7435463E+00
   04  0.3273533E+03  0.1410181E+02  0.3072119E+01 -0.1387383E+01  0.7426302E+00
   04  0.3287097E+03  0.1410089E+02  0.3069766E+01 -0.1388213E+01  0.7417073E+00
   04  0.3300662E+03  0.1409996E+02  0.3067328E+01 -0.1388959E+01  0.7407780E+00
   04  0.3314226E+03  0.1409902E+02  0.3064812E+01 -0.1389617E+01  0.7398426E+00
   04  0.3327791E+03  0.1409808E+02  0.3062226E+01 -0.1390182E+01  0.7389015E+00
   04  0.3341355E+03  0.1409713E+02  0.3059578E+01 -0.1390651E+01  0.7379552E+00
   04  0.3354920E+03  0.1409618E+02  0.3056874E+01 -0.1391021E+01  0.7370040E+00
   04  0.3368484E+03  0.1409523E+02  0.3054124E+01 -0.1391288E+01  0.7360484E+00
   04  0.3382049E+03  0.1409427E+02  0.3051334E+01 -0.1391449E+01  0.7350888E+00
   04  0.3395613E+03  0.1409331E+02  0.3048511E+01 -0.1391500E+01  0.7341258E+00
   04  0.3409178E+03  0.1409234E+02  0.3045664E+01 -0.1391438E+01  0.7331596E+00
   04  0.3422742E+03  0.1409137E+02  0.3042799E+01 -0.1391261E+01  0.7321907E+00
   04  0.3436307E+03  0.1409040E+02  0.3039924E+01 -0.1390966E+01  0.7312195E+00
   04  0.3449871E+03  0.1408943E+02  0.3037045E+01 -0.1390539E+01  0.7302472E+00
   04  0.3463436E+03  0.1408845E+02  0.3034170E+01 -0.1389974E+01  0.7292746E+00
   04  0.3477000E+03  0.1408748E+02  0.3031303E+01 -0.1389268E+01  0.7283019E+00
   04  0.3490565E+03  0.1408651E+02  0.3028452E+01 -0.1388418E+01  0.7273296E+00
   04  0.3504130E+03  0.1408554E+02  0.3025621E+01 -0.1387422E+01  0.7263578E+00
   04  0.3517694E+03  0.1408457E+02  0.3022816E+01 -0.1386278E+01  0.7253869E+00
   04  0.3531259E+03  0.1408360E+02  0.3020043E+01 -0.1384984E+01  0.7244170E+00
   04  0.3544823E+03  0.1408263E+02  0.3017305E+01 -0.1383536E+01  0.7234486E+00
   04  0.3558388E+03  0.1408166E+02  0.3014608E+01 -0.1381932E+01  0.7224817E+00
   04  0.3574665E+03  0.1408050E+02  0.3011405E+01 -0.1379809E+01  0.7213218E+00
   04  0.3590942E+03  0.1407934E+02  0.3008234E+01 -0.1377454E+01  0.7201614E+00
   04  0.3607220E+03  0.1407818E+02  0.3005101E+01 -0.1374866E+01  0.7190008E+00
   04  0.3623497E+03  0.1407702E+02  0.3002011E+01 -0.1372043E+01  0.7178401E+00
   04  0.3639775E+03  0.1407586E+02  0.2998964E+01 -0.1368980E+01  0.7166790E+00
   04  0.3656052E+03  0.1407470E+02  0.2995965E+01 -0.1365676E+01  0.7155175E+00
   04  0.3672329E+03  0.1407354E+02  0.2993019E+01 -0.1362127E+01  0.7143557E+00
   04  0.3688607E+03  0.1407237E+02  0.2990129E+01 -0.1358336E+01  0.7131931E+00
   04  0.3704884E+03  0.1407121E+02  0.2987302E+01 -0.1354272E+01  0.7120323E+00
   04  0.3721162E+03  0.1407006E+02  0.2984546E+01 -0.1349906E+01  0.7108756E+00
   04  0.3737439E+03  0.1406890E+02  0.2981865E+01 -0.1345238E+01  0.7097229E+00
   04  0.3753717E+03  0.1406775E+02  0.2979267E+01 -0.1340267E+01  0.7085743E+00
   04  0.3769994E+03  0.1406661E+02  0.2976758E+01 -0.1334994E+01  0.7074302E+00
   04  0.3786271E+03  0.1406547E+02  0.2974344E+01 -0.1329421E+01  0.7062906E+00
   04  0.3802549E+03  0.1406433E+02  0.2972031E+01 -0.1323534E+01  0.7051544E+00
   04  0.3818826E+03  0.1406320E+02  0.2969826E+01 -0.1317329E+01  0.7040210E+00
   04  0.3835104E+03  0.1406207E+02  0.2967734E+01 -0.1310805E+01  0.7028902E+00
   04  0.3851381E+03  0.1406094E+02  0.2965760E+01 -0.1303964E+01  0.7017617E+00
   04  0.3867658E+03  0.1405981E+02  0.2963909E+01 -0.1296806E+01  0.7006353E+00
   04  0.3883936E+03  0.1405869E+02  0.2962185E+01 -0.1289335E+01  0.6995108E+00
   04  0.3900213E+03  0.1405757E+02  0.2960593E+01 -0.1281553E+01  0.6983876E+00
   04  0.3916491E+03  0.1405644E+02  0.2959136E+01 -0.1273461E+01  0.6972654E+00
   04  0.3932768E+03  0.1405532E+02  0.2957817E+01 -0.1265065E+01  0.6961437E+00
   04  0.3949046E+03  0.1405420E+02  0.2956641E+01 -0.1256367E+01  0.6950218E+00
   04  0.3965323E+03  0.1405308E+02  0.2955609E+01 -0.1247372E+01  0.6938994E+00
   04  0.3981600E+03  0.1405196E+02  0.2954724E+01 -0.1238083E+01  0.6927756E+00
   04  0.3997878E+03  0.1405083E+02  0.2953988E+01 -0.1228507E+01  0.6916499E+00
   04  0.4014155E+03  0.1404970E+02  0.2953401E+01 -0.1218646E+01  0.6905216E+00
   04  0.4030433E+03  0.1404857E+02  0.2952965E+01 -0.1208508E+01  0.6893900E+00
   04  0.4046710E+03  0.1404744E+02  0.2952683E+01 -0.1198140E+01  0.6882579E+00
   04  0.4062987E+03  0.1404630E+02  0.2952555E+01 -0.1187550E+01  0.6871247E+00
   04  0.4079265E+03  0.1404517E+02  0.2952583E+01 -0.1176741E+01  0.6859893E+00
   04  0.4095542E+03  0.1404403E+02  0.2952769E+01 -0.1165717E+01  0.6848507E+00
   04  0.4111820E+03  0.1404289E+02  0.2953113E+01 -0.1154481E+01  0.6837078E+00
   04  0.4128097E+03  0.1404174E+02  0.2953615E+01 -0.1143038E+01  0.6825596E+00
   04  0.4144375E+03  0.1404058E+02  0.2954275E+01 -0.1131389E+01  0.6814050E+00
   04  0.4160652E+03  0.1403942E+02  0.2955091E+01 -0.1119540E+01  0.6802428E+00
   04  0.4176929E+03  0.1403825E+02  0.2956064E+01 -0.1107493E+01  0.6790721E+00
   04  0.4193207E+03  0.1403707E+02  0.2957191E+01 -0.1095251E+01  0.6778917E+00
   04  0.4209484E+03  0.1403588E+02  0.2958470E+01 -0.1082818E+01  0.6767007E+00
   04  0.4225762E+03  0.1403468E+02  0.2959900E+01 -0.1070199E+01  0.6754978E+00
   04  0.4242039E+03  0.1403346E+02  0.2961478E+01 -0.1057395E+01  0.6742820E+00
   04  0.4258316E+03  0.1403223E+02  0.2963203E+01 -0.1044410E+01  0.6730524E+00
   04  0.4274594E+03  0.1403099E+02  0.2965072E+01 -0.1031248E+01  0.6718079E+00
   04  0.4290871E+03  0.1402973E+02  0.2967081E+01 -0.1017912E+01  0.6705475E+00
   04  0.4307149E+03  0.1402845E+02  0.2969229E+01 -0.1004404E+01  0.6692701E+00
   04  0.4323426E+03  0.1402715E+02  0.2971512E+01 -0.9907278E+00  0.6679749E+00
   04  0.4339704E+03  0.1402584E+02  0.2973927E+01 -0.9768859E+00  0.6666609E+00
   04  0.4355981E+03  0.1402451E+02  0.2976471E+01 -0.9628810E+00  0.6653272E+00
   04  0.4372258E+03  0.1402315E+02  0.2979142E+01 -0.9487158E+00  0.6639728E+00
   04  0.4388536E+03  0.1402178E+02  0.2981935E+01 -0.9343926E+00  0.6625969E+00
   04  0.4404813E+03  0.1402038E+02  0.2984848E+01 -0.9199139E+00  0.6611987E+00
   04  0.4421091E+03  0.1401896E+02  0.2987877E+01 -0.9052816E+00  0.6597773E+00
   04  0.4437368E+03  0.1401751E+02  0.2991020E+01 -0.8904984E+00  0.6583320E+00
   04  0.4453645E+03  0.1401604E+02  0.2994274E+01 -0.8755694E+00  0.6568622E+00
   04  0.4469923E+03  0.1401455E+02  0.2997635E+01 -0.8604971E+00  0.6553674E+00
   04  0.4486200E+03  0.1401303E+02  0.3001102E+01 -0.8452832E+00  0.6538468E+00
   04  0.4502478E+03  0.1401148E+02  0.3004671E+01 -0.8299299E+00  0.6522997E+00
   04  0.4518755E+03  0.1400991E+02  0.3008340E+01 -0.8144387E+00  0.6507256E+00
   04  0.4535033E+03  0.1400830E+02  0.3012107E+01 -0.7988119E+00  0.6491239E+00
   04  0.4551310E+03  0.1400667E+02  0.3015968E+01 -0.7830537E+00  0.6474942E+00
   04  0.4567587E+03  0.1400502E+02  0.3019923E+01 -0.7671659E+00  0.6458361E+00
   04  0.4583865E+03  0.1400333E+02  0.3023968E+01 -0.7511504E+00  0.6441490E+00
   04  0.4600142E+03  0.1400161E+02  0.3028102E+01 -0.7350087E+00  0.6424326E+00
   04  0.4616420E+03  0.1399987E+02  0.3032323E+01 -0.7187422E+00  0.6406863E+00
   04  0.4632697E+03  0.1399809E+02  0.3036627E+01 -0.7023521E+00  0.6389097E+00
   04  0.4648974E+03  0.1399628E+02  0.3041014E+01 -0.6858396E+00  0.6371025E+00
   04  0.4665252E+03  0.1399444E+02  0.3045481E+01 -0.6692056E+00  0.6352641E+00
   04  0.4681529E+03  0.1399257E+02  0.3050027E+01 -0.6524509E+00  0.6333944E+00
   04  0.4697807E+03  0.1399067E+02  0.3054650E+01 -0.6355761E+00  0.6314928E+00
   04  0.4714084E+03  0.1398874E+02  0.3059348E+01 -0.6185819E+00  0.6295592E+00
   04  0.4730362E+03  0.1398677E+02  0.3064120E+01 -0.6014689E+00  0.6275932E+00
   04  0.4746639E+03  0.1398477E+02  0.3068965E+01 -0.5842370E+00  0.6255947E+00
   04  0.4762916E+03  0.1398274E+02  0.3073881E+01 -0.5668855E+00  0.6235633E+00
   04  0.4779194E+03  0.1398068E+02  0.3078868E+01 -0.5494149E+00  0.6214988E+00
   04  0.4795471E+03  0.1397858E+02  0.3083924E+01 -0.5318255E+00  0.6194012E+00
   04  0.4811749E+03  0.1397645E+02  0.3089057E+01 -0.5141107E+00  0.6172702E+00
   04  0.4828026E+03  0.1397429E+02  0.3094258E+01 -0.4962779E+00  0.6151056E+00
   04  0.4844303E+03  0.1397209E+02  0.3099527E+01 -0.4783272E+00  0.6129075E+00
   04  0.4860581E+03  0.1396986E+02  0.3104863E+01 -0.4602585E+00  0.6106755E+00
   04  0.4876858E+03  0.1396759E+02  0.3110266E+01 -0.4420714E+00  0.6084097E+00
   04  0.4893136E+03  0.1396529E+02  0.3115733E+01 -0.4237657E+00  0.6061099E+00
   04  0.4909413E+03  0.1396296E+02  0.3121267E+01 -0.4053409E+00  0.6037761E+00
   04  0.4925691E+03  0.1396059E+02  0.3126868E+01 -0.3867954E+00  0.6014085E+00
   04  0.4941968E+03  0.1395819E+02  0.3132538E+01 -0.3681297E+00  0.5990071E+00
   04  0.4958245E+03  0.1395575E+02  0.3138278E+01 -0.3493433E+00  0.5965720E+00
   04  0.4974523E+03  0.1395328E+02  0.3144089E+01 -0.3304354E+00  0.5941033E+00
   04  0.4990800E+03  0.1395078E+02  0.3149975E+01 -0.3114052E+00  0.5916013E+00
   04  0.5007078E+03  0.1394825E+02  0.3155936E+01 -0.2922517E+00  0.5890660E+00
   04  0.5023355E+03  0.1394568E+02  0.3161976E+01 -0.2729739E+00  0.5864977E+00
   04  0.5039632E+03  0.1394308E+02  0.3168096E+01 -0.2535707E+00  0.5838966E+00
   04  0.5055910E+03  0.1394044E+02  0.3174297E+01 -0.2339990E+00  0.5812596E+00
   04  0.5072187E+03  0.1393777E+02  0.3180579E+01 -0.2142430E+00  0.5785856E+00
   04  0.5088465E+03  0.1393505E+02  0.3186943E+01 -0.1943047E+00  0.5758753E+00
   04  0.5104742E+03  0.1393231E+02  0.3193389E+01 -0.1741860E+00  0.5731292E+00
   04  0.5121020E+03  0.1392953E+02  0.3199917E+01 -0.1538891E+00  0.5703480E+00
   04  0.5137297E+03  0.1392671E+02  0.3206529E+01 -0.1334173E+00  0.5675321E+00
   04  0.5153574E+03  0.1392386E+02  0.3213226E+01 -0.1127749E+00  0.5646819E+00
   04  0.5169852E+03  0.1392098E+02  0.3220010E+01 -0.9196622E-01  0.5617979E+00
   04  0.5186129E+03  0.1391806E+02  0.3226882E+01 -0.7099545E-01  0.5588804E+00
   04  0.5202407E+03  0.1391511E+02  0.3233844E+01 -0.4986669E-01  0.5559300E+00
   04  0.5218684E+03  0.1391213E+02  0.3240899E+01 -0.2858401E-01  0.5529470E+00
   04  0.5234961E+03  0.1390911E+02  0.3248048E+01 -0.7151416E-02  0.5499319E+00
   04  0.5251239E+03  0.1390606E+02  0.3255294E+01  0.1442711E-01  0.5468853E+00
   04  0.5267516E+03  0.1390299E+02  0.3262638E+01  0.3614770E-01  0.5438075E+00
   04  0.5283794E+03  0.1389988E+02  0.3270085E+01  0.5800656E-01  0.5406991E+00
   04  0.5300071E+03  0.1389674E+02  0.3277635E+01  0.8000003E-01  0.5375605E+00
   04  0.5316349E+03  0.1389357E+02  0.3285290E+01  0.1021246E+00  0.5343922E+00
   04  0.5332626E+03  0.1389037E+02  0.3293054E+01  0.1243768E+00  0.5311947E+00
   04  0.5348903E+03  0.1388715E+02  0.3300928E+01  0.1467534E+00  0.5279686E+00
   04  0.5365181E+03  0.1388389E+02  0.3308915E+01  0.1692513E+00  0.5247142E+00
   04  0.5381458E+03  0.1388061E+02  0.3317016E+01  0.1918674E+00  0.5214320E+00
   04  0.5397736E+03  0.1387730E+02  0.3325234E+01  0.2145988E+00  0.5181226E+00
   04  0.5414013E+03  0.1387397E+02  0.3333570E+01  0.2374426E+00  0.5147864E+00
   04  0.5430290E+03  0.1387060E+02  0.3342026E+01  0.2603963E+00  0.5114240E+00
   04  0.5446568E+03  0.1386722E+02  0.3350604E+01  0.2834571E+00  0.5080357E+00
   04  0.5462845E+03  0.1386380E+02  0.3359307E+01  0.3066224E+00  0.5046220E+00
   04  0.5479123E+03  0.1386036E+02  0.3368134E+01  0.3298897E+00  0.5011835E+00
   04  0.5495400E+03  0.1385690E+02  0.3377089E+01  0.3532566E+00  0.4977207E+00
   04  0.5511678E+03  0.1385341E+02  0.3386171E+01  0.3767206E+00  0.4942339E+00
   04  0.5527955E+03  0.1384990E+02  0.3395383E+01  0.4002794E+00  0.4907237E+00
   04  0.5544232E+03  0.1384637E+02  0.3404726E+01  0.4239304E+00  0.4871905E+00
   04  0.5560510E+03  0.1384281E+02  0.3414200E+01  0.4476714E+00  0.4836349E+00
   04  0.5576787E+03  0.1383924E+02  0.3423805E+01  0.4715001E+00  0.4800572E+00
   04  0.5593065E+03  0.1383564E+02  0.3433544E+01  0.4954140E+00  0.4764580E+00
   04  0.5609342E+03  0.1383202E+02  0.3443415E+01  0.5194111E+00  0.4728377E+00
   04  0.5625619E+03  0.1382838E+02  0.3453419E+01  0.5434810E+00  0.4691974E+00
   04  0.5641897E+03  0.1382472E+02  0.3463558E+01  0.5676139E+00  0.4655383E+00
   04  0.5658174E+03  0.1382104E+02  0.3473831E+01  0.5918099E+00  0.4618604E+00
   04  0.5674452E+03  0.1381734E+02  0.3484238E+01  0.6160691E+00  0.4581641E+00
   04  0.5690729E+03  0.1381363E+02  0.3494779E+01  0.6403917E+00  0.4544495E+00
   04  0.5707007E+03  0.1380990E+02  0.3505454E+01  0.6647774E+00  0.4507169E+00
   04  0.5723284E+03  0.1380615E+02  0.3516262E+01  0.6892261E+00  0.4469664E+00
   04  0.5739561E+03  0.1380238E+02  0.3527202E+01  0.7137373E+00  0.4431983E+00
   04  0.5755839E+03  0.1379859E+02  0.3538274E+01  0.7383105E+00  0.4394129E+00
   04  0.5772116E+03  0.1379479E+02  0.3549476E+01  0.7629449E+00  0.4356104E+00
   04  0.5788394E+03  0.1379097E+02  0.3560807E+01  0.7876396E+00  0.4317911E+00
   04  0.5804671E+03  0.1378713E+02  0.3572266E+01  0.8123934E+00  0.4279553E+00
   04  0.5820948E+03  0.1378328E+02  0.3583850E+01  0.8372051E+00  0.4241033E+00
   04  0.5837226E+03  0.1377941E+02  0.3595559E+01  0.8620730E+00  0.4202353E+00
   04  0.5853503E+03  0.1377553E+02  0.3607390E+01  0.8869956E+00  0.4163517E+00
   04  0.5869781E+03  0.1377163E+02  0.3619342E+01  0.9119678E+00  0.4124525E+00
   04  0.5886058E+03  0.1376771E+02  0.3631411E+01  0.9369513E+00  0.4085352E+00
   04  0.5902336E+03  0.1376378E+02  0.3643597E+01  0.9619471E+00  0.4046004E+00
   04  0.5918613E+03  0.1375983E+02  0.3655898E+01  0.9869555E+00  0.4006486E+00
   04  0.5934890E+03  0.1375586E+02  0.3668311E+01  0.1011977E+01  0.3966805E+00
   04  0.5951168E+03  0.1375188E+02  0.3680836E+01  0.1037010E+01  0.3926966E+00
   04  0.5967445E+03  0.1374788E+02  0.3693468E+01  0.1062056E+01  0.3886976E+00
   04  0.5983723E+03  0.1374386E+02  0.3706205E+01  0.1087112E+01  0.3846840E+00
