# gauge_id= 525 location=( -0.1251000000E+03  0.4200000000E+02 ) num_var=  4
# Stationary gauge
# level, time, q[  1  2  3], eta, aux[]
# file format ascii, time series follow in this file
   02  0.0000000E+00  0.1660376E+04  0.0000000E+00  0.0000000E+00  0.0000000E+00
   02  0.1000000E+01  0.1660376E+04  0.7289846E-13 -0.2150818E-13  0.6458978E+01
   02  0.1142857E+01  0.1660371E+04 -0.8541205E+00  0.9542989E-01  0.6454244E+01
   02  0.1285714E+01  0.1660366E+04 -0.1705809E+01  0.1908788E+00  0.6449511E+01
   02  0.1428571E+01  0.1660362E+04 -0.2555070E+01  0.2863450E+00  0.6444778E+01
   02  0.1571429E+01  0.1660357E+04 -0.3401910E+01  0.3818285E+00  0.6440045E+01
   02  0.1714286E+01  0.1660352E+04 -0.4246333E+01  0.4773290E+00  0.6435313E+01
   02  0.1857143E+01  0.1660347E+04 -0.5088344E+01  0.5728464E+00  0.6430580E+01
   02  0.2000000E+01  0.1660343E+04 -0.5927949E+01  0.6683806E+00  0.6425847E+01
   02  0.4673503E+02  0.1658815E+04 -0.2681183E+03  0.3340849E+02  0.4898422E+01
   03  0.9147006E+02  0.1412926E+04 -0.2567946E+03  0.6936926E+02  0.3596372E+01
   03  0.1004171E+03  0.1412743E+04 -0.2590350E+03  0.7581384E+02  0.3413290E+01
   03  0.1093641E+03  0.1412551E+04 -0.2667469E+03  0.8061021E+02  0.3221127E+01
   03  0.1183111E+03  0.1412344E+04 -0.2762174E+03  0.8367354E+02  0.3013708E+01
   03  0.1272581E+03  0.1412105E+04 -0.2828149E+03  0.8525632E+02  0.2774509E+01
   03  0.1362051E+03  0.1411821E+04 -0.2824830E+03  0.8581974E+02  0.2491121E+01
   03  0.1451521E+03  0.1411493E+04 -0.2735618E+03  0.8598180E+02  0.2163190E+01
   03  0.1540991E+03  0.1411134E+04 -0.2569030E+03  0.8639952E+02  0.1804234E+01
   03  0.1630461E+03  0.1410767E+04 -0.2349168E+03  0.8754706E+02  0.1436479E+01
   03  0.1719931E+03  0.1410416E+04 -0.2101943E+03  0.8964246E+02  0.1086284E+01
   04  0.1809401E+03  0.1411045E+04 -0.1837840E+03  0.8887822E+02  0.6950389E+00
   04  0.1824313E+03  0.1410977E+04 -0.1757836E+03  0.8948669E+02  0.6269912E+00
   04  0.1839225E+03  0.1410921E+04 -0.1695203E+03  0.9003884E+02  0.5708419E+00
   04  0.1854136E+03  0.1410876E+04 -0.1647243E+03  0.9050493E+02  0.5263922E+00
   04  0.1869048E+03  0.1410840E+04 -0.1609561E+03  0.9089151E+02  0.4899528E+00
   04  0.1883960E+03  0.1410808E+04 -0.1578203E+03  0.9121421E+02  0.4584754E+00
   04  0.1898871E+03  0.1410780E+04 -0.1550512E+03  0.9148379E+02  0.4300962E+00
   04  0.1913783E+03  0.1410754E+04 -0.1524795E+03  0.9170782E+02  0.4037162E+00
   04  0.1928695E+03  0.1410729E+04 -0.1499779E+03  0.9189444E+02  0.3786230E+00
   04  0.1943606E+03  0.1410704E+04 -0.1474324E+03  0.9205599E+02  0.3542807E+00
   04  0.1958518E+03  0.1410680E+04 -0.1447272E+03  0.9221121E+02  0.3303337E+00
   04  0.1973430E+03  0.1410657E+04 -0.1417542E+03  0.9238664E+02  0.3065894E+00
   04  0.1988341E+03  0.1410633E+04 -0.1384338E+03  0.9261644E+02  0.2829633E+00
   04  0.2003253E+03  0.1410609E+04 -0.1347534E+03  0.9294076E+02  0.2592652E+00
   04  0.2018165E+03  0.1410585E+04 -0.1307900E+03  0.9340069E+02  0.2350480E+00
   04  0.2033076E+03  0.1410560E+04 -0.1266956E+03  0.9403209E+02  0.2096657E+00
   04  0.2047988E+03  0.1410532E+04 -0.1226574E+03  0.9486047E+02  0.1824919E+00
   04  0.2062900E+03  0.1410503E+04 -0.1188476E+03  0.9589610E+02  0.1531601E+00
   04  0.2077811E+03  0.1410472E+04 -0.1153837E+03  0.9713153E+02  0.1217194E+00
   04  0.2092723E+03  0.1410439E+04 -0.1123082E+03  0.9854217E+02  0.8865269E-01
   04  0.2107635E+03  0.1410405E+04 -0.1095946E+03  0.1000883E+03  0.5473729E-01
   04  0.2122546E+03  0.1410371E+04 -0.1071707E+03  0.1017173E+03  0.2082318E-01
   04  0.2137458E+03  0.1410338E+04 -0.1049391E+03  0.1033673E+03 -0.1233494E-01
   04  0.2152370E+03  0.1410306E+04 -0.1027904E+03  0.1049737E+03 -0.4414191E-01
   04  0.2167281E+03  0.1410276E+04 -0.1006090E+03  0.1064777E+03 -0.7415624E-01
   04  0.2182193E+03  0.1410248E+04 -0.9827846E+02  0.1078341E+03 -0.1020699E+00
   04  0.2197105E+03  0.1410222E+04 -0.9569362E+02  0.1090163E+03 -0.1277116E+00
   04  0.2212017E+03  0.1410199E+04 -0.9277984E+02  0.1100183E+03 -0.1510774E+00
   04  0.2226928E+03  0.1410178E+04 -0.8951314E+02  0.1108521E+03 -0.1723496E+00
   04  0.2241840E+03  0.1410158E+04 -0.8593068E+02  0.1115413E+03 -0.1918522E+00
   04  0.2256752E+03  0.1410140E+04 -0.8212594E+02  0.1121148E+03 -0.2099422E+00
   04  0.2271663E+03  0.1410123E+04 -0.7822939E+02  0.1126017E+03 -0.2268793E+00
   04  0.2286575E+03  0.1410107E+04 -0.7438063E+02  0.1130278E+03 -0.2427288E+00
   04  0.2301487E+03  0.1410093E+04 -0.7070043E+02  0.1134137E+03 -0.2573345E+00
   04  0.2316398E+03  0.1410080E+04 -0.6727115E+02  0.1137746E+03 -0.2703666E+00
   04  0.2331310E+03  0.1410069E+04 -0.6413019E+02  0.1141180E+03 -0.2814150E+00
   04  0.2346222E+03  0.1410060E+04 -0.6127645E+02  0.1144444E+03 -0.2901137E+00
   04  0.2361133E+03  0.1410054E+04 -0.5868502E+02  0.1147468E+03 -0.2962420E+00
   04  0.2376045E+03  0.1410050E+04 -0.5632322E+02  0.1150168E+03 -0.2998346E+00
   04  0.2390957E+03  0.1410049E+04 -0.5416270E+02  0.1152473E+03 -0.3012140E+00
   04  0.2405868E+03  0.1410049E+04 -0.5218561E+02  0.1154302E+03 -0.3009247E+00
   04  0.2420780E+03  0.1410050E+04 -0.5038285E+02  0.1155580E+03 -0.2996610E+00
   04  0.2435692E+03  0.1410052E+04 -0.4874524E+02  0.1156266E+03 -0.2981807E+00
   04  0.2450603E+03  0.1410053E+04 -0.4725151E+02  0.1156316E+03 -0.2971889E+00
   04  0.2465515E+03  0.1410053E+04 -0.4585910E+02  0.1155677E+03 -0.2972664E+00
   04  0.2480427E+03  0.1410051E+04 -0.4450133E+02  0.1154298E+03 -0.2988525E+00
   04  0.2495338E+03  0.1410048E+04 -0.4309434E+02  0.1152138E+03 -0.3022429E+00
   04  0.2510250E+03  0.1410042E+04 -0.4154981E+02  0.1149213E+03 -0.3076104E+00
   04  0.2525162E+03  0.1410035E+04 -0.3979613E+02  0.1145647E+03 -0.3149799E+00
   04  0.2540073E+03  0.1410026E+04 -0.3779314E+02  0.1141448E+03 -0.3240003E+00
   04  0.2554985E+03  0.1410016E+04 -0.3553225E+02  0.1136534E+03 -0.3339734E+00
   04  0.2569897E+03  0.1410006E+04 -0.3303758E+02  0.1130995E+03 -0.3441148E+00
   04  0.2584808E+03  0.1409996E+04 -0.3036032E+02  0.1124949E+03 -0.3535663E+00
   04  0.2599720E+03  0.1409988E+04 -0.2756985E+02  0.1118535E+03 -0.3615720E+00
   04  0.2614632E+03  0.1409982E+04 -0.2474499E+02  0.1111909E+03 -0.3676701E+00
   04  0.2629543E+03  0.1409978E+04 -0.2196566E+02  0.1105227E+03 -0.3717955E+00
   04  0.2644455E+03  0.1409976E+04 -0.1930409E+02  0.1098624E+03 -0.3742663E+00
   04  0.2659367E+03  0.1409974E+04 -0.1681594E+02  0.1092136E+03 -0.3756217E+00
   04  0.2674278E+03  0.1409973E+04 -0.1453184E+02  0.1085743E+03 -0.3764960E+00
   04  0.2689190E+03  0.1409972E+04 -0.1245264E+02  0.1079430E+03 -0.3774955E+00
   04  0.2704102E+03  0.1409971E+04 -0.1054976E+02  0.1073170E+03 -0.3790915E+00
   04  0.2719014E+03  0.1409968E+04 -0.8770201E+01  0.1066943E+03 -0.3816065E+00
   04  0.2733925E+03  0.1409965E+04 -0.7043268E+01  0.1060744E+03 -0.3852517E+00
   04  0.2748837E+03  0.1409960E+04 -0.5288751E+01  0.1054598E+03 -0.3901967E+00
   04  0.2763749E+03  0.1409953E+04 -0.3424223E+01  0.1048512E+03 -0.3965948E+00
   04  0.2778660E+03  0.1409945E+04 -0.1372532E+01  0.1042513E+03 -0.4046322E+00
   04  0.2793572E+03  0.1409935E+04  0.9299310E+00  0.1036612E+03 -0.4144938E+00
   04  0.2808484E+03  0.1409924E+04  0.3525049E+01  0.1030801E+03 -0.4263257E+00
   04  0.2823395E+03  0.1409910E+04  0.6426557E+01  0.1025048E+03 -0.4401968E+00
   04  0.2838307E+03  0.1409894E+04  0.9615427E+01  0.1019297E+03 -0.4560498E+00
   04  0.2853219E+03  0.1409876E+04  0.1304007E+02  0.1013466E+03 -0.4736754E+00
   04  0.2868130E+03  0.1409857E+04  0.1662246E+02  0.1007453E+03 -0.4927069E+00
   04  0.2883042E+03  0.1409837E+04  0.2026899E+02  0.1001138E+03 -0.5126428E+00
   04  0.2897954E+03  0.1409817E+04  0.2388386E+02  0.9943997E+02 -0.5328929E+00
   04  0.2912865E+03  0.1409797E+04  0.2738177E+02  0.9871263E+02 -0.5528371E+00
   04  0.2927777E+03  0.1409778E+04  0.3069755E+02  0.9792318E+02 -0.5718843E+00
   04  0.2942689E+03  0.1409760E+04  0.3379101E+02  0.9706620E+02 -0.5895216E+00
   04  0.2957600E+03  0.1409745E+04  0.3664708E+02  0.9613950E+02 -0.6053462E+00
   04  0.2972512E+03  0.1409731E+04  0.3927247E+02  0.9514363E+02 -0.6190801E+00
   04  0.2987424E+03  0.1409719E+04  0.4169030E+02  0.9408119E+02 -0.6305695E+00
   04  0.3002335E+03  0.1409710E+04  0.4393376E+02  0.9295629E+02 -0.6397760E+00
   04  0.3017247E+03  0.1409703E+04  0.4604003E+02  0.9177413E+02 -0.6467648E+00
   04  0.3032159E+03  0.1409698E+04  0.4804482E+02  0.9054113E+02 -0.6516930E+00
   04  0.3047070E+03  0.1409695E+04  0.4997803E+02  0.8926485E+02 -0.6547982E+00
   04  0.3061982E+03  0.1409694E+04  0.5186089E+02  0.8795403E+02 -0.6563839E+00
   04  0.3076894E+03  0.1409693E+04  0.5370464E+02  0.8661825E+02 -0.6567988E+00
   04  0.3091805E+03  0.1409694E+04  0.5551071E+02  0.8526701E+02 -0.6564055E+00
   04  0.3106717E+03  0.1409694E+04  0.5727218E+02  0.8390863E+02 -0.6555431E+00
   04  0.3121629E+03  0.1409695E+04  0.5897575E+02  0.8254889E+02 -0.6544853E+00
   04  0.3136540E+03  0.1409697E+04  0.6060325E+02  0.8118994E+02 -0.6533996E+00
   04  0.3151452E+03  0.1409698E+04  0.6213389E+02  0.7982978E+02 -0.6523306E+00
   04  0.3165017E+03  0.1409699E+04  0.6342378E+02  0.7858719E+02 -0.6513143E+00
   04  0.3178581E+03  0.1409700E+04  0.6460211E+02  0.7733231E+02 -0.6501387E+00
   04  0.3192146E+03  0.1409701E+04  0.6566232E+02  0.7605883E+02 -0.6486904E+00
   04  0.3205710E+03  0.1409703E+04  0.6660563E+02  0.7476139E+02 -0.6468876E+00
   04  0.3219275E+03  0.1409705E+04  0.6744394E+02  0.7343758E+02 -0.6447227E+00
   04  0.3232839E+03  0.1409708E+04  0.6819399E+02  0.7208945E+02 -0.6422269E+00
   04  0.3246404E+03  0.1409711E+04  0.6887023E+02  0.7072362E+02 -0.6394193E+00
   04  0.3259968E+03  0.1409714E+04  0.6947566E+02  0.6935050E+02 -0.6362474E+00
   04  0.3273533E+03  0.1409717E+04  0.7000691E+02  0.6798188E+02 -0.6326311E+00
   04  0.3287097E+03  0.1409721E+04  0.7046221E+02  0.6662707E+02 -0.6285256E+00
   04  0.3300662E+03  0.1409726E+04  0.7084273E+02  0.6528967E+02 -0.6239349E+00
   04  0.3314226E+03  0.1409731E+04  0.7114802E+02  0.6396667E+02 -0.6188695E+00
   04  0.3327791E+03  0.1409737E+04  0.7137826E+02  0.6265071E+02 -0.6133484E+00
   04  0.3341355E+03  0.1409743E+04  0.7153659E+02  0.6133171E+02 -0.6074081E+00
   04  0.3354920E+03  0.1409749E+04  0.7161590E+02  0.6000039E+02 -0.6009945E+00
   04  0.3368484E+03  0.1409756E+04  0.7160768E+02  0.5865050E+02 -0.5940313E+00
   04  0.3382049E+03  0.1409763E+04  0.7150922E+02  0.5727772E+02 -0.5864763E+00
   04  0.3395613E+03  0.1409772E+04  0.7132123E+02  0.5587875E+02 -0.5783061E+00
   04  0.3409178E+03  0.1409780E+04  0.7104709E+02  0.5445077E+02 -0.5695120E+00
   04  0.3422742E+03  0.1409790E+04  0.7069162E+02  0.5299130E+02 -0.5600948E+00
   04  0.3436307E+03  0.1409800E+04  0.7026040E+02  0.5149831E+02 -0.5500641E+00
   04  0.3449871E+03  0.1409811E+04  0.6975938E+02  0.4997043E+02 -0.5394385E+00
   04  0.3463436E+03  0.1409822E+04  0.6919445E+02  0.4840709E+02 -0.5282464E+00
   04  0.3477000E+03  0.1409833E+04  0.6857130E+02  0.4680874E+02 -0.5165271E+00
   04  0.3490565E+03  0.1409846E+04  0.6789541E+02  0.4517693E+02 -0.5043310E+00
   04  0.3504130E+03  0.1409858E+04  0.6717206E+02  0.4351440E+02 -0.4917204E+00
   04  0.3517694E+03  0.1409871E+04  0.6640644E+02  0.4182507E+02 -0.4787697E+00
   04  0.3531259E+03  0.1409884E+04  0.6560372E+02  0.4011399E+02 -0.4655641E+00
   04  0.3544823E+03  0.1409898E+04  0.6476905E+02  0.3838725E+02 -0.4521979E+00
   04  0.3558388E+03  0.1409911E+04  0.6390748E+02  0.3665177E+02 -0.4387716E+00
   04  0.3574665E+03  0.1409927E+04  0.6284661E+02  0.3456805E+02 -0.4227331E+00
   04  0.3590942E+03  0.1409943E+04  0.6176090E+02  0.3249738E+02 -0.4069230E+00
   04  0.3607220E+03  0.1409958E+04  0.6065579E+02  0.3045296E+02 -0.3914922E+00
   04  0.3623497E+03  0.1409973E+04  0.5953451E+02  0.2844758E+02 -0.3765629E+00
   04  0.3639775E+03  0.1409988E+04  0.5839760E+02  0.2649279E+02 -0.3622195E+00
   04  0.3656052E+03  0.1410001E+04  0.5724280E+02  0.2459828E+02 -0.3485025E+00
   04  0.3672329E+03  0.1410015E+04  0.5606567E+02  0.2277130E+02 -0.3354029E+00
   04  0.3688607E+03  0.1410027E+04  0.5485910E+02  0.2101644E+02 -0.3228709E+00
   04  0.3704884E+03  0.1410039E+04  0.5361498E+02  0.1933561E+02 -0.3108174E+00
   04  0.3721162E+03  0.1410051E+04  0.5232358E+02  0.1772833E+02 -0.2991319E+00
   04  0.3737439E+03  0.1410062E+04  0.5097628E+02  0.1619244E+02 -0.2876892E+00
   04  0.3753717E+03  0.1410074E+04  0.4956709E+02  0.1472454E+02 -0.2763595E+00
   04  0.3769994E+03  0.1410085E+04  0.4809152E+02  0.1332106E+02 -0.2650435E+00
   04  0.3786271E+03  0.1410096E+04  0.4654803E+02  0.1197887E+02 -0.2536872E+00
   04  0.3802549E+03  0.1410108E+04  0.4493940E+02  0.1069525E+02 -0.2422874E+00
   04  0.3818826E+03  0.1410119E+04  0.4327332E+02  0.9467825E+01 -0.2308888E+00
   04  0.3835104E+03  0.1410130E+04  0.4156220E+02  0.8294062E+01 -0.2195810E+00
   04  0.3851381E+03  0.1410141E+04  0.3982405E+02  0.7173492E+01 -0.2085147E+00
   04  0.3867658E+03  0.1410152E+04  0.3808254E+02  0.6114152E+01 -0.1979513E+00
   04  0.3883936E+03  0.1410162E+04  0.3635905E+02  0.5127646E+01 -0.1881844E+00
   04  0.3900213E+03  0.1410171E+04  0.3466692E+02  0.4211785E+01 -0.1794083E+00
   04  0.3916491E+03  0.1410178E+04  0.3301346E+02  0.3352458E+01 -0.1717067E+00
   04  0.3932768E+03  0.1410185E+04  0.3140210E+02  0.2535210E+01 -0.1651226E+00
   04  0.3949046E+03  0.1410190E+04  0.2983671E+02  0.1748838E+01 -0.1596635E+00
   04  0.3965323E+03  0.1410195E+04  0.2832013E+02  0.9846581E+00 -0.1553080E+00
   04  0.3981600E+03  0.1410198E+04  0.2684724E+02  0.2361215E+00 -0.1520469E+00
   04  0.3997878E+03  0.1410200E+04  0.2541135E+02 -0.5019379E+00 -0.1498323E+00
   04  0.4014155E+03  0.1410201E+04  0.2400538E+02 -0.1233804E+01 -0.1485799E+00
   04  0.4030433E+03  0.1410202E+04  0.2262085E+02 -0.1963100E+01 -0.1481911E+00
   04  0.4046710E+03  0.1410201E+04  0.2124827E+02 -0.2692793E+01 -0.1485689E+00
   04  0.4062987E+03  0.1410200E+04  0.1987766E+02 -0.3425188E+01 -0.1496277E+00
   04  0.4079265E+03  0.1410199E+04  0.1850002E+02 -0.4161976E+01 -0.1512942E+00
   04  0.4095542E+03  0.1410196E+04  0.1710792E+02 -0.4905939E+01 -0.1535055E+00
   04  0.4111820E+03  0.1410194E+04  0.1569428E+02 -0.5658593E+01 -0.1562420E+00
   04  0.4128097E+03  0.1410190E+04  0.1425101E+02 -0.6421119E+01 -0.1595213E+00
   04  0.4144375E+03  0.1410187E+04  0.1277104E+02 -0.7192264E+01 -0.1634219E+00
   04  0.4160652E+03  0.1410182E+04  0.1124914E+02 -0.7972391E+01 -0.1680454E+00
   04  0.4176929E+03  0.1410176E+04  0.9681780E+01 -0.8763754E+01 -0.1735072E+00
   04  0.4193207E+03  0.1410170E+04  0.8067425E+01 -0.9570436E+01 -0.1799181E+00
   04  0.4209484E+03  0.1410163E+04  0.6406857E+01 -0.1039460E+02 -0.1873856E+00
   04  0.4225762E+03  0.1410154E+04  0.4704681E+01 -0.1123920E+02 -0.1959840E+00
   04  0.4242039E+03  0.1410144E+04  0.2969412E+01 -0.1211063E+02 -0.2057294E+00
   04  0.4258316E+03  0.1410133E+04  0.1211490E+01 -0.1301916E+02 -0.2165726E+00
   04  0.4274594E+03  0.1410122E+04 -0.5581103E+00 -0.1397539E+02 -0.2284268E+00
   04  0.4290871E+03  0.1410109E+04 -0.2328638E+01 -0.1498751E+02 -0.2411812E+00
   04  0.4307149E+03  0.1410095E+04 -0.4090044E+01 -0.1605909E+02 -0.2547213E+00
   04  0.4323426E+03  0.1410081E+04 -0.5833318E+01 -0.1718866E+02 -0.2689373E+00
   04  0.4339704E+03  0.1410066E+04 -0.7550400E+01 -0.1836988E+02 -0.2837299E+00
   04  0.4355981E+03  0.1410051E+04 -0.9233825E+01 -0.1959245E+02 -0.2990068E+00
   04  0.4372258E+03  0.1410035E+04 -0.1087651E+02 -0.2084309E+02 -0.3146775E+00
   04  0.4388536E+03  0.1410019E+04 -0.1247190E+02 -0.2210655E+02 -0.3306490E+00
   04  0.4404813E+03  0.1410003E+04 -0.1401440E+02 -0.2336665E+02 -0.3468242E+00
   04  0.4421091E+03  0.1409987E+04 -0.1549968E+02 -0.2460731E+02 -0.3631002E+00
   04  0.4437368E+03  0.1409971E+04 -0.1692479E+02 -0.2581352E+02 -0.3793684E+00
   04  0.4453645E+03  0.1409954E+04 -0.1828808E+02 -0.2697217E+02 -0.3955132E+00
   04  0.4469923E+03  0.1409939E+04 -0.1958904E+02 -0.2807281E+02 -0.4114121E+00
   04  0.4486200E+03  0.1409923E+04 -0.2082815E+02 -0.2910808E+02 -0.4269368E+00
   04  0.4502478E+03  0.1409908E+04 -0.2200669E+02 -0.3007389E+02 -0.4419563E+00
   04  0.4518755E+03  0.1409894E+04 -0.2312694E+02 -0.3096948E+02 -0.4563431E+00
   04  0.4535033E+03  0.1409880E+04 -0.2419289E+02 -0.3179708E+02 -0.4699841E+00
   04  0.4551310E+03  0.1409867E+04 -0.2520675E+02 -0.3256182E+02 -0.4827570E+00
   04  0.4567587E+03  0.1409855E+04 -0.2616823E+02 -0.3327219E+02 -0.4945293E+00
   04  0.4583865E+03  0.1409845E+04 -0.2707485E+02 -0.3394032E+02 -0.5051664E+00
   04  0.4600142E+03  0.1409835E+04 -0.2792897E+02 -0.3457892E+02 -0.5146002E+00
   04  0.4616420E+03  0.1409827E+04 -0.2873623E+02 -0.3519728E+02 -0.5228227E+00
   04  0.4632697E+03  0.1409820E+04 -0.2950078E+02 -0.3580033E+02 -0.5298413E+00
   04  0.4648974E+03  0.1409814E+04 -0.3022398E+02 -0.3638862E+02 -0.5356756E+00
   04  0.4665252E+03  0.1409810E+04 -0.3090185E+02 -0.3696056E+02 -0.5403256E+00
   04  0.4681529E+03  0.1409806E+04 -0.3152830E+02 -0.3751364E+02 -0.5438023E+00
   04  0.4697807E+03  0.1409804E+04 -0.3210409E+02 -0.3804501E+02 -0.5461827E+00
   04  0.4714084E+03  0.1409802E+04 -0.3263242E+02 -0.3855296E+02 -0.5475604E+00
   04  0.4730362E+03  0.1409802E+04 -0.3311478E+02 -0.3903321E+02 -0.5480308E+00
   04  0.4746639E+03  0.1409802E+04 -0.3355471E+02 -0.3948269E+02 -0.5477132E+00
   04  0.4762916E+03  0.1409803E+04 -0.3395611E+02 -0.3990898E+02 -0.5466794E+00
   04  0.4779194E+03  0.1409805E+04 -0.3432189E+02 -0.4031349E+02 -0.5450253E+00
   04  0.4795471E+03  0.1409807E+04 -0.3465373E+02 -0.4070123E+02 -0.5428161E+00
   04  0.4811749E+03  0.1409810E+04 -0.3495453E+02 -0.4107802E+02 -0.5401403E+00
   04  0.4828026E+03  0.1409813E+04 -0.3522806E+02 -0.4145333E+02 -0.5370677E+00
   04  0.4844303E+03  0.1409816E+04 -0.3547727E+02 -0.4183472E+02 -0.5336628E+00
   04  0.4860581E+03  0.1409820E+04 -0.3570417E+02 -0.4222875E+02 -0.5299798E+00
   04  0.4876858E+03  0.1409824E+04 -0.3591180E+02 -0.4263935E+02 -0.5260912E+00
   04  0.4893136E+03  0.1409828E+04 -0.3610237E+02 -0.4307205E+02 -0.5220546E+00
   04  0.4909413E+03  0.1409832E+04 -0.3627705E+02 -0.4353714E+02 -0.5178917E+00
   04  0.4925691E+03  0.1409836E+04 -0.3643675E+02 -0.4404498E+02 -0.5136233E+00
   04  0.4941968E+03  0.1409841E+04 -0.3658160E+02 -0.4460411E+02 -0.5092687E+00
   04  0.4958245E+03  0.1409845E+04 -0.3671190E+02 -0.4522042E+02 -0.5048661E+00
   04  0.4974523E+03  0.1409849E+04 -0.3682779E+02 -0.4589700E+02 -0.5004778E+00
   04  0.4990800E+03  0.1409854E+04 -0.3692893E+02 -0.4663417E+02 -0.4961880E+00
   04  0.5007078E+03  0.1409858E+04 -0.3701460E+02 -0.4742992E+02 -0.4920916E+00
   04  0.5023355E+03  0.1409862E+04 -0.3708385E+02 -0.4828110E+02 -0.4883038E+00
   04  0.5039632E+03  0.1409865E+04 -0.3713623E+02 -0.4918453E+02 -0.4849309E+00
   04  0.5055910E+03  0.1409868E+04 -0.3717423E+02 -0.5013668E+02 -0.4820337E+00
   04  0.5072187E+03  0.1409870E+04 -0.3720095E+02 -0.5113335E+02 -0.4796427E+00
   04  0.5088465E+03  0.1409872E+04 -0.3721716E+02 -0.5217027E+02 -0.4777841E+00
   04  0.5104742E+03  0.1409873E+04 -0.3721931E+02 -0.5324368E+02 -0.4764977E+00
   04  0.5121020E+03  0.1409874E+04 -0.3720020E+02 -0.5435015E+02 -0.4758321E+00
   04  0.5137297E+03  0.1409874E+04 -0.3715150E+02 -0.5548626E+02 -0.4758339E+00
   04  0.5153574E+03  0.1409873E+04 -0.3706495E+02 -0.5664808E+02 -0.4765488E+00
   04  0.5169852E+03  0.1409872E+04 -0.3693199E+02 -0.5783169E+02 -0.4780331E+00
   04  0.5186129E+03  0.1409870E+04 -0.3674852E+02 -0.5903377E+02 -0.4803291E+00
   04  0.5202407E+03  0.1409866E+04 -0.3651325E+02 -0.6025168E+02 -0.4834807E+00
   04  0.5218684E+03  0.1409862E+04 -0.3622884E+02 -0.6148367E+02 -0.4875207E+00
   04  0.5234961E+03  0.1409858E+04 -0.3590636E+02 -0.6272923E+02 -0.4924341E+00
   04  0.5251239E+03  0.1409852E+04 -0.3555673E+02 -0.6398903E+02 -0.4982036E+00
   04  0.5267516E+03  0.1409845E+04 -0.3518527E+02 -0.6526457E+02 -0.5048372E+00
   04  0.5283794E+03  0.1409838E+04 -0.3479116E+02 -0.6656015E+02 -0.5123624E+00
   04  0.5300071E+03  0.1409829E+04 -0.3436544E+02 -0.6788449E+02 -0.5208264E+00
   04  0.5316349E+03  0.1409820E+04 -0.3389661E+02 -0.6924870E+02 -0.5302795E+00
   04  0.5332626E+03  0.1409809E+04 -0.3337440E+02 -0.7066342E+02 -0.5407767E+00
   04  0.5348903E+03  0.1409798E+04 -0.3279157E+02 -0.7213477E+02 -0.5523807E+00
   04  0.5365181E+03  0.1409785E+04 -0.3214248E+02 -0.7366238E+02 -0.5651502E+00
   04  0.5381458E+03  0.1409771E+04 -0.3142293E+02 -0.7524031E+02 -0.5791032E+00
   04  0.5397736E+03  0.1409756E+04 -0.3063051E+02 -0.7685650E+02 -0.5941707E+00
   04  0.5414013E+03  0.1409740E+04 -0.2976383E+02 -0.7849551E+02 -0.6101285E+00
   04  0.5430290E+03  0.1409723E+04 -0.2882416E+02 -0.8013143E+02 -0.6265898E+00
   04  0.5446568E+03  0.1409707E+04 -0.2781538E+02 -0.8173259E+02 -0.6429742E+00
   04  0.5462845E+03  0.1409691E+04 -0.2674179E+02 -0.8325400E+02 -0.6586120E+00
   04  0.5479123E+03  0.1409677E+04 -0.2560899E+02 -0.8464639E+02 -0.6727926E+00
   04  0.5495400E+03  0.1409665E+04 -0.2442466E+02 -0.8587172E+02 -0.6849790E+00
   04  0.5511678E+03  0.1409655E+04 -0.2319932E+02 -0.8689911E+02 -0.6947604E+00
   04  0.5527955E+03  0.1409648E+04 -0.2194619E+02 -0.8774307E+02 -0.7020813E+00
   04  0.5544232E+03  0.1409643E+04 -0.2067903E+02 -0.8844738E+02 -0.7070155E+00
   04  0.5560510E+03  0.1409640E+04 -0.1940728E+02 -0.8906524E+02 -0.7097582E+00
   04  0.5576787E+03  0.1409639E+04 -0.1813858E+02 -0.8964157E+02 -0.7105243E+00
   04  0.5593065E+03  0.1409641E+04 -0.1687773E+02 -0.9019932E+02 -0.7094317E+00
   04  0.5609342E+03  0.1409643E+04 -0.1562632E+02 -0.9073824E+02 -0.7064922E+00
   04  0.5625619E+03  0.1409648E+04 -0.1438312E+02 -0.9124120E+02 -0.7016506E+00
   04  0.5641897E+03  0.1409655E+04 -0.1314478E+02 -0.9167887E+02 -0.6947898E+00
   04  0.5658174E+03  0.1409664E+04 -0.1190555E+02 -0.9201569E+02 -0.6857595E+00
   04  0.5674452E+03  0.1409675E+04 -0.1065695E+02 -0.9223200E+02 -0.6745460E+00
   04  0.5690729E+03  0.1409689E+04 -0.9384684E+01 -0.9227450E+02 -0.6608628E+00
   04  0.5707007E+03  0.1409706E+04 -0.8069815E+01 -0.9209280E+02 -0.6444585E+00
   04  0.5723284E+03  0.1409725E+04 -0.6692051E+01 -0.9162920E+02 -0.6250151E+00
   04  0.5739561E+03  0.1409748E+04 -0.5233195E+01 -0.9085456E+02 -0.6024432E+00
   04  0.5755839E+03  0.1409773E+04 -0.3680194E+01 -0.8975988E+02 -0.5768002E+00
   04  0.5772116E+03  0.1409802E+04 -0.2028727E+01 -0.8835834E+02 -0.5483020E+00
   04  0.5788394E+03  0.1409833E+04 -0.2850205E+00 -0.8667998E+02 -0.5172837E+00
   04  0.5804671E+03  0.1409866E+04  0.1534739E+01 -0.8476585E+02 -0.4841603E+00
   04  0.5820948E+03  0.1409901E+04  0.3405510E+01 -0.8266167E+02 -0.4493661E+00
   04  0.5837226E+03  0.1409937E+04  0.5302236E+01 -0.8041174E+02 -0.4133484E+00
   04  0.5853503E+03  0.1409973E+04  0.7201207E+01 -0.7805450E+02 -0.3765104E+00
   04  0.5869781E+03  0.1410011E+04  0.9081507E+01 -0.7562056E+02 -0.3391765E+00
   04  0.5886058E+03  0.1410048E+04  0.1092720E+02 -0.7313262E+02 -0.3015901E+00
   04  0.5902336E+03  0.1410086E+04  0.1272781E+02 -0.7060678E+02 -0.2639219E+00
   04  0.5918613E+03  0.1410124E+04  0.1447772E+02 -0.6805420E+02 -0.2262850E+00
   04  0.5934890E+03  0.1410161E+04  0.1617479E+02 -0.6548283E+02 -0.1887538E+00
   04  0.5951168E+03  0.1410199E+04  0.1781884E+02 -0.6289883E+02 -0.1513812E+00
   04  0.5967445E+03  0.1410236E+04  0.1941037E+02 -0.6030759E+02 -0.1142119E+00
   04  0.5983723E+03  0.1410273E+04  0.2094965E+02 -0.5771437E+02 -0.7729140E-01
