# gauge_id= 515 location=( -0.1251000000E+03  0.4170000000E+02 ) num_var=  4
# Stationary gauge
# level, time, q[  1  2  3], eta, aux[]
# file format ascii, time series follow in this file
   02  0.0000000E+00  0.1974486E+04  0.0000000E+00  0.0000000E+00  0.0000000E+00
   02  0.1000000E+01  0.1974486E+04 -0.2753501E-13  0.1109535E-12  0.7737016E+01
   02  0.1142857E+01  0.1974480E+04 -0.1093988E+01  0.6678023E-01  0.7731323E+01
   02  0.1285714E+01  0.1974474E+04 -0.2184689E+01  0.1332962E+00  0.7725629E+01
   02  0.1428571E+01  0.1974469E+04 -0.3272111E+01  0.1995480E+00  0.7719933E+01
   02  0.1571429E+01  0.1974463E+04 -0.4356260E+01  0.2655355E+00  0.7714237E+01
   02  0.1714286E+01  0.1974457E+04 -0.5437145E+01  0.3312586E+00  0.7708539E+01
   02  0.1857143E+01  0.1974451E+04 -0.6514858E+01  0.3967174E+00  0.7702841E+01
   02  0.2000000E+01  0.1974446E+04 -0.7589455E+01  0.4619117E+00  0.7697143E+01
   02  0.4673503E+02  0.1972628E+04 -0.3425756E+03  0.7753602E+01  0.5878936E+01
   03  0.9147006E+02  0.1875221E+04 -0.3541287E+03  0.1510502E+02  0.4117186E+01
   03  0.1004171E+03  0.1874928E+04 -0.3592436E+03  0.8656190E+01  0.3823618E+01
   03  0.1093641E+03  0.1874624E+04 -0.3722899E+03  0.4272229E+00  0.3519903E+01
   03  0.1183111E+03  0.1874304E+04 -0.3848375E+03 -0.8616572E+01  0.3199363E+01
   03  0.1272581E+03  0.1873949E+04 -0.3877409E+03 -0.1774307E+02  0.2845232E+01
   03  0.1362051E+03  0.1873558E+04 -0.3756392E+03 -0.2611481E+02  0.2454066E+01
   03  0.1451521E+03  0.1873141E+04 -0.3488991E+03 -0.3300726E+02  0.2037078E+01
   03  0.1540991E+03  0.1872719E+04 -0.3121278E+03 -0.3807413E+02  0.1615328E+01
   03  0.1630461E+03  0.1872320E+04 -0.2710840E+03 -0.4158138E+02  0.1216126E+01
   03  0.1719931E+03  0.1871963E+04 -0.2311759E+03 -0.4434618E+02  0.8591673E+00
   04  0.1809401E+03  0.1814952E+04 -0.1920682E+03 -0.4718713E+02  0.5068686E+00
   04  0.1824313E+03  0.1814890E+04 -0.1841515E+03 -0.4751440E+02  0.4453597E+00
   04  0.1839225E+03  0.1814840E+04 -0.1776803E+03 -0.4782698E+02  0.3954261E+00
   04  0.1854136E+03  0.1814799E+04 -0.1723825E+03 -0.4814892E+02  0.3545464E+00
   04  0.1869048E+03  0.1814764E+04 -0.1678028E+03 -0.4848938E+02  0.3192728E+00
   04  0.1883960E+03  0.1814732E+04 -0.1636357E+03 -0.4884184E+02  0.2872552E+00
   04  0.1898871E+03  0.1814702E+04 -0.1597060E+03 -0.4919136E+02  0.2572836E+00
   04  0.1913783E+03  0.1814674E+04 -0.1558577E+03 -0.4952337E+02  0.2287535E+00
   04  0.1928695E+03  0.1814646E+04 -0.1518981E+03 -0.4983152E+02  0.2012700E+00
   04  0.1943606E+03  0.1814619E+04 -0.1476152E+03 -0.5012381E+02  0.1744396E+00
   04  0.1958518E+03  0.1814592E+04 -0.1428489E+03 -0.5042602E+02  0.1477186E+00
   04  0.1973430E+03  0.1814565E+04 -0.1375681E+03 -0.5078061E+02  0.1203528E+00
   04  0.1988341E+03  0.1814536E+04 -0.1319022E+03 -0.5124114E+02  0.9152035E-01
   04  0.2003253E+03  0.1814505E+04 -0.1261061E+03 -0.5186432E+02  0.6062540E-01
   04  0.2018165E+03  0.1814472E+04 -0.1204854E+03 -0.5270090E+02  0.2755464E-01
   04  0.2033076E+03  0.1814438E+04 -0.1153126E+03 -0.5378570E+02 -0.7231841E-02
   04  0.2047988E+03  0.1814402E+04 -0.1107661E+03 -0.5512869E+02 -0.4280784E-01
   04  0.2062900E+03  0.1814367E+04 -0.1069043E+03 -0.5670981E+02 -0.7804401E-01
   04  0.2077811E+03  0.1814333E+04 -0.1036761E+03 -0.5847985E+02 -0.1119072E+00
   04  0.2092723E+03  0.1814301E+04 -0.1009496E+03 -0.6036831E+02 -0.1436700E+00
   04  0.2107635E+03  0.1814272E+04 -0.9854622E+02 -0.6229648E+02 -0.1729978E+00
   04  0.2122546E+03  0.1814245E+04 -0.9627378E+02 -0.6419204E+02 -0.1999740E+00
   04  0.2137458E+03  0.1814220E+04 -0.9395240E+02 -0.6600160E+02 -0.2251327E+00
   04  0.2152370E+03  0.1814195E+04 -0.9143062E+02 -0.6769810E+02 -0.2494942E+00
   04  0.2167281E+03  0.1814170E+04 -0.8859013E+02 -0.6928204E+02 -0.2745147E+00
   04  0.2182193E+03  0.1814143E+04 -0.8534684E+02 -0.7077726E+02 -0.3018606E+00
   04  0.2197105E+03  0.1814112E+04 -0.8165999E+02 -0.7222405E+02 -0.3329990E+00
   04  0.2212017E+03  0.1814076E+04 -0.7755293E+02 -0.7367198E+02 -0.3687238E+00
   04  0.2226928E+03  0.1814036E+04 -0.7313356E+02 -0.7517356E+02 -0.4088158E+00
   04  0.2241840E+03  0.1813993E+04 -0.6859472E+02 -0.7677833E+02 -0.4520143E+00
   04  0.2256752E+03  0.1813948E+04 -0.6418231E+02 -0.7852685E+02 -0.4963335E+00
   04  0.2271663E+03  0.1813905E+04 -0.6013757E+02 -0.8044480E+02 -0.5395919E+00
   04  0.2286575E+03  0.1813865E+04 -0.5663616E+02 -0.8253820E+02 -0.5799470E+00
   04  0.2301487E+03  0.1813829E+04 -0.5374961E+02 -0.8479127E+02 -0.6162468E+00
   04  0.2316398E+03  0.1813797E+04 -0.5144248E+02 -0.8716822E+02 -0.6481170E+00
   04  0.2331310E+03  0.1813769E+04 -0.4960036E+02 -0.8961898E+02 -0.6758229E+00
   04  0.2346222E+03  0.1813745E+04 -0.4807213E+02 -0.9208741E+02 -0.7000182E+00
   04  0.2361133E+03  0.1813723E+04 -0.4670941E+02 -0.9451974E+02 -0.7214925E+00
   04  0.2376045E+03  0.1813704E+04 -0.4538998E+02 -0.9687165E+02 -0.7410106E+00
   04  0.2390957E+03  0.1813685E+04 -0.4401742E+02 -0.9911374E+02 -0.7593046E+00
   04  0.2405868E+03  0.1813668E+04 -0.4250499E+02 -0.1012346E+03 -0.7771657E+00
   04  0.2420780E+03  0.1813649E+04 -0.4075860E+02 -0.1032409E+03 -0.7955357E+00
   04  0.2435692E+03  0.1813629E+04 -0.3867183E+02 -0.1051532E+03 -0.8155070E+00
   04  0.2450603E+03  0.1813607E+04 -0.3613927E+02 -0.1070010E+03 -0.8381845E+00
   04  0.2465515E+03  0.1813580E+04 -0.3308533E+02 -0.1088152E+03 -0.8644308E+00
   04  0.2480427E+03  0.1813550E+04 -0.2949721E+02 -0.1106228E+03 -0.8945812E+00
   04  0.2495338E+03  0.1813517E+04 -0.2544566E+02 -0.1124417E+03 -0.9282591E+00
   04  0.2510250E+03  0.1813480E+04 -0.2108071E+02 -0.1142782E+03 -0.9643897E+00
   04  0.2525162E+03  0.1813443E+04 -0.1660098E+02 -0.1161266E+03 -0.1001430E+01
   04  0.2540073E+03  0.1813407E+04 -0.1220760E+02 -0.1179706E+03 -0.1037729E+01
   04  0.2554985E+03  0.1813373E+04 -0.8060564E+01 -0.1197871E+03 -0.1071892E+01
   04  0.2569897E+03  0.1813342E+04 -0.4252893E+01 -0.1215509E+03 -0.1103015E+01
   04  0.2584808E+03  0.1813314E+04 -0.8078803E+00 -0.1232396E+03 -0.1130748E+01
   04  0.2599720E+03  0.1813290E+04  0.2305961E+01 -0.1248374E+03 -0.1155216E+01
   04  0.2614632E+03  0.1813268E+04  0.5152893E+01 -0.1263376E+03 -0.1176865E+01
   04  0.2629543E+03  0.1813248E+04  0.7810350E+01 -0.1277427E+03 -0.1196313E+01
   04  0.2644455E+03  0.1813231E+04  0.1035659E+02 -0.1290634E+03 -0.1214226E+01
   04  0.2659367E+03  0.1813214E+04  0.1286584E+02 -0.1303159E+03 -0.1231263E+01
   04  0.2674278E+03  0.1813197E+04  0.1540829E+02 -0.1315193E+03 -0.1248049E+01
   04  0.2689190E+03  0.1813180E+04  0.1805128E+02 -0.1326918E+03 -0.1265173E+01
   04  0.2704102E+03  0.1813162E+04  0.2085868E+02 -0.1338476E+03 -0.1283177E+01
   04  0.2719014E+03  0.1813142E+04  0.2388666E+02 -0.1349931E+03 -0.1302524E+01
   04  0.2733925E+03  0.1813121E+04  0.2717595E+02 -0.1361252E+03 -0.1323538E+01
   04  0.2748837E+03  0.1813098E+04  0.3074222E+02 -0.1372288E+03 -0.1346318E+01
   04  0.2763749E+03  0.1813074E+04  0.3456780E+02 -0.1382788E+03 -0.1370673E+01
   04  0.2778660E+03  0.1813049E+04  0.3859814E+02 -0.1392423E+03 -0.1396088E+01
   04  0.2793572E+03  0.1813023E+04  0.4274559E+02 -0.1400839E+03 -0.1421763E+01
   04  0.2808484E+03  0.1812998E+04  0.4690056E+02 -0.1407717E+03 -0.1446713E+01
   04  0.2823395E+03  0.1812975E+04  0.5094791E+02 -0.1412828E+03 -0.1469929E+01
   04  0.2838307E+03  0.1812954E+04  0.5478409E+02 -0.1416069E+03 -0.1490533E+01
   04  0.2853219E+03  0.1812937E+04  0.5833037E+02 -0.1417468E+03 -0.1507903E+01
   04  0.2868130E+03  0.1812923E+04  0.6153993E+02 -0.1417161E+03 -0.1521737E+01
   04  0.2883042E+03  0.1812913E+04  0.6439837E+02 -0.1415368E+03 -0.1532056E+01
   04  0.2897954E+03  0.1812906E+04  0.6690950E+02 -0.1412295E+03 -0.1539056E+01
   04  0.2912865E+03  0.1812902E+04  0.6908014E+02 -0.1408082E+03 -0.1542999E+01
   04  0.2927777E+03  0.1812900E+04  0.7094976E+02 -0.1402895E+03 -0.1544421E+01
   04  0.2942689E+03  0.1812901E+04  0.7259012E+02 -0.1396942E+03 -0.1544071E+01
   04  0.2957600E+03  0.1812902E+04  0.7405805E+02 -0.1390351E+03 -0.1542516E+01
   04  0.2972512E+03  0.1812905E+04  0.7539822E+02 -0.1383201E+03 -0.1540187E+01
   04  0.2987424E+03  0.1812908E+04  0.7660579E+02 -0.1375547E+03 -0.1537127E+01
   04  0.3002335E+03  0.1812911E+04  0.7767806E+02 -0.1367455E+03 -0.1533338E+01
   04  0.3017247E+03  0.1812916E+04  0.7862428E+02 -0.1358869E+03 -0.1528804E+01
   04  0.3032159E+03  0.1812921E+04  0.7947180E+02 -0.1349782E+03 -0.1523672E+01
   04  0.3047070E+03  0.1812927E+04  0.8025136E+02 -0.1340214E+03 -0.1518113E+01
   04  0.3061982E+03  0.1812933E+04  0.8099018E+02 -0.1330137E+03 -0.1512220E+01
   04  0.3076894E+03  0.1812939E+04  0.8170855E+02 -0.1319611E+03 -0.1506055E+01
   04  0.3091805E+03  0.1812945E+04  0.8241748E+02 -0.1308522E+03 -0.1499495E+01
   04  0.3106717E+03  0.1812952E+04  0.8311657E+02 -0.1296585E+03 -0.1492284E+01
   04  0.3121629E+03  0.1812961E+04  0.8379663E+02 -0.1283377E+03 -0.1484061E+01
   04  0.3136540E+03  0.1812970E+04  0.8444446E+02 -0.1268312E+03 -0.1474373E+01
   04  0.3151452E+03  0.1812982E+04  0.8505002E+02 -0.1250861E+03 -0.1462819E+01
   04  0.3165017E+03  0.1812994E+04  0.8555766E+02 -0.1232614E+03 -0.1450464E+01
   04  0.3178581E+03  0.1813009E+04  0.8602393E+02 -0.1211921E+03 -0.1436225E+01
   04  0.3192146E+03  0.1813025E+04  0.8644988E+02 -0.1188722E+03 -0.1420071E+01
   04  0.3205710E+03  0.1813043E+04  0.8683820E+02 -0.1163049E+03 -0.1402026E+01
   04  0.3219275E+03  0.1813063E+04  0.8719282E+02 -0.1134997E+03 -0.1382147E+01
   04  0.3232839E+03  0.1813084E+04  0.8751822E+02 -0.1104704E+03 -0.1360493E+01
   04  0.3246404E+03  0.1813108E+04  0.8781847E+02 -0.1072323E+03 -0.1337113E+01
   04  0.3259968E+03  0.1813133E+04  0.8809603E+02 -0.1038011E+03 -0.1312037E+01
   04  0.3273533E+03  0.1813159E+04  0.8835068E+02 -0.1001925E+03 -0.1285286E+01
   04  0.3287097E+03  0.1813188E+04  0.8857892E+02 -0.9642170E+02 -0.1256885E+01
   04  0.3300662E+03  0.1813218E+04  0.8877404E+02 -0.9250412E+02 -0.1226878E+01
   04  0.3314226E+03  0.1813249E+04  0.8892673E+02 -0.8845549E+02 -0.1195339E+01
   04  0.3327791E+03  0.1813282E+04  0.8902631E+02 -0.8429192E+02 -0.1162382E+01
   04  0.3341355E+03  0.1813317E+04  0.8906220E+02 -0.8002969E+02 -0.1128160E+01
   04  0.3354920E+03  0.1813352E+04  0.8902543E+02 -0.7568494E+02 -0.1092864E+01
   04  0.3368484E+03  0.1813388E+04  0.8890978E+02 -0.7127345E+02 -0.1056712E+01
   04  0.3382049E+03  0.1813425E+04  0.8871216E+02 -0.6681062E+02 -0.1019939E+01
   04  0.3395613E+03  0.1813462E+04  0.8843280E+02 -0.6231136E+02 -0.9827854E+00
   04  0.3409178E+03  0.1813499E+04  0.8807608E+02 -0.5779015E+02 -0.9454724E+00
   04  0.3422742E+03  0.1813537E+04  0.8764743E+02 -0.5326101E+02 -0.9082117E+00
   04  0.3436307E+03  0.1813574E+04  0.8715243E+02 -0.4873775E+02 -0.8711970E+00
   04  0.3449871E+03  0.1813610E+04  0.8659471E+02 -0.4423416E+02 -0.8346095E+00
   04  0.3463436E+03  0.1813646E+04  0.8597849E+02 -0.3976363E+02 -0.7985907E+00
   04  0.3477000E+03  0.1813682E+04  0.8531048E+02 -0.3533818E+02 -0.7632264E+00
   04  0.3490565E+03  0.1813716E+04  0.8459179E+02 -0.3096840E+02 -0.7286025E+00
   04  0.3504130E+03  0.1813750E+04  0.8382448E+02 -0.2666181E+02 -0.6947560E+00
   04  0.3517694E+03  0.1813783E+04  0.8301120E+02 -0.2242183E+02 -0.6616811E+00
   04  0.3531259E+03  0.1813815E+04  0.8215432E+02 -0.1824859E+02 -0.6293379E+00
   04  0.3544823E+03  0.1813847E+04  0.8125250E+02 -0.1413970E+02 -0.5976808E+00
   04  0.3558388E+03  0.1813878E+04  0.8031120E+02 -0.1009055E+02 -0.5665975E+00
   04  0.3574665E+03  0.1813915E+04  0.7914816E+02 -0.5298693E+01 -0.5298659E+00
   04  0.3590942E+03  0.1813951E+04  0.7794403E+02 -0.5711422E+00 -0.4935762E+00
   04  0.3607220E+03  0.1813987E+04  0.7669915E+02  0.4105226E+01 -0.4575898E+00
   04  0.3623497E+03  0.1814023E+04  0.7541935E+02  0.8741741E+01 -0.4217661E+00
   04  0.3639775E+03  0.1814059E+04  0.7411193E+02  0.1334635E+02 -0.3859992E+00
   04  0.3656052E+03  0.1814095E+04  0.7278353E+02  0.1792303E+02 -0.3502450E+00
   04  0.3672329E+03  0.1814130E+04  0.7143909E+02  0.2247207E+02 -0.3145288E+00
   04  0.3688607E+03  0.1814166E+04  0.7008234E+02  0.2699069E+02 -0.2789350E+00
   04  0.3704884E+03  0.1814201E+04  0.6871669E+02  0.3147381E+02 -0.2435874E+00
   04  0.3721162E+03  0.1814236E+04  0.6734324E+02  0.3591399E+02 -0.2086412E+00
   04  0.3737439E+03  0.1814271E+04  0.6596114E+02  0.4030246E+02 -0.1742680E+00
   04  0.3753717E+03  0.1814304E+04  0.6457023E+02  0.4462988E+02 -0.1406202E+00
   04  0.3769994E+03  0.1814337E+04  0.6317358E+02  0.4888729E+02 -0.1077999E+00
   04  0.3786271E+03  0.1814369E+04  0.6177042E+02  0.5306610E+02 -0.7590557E-01
   04  0.3802549E+03  0.1814400E+04  0.6035514E+02  0.5715735E+02 -0.4503798E-01
   04  0.3818826E+03  0.1814430E+04  0.5892579E+02  0.6115194E+02 -0.1524994E-01
   04  0.3835104E+03  0.1814458E+04  0.5748270E+02  0.6503942E+02  0.1343302E-01
   04  0.3851381E+03  0.1814486E+04  0.5602149E+02  0.6880807E+02  0.4094493E-01
   04  0.3867658E+03  0.1814512E+04  0.5453419E+02  0.7244539E+02  0.6718404E-01
   04  0.3883936E+03  0.1814537E+04  0.5301216E+02  0.7593782E+02  0.9203570E-01
   04  0.3900213E+03  0.1814560E+04  0.5144894E+02  0.7927173E+02  0.1153870E+00
   04  0.3916491E+03  0.1814582E+04  0.4983956E+02  0.8243584E+02  0.1371217E+00
   04  0.3932768E+03  0.1814602E+04  0.4818177E+02  0.8542241E+02  0.1571459E+00
   04  0.3949046E+03  0.1814620E+04  0.4647757E+02  0.8822816E+02  0.1754108E+00
   04  0.3965323E+03  0.1814637E+04  0.4473400E+02  0.9085521E+02  0.1919291E+00
   04  0.3981600E+03  0.1814652E+04  0.4296307E+02  0.9331134E+02  0.2067860E+00
   04  0.3997878E+03  0.1814665E+04  0.4118113E+02  0.9560945E+02  0.2201400E+00
   04  0.4014155E+03  0.1814677E+04  0.3940780E+02  0.9776640E+02  0.2322132E+00
   04  0.4030433E+03  0.1814688E+04  0.3766451E+02  0.9980166E+02  0.2432746E+00
   04  0.4046710E+03  0.1814698E+04  0.3597302E+02  0.1017361E+03  0.2536164E+00
   04  0.4062987E+03  0.1814708E+04  0.3435407E+02  0.1035908E+03  0.2635308E+00
   04  0.4079265E+03  0.1814718E+04  0.3282639E+02  0.1053869E+03  0.2732890E+00
   04  0.4095542E+03  0.1814728E+04  0.3140598E+02  0.1071444E+03  0.2831258E+00
   04  0.4111820E+03  0.1814738E+04  0.3010554E+02  0.1088826E+03  0.2932315E+00
   04  0.4128097E+03  0.1814749E+04  0.2893477E+02  0.1106189E+03  0.3037490E+00
   04  0.4144375E+03  0.1814760E+04  0.2789625E+02  0.1123668E+03  0.3147482E+00
   04  0.4160652E+03  0.1814771E+04  0.2698756E+02  0.1141356E+03  0.3262458E+00
   04  0.4176929E+03  0.1814783E+04  0.2620654E+02  0.1159281E+03  0.3382295E+00
   04  0.4193207E+03  0.1814795E+04  0.2554112E+02  0.1177417E+03  0.3505994E+00
   04  0.4209484E+03  0.1814808E+04  0.2496565E+02  0.1195676E+03  0.3631535E+00
   04  0.4225762E+03  0.1814820E+04  0.2446111E+02  0.1213912E+03  0.3757244E+00
   04  0.4242039E+03  0.1814833E+04  0.2401002E+02  0.1231956E+03  0.3881505E+00
   04  0.4258316E+03  0.1814845E+04  0.2359250E+02  0.1249633E+03  0.4002532E+00
   04  0.4274594E+03  0.1814857E+04  0.2318827E+02  0.1266776E+03  0.4118548E+00
   04  0.4290871E+03  0.1814868E+04  0.2277819E+02  0.1283247E+03  0.4227938E+00
   04  0.4307149E+03  0.1814878E+04  0.2234749E+02  0.1298950E+03  0.4329543E+00
   04  0.4323426E+03  0.1814887E+04  0.2188574E+02  0.1313832E+03  0.4422690E+00
   04  0.4339704E+03  0.1814895E+04  0.2138636E+02  0.1327867E+03  0.4507095E+00
   04  0.4355981E+03  0.1814903E+04  0.2084525E+02  0.1341044E+03  0.4582712E+00
   04  0.4372258E+03  0.1814910E+04  0.2026311E+02  0.1353371E+03  0.4649772E+00
   04  0.4388536E+03  0.1814916E+04  0.1964522E+02  0.1364863E+03  0.4708686E+00
   04  0.4404813E+03  0.1814921E+04  0.1899698E+02  0.1375548E+03  0.4759815E+00
   04  0.4421091E+03  0.1814925E+04  0.1831844E+02  0.1385462E+03  0.4803123E+00
   04  0.4437368E+03  0.1814929E+04  0.1761155E+02  0.1394649E+03  0.4838553E+00
   04  0.4453645E+03  0.1814931E+04  0.1688072E+02  0.1403129E+03  0.4866047E+00
   04  0.4469923E+03  0.1814933E+04  0.1612823E+02  0.1410915E+03  0.4885293E+00
   04  0.4486200E+03  0.1814934E+04  0.1536549E+02  0.1418018E+03  0.4896465E+00
   04  0.4502478E+03  0.1814935E+04  0.1460416E+02  0.1424476E+03  0.4899865E+00
   04  0.4518755E+03  0.1814934E+04  0.1385648E+02  0.1430373E+03  0.4896478E+00
   04  0.4535033E+03  0.1814934E+04  0.1313203E+02  0.1435856E+03  0.4887643E+00
   04  0.4551310E+03  0.1814932E+04  0.1243631E+02  0.1441044E+03  0.4874510E+00
   04  0.4567587E+03  0.1814931E+04  0.1177287E+02  0.1446052E+03  0.4858000E+00
   04  0.4583865E+03  0.1814929E+04  0.1114307E+02  0.1450947E+03  0.4838830E+00
   04  0.4600142E+03  0.1814927E+04  0.1054620E+02  0.1455774E+03  0.4817677E+00
   04  0.4616420E+03  0.1814924E+04  0.9979338E+01  0.1460585E+03  0.4795424E+00
   04  0.4632697E+03  0.1814922E+04  0.9438706E+01  0.1465425E+03  0.4772935E+00
   04  0.4648974E+03  0.1814920E+04  0.8920876E+01  0.1470325E+03  0.4750942E+00
   04  0.4665252E+03  0.1814918E+04  0.8422835E+01  0.1475280E+03  0.4729845E+00
   04  0.4681529E+03  0.1814916E+04  0.7942875E+01  0.1480245E+03  0.4709745E+00
   04  0.4697807E+03  0.1814914E+04  0.7481457E+01  0.1485146E+03  0.4690748E+00
   04  0.4714084E+03  0.1814912E+04  0.7042047E+01  0.1489884E+03  0.4673219E+00
   04  0.4730362E+03  0.1814911E+04  0.6632016E+01  0.1494326E+03  0.4657650E+00
   04  0.4746639E+03  0.1814909E+04  0.6260060E+01  0.1498346E+03  0.4644570E+00
   04  0.4762916E+03  0.1814908E+04  0.5932041E+01  0.1501827E+03  0.4634501E+00
   04  0.4779194E+03  0.1814908E+04  0.5648618E+01  0.1504673E+03  0.4627685E+00
   04  0.4795471E+03  0.1814907E+04  0.5408514E+01  0.1506822E+03  0.4624178E+00
   04  0.4811749E+03  0.1814907E+04  0.5204796E+01  0.1508283E+03  0.4623218E+00
   04  0.4828026E+03  0.1814907E+04  0.5032181E+01  0.1509098E+03  0.4624444E+00
   04  0.4844303E+03  0.1814908E+04  0.4885150E+01  0.1509321E+03  0.4627738E+00
   04  0.4860581E+03  0.1814908E+04  0.4759719E+01  0.1508956E+03  0.4633035E+00
   04  0.4876858E+03  0.1814909E+04  0.4656966E+01  0.1508060E+03  0.4640526E+00
   04  0.4893136E+03  0.1814910E+04  0.4575656E+01  0.1506697E+03  0.4650162E+00
   04  0.4909413E+03  0.1814911E+04  0.4521191E+01  0.1505017E+03  0.4661760E+00
   04  0.4925691E+03  0.1814912E+04  0.4498989E+01  0.1503099E+03  0.4675520E+00
   04  0.4941968E+03  0.1814914E+04  0.4512273E+01  0.1501021E+03  0.4691510E+00
   04  0.4958245E+03  0.1814916E+04  0.4563190E+01  0.1498860E+03  0.4709523E+00
   04  0.4974523E+03  0.1814918E+04  0.4653055E+01  0.1496710E+03  0.4729018E+00
   04  0.4990800E+03  0.1814920E+04  0.4782627E+01  0.1494603E+03  0.4749782E+00
   04  0.5007078E+03  0.1814922E+04  0.4950487E+01  0.1492581E+03  0.4771598E+00
   04  0.5023355E+03  0.1814924E+04  0.5156143E+01  0.1490666E+03  0.4794353E+00
   04  0.5039632E+03  0.1814927E+04  0.5398407E+01  0.1488872E+03  0.4818256E+00
   04  0.5055910E+03  0.1814929E+04  0.5678381E+01  0.1487205E+03  0.4843031E+00
   04  0.5072187E+03  0.1814932E+04  0.5992276E+01  0.1485696E+03  0.4868616E+00
   04  0.5088465E+03  0.1814934E+04  0.6333354E+01  0.1484356E+03  0.4895167E+00
   04  0.5104742E+03  0.1814937E+04  0.6695722E+01  0.1483174E+03  0.4922661E+00
   04  0.5121020E+03  0.1814940E+04  0.7075932E+01  0.1482152E+03  0.4950957E+00
   04  0.5137297E+03  0.1814943E+04  0.7471442E+01  0.1481292E+03  0.4979910E+00
   04  0.5153574E+03  0.1814946E+04  0.7880002E+01  0.1480596E+03  0.5009405E+00
   04  0.5169852E+03  0.1814949E+04  0.8299628E+01  0.1480072E+03  0.5039402E+00
   04  0.5186129E+03  0.1814952E+04  0.8727243E+01  0.1479712E+03  0.5069945E+00
   04  0.5202407E+03  0.1814955E+04  0.9159573E+01  0.1479479E+03  0.5100922E+00
   04  0.5218684E+03  0.1814958E+04  0.9593363E+01  0.1479322E+03  0.5132096E+00
   04  0.5234961E+03  0.1814961E+04  0.1002457E+02  0.1479208E+03  0.5163383E+00
   04  0.5251239E+03  0.1814964E+04  0.1044897E+02  0.1479062E+03  0.5194434E+00
   04  0.5267516E+03  0.1814967E+04  0.1086845E+02  0.1478806E+03  0.5224649E+00
   04  0.5283794E+03  0.1814970E+04  0.1128714E+02  0.1478417E+03  0.5253694E+00
   04  0.5300071E+03  0.1814973E+04  0.1171022E+02  0.1477914E+03  0.5281344E+00
   04  0.5316349E+03  0.1814976E+04  0.1214138E+02  0.1477296E+03  0.5307455E+00
   04  0.5332626E+03  0.1814978E+04  0.1258053E+02  0.1476527E+03  0.5331771E+00
   04  0.5348903E+03  0.1814980E+04  0.1302365E+02  0.1475526E+03  0.5353901E+00
   04  0.5365181E+03  0.1814982E+04  0.1346561E+02  0.1474219E+03  0.5373554E+00
   04  0.5381458E+03  0.1814984E+04  0.1390262E+02  0.1472557E+03  0.5390665E+00
   04  0.5397736E+03  0.1814985E+04  0.1433100E+02  0.1470490E+03  0.5405147E+00
   04  0.5414013E+03  0.1814987E+04  0.1474885E+02  0.1468008E+03  0.5417313E+00
   04  0.5430290E+03  0.1814988E+04  0.1515589E+02  0.1465127E+03  0.5427724E+00
   04  0.5446568E+03  0.1814988E+04  0.1555083E+02  0.1461844E+03  0.5436990E+00
   04  0.5462845E+03  0.1814989E+04  0.1593127E+02  0.1458163E+03  0.5445823E+00
   04  0.5479123E+03  0.1814990E+04  0.1629478E+02  0.1454091E+03  0.5455000E+00
   04  0.5495400E+03  0.1814991E+04  0.1663723E+02  0.1449615E+03  0.5465053E+00
   04  0.5511678E+03  0.1814992E+04  0.1695859E+02  0.1444691E+03  0.5476603E+00
   04  0.5527955E+03  0.1814994E+04  0.1725989E+02  0.1439242E+03  0.5490254E+00
   04  0.5544232E+03  0.1814995E+04  0.1753798E+02  0.1433172E+03  0.5506634E+00
   04  0.5560510E+03  0.1814997E+04  0.1778790E+02  0.1426384E+03  0.5526174E+00
   04  0.5576787E+03  0.1815000E+04  0.1800623E+02  0.1418795E+03  0.5549019E+00
   04  0.5593065E+03  0.1815002E+04  0.1819201E+02  0.1410350E+03  0.5575119E+00
   04  0.5609342E+03  0.1815005E+04  0.1834460E+02  0.1401020E+03  0.5604397E+00
   04  0.5625619E+03  0.1815008E+04  0.1846309E+02  0.1390805E+03  0.5636926E+00
   04  0.5641897E+03  0.1815012E+04  0.1854595E+02  0.1379736E+03  0.5672623E+00
   04  0.5658174E+03  0.1815016E+04  0.1859326E+02  0.1367855E+03  0.5711196E+00
   04  0.5674452E+03  0.1815020E+04  0.1860670E+02  0.1355203E+03  0.5752253E+00
   04  0.5690729E+03  0.1815024E+04  0.1858613E+02  0.1341822E+03  0.5795588E+00
   04  0.5707007E+03  0.1815029E+04  0.1853136E+02  0.1327744E+03  0.5841112E+00
   04  0.5723284E+03  0.1815034E+04  0.1844145E+02  0.1313004E+03  0.5888734E+00
   04  0.5739561E+03  0.1815039E+04  0.1831692E+02  0.1297626E+03  0.5938173E+00
   04  0.5755839E+03  0.1815044E+04  0.1815418E+02  0.1281636E+03  0.5989063E+00
   04  0.5772116E+03  0.1815049E+04  0.1795256E+02  0.1265071E+03  0.6040921E+00
   04  0.5788394E+03  0.1815054E+04  0.1771554E+02  0.1247979E+03  0.6093117E+00
   04  0.5804671E+03  0.1815059E+04  0.1744637E+02  0.1230419E+03  0.6145012E+00
   04  0.5820948E+03  0.1815064E+04  0.1714489E+02  0.1212450E+03  0.6195928E+00
   04  0.5837226E+03  0.1815069E+04  0.1681005E+02  0.1194121E+03  0.6245377E+00
   04  0.5853503E+03  0.1815074E+04  0.1644112E+02  0.1175482E+03  0.6293070E+00
   04  0.5869781E+03  0.1815079E+04  0.1603686E+02  0.1156588E+03  0.6338810E+00
   04  0.5886058E+03  0.1815083E+04  0.1559597E+02  0.1137499E+03  0.6382409E+00
   04  0.5902336E+03  0.1815087E+04  0.1511778E+02  0.1118282E+03  0.6423669E+00
   04  0.5918613E+03  0.1815091E+04  0.1460274E+02  0.1099005E+03  0.6462360E+00
   04  0.5934890E+03  0.1815095E+04  0.1405250E+02  0.1079728E+03  0.6498212E+00
   04  0.5951168E+03  0.1815098E+04  0.1346957E+02  0.1060501E+03  0.6530904E+00
   04  0.5967445E+03  0.1815101E+04  0.1285695E+02  0.1041357E+03  0.6560069E+00
   04  0.5983723E+03  0.1815103E+04  0.1221781E+02  0.1022318E+03  0.6585336E+00
