# gauge_id= 606 location=( -0.1242062325E+03  0.4175453827E+02 ) num_var=  4
# Stationary gauge
# level, time, q[  1  2  3], eta, aux[]
# file format ascii, time series follow in this file
   04  0.0000000E+00  0.1212489E+02  0.0000000E+00  0.0000000E+00  0.0000000E+00
   04  0.1000000E+01  0.1212489E+02  0.5223243E-16 -0.9408602E-16  0.7696474E+00
   04  0.1015873E+01  0.1212490E+02  0.3513723E-03 -0.5401968E-05  0.7696500E+00
   04  0.1031746E+01  0.1212490E+02  0.7027272E-03 -0.1079608E-04  0.7696526E+00
   04  0.1047619E+01  0.1212490E+02  0.1054065E-02 -0.1618237E-04  0.7696552E+00
   04  0.1063492E+01  0.1212490E+02  0.1405385E-02 -0.2156084E-04  0.7696577E+00
   04  0.1079365E+01  0.1212491E+02  0.1756687E-02 -0.2693151E-04  0.7696603E+00
   04  0.1095238E+01  0.1212491E+02  0.2107972E-02 -0.3229441E-04  0.7696629E+00
   04  0.1111111E+01  0.1212491E+02  0.2459240E-02 -0.3764955E-04  0.7696655E+00
   04  0.1126984E+01  0.1212491E+02  0.2810489E-02 -0.4299694E-04  0.7696680E+00
   04  0.1142857E+01  0.1212492E+02  0.3161722E-02 -0.4833662E-04  0.7696706E+00
   04  0.1158730E+01  0.1212492E+02  0.3512936E-02 -0.5366860E-04  0.7696732E+00
   04  0.1174603E+01  0.1212492E+02  0.3864133E-02 -0.5899288E-04  0.7696758E+00
   04  0.1190476E+01  0.1212492E+02  0.4215312E-02 -0.6430951E-04  0.7696783E+00
   04  0.1206349E+01  0.1212493E+02  0.4566474E-02 -0.6961848E-04  0.7696809E+00
   04  0.1222222E+01  0.1212493E+02  0.4917617E-02 -0.7491983E-04  0.7696835E+00
   04  0.1238095E+01  0.1212493E+02  0.5268743E-02 -0.8021357E-04  0.7696861E+00
   04  0.1253968E+01  0.1212493E+02  0.5619851E-02 -0.8549971E-04  0.7696887E+00
   04  0.1269841E+01  0.1212494E+02  0.5970941E-02 -0.9077829E-04  0.7696912E+00
   04  0.1285714E+01  0.1212494E+02  0.6322014E-02 -0.9604930E-04  0.7696938E+00
   04  0.1301587E+01  0.1212494E+02  0.6673068E-02 -0.1013128E-03  0.7696964E+00
   04  0.1317460E+01  0.1212494E+02  0.7024104E-02 -0.1065687E-03  0.7696990E+00
   04  0.1333333E+01  0.1212495E+02  0.7375123E-02 -0.1118172E-03  0.7697016E+00
   04  0.1349206E+01  0.1212495E+02  0.7726123E-02 -0.1170582E-03  0.7697041E+00
   04  0.1365079E+01  0.1212495E+02  0.8077106E-02 -0.1222917E-03  0.7697067E+00
   04  0.1380952E+01  0.1212496E+02  0.8428070E-02 -0.1275178E-03  0.7697093E+00
   04  0.1396825E+01  0.1212496E+02  0.8779016E-02 -0.1327364E-03  0.7697119E+00
   04  0.1412698E+01  0.1212496E+02  0.9129944E-02 -0.1379477E-03  0.7697145E+00
   04  0.1428571E+01  0.1212496E+02  0.9480854E-02 -0.1431515E-03  0.7697171E+00
   04  0.1476190E+01  0.1212497E+02  0.1053344E-01 -0.1587476E-03  0.7697248E+00
   04  0.1523810E+01  0.1212498E+02  0.1158586E-01 -0.1742776E-03  0.7697326E+00
   04  0.1571429E+01  0.1212499E+02  0.1263811E-01 -0.1897421E-03  0.7697403E+00
   04  0.1619048E+01  0.1212499E+02  0.1369020E-01 -0.2051415E-03  0.7697481E+00
   04  0.1666667E+01  0.1212500E+02  0.1474212E-01 -0.2204764E-03  0.7697558E+00
   04  0.1714286E+01  0.1212501E+02  0.1579388E-01 -0.2357471E-03  0.7697636E+00
   04  0.1761905E+01  0.1212502E+02  0.1684547E-01 -0.2509542E-03  0.7697714E+00
   04  0.1809524E+01  0.1212503E+02  0.1789688E-01 -0.2660982E-03  0.7697791E+00
   04  0.1857143E+01  0.1212503E+02  0.1894813E-01 -0.2811796E-03  0.7697869E+00
   04  0.1904762E+01  0.1212504E+02  0.1999921E-01 -0.2961989E-03  0.7697947E+00
   04  0.1952381E+01  0.1212505E+02  0.2105012E-01 -0.3111565E-03  0.7698025E+00
   04  0.2000000E+01  0.1212506E+02  0.2210085E-01 -0.3260529E-03  0.7698102E+00
   04  0.5727919E+01  0.1212565E+02  0.1035052E+00 -0.1561355E-02  0.7704028E+00
   04  0.9455838E+01  0.1212626E+02  0.1836859E+00 -0.2511073E-02  0.7710152E+00
   04  0.1318376E+02  0.1212688E+02  0.2622770E+00 -0.3378768E-02  0.7716351E+00
   04  0.1691168E+02  0.1212749E+02  0.3389258E+00 -0.4330195E-02  0.7722484E+00
   04  0.2063960E+02  0.1212809E+02  0.4133504E+00 -0.5476720E-02  0.7728414E+00
   04  0.2436752E+02  0.1212865E+02  0.4851930E+00 -0.6926694E-02  0.7734031E+00
   04  0.2809543E+02  0.1212917E+02  0.5541888E+00 -0.8782117E-02  0.7739203E+00
   04  0.3182335E+02  0.1212963E+02  0.6201108E+00 -0.1110577E-01  0.7743814E+00
   04  0.3555127E+02  0.1213001E+02  0.6827687E+00 -0.1390135E-01  0.7747676E+00
   04  0.3927919E+02  0.1213031E+02  0.7420104E+00 -0.1721845E-01  0.7750686E+00
   04  0.4300711E+02  0.1213053E+02  0.7977179E+00 -0.2111933E-01  0.7752809E+00
   04  0.4673503E+02  0.1213064E+02  0.8498067E+00 -0.2563495E-01  0.7753948E+00
   04  0.5046295E+02  0.1213064E+02  0.8981303E+00 -0.3075968E-01  0.7753955E+00
   04  0.5419087E+02  0.1213056E+02  0.9431104E+00 -0.3648019E-01  0.7753185E+00
   04  0.5791879E+02  0.1213043E+02  0.9850251E+00 -0.4272136E-01  0.7751837E+00
   04  0.6164671E+02  0.1213023E+02  0.1023910E+01 -0.4937318E-01  0.7749884E+00
   04  0.6537463E+02  0.1212998E+02  0.1059799E+01 -0.5635800E-01  0.7747310E+00
   04  0.6910255E+02  0.1212966E+02  0.1092728E+01 -0.6362281E-01  0.7744110E+00
   04  0.7283047E+02  0.1212927E+02  0.1122741E+01 -0.7112126E-01  0.7740285E+00
   04  0.7655838E+02  0.1212883E+02  0.1149891E+01 -0.7881270E-01  0.7735838E+00
   04  0.8028630E+02  0.1212832E+02  0.1174242E+01 -0.8666109E-01  0.7730777E+00
   04  0.8401422E+02  0.1212776E+02  0.1195867E+01 -0.9463401E-01  0.7725116E+00
   04  0.8774214E+02  0.1212713E+02  0.1214848E+01 -0.1027148E+00  0.7718857E+00
   04  0.9147006E+02  0.1212645E+02  0.1231278E+01 -0.1109013E+00  0.7711997E+00
   04  0.9445240E+02  0.1212585E+02  0.1242578E+01 -0.1175306E+00  0.7706055E+00
   04  0.9743473E+02  0.1212522E+02  0.1252365E+01 -0.1241935E+00  0.7699757E+00
   04  0.1004171E+03  0.1212456E+02  0.1260692E+01 -0.1308775E+00  0.7693117E+00
   04  0.1033994E+03  0.1212386E+02  0.1267611E+01 -0.1375690E+00  0.7686148E+00
   04  0.1063817E+03  0.1212314E+02  0.1273312E+01 -0.1442636E+00  0.7678975E+00
   04  0.1093641E+03  0.1212241E+02  0.1277894E+01 -0.1509626E+00  0.7671651E+00
   04  0.1123464E+03  0.1212167E+02  0.1281449E+01 -0.1576620E+00  0.7664244E+00
   04  0.1153287E+03  0.1212093E+02  0.1284055E+01 -0.1643578E+00  0.7656801E+00
   04  0.1183111E+03  0.1212018E+02  0.1285746E+01 -0.1710485E+00  0.7649314E+00
   04  0.1212934E+03  0.1211942E+02  0.1286561E+01 -0.1777410E+00  0.7641775E+00
   04  0.1242758E+03  0.1211867E+02  0.1286523E+01 -0.1844240E+00  0.7634195E+00
   04  0.1272581E+03  0.1211791E+02  0.1285636E+01 -0.1910906E+00  0.7626603E+00
   04  0.1302404E+03  0.1211715E+02  0.1283942E+01 -0.1977324E+00  0.7618992E+00
   04  0.1332228E+03  0.1211638E+02  0.1281484E+01 -0.2043899E+00  0.7611305E+00
   04  0.1362051E+03  0.1211560E+02  0.1278310E+01 -0.2110615E+00  0.7603531E+00
   04  0.1391874E+03  0.1211481E+02  0.1274467E+01 -0.2177321E+00  0.7595674E+00
   04  0.1421698E+03  0.1211402E+02  0.1270003E+01 -0.2243852E+00  0.7587741E+00
   04  0.1451521E+03  0.1211322E+02  0.1264964E+01 -0.2310040E+00  0.7579740E+00
   04  0.1481344E+03  0.1211241E+02  0.1259398E+01 -0.2375711E+00  0.7571679E+00
   04  0.1511168E+03  0.1211160E+02  0.1253350E+01 -0.2440692E+00  0.7563569E+00
   04  0.1540991E+03  0.1211079E+02  0.1246868E+01 -0.2504811E+00  0.7555423E+00
   04  0.1570814E+03  0.1210997E+02  0.1239999E+01 -0.2567900E+00  0.7547255E+00
   04  0.1600638E+03  0.1210915E+02  0.1232790E+01 -0.2629799E+00  0.7539079E+00
   04  0.1630461E+03  0.1210834E+02  0.1225288E+01 -0.2690353E+00  0.7530911E+00
   04  0.1660284E+03  0.1210752E+02  0.1217540E+01 -0.2749404E+00  0.7522768E+00
   04  0.1690108E+03  0.1210671E+02  0.1209593E+01 -0.2806799E+00  0.7514666E+00
   04  0.1719931E+03  0.1210591E+02  0.1201493E+01 -0.2862417E+00  0.7506624E+00
   04  0.1749755E+03  0.1210511E+02  0.1193284E+01 -0.2916150E+00  0.7498658E+00
   04  0.1779578E+03  0.1210432E+02  0.1185012E+01 -0.2967902E+00  0.7490787E+00
   04  0.1809401E+03  0.1210355E+02  0.1176715E+01 -0.3017579E+00  0.7483027E+00
   04  0.1824313E+03  0.1210316E+02  0.1172571E+01 -0.3041771E+00  0.7479179E+00
   04  0.1839225E+03  0.1210278E+02  0.1168428E+01 -0.3065445E+00  0.7475352E+00
   04  0.1854136E+03  0.1210240E+02  0.1164289E+01 -0.3088595E+00  0.7471547E+00
   04  0.1869048E+03  0.1210202E+02  0.1160161E+01 -0.3111213E+00  0.7467764E+00
   04  0.1883960E+03  0.1210165E+02  0.1156050E+01 -0.3133295E+00  0.7464006E+00
   04  0.1898871E+03  0.1210127E+02  0.1151958E+01 -0.3154832E+00  0.7460275E+00
   04  0.1913783E+03  0.1210090E+02  0.1147891E+01 -0.3175807E+00  0.7456574E+00
   04  0.1928695E+03  0.1210054E+02  0.1143851E+01 -0.3196204E+00  0.7452907E+00
   04  0.1943606E+03  0.1210017E+02  0.1139842E+01 -0.3216000E+00  0.7449275E+00
   04  0.1958518E+03  0.1209981E+02  0.1135868E+01 -0.3235170E+00  0.7445680E+00
   04  0.1973430E+03  0.1209946E+02  0.1131931E+01 -0.3253706E+00  0.7442125E+00
   04  0.1988341E+03  0.1209911E+02  0.1128036E+01 -0.3271602E+00  0.7438611E+00
   04  0.2003253E+03  0.1209876E+02  0.1124186E+01 -0.3288855E+00  0.7435142E+00
   04  0.2018165E+03  0.1209842E+02  0.1120383E+01 -0.3305462E+00  0.7431720E+00
   04  0.2033076E+03  0.1209808E+02  0.1116632E+01 -0.3321426E+00  0.7428347E+00
   04  0.2047988E+03  0.1209775E+02  0.1112935E+01 -0.3336749E+00  0.7425024E+00
   04  0.2062900E+03  0.1209742E+02  0.1109295E+01 -0.3351435E+00  0.7421755E+00
   04  0.2077811E+03  0.1209710E+02  0.1105716E+01 -0.3365493E+00  0.7418541E+00
   04  0.2092723E+03  0.1209678E+02  0.1102201E+01 -0.3378932E+00  0.7415383E+00
   04  0.2107635E+03  0.1209647E+02  0.1098752E+01 -0.3391763E+00  0.7412284E+00
   04  0.2122546E+03  0.1209617E+02  0.1095372E+01 -0.3403999E+00  0.7409246E+00
   04  0.2137458E+03  0.1209587E+02  0.1092064E+01 -0.3415653E+00  0.7406269E+00
   04  0.2152370E+03  0.1209558E+02  0.1088831E+01 -0.3426739E+00  0.7403356E+00
   04  0.2167281E+03  0.1209530E+02  0.1085675E+01 -0.3437273E+00  0.7400508E+00
   04  0.2182193E+03  0.1209502E+02  0.1082598E+01 -0.3447272E+00  0.7397726E+00
   04  0.2197105E+03  0.1209475E+02  0.1079604E+01 -0.3456753E+00  0.7395010E+00
   04  0.2212017E+03  0.1209448E+02  0.1076694E+01 -0.3465732E+00  0.7392364E+00
   04  0.2226928E+03  0.1209422E+02  0.1073871E+01 -0.3474228E+00  0.7389786E+00
   04  0.2241840E+03  0.1209397E+02  0.1071137E+01 -0.3482257E+00  0.7387279E+00
   04  0.2256752E+03  0.1209373E+02  0.1068495E+01 -0.3489840E+00  0.7384843E+00
   04  0.2271663E+03  0.1209349E+02  0.1065946E+01 -0.3496992E+00  0.7382480E+00
   04  0.2286575E+03  0.1209326E+02  0.1063492E+01 -0.3503733E+00  0.7380189E+00
   04  0.2301487E+03  0.1209304E+02  0.1061135E+01 -0.3510080E+00  0.7377972E+00
   04  0.2316398E+03  0.1209283E+02  0.1058877E+01 -0.3516050E+00  0.7375828E+00
   04  0.2331310E+03  0.1209262E+02  0.1056720E+01 -0.3521660E+00  0.7373759E+00
   04  0.2346222E+03  0.1209242E+02  0.1054665E+01 -0.3526927E+00  0.7371765E+00
   04  0.2361133E+03  0.1209223E+02  0.1052714E+01 -0.3531867E+00  0.7369847E+00
   04  0.2376045E+03  0.1209205E+02  0.1050869E+01 -0.3536496E+00  0.7368004E+00
   04  0.2390957E+03  0.1209187E+02  0.1049131E+01 -0.3540852E+00  0.7366239E+00
   04  0.2405868E+03  0.1209170E+02  0.1047501E+01 -0.3545034E+00  0.7364564E+00
   04  0.2420780E+03  0.1209154E+02  0.1045979E+01 -0.3549059E+00  0.7362981E+00
   04  0.2435692E+03  0.1209139E+02  0.1044567E+01 -0.3552948E+00  0.7361491E+00
   04  0.2450603E+03  0.1209126E+02  0.1043265E+01 -0.3556723E+00  0.7360094E+00
   04  0.2465515E+03  0.1209112E+02  0.1042072E+01 -0.3560370E+00  0.7358789E+00
   04  0.2480427E+03  0.1209100E+02  0.1040990E+01 -0.3563855E+00  0.7357573E+00
   04  0.2495338E+03  0.1209089E+02  0.1040017E+01 -0.3567181E+00  0.7356445E+00
   04  0.2510250E+03  0.1209079E+02  0.1039154E+01 -0.3570347E+00  0.7355406E+00
   04  0.2525162E+03  0.1209069E+02  0.1038399E+01 -0.3573354E+00  0.7354454E+00
   04  0.2540073E+03  0.1209060E+02  0.1037753E+01 -0.3576201E+00  0.7353590E+00
   04  0.2554985E+03  0.1209053E+02  0.1037215E+01 -0.3578890E+00  0.7352812E+00
   04  0.2569897E+03  0.1209046E+02  0.1036784E+01 -0.3581419E+00  0.7352120E+00
   04  0.2584808E+03  0.1209040E+02  0.1036459E+01 -0.3583787E+00  0.7351513E+00
   04  0.2599720E+03  0.1209035E+02  0.1036240E+01 -0.3585993E+00  0.7350991E+00
   04  0.2614632E+03  0.1209030E+02  0.1036123E+01 -0.3588034E+00  0.7350553E+00
   04  0.2629543E+03  0.1209027E+02  0.1036108E+01 -0.3589909E+00  0.7350199E+00
   04  0.2644455E+03  0.1209024E+02  0.1036194E+01 -0.3591615E+00  0.7349925E+00
   04  0.2659367E+03  0.1209022E+02  0.1036382E+01 -0.3593149E+00  0.7349730E+00
   04  0.2674278E+03  0.1209021E+02  0.1036671E+01 -0.3594505E+00  0.7349610E+00
   04  0.2689190E+03  0.1209020E+02  0.1037061E+01 -0.3595679E+00  0.7349565E+00
   04  0.2704102E+03  0.1209020E+02  0.1037551E+01 -0.3596667E+00  0.7349590E+00
   04  0.2719014E+03  0.1209021E+02  0.1038140E+01 -0.3597462E+00  0.7349684E+00
   04  0.2733925E+03  0.1209023E+02  0.1038827E+01 -0.3598058E+00  0.7349845E+00
   04  0.2748837E+03  0.1209025E+02  0.1039611E+01 -0.3598447E+00  0.7350069E+00
   04  0.2763749E+03  0.1209028E+02  0.1040489E+01 -0.3598620E+00  0.7350355E+00
   04  0.2778660E+03  0.1209032E+02  0.1041461E+01 -0.3598568E+00  0.7350698E+00
   04  0.2793572E+03  0.1209036E+02  0.1042525E+01 -0.3598281E+00  0.7351098E+00
   04  0.2808484E+03  0.1209040E+02  0.1043679E+01 -0.3597749E+00  0.7351550E+00
   04  0.2823395E+03  0.1209045E+02  0.1044922E+01 -0.3596960E+00  0.7352053E+00
   04  0.2838307E+03  0.1209051E+02  0.1046252E+01 -0.3595902E+00  0.7352603E+00
   04  0.2853219E+03  0.1209057E+02  0.1047667E+01 -0.3594563E+00  0.7353197E+00
   04  0.2868130E+03  0.1209063E+02  0.1049165E+01 -0.3592930E+00  0.7353833E+00
   04  0.2883042E+03  0.1209070E+02  0.1050743E+01 -0.3590989E+00  0.7354506E+00
   04  0.2897954E+03  0.1209077E+02  0.1052400E+01 -0.3588728E+00  0.7355215E+00
   04  0.2912865E+03  0.1209084E+02  0.1054133E+01 -0.3586131E+00  0.7355955E+00
   04  0.2927777E+03  0.1209092E+02  0.1055944E+01 -0.3583183E+00  0.7356725E+00
   04  0.2942689E+03  0.1209100E+02  0.1057828E+01 -0.3579879E+00  0.7357523E+00
   04  0.2957600E+03  0.1209108E+02  0.1059781E+01 -0.3576202E+00  0.7358344E+00
   04  0.2972512E+03  0.1209116E+02  0.1061797E+01 -0.3572136E+00  0.7359183E+00
   04  0.2987424E+03  0.1209125E+02  0.1063874E+01 -0.3567668E+00  0.7360035E+00
   04  0.3002335E+03  0.1209134E+02  0.1066007E+01 -0.3562802E+00  0.7360893E+00
   04  0.3017247E+03  0.1209142E+02  0.1068192E+01 -0.3557531E+00  0.7361754E+00
   04  0.3032159E+03  0.1209151E+02  0.1070425E+01 -0.3551844E+00  0.7362614E+00
   04  0.3047070E+03  0.1209159E+02  0.1072703E+01 -0.3545730E+00  0.7363468E+00
   04  0.3061982E+03  0.1209168E+02  0.1075021E+01 -0.3539181E+00  0.7364312E+00
   04  0.3076894E+03  0.1209176E+02  0.1077377E+01 -0.3532189E+00  0.7365143E+00
   04  0.3091805E+03  0.1209184E+02  0.1079767E+01 -0.3524746E+00  0.7365957E+00
   04  0.3106717E+03  0.1209192E+02  0.1082188E+01 -0.3516846E+00  0.7366750E+00
   04  0.3121629E+03  0.1209200E+02  0.1084636E+01 -0.3508483E+00  0.7367518E+00
   04  0.3136540E+03  0.1209207E+02  0.1087107E+01 -0.3499652E+00  0.7368258E+00
   04  0.3151452E+03  0.1209214E+02  0.1089599E+01 -0.3490349E+00  0.7368965E+00
   04  0.3165017E+03  0.1209220E+02  0.1091880E+01 -0.3481464E+00  0.7369577E+00
   04  0.3178581E+03  0.1209226E+02  0.1094173E+01 -0.3472181E+00  0.7370156E+00
   04  0.3192146E+03  0.1209232E+02  0.1096475E+01 -0.3462404E+00  0.7370707E+00
   04  0.3205710E+03  0.1209237E+02  0.1098784E+01 -0.3452104E+00  0.7371231E+00
   04  0.3219275E+03  0.1209242E+02  0.1101099E+01 -0.3441275E+00  0.7371723E+00
   04  0.3232839E+03  0.1209246E+02  0.1103417E+01 -0.3429914E+00  0.7372183E+00
   04  0.3246404E+03  0.1209251E+02  0.1105736E+01 -0.3418018E+00  0.7372607E+00
   04  0.3259968E+03  0.1209255E+02  0.1108054E+01 -0.3405583E+00  0.7372992E+00
   04  0.3273533E+03  0.1209258E+02  0.1110370E+01 -0.3392609E+00  0.7373336E+00
   04  0.3287097E+03  0.1209261E+02  0.1112681E+01 -0.3379094E+00  0.7373637E+00
   04  0.3300662E+03  0.1209264E+02  0.1114985E+01 -0.3365039E+00  0.7373892E+00
   04  0.3314226E+03  0.1209266E+02  0.1117281E+01 -0.3350442E+00  0.7374099E+00
   04  0.3327791E+03  0.1209267E+02  0.1119567E+01 -0.3335304E+00  0.7374255E+00
   04  0.3341355E+03  0.1209268E+02  0.1121842E+01 -0.3319625E+00  0.7374359E+00
   04  0.3354920E+03  0.1209269E+02  0.1124104E+01 -0.3303406E+00  0.7374407E+00
   04  0.3368484E+03  0.1209269E+02  0.1126351E+01 -0.3286651E+00  0.7374398E+00
   04  0.3382049E+03  0.1209268E+02  0.1128582E+01 -0.3269360E+00  0.7374330E+00
   04  0.3395613E+03  0.1209267E+02  0.1130795E+01 -0.3251536E+00  0.7374201E+00
   04  0.3409178E+03  0.1209265E+02  0.1132990E+01 -0.3233183E+00  0.7374008E+00
   04  0.3422742E+03  0.1209262E+02  0.1135166E+01 -0.3214303E+00  0.7373750E+00
   04  0.3436307E+03  0.1209259E+02  0.1137320E+01 -0.3194900E+00  0.7373426E+00
   04  0.3449871E+03  0.1209255E+02  0.1139445E+01 -0.3174978E+00  0.7373024E+00
   04  0.3463436E+03  0.1209250E+02  0.1141527E+01 -0.3154543E+00  0.7372527E+00
   04  0.3477000E+03  0.1209244E+02  0.1143566E+01 -0.3133604E+00  0.7371935E+00
   04  0.3490565E+03  0.1209237E+02  0.1145560E+01 -0.3112169E+00  0.7371245E+00
   04  0.3504130E+03  0.1209229E+02  0.1147509E+01 -0.3090247E+00  0.7370455E+00
   04  0.3517694E+03  0.1209220E+02  0.1149411E+01 -0.3067846E+00  0.7369563E+00
   04  0.3531259E+03  0.1209210E+02  0.1151265E+01 -0.3044974E+00  0.7368567E+00
   04  0.3544823E+03  0.1209199E+02  0.1153070E+01 -0.3021641E+00  0.7367465E+00
   04  0.3558388E+03  0.1209187E+02  0.1154825E+01 -0.2997854E+00  0.7366256E+00
   04  0.3574665E+03  0.1209171E+02  0.1156869E+01 -0.2968718E+00  0.7364661E+00
   04  0.3590942E+03  0.1209154E+02  0.1158839E+01 -0.2938956E+00  0.7362906E+00
   04  0.3607220E+03  0.1209134E+02  0.1160732E+01 -0.2908578E+00  0.7360989E+00
   04  0.3623497E+03  0.1209114E+02  0.1162550E+01 -0.2877592E+00  0.7358909E+00
   04  0.3639775E+03  0.1209091E+02  0.1164292E+01 -0.2846011E+00  0.7356666E+00
   04  0.3656052E+03  0.1209067E+02  0.1165955E+01 -0.2813849E+00  0.7354256E+00
   04  0.3672329E+03  0.1209041E+02  0.1167538E+01 -0.2781119E+00  0.7351677E+00
   04  0.3688607E+03  0.1209014E+02  0.1169041E+01 -0.2747835E+00  0.7348927E+00
   04  0.3704884E+03  0.1208985E+02  0.1170462E+01 -0.2714010E+00  0.7346005E+00
   04  0.3721162E+03  0.1208954E+02  0.1171800E+01 -0.2679654E+00  0.7342909E+00
   04  0.3737439E+03  0.1208921E+02  0.1173054E+01 -0.2644782E+00  0.7339637E+00
   04  0.3753717E+03  0.1208886E+02  0.1174224E+01 -0.2609404E+00  0.7336189E+00
   04  0.3769994E+03  0.1208850E+02  0.1175310E+01 -0.2573517E+00  0.7332565E+00
   04  0.3786271E+03  0.1208812E+02  0.1176310E+01 -0.2537068E+00  0.7328771E+00
   04  0.3802549E+03  0.1208773E+02  0.1177224E+01 -0.2500056E+00  0.7324803E+00
   04  0.3818826E+03  0.1208731E+02  0.1178051E+01 -0.2462511E+00  0.7320662E+00
   04  0.3835104E+03  0.1208688E+02  0.1178792E+01 -0.2424465E+00  0.7316347E+00
   04  0.3851381E+03  0.1208643E+02  0.1179446E+01 -0.2385946E+00  0.7311858E+00
   04  0.3867658E+03  0.1208597E+02  0.1180014E+01 -0.2346984E+00  0.7307196E+00
   04  0.3883936E+03  0.1208548E+02  0.1180495E+01 -0.2307604E+00  0.7302362E+00
   04  0.3900213E+03  0.1208498E+02  0.1180891E+01 -0.2267830E+00  0.7297354E+00
   04  0.3916491E+03  0.1208446E+02  0.1181202E+01 -0.2227672E+00  0.7292173E+00
   04  0.3932768E+03  0.1208393E+02  0.1181429E+01 -0.2187107E+00  0.7286810E+00
   04  0.3949046E+03  0.1208337E+02  0.1181575E+01 -0.2146161E+00  0.7281267E+00
   04  0.3965323E+03  0.1208280E+02  0.1181640E+01 -0.2104858E+00  0.7275545E+00
   04  0.3981600E+03  0.1208221E+02  0.1181627E+01 -0.2063216E+00  0.7269648E+00
   04  0.3997878E+03  0.1208160E+02  0.1181538E+01 -0.2021252E+00  0.7263575E+00
   04  0.4014155E+03  0.1208098E+02  0.1181375E+01 -0.1978981E+00  0.7257329E+00
   04  0.4030433E+03  0.1208034E+02  0.1181139E+01 -0.1936415E+00  0.7250910E+00
   04  0.4046710E+03  0.1207968E+02  0.1180832E+01 -0.1893566E+00  0.7244321E+00
   04  0.4062987E+03  0.1207900E+02  0.1180456E+01 -0.1850440E+00  0.7237563E+00
   04  0.4079265E+03  0.1207831E+02  0.1180014E+01 -0.1807045E+00  0.7230636E+00
   04  0.4095542E+03  0.1207760E+02  0.1179506E+01 -0.1763385E+00  0.7223543E+00
   04  0.4111820E+03  0.1207687E+02  0.1178936E+01 -0.1719465E+00  0.7216284E+00
   04  0.4128097E+03  0.1207613E+02  0.1178304E+01 -0.1675287E+00  0.7208860E+00
   04  0.4144375E+03  0.1207537E+02  0.1177614E+01 -0.1630851E+00  0.7201274E+00
   04  0.4160652E+03  0.1207460E+02  0.1176867E+01 -0.1586158E+00  0.7193525E+00
   04  0.4176929E+03  0.1207381E+02  0.1176066E+01 -0.1541206E+00  0.7185616E+00
   04  0.4193207E+03  0.1207300E+02  0.1175212E+01 -0.1495992E+00  0.7177548E+00
   04  0.4209484E+03  0.1207218E+02  0.1174309E+01 -0.1450513E+00  0.7169321E+00
   04  0.4225762E+03  0.1207134E+02  0.1173359E+01 -0.1404765E+00  0.7160936E+00
   04  0.4242039E+03  0.1207049E+02  0.1172363E+01 -0.1358741E+00  0.7152396E+00
   04  0.4258316E+03  0.1206962E+02  0.1171325E+01 -0.1312436E+00  0.7143700E+00
   04  0.4274594E+03  0.1206873E+02  0.1170246E+01 -0.1265841E+00  0.7134849E+00
   04  0.4290871E+03  0.1206783E+02  0.1169129E+01 -0.1218949E+00  0.7125845E+00
   04  0.4307149E+03  0.1206691E+02  0.1167976E+01 -0.1171751E+00  0.7116688E+00
   04  0.4323426E+03  0.1206598E+02  0.1166789E+01 -0.1124237E+00  0.7107378E+00
   04  0.4339704E+03  0.1206504E+02  0.1165570E+01 -0.1076396E+00  0.7097916E+00
   04  0.4355981E+03  0.1206408E+02  0.1164322E+01 -0.1028217E+00  0.7088302E+00
   04  0.4372258E+03  0.1206310E+02  0.1163047E+01 -0.9796887E-01  0.7078538E+00
   04  0.4388536E+03  0.1206211E+02  0.1161747E+01 -0.9307979E-01  0.7068622E+00
   04  0.4404813E+03  0.1206110E+02  0.1160423E+01 -0.8815318E-01  0.7058556E+00
   04  0.4421091E+03  0.1206008E+02  0.1159079E+01 -0.8318770E-01  0.7048338E+00
   04  0.4437368E+03  0.1205904E+02  0.1157715E+01 -0.7818191E-01  0.7037969E+00
   04  0.4453645E+03  0.1205799E+02  0.1156333E+01 -0.7313437E-01  0.7027450E+00
   04  0.4469923E+03  0.1205692E+02  0.1154936E+01 -0.6804356E-01  0.7016778E+00
   04  0.4486200E+03  0.1205584E+02  0.1153525E+01 -0.6290794E-01  0.7005954E+00
   04  0.4502478E+03  0.1205474E+02  0.1152102E+01 -0.5772592E-01  0.6994978E+00
   04  0.4518755E+03  0.1205363E+02  0.1150668E+01 -0.5249587E-01  0.6983848E+00
   04  0.4535033E+03  0.1205250E+02  0.1149225E+01 -0.4721613E-01  0.6972564E+00
   04  0.4551310E+03  0.1205136E+02  0.1147774E+01 -0.4188501E-01  0.6961125E+00
   04  0.4567587E+03  0.1205020E+02  0.1146317E+01 -0.3650077E-01  0.6949530E+00
   04  0.4583865E+03  0.1204902E+02  0.1144856E+01 -0.3106167E-01  0.6937777E+00
   04  0.4600142E+03  0.1204783E+02  0.1143383E+01 -0.2556599E-01  0.6925856E+00
   04  0.4616420E+03  0.1204662E+02  0.1141898E+01 -0.2001210E-01  0.6913764E+00
   04  0.4632697E+03  0.1204540E+02  0.1140404E+01 -0.1439836E-01  0.6901499E+00
   04  0.4648974E+03  0.1204415E+02  0.1138901E+01 -0.8723131E-02  0.6889060E+00
   04  0.4665252E+03  0.1204289E+02  0.1137389E+01 -0.2984784E-02  0.6876444E+00
   04  0.4681529E+03  0.1204161E+02  0.1135872E+01  0.2818307E-02  0.6863649E+00
   04  0.4697807E+03  0.1204031E+02  0.1134348E+01  0.8687756E-02  0.6850675E+00
   04  0.4714084E+03  0.1203900E+02  0.1132819E+01  0.1462517E-01  0.6837518E+00
   04  0.4730362E+03  0.1203766E+02  0.1131287E+01  0.2063215E-01  0.6824176E+00
   04  0.4746639E+03  0.1203631E+02  0.1129751E+01  0.2670292E-01  0.6810655E+00
   04  0.4762916E+03  0.1203494E+02  0.1128214E+01  0.3281499E-01  0.6796971E+00
   04  0.4779194E+03  0.1203356E+02  0.1126676E+01  0.3897418E-01  0.6783122E+00
   04  0.4795471E+03  0.1203216E+02  0.1125139E+01  0.4518619E-01  0.6769105E+00
   04  0.4811749E+03  0.1203074E+02  0.1123599E+01  0.5145338E-01  0.6754916E+00
   04  0.4828026E+03  0.1202930E+02  0.1122062E+01  0.5778457E-01  0.6740552E+00
   04  0.4844303E+03  0.1202785E+02  0.1120528E+01  0.6418500E-01  0.6726009E+00
   04  0.4860581E+03  0.1202637E+02  0.1118998E+01  0.7065971E-01  0.6711285E+00
   04  0.4876858E+03  0.1202488E+02  0.1117474E+01  0.7721355E-01  0.6696375E+00
   04  0.4893136E+03  0.1202337E+02  0.1115956E+01  0.8385116E-01  0.6681275E+00
   04  0.4909413E+03  0.1202184E+02  0.1114445E+01  0.9057695E-01  0.6665983E+00
   04  0.4925691E+03  0.1202030E+02  0.1112943E+01  0.9739512E-01  0.6650496E+00
   04  0.4941968E+03  0.1201873E+02  0.1111451E+01  0.1043096E+00  0.6634809E+00
   04  0.4958245E+03  0.1201714E+02  0.1109969E+01  0.1113242E+00  0.6618918E+00
   04  0.4974523E+03  0.1201553E+02  0.1108499E+01  0.1184423E+00  0.6602821E+00
   04  0.4990800E+03  0.1201390E+02  0.1107041E+01  0.1256672E+00  0.6586513E+00
   04  0.5007078E+03  0.1201225E+02  0.1105595E+01  0.1330017E+00  0.6569991E+00
   04  0.5023355E+03  0.1201057E+02  0.1104162E+01  0.1404486E+00  0.6553250E+00
   04  0.5039632E+03  0.1200887E+02  0.1102743E+01  0.1480102E+00  0.6536287E+00
   04  0.5055910E+03  0.1200716E+02  0.1101339E+01  0.1556887E+00  0.6519098E+00
   04  0.5072187E+03  0.1200541E+02  0.1099949E+01  0.1634860E+00  0.6501680E+00
   04  0.5088465E+03  0.1200365E+02  0.1098576E+01  0.1714037E+00  0.6484030E+00
   04  0.5104742E+03  0.1200186E+02  0.1097221E+01  0.1794445E+00  0.6466146E+00
   04  0.5121020E+03  0.1200005E+02  0.1095883E+01  0.1876221E+00  0.6448035E+00
   04  0.5137297E+03  0.1199822E+02  0.1094565E+01  0.1959383E+00  0.6429693E+00
   04  0.5153574E+03  0.1199636E+02  0.1093267E+01  0.2043949E+00  0.6411118E+00
   04  0.5169852E+03  0.1199448E+02  0.1091990E+01  0.2129934E+00  0.6392308E+00
   04  0.5186129E+03  0.1199257E+02  0.1090734E+01  0.2217354E+00  0.6373259E+00
   04  0.5202407E+03  0.1199064E+02  0.1089501E+01  0.2306222E+00  0.6353970E+00
   04  0.5218684E+03  0.1198869E+02  0.1088290E+01  0.2396548E+00  0.6334437E+00
   04  0.5234961E+03  0.1198671E+02  0.1087103E+01  0.2488344E+00  0.6314658E+00
   04  0.5251239E+03  0.1198471E+02  0.1085940E+01  0.2581620E+00  0.6294630E+00
   04  0.5267516E+03  0.1198268E+02  0.1084801E+01  0.2676382E+00  0.6274351E+00
   04  0.5283794E+03  0.1198063E+02  0.1083686E+01  0.2772639E+00  0.6253819E+00
   04  0.5300071E+03  0.1197855E+02  0.1082597E+01  0.2870397E+00  0.6233031E+00
   04  0.5316349E+03  0.1197644E+02  0.1081533E+01  0.2969660E+00  0.6211984E+00
   04  0.5332626E+03  0.1197431E+02  0.1080495E+01  0.3070432E+00  0.6190676E+00
   04  0.5348903E+03  0.1197216E+02  0.1079482E+01  0.3172716E+00  0.6169106E+00
   04  0.5365181E+03  0.1196997E+02  0.1078495E+01  0.3276515E+00  0.6147269E+00
   04  0.5381458E+03  0.1196776E+02  0.1077534E+01  0.3381829E+00  0.6125165E+00
   04  0.5397736E+03  0.1196553E+02  0.1076599E+01  0.3488658E+00  0.6102791E+00
   04  0.5414013E+03  0.1196326E+02  0.1075689E+01  0.3597002E+00  0.6080145E+00
   04  0.5430290E+03  0.1196097E+02  0.1074805E+01  0.3706858E+00  0.6057225E+00
   04  0.5446568E+03  0.1195865E+02  0.1073947E+01  0.3818224E+00  0.6034028E+00
   04  0.5462845E+03  0.1195630E+02  0.1073114E+01  0.3931096E+00  0.6010552E+00
   04  0.5479123E+03  0.1195393E+02  0.1072305E+01  0.4045469E+00  0.5986797E+00
   04  0.5495400E+03  0.1195152E+02  0.1071521E+01  0.4161337E+00  0.5962758E+00
   04  0.5511678E+03  0.1194909E+02  0.1070761E+01  0.4278695E+00  0.5938436E+00
   04  0.5527955E+03  0.1194663E+02  0.1070025E+01  0.4397534E+00  0.5913827E+00
   04  0.5544232E+03  0.1194414E+02  0.1069313E+01  0.4517847E+00  0.5888931E+00
   04  0.5560510E+03  0.1194162E+02  0.1068623E+01  0.4639623E+00  0.5863744E+00
   04  0.5576787E+03  0.1193907E+02  0.1067955E+01  0.4762853E+00  0.5838266E+00
   04  0.5593065E+03  0.1193650E+02  0.1067309E+01  0.4887525E+00  0.5812494E+00
   04  0.5609342E+03  0.1193389E+02  0.1066683E+01  0.5013626E+00  0.5786428E+00
   04  0.5625619E+03  0.1193125E+02  0.1066078E+01  0.5141144E+00  0.5760065E+00
   04  0.5641897E+03  0.1192859E+02  0.1065493E+01  0.5270063E+00  0.5733403E+00
   04  0.5658174E+03  0.1192589E+02  0.1064927E+01  0.5400369E+00  0.5706442E+00
   04  0.5674452E+03  0.1192316E+02  0.1064378E+01  0.5532044E+00  0.5679180E+00
   04  0.5690729E+03  0.1192041E+02  0.1063847E+01  0.5665070E+00  0.5651615E+00
   04  0.5707007E+03  0.1191762E+02  0.1063333E+01  0.5799430E+00  0.5623747E+00
   04  0.5723284E+03  0.1191480E+02  0.1062834E+01  0.5935102E+00  0.5595573E+00
   04  0.5739561E+03  0.1191196E+02  0.1062350E+01  0.6072066E+00  0.5567093E+00
   04  0.5755839E+03  0.1190908E+02  0.1061881E+01  0.6210299E+00  0.5538306E+00
   04  0.5772116E+03  0.1190617E+02  0.1061424E+01  0.6349779E+00  0.5509211E+00
   04  0.5788394E+03  0.1190323E+02  0.1060980E+01  0.6490479E+00  0.5479806E+00
   04  0.5804671E+03  0.1190026E+02  0.1060547E+01  0.6632376E+00  0.5450091E+00
   04  0.5820948E+03  0.1189725E+02  0.1060125E+01  0.6775442E+00  0.5420065E+00
   04  0.5837226E+03  0.1189422E+02  0.1059713E+01  0.6919649E+00  0.5389727E+00
   04  0.5853503E+03  0.1189115E+02  0.1059309E+01  0.7064968E+00  0.5359077E+00
   04  0.5869781E+03  0.1188806E+02  0.1058914E+01  0.7211367E+00  0.5328112E+00
   04  0.5886058E+03  0.1188493E+02  0.1058525E+01  0.7358793E+00  0.5296832E+00
   04  0.5902336E+03  0.1188177E+02  0.1058143E+01  0.7507205E+00  0.5265233E+00
   04  0.5918613E+03  0.1187858E+02  0.1057767E+01  0.7656561E+00  0.5233316E+00
   04  0.5934890E+03  0.1187535E+02  0.1057395E+01  0.7806821E+00  0.5201079E+00
   04  0.5951168E+03  0.1187210E+02  0.1057028E+01  0.7957949E+00  0.5168522E+00
   04  0.5967445E+03  0.1186881E+02  0.1056663E+01  0.8109904E+00  0.5135643E+00
   04  0.5983723E+03  0.1186549E+02  0.1056300E+01  0.8262653E+00  0.5102443E+00
