# gauge_id= 601 location=( -0.1242093003E+03  0.4175447275E+02 ) num_var=  4
# Stationary gauge
# level, time, q[  1  2  3], eta, aux[]
# file format ascii, time series follow in this file
   04  0.0000000E+00  0.1304193E+02  0.0000000E+00  0.0000000E+00  0.0000000E+00
   04  0.1000000E+01  0.1304193E+02  0.1235693E-15 -0.6918781E-16  0.8145077E+00
   04  0.1015873E+01  0.1304193E+02  0.3650576E-03 -0.5699197E-05  0.8145107E+00
   04  0.1031746E+01  0.1304193E+02  0.7300745E-03 -0.1139172E-04  0.8145137E+00
   04  0.1047619E+01  0.1304193E+02  0.1095051E-02 -0.1707759E-04  0.8145168E+00
   04  0.1063492E+01  0.1304194E+02  0.1459986E-02 -0.2275683E-04  0.8145198E+00
   04  0.1079365E+01  0.1304194E+02  0.1824880E-02 -0.2842946E-04  0.8145228E+00
   04  0.1095238E+01  0.1304194E+02  0.2189734E-02 -0.3409550E-04  0.8145258E+00
   04  0.1111111E+01  0.1304195E+02  0.2554546E-02 -0.3975498E-04  0.8145288E+00
   04  0.1126984E+01  0.1304195E+02  0.2919317E-02 -0.4540793E-04  0.8145318E+00
   04  0.1142857E+01  0.1304195E+02  0.3284048E-02 -0.5105435E-04  0.8145348E+00
   04  0.1158730E+01  0.1304196E+02  0.3648737E-02 -0.5669427E-04  0.8145378E+00
   04  0.1174603E+01  0.1304196E+02  0.4013386E-02 -0.6232772E-04  0.8145408E+00
   04  0.1190476E+01  0.1304196E+02  0.4377993E-02 -0.6795472E-04  0.8145438E+00
   04  0.1206349E+01  0.1304196E+02  0.4742559E-02 -0.7357529E-04  0.8145468E+00
   04  0.1222222E+01  0.1304197E+02  0.5107084E-02 -0.7918946E-04  0.8145498E+00
   04  0.1238095E+01  0.1304197E+02  0.5471567E-02 -0.8479723E-04  0.8145527E+00
   04  0.1253968E+01  0.1304197E+02  0.5836009E-02 -0.9039865E-04  0.8145557E+00
   04  0.1269841E+01  0.1304198E+02  0.6200410E-02 -0.9599372E-04  0.8145587E+00
   04  0.1285714E+01  0.1304198E+02  0.6564770E-02 -0.1015825E-03  0.8145616E+00
   04  0.1301587E+01  0.1304198E+02  0.6929088E-02 -0.1071649E-03  0.8145646E+00
   04  0.1317460E+01  0.1304199E+02  0.7293365E-02 -0.1127411E-03  0.8145675E+00
   04  0.1333333E+01  0.1304199E+02  0.7657600E-02 -0.1183110E-03  0.8145705E+00
   04  0.1349206E+01  0.1304199E+02  0.8021794E-02 -0.1238747E-03  0.8145734E+00
   04  0.1365079E+01  0.1304199E+02  0.8385946E-02 -0.1294322E-03  0.8145763E+00
   04  0.1380952E+01  0.1304200E+02  0.8750057E-02 -0.1349835E-03  0.8145793E+00
   04  0.1396825E+01  0.1304200E+02  0.9114126E-02 -0.1405287E-03  0.8145822E+00
   04  0.1412698E+01  0.1304200E+02  0.9478154E-02 -0.1460677E-03  0.8145851E+00
   04  0.1428571E+01  0.1304201E+02  0.9842140E-02 -0.1516006E-03  0.8145880E+00
   04  0.1476190E+01  0.1304201E+02  0.1093387E-01 -0.1682076E-03  0.8145967E+00
   04  0.1523810E+01  0.1304202E+02  0.1202522E-01 -0.1847600E-03  0.8146054E+00
   04  0.1571429E+01  0.1304203E+02  0.1311619E-01 -0.2012584E-03  0.8146141E+00
   04  0.1619048E+01  0.1304204E+02  0.1420679E-01 -0.2177033E-03  0.8146226E+00
   04  0.1666667E+01  0.1304205E+02  0.1529700E-01 -0.2340954E-03  0.8146312E+00
   04  0.1714286E+01  0.1304206E+02  0.1638684E-01 -0.2504352E-03  0.8146397E+00
   04  0.1761905E+01  0.1304207E+02  0.1747629E-01 -0.2667233E-03  0.8146482E+00
   04  0.1809524E+01  0.1304207E+02  0.1856537E-01 -0.2829602E-03  0.8146566E+00
   04  0.1857143E+01  0.1304208E+02  0.1965406E-01 -0.2991467E-03  0.8146650E+00
   04  0.1904762E+01  0.1304209E+02  0.2074237E-01 -0.3152831E-03  0.8146733E+00
   04  0.1952381E+01  0.1304210E+02  0.2183029E-01 -0.3313702E-03  0.8146816E+00
   04  0.2000000E+01  0.1304211E+02  0.2291783E-01 -0.3474085E-03  0.8146898E+00
   04  0.5727919E+01  0.1304265E+02  0.1070538E+00 -0.1823459E-02  0.8152306E+00
   04  0.9455838E+01  0.1304295E+02  0.1886196E+00 -0.3053761E-02  0.8155301E+00
   04  0.1318376E+02  0.1304301E+02  0.2672348E+00 -0.4272444E-02  0.8155886E+00
   04  0.1691168E+02  0.1304282E+02  0.3425760E+00 -0.5662212E-02  0.8154065E+00
   04  0.2063960E+02  0.1304241E+02  0.4144207E+00 -0.7362479E-02  0.8149908E+00
   04  0.2436752E+02  0.1304177E+02  0.4824878E+00 -0.9482821E-02  0.8143524E+00
   04  0.2809543E+02  0.1304092E+02  0.5466072E+00 -0.1210554E-01  0.8135026E+00
   04  0.3182335E+02  0.1303987E+02  0.6066576E+00 -0.1528555E-01  0.8124515E+00
   04  0.3555127E+02  0.1303862E+02  0.6625658E+00 -0.1897843E-01  0.8112027E+00
   04  0.3927919E+02  0.1303718E+02  0.7143025E+00 -0.2320503E-01  0.8097662E+00
   04  0.4300711E+02  0.1303557E+02  0.7618699E+00 -0.2801522E-01  0.8081565E+00
   04  0.4673503E+02  0.1303380E+02  0.8052987E+00 -0.3340942E-01  0.8063854E+00
   04  0.5046295E+02  0.1303188E+02  0.8445706E+00 -0.3937477E-01  0.8044578E+00
   04  0.5419087E+02  0.1302990E+02  0.8808173E+00 -0.4590362E-01  0.8024822E+00
   04  0.5791879E+02  0.1302792E+02  0.9145519E+00 -0.5290338E-01  0.8005042E+00
   04  0.6164671E+02  0.1302594E+02  0.9457851E+00 -0.6024532E-01  0.7985215E+00
   04  0.6537463E+02  0.1302395E+02  0.9745182E+00 -0.6785617E-01  0.7965334E+00
   04  0.6910255E+02  0.1302196E+02  0.1000751E+01 -0.7570278E-01  0.7945409E+00
   04  0.7283047E+02  0.1301996E+02  0.1024491E+01 -0.8376066E-01  0.7925451E+00
   04  0.7655838E+02  0.1301796E+02  0.1045758E+01 -0.9201009E-01  0.7905473E+00
   04  0.8028630E+02  0.1301597E+02  0.1064581E+01 -0.1004335E+00  0.7885492E+00
   04  0.8401422E+02  0.1301397E+02  0.1081005E+01 -0.1090135E+00  0.7865527E+00
   04  0.8774214E+02  0.1301198E+02  0.1095088E+01 -0.1177319E+00  0.7845599E+00
   04  0.9147006E+02  0.1300999E+02  0.1106903E+01 -0.1265681E+00  0.7825729E+00
   04  0.9445240E+02  0.1300841E+02  0.1114728E+01 -0.1337790E+00  0.7809889E+00
   04  0.9743473E+02  0.1300683E+02  0.1121203E+01 -0.1410272E+00  0.7794111E+00
   04  0.1004171E+03  0.1300526E+02  0.1126375E+01 -0.1483012E+00  0.7778409E+00
   04  0.1033994E+03  0.1300370E+02  0.1130290E+01 -0.1555878E+00  0.7762790E+00
   04  0.1063817E+03  0.1300216E+02  0.1133222E+01 -0.1628880E+00  0.7747454E+00
   04  0.1093641E+03  0.1300066E+02  0.1135271E+01 -0.1702102E+00  0.7732460E+00
   04  0.1123464E+03  0.1299918E+02  0.1136316E+01 -0.1775556E+00  0.7717657E+00
   04  0.1153287E+03  0.1299771E+02  0.1136255E+01 -0.1849288E+00  0.7702914E+00
   04  0.1183111E+03  0.1299624E+02  0.1135122E+01 -0.1923386E+00  0.7688230E+00
   04  0.1212934E+03  0.1299478E+02  0.1132957E+01 -0.1997891E+00  0.7673607E+00
   04  0.1242758E+03  0.1299333E+02  0.1129778E+01 -0.2072797E+00  0.7659079E+00
   04  0.1272581E+03  0.1299189E+02  0.1125604E+01 -0.2148053E+00  0.7644700E+00
   04  0.1302404E+03  0.1299047E+02  0.1120499E+01 -0.2223597E+00  0.7630486E+00
   04  0.1332228E+03  0.1298906E+02  0.1114533E+01 -0.2299429E+00  0.7616450E+00
   04  0.1362051E+03  0.1298768E+02  0.1107784E+01 -0.2375479E+00  0.7602606E+00
   04  0.1391874E+03  0.1298631E+02  0.1100332E+01 -0.2451661E+00  0.7588970E+00
   04  0.1421698E+03  0.1298497E+02  0.1092255E+01 -0.2527867E+00  0.7575561E+00
   04  0.1451521E+03  0.1298366E+02  0.1083632E+01 -0.2603973E+00  0.7562400E+00
   04  0.1481344E+03  0.1298237E+02  0.1074537E+01 -0.2679848E+00  0.7549507E+00
   04  0.1511168E+03  0.1298111E+02  0.1065043E+01 -0.2755350E+00  0.7536904E+00
   04  0.1540991E+03  0.1297988E+02  0.1055222E+01 -0.2830338E+00  0.7524612E+00
   04  0.1570814E+03  0.1297868E+02  0.1045142E+01 -0.2904670E+00  0.7512655E+00
   04  0.1600638E+03  0.1297752E+02  0.1034869E+01 -0.2978206E+00  0.7501051E+00
   04  0.1630461E+03  0.1297640E+02  0.1024466E+01 -0.3050812E+00  0.7489822E+00
   04  0.1660284E+03  0.1297532E+02  0.1013995E+01 -0.3122361E+00  0.7478985E+00
   04  0.1690108E+03  0.1297427E+02  0.1003512E+01 -0.3192735E+00  0.7468559E+00
   04  0.1719931E+03  0.1297327E+02  0.9930712E+00 -0.3261822E+00  0.7458559E+00
   04  0.1749755E+03  0.1297232E+02  0.9827236E+00 -0.3329525E+00  0.7448999E+00
   04  0.1779578E+03  0.1297141E+02  0.9725165E+00 -0.3395751E+00  0.7439892E+00
   04  0.1809401E+03  0.1297054E+02  0.9624938E+00 -0.3460420E+00  0.7431247E+00
   04  0.1824313E+03  0.1297013E+02  0.9575591E+00 -0.3492540E+00  0.7427091E+00
   04  0.1839225E+03  0.1296972E+02  0.9526759E+00 -0.3524255E+00  0.7423044E+00
   04  0.1854136E+03  0.1296933E+02  0.9478490E+00 -0.3555548E+00  0.7419106E+00
   04  0.1869048E+03  0.1296895E+02  0.9430832E+00 -0.3586403E+00  0.7415277E+00
   04  0.1883960E+03  0.1296857E+02  0.9383831E+00 -0.3616804E+00  0.7411559E+00
   04  0.1898871E+03  0.1296821E+02  0.9337534E+00 -0.3646738E+00  0.7407951E+00
   04  0.1913783E+03  0.1296786E+02  0.9291984E+00 -0.3676154E+00  0.7404458E+00
   04  0.1928695E+03  0.1296753E+02  0.9247217E+00 -0.3705026E+00  0.7401081E+00
   04  0.1943606E+03  0.1296720E+02  0.9203267E+00 -0.3733315E+00  0.7397820E+00
   04  0.1958518E+03  0.1296688E+02  0.9160165E+00 -0.3760985E+00  0.7394673E+00
   04  0.1973430E+03  0.1296658E+02  0.9117941E+00 -0.3788020E+00  0.7391642E+00
   04  0.1988341E+03  0.1296629E+02  0.9076621E+00 -0.3814407E+00  0.7388726E+00
   04  0.2003253E+03  0.1296601E+02  0.9036234E+00 -0.3840139E+00  0.7385926E+00
   04  0.2018165E+03  0.1296574E+02  0.8996802E+00 -0.3865209E+00  0.7383243E+00
   04  0.2033076E+03  0.1296549E+02  0.8958350E+00 -0.3889615E+00  0.7380676E+00
   04  0.2047988E+03  0.1296524E+02  0.8920900E+00 -0.3913359E+00  0.7378225E+00
   04  0.2062900E+03  0.1296501E+02  0.8884474E+00 -0.3936444E+00  0.7375890E+00
   04  0.2077811E+03  0.1296478E+02  0.8849089E+00 -0.3958877E+00  0.7373671E+00
   04  0.2092723E+03  0.1296457E+02  0.8814767E+00 -0.3980667E+00  0.7371567E+00
   04  0.2107635E+03  0.1296438E+02  0.8781523E+00 -0.4001825E+00  0.7369579E+00
   04  0.2122546E+03  0.1296419E+02  0.8749376E+00 -0.4022364E+00  0.7367704E+00
   04  0.2137458E+03  0.1296401E+02  0.8718341E+00 -0.4042301E+00  0.7365943E+00
   04  0.2152370E+03  0.1296385E+02  0.8688432E+00 -0.4061652E+00  0.7364296E+00
   04  0.2167281E+03  0.1296369E+02  0.8659663E+00 -0.4080435E+00  0.7362760E+00
   04  0.2182193E+03  0.1296355E+02  0.8632046E+00 -0.4098670E+00  0.7361336E+00
   04  0.2197105E+03  0.1296342E+02  0.8605595E+00 -0.4116378E+00  0.7360023E+00
   04  0.2212017E+03  0.1296330E+02  0.8580319E+00 -0.4133581E+00  0.7358819E+00
   04  0.2226928E+03  0.1296319E+02  0.8556229E+00 -0.4150301E+00  0.7357724E+00
   04  0.2241840E+03  0.1296309E+02  0.8533334E+00 -0.4166561E+00  0.7356737E+00
   04  0.2256752E+03  0.1296300E+02  0.8511643E+00 -0.4182383E+00  0.7355857E+00
   04  0.2271663E+03  0.1296293E+02  0.8491164E+00 -0.4197792E+00  0.7355083E+00
   04  0.2286575E+03  0.1296286E+02  0.8471903E+00 -0.4212811E+00  0.7354414E+00
   04  0.2301487E+03  0.1296280E+02  0.8453867E+00 -0.4227463E+00  0.7353848E+00
   04  0.2316398E+03  0.1296276E+02  0.8437061E+00 -0.4241771E+00  0.7353385E+00
   04  0.2331310E+03  0.1296272E+02  0.8421490E+00 -0.4255758E+00  0.7353023E+00
   04  0.2346222E+03  0.1296269E+02  0.8407156E+00 -0.4269447E+00  0.7352761E+00
   04  0.2361133E+03  0.1296268E+02  0.8394064E+00 -0.4282861E+00  0.7352599E+00
   04  0.2376045E+03  0.1296267E+02  0.8382215E+00 -0.4296021E+00  0.7352535E+00
   04  0.2390957E+03  0.1296267E+02  0.8371609E+00 -0.4308949E+00  0.7352567E+00
   04  0.2405868E+03  0.1296269E+02  0.8362248E+00 -0.4321664E+00  0.7352696E+00
   04  0.2420780E+03  0.1296271E+02  0.8354130E+00 -0.4334182E+00  0.7352921E+00
   04  0.2435692E+03  0.1296274E+02  0.8347244E+00 -0.4346524E+00  0.7353241E+00
   04  0.2450603E+03  0.1296278E+02  0.8341578E+00 -0.4358713E+00  0.7353656E+00
   04  0.2465515E+03  0.1296283E+02  0.8337117E+00 -0.4370728E+00  0.7354162E+00
   04  0.2480427E+03  0.1296289E+02  0.8333847E+00 -0.4382521E+00  0.7354753E+00
   04  0.2495338E+03  0.1296296E+02  0.8331752E+00 -0.4394097E+00  0.7355427E+00
   04  0.2510250E+03  0.1296304E+02  0.8330813E+00 -0.4405457E+00  0.7356184E+00
   04  0.2525162E+03  0.1296312E+02  0.8331013E+00 -0.4416603E+00  0.7357020E+00
   04  0.2540073E+03  0.1296321E+02  0.8332333E+00 -0.4427533E+00  0.7357934E+00
   04  0.2554985E+03  0.1296331E+02  0.8334752E+00 -0.4438247E+00  0.7358923E+00
   04  0.2569897E+03  0.1296342E+02  0.8338250E+00 -0.4448743E+00  0.7359987E+00
   04  0.2584808E+03  0.1296353E+02  0.8342805E+00 -0.4459016E+00  0.7361121E+00
   04  0.2599720E+03  0.1296365E+02  0.8348395E+00 -0.4469064E+00  0.7362325E+00
   04  0.2614632E+03  0.1296378E+02  0.8354996E+00 -0.4478879E+00  0.7363595E+00
   04  0.2629543E+03  0.1296391E+02  0.8362507E+00 -0.4488460E+00  0.7364936E+00
   04  0.2644455E+03  0.1296405E+02  0.8370875E+00 -0.4497804E+00  0.7366347E+00
   04  0.2659367E+03  0.1296420E+02  0.8380090E+00 -0.4506906E+00  0.7367825E+00
   04  0.2674278E+03  0.1296435E+02  0.8390142E+00 -0.4515760E+00  0.7369363E+00
   04  0.2689190E+03  0.1296451E+02  0.8401016E+00 -0.4524357E+00  0.7370960E+00
   04  0.2704102E+03  0.1296468E+02  0.8412698E+00 -0.4532687E+00  0.7372610E+00
   04  0.2719014E+03  0.1296485E+02  0.8425169E+00 -0.4540738E+00  0.7374308E+00
   04  0.2733925E+03  0.1296502E+02  0.8438409E+00 -0.4548497E+00  0.7376052E+00
   04  0.2748837E+03  0.1296520E+02  0.8452397E+00 -0.4555950E+00  0.7377835E+00
   04  0.2763749E+03  0.1296538E+02  0.8467111E+00 -0.4563083E+00  0.7379655E+00
   04  0.2778660E+03  0.1296557E+02  0.8482524E+00 -0.4569879E+00  0.7381507E+00
   04  0.2793572E+03  0.1296576E+02  0.8498618E+00 -0.4576279E+00  0.7383390E+00
   04  0.2808484E+03  0.1296595E+02  0.8515371E+00 -0.4582246E+00  0.7385301E+00
   04  0.2823395E+03  0.1296614E+02  0.8532762E+00 -0.4587759E+00  0.7387238E+00
   04  0.2838307E+03  0.1296634E+02  0.8550767E+00 -0.4592797E+00  0.7389194E+00
   04  0.2853219E+03  0.1296653E+02  0.8569364E+00 -0.4597340E+00  0.7391167E+00
   04  0.2868130E+03  0.1296673E+02  0.8588528E+00 -0.4601365E+00  0.7393151E+00
   04  0.2883042E+03  0.1296693E+02  0.8608231E+00 -0.4604852E+00  0.7395144E+00
   04  0.2897954E+03  0.1296713E+02  0.8628449E+00 -0.4607781E+00  0.7397139E+00
   04  0.2912865E+03  0.1296733E+02  0.8649152E+00 -0.4610130E+00  0.7399133E+00
   04  0.2927777E+03  0.1296753E+02  0.8670256E+00 -0.4611876E+00  0.7401116E+00
   04  0.2942689E+03  0.1296772E+02  0.8691604E+00 -0.4613004E+00  0.7403073E+00
   04  0.2957600E+03  0.1296792E+02  0.8713174E+00 -0.4613489E+00  0.7405000E+00
   04  0.2972512E+03  0.1296811E+02  0.8734941E+00 -0.4613306E+00  0.7406892E+00
   04  0.2987424E+03  0.1296829E+02  0.8756882E+00 -0.4612437E+00  0.7408745E+00
   04  0.3002335E+03  0.1296847E+02  0.8778972E+00 -0.4610861E+00  0.7410555E+00
   04  0.3017247E+03  0.1296865E+02  0.8801186E+00 -0.4608564E+00  0.7412317E+00
   04  0.3032159E+03  0.1296882E+02  0.8823499E+00 -0.4605533E+00  0.7414027E+00
   04  0.3047070E+03  0.1296899E+02  0.8845885E+00 -0.4601756E+00  0.7415682E+00
   04  0.3061982E+03  0.1296915E+02  0.8868318E+00 -0.4597225E+00  0.7417276E+00
   04  0.3076894E+03  0.1296930E+02  0.8890770E+00 -0.4591933E+00  0.7418807E+00
   04  0.3091805E+03  0.1296944E+02  0.8913214E+00 -0.4585876E+00  0.7420270E+00
   04  0.3106717E+03  0.1296958E+02  0.8935623E+00 -0.4579051E+00  0.7421661E+00
   04  0.3121629E+03  0.1296972E+02  0.8957969E+00 -0.4571456E+00  0.7422976E+00
   04  0.3136540E+03  0.1296984E+02  0.8980224E+00 -0.4563094E+00  0.7424212E+00
   04  0.3151452E+03  0.1296995E+02  0.9002362E+00 -0.4553966E+00  0.7425365E+00
   04  0.3165017E+03  0.1297005E+02  0.9022392E+00 -0.4545003E+00  0.7426341E+00
   04  0.3178581E+03  0.1297014E+02  0.9042281E+00 -0.4535413E+00  0.7427242E+00
   04  0.3192146E+03  0.1297023E+02  0.9062009E+00 -0.4525081E+00  0.7428076E+00
   04  0.3205710E+03  0.1297030E+02  0.9081557E+00 -0.4513976E+00  0.7428842E+00
   04  0.3219275E+03  0.1297037E+02  0.9100903E+00 -0.4502101E+00  0.7429538E+00
   04  0.3232839E+03  0.1297043E+02  0.9120029E+00 -0.4489458E+00  0.7430161E+00
   04  0.3246404E+03  0.1297049E+02  0.9138913E+00 -0.4476051E+00  0.7430708E+00
   04  0.3259968E+03  0.1297054E+02  0.9157535E+00 -0.4461884E+00  0.7431177E+00
   04  0.3273533E+03  0.1297057E+02  0.9175876E+00 -0.4446965E+00  0.7431564E+00
   04  0.3287097E+03  0.1297060E+02  0.9193916E+00 -0.4431301E+00  0.7431867E+00
   04  0.3300662E+03  0.1297063E+02  0.9211635E+00 -0.4414900E+00  0.7432083E+00
   04  0.3314226E+03  0.1297064E+02  0.9229014E+00 -0.4397771E+00  0.7432211E+00
   04  0.3327791E+03  0.1297064E+02  0.9246033E+00 -0.4379926E+00  0.7432246E+00
   04  0.3341355E+03  0.1297064E+02  0.9262673E+00 -0.4361376E+00  0.7432187E+00
   04  0.3354920E+03  0.1297062E+02  0.9278916E+00 -0.4342131E+00  0.7432031E+00
   04  0.3368484E+03  0.1297060E+02  0.9294744E+00 -0.4322206E+00  0.7431775E+00
   04  0.3382049E+03  0.1297056E+02  0.9310139E+00 -0.4301613E+00  0.7431418E+00
   04  0.3395613E+03  0.1297051E+02  0.9325083E+00 -0.4280367E+00  0.7430955E+00
   04  0.3409178E+03  0.1297046E+02  0.9339558E+00 -0.4258481E+00  0.7430386E+00
   04  0.3422742E+03  0.1297039E+02  0.9353547E+00 -0.4235972E+00  0.7429707E+00
   04  0.3436307E+03  0.1297031E+02  0.9367034E+00 -0.4212855E+00  0.7428916E+00
   04  0.3449871E+03  0.1297022E+02  0.9380002E+00 -0.4189146E+00  0.7428012E+00
   04  0.3463436E+03  0.1297012E+02  0.9392441E+00 -0.4164864E+00  0.7426990E+00
   04  0.3477000E+03  0.1297000E+02  0.9404344E+00 -0.4140026E+00  0.7425851E+00
   04  0.3490565E+03  0.1296988E+02  0.9415709E+00 -0.4114653E+00  0.7424592E+00
   04  0.3504130E+03  0.1296974E+02  0.9426531E+00 -0.4088762E+00  0.7423212E+00
   04  0.3517694E+03  0.1296959E+02  0.9436807E+00 -0.4062374E+00  0.7421709E+00
   04  0.3531259E+03  0.1296943E+02  0.9446535E+00 -0.4035508E+00  0.7420082E+00
   04  0.3544823E+03  0.1296925E+02  0.9455712E+00 -0.4008182E+00  0.7418329E+00
   04  0.3558388E+03  0.1296906E+02  0.9464337E+00 -0.3980417E+00  0.7416451E+00
   04  0.3574665E+03  0.1296882E+02  0.9473945E+00 -0.3946482E+00  0.7414021E+00
   04  0.3590942E+03  0.1296856E+02  0.9482756E+00 -0.3911972E+00  0.7411406E+00
   04  0.3607220E+03  0.1296828E+02  0.9490772E+00 -0.3876919E+00  0.7408606E+00
   04  0.3623497E+03  0.1296798E+02  0.9497903E+00 -0.3841348E+00  0.7405612E+00
   04  0.3639775E+03  0.1296766E+02  0.9504134E+00 -0.3805284E+00  0.7402421E+00
   04  0.3656052E+03  0.1296732E+02  0.9509461E+00 -0.3768749E+00  0.7399032E+00
   04  0.3672329E+03  0.1296696E+02  0.9513880E+00 -0.3731766E+00  0.7395444E+00
   04  0.3688607E+03  0.1296658E+02  0.9517389E+00 -0.3694358E+00  0.7391657E+00
   04  0.3704884E+03  0.1296618E+02  0.9519988E+00 -0.3656545E+00  0.7387668E+00
   04  0.3721162E+03  0.1296577E+02  0.9521680E+00 -0.3618349E+00  0.7383479E+00
   04  0.3737439E+03  0.1296533E+02  0.9522469E+00 -0.3579791E+00  0.7379090E+00
   04  0.3753717E+03  0.1296487E+02  0.9522360E+00 -0.3540891E+00  0.7374499E+00
   04  0.3769994E+03  0.1296439E+02  0.9521360E+00 -0.3501667E+00  0.7369707E+00
   04  0.3786271E+03  0.1296389E+02  0.9519473E+00 -0.3462140E+00  0.7364716E+00
   04  0.3802549E+03  0.1296337E+02  0.9516703E+00 -0.3422296E+00  0.7359524E+00
   04  0.3818826E+03  0.1296283E+02  0.9513056E+00 -0.3382171E+00  0.7354131E+00
   04  0.3835104E+03  0.1296227E+02  0.9508543E+00 -0.3341806E+00  0.7348541E+00
   04  0.3851381E+03  0.1296169E+02  0.9503175E+00 -0.3301241E+00  0.7342756E+00
   04  0.3867658E+03  0.1296110E+02  0.9496969E+00 -0.3260510E+00  0.7336778E+00
   04  0.3883936E+03  0.1296048E+02  0.9489941E+00 -0.3219646E+00  0.7330611E+00
   04  0.3900213E+03  0.1295984E+02  0.9482110E+00 -0.3178680E+00  0.7324257E+00
   04  0.3916491E+03  0.1295919E+02  0.9473498E+00 -0.3137637E+00  0.7317719E+00
   04  0.3932768E+03  0.1295852E+02  0.9464134E+00 -0.3096541E+00  0.7310999E+00
   04  0.3949046E+03  0.1295783E+02  0.9454050E+00 -0.3055415E+00  0.7304101E+00
   04  0.3965323E+03  0.1295712E+02  0.9443282E+00 -0.3014277E+00  0.7297027E+00
   04  0.3981600E+03  0.1295640E+02  0.9431862E+00 -0.2973145E+00  0.7289780E+00
   04  0.3997878E+03  0.1295565E+02  0.9419825E+00 -0.2932032E+00  0.7282364E+00
   04  0.4014155E+03  0.1295490E+02  0.9407206E+00 -0.2890952E+00  0.7274782E+00
   04  0.4030433E+03  0.1295412E+02  0.9394037E+00 -0.2849915E+00  0.7267037E+00
   04  0.4046710E+03  0.1295333E+02  0.9380350E+00 -0.2808897E+00  0.7259128E+00
   04  0.4062987E+03  0.1295252E+02  0.9366175E+00 -0.2767902E+00  0.7251060E+00
   04  0.4079265E+03  0.1295170E+02  0.9351544E+00 -0.2726936E+00  0.7242836E+00
   04  0.4095542E+03  0.1295086E+02  0.9336486E+00 -0.2686004E+00  0.7234457E+00
   04  0.4111820E+03  0.1295001E+02  0.9321032E+00 -0.2645110E+00  0.7225928E+00
   04  0.4128097E+03  0.1294914E+02  0.9305213E+00 -0.2604256E+00  0.7217252E+00
   04  0.4144375E+03  0.1294826E+02  0.9289060E+00 -0.2563444E+00  0.7208431E+00
   04  0.4160652E+03  0.1294736E+02  0.9272601E+00 -0.2522674E+00  0.7199467E+00
   04  0.4176929E+03  0.1294645E+02  0.9255868E+00 -0.2481945E+00  0.7190365E+00
   04  0.4193207E+03  0.1294553E+02  0.9238888E+00 -0.2441255E+00  0.7181126E+00
   04  0.4209484E+03  0.1294459E+02  0.9221691E+00 -0.2400600E+00  0.7171753E+00
   04  0.4225762E+03  0.1294364E+02  0.9204303E+00 -0.2359977E+00  0.7162248E+00
   04  0.4242039E+03  0.1294268E+02  0.9186753E+00 -0.2319381E+00  0.7152613E+00
   04  0.4258316E+03  0.1294170E+02  0.9169065E+00 -0.2278805E+00  0.7142850E+00
   04  0.4274594E+03  0.1294071E+02  0.9151266E+00 -0.2238244E+00  0.7132961E+00
   04  0.4290871E+03  0.1293971E+02  0.9133378E+00 -0.2197688E+00  0.7122948E+00
   04  0.4307149E+03  0.1293870E+02  0.9115426E+00 -0.2157129E+00  0.7112811E+00
   04  0.4323426E+03  0.1293767E+02  0.9097432E+00 -0.2116557E+00  0.7102553E+00
   04  0.4339704E+03  0.1293664E+02  0.9079417E+00 -0.2075963E+00  0.7092174E+00
   04  0.4355981E+03  0.1293559E+02  0.9061401E+00 -0.2035335E+00  0.7081675E+00
   04  0.4372258E+03  0.1293452E+02  0.9043402E+00 -0.1994661E+00  0.7071057E+00
   04  0.4388536E+03  0.1293345E+02  0.9025439E+00 -0.1953928E+00  0.7060319E+00
   04  0.4404813E+03  0.1293236E+02  0.9007528E+00 -0.1913123E+00  0.7049463E+00
   04  0.4421091E+03  0.1293127E+02  0.8989685E+00 -0.1872232E+00  0.7038488E+00
   04  0.4437368E+03  0.1293016E+02  0.8971925E+00 -0.1831240E+00  0.7027395E+00
   04  0.4453645E+03  0.1292904E+02  0.8954261E+00 -0.1790131E+00  0.7016182E+00
   04  0.4469923E+03  0.1292790E+02  0.8936705E+00 -0.1748891E+00  0.7004849E+00
   04  0.4486200E+03  0.1292676E+02  0.8919269E+00 -0.1707502E+00  0.6993396E+00
   04  0.4502478E+03  0.1292560E+02  0.8901964E+00 -0.1665948E+00  0.6981821E+00
   04  0.4518755E+03  0.1292443E+02  0.8884799E+00 -0.1624211E+00  0.6970123E+00
   04  0.4535033E+03  0.1292325E+02  0.8867783E+00 -0.1582273E+00  0.6958302E+00
   04  0.4551310E+03  0.1292205E+02  0.8850923E+00 -0.1540117E+00  0.6946355E+00
   04  0.4567587E+03  0.1292085E+02  0.8834227E+00 -0.1497723E+00  0.6934282E+00
   04  0.4583865E+03  0.1291963E+02  0.8817701E+00 -0.1455073E+00  0.6922079E+00
   04  0.4600142E+03  0.1291839E+02  0.8801349E+00 -0.1412148E+00  0.6909746E+00
   04  0.4616420E+03  0.1291715E+02  0.8785179E+00 -0.1368928E+00  0.6897281E+00
   04  0.4632697E+03  0.1291589E+02  0.8769197E+00 -0.1325396E+00  0.6884680E+00
   04  0.4648974E+03  0.1291461E+02  0.8753410E+00 -0.1281533E+00  0.6871942E+00
   04  0.4665252E+03  0.1291332E+02  0.8737824E+00 -0.1237319E+00  0.6859066E+00
   04  0.4681529E+03  0.1291202E+02  0.8722442E+00 -0.1192736E+00  0.6846047E+00
   04  0.4697807E+03  0.1291071E+02  0.8707270E+00 -0.1147766E+00  0.6832883E+00
   04  0.4714084E+03  0.1290937E+02  0.8692311E+00 -0.1102391E+00  0.6819572E+00
   04  0.4730362E+03  0.1290803E+02  0.8677569E+00 -0.1056592E+00  0.6806111E+00
   04  0.4746639E+03  0.1290667E+02  0.8663046E+00 -0.1010457E+00  0.6792506E+00
   04  0.4762916E+03  0.1290530E+02  0.8648743E+00 -0.9643095E-01  0.6778782E+00
   04  0.4779194E+03  0.1290391E+02  0.8634659E+00 -0.9180741E-01  0.6764936E+00
   04  0.4795471E+03  0.1290251E+02  0.8620791E+00 -0.8716782E-01  0.6750962E+00
   04  0.4811749E+03  0.1290110E+02  0.8607093E+00 -0.8250923E-01  0.6736858E+00
   04  0.4828026E+03  0.1289968E+02  0.8593604E+00 -0.7782046E-01  0.6722617E+00
   04  0.4844303E+03  0.1289824E+02  0.8580325E+00 -0.7309498E-01  0.6708236E+00
   04  0.4860581E+03  0.1289679E+02  0.8567256E+00 -0.6832656E-01  0.6693709E+00
   04  0.4876858E+03  0.1289532E+02  0.8554398E+00 -0.6350939E-01  0.6679031E+00
   04  0.4893136E+03  0.1289384E+02  0.8541754E+00 -0.5863810E-01  0.6664199E+00
   04  0.4909413E+03  0.1289234E+02  0.8529325E+00 -0.5370797E-01  0.6649207E+00
   04  0.4925691E+03  0.1289082E+02  0.8517115E+00 -0.4871539E-01  0.6634052E+00
   04  0.4941968E+03  0.1288929E+02  0.8505128E+00 -0.4365035E-01  0.6618726E+00
   04  0.4958245E+03  0.1288774E+02  0.8493363E+00 -0.3850278E-01  0.6603216E+00
   04  0.4974523E+03  0.1288617E+02  0.8481815E+00 -0.3326946E-01  0.6587517E+00
   04  0.4990800E+03  0.1288458E+02  0.8470476E+00 -0.2794750E-01  0.6571623E+00
   04  0.5007078E+03  0.1288297E+02  0.8459339E+00 -0.2253434E-01  0.6555528E+00
   04  0.5023355E+03  0.1288134E+02  0.8448397E+00 -0.1702776E-01  0.6539225E+00
   04  0.5039632E+03  0.1287969E+02  0.8437643E+00 -0.1142587E-01  0.6522710E+00
   04  0.5055910E+03  0.1287802E+02  0.8427076E+00 -0.5739846E-02  0.6505987E+00
   04  0.5072187E+03  0.1287632E+02  0.8416707E+00  0.2847529E-04  0.6489057E+00
   04  0.5088465E+03  0.1287461E+02  0.8406545E+00  0.5882096E-02  0.6471912E+00
   04  0.5104742E+03  0.1287287E+02  0.8396601E+00  0.1182501E-01  0.6454550E+00
   04  0.5121020E+03  0.1287112E+02  0.8386883E+00  0.1787669E-01  0.6436979E+00
   04  0.5137297E+03  0.1286934E+02  0.8377397E+00  0.2404301E-01  0.6419198E+00
   04  0.5153574E+03  0.1286754E+02  0.8368153E+00  0.3032684E-01  0.6401201E+00
   04  0.5169852E+03  0.1286572E+02  0.8359159E+00  0.3673031E-01  0.6382986E+00
   04  0.5186129E+03  0.1286387E+02  0.8350420E+00  0.4325535E-01  0.6364548E+00
   04  0.5202407E+03  0.1286201E+02  0.8341946E+00  0.4990368E-01  0.6345882E+00
   04  0.5218684E+03  0.1286012E+02  0.8333740E+00  0.5667682E-01  0.6326985E+00
   04  0.5234961E+03  0.1285820E+02  0.8325810E+00  0.6357613E-01  0.6307853E+00
   04  0.5251239E+03  0.1285627E+02  0.8318161E+00  0.7060279E-01  0.6288481E+00
   04  0.5267516E+03  0.1285430E+02  0.8310797E+00  0.7775781E-01  0.6268867E+00
   04  0.5283794E+03  0.1285232E+02  0.8303722E+00  0.8504204E-01  0.6249006E+00
   04  0.5300071E+03  0.1285031E+02  0.8296940E+00  0.9245617E-01  0.6228894E+00
   04  0.5316349E+03  0.1284827E+02  0.8290456E+00  0.1000007E+00  0.6208528E+00
   04  0.5332626E+03  0.1284621E+02  0.8284272E+00  0.1076761E+00  0.6187905E+00
   04  0.5348903E+03  0.1284412E+02  0.8278390E+00  0.1154825E+00  0.6167020E+00
   04  0.5365181E+03  0.1284200E+02  0.8272814E+00  0.1234200E+00  0.6145871E+00
   04  0.5381458E+03  0.1283986E+02  0.8267544E+00  0.1314885E+00  0.6124454E+00
   04  0.5397736E+03  0.1283769E+02  0.8262581E+00  0.1396879E+00  0.6102765E+00
   04  0.5414013E+03  0.1283550E+02  0.8257928E+00  0.1480177E+00  0.6080802E+00
   04  0.5430290E+03  0.1283327E+02  0.8253584E+00  0.1564774E+00  0.6058561E+00
   04  0.5446568E+03  0.1283102E+02  0.8249549E+00  0.1650665E+00  0.6036040E+00
   04  0.5462845E+03  0.1282874E+02  0.8245822E+00  0.1737841E+00  0.6013234E+00
   04  0.5479123E+03  0.1282643E+02  0.8242403E+00  0.1826294E+00  0.5990142E+00
   04  0.5495400E+03  0.1282409E+02  0.8239289E+00  0.1916014E+00  0.5966760E+00
   04  0.5511678E+03  0.1282173E+02  0.8236479E+00  0.2006989E+00  0.5943086E+00
   04  0.5527955E+03  0.1281933E+02  0.8233970E+00  0.2099206E+00  0.5919117E+00
   04  0.5544232E+03  0.1281690E+02  0.8231758E+00  0.2192653E+00  0.5894850E+00
   04  0.5560510E+03  0.1281445E+02  0.8229840E+00  0.2287313E+00  0.5870283E+00
   04  0.5576787E+03  0.1281196E+02  0.8228213E+00  0.2383172E+00  0.5845413E+00
   04  0.5593065E+03  0.1280944E+02  0.8226871E+00  0.2480212E+00  0.5820238E+00
   04  0.5609342E+03  0.1280689E+02  0.8225811E+00  0.2578414E+00  0.5794755E+00
   04  0.5625619E+03  0.1280431E+02  0.8225027E+00  0.2677760E+00  0.5768962E+00
   04  0.5641897E+03  0.1280170E+02  0.8224513E+00  0.2778227E+00  0.5742858E+00
   04  0.5658174E+03  0.1279906E+02  0.8224264E+00  0.2879793E+00  0.5716439E+00
   04  0.5674452E+03  0.1279639E+02  0.8224275E+00  0.2982432E+00  0.5689705E+00
   04  0.5690729E+03  0.1279368E+02  0.8224539E+00  0.3086118E+00  0.5662654E+00
   04  0.5707007E+03  0.1279095E+02  0.8225051E+00  0.3190823E+00  0.5635283E+00
   04  0.5723284E+03  0.1278818E+02  0.8225804E+00  0.3296520E+00  0.5607593E+00
   04  0.5739561E+03  0.1278538E+02  0.8226792E+00  0.3403178E+00  0.5579580E+00
   04  0.5755839E+03  0.1278254E+02  0.8228008E+00  0.3510767E+00  0.5551244E+00
   04  0.5772116E+03  0.1277968E+02  0.8229446E+00  0.3619254E+00  0.5522583E+00
   04  0.5788394E+03  0.1277678E+02  0.8231099E+00  0.3728608E+00  0.5493597E+00
   04  0.5804671E+03  0.1277385E+02  0.8232961E+00  0.3838794E+00  0.5464285E+00
   04  0.5820948E+03  0.1277088E+02  0.8235023E+00  0.3949778E+00  0.5434644E+00
   04  0.5837226E+03  0.1276789E+02  0.8237278E+00  0.4061524E+00  0.5404675E+00
   04  0.5853503E+03  0.1276486E+02  0.8239719E+00  0.4173995E+00  0.5374377E+00
   04  0.5869781E+03  0.1276179E+02  0.8242337E+00  0.4287150E+00  0.5343748E+00
   04  0.5886058E+03  0.1275870E+02  0.8245128E+00  0.4400896E+00  0.5312784E+00
   04  0.5902336E+03  0.1275557E+02  0.8248085E+00  0.4515182E+00  0.5281483E+00
   04  0.5918613E+03  0.1275240E+02  0.8251200E+00  0.4629957E+00  0.5249843E+00
   04  0.5934890E+03  0.1274920E+02  0.8254466E+00  0.4745174E+00  0.5217863E+00
   04  0.5951168E+03  0.1274597E+02  0.8257878E+00  0.4860788E+00  0.5185544E+00
   04  0.5967445E+03  0.1274271E+02  0.8261426E+00  0.4976757E+00  0.5152883E+00
   04  0.5983723E+03  0.1273941E+02  0.8265104E+00  0.5093039E+00  0.5119882E+00
