# gauge_id= 306 location=( -0.1242006667E+03  0.4176104167E+02 ) num_var=  4
# Stationary gauge
# level, time, q[  1  2  3], eta, aux[]
# file format ascii, time series follow in this file
   04  0.0000000E+00  0.9184190E+01  0.0000000E+00  0.0000000E+00  0.0000000E+00
   04  0.1000000E+01  0.9184190E+01 -0.7741551E-16 -0.2647531E-17  0.6894060E+00
   04  0.1015873E+01  0.9184191E+01  0.2622698E-03 -0.4014577E-05  0.6894062E+00
   04  0.1031746E+01  0.9184191E+01  0.5245363E-03 -0.8029972E-05  0.6894065E+00
   04  0.1047619E+01  0.9184191E+01  0.7867995E-03 -0.1204618E-04  0.6894068E+00
   04  0.1063492E+01  0.9184192E+01  0.1049059E-02 -0.1606319E-04  0.6894071E+00
   04  0.1079365E+01  0.9184192E+01  0.1311316E-02 -0.2008099E-04  0.6894074E+00
   04  0.1095238E+01  0.9184192E+01  0.1573570E-02 -0.2409959E-04  0.6894077E+00
   04  0.1111111E+01  0.9184193E+01  0.1835820E-02 -0.2811896E-04  0.6894080E+00
   04  0.1126984E+01  0.9184193E+01  0.2098067E-02 -0.3213910E-04  0.6894084E+00
   04  0.1142857E+01  0.9184193E+01  0.2360311E-02 -0.3616000E-04  0.6894087E+00
   04  0.1158730E+01  0.9184193E+01  0.2622551E-02 -0.4018166E-04  0.6894090E+00
   04  0.1174603E+01  0.9184194E+01  0.2884789E-02 -0.4420407E-04  0.6894093E+00
   04  0.1190476E+01  0.9184194E+01  0.3147023E-02 -0.4822721E-04  0.6894096E+00
   04  0.1206349E+01  0.9184194E+01  0.3409254E-02 -0.5225109E-04  0.6894100E+00
   04  0.1222222E+01  0.9184195E+01  0.3671482E-02 -0.5627569E-04  0.6894103E+00
   04  0.1238095E+01  0.9184195E+01  0.3933707E-02 -0.6030100E-04  0.6894107E+00
   04  0.1253968E+01  0.9184195E+01  0.4195929E-02 -0.6432702E-04  0.6894110E+00
   04  0.1269841E+01  0.9184196E+01  0.4458148E-02 -0.6835374E-04  0.6894114E+00
   04  0.1285714E+01  0.9184196E+01  0.4720363E-02 -0.7238115E-04  0.6894117E+00
   04  0.1301587E+01  0.9184197E+01  0.4982576E-02 -0.7640925E-04  0.6894121E+00
   04  0.1317460E+01  0.9184197E+01  0.5244786E-02 -0.8043802E-04  0.6894124E+00
   04  0.1333333E+01  0.9184197E+01  0.5506992E-02 -0.8446745E-04  0.6894128E+00
   04  0.1349206E+01  0.9184198E+01  0.5769196E-02 -0.8849754E-04  0.6894132E+00
   04  0.1365079E+01  0.9184198E+01  0.6031396E-02 -0.9252829E-04  0.6894136E+00
   04  0.1380952E+01  0.9184198E+01  0.6293594E-02 -0.9655968E-04  0.6894139E+00
   04  0.1396825E+01  0.9184199E+01  0.6555788E-02 -0.1005917E-03  0.6894143E+00
   04  0.1412698E+01  0.9184199E+01  0.6817980E-02 -0.1046244E-03  0.6894147E+00
   04  0.1428571E+01  0.9184200E+01  0.7080169E-02 -0.1086576E-03  0.6894151E+00
   04  0.1476190E+01  0.9184201E+01  0.7866723E-02 -0.1207640E-03  0.6894163E+00
   04  0.1523810E+01  0.9184202E+01  0.8653251E-02 -0.1328758E-03  0.6894175E+00
   04  0.1571429E+01  0.9184203E+01  0.9439753E-02 -0.1449927E-03  0.6894188E+00
   04  0.1619048E+01  0.9184205E+01  0.1022623E-01 -0.1571145E-03  0.6894201E+00
   04  0.1666667E+01  0.9184206E+01  0.1101268E-01 -0.1692410E-03  0.6894215E+00
   04  0.1714286E+01  0.9184207E+01  0.1179911E-01 -0.1813721E-03  0.6894229E+00
   04  0.1761905E+01  0.9184209E+01  0.1258551E-01 -0.1935073E-03  0.6894243E+00
   04  0.1809524E+01  0.9184210E+01  0.1337189E-01 -0.2056467E-03  0.6894258E+00
   04  0.1857143E+01  0.9184212E+01  0.1415825E-01 -0.2177899E-03  0.6894273E+00
   04  0.1904762E+01  0.9184213E+01  0.1494458E-01 -0.2299367E-03  0.6894288E+00
   04  0.1952381E+01  0.9184215E+01  0.1573089E-01 -0.2420870E-03  0.6894304E+00
   04  0.2000000E+01  0.9184217E+01  0.1651717E-01 -0.2542405E-03  0.6894321E+00
   04  0.5727919E+01  0.9184445E+01  0.7804946E-01 -0.1237582E-02  0.6896608E+00
   04  0.9455838E+01  0.9184906E+01  0.1395022E+00 -0.2182327E-02  0.6901219E+00
   04  0.1318376E+02  0.9185608E+01  0.2010146E+00 -0.3021514E-02  0.6908231E+00
   04  0.1691168E+02  0.9186553E+01  0.2626868E+00 -0.3735959E-02  0.6917684E+00
   04  0.2063960E+02  0.9187735E+01  0.3245777E+00 -0.4264445E-02  0.6929509E+00
   04  0.2436752E+02  0.9189149E+01  0.3867112E+00 -0.4591076E-02  0.6943642E+00
   04  0.2809543E+02  0.9190787E+01  0.4490690E+00 -0.4679311E-02  0.6960024E+00
   04  0.3182335E+02  0.9192637E+01  0.5116003E+00 -0.4509202E-02  0.6978523E+00
   04  0.3555127E+02  0.9194686E+01  0.5742300E+00 -0.4050268E-02  0.6999011E+00
   04  0.3927919E+02  0.9196919E+01  0.6368592E+00 -0.3309659E-02  0.7021348E+00
   04  0.4300711E+02  0.9199320E+01  0.6993685E+00 -0.2284025E-02  0.7045355E+00
   04  0.4673503E+02  0.9201872E+01  0.7616224E+00 -0.8936971E-03  0.7070876E+00
   04  0.5046295E+02  0.9204552E+01  0.8234754E+00  0.8539554E-03  0.7097679E+00
   04  0.5419087E+02  0.9207333E+01  0.8847459E+00  0.2925052E-02  0.7125484E+00
   04  0.5791879E+02  0.9210179E+01  0.9451731E+00  0.5268863E-02  0.7153949E+00
   04  0.6164671E+02  0.9213063E+01  0.1004535E+01  0.7807032E-02  0.7182785E+00
   04  0.6537463E+02  0.9215956E+01  0.1062649E+01  0.1048284E-01  0.7211712E+00
   04  0.6910255E+02  0.9218833E+01  0.1119369E+01  0.1323864E-01  0.7240484E+00
   04  0.7283047E+02  0.9221673E+01  0.1174581E+01  0.1601830E-01  0.7268886E+00
   04  0.7655838E+02  0.9224457E+01  0.1228197E+01  0.1876852E-01  0.7296729E+00
   04  0.8028630E+02  0.9227169E+01  0.1280149E+01  0.2143932E-01  0.7323847E+00
   04  0.8401422E+02  0.9229794E+01  0.1330385E+01  0.2398396E-01  0.7350095E+00
   04  0.8774214E+02  0.9232321E+01  0.1378867E+01  0.2639072E-01  0.7375367E+00
   04  0.9147006E+02  0.9234745E+01  0.1425564E+01  0.2869121E-01  0.7399604E+00
   04  0.9445240E+02  0.9236606E+01  0.1461573E+01  0.3042771E-01  0.7418217E+00
   04  0.9743473E+02  0.9238390E+01  0.1496414E+01  0.3206711E-01  0.7436052E+00
   04  0.1004171E+03  0.9240092E+01  0.1530090E+01  0.3359846E-01  0.7453074E+00
   04  0.1033994E+03  0.9241710E+01  0.1562609E+01  0.3501239E-01  0.7469256E+00
   04  0.1063817E+03  0.9243229E+01  0.1593818E+01  0.3629738E-01  0.7484442E+00
   04  0.1093641E+03  0.9244644E+01  0.1623712E+01  0.3744348E-01  0.7498599E+00
   04  0.1123464E+03  0.9245959E+01  0.1652335E+01  0.3844654E-01  0.7511743E+00
   04  0.1153287E+03  0.9247174E+01  0.1679728E+01  0.3931039E-01  0.7523894E+00
   04  0.1183111E+03  0.9248293E+01  0.1705937E+01  0.4004056E-01  0.7535080E+00
   04  0.1212934E+03  0.9249317E+01  0.1731004E+01  0.4063530E-01  0.7545327E+00
   04  0.1242758E+03  0.9250248E+01  0.1755002E+01  0.4110978E-01  0.7554637E+00
   04  0.1272581E+03  0.9251085E+01  0.1777984E+01  0.4146779E-01  0.7563004E+00
   04  0.1302404E+03  0.9251829E+01  0.1799983E+01  0.4171713E-01  0.7570447E+00
   04  0.1332228E+03  0.9252487E+01  0.1820990E+01  0.4188645E-01  0.7577021E+00
   04  0.1362051E+03  0.9253059E+01  0.1841080E+01  0.4199356E-01  0.7582741E+00
   04  0.1391874E+03  0.9253547E+01  0.1860279E+01  0.4204258E-01  0.7587620E+00
   04  0.1421698E+03  0.9253952E+01  0.1878614E+01  0.4203798E-01  0.7591670E+00
   04  0.1451521E+03  0.9254275E+01  0.1896109E+01  0.4198441E-01  0.7594905E+00
   04  0.1481344E+03  0.9254518E+01  0.1912790E+01  0.4188653E-01  0.7597340E+00
   04  0.1511168E+03  0.9254683E+01  0.1928678E+01  0.4174892E-01  0.7598989E+00
   04  0.1540991E+03  0.9254771E+01  0.1943800E+01  0.4157593E-01  0.7599870E+00
   04  0.1570814E+03  0.9254785E+01  0.1958179E+01  0.4137161E-01  0.7600001E+00
   04  0.1600638E+03  0.9254725E+01  0.1971840E+01  0.4113963E-01  0.7599404E+00
   04  0.1630461E+03  0.9254594E+01  0.1984809E+01  0.4088320E-01  0.7598099E+00
   04  0.1660284E+03  0.9254393E+01  0.1997113E+01  0.4057453E-01  0.7596089E+00
   04  0.1690108E+03  0.9254122E+01  0.2008779E+01  0.4018028E-01  0.7593372E+00
   04  0.1719931E+03  0.9253782E+01  0.2019835E+01  0.3970239E-01  0.7589976E+00
   04  0.1749755E+03  0.9253379E+01  0.2030313E+01  0.3915190E-01  0.7585941E+00
   04  0.1779578E+03  0.9252916E+01  0.2040244E+01  0.3854905E-01  0.7581317E+00
   04  0.1809401E+03  0.9252398E+01  0.2049660E+01  0.3790076E-01  0.7576136E+00
   04  0.1824313E+03  0.9252119E+01  0.2054212E+01  0.3755899E-01  0.7573346E+00
   04  0.1839225E+03  0.9251829E+01  0.2058670E+01  0.3720636E-01  0.7570449E+00
   04  0.1854136E+03  0.9251530E+01  0.2063039E+01  0.3684365E-01  0.7567452E+00
   04  0.1869048E+03  0.9251221E+01  0.2067322E+01  0.3647173E-01  0.7564361E+00
   04  0.1883960E+03  0.9250902E+01  0.2071522E+01  0.3609332E-01  0.7561179E+00
   04  0.1898871E+03  0.9250576E+01  0.2075643E+01  0.3570943E-01  0.7557911E+00
   04  0.1913783E+03  0.9250241E+01  0.2079686E+01  0.3532109E-01  0.7554560E+00
   04  0.1928695E+03  0.9249898E+01  0.2083655E+01  0.3492940E-01  0.7551133E+00
   04  0.1943606E+03  0.9249548E+01  0.2087555E+01  0.3453566E-01  0.7547632E+00
   04  0.1958518E+03  0.9249191E+01  0.2091387E+01  0.3414115E-01  0.7544063E+00
   04  0.1973430E+03  0.9248827E+01  0.2095156E+01  0.3374707E-01  0.7540428E+00
   04  0.1988341E+03  0.9248458E+01  0.2098864E+01  0.3335462E-01  0.7536734E+00
   04  0.2003253E+03  0.9248083E+01  0.2102513E+01  0.3296492E-01  0.7532982E+00
   04  0.2018165E+03  0.9247702E+01  0.2106108E+01  0.3257912E-01  0.7529177E+00
   04  0.2033076E+03  0.9247317E+01  0.2109650E+01  0.3219831E-01  0.7525322E+00
   04  0.2047988E+03  0.9246927E+01  0.2113142E+01  0.3182043E-01  0.7521423E+00
   04  0.2062900E+03  0.9246534E+01  0.2116587E+01  0.3143702E-01  0.7517492E+00
   04  0.2077811E+03  0.9246138E+01  0.2119987E+01  0.3104854E-01  0.7513534E+00
   04  0.2092723E+03  0.9245739E+01  0.2123345E+01  0.3065545E-01  0.7509550E+00
   04  0.2107635E+03  0.9245339E+01  0.2126662E+01  0.3025818E-01  0.7505544E+00
   04  0.2122546E+03  0.9244936E+01  0.2129942E+01  0.2985713E-01  0.7501519E+00
   04  0.2137458E+03  0.9244532E+01  0.2133186E+01  0.2945271E-01  0.7497478E+00
   04  0.2152370E+03  0.9244127E+01  0.2136398E+01  0.2904529E-01  0.7493423E+00
   04  0.2167281E+03  0.9243720E+01  0.2139578E+01  0.2863527E-01  0.7489358E+00
   04  0.2182193E+03  0.9243313E+01  0.2142729E+01  0.2822299E-01  0.7485284E+00
   04  0.2197105E+03  0.9242905E+01  0.2145854E+01  0.2780882E-01  0.7481203E+00
   04  0.2212017E+03  0.9242496E+01  0.2148955E+01  0.2739312E-01  0.7477120E+00
   04  0.2226928E+03  0.9242088E+01  0.2152033E+01  0.2697624E-01  0.7473035E+00
   04  0.2241840E+03  0.9241680E+01  0.2155092E+01  0.2655852E-01  0.7468951E+00
   04  0.2256752E+03  0.9241271E+01  0.2158131E+01  0.2613851E-01  0.7464869E+00
   04  0.2271663E+03  0.9240863E+01  0.2161153E+01  0.2571159E-01  0.7460785E+00
   04  0.2286575E+03  0.9240455E+01  0.2164163E+01  0.2527864E-01  0.7456702E+00
   04  0.2301487E+03  0.9240047E+01  0.2167161E+01  0.2484038E-01  0.7452622E+00
   04  0.2316398E+03  0.9239639E+01  0.2170152E+01  0.2439751E-01  0.7448547E+00
   04  0.2331310E+03  0.9239233E+01  0.2173137E+01  0.2395075E-01  0.7444480E+00
   04  0.2346222E+03  0.9238827E+01  0.2176118E+01  0.2350079E-01  0.7440424E+00
   04  0.2361133E+03  0.9238422E+01  0.2179098E+01  0.2304831E-01  0.7436380E+00
   04  0.2376045E+03  0.9238020E+01  0.2182080E+01  0.2259402E-01  0.7432351E+00
   04  0.2390957E+03  0.9237618E+01  0.2185065E+01  0.2213859E-01  0.7428339E+00
   04  0.2405868E+03  0.9237219E+01  0.2188058E+01  0.2168214E-01  0.7424348E+00
   04  0.2420780E+03  0.9236823E+01  0.2191060E+01  0.2122474E-01  0.7420381E+00
   04  0.2435692E+03  0.9236429E+01  0.2194075E+01  0.2076713E-01  0.7416442E+00
   04  0.2450603E+03  0.9236038E+01  0.2197109E+01  0.2031003E-01  0.7412534E+00
   04  0.2465515E+03  0.9235651E+01  0.2200166E+01  0.1985416E-01  0.7408662E+00
   04  0.2480427E+03  0.9235267E+01  0.2203246E+01  0.1940027E-01  0.7404827E+00
   04  0.2495338E+03  0.9234887E+01  0.2206349E+01  0.1894915E-01  0.7401026E+00
   04  0.2510250E+03  0.9234510E+01  0.2209473E+01  0.1850209E-01  0.7397259E+00
   04  0.2525162E+03  0.9234137E+01  0.2212619E+01  0.1806019E-01  0.7393526E+00
   04  0.2540073E+03  0.9233767E+01  0.2215785E+01  0.1762436E-01  0.7389826E+00
   04  0.2554985E+03  0.9233400E+01  0.2218972E+01  0.1719558E-01  0.7386158E+00
   04  0.2569897E+03  0.9233037E+01  0.2222180E+01  0.1677483E-01  0.7382521E+00
   04  0.2584808E+03  0.9232676E+01  0.2225408E+01  0.1636315E-01  0.7378916E+00
   04  0.2599720E+03  0.9232319E+01  0.2228655E+01  0.1596158E-01  0.7375342E+00
   04  0.2614632E+03  0.9231964E+01  0.2231921E+01  0.1557118E-01  0.7371799E+00
   04  0.2629543E+03  0.9231612E+01  0.2235217E+01  0.1519294E-01  0.7368277E+00
   04  0.2644455E+03  0.9231261E+01  0.2238551E+01  0.1482777E-01  0.7364770E+00
   04  0.2659367E+03  0.9230912E+01  0.2241921E+01  0.1447667E-01  0.7361279E+00
   04  0.2674278E+03  0.9230566E+01  0.2245327E+01  0.1412793E-01  0.7357817E+00
   04  0.2689190E+03  0.9230223E+01  0.2248769E+01  0.1378040E-01  0.7354387E+00
   04  0.2704102E+03  0.9229883E+01  0.2252246E+01  0.1343536E-01  0.7350987E+00
   04  0.2719014E+03  0.9229546E+01  0.2255758E+01  0.1309430E-01  0.7347618E+00
   04  0.2733925E+03  0.9229212E+01  0.2259305E+01  0.1275881E-01  0.7344280E+00
   04  0.2748837E+03  0.9228882E+01  0.2262887E+01  0.1243057E-01  0.7340971E+00
   04  0.2763749E+03  0.9228554E+01  0.2266502E+01  0.1211128E-01  0.7337692E+00
   04  0.2778660E+03  0.9228228E+01  0.2270152E+01  0.1180271E-01  0.7334440E+00
   04  0.2793572E+03  0.9227906E+01  0.2273835E+01  0.1150662E-01  0.7331215E+00
   04  0.2808484E+03  0.9227586E+01  0.2277550E+01  0.1122285E-01  0.7328016E+00
   04  0.2823395E+03  0.9227269E+01  0.2281297E+01  0.1095334E-01  0.7324843E+00
   04  0.2838307E+03  0.9226954E+01  0.2285077E+01  0.1070106E-01  0.7321696E+00
   04  0.2853219E+03  0.9226642E+01  0.2288892E+01  0.1046826E-01  0.7318574E+00
   04  0.2868130E+03  0.9226332E+01  0.2292742E+01  0.1025684E-01  0.7315478E+00
   04  0.2883042E+03  0.9226025E+01  0.2296628E+01  0.1006863E-01  0.7312406E+00
   04  0.2897954E+03  0.9225720E+01  0.2300550E+01  0.9905389E-02  0.7309357E+00
   04  0.2912865E+03  0.9225418E+01  0.2304509E+01  0.9768818E-02  0.7306331E+00
   04  0.2927777E+03  0.9225118E+01  0.2308511E+01  0.9654195E-02  0.7303331E+00
   04  0.2942689E+03  0.9224817E+01  0.2312537E+01  0.9559348E-02  0.7300328E+00
   04  0.2957600E+03  0.9224516E+01  0.2316576E+01  0.9486795E-02  0.7297313E+00
   04  0.2972512E+03  0.9224213E+01  0.2320629E+01  0.9438913E-02  0.7294282E+00
   04  0.2987424E+03  0.9223908E+01  0.2324693E+01  0.9417969E-02  0.7291236E+00
   04  0.3002335E+03  0.9223602E+01  0.2328768E+01  0.9426135E-02  0.7288171E+00
   04  0.3017247E+03  0.9223293E+01  0.2332849E+01  0.9465551E-02  0.7285090E+00
   04  0.3032159E+03  0.9222983E+01  0.2336937E+01  0.9538543E-02  0.7281989E+00
   04  0.3047070E+03  0.9222671E+01  0.2341030E+01  0.9647478E-02  0.7278868E+00
   04  0.3061982E+03  0.9222357E+01  0.2345128E+01  0.9794631E-02  0.7275723E+00
   04  0.3076894E+03  0.9222040E+01  0.2349228E+01  0.9982196E-02  0.7272552E+00
   04  0.3091805E+03  0.9221720E+01  0.2353330E+01  0.1021229E-01  0.7269354E+00
   04  0.3106717E+03  0.9221397E+01  0.2357434E+01  0.1048696E-01  0.7266125E+00
   04  0.3121629E+03  0.9221071E+01  0.2361537E+01  0.1080820E-01  0.7262863E+00
   04  0.3136540E+03  0.9220741E+01  0.2365639E+01  0.1117793E-01  0.7259566E+00
   04  0.3151452E+03  0.9220408E+01  0.2369739E+01  0.1159805E-01  0.7256230E+00
   04  0.3165017E+03  0.9220101E+01  0.2373464E+01  0.1202611E-01  0.7253161E+00
   04  0.3178581E+03  0.9219790E+01  0.2377184E+01  0.1249866E-01  0.7250055E+00
   04  0.3192146E+03  0.9219476E+01  0.2380899E+01  0.1301701E-01  0.7246911E+00
   04  0.3205710E+03  0.9219157E+01  0.2384607E+01  0.1358247E-01  0.7243725E+00
   04  0.3219275E+03  0.9218834E+01  0.2388306E+01  0.1419629E-01  0.7240497E+00
   04  0.3232839E+03  0.9218507E+01  0.2391995E+01  0.1485974E-01  0.7237222E+00
   04  0.3246404E+03  0.9218174E+01  0.2395673E+01  0.1557408E-01  0.7233900E+00
   04  0.3259968E+03  0.9217837E+01  0.2399339E+01  0.1634055E-01  0.7230526E+00
   04  0.3273533E+03  0.9217495E+01  0.2402990E+01  0.1716042E-01  0.7227100E+00
   04  0.3287097E+03  0.9217146E+01  0.2406627E+01  0.1803494E-01  0.7223619E+00
   04  0.3300662E+03  0.9216792E+01  0.2410248E+01  0.1896543E-01  0.7220080E+00
   04  0.3314226E+03  0.9216433E+01  0.2413851E+01  0.1995338E-01  0.7216480E+00
   04  0.3327791E+03  0.9216066E+01  0.2417435E+01  0.2100039E-01  0.7212818E+00
   04  0.3341355E+03  0.9215693E+01  0.2420998E+01  0.2210790E-01  0.7209090E+00
   04  0.3354920E+03  0.9215314E+01  0.2424540E+01  0.2327739E-01  0.7205294E+00
   04  0.3368484E+03  0.9214927E+01  0.2428059E+01  0.2451041E-01  0.7201427E+00
   04  0.3382049E+03  0.9214533E+01  0.2431553E+01  0.2580854E-01  0.7197488E+00
   04  0.3395613E+03  0.9214132E+01  0.2435020E+01  0.2717340E-01  0.7193473E+00
   04  0.3409178E+03  0.9213722E+01  0.2438461E+01  0.2860660E-01  0.7189379E+00
   04  0.3422742E+03  0.9213305E+01  0.2441873E+01  0.3010980E-01  0.7185205E+00
   04  0.3436307E+03  0.9212879E+01  0.2445255E+01  0.3168467E-01  0.7180948E+00
   04  0.3449871E+03  0.9212445E+01  0.2448606E+01  0.3333287E-01  0.7176606E+00
   04  0.3463436E+03  0.9212002E+01  0.2451925E+01  0.3505615E-01  0.7172176E+00
   04  0.3477000E+03  0.9211550E+01  0.2455211E+01  0.3685637E-01  0.7167656E+00
   04  0.3490565E+03  0.9211089E+01  0.2458464E+01  0.3873538E-01  0.7163045E+00
   04  0.3504130E+03  0.9210618E+01  0.2461683E+01  0.4069505E-01  0.7158340E+00
   04  0.3517694E+03  0.9210138E+01  0.2464867E+01  0.4273729E-01  0.7153539E+00
   04  0.3531259E+03  0.9209649E+01  0.2468015E+01  0.4486407E-01  0.7148641E+00
   04  0.3544823E+03  0.9209149E+01  0.2471128E+01  0.4707747E-01  0.7143643E+00
   04  0.3558388E+03  0.9208639E+01  0.2474205E+01  0.4937973E-01  0.7138546E+00
   04  0.3574665E+03  0.9208016E+01  0.2477876E+01  0.5225239E-01  0.7132311E+00
   04  0.3590942E+03  0.9207380E+01  0.2481695E+01  0.5529088E-01  0.7125957E+00
   04  0.3607220E+03  0.9206731E+01  0.2485497E+01  0.5844703E-01  0.7119467E+00
   04  0.3623497E+03  0.9206069E+01  0.2489302E+01  0.6171006E-01  0.7112845E+00
   04  0.3639775E+03  0.9205394E+01  0.2493114E+01  0.6508184E-01  0.7106090E+00
   04  0.3656052E+03  0.9204705E+01  0.2496935E+01  0.6856399E-01  0.7099204E+00
   04  0.3672329E+03  0.9204003E+01  0.2500764E+01  0.7215720E-01  0.7092184E+00
   04  0.3688607E+03  0.9203288E+01  0.2504602E+01  0.7586251E-01  0.7085031E+00
   04  0.3704884E+03  0.9202559E+01  0.2508450E+01  0.7968104E-01  0.7077743E+00
   04  0.3721162E+03  0.9201816E+01  0.2512310E+01  0.8361384E-01  0.7070320E+00
   04  0.3737439E+03  0.9201060E+01  0.2516182E+01  0.8766196E-01  0.7062759E+00
   04  0.3753717E+03  0.9200290E+01  0.2520066E+01  0.9182635E-01  0.7055059E+00
   04  0.3769994E+03  0.9199507E+01  0.2523964E+01  0.9611214E-01  0.7047224E+00
   04  0.3786271E+03  0.9198711E+01  0.2527878E+01  0.1005357E+00  0.7039263E+00
   04  0.3802549E+03  0.9197902E+01  0.2531808E+01  0.1050963E+00  0.7031175E+00
   04  0.3818826E+03  0.9197080E+01  0.2535755E+01  0.1097938E+00  0.7022956E+00
   04  0.3835104E+03  0.9196245E+01  0.2539721E+01  0.1146286E+00  0.7014603E+00
   04  0.3851381E+03  0.9195396E+01  0.2543706E+01  0.1196010E+00  0.7006114E+00
   04  0.3867658E+03  0.9194533E+01  0.2547711E+01  0.1247125E+00  0.6997484E+00
   04  0.3883936E+03  0.9193655E+01  0.2551736E+01  0.1299658E+00  0.6988709E+00
   04  0.3900213E+03  0.9192763E+01  0.2555783E+01  0.1353620E+00  0.6979785E+00
   04  0.3916491E+03  0.9191855E+01  0.2559851E+01  0.1409054E+00  0.6970707E+00
   04  0.3932768E+03  0.9190930E+01  0.2563941E+01  0.1466105E+00  0.6961457E+00
   04  0.3949046E+03  0.9189988E+01  0.2568054E+01  0.1524780E+00  0.6952033E+00
   04  0.3965323E+03  0.9189028E+01  0.2572188E+01  0.1585090E+00  0.6942431E+00
   04  0.3981600E+03  0.9188049E+01  0.2576346E+01  0.1647042E+00  0.6932649E+00
   04  0.3997878E+03  0.9187053E+01  0.2580526E+01  0.1710647E+00  0.6922683E+00
   04  0.4014155E+03  0.9186037E+01  0.2584730E+01  0.1775913E+00  0.6912529E+00
   04  0.4030433E+03  0.9185003E+01  0.2588957E+01  0.1842848E+00  0.6902185E+00
   04  0.4046710E+03  0.9183949E+01  0.2593208E+01  0.1911461E+00  0.6891647E+00
   04  0.4062987E+03  0.9182876E+01  0.2597485E+01  0.1981760E+00  0.6880911E+00
   04  0.4079265E+03  0.9181782E+01  0.2601786E+01  0.2053751E+00  0.6869975E+00
   04  0.4095542E+03  0.9180668E+01  0.2606113E+01  0.2127436E+00  0.6858834E+00
   04  0.4111820E+03  0.9179533E+01  0.2610465E+01  0.2202823E+00  0.6847486E+00
   04  0.4128097E+03  0.9178377E+01  0.2614845E+01  0.2279921E+00  0.6835928E+00
   04  0.4144375E+03  0.9177200E+01  0.2619253E+01  0.2358734E+00  0.6824155E+00
   04  0.4160652E+03  0.9176001E+01  0.2623689E+01  0.2439272E+00  0.6812164E+00
   04  0.4176929E+03  0.9174780E+01  0.2628155E+01  0.2521540E+00  0.6799954E+00
   04  0.4193207E+03  0.9173536E+01  0.2632652E+01  0.2605545E+00  0.6787519E+00
   04  0.4209484E+03  0.9172270E+01  0.2637181E+01  0.2691293E+00  0.6774858E+00
   04  0.4225762E+03  0.9170981E+01  0.2641744E+01  0.2778792E+00  0.6761966E+00
   04  0.4242039E+03  0.9169669E+01  0.2646340E+01  0.2868048E+00  0.6748842E+00
   04  0.4258316E+03  0.9168333E+01  0.2650973E+01  0.2959067E+00  0.6735481E+00
   04  0.4274594E+03  0.9166973E+01  0.2655642E+01  0.3051854E+00  0.6721881E+00
   04  0.4290871E+03  0.9165588E+01  0.2660349E+01  0.3146415E+00  0.6708038E+00
   04  0.4307149E+03  0.9164180E+01  0.2665096E+01  0.3242755E+00  0.6693951E+00
   04  0.4323426E+03  0.9162746E+01  0.2669884E+01  0.3340880E+00  0.6679616E+00
   04  0.4339704E+03  0.9161288E+01  0.2674714E+01  0.3440793E+00  0.6665031E+00
   04  0.4355981E+03  0.9159804E+01  0.2679588E+01  0.3542500E+00  0.6650192E+00
   04  0.4372258E+03  0.9158294E+01  0.2684507E+01  0.3646006E+00  0.6635098E+00
   04  0.4388536E+03  0.9156759E+01  0.2689472E+01  0.3751314E+00  0.6619747E+00
   04  0.4404813E+03  0.9155198E+01  0.2694485E+01  0.3858429E+00  0.6604134E+00
   04  0.4421091E+03  0.9153610E+01  0.2699547E+01  0.3967356E+00  0.6588259E+00
   04  0.4437368E+03  0.9151996E+01  0.2704659E+01  0.4078098E+00  0.6572120E+00
   04  0.4453645E+03  0.9150356E+01  0.2709823E+01  0.4190659E+00  0.6555713E+00
   04  0.4469923E+03  0.9148688E+01  0.2715040E+01  0.4305045E+00  0.6539037E+00
   04  0.4486200E+03  0.9146993E+01  0.2720312E+01  0.4421258E+00  0.6522089E+00
   04  0.4502478E+03  0.9145271E+01  0.2725638E+01  0.4539303E+00  0.6504869E+00
   04  0.4518755E+03  0.9143522E+01  0.2731021E+01  0.4659185E+00  0.6487374E+00
   04  0.4535033E+03  0.9141745E+01  0.2736461E+01  0.4780907E+00  0.6469603E+00
   04  0.4551310E+03  0.9139940E+01  0.2741960E+01  0.4904474E+00  0.6451553E+00
   04  0.4567587E+03  0.9138107E+01  0.2747518E+01  0.5029892E+00  0.6433223E+00
   04  0.4583865E+03  0.9136246E+01  0.2753137E+01  0.5157243E+00  0.6414620E+00
   04  0.4600142E+03  0.9134359E+01  0.2758817E+01  0.5286520E+00  0.6395740E+00
   04  0.4616420E+03  0.9132443E+01  0.2764559E+01  0.5417719E+00  0.6376582E+00
   04  0.4632697E+03  0.9130499E+01  0.2770364E+01  0.5550834E+00  0.6357142E+00
   04  0.4648974E+03  0.9128526E+01  0.2776232E+01  0.5685859E+00  0.6337419E+00
   04  0.4665252E+03  0.9126526E+01  0.2782163E+01  0.5822790E+00  0.6317411E+00
   04  0.4681529E+03  0.9124496E+01  0.2788160E+01  0.5961624E+00  0.6297115E+00
   04  0.4697807E+03  0.9122438E+01  0.2794221E+01  0.6102356E+00  0.6276531E+00
   04  0.4714084E+03  0.9120350E+01  0.2800347E+01  0.6244983E+00  0.6255656E+00
   04  0.4730362E+03  0.9118233E+01  0.2806539E+01  0.6389501E+00  0.6234490E+00
   04  0.4746639E+03  0.9116088E+01  0.2812797E+01  0.6535909E+00  0.6213030E+00
   04  0.4762916E+03  0.9113912E+01  0.2819119E+01  0.6684202E+00  0.6191275E+00
   04  0.4779194E+03  0.9111707E+01  0.2825506E+01  0.6834379E+00  0.6169223E+00
   04  0.4795471E+03  0.9109472E+01  0.2831957E+01  0.6986436E+00  0.6146873E+00
   04  0.4811749E+03  0.9107207E+01  0.2838470E+01  0.7140371E+00  0.6124222E+00
   04  0.4828026E+03  0.9104911E+01  0.2845045E+01  0.7296182E+00  0.6101270E+00
   04  0.4844303E+03  0.9102586E+01  0.2851682E+01  0.7453865E+00  0.6078015E+00
   04  0.4860581E+03  0.9100230E+01  0.2858378E+01  0.7613418E+00  0.6054456E+00
   04  0.4876858E+03  0.9097844E+01  0.2865133E+01  0.7774838E+00  0.6030592E+00
   04  0.4893136E+03  0.9095427E+01  0.2871947E+01  0.7938123E+00  0.6006422E+00
   04  0.4909413E+03  0.9092979E+01  0.2878817E+01  0.8103269E+00  0.5981945E+00
   04  0.4925691E+03  0.9090500E+01  0.2885743E+01  0.8270273E+00  0.5957160E+00
   04  0.4941968E+03  0.9087991E+01  0.2892723E+01  0.8439133E+00  0.5932067E+00
   04  0.4958245E+03  0.9085451E+01  0.2899757E+01  0.8609845E+00  0.5906664E+00
   04  0.4974523E+03  0.9082880E+01  0.2906842E+01  0.8782405E+00  0.5880952E+00
   04  0.4990800E+03  0.9080278E+01  0.2913978E+01  0.8956809E+00  0.5854931E+00
   04  0.5007078E+03  0.9077644E+01  0.2921164E+01  0.9133053E+00  0.5828599E+00
   04  0.5023355E+03  0.9074980E+01  0.2928398E+01  0.9311134E+00  0.5801957E+00
   04  0.5039632E+03  0.9072285E+01  0.2935678E+01  0.9491046E+00  0.5775005E+00
   04  0.5055910E+03  0.9069559E+01  0.2943004E+01  0.9672780E+00  0.5747743E+00
   04  0.5072187E+03  0.9066802E+01  0.2950374E+01  0.9856331E+00  0.5720173E+00
   04  0.5088465E+03  0.9064014E+01  0.2957786E+01  0.1004170E+01  0.5692295E+00
   04  0.5104742E+03  0.9061195E+01  0.2965241E+01  0.1022887E+01  0.5664108E+00
   04  0.5121020E+03  0.9058346E+01  0.2972735E+01  0.1041784E+01  0.5635615E+00
   04  0.5137297E+03  0.9055466E+01  0.2980267E+01  0.1060860E+01  0.5606814E+00
   04  0.5153574E+03  0.9052555E+01  0.2987836E+01  0.1080115E+01  0.5577708E+00
   04  0.5169852E+03  0.9049614E+01  0.2995440E+01  0.1099549E+01  0.5548296E+00
   04  0.5186129E+03  0.9046643E+01  0.3003076E+01  0.1119159E+01  0.5518581E+00
   04  0.5202407E+03  0.9043641E+01  0.3010745E+01  0.1138947E+01  0.5488563E+00
   04  0.5218684E+03  0.9040609E+01  0.3018443E+01  0.1158909E+01  0.5458243E+00
   04  0.5234961E+03  0.9037547E+01  0.3026170E+01  0.1179047E+01  0.5427623E+00
   04  0.5251239E+03  0.9034455E+01  0.3033923E+01  0.1199358E+01  0.5396704E+00
   04  0.5267516E+03  0.9031333E+01  0.3041701E+01  0.1219842E+01  0.5365488E+00
   04  0.5283794E+03  0.9028182E+01  0.3049501E+01  0.1240497E+01  0.5333978E+00
   04  0.5300071E+03  0.9025002E+01  0.3057322E+01  0.1261323E+01  0.5302173E+00
   04  0.5316349E+03  0.9021792E+01  0.3065163E+01  0.1282318E+01  0.5270077E+00
   04  0.5332626E+03  0.9018554E+01  0.3073020E+01  0.1303481E+01  0.5237692E+00
   04  0.5348903E+03  0.9015286E+01  0.3080893E+01  0.1324810E+01  0.5205020E+00
   04  0.5365181E+03  0.9011991E+01  0.3088780E+01  0.1346304E+01  0.5172062E+00
   04  0.5381458E+03  0.9008667E+01  0.3096677E+01  0.1367962E+01  0.5138822E+00
   04  0.5397736E+03  0.9005315E+01  0.3104585E+01  0.1389782E+01  0.5105303E+00
   04  0.5414013E+03  0.9001935E+01  0.3112500E+01  0.1411763E+01  0.5071505E+00
   04  0.5430290E+03  0.8998528E+01  0.3120420E+01  0.1433902E+01  0.5037433E+00
   04  0.5446568E+03  0.8995093E+01  0.3128344E+01  0.1456197E+01  0.5003089E+00
   04  0.5462845E+03  0.8991632E+01  0.3136270E+01  0.1478648E+01  0.4968476E+00
   04  0.5479123E+03  0.8988144E+01  0.3144196E+01  0.1501252E+01  0.4933596E+00
   04  0.5495400E+03  0.8984630E+01  0.3152119E+01  0.1524006E+01  0.4898454E+00
   04  0.5511678E+03  0.8981090E+01  0.3160039E+01  0.1546910E+01  0.4863051E+00
   04  0.5527955E+03  0.8977524E+01  0.3167952E+01  0.1569960E+01  0.4827391E+00
   04  0.5544232E+03  0.8973932E+01  0.3175857E+01  0.1593154E+01  0.4791477E+00
   04  0.5560510E+03  0.8970316E+01  0.3183753E+01  0.1616490E+01  0.4755312E+00
   04  0.5576787E+03  0.8966675E+01  0.3191637E+01  0.1639966E+01  0.4718901E+00
   04  0.5593065E+03  0.8963009E+01  0.3199507E+01  0.1663580E+01  0.4682245E+00
   04  0.5609342E+03  0.8959319E+01  0.3207362E+01  0.1687328E+01  0.4645349E+00
   04  0.5625619E+03  0.8955606E+01  0.3215200E+01  0.1711208E+01  0.4608216E+00
   04  0.5641897E+03  0.8951869E+01  0.3223019E+01  0.1735217E+01  0.4570849E+00
   04  0.5658174E+03  0.8948110E+01  0.3230818E+01  0.1759353E+01  0.4533253E+00
   04  0.5674452E+03  0.8944327E+01  0.3238594E+01  0.1783613E+01  0.4495430E+00
   04  0.5690729E+03  0.8940523E+01  0.3246347E+01  0.1807993E+01  0.4457384E+00
   04  0.5707007E+03  0.8936696E+01  0.3254074E+01  0.1832492E+01  0.4419119E+00
   04  0.5723284E+03  0.8932848E+01  0.3261774E+01  0.1857105E+01  0.4380639E+00
   04  0.5739561E+03  0.8928979E+01  0.3269446E+01  0.1881830E+01  0.4341947E+00
   04  0.5755839E+03  0.8925089E+01  0.3277088E+01  0.1906664E+01  0.4303047E+00
   04  0.5772116E+03  0.8921179E+01  0.3284698E+01  0.1931604E+01  0.4263944E+00
   04  0.5788394E+03  0.8917248E+01  0.3292276E+01  0.1956645E+01  0.4224639E+00
   04  0.5804671E+03  0.8913299E+01  0.3299819E+01  0.1981789E+01  0.4185141E+00
   04  0.5820948E+03  0.8909330E+01  0.3307328E+01  0.2007033E+01  0.4145456E+00
   04  0.5837226E+03  0.8905343E+01  0.3314800E+01  0.2032375E+01  0.4105586E+00
   04  0.5853503E+03  0.8901338E+01  0.3322234E+01  0.2057811E+01  0.4065536E+00
   04  0.5869781E+03  0.8897315E+01  0.3329629E+01  0.2083337E+01  0.4025309E+00
   04  0.5886058E+03  0.8893275E+01  0.3336984E+01  0.2108949E+01  0.3984909E+00
   04  0.5902336E+03  0.8889219E+01  0.3344300E+01  0.2134644E+01  0.3944341E+00
   04  0.5918613E+03  0.8885145E+01  0.3351576E+01  0.2160418E+01  0.3903608E+00
   04  0.5934890E+03  0.8881056E+01  0.3358811E+01  0.2186267E+01  0.3862715E+00
   04  0.5951168E+03  0.8876951E+01  0.3366007E+01  0.2212188E+01  0.3821665E+00
   04  0.5967445E+03  0.8872831E+01  0.3373163E+01  0.2238176E+01  0.3780464E+00
   04  0.5983723E+03  0.8868696E+01  0.3380279E+01  0.2264228E+01  0.3739115E+00
