# gauge_id= 305 location=( -0.1241963333E+03  0.4175583333E+02 ) num_var=  4
# Stationary gauge
# level, time, q[  1  2  3], eta, aux[]
# file format ascii, time series follow in this file
   04  0.0000000E+00  0.4596900E+01  0.0000000E+00  0.0000000E+00  0.0000000E+00
   04  0.1000000E+01  0.4596900E+01 -0.2774021E-16  0.2074411E-17  0.6224759E+00
   04  0.1015873E+01  0.4596901E+01  0.1332515E-03 -0.1131317E-05  0.6224770E+00
   04  0.1031746E+01  0.4596902E+01  0.2665040E-03 -0.2261939E-05  0.6224781E+00
   04  0.1047619E+01  0.4596903E+01  0.3997576E-03 -0.3391868E-05  0.6224791E+00
   04  0.1063492E+01  0.4596904E+01  0.5330123E-03 -0.4521104E-05  0.6224802E+00
   04  0.1079365E+01  0.4596905E+01  0.6662681E-03 -0.5649648E-05  0.6224813E+00
   04  0.1095238E+01  0.4596906E+01  0.7995250E-03 -0.6777501E-05  0.6224824E+00
   04  0.1111111E+01  0.4596907E+01  0.9327829E-03 -0.7904664E-05  0.6224835E+00
   04  0.1126984E+01  0.4596909E+01  0.1066042E-02 -0.9031137E-05  0.6224847E+00
   04  0.1142857E+01  0.4596910E+01  0.1199302E-02 -0.1015692E-04  0.6224858E+00
   04  0.1158730E+01  0.4596911E+01  0.1332564E-02 -0.1128202E-04  0.6224869E+00
   04  0.1174603E+01  0.4596912E+01  0.1465826E-02 -0.1240643E-04  0.6224880E+00
   04  0.1190476E+01  0.4596913E+01  0.1599090E-02 -0.1353015E-04  0.6224891E+00
   04  0.1206349E+01  0.4596914E+01  0.1732354E-02 -0.1465319E-04  0.6224903E+00
   04  0.1222222E+01  0.4596915E+01  0.1865620E-02 -0.1577555E-04  0.6224914E+00
   04  0.1238095E+01  0.4596916E+01  0.1998887E-02 -0.1689722E-04  0.6224925E+00
   04  0.1253968E+01  0.4596918E+01  0.2132155E-02 -0.1801821E-04  0.6224937E+00
   04  0.1269841E+01  0.4596919E+01  0.2265425E-02 -0.1913852E-04  0.6224948E+00
   04  0.1285714E+01  0.4596920E+01  0.2398695E-02 -0.2025815E-04  0.6224959E+00
   04  0.1301587E+01  0.4596921E+01  0.2531967E-02 -0.2137709E-04  0.6224971E+00
   04  0.1317460E+01  0.4596922E+01  0.2665240E-02 -0.2249536E-04  0.6224982E+00
   04  0.1333333E+01  0.4596923E+01  0.2798514E-02 -0.2361295E-04  0.6224994E+00
   04  0.1349206E+01  0.4596924E+01  0.2931790E-02 -0.2472986E-04  0.6225006E+00
   04  0.1365079E+01  0.4596926E+01  0.3065066E-02 -0.2584610E-04  0.6225017E+00
   04  0.1380952E+01  0.4596927E+01  0.3198344E-02 -0.2696166E-04  0.6225029E+00
   04  0.1396825E+01  0.4596928E+01  0.3331623E-02 -0.2807654E-04  0.6225041E+00
   04  0.1412698E+01  0.4596929E+01  0.3464903E-02 -0.2919075E-04  0.6225052E+00
   04  0.1428571E+01  0.4596930E+01  0.3598185E-02 -0.3030429E-04  0.6225064E+00
   04  0.1476190E+01  0.4596934E+01  0.3998052E-02 -0.3363705E-04  0.6225100E+00
   04  0.1523810E+01  0.4596937E+01  0.4397931E-02 -0.3696380E-04  0.6225135E+00
   04  0.1571429E+01  0.4596941E+01  0.4797821E-02 -0.4028455E-04  0.6225171E+00
   04  0.1619048E+01  0.4596945E+01  0.5197724E-02 -0.4359934E-04  0.6225208E+00
   04  0.1666667E+01  0.4596948E+01  0.5597638E-02 -0.4690818E-04  0.6225245E+00
   04  0.1714286E+01  0.4596952E+01  0.5997565E-02 -0.5021109E-04  0.6225282E+00
   04  0.1761905E+01  0.4596956E+01  0.6397504E-02 -0.5350810E-04  0.6225319E+00
   04  0.1809524E+01  0.4596959E+01  0.6797455E-02 -0.5679922E-04  0.6225357E+00
   04  0.1857143E+01  0.4596963E+01  0.7197420E-02 -0.6008447E-04  0.6225395E+00
   04  0.1904762E+01  0.4596967E+01  0.7597397E-02 -0.6336388E-04  0.6225433E+00
   04  0.1952381E+01  0.4596971E+01  0.7997388E-02 -0.6663746E-04  0.6225471E+00
   04  0.2000000E+01  0.4596975E+01  0.8397392E-02 -0.6990523E-04  0.6225510E+00
   04  0.5727919E+01  0.4597378E+01  0.3989523E-01 -0.2899284E-03  0.6229540E+00
   04  0.9455838E+01  0.4597974E+01  0.7155313E-01 -0.4953285E-03  0.6235504E+00
   04  0.1318376E+02  0.4598768E+01  0.1034626E+00 -0.6822062E-03  0.6243445E+00
   04  0.1691168E+02  0.4599760E+01  0.1357239E+00 -0.8466398E-03  0.6253364E+00
   04  0.2063960E+02  0.4600956E+01  0.1684378E+00 -0.9855214E-03  0.6265323E+00
   04  0.2436752E+02  0.4602362E+01  0.2017032E+00 -0.1094079E-02  0.6279386E+00
   04  0.2809543E+02  0.4603985E+01  0.2356147E+00 -0.1166345E-02  0.6295616E+00
   04  0.3182335E+02  0.4605831E+01  0.2702584E+00 -0.1198004E-02  0.6314070E+00
   04  0.3555127E+02  0.4607902E+01  0.3057064E+00 -0.1181422E-02  0.6334784E+00
   04  0.3927919E+02  0.4610202E+01  0.3420190E+00 -0.1107635E-02  0.6357783E+00
   04  0.4300711E+02  0.4612731E+01  0.3792454E+00 -0.9675800E-03  0.6383075E+00
   04  0.4673503E+02  0.4615488E+01  0.4173915E+00 -0.7523216E-03  0.6410644E+00
   04  0.5046295E+02  0.4618469E+01  0.4564758E+00 -0.4530826E-03  0.6440451E+00
   04  0.5419087E+02  0.4621667E+01  0.4964842E+00 -0.6112965E-04  0.6472433E+00
   04  0.5791879E+02  0.4625068E+01  0.5373236E+00  0.4167473E-03  0.6506441E+00
   04  0.6164671E+02  0.4628654E+01  0.5788418E+00  0.9261988E-03  0.6542306E+00
   04  0.6537463E+02  0.4632400E+01  0.6208620E+00  0.1468904E-02  0.6579764E+00
   04  0.6910255E+02  0.4636277E+01  0.6631923E+00  0.2044461E-02  0.6618529E+00
   04  0.7283047E+02  0.4640255E+01  0.7056334E+00  0.2651057E-02  0.6658310E+00
   04  0.7655838E+02  0.4644305E+01  0.7479854E+00  0.3286116E-02  0.6698814E+00
   04  0.8028630E+02  0.4648399E+01  0.7900525E+00  0.3946833E-02  0.6739751E+00
   04  0.8401422E+02  0.4652508E+01  0.8316479E+00  0.4630549E-02  0.6780845E+00
   04  0.8774214E+02  0.4656607E+01  0.8725946E+00  0.5334929E-02  0.6821828E+00
   04  0.9147006E+02  0.4660669E+01  0.9127248E+00  0.6057888E-02  0.6862447E+00
   04  0.9445240E+02  0.4663882E+01  0.9440879E+00  0.6704081E-02  0.6894577E+00
   04  0.9743473E+02  0.4667044E+01  0.9747562E+00  0.7357794E-02  0.6926203E+00
   04  0.1004171E+03  0.4670147E+01  0.1004668E+01  0.8017814E-02  0.6957227E+00
   04  0.1033994E+03  0.4673180E+01  0.1033772E+01  0.8683086E-02  0.6987562E+00
   04  0.1063817E+03  0.4676137E+01  0.1062025E+01  0.9352684E-02  0.7017135E+00
   04  0.1093641E+03  0.4679008E+01  0.1089353E+01  0.1002626E-01  0.7045841E+00
   04  0.1123464E+03  0.4681769E+01  0.1115578E+01  0.1070366E-01  0.7073451E+00
   04  0.1153287E+03  0.4684403E+01  0.1140563E+01  0.1138189E-01  0.7099788E+00
   04  0.1183111E+03  0.4686909E+01  0.1164302E+01  0.1205841E-01  0.7124847E+00
   04  0.1212934E+03  0.4689288E+01  0.1186793E+01  0.1276899E-01  0.7148640E+00
   04  0.1242758E+03  0.4691538E+01  0.1208056E+01  0.1348389E-01  0.7171143E+00
   04  0.1272581E+03  0.4693654E+01  0.1228210E+01  0.1419442E-01  0.7192302E+00
   04  0.1302404E+03  0.4695639E+01  0.1247290E+01  0.1490130E-01  0.7212153E+00
   04  0.1332228E+03  0.4697497E+01  0.1265337E+01  0.1560692E-01  0.7230730E+00
   04  0.1362051E+03  0.4699231E+01  0.1282390E+01  0.1631228E-01  0.7248076E+00
   04  0.1391874E+03  0.4700847E+01  0.1298491E+01  0.1701911E-01  0.7264230E+00
   04  0.1421698E+03  0.4702347E+01  0.1313679E+01  0.1772916E-01  0.7279231E+00
   04  0.1451521E+03  0.4703735E+01  0.1327991E+01  0.1844415E-01  0.7293115E+00
   04  0.1481344E+03  0.4705015E+01  0.1341463E+01  0.1916569E-01  0.7305915E+00
   04  0.1511168E+03  0.4706190E+01  0.1354126E+01  0.1989533E-01  0.7317662E+00
   04  0.1540991E+03  0.4707262E+01  0.1366013E+01  0.2063449E-01  0.7328386E+00
   04  0.1570814E+03  0.4708235E+01  0.1377149E+01  0.2138445E-01  0.7338111E+00
   04  0.1600638E+03  0.4709110E+01  0.1387561E+01  0.2214642E-01  0.7346861E+00
   04  0.1630461E+03  0.4709890E+01  0.1397272E+01  0.2292151E-01  0.7354659E+00
   04  0.1660284E+03  0.4710576E+01  0.1406306E+01  0.2371078E-01  0.7361525E+00
   04  0.1690108E+03  0.4711172E+01  0.1414683E+01  0.2451544E-01  0.7367480E+00
   04  0.1719931E+03  0.4711678E+01  0.1422426E+01  0.2533690E-01  0.7372541E+00
   04  0.1749755E+03  0.4712094E+01  0.1429558E+01  0.2615592E-01  0.7376701E+00
   04  0.1779578E+03  0.4712417E+01  0.1436097E+01  0.2693821E-01  0.7379936E+00
   04  0.1809401E+03  0.4712651E+01  0.1442084E+01  0.2769047E-01  0.7382276E+00
   04  0.1824313E+03  0.4712735E+01  0.1444862E+01  0.2806356E-01  0.7383111E+00
   04  0.1839225E+03  0.4712800E+01  0.1447524E+01  0.2842805E-01  0.7383764E+00
   04  0.1854136E+03  0.4712848E+01  0.1450076E+01  0.2878534E-01  0.7384242E+00
   04  0.1869048E+03  0.4712881E+01  0.1452508E+01  0.2913677E-01  0.7384568E+00
   04  0.1883960E+03  0.4712899E+01  0.1454822E+01  0.2948458E-01  0.7384747E+00
   04  0.1898871E+03  0.4712902E+01  0.1457024E+01  0.2983036E-01  0.7384784E+00
   04  0.1913783E+03  0.4712892E+01  0.1459118E+01  0.3017564E-01  0.7384683E+00
   04  0.1928695E+03  0.4712869E+01  0.1461110E+01  0.3052193E-01  0.7384448E+00
   04  0.1943606E+03  0.4712832E+01  0.1463004E+01  0.3087062E-01  0.7384083E+00
   04  0.1958518E+03  0.4712783E+01  0.1464804E+01  0.3122307E-01  0.7383591E+00
   04  0.1973430E+03  0.4712721E+01  0.1466514E+01  0.3158057E-01  0.7382976E+00
   04  0.1988341E+03  0.4712648E+01  0.1468138E+01  0.3194432E-01  0.7382240E+00
   04  0.2003253E+03  0.4712563E+01  0.1469679E+01  0.3231544E-01  0.7381388E+00
   04  0.2018165E+03  0.4712466E+01  0.1471141E+01  0.3269500E-01  0.7380421E+00
   04  0.2033076E+03  0.4712358E+01  0.1472527E+01  0.3308395E-01  0.7379343E+00
   04  0.2047988E+03  0.4712239E+01  0.1473839E+01  0.3348320E-01  0.7378156E+00
   04  0.2062900E+03  0.4712110E+01  0.1475081E+01  0.3389358E-01  0.7376862E+00
   04  0.2077811E+03  0.4711970E+01  0.1476255E+01  0.3431581E-01  0.7375464E+00
   04  0.2092723E+03  0.4711820E+01  0.1477364E+01  0.3475056E-01  0.7373965E+00
   04  0.2107635E+03  0.4711660E+01  0.1478410E+01  0.3519842E-01  0.7372366E+00
   04  0.2122546E+03  0.4711491E+01  0.1479395E+01  0.3565990E-01  0.7370670E+00
   04  0.2137458E+03  0.4711312E+01  0.1480321E+01  0.3613544E-01  0.7368878E+00
   04  0.2152370E+03  0.4711123E+01  0.1481192E+01  0.3662541E-01  0.7366993E+00
   04  0.2167281E+03  0.4710925E+01  0.1482007E+01  0.3713012E-01  0.7365016E+00
   04  0.2182193E+03  0.4710719E+01  0.1482771E+01  0.3764981E-01  0.7362950E+00
   04  0.2197105E+03  0.4710503E+01  0.1483484E+01  0.3818467E-01  0.7360796E+00
   04  0.2212017E+03  0.4710279E+01  0.1484149E+01  0.3873483E-01  0.7358556E+00
   04  0.2226928E+03  0.4710047E+01  0.1484767E+01  0.3930036E-01  0.7356231E+00
   04  0.2241840E+03  0.4709806E+01  0.1485340E+01  0.3988128E-01  0.7353824E+00
   04  0.2256752E+03  0.4709558E+01  0.1485870E+01  0.4047757E-01  0.7351337E+00
   04  0.2271663E+03  0.4709301E+01  0.1486358E+01  0.4108916E-01  0.7348770E+00
   04  0.2286575E+03  0.4709036E+01  0.1486807E+01  0.4171601E-01  0.7346126E+00
   04  0.2301487E+03  0.4708764E+01  0.1487218E+01  0.4235800E-01  0.7343406E+00
   04  0.2316398E+03  0.4708485E+01  0.1487592E+01  0.4301471E-01  0.7340613E+00
   04  0.2331310E+03  0.4708198E+01  0.1487933E+01  0.4368452E-01  0.7337744E+00
   04  0.2346222E+03  0.4707904E+01  0.1488242E+01  0.4436739E-01  0.7334802E+00
   04  0.2361133E+03  0.4707603E+01  0.1488520E+01  0.4506316E-01  0.7331788E+00
   04  0.2376045E+03  0.4707294E+01  0.1488770E+01  0.4577161E-01  0.7328704E+00
   04  0.2390957E+03  0.4706979E+01  0.1488992E+01  0.4649247E-01  0.7325553E+00
   04  0.2405868E+03  0.4706657E+01  0.1489189E+01  0.4722544E-01  0.7322335E+00
   04  0.2420780E+03  0.4706329E+01  0.1489364E+01  0.4797021E-01  0.7319053E+00
   04  0.2435692E+03  0.4705995E+01  0.1489517E+01  0.4872646E-01  0.7315708E+00
   04  0.2450603E+03  0.4705654E+01  0.1489650E+01  0.4949387E-01  0.7312304E+00
   04  0.2465515E+03  0.4705308E+01  0.1489767E+01  0.5027207E-01  0.7308841E+00
   04  0.2480427E+03  0.4704956E+01  0.1489868E+01  0.5106072E-01  0.7305322E+00
   04  0.2495338E+03  0.4704599E+01  0.1489956E+01  0.5185944E-01  0.7301749E+00
   04  0.2510250E+03  0.4704236E+01  0.1490034E+01  0.5266608E-01  0.7298124E+00
   04  0.2525162E+03  0.4703869E+01  0.1490104E+01  0.5347933E-01  0.7294449E+00
   04  0.2540073E+03  0.4703496E+01  0.1490169E+01  0.5429858E-01  0.7290726E+00
   04  0.2554985E+03  0.4703120E+01  0.1490230E+01  0.5512320E-01  0.7286957E+00
   04  0.2569897E+03  0.4702738E+01  0.1490290E+01  0.5595255E-01  0.7283143E+00
   04  0.2584808E+03  0.4702352E+01  0.1490352E+01  0.5678601E-01  0.7279285E+00
   04  0.2599720E+03  0.4701962E+01  0.1490421E+01  0.5762295E-01  0.7275384E+00
   04  0.2614632E+03  0.4701568E+01  0.1490502E+01  0.5846281E-01  0.7271439E+00
   04  0.2629543E+03  0.4701170E+01  0.1490589E+01  0.5930493E-01  0.7267457E+00
   04  0.2644455E+03  0.4700769E+01  0.1490678E+01  0.6014869E-01  0.7263448E+00
   04  0.2659367E+03  0.4700365E+01  0.1490771E+01  0.6099343E-01  0.7259414E+00
   04  0.2674278E+03  0.4699959E+01  0.1490869E+01  0.6183856E-01  0.7255355E+00
   04  0.2689190E+03  0.4699551E+01  0.1490974E+01  0.6268346E-01  0.7251275E+00
   04  0.2704102E+03  0.4699141E+01  0.1491087E+01  0.6352753E-01  0.7247175E+00
   04  0.2719014E+03  0.4698730E+01  0.1491210E+01  0.6437019E-01  0.7243058E+00
   04  0.2733925E+03  0.4698316E+01  0.1491346E+01  0.6521085E-01  0.7238925E+00
   04  0.2748837E+03  0.4697902E+01  0.1491494E+01  0.6604896E-01  0.7234778E+00
   04  0.2763749E+03  0.4697486E+01  0.1491658E+01  0.6688394E-01  0.7230620E+00
   04  0.2778660E+03  0.4697069E+01  0.1491837E+01  0.6771526E-01  0.7226452E+00
   04  0.2793572E+03  0.4696651E+01  0.1492035E+01  0.6854239E-01  0.7222276E+00
   04  0.2808484E+03  0.4696233E+01  0.1492248E+01  0.6936122E-01  0.7218094E+00
   04  0.2823395E+03  0.4695815E+01  0.1492478E+01  0.7017163E-01  0.7213907E+00
   04  0.2838307E+03  0.4695396E+01  0.1492729E+01  0.7097430E-01  0.7209718E+00
   04  0.2853219E+03  0.4694977E+01  0.1493001E+01  0.7176939E-01  0.7205528E+00
   04  0.2868130E+03  0.4694558E+01  0.1493297E+01  0.7255679E-01  0.7201338E+00
   04  0.2883042E+03  0.4694139E+01  0.1493619E+01  0.7333630E-01  0.7197151E+00
   04  0.2897954E+03  0.4693721E+01  0.1493967E+01  0.7410765E-01  0.7192967E+00
   04  0.2912865E+03  0.4693303E+01  0.1494344E+01  0.7487057E-01  0.7188787E+00
   04  0.2927777E+03  0.4692884E+01  0.1494738E+01  0.7562478E-01  0.7184602E+00
   04  0.2942689E+03  0.4692463E+01  0.1495133E+01  0.7637008E-01  0.7180393E+00
   04  0.2957600E+03  0.4692041E+01  0.1495537E+01  0.7710636E-01  0.7176171E+00
   04  0.2972512E+03  0.4691618E+01  0.1495958E+01  0.7783350E-01  0.7171943E+00
   04  0.2987424E+03  0.4691195E+01  0.1496402E+01  0.7855142E-01  0.7167714E+00
   04  0.3002335E+03  0.4690773E+01  0.1496872E+01  0.7926007E-01  0.7163491E+00
   04  0.3017247E+03  0.4690351E+01  0.1497375E+01  0.7995948E-01  0.7159276E+00
   04  0.3032159E+03  0.4689931E+01  0.1497912E+01  0.8064965E-01  0.7155073E+00
   04  0.3047070E+03  0.4689512E+01  0.1498486E+01  0.8133067E-01  0.7150885E+00
   04  0.3061982E+03  0.4689095E+01  0.1499099E+01  0.8200263E-01  0.7146713E+00
   04  0.3076894E+03  0.4688680E+01  0.1499753E+01  0.8266568E-01  0.7142559E+00
   04  0.3091805E+03  0.4688266E+01  0.1500450E+01  0.8332001E-01  0.7138423E+00
   04  0.3106717E+03  0.4687855E+01  0.1501190E+01  0.8396582E-01  0.7134308E+00
   04  0.3121629E+03  0.4687445E+01  0.1501976E+01  0.8460339E-01  0.7130213E+00
   04  0.3136540E+03  0.4687038E+01  0.1502806E+01  0.8523299E-01  0.7126140E+00
   04  0.3151452E+03  0.4686633E+01  0.1503683E+01  0.8585496E-01  0.7122088E+00
   04  0.3165017E+03  0.4686266E+01  0.1504522E+01  0.8641330E-01  0.7118423E+00
   04  0.3178581E+03  0.4685901E+01  0.1505400E+01  0.8696588E-01  0.7114776E+00
   04  0.3192146E+03  0.4685538E+01  0.1506316E+01  0.8751303E-01  0.7111146E+00
   04  0.3205710E+03  0.4685177E+01  0.1507271E+01  0.8805506E-01  0.7107533E+00
   04  0.3219275E+03  0.4684817E+01  0.1508264E+01  0.8859231E-01  0.7103937E+00
   04  0.3232839E+03  0.4684459E+01  0.1509294E+01  0.8912514E-01  0.7100355E+00
   04  0.3246404E+03  0.4684103E+01  0.1510362E+01  0.8965393E-01  0.7096788E+00
   04  0.3259968E+03  0.4683747E+01  0.1511466E+01  0.9017906E-01  0.7093234E+00
   04  0.3273533E+03  0.4683393E+01  0.1512606E+01  0.9070092E-01  0.7089693E+00
   04  0.3287097E+03  0.4683040E+01  0.1513781E+01  0.9121993E-01  0.7086162E+00
   04  0.3300662E+03  0.4682688E+01  0.1514991E+01  0.9173652E-01  0.7082641E+00
   04  0.3314226E+03  0.4682337E+01  0.1516235E+01  0.9225084E-01  0.7079128E+00
   04  0.3327791E+03  0.4681986E+01  0.1517510E+01  0.9276282E-01  0.7075621E+00
   04  0.3341355E+03  0.4681636E+01  0.1518815E+01  0.9327291E-01  0.7072118E+00
   04  0.3354920E+03  0.4681286E+01  0.1520150E+01  0.9378158E-01  0.7068619E+00
   04  0.3368484E+03  0.4680936E+01  0.1521514E+01  0.9428929E-01  0.7065120E+00
   04  0.3382049E+03  0.4680586E+01  0.1522904E+01  0.9479650E-01  0.7061620E+00
   04  0.3395613E+03  0.4680235E+01  0.1524321E+01  0.9530365E-01  0.7058116E+00
   04  0.3409178E+03  0.4679884E+01  0.1525761E+01  0.9581120E-01  0.7054605E+00
   04  0.3422742E+03  0.4679532E+01  0.1527223E+01  0.9631958E-01  0.7051086E+00
   04  0.3436307E+03  0.4679179E+01  0.1528706E+01  0.9682922E-01  0.7047554E+00
   04  0.3449871E+03  0.4678828E+01  0.1530230E+01  0.9734055E-01  0.7044040E+00
   04  0.3463436E+03  0.4678482E+01  0.1531819E+01  0.9785452E-01  0.7040578E+00
   04  0.3477000E+03  0.4678140E+01  0.1533470E+01  0.9837262E-01  0.7037161E+00
   04  0.3490565E+03  0.4677802E+01  0.1535179E+01  0.9889624E-01  0.7033783E+00
   04  0.3504130E+03  0.4677468E+01  0.1536941E+01  0.9942670E-01  0.7030439E+00
   04  0.3517694E+03  0.4677136E+01  0.1538755E+01  0.9996524E-01  0.7027124E+00
   04  0.3531259E+03  0.4676807E+01  0.1540617E+01  0.1005131E+00  0.7023833E+00
   04  0.3544823E+03  0.4676480E+01  0.1542525E+01  0.1010713E+00  0.7020562E+00
   04  0.3558388E+03  0.4676155E+01  0.1544477E+01  0.1016411E+00  0.7017307E+00
   04  0.3574665E+03  0.4675765E+01  0.1546868E+01  0.1023436E+00  0.7013409E+00
   04  0.3590942E+03  0.4675376E+01  0.1549318E+01  0.1030668E+00  0.7009522E+00
   04  0.3607220E+03  0.4674988E+01  0.1551822E+01  0.1038134E+00  0.7005641E+00
   04  0.3623497E+03  0.4674598E+01  0.1554360E+01  0.1045858E+00  0.7001740E+00
   04  0.3639775E+03  0.4674205E+01  0.1556928E+01  0.1053859E+00  0.6997816E+00
   04  0.3656052E+03  0.4673810E+01  0.1559525E+01  0.1062159E+00  0.6993862E+00
   04  0.3672329E+03  0.4673411E+01  0.1562149E+01  0.1070777E+00  0.6989875E+00
   04  0.3688607E+03  0.4673009E+01  0.1564799E+01  0.1079731E+00  0.6985852E+00
   04  0.3704884E+03  0.4672603E+01  0.1567474E+01  0.1089039E+00  0.6981788E+00
   04  0.3721162E+03  0.4672192E+01  0.1570171E+01  0.1098718E+00  0.6977679E+00
   04  0.3737439E+03  0.4671776E+01  0.1572891E+01  0.1108784E+00  0.6973523E+00
   04  0.3753717E+03  0.4671355E+01  0.1575630E+01  0.1119253E+00  0.6969315E+00
   04  0.3769994E+03  0.4670929E+01  0.1578389E+01  0.1130141E+00  0.6965052E+00
   04  0.3786271E+03  0.4670497E+01  0.1581167E+01  0.1141462E+00  0.6960729E+00
   04  0.3802549E+03  0.4670058E+01  0.1583964E+01  0.1153229E+00  0.6956346E+00
   04  0.3818826E+03  0.4669614E+01  0.1586778E+01  0.1165457E+00  0.6951897E+00
   04  0.3835104E+03  0.4669162E+01  0.1589608E+01  0.1178157E+00  0.6947380E+00
   04  0.3851381E+03  0.4668703E+01  0.1592455E+01  0.1191342E+00  0.6942792E+00
   04  0.3867658E+03  0.4668237E+01  0.1595316E+01  0.1205025E+00  0.6938129E+00
   04  0.3883936E+03  0.4667763E+01  0.1598192E+01  0.1219205E+00  0.6933388E+00
   04  0.3900213E+03  0.4667280E+01  0.1601081E+01  0.1233896E+00  0.6928566E+00
   04  0.3916491E+03  0.4666790E+01  0.1603981E+01  0.1249111E+00  0.6923658E+00
   04  0.3932768E+03  0.4666290E+01  0.1606892E+01  0.1264859E+00  0.6918660E+00
   04  0.3949046E+03  0.4665781E+01  0.1609811E+01  0.1281154E+00  0.6913568E+00
   04  0.3965323E+03  0.4665261E+01  0.1612737E+01  0.1298006E+00  0.6908375E+00
   04  0.3981600E+03  0.4664732E+01  0.1615667E+01  0.1315425E+00  0.6903079E+00
   04  0.3997878E+03  0.4664191E+01  0.1618600E+01  0.1333422E+00  0.6897674E+00
   04  0.4014155E+03  0.4663639E+01  0.1621535E+01  0.1352008E+00  0.6892155E+00
   04  0.4030433E+03  0.4663076E+01  0.1624468E+01  0.1371192E+00  0.6886517E+00
   04  0.4046710E+03  0.4662499E+01  0.1627400E+01  0.1390983E+00  0.6880757E+00
   04  0.4062987E+03  0.4661911E+01  0.1630327E+01  0.1411393E+00  0.6874868E+00
   04  0.4079265E+03  0.4661308E+01  0.1633248E+01  0.1432429E+00  0.6868847E+00
   04  0.4095542E+03  0.4660693E+01  0.1636161E+01  0.1454102E+00  0.6862688E+00
   04  0.4111820E+03  0.4660063E+01  0.1639065E+01  0.1476421E+00  0.6856387E+00
   04  0.4128097E+03  0.4659418E+01  0.1641957E+01  0.1499395E+00  0.6849940E+00
   04  0.4144375E+03  0.4658758E+01  0.1644836E+01  0.1523032E+00  0.6843341E+00
   04  0.4160652E+03  0.4658083E+01  0.1647700E+01  0.1547343E+00  0.6836587E+00
   04  0.4176929E+03  0.4657391E+01  0.1650547E+01  0.1572335E+00  0.6829673E+00
   04  0.4193207E+03  0.4656683E+01  0.1653377E+01  0.1598019E+00  0.6822594E+00
   04  0.4209484E+03  0.4655958E+01  0.1656186E+01  0.1624402E+00  0.6815346E+00
   04  0.4225762E+03  0.4655216E+01  0.1658974E+01  0.1651495E+00  0.6807925E+00
   04  0.4242039E+03  0.4654456E+01  0.1661738E+01  0.1679305E+00  0.6800326E+00
   04  0.4258316E+03  0.4653678E+01  0.1664479E+01  0.1707843E+00  0.6792546E+00
   04  0.4274594E+03  0.4652882E+01  0.1667193E+01  0.1737118E+00  0.6784580E+00
   04  0.4290871E+03  0.4652066E+01  0.1669880E+01  0.1767138E+00  0.6776425E+00
   04  0.4307149E+03  0.4651231E+01  0.1672538E+01  0.1797916E+00  0.6768076E+00
   04  0.4323426E+03  0.4650377E+01  0.1675166E+01  0.1829462E+00  0.6759530E+00
   04  0.4339704E+03  0.4649502E+01  0.1677764E+01  0.1861785E+00  0.6750783E+00
   04  0.4355981E+03  0.4648607E+01  0.1680329E+01  0.1894895E+00  0.6741831E+00
   04  0.4372258E+03  0.4647691E+01  0.1682862E+01  0.1928803E+00  0.6732671E+00
   04  0.4388536E+03  0.4646754E+01  0.1685360E+01  0.1963519E+00  0.6723300E+00
   04  0.4404813E+03  0.4645795E+01  0.1687824E+01  0.1999054E+00  0.6713715E+00
   04  0.4421091E+03  0.4644815E+01  0.1690252E+01  0.2035417E+00  0.6703913E+00
   04  0.4437368E+03  0.4643813E+01  0.1692645E+01  0.2072620E+00  0.6693891E+00
   04  0.4453645E+03  0.4642789E+01  0.1695000E+01  0.2110673E+00  0.6683647E+00
   04  0.4469923E+03  0.4641742E+01  0.1697319E+01  0.2149587E+00  0.6673178E+00
   04  0.4486200E+03  0.4640672E+01  0.1699600E+01  0.2189373E+00  0.6662481E+00
   04  0.4502478E+03  0.4639579E+01  0.1701843E+01  0.2230043E+00  0.6651555E+00
   04  0.4518755E+03  0.4638464E+01  0.1704048E+01  0.2271606E+00  0.6640398E+00
   04  0.4535033E+03  0.4637325E+01  0.1706214E+01  0.2314076E+00  0.6629007E+00
   04  0.4551310E+03  0.4636162E+01  0.1708342E+01  0.2357462E+00  0.6617380E+00
   04  0.4567587E+03  0.4634975E+01  0.1710431E+01  0.2401772E+00  0.6605516E+00
   04  0.4583865E+03  0.4633763E+01  0.1712480E+01  0.2446804E+00  0.6593389E+00
   04  0.4600142E+03  0.4632527E+01  0.1714510E+01  0.2492565E+00  0.6581029E+00
   04  0.4616420E+03  0.4631268E+01  0.1716525E+01  0.2539066E+00  0.6568437E+00
   04  0.4632697E+03  0.4629985E+01  0.1718525E+01  0.2586318E+00  0.6555612E+00
   04  0.4648974E+03  0.4628679E+01  0.1720510E+01  0.2634331E+00  0.6542554E+00
   04  0.4665252E+03  0.4627350E+01  0.1722481E+01  0.2683116E+00  0.6529260E+00
   04  0.4681529E+03  0.4625997E+01  0.1724437E+01  0.2732683E+00  0.6515730E+00
   04  0.4697807E+03  0.4624620E+01  0.1726380E+01  0.2783042E+00  0.6501961E+00
   04  0.4714084E+03  0.4623219E+01  0.1728310E+01  0.2834202E+00  0.6487954E+00
   04  0.4730362E+03  0.4621794E+01  0.1730231E+01  0.2886183E+00  0.6473705E+00
   04  0.4746639E+03  0.4620345E+01  0.1732153E+01  0.2939006E+00  0.6459213E+00
   04  0.4762916E+03  0.4618872E+01  0.1734073E+01  0.2992672E+00  0.6444478E+00
   04  0.4779194E+03  0.4617374E+01  0.1735992E+01  0.3047185E+00  0.6429498E+00
   04  0.4795471E+03  0.4615851E+01  0.1737910E+01  0.3102548E+00  0.6414272E+00
   04  0.4811749E+03  0.4614304E+01  0.1739827E+01  0.3158765E+00  0.6398799E+00
   04  0.4828026E+03  0.4612732E+01  0.1741741E+01  0.3215840E+00  0.6383079E+00
   04  0.4844303E+03  0.4611135E+01  0.1743653E+01  0.3273778E+00  0.6367108E+00
   04  0.4860581E+03  0.4609513E+01  0.1745561E+01  0.3332582E+00  0.6350888E+00
   04  0.4876858E+03  0.4607865E+01  0.1747467E+01  0.3392258E+00  0.6334416E+00
   04  0.4893136E+03  0.4606193E+01  0.1749368E+01  0.3452807E+00  0.6317691E+00
   04  0.4909413E+03  0.4604495E+01  0.1751265E+01  0.3514235E+00  0.6300711E+00
   04  0.4925691E+03  0.4602771E+01  0.1753157E+01  0.3576543E+00  0.6283476E+00
   04  0.4941968E+03  0.4601022E+01  0.1755042E+01  0.3639736E+00  0.6265985E+00
   04  0.4958245E+03  0.4599247E+01  0.1756921E+01  0.3703814E+00  0.6248235E+00
   04  0.4974523E+03  0.4597446E+01  0.1758793E+01  0.3768781E+00  0.6230226E+00
   04  0.4990800E+03  0.4595619E+01  0.1760656E+01  0.3834637E+00  0.6211956E+00
   04  0.5007078E+03  0.4593766E+01  0.1762510E+01  0.3901384E+00  0.6193424E+00
   04  0.5023355E+03  0.4591887E+01  0.1764354E+01  0.3969023E+00  0.6174629E+00
   04  0.5039632E+03  0.4589981E+01  0.1766188E+01  0.4037553E+00  0.6155570E+00
   04  0.5055910E+03  0.4588048E+01  0.1768010E+01  0.4106975E+00  0.6136245E+00
   04  0.5072187E+03  0.4586089E+01  0.1769819E+01  0.4177287E+00  0.6116654E+00
   04  0.5088465E+03  0.4584103E+01  0.1771614E+01  0.4248488E+00  0.6096796E+00
   04  0.5104742E+03  0.4582091E+01  0.1773396E+01  0.4320576E+00  0.6076671E+00
   04  0.5121020E+03  0.4580051E+01  0.1775161E+01  0.4393548E+00  0.6056276E+00
   04  0.5137297E+03  0.4577985E+01  0.1776910E+01  0.4467403E+00  0.6035613E+00
   04  0.5153574E+03  0.4575892E+01  0.1778641E+01  0.4542136E+00  0.6014680E+00
   04  0.5169852E+03  0.4573772E+01  0.1780354E+01  0.4617744E+00  0.5993478E+00
   04  0.5186129E+03  0.4571624E+01  0.1782047E+01  0.4694224E+00  0.5972004E+00
   04  0.5202407E+03  0.4569450E+01  0.1783719E+01  0.4771571E+00  0.5950260E+00
   04  0.5218684E+03  0.4567248E+01  0.1785369E+01  0.4849781E+00  0.5928245E+00
   04  0.5234961E+03  0.4565020E+01  0.1786997E+01  0.4928849E+00  0.5905959E+00
   04  0.5251239E+03  0.4562764E+01  0.1788599E+01  0.5008769E+00  0.5883405E+00
   04  0.5267516E+03  0.4560482E+01  0.1790176E+01  0.5089535E+00  0.5860581E+00
   04  0.5283794E+03  0.4558173E+01  0.1791727E+01  0.5171143E+00  0.5837488E+00
   04  0.5300071E+03  0.4555836E+01  0.1793250E+01  0.5253585E+00  0.5814125E+00
   04  0.5316349E+03  0.4553473E+01  0.1794745E+01  0.5336855E+00  0.5790494E+00
   04  0.5332626E+03  0.4551083E+01  0.1796210E+01  0.5420946E+00  0.5766593E+00
   04  0.5348903E+03  0.4548666E+01  0.1797645E+01  0.5505849E+00  0.5742422E+00
   04  0.5365181E+03  0.4546222E+01  0.1799048E+01  0.5591559E+00  0.5717983E+00
   04  0.5381458E+03  0.4543751E+01  0.1800420E+01  0.5678065E+00  0.5693275E+00
   04  0.5397736E+03  0.4541254E+01  0.1801758E+01  0.5765361E+00  0.5668297E+00
   04  0.5414013E+03  0.4538728E+01  0.1803065E+01  0.5853437E+00  0.5643043E+00
   04  0.5430290E+03  0.4536175E+01  0.1804338E+01  0.5942284E+00  0.5617513E+00
   04  0.5446568E+03  0.4533595E+01  0.1805578E+01  0.6031892E+00  0.5591709E+00
   04  0.5462845E+03  0.4530987E+01  0.1806782E+01  0.6122253E+00  0.5565630E+00
   04  0.5479123E+03  0.4528352E+01  0.1807949E+01  0.6213355E+00  0.5539278E+00
   04  0.5495400E+03  0.4525689E+01  0.1809080E+01  0.6305188E+00  0.5512655E+00
   04  0.5511678E+03  0.4523000E+01  0.1810172E+01  0.6397743E+00  0.5485761E+00
   04  0.5527955E+03  0.4520284E+01  0.1811224E+01  0.6491007E+00  0.5458597E+00
   04  0.5544232E+03  0.4517540E+01  0.1812237E+01  0.6584971E+00  0.5431166E+00
   04  0.5560510E+03  0.4514771E+01  0.1813208E+01  0.6679622E+00  0.5403467E+00
   04  0.5576787E+03  0.4511974E+01  0.1814137E+01  0.6774949E+00  0.5375502E+00
   04  0.5593065E+03  0.4509151E+01  0.1815023E+01  0.6870941E+00  0.5347272E+00
   04  0.5609342E+03  0.4506302E+01  0.1815866E+01  0.6967585E+00  0.5318779E+00
   04  0.5625619E+03  0.4503426E+01  0.1816663E+01  0.7064870E+00  0.5290024E+00
   04  0.5641897E+03  0.4500525E+01  0.1817415E+01  0.7162782E+00  0.5261009E+00
   04  0.5658174E+03  0.4497597E+01  0.1818120E+01  0.7261311E+00  0.5231734E+00
   04  0.5674452E+03  0.4494644E+01  0.1818777E+01  0.7360442E+00  0.5202202E+00
   04  0.5690729E+03  0.4491665E+01  0.1819387E+01  0.7460164E+00  0.5172414E+00
   04  0.5707007E+03  0.4488661E+01  0.1819947E+01  0.7560463E+00  0.5142371E+00
   04  0.5723284E+03  0.4485631E+01  0.1820458E+01  0.7661326E+00  0.5112076E+00
   04  0.5739561E+03  0.4482577E+01  0.1820919E+01  0.7762740E+00  0.5081529E+00
   04  0.5755839E+03  0.4479497E+01  0.1821328E+01  0.7864691E+00  0.5050732E+00
   04  0.5772116E+03  0.4476393E+01  0.1821685E+01  0.7967167E+00  0.5019687E+00
   04  0.5788394E+03  0.4473263E+01  0.1821989E+01  0.8070153E+00  0.4988396E+00
   04  0.5804671E+03  0.4470109E+01  0.1822239E+01  0.8173555E+00  0.4956851E+00
   04  0.5820948E+03  0.4466928E+01  0.1822434E+01  0.8277291E+00  0.4925046E+00
   04  0.5837226E+03  0.4463722E+01  0.1822573E+01  0.8381341E+00  0.4892984E+00
   04  0.5853503E+03  0.4460490E+01  0.1822656E+01  0.8485682E+00  0.4860665E+00
   04  0.5869781E+03  0.4457233E+01  0.1822682E+01  0.8590293E+00  0.4828091E+00
   04  0.5886058E+03  0.4453950E+01  0.1822651E+01  0.8695156E+00  0.4795264E+00
   04  0.5902336E+03  0.4450642E+01  0.1822563E+01  0.8800248E+00  0.4762185E+00
   04  0.5918613E+03  0.4447309E+01  0.1822416E+01  0.8905551E+00  0.4728856E+00
   04  0.5934890E+03  0.4443952E+01  0.1822211E+01  0.9011045E+00  0.4695279E+00
   04  0.5951168E+03  0.4440570E+01  0.1821948E+01  0.9116712E+00  0.4661457E+00
   04  0.5967445E+03  0.4437163E+01  0.1821626E+01  0.9222531E+00  0.4627391E+00
   04  0.5983723E+03  0.4433732E+01  0.1821245E+01  0.9328486E+00  0.4593083E+00
