# gauge_id= 204 location=( -0.1242016000E+03  0.4175375000E+02 ) num_var=  4
# Stationary gauge
# level, time, q[  1  2  3], eta, aux[]
# file format ascii, time series follow in this file
   04  0.0000000E+00  0.8281430E+01  0.0000000E+00  0.0000000E+00  0.0000000E+00
   04  0.1000000E+01  0.8281430E+01 -0.1137672E-15 -0.9301014E-16  0.7011695E+00
   04  0.1015873E+01  0.8281430E+01  0.2321425E-03 -0.3889961E-05  0.7011698E+00
   04  0.1031746E+01  0.8281431E+01  0.4643064E-03 -0.7778756E-05  0.7011702E+00
   04  0.1047619E+01  0.8281431E+01  0.6964915E-03 -0.1166639E-04  0.7011705E+00
   04  0.1063492E+01  0.8281431E+01  0.9286979E-03 -0.1555287E-04  0.7011708E+00
   04  0.1079365E+01  0.8281432E+01  0.1160926E-02 -0.1943819E-04  0.7011711E+00
   04  0.1095238E+01  0.8281432E+01  0.1393174E-02 -0.2332237E-04  0.7011715E+00
   04  0.1111111E+01  0.8281432E+01  0.1625445E-02 -0.2720540E-04  0.7011718E+00
   04  0.1126984E+01  0.8281433E+01  0.1857736E-02 -0.3108730E-04  0.7011722E+00
   04  0.1142857E+01  0.8281433E+01  0.2090048E-02 -0.3496807E-04  0.7011726E+00
   04  0.1158730E+01  0.8281434E+01  0.2322382E-02 -0.3884770E-04  0.7011729E+00
   04  0.1174603E+01  0.8281434E+01  0.2554737E-02 -0.4272622E-04  0.7011733E+00
   04  0.1190476E+01  0.8281434E+01  0.2787113E-02 -0.4660361E-04  0.7011737E+00
   04  0.1206349E+01  0.8281435E+01  0.3019511E-02 -0.5047989E-04  0.7011741E+00
   04  0.1222222E+01  0.8281435E+01  0.3251929E-02 -0.5435506E-04  0.7011745E+00
   04  0.1238095E+01  0.8281436E+01  0.3484369E-02 -0.5822913E-04  0.7011749E+00
   04  0.1253968E+01  0.8281436E+01  0.3716830E-02 -0.6210209E-04  0.7011753E+00
   04  0.1269841E+01  0.8281436E+01  0.3949312E-02 -0.6597396E-04  0.7011758E+00
   04  0.1285714E+01  0.8281437E+01  0.4181815E-02 -0.6984474E-04  0.7011762E+00
   04  0.1301587E+01  0.8281437E+01  0.4414339E-02 -0.7371444E-04  0.7011766E+00
   04  0.1317460E+01  0.8281438E+01  0.4646885E-02 -0.7758305E-04  0.7011771E+00
   04  0.1333333E+01  0.8281438E+01  0.4879451E-02 -0.8145059E-04  0.7011775E+00
   04  0.1349206E+01  0.8281439E+01  0.5112039E-02 -0.8531705E-04  0.7011780E+00
   04  0.1365079E+01  0.8281439E+01  0.5344648E-02 -0.8918245E-04  0.7011784E+00
   04  0.1380952E+01  0.8281440E+01  0.5577277E-02 -0.9304678E-04  0.7011789E+00
   04  0.1396825E+01  0.8281440E+01  0.5809928E-02 -0.9691006E-04  0.7011794E+00
   04  0.1412698E+01  0.8281441E+01  0.6042600E-02 -0.1007723E-03  0.7011799E+00
   04  0.1428571E+01  0.8281441E+01  0.6275293E-02 -0.1046335E-03  0.7011804E+00
   04  0.1476190E+01  0.8281443E+01  0.6973426E-02 -0.1162018E-03  0.7011819E+00
   04  0.1523810E+01  0.8281444E+01  0.7671748E-02 -0.1277609E-03  0.7011835E+00
   04  0.1571429E+01  0.8281446E+01  0.8370259E-02 -0.1393109E-03  0.7011851E+00
   04  0.1619048E+01  0.8281447E+01  0.9068958E-02 -0.1508519E-03  0.7011868E+00
   04  0.1666667E+01  0.8281449E+01  0.9767846E-02 -0.1623840E-03  0.7011886E+00
   04  0.1714286E+01  0.8281451E+01  0.1046692E-01 -0.1739073E-03  0.7011904E+00
   04  0.1761905E+01  0.8281453E+01  0.1116619E-01 -0.1854220E-03  0.7011923E+00
   04  0.1809524E+01  0.8281455E+01  0.1186564E-01 -0.1969282E-03  0.7011942E+00
   04  0.1857143E+01  0.8281457E+01  0.1256528E-01 -0.2084260E-03  0.7011963E+00
   04  0.1904762E+01  0.8281459E+01  0.1326510E-01 -0.2199155E-03  0.7011983E+00
   04  0.1952381E+01  0.8281461E+01  0.1396511E-01 -0.2313969E-03  0.7012005E+00
   04  0.2000000E+01  0.8281463E+01  0.1466531E-01 -0.2428702E-03  0.7012027E+00
   04  0.5727919E+01  0.8281737E+01  0.6941136E-01 -0.1068608E-02  0.7014766E+00
   04  0.9455838E+01  0.8282376E+01  0.1252348E+00 -0.1917099E-02  0.7021152E+00
   04  0.1318376E+02  0.8283353E+01  0.1819338E+00 -0.2815118E-02  0.7030927E+00
   04  0.1691168E+02  0.8284637E+01  0.2392599E+00 -0.3757465E-02  0.7043763E+00
   04  0.2063960E+02  0.8286190E+01  0.2969394E+00 -0.4725969E-02  0.7059289E+00
   04  0.2436752E+02  0.8287974E+01  0.3546904E+00 -0.5748680E-02  0.7077129E+00
   04  0.2809543E+02  0.8289949E+01  0.4122271E+00 -0.6903057E-02  0.7096884E+00
   04  0.3182335E+02  0.8292084E+01  0.4692708E+00 -0.8228053E-02  0.7118231E+00
   04  0.3555127E+02  0.8294340E+01  0.5255472E+00 -0.9806184E-02  0.7140798E+00
   04  0.3927919E+02  0.8296690E+01  0.5807959E+00 -0.1172511E-01  0.7164290E+00
   04  0.4300711E+02  0.8299107E+01  0.6347785E+00 -0.1404995E-01  0.7188465E+00
   04  0.4673503E+02  0.8301565E+01  0.6872821E+00 -0.1684681E-01  0.7213044E+00
   04  0.5046295E+02  0.8304040E+01  0.7381299E+00 -0.2013674E-01  0.7237798E+00
   04  0.5419087E+02  0.8306436E+01  0.7863440E+00 -0.2392189E-01  0.7261754E+00
   04  0.5791879E+02  0.8308722E+01  0.8316257E+00 -0.2821457E-01  0.7284609E+00
   04  0.6164671E+02  0.8310902E+01  0.8740627E+00 -0.3299978E-01  0.7306412E+00
   04  0.6537463E+02  0.8312979E+01  0.9137360E+00 -0.3822834E-01  0.7327185E+00
   04  0.6910255E+02  0.8314954E+01  0.9507225E+00 -0.4383655E-01  0.7346934E+00
   04  0.7283047E+02  0.8316826E+01  0.9850943E+00 -0.4975555E-01  0.7365653E+00
   04  0.7655838E+02  0.8318594E+01  0.1016920E+01 -0.5591694E-01  0.7383331E+00
   04  0.8028630E+02  0.8320256E+01  0.1046266E+01 -0.6225588E-01  0.7399951E+00
   04  0.8401422E+02  0.8321810E+01  0.1073195E+01 -0.6871284E-01  0.7415495E+00
   04  0.8774214E+02  0.8323254E+01  0.1097770E+01 -0.7524934E-01  0.7429932E+00
   04  0.9147006E+02  0.8324583E+01  0.1120054E+01 -0.8184789E-01  0.7443220E+00
   04  0.9445240E+02  0.8325553E+01  0.1136134E+01 -0.8708292E-01  0.7452927E+00
   04  0.9743473E+02  0.8326450E+01  0.1150828E+01 -0.9232083E-01  0.7461897E+00
   04  0.1004171E+03  0.8327273E+01  0.1164170E+01 -0.9754357E-01  0.7470125E+00
   04  0.1033994E+03  0.8328022E+01  0.1176195E+01 -0.1027350E+00  0.7477613E+00
   04  0.1063817E+03  0.8328690E+01  0.1186867E+01 -0.1078725E+00  0.7484295E+00
   04  0.1093641E+03  0.8329277E+01  0.1196215E+01 -0.1129332E+00  0.7490163E+00
   04  0.1123464E+03  0.8329817E+01  0.1204614E+01 -0.1178972E+00  0.7495562E+00
   04  0.1153287E+03  0.8330338E+01  0.1212388E+01 -0.1227417E+00  0.7500778E+00
   04  0.1183111E+03  0.8330840E+01  0.1219564E+01 -0.1274449E+00  0.7505789E+00
   04  0.1212934E+03  0.8331318E+01  0.1226165E+01 -0.1319980E+00  0.7510572E+00
   04  0.1242758E+03  0.8331771E+01  0.1232220E+01 -0.1363811E+00  0.7515101E+00
   04  0.1272581E+03  0.8332196E+01  0.1237738E+01 -0.1405837E+00  0.7519349E+00
   04  0.1302404E+03  0.8332590E+01  0.1242721E+01 -0.1445969E+00  0.7523293E+00
   04  0.1332228E+03  0.8332937E+01  0.1247172E+01 -0.1485399E+00  0.7526764E+00
   04  0.1362051E+03  0.8333233E+01  0.1251084E+01 -0.1524271E+00  0.7529723E+00
   04  0.1391874E+03  0.8333478E+01  0.1254454E+01 -0.1562392E+00  0.7532176E+00
   04  0.1421698E+03  0.8333673E+01  0.1257280E+01 -0.1599591E+00  0.7534125E+00
   04  0.1451521E+03  0.8333818E+01  0.1259560E+01 -0.1635717E+00  0.7535571E+00
   04  0.1481344E+03  0.8333912E+01  0.1261296E+01 -0.1670633E+00  0.7536515E+00
   04  0.1511168E+03  0.8333956E+01  0.1262491E+01 -0.1704217E+00  0.7536955E+00
   04  0.1540991E+03  0.8333950E+01  0.1263151E+01 -0.1736359E+00  0.7536895E+00
   04  0.1570814E+03  0.8333894E+01  0.1263286E+01 -0.1766958E+00  0.7536335E+00
   04  0.1600638E+03  0.8333789E+01  0.1262907E+01 -0.1795925E+00  0.7535281E+00
   04  0.1630461E+03  0.8333634E+01  0.1262029E+01 -0.1823176E+00  0.7533738E+00
   04  0.1660284E+03  0.8333432E+01  0.1260671E+01 -0.1848620E+00  0.7531714E+00
   04  0.1690108E+03  0.8333183E+01  0.1258851E+01 -0.1872167E+00  0.7529220E+00
   04  0.1719931E+03  0.8332887E+01  0.1256592E+01 -0.1893757E+00  0.7526267E+00
   04  0.1749755E+03  0.8332547E+01  0.1253921E+01 -0.1913354E+00  0.7522868E+00
   04  0.1779578E+03  0.8332164E+01  0.1250864E+01 -0.1930944E+00  0.7519034E+00
   04  0.1809401E+03  0.8331739E+01  0.1247448E+01 -0.1946474E+00  0.7514785E+00
   04  0.1824313E+03  0.8331510E+01  0.1245618E+01 -0.1953347E+00  0.7512492E+00
   04  0.1839225E+03  0.8331271E+01  0.1243707E+01 -0.1959724E+00  0.7510102E+00
   04  0.1854136E+03  0.8331022E+01  0.1241715E+01 -0.1965618E+00  0.7507616E+00
   04  0.1869048E+03  0.8330764E+01  0.1239648E+01 -0.1971040E+00  0.7505037E+00
   04  0.1883960E+03  0.8330498E+01  0.1237508E+01 -0.1976012E+00  0.7502370E+00
   04  0.1898871E+03  0.8330223E+01  0.1235298E+01 -0.1980545E+00  0.7499620E+00
   04  0.1913783E+03  0.8329939E+01  0.1233021E+01 -0.1984646E+00  0.7496788E+00
   04  0.1928695E+03  0.8329649E+01  0.1230679E+01 -0.1988325E+00  0.7493881E+00
   04  0.1943606E+03  0.8329351E+01  0.1228278E+01 -0.1991588E+00  0.7490901E+00
   04  0.1958518E+03  0.8329046E+01  0.1225820E+01 -0.1994442E+00  0.7487853E+00
   04  0.1973430E+03  0.8328735E+01  0.1223309E+01 -0.1996893E+00  0.7484742E+00
   04  0.1988341E+03  0.8328418E+01  0.1220750E+01 -0.1998946E+00  0.7481570E+00
   04  0.2003253E+03  0.8328095E+01  0.1218145E+01 -0.2000606E+00  0.7478342E+00
   04  0.2018165E+03  0.8327767E+01  0.1215500E+01 -0.2001877E+00  0.7475063E+00
   04  0.2033076E+03  0.8327434E+01  0.1212818E+01 -0.2002760E+00  0.7471735E+00
   04  0.2047988E+03  0.8327097E+01  0.1210103E+01 -0.2003260E+00  0.7468363E+00
   04  0.2062900E+03  0.8326756E+01  0.1207360E+01 -0.2003376E+00  0.7464950E+00
   04  0.2077811E+03  0.8326411E+01  0.1204592E+01 -0.2003113E+00  0.7461501E+00
   04  0.2092723E+03  0.8326062E+01  0.1201803E+01 -0.2002474E+00  0.7458017E+00
   04  0.2107635E+03  0.8325711E+01  0.1198998E+01 -0.2001459E+00  0.7454505E+00
   04  0.2122546E+03  0.8325357E+01  0.1196180E+01 -0.2000072E+00  0.7450966E+00
   04  0.2137458E+03  0.8325001E+01  0.1193354E+01 -0.1998313E+00  0.7447404E+00
   04  0.2152370E+03  0.8324643E+01  0.1190524E+01 -0.1996183E+00  0.7443822E+00
   04  0.2167281E+03  0.8324283E+01  0.1187692E+01 -0.1993684E+00  0.7440225E+00
   04  0.2182193E+03  0.8323922E+01  0.1184864E+01 -0.1990817E+00  0.7436613E+00
   04  0.2197105E+03  0.8323560E+01  0.1182042E+01 -0.1987581E+00  0.7432992E+00
   04  0.2212017E+03  0.8323197E+01  0.1179231E+01 -0.1983976E+00  0.7429362E+00
   04  0.2226928E+03  0.8322833E+01  0.1176434E+01 -0.1980002E+00  0.7425728E+00
   04  0.2241840E+03  0.8322470E+01  0.1173655E+01 -0.1975660E+00  0.7422091E+00
   04  0.2256752E+03  0.8322106E+01  0.1170897E+01 -0.1970947E+00  0.7418455E+00
   04  0.2271663E+03  0.8321743E+01  0.1168163E+01 -0.1965862E+00  0.7414820E+00
   04  0.2286575E+03  0.8321380E+01  0.1165458E+01 -0.1960406E+00  0.7411190E+00
   04  0.2301487E+03  0.8321017E+01  0.1162783E+01 -0.1954574E+00  0.7407566E+00
   04  0.2316398E+03  0.8320656E+01  0.1160142E+01 -0.1948367E+00  0.7403950E+00
   04  0.2331310E+03  0.8320295E+01  0.1157538E+01 -0.1941780E+00  0.7400345E+00
   04  0.2346222E+03  0.8319936E+01  0.1154974E+01 -0.1934811E+00  0.7396750E+00
   04  0.2361133E+03  0.8319577E+01  0.1152454E+01 -0.1927457E+00  0.7393168E+00
   04  0.2376045E+03  0.8319221E+01  0.1149978E+01 -0.1919715E+00  0.7389601E+00
   04  0.2390957E+03  0.8318866E+01  0.1147552E+01 -0.1911628E+00  0.7386054E+00
   04  0.2405868E+03  0.8318516E+01  0.1145176E+01 -0.1903406E+00  0.7382558E+00
   04  0.2420780E+03  0.8318172E+01  0.1142852E+01 -0.1895053E+00  0.7379114E+00
   04  0.2435692E+03  0.8317833E+01  0.1140585E+01 -0.1886571E+00  0.7375724E+00
   04  0.2450603E+03  0.8317500E+01  0.1138375E+01 -0.1877963E+00  0.7372389E+00
   04  0.2465515E+03  0.8317172E+01  0.1136225E+01 -0.1869231E+00  0.7369111E+00
   04  0.2480427E+03  0.8316850E+01  0.1134138E+01 -0.1860379E+00  0.7365891E+00
   04  0.2495338E+03  0.8316534E+01  0.1132116E+01 -0.1851410E+00  0.7362730E+00
   04  0.2510250E+03  0.8316224E+01  0.1130159E+01 -0.1842323E+00  0.7359630E+00
   04  0.2525162E+03  0.8315920E+01  0.1128271E+01 -0.1833119E+00  0.7356592E+00
   04  0.2540073E+03  0.8315622E+01  0.1126453E+01 -0.1823801E+00  0.7353617E+00
   04  0.2554985E+03  0.8315331E+01  0.1124707E+01 -0.1814372E+00  0.7350704E+00
   04  0.2569897E+03  0.8315046E+01  0.1123033E+01 -0.1804833E+00  0.7347856E+00
   04  0.2584808E+03  0.8314768E+01  0.1121434E+01 -0.1795188E+00  0.7345073E+00
   04  0.2599720E+03  0.8314496E+01  0.1119910E+01 -0.1785440E+00  0.7342355E+00
   04  0.2614632E+03  0.8314231E+01  0.1118461E+01 -0.1775591E+00  0.7339704E+00
   04  0.2629543E+03  0.8313972E+01  0.1117096E+01 -0.1765643E+00  0.7337114E+00
   04  0.2644455E+03  0.8313719E+01  0.1115817E+01 -0.1755591E+00  0.7334583E+00
   04  0.2659367E+03  0.8313472E+01  0.1114625E+01 -0.1745433E+00  0.7332111E+00
   04  0.2674278E+03  0.8313230E+01  0.1113522E+01 -0.1735167E+00  0.7329698E+00
   04  0.2689190E+03  0.8312995E+01  0.1112506E+01 -0.1724792E+00  0.7327344E+00
   04  0.2704102E+03  0.8312766E+01  0.1111579E+01 -0.1714310E+00  0.7325050E+00
   04  0.2719014E+03  0.8312542E+01  0.1110741E+01 -0.1703721E+00  0.7322815E+00
   04  0.2733925E+03  0.8312325E+01  0.1109991E+01 -0.1693026E+00  0.7320639E+00
   04  0.2748837E+03  0.8312113E+01  0.1109331E+01 -0.1682226E+00  0.7318523E+00
   04  0.2763749E+03  0.8311907E+01  0.1108759E+01 -0.1671323E+00  0.7316465E+00
   04  0.2778660E+03  0.8311707E+01  0.1108276E+01 -0.1660318E+00  0.7314466E+00
   04  0.2793572E+03  0.8311513E+01  0.1107882E+01 -0.1649211E+00  0.7312525E+00
   04  0.2808484E+03  0.8311325E+01  0.1107575E+01 -0.1638008E+00  0.7310641E+00
   04  0.2823395E+03  0.8311142E+01  0.1107356E+01 -0.1626710E+00  0.7308814E+00
   04  0.2838307E+03  0.8310965E+01  0.1107224E+01 -0.1615322E+00  0.7307042E+00
   04  0.2853219E+03  0.8310793E+01  0.1107180E+01 -0.1603846E+00  0.7305325E+00
   04  0.2868130E+03  0.8310627E+01  0.1107221E+01 -0.1592281E+00  0.7303661E+00
   04  0.2883042E+03  0.8310466E+01  0.1107349E+01 -0.1580628E+00  0.7302049E+00
   04  0.2897954E+03  0.8310310E+01  0.1107562E+01 -0.1568887E+00  0.7300489E+00
   04  0.2912865E+03  0.8310159E+01  0.1107859E+01 -0.1557057E+00  0.7298979E+00
   04  0.2927777E+03  0.8310014E+01  0.1108257E+01 -0.1545075E+00  0.7297531E+00
   04  0.2942689E+03  0.8309877E+01  0.1108756E+01 -0.1532900E+00  0.7296159E+00
   04  0.2957600E+03  0.8309747E+01  0.1109351E+01 -0.1520539E+00  0.7294861E+00
   04  0.2972512E+03  0.8309624E+01  0.1110040E+01 -0.1507995E+00  0.7293634E+00
   04  0.2987424E+03  0.8309508E+01  0.1110821E+01 -0.1495272E+00  0.7292474E+00
   04  0.3002335E+03  0.8309398E+01  0.1111690E+01 -0.1482417E+00  0.7291375E+00
   04  0.3017247E+03  0.8309294E+01  0.1112644E+01 -0.1469443E+00  0.7290333E+00
   04  0.3032159E+03  0.8309195E+01  0.1113682E+01 -0.1456349E+00  0.7289347E+00
   04  0.3047070E+03  0.8309102E+01  0.1114800E+01 -0.1443135E+00  0.7288413E+00
   04  0.3061982E+03  0.8309014E+01  0.1115997E+01 -0.1429801E+00  0.7287531E+00
   04  0.3076894E+03  0.8308930E+01  0.1117270E+01 -0.1416346E+00  0.7286696E+00
   04  0.3091805E+03  0.8308851E+01  0.1118617E+01 -0.1402768E+00  0.7285907E+00
   04  0.3106717E+03  0.8308777E+01  0.1120037E+01 -0.1389066E+00  0.7285162E+00
   04  0.3121629E+03  0.8308706E+01  0.1121526E+01 -0.1375239E+00  0.7284457E+00
   04  0.3136540E+03  0.8308640E+01  0.1123083E+01 -0.1361284E+00  0.7283791E+00
   04  0.3151452E+03  0.8308577E+01  0.1124706E+01 -0.1347200E+00  0.7283161E+00
   04  0.3165017E+03  0.8308522E+01  0.1126235E+01 -0.1334262E+00  0.7282612E+00
   04  0.3178581E+03  0.8308470E+01  0.1127815E+01 -0.1321213E+00  0.7282089E+00
   04  0.3192146E+03  0.8308420E+01  0.1129445E+01 -0.1308050E+00  0.7281591E+00
   04  0.3205710E+03  0.8308372E+01  0.1131123E+01 -0.1294772E+00  0.7281114E+00
   04  0.3219275E+03  0.8308327E+01  0.1132850E+01 -0.1281376E+00  0.7280659E+00
   04  0.3232839E+03  0.8308283E+01  0.1134623E+01 -0.1267859E+00  0.7280223E+00
   04  0.3246404E+03  0.8308241E+01  0.1136442E+01 -0.1254221E+00  0.7279805E+00
   04  0.3259968E+03  0.8308201E+01  0.1138305E+01 -0.1240457E+00  0.7279404E+00
   04  0.3273533E+03  0.8308162E+01  0.1140212E+01 -0.1226566E+00  0.7279017E+00
   04  0.3287097E+03  0.8308125E+01  0.1142162E+01 -0.1212545E+00  0.7278645E+00
   04  0.3300662E+03  0.8308089E+01  0.1144153E+01 -0.1198391E+00  0.7278284E+00
   04  0.3314226E+03  0.8308054E+01  0.1146186E+01 -0.1184101E+00  0.7277935E+00
   04  0.3327791E+03  0.8308020E+01  0.1148260E+01 -0.1169670E+00  0.7277595E+00
   04  0.3341355E+03  0.8307987E+01  0.1150374E+01 -0.1155095E+00  0.7277265E+00
   04  0.3354920E+03  0.8307955E+01  0.1152528E+01 -0.1140373E+00  0.7276943E+00
   04  0.3368484E+03  0.8307924E+01  0.1154722E+01 -0.1125500E+00  0.7276629E+00
   04  0.3382049E+03  0.8307893E+01  0.1156955E+01 -0.1110471E+00  0.7276322E+00
   04  0.3395613E+03  0.8307863E+01  0.1159228E+01 -0.1095283E+00  0.7276021E+00
   04  0.3409178E+03  0.8307833E+01  0.1161541E+01 -0.1079929E+00  0.7275727E+00
   04  0.3422742E+03  0.8307805E+01  0.1163895E+01 -0.1064406E+00  0.7275439E+00
   04  0.3436307E+03  0.8307776E+01  0.1166289E+01 -0.1048707E+00  0.7275157E+00
   04  0.3449871E+03  0.8307748E+01  0.1168715E+01 -0.1032827E+00  0.7274874E+00
   04  0.3463436E+03  0.8307718E+01  0.1171157E+01 -0.1016765E+00  0.7274573E+00
   04  0.3477000E+03  0.8307686E+01  0.1173612E+01 -0.1000516E+00  0.7274250E+00
   04  0.3490565E+03  0.8307651E+01  0.1176076E+01 -0.9840805E-01  0.7273900E+00
   04  0.3504130E+03  0.8307613E+01  0.1178547E+01 -0.9674539E-01  0.7273521E+00
   04  0.3517694E+03  0.8307571E+01  0.1181021E+01 -0.9506337E-01  0.7273108E+00
   04  0.3531259E+03  0.8307526E+01  0.1183496E+01 -0.9336165E-01  0.7272657E+00
   04  0.3544823E+03  0.8307477E+01  0.1185969E+01 -0.9163986E-01  0.7272167E+00
   04  0.3558388E+03  0.8307424E+01  0.1188439E+01 -0.8989758E-01  0.7271634E+00
   04  0.3574665E+03  0.8307355E+01  0.1191404E+01 -0.8778181E-01  0.7270940E+00
   04  0.3590942E+03  0.8307278E+01  0.1194356E+01 -0.8563551E-01  0.7270176E+00
   04  0.3607220E+03  0.8307194E+01  0.1197291E+01 -0.8345762E-01  0.7269337E+00
   04  0.3623497E+03  0.8307103E+01  0.1200216E+01 -0.8124722E-01  0.7268427E+00
   04  0.3639775E+03  0.8307005E+01  0.1203127E+01 -0.7900452E-01  0.7267444E+00
   04  0.3656052E+03  0.8306899E+01  0.1206023E+01 -0.7672966E-01  0.7266384E+00
   04  0.3672329E+03  0.8306785E+01  0.1208900E+01 -0.7442275E-01  0.7265244E+00
   04  0.3688607E+03  0.8306663E+01  0.1211755E+01 -0.7208383E-01  0.7264021E+00
   04  0.3704884E+03  0.8306532E+01  0.1214587E+01 -0.6971288E-01  0.7262711E+00
   04  0.3721162E+03  0.8306392E+01  0.1217392E+01 -0.6730986E-01  0.7261312E+00
   04  0.3737439E+03  0.8306243E+01  0.1220167E+01 -0.6487466E-01  0.7259821E+00
   04  0.3753717E+03  0.8306084E+01  0.1222912E+01 -0.6240715E-01  0.7258234E+00
   04  0.3769994E+03  0.8305916E+01  0.1225622E+01 -0.5990530E-01  0.7256551E+00
   04  0.3786271E+03  0.8305738E+01  0.1228295E+01 -0.5736150E-01  0.7254774E+00
   04  0.3802549E+03  0.8305551E+01  0.1230930E+01 -0.5477592E-01  0.7252900E+00
   04  0.3818826E+03  0.8305353E+01  0.1233524E+01 -0.5214866E-01  0.7250925E+00
   04  0.3835104E+03  0.8305145E+01  0.1236074E+01 -0.4947977E-01  0.7248845E+00
   04  0.3851381E+03  0.8304926E+01  0.1238577E+01 -0.4676926E-01  0.7246657E+00
   04  0.3867658E+03  0.8304696E+01  0.1241031E+01 -0.4401710E-01  0.7244356E+00
   04  0.3883936E+03  0.8304455E+01  0.1243433E+01 -0.4122330E-01  0.7241940E+00
   04  0.3900213E+03  0.8304201E+01  0.1245782E+01 -0.3838778E-01  0.7239403E+00
   04  0.3916491E+03  0.8303935E+01  0.1248075E+01 -0.3550905E-01  0.7236740E+00
   04  0.3932768E+03  0.8303654E+01  0.1250309E+01 -0.3258294E-01  0.7233934E+00
   04  0.3949046E+03  0.8303359E+01  0.1252483E+01 -0.2961109E-01  0.7230983E+00
   04  0.3965323E+03  0.8303049E+01  0.1254594E+01 -0.2659467E-01  0.7227888E+00
   04  0.3981600E+03  0.8302725E+01  0.1256640E+01 -0.2353444E-01  0.7224646E+00
   04  0.3997878E+03  0.8302386E+01  0.1258619E+01 -0.2043086E-01  0.7221255E+00
   04  0.4014155E+03  0.8302032E+01  0.1260529E+01 -0.1728412E-01  0.7217715E+00
   04  0.4030433E+03  0.8301663E+01  0.1262369E+01 -0.1409416E-01  0.7214022E+00
   04  0.4046710E+03  0.8301278E+01  0.1264137E+01 -0.1086074E-01  0.7210175E+00
   04  0.4062987E+03  0.8300878E+01  0.1265830E+01 -0.7583438E-02  0.7206170E+00
   04  0.4079265E+03  0.8300461E+01  0.1267449E+01 -0.4261699E-02  0.7202007E+00
   04  0.4095542E+03  0.8300029E+01  0.1268991E+01 -0.8948292E-03  0.7197681E+00
   04  0.4111820E+03  0.8299580E+01  0.1270456E+01  0.2517978E-02  0.7193191E+00
   04  0.4128097E+03  0.8299114E+01  0.1271843E+01  0.5977601E-02  0.7188534E+00
   04  0.4144375E+03  0.8298631E+01  0.1273151E+01  0.9484978E-02  0.7183708E+00
   04  0.4160652E+03  0.8298132E+01  0.1274379E+01  0.1304119E-01  0.7178711E+00
   04  0.4176929E+03  0.8297615E+01  0.1275526E+01  0.1664737E-01  0.7173540E+00
   04  0.4193207E+03  0.8297080E+01  0.1276594E+01  0.2030476E-01  0.7168193E+00
   04  0.4209484E+03  0.8296527E+01  0.1277580E+01  0.2401460E-01  0.7162668E+00
   04  0.4225762E+03  0.8295957E+01  0.1278486E+01  0.2777823E-01  0.7156963E+00
   04  0.4242039E+03  0.8295368E+01  0.1279311E+01  0.3159702E-01  0.7151076E+00
   04  0.4258316E+03  0.8294761E+01  0.1280055E+01  0.3547238E-01  0.7145006E+00
   04  0.4274594E+03  0.8294136E+01  0.1280719E+01  0.3940577E-01  0.7138749E+00
   04  0.4290871E+03  0.8293491E+01  0.1281303E+01  0.4339866E-01  0.7132305E+00
   04  0.4307149E+03  0.8292828E+01  0.1281809E+01  0.4745257E-01  0.7125672E+00
   04  0.4323426E+03  0.8292146E+01  0.1282235E+01  0.5156905E-01  0.7118849E+00
   04  0.4339704E+03  0.8291444E+01  0.1282584E+01  0.5574966E-01  0.7111833E+00
   04  0.4355981E+03  0.8290723E+01  0.1282856E+01  0.5999597E-01  0.7104625E+00
   04  0.4372258E+03  0.8289983E+01  0.1283053E+01  0.6430957E-01  0.7097222E+00
   04  0.4388536E+03  0.8289223E+01  0.1283175E+01  0.6869205E-01  0.7089623E+00
   04  0.4404813E+03  0.8288443E+01  0.1283223E+01  0.7314501E-01  0.7081828E+00
   04  0.4421091E+03  0.8287644E+01  0.1283200E+01  0.7767003E-01  0.7073835E+00
   04  0.4437368E+03  0.8286825E+01  0.1283106E+01  0.8226872E-01  0.7065643E+00
   04  0.4453645E+03  0.8285986E+01  0.1282942E+01  0.8694266E-01  0.7057252E+00
   04  0.4469923E+03  0.8285127E+01  0.1282711E+01  0.9169344E-01  0.7048660E+00
   04  0.4486200E+03  0.8284247E+01  0.1282413E+01  0.9652262E-01  0.7039868E+00
   04  0.4502478E+03  0.8283348E+01  0.1282051E+01  0.1014318E+00  0.7030873E+00
   04  0.4518755E+03  0.8282428E+01  0.1281626E+01  0.1064225E+00  0.7021676E+00
   04  0.4535033E+03  0.8281488E+01  0.1281139E+01  0.1114963E+00  0.7012276E+00
   04  0.4551310E+03  0.8280528E+01  0.1280593E+01  0.1166546E+00  0.7002673E+00
   04  0.4567587E+03  0.8279547E+01  0.1279988E+01  0.1218991E+00  0.6992865E+00
   04  0.4583865E+03  0.8278546E+01  0.1279328E+01  0.1272294E+00  0.6982850E+00
   04  0.4600142E+03  0.8277523E+01  0.1278603E+01  0.1326469E+00  0.6972620E+00
   04  0.4616420E+03  0.8276478E+01  0.1277816E+01  0.1381529E+00  0.6962173E+00
   04  0.4632697E+03  0.8275411E+01  0.1276965E+01  0.1437489E+00  0.6951506E+00
   04  0.4648974E+03  0.8274323E+01  0.1276053E+01  0.1494361E+00  0.6940619E+00
   04  0.4665252E+03  0.8273212E+01  0.1275080E+01  0.1552158E+00  0.6929510E+00
   04  0.4681529E+03  0.8272079E+01  0.1274048E+01  0.1610895E+00  0.6918179E+00
   04  0.4697807E+03  0.8270923E+01  0.1272958E+01  0.1670583E+00  0.6906625E+00
   04  0.4714084E+03  0.8269745E+01  0.1271810E+01  0.1731235E+00  0.6894846E+00
   04  0.4730362E+03  0.8268545E+01  0.1270609E+01  0.1792863E+00  0.6882842E+00
   04  0.4746639E+03  0.8267322E+01  0.1269362E+01  0.1855477E+00  0.6870612E+00
   04  0.4762916E+03  0.8266076E+01  0.1268071E+01  0.1919091E+00  0.6858157E+00
   04  0.4779194E+03  0.8264808E+01  0.1266737E+01  0.1983715E+00  0.6845475E+00
   04  0.4795471E+03  0.8263517E+01  0.1265365E+01  0.2049363E+00  0.6832566E+00
   04  0.4811749E+03  0.8262204E+01  0.1263956E+01  0.2116045E+00  0.6819430E+00
   04  0.4828026E+03  0.8260867E+01  0.1262514E+01  0.2183776E+00  0.6806068E+00
   04  0.4844303E+03  0.8259508E+01  0.1261041E+01  0.2252566E+00  0.6792477E+00
   04  0.4860581E+03  0.8258127E+01  0.1259539E+01  0.2322429E+00  0.6778659E+00
   04  0.4876858E+03  0.8256722E+01  0.1258010E+01  0.2393376E+00  0.6764614E+00
   04  0.4893136E+03  0.8255295E+01  0.1256458E+01  0.2465421E+00  0.6750340E+00
   04  0.4909413E+03  0.8253844E+01  0.1254885E+01  0.2538576E+00  0.6735838E+00
   04  0.4925691E+03  0.8252371E+01  0.1253292E+01  0.2612854E+00  0.6721107E+00
   04  0.4941968E+03  0.8250875E+01  0.1251681E+01  0.2688268E+00  0.6706148E+00
   04  0.4958245E+03  0.8249357E+01  0.1250054E+01  0.2764829E+00  0.6690959E+00
   04  0.4974523E+03  0.8247815E+01  0.1248414E+01  0.2842551E+00  0.6675541E+00
   04  0.4990800E+03  0.8246250E+01  0.1246763E+01  0.2921448E+00  0.6659893E+00
   04  0.5007078E+03  0.8244662E+01  0.1245103E+01  0.3001530E+00  0.6644016E+00
   04  0.5023355E+03  0.8243052E+01  0.1243435E+01  0.3082813E+00  0.6627910E+00
   04  0.5039632E+03  0.8241418E+01  0.1241761E+01  0.3165307E+00  0.6611573E+00
   04  0.5055910E+03  0.8239761E+01  0.1240082E+01  0.3249027E+00  0.6595005E+00
   04  0.5072187E+03  0.8238081E+01  0.1238399E+01  0.3333985E+00  0.6578206E+00
   04  0.5088465E+03  0.8236378E+01  0.1236713E+01  0.3420193E+00  0.6561173E+00
   04  0.5104742E+03  0.8234651E+01  0.1235026E+01  0.3507663E+00  0.6543907E+00
   04  0.5121020E+03  0.8232901E+01  0.1233336E+01  0.3596408E+00  0.6526406E+00
   04  0.5137297E+03  0.8231128E+01  0.1231647E+01  0.3686440E+00  0.6508670E+00
   04  0.5153574E+03  0.8229330E+01  0.1229959E+01  0.3777770E+00  0.6490698E+00
   04  0.5169852E+03  0.8227509E+01  0.1228272E+01  0.3870411E+00  0.6472488E+00
   04  0.5186129E+03  0.8225665E+01  0.1226588E+01  0.3964374E+00  0.6454041E+00
   04  0.5202407E+03  0.8223796E+01  0.1224907E+01  0.4059669E+00  0.6435354E+00
   04  0.5218684E+03  0.8221903E+01  0.1223230E+01  0.4156310E+00  0.6416426E+00
   04  0.5234961E+03  0.8219986E+01  0.1221557E+01  0.4254305E+00  0.6397258E+00
   04  0.5251239E+03  0.8218045E+01  0.1219889E+01  0.4353666E+00  0.6377847E+00
   04  0.5267516E+03  0.8216080E+01  0.1218227E+01  0.4454404E+00  0.6358193E+00
   04  0.5283794E+03  0.8214090E+01  0.1216571E+01  0.4556527E+00  0.6338294E+00
   04  0.5300071E+03  0.8212076E+01  0.1214921E+01  0.4660047E+00  0.6318149E+00
   04  0.5316349E+03  0.8210036E+01  0.1213278E+01  0.4764971E+00  0.6297757E+00
   04  0.5332626E+03  0.8207972E+01  0.1211641E+01  0.4871310E+00  0.6277117E+00
   04  0.5348903E+03  0.8205883E+01  0.1210011E+01  0.4979072E+00  0.6256228E+00
   04  0.5365181E+03  0.8203770E+01  0.1208389E+01  0.5088265E+00  0.6235089E+00
   04  0.5381458E+03  0.8201630E+01  0.1206774E+01  0.5198897E+00  0.6213697E+00
   04  0.5397736E+03  0.8199466E+01  0.1205165E+01  0.5310976E+00  0.6192053E+00
   04  0.5414013E+03  0.8197276E+01  0.1203564E+01  0.5424508E+00  0.6170154E+00
   04  0.5430290E+03  0.8195061E+01  0.1201970E+01  0.5539500E+00  0.6148000E+00
   04  0.5446568E+03  0.8192819E+01  0.1200382E+01  0.5655958E+00  0.6125588E+00
   04  0.5462845E+03  0.8190552E+01  0.1198800E+01  0.5773888E+00  0.6102918E+00
   04  0.5479123E+03  0.8188260E+01  0.1197224E+01  0.5893295E+00  0.6079989E+00
   04  0.5495400E+03  0.8185940E+01  0.1195653E+01  0.6014183E+00  0.6056798E+00
   04  0.5511678E+03  0.8183595E+01  0.1194088E+01  0.6136557E+00  0.6033344E+00
   04  0.5527955E+03  0.8181223E+01  0.1192527E+01  0.6260419E+00  0.6009627E+00
   04  0.5544232E+03  0.8178825E+01  0.1190970E+01  0.6385773E+00  0.5985644E+00
   04  0.5560510E+03  0.8176400E+01  0.1189417E+01  0.6512621E+00  0.5961395E+00
   04  0.5576787E+03  0.8173948E+01  0.1187867E+01  0.6640964E+00  0.5936878E+00
   04  0.5593065E+03  0.8171470E+01  0.1186320E+01  0.6770803E+00  0.5912091E+00
   04  0.5609342E+03  0.8168964E+01  0.1184775E+01  0.6902139E+00  0.5887033E+00
   04  0.5625619E+03  0.8166431E+01  0.1183231E+01  0.7034971E+00  0.5861703E+00
   04  0.5641897E+03  0.8163871E+01  0.1181689E+01  0.7169298E+00  0.5836099E+00
   04  0.5658174E+03  0.8161283E+01  0.1180147E+01  0.7305118E+00  0.5810220E+00
   04  0.5674452E+03  0.8158667E+01  0.1178604E+01  0.7442429E+00  0.5784065E+00
   04  0.5690729E+03  0.8156024E+01  0.1177060E+01  0.7581227E+00  0.5757633E+00
   04  0.5707007E+03  0.8153353E+01  0.1175514E+01  0.7721509E+00  0.5730921E+00
   04  0.5723284E+03  0.8150654E+01  0.1173966E+01  0.7863269E+00  0.5703930E+00
   04  0.5739561E+03  0.8147926E+01  0.1172414E+01  0.8006502E+00  0.5676657E+00
   04  0.5755839E+03  0.8145171E+01  0.1170857E+01  0.8151202E+00  0.5649101E+00
   04  0.5772116E+03  0.8142387E+01  0.1169296E+01  0.8297361E+00  0.5621262E+00
   04  0.5788394E+03  0.8139574E+01  0.1167728E+01  0.8444972E+00  0.5593138E+00
   04  0.5804671E+03  0.8136733E+01  0.1166154E+01  0.8594019E+00  0.5564727E+00
   04  0.5820948E+03  0.8133863E+01  0.1164571E+01  0.8744487E+00  0.5536027E+00
   04  0.5837226E+03  0.8130964E+01  0.1162980E+01  0.8896365E+00  0.5507038E+00
   04  0.5853503E+03  0.8128036E+01  0.1161379E+01  0.9049641E+00  0.5477757E+00
   04  0.5869781E+03  0.8125079E+01  0.1159768E+01  0.9204303E+00  0.5448185E+00
   04  0.5886058E+03  0.8122093E+01  0.1158145E+01  0.9360337E+00  0.5418320E+00
   04  0.5902336E+03  0.8119077E+01  0.1156508E+01  0.9517729E+00  0.5388160E+00
   04  0.5918613E+03  0.8116031E+01  0.1154856E+01  0.9676462E+00  0.5357703E+00
   04  0.5934890E+03  0.8112955E+01  0.1153186E+01  0.9836520E+00  0.5326948E+00
   04  0.5951168E+03  0.8109850E+01  0.1151498E+01  0.9997884E+00  0.5295895E+00
   04  0.5967445E+03  0.8106715E+01  0.1149789E+01  0.1016053E+01  0.5264542E+00
   04  0.5983723E+03  0.8103549E+01  0.1148058E+01  0.1032445E+01  0.5232888E+00
