# gauge_id= 603 location=( -0.1241950425E+03  0.4175001983E+02 ) num_var=  4
# Stationary gauge
# level, time, q[  1  2  3], eta, aux[]
# file format ascii, time series follow in this file
   04  0.0000000E+00  0.4377648E+01  0.0000000E+00  0.0000000E+00  0.0000000E+00
   04  0.1000000E+01  0.4377648E+01 -0.9472134E-17  0.9354202E-19  0.6354143E+00
   04  0.1015873E+01  0.4377649E+01  0.1168407E-03 -0.3761963E-06  0.6354150E+00
   04  0.1031746E+01  0.4377649E+01  0.2336798E-03 -0.7532054E-06  0.6354156E+00
   04  0.1047619E+01  0.4377650E+01  0.3505173E-03 -0.1131030E-05  0.6354163E+00
   04  0.1063492E+01  0.4377651E+01  0.4673532E-03 -0.1509671E-05  0.6354170E+00
   04  0.1079365E+01  0.4377651E+01  0.5841875E-03 -0.1889130E-05  0.6354177E+00
   04  0.1095238E+01  0.4377652E+01  0.7010203E-03 -0.2269411E-05  0.6354183E+00
   04  0.1111111E+01  0.4377653E+01  0.8178515E-03 -0.2650515E-05  0.6354190E+00
   04  0.1126984E+01  0.4377653E+01  0.9346812E-03 -0.3032444E-05  0.6354197E+00
   04  0.1142857E+01  0.4377654E+01  0.1051509E-02 -0.3415199E-05  0.6354204E+00
   04  0.1158730E+01  0.4377655E+01  0.1168336E-02 -0.3798784E-05  0.6354211E+00
   04  0.1174603E+01  0.4377655E+01  0.1285161E-02 -0.4183199E-05  0.6354218E+00
   04  0.1190476E+01  0.4377656E+01  0.1401985E-02 -0.4568448E-05  0.6354225E+00
   04  0.1206349E+01  0.4377657E+01  0.1518808E-02 -0.4954532E-05  0.6354232E+00
   04  0.1222222E+01  0.4377657E+01  0.1635629E-02 -0.5341452E-05  0.6354239E+00
   04  0.1238095E+01  0.4377658E+01  0.1752449E-02 -0.5729212E-05  0.6354246E+00
   04  0.1253968E+01  0.4377659E+01  0.1869267E-02 -0.6117813E-05  0.6354253E+00
   04  0.1269841E+01  0.4377660E+01  0.1986084E-02 -0.6507258E-05  0.6354260E+00
   04  0.1285714E+01  0.4377660E+01  0.2102900E-02 -0.6897547E-05  0.6354267E+00
   04  0.1301587E+01  0.4377661E+01  0.2219714E-02 -0.7288684E-05  0.6354274E+00
   04  0.1317460E+01  0.4377662E+01  0.2336527E-02 -0.7680671E-05  0.6354282E+00
   04  0.1333333E+01  0.4377663E+01  0.2453339E-02 -0.8073509E-05  0.6354289E+00
   04  0.1349206E+01  0.4377663E+01  0.2570150E-02 -0.8467200E-05  0.6354296E+00
   04  0.1365079E+01  0.4377664E+01  0.2686959E-02 -0.8861748E-05  0.6354304E+00
   04  0.1380952E+01  0.4377665E+01  0.2803767E-02 -0.9257153E-05  0.6354311E+00
   04  0.1396825E+01  0.4377665E+01  0.2920574E-02 -0.9653418E-05  0.6354318E+00
   04  0.1412698E+01  0.4377666E+01  0.3037380E-02 -0.1005054E-04  0.6354326E+00
   04  0.1428571E+01  0.4377667E+01  0.3154185E-02 -0.1044854E-04  0.6354333E+00
   04  0.1476190E+01  0.4377669E+01  0.3504614E-02 -0.1163793E-04  0.6354356E+00
   04  0.1523810E+01  0.4377672E+01  0.3855033E-02 -0.1283521E-04  0.6354379E+00
   04  0.1571429E+01  0.4377674E+01  0.4205443E-02 -0.1404045E-04  0.6354402E+00
   04  0.1619048E+01  0.4377676E+01  0.4555845E-02 -0.1525369E-04  0.6354426E+00
   04  0.1666667E+01  0.4377679E+01  0.4906238E-02 -0.1647499E-04  0.6354450E+00
   04  0.1714286E+01  0.4377681E+01  0.5256623E-02 -0.1770442E-04  0.6354475E+00
   04  0.1761905E+01  0.4377684E+01  0.5607001E-02 -0.1894203E-04  0.6354499E+00
   04  0.1809524E+01  0.4377686E+01  0.5957373E-02 -0.2018789E-04  0.6354524E+00
   04  0.1857143E+01  0.4377689E+01  0.6307738E-02 -0.2144204E-04  0.6354550E+00
   04  0.1904762E+01  0.4377691E+01  0.6658098E-02 -0.2270456E-04  0.6354575E+00
   04  0.1952381E+01  0.4377694E+01  0.7008453E-02 -0.2397551E-04  0.6354601E+00
   04  0.2000000E+01  0.4377696E+01  0.7358803E-02 -0.2525494E-04  0.6354627E+00
   04  0.5727919E+01  0.4378000E+01  0.3496094E-01 -0.9898557E-04  0.6357660E+00
   04  0.9455838E+01  0.4378510E+01  0.6262341E-01 -0.2844260E-03  0.6362762E+00
   04  0.1318376E+02  0.4379247E+01  0.9056454E-01 -0.5856603E-03  0.6370133E+00
   04  0.1691168E+02  0.4380219E+01  0.1189715E+00 -0.9422043E-03  0.6379858E+00
   04  0.2063960E+02  0.4381440E+01  0.1480038E+00 -0.1347781E-02  0.6392063E+00
   04  0.2436752E+02  0.4382918E+01  0.1777931E+00 -0.1795164E-02  0.6406847E+00
   04  0.2809543E+02  0.4384661E+01  0.2084424E+00 -0.2277007E-02  0.6424278E+00
   04  0.3182335E+02  0.4386674E+01  0.2400299E+00 -0.2786315E-02  0.6444399E+00
   04  0.3555127E+02  0.4388956E+01  0.2726068E+00 -0.3316838E-02  0.6467222E+00
   04  0.3927919E+02  0.4391507E+01  0.3062002E+00 -0.3863030E-02  0.6492730E+00
   04  0.4300711E+02  0.4394322E+01  0.3408134E+00 -0.4420121E-02  0.6520879E+00
   04  0.4673503E+02  0.4397393E+01  0.3764264E+00 -0.4984285E-02  0.6551598E+00
   04  0.5046295E+02  0.4400713E+01  0.4129994E+00 -0.5552323E-02  0.6584790E+00
   04  0.5419087E+02  0.4404267E+01  0.4504765E+00 -0.6121428E-02  0.6620336E+00
   04  0.5791879E+02  0.4408022E+01  0.4886154E+00 -0.6686683E-02  0.6657880E+00
   04  0.6164671E+02  0.4411933E+01  0.5271155E+00 -0.7246183E-02  0.6696990E+00
   04  0.6537463E+02  0.4415961E+01  0.5657018E+00 -0.7805439E-02  0.6737270E+00
   04  0.6910255E+02  0.4420069E+01  0.6041259E+00 -0.8370281E-02  0.6778351E+00
   04  0.7283047E+02  0.4424223E+01  0.6421640E+00 -0.8945812E-02  0.6819889E+00
   04  0.7655838E+02  0.4428390E+01  0.6796160E+00 -0.9535749E-02  0.6861568E+00
   04  0.8028630E+02  0.4432543E+01  0.7163038E+00 -0.1014207E-01  0.6903095E+00
   04  0.8401422E+02  0.4436654E+01  0.7520695E+00 -0.1076488E-01  0.6944200E+00
   04  0.8774214E+02  0.4440697E+01  0.7867745E+00 -0.1140250E-01  0.6984634E+00
   04  0.9147006E+02  0.4444651E+01  0.8202987E+00 -0.1205156E-01  0.7024171E+00
   04  0.9445240E+02  0.4447733E+01  0.8461425E+00 -0.1242508E-01  0.7054996E+00
   04  0.9743473E+02  0.4450732E+01  0.8711000E+00 -0.1280919E-01  0.7084986E+00
   04  0.1004171E+03  0.4453640E+01  0.8951391E+00 -0.1320102E-01  0.7114060E+00
   04  0.1033994E+03  0.4456449E+01  0.9182350E+00 -0.1359743E-01  0.7142150E+00
   04  0.1063817E+03  0.4459153E+01  0.9403711E+00 -0.1399515E-01  0.7169196E+00
   04  0.1093641E+03  0.4461748E+01  0.9615381E+00 -0.1438987E-01  0.7195146E+00
   04  0.1123464E+03  0.4464194E+01  0.9814399E+00 -0.1477230E-01  0.7219605E+00
   04  0.1153287E+03  0.4466462E+01  0.9998605E+00 -0.1513821E-01  0.7242285E+00
   04  0.1183111E+03  0.4468563E+01  0.1016898E+01 -0.1549052E-01  0.7263293E+00
   04  0.1212934E+03  0.4470506E+01  0.1032644E+01 -0.1582914E-01  0.7282728E+00
   04  0.1242758E+03  0.4472302E+01  0.1047186E+01 -0.1615294E-01  0.7300684E+00
   04  0.1272581E+03  0.4473958E+01  0.1060607E+01 -0.1645801E-01  0.7317248E+00
   04  0.1302404E+03  0.4475484E+01  0.1072981E+01 -0.1674043E-01  0.7332499E+00
   04  0.1332228E+03  0.4476884E+01  0.1084369E+01 -0.1699655E-01  0.7346503E+00
   04  0.1362051E+03  0.4478165E+01  0.1094825E+01 -0.1722312E-01  0.7359315E+00
   04  0.1391874E+03  0.4479332E+01  0.1104395E+01 -0.1741751E-01  0.7370987E+00
   04  0.1421698E+03  0.4480390E+01  0.1113124E+01 -0.1757762E-01  0.7381563E+00
   04  0.1451521E+03  0.4481342E+01  0.1121052E+01 -0.1770185E-01  0.7391087E+00
   04  0.1481344E+03  0.4482193E+01  0.1128217E+01 -0.1778909E-01  0.7399598E+00
   04  0.1511168E+03  0.4482947E+01  0.1134655E+01 -0.1783861E-01  0.7407131E+00
   04  0.1540991E+03  0.4483605E+01  0.1140396E+01 -0.1785003E-01  0.7413716E+00
   04  0.1570814E+03  0.4484172E+01  0.1145470E+01 -0.1782329E-01  0.7419384E+00
   04  0.1600638E+03  0.4484650E+01  0.1149904E+01 -0.1775857E-01  0.7424161E+00
   04  0.1630461E+03  0.4485041E+01  0.1153725E+01 -0.1765626E-01  0.7428070E+00
   04  0.1660284E+03  0.4485347E+01  0.1156955E+01 -0.1751693E-01  0.7431136E+00
   04  0.1690108E+03  0.4485572E+01  0.1159618E+01 -0.1734129E-01  0.7433379E+00
   04  0.1719931E+03  0.4485716E+01  0.1161735E+01 -0.1713014E-01  0.7434820E+00
   04  0.1749755E+03  0.4485782E+01  0.1163328E+01 -0.1688433E-01  0.7435480E+00
   04  0.1779578E+03  0.4485771E+01  0.1164418E+01 -0.1660476E-01  0.7435378E+00
   04  0.1809401E+03  0.4485687E+01  0.1165024E+01 -0.1629248E-01  0.7434535E+00
   04  0.1824313E+03  0.4485625E+01  0.1165216E+01 -0.1610042E-01  0.7433919E+00
   04  0.1839225E+03  0.4485562E+01  0.1165403E+01 -0.1590288E-01  0.7433281E+00
   04  0.1854136E+03  0.4485496E+01  0.1165586E+01 -0.1569874E-01  0.7432621E+00
   04  0.1869048E+03  0.4485427E+01  0.1165762E+01 -0.1548773E-01  0.7431936E+00
   04  0.1883960E+03  0.4485357E+01  0.1165932E+01 -0.1527886E-01  0.7431236E+00
   04  0.1898871E+03  0.4485286E+01  0.1166095E+01 -0.1507205E-01  0.7430520E+00
   04  0.1913783E+03  0.4485212E+01  0.1166249E+01 -0.1486721E-01  0.7429787E+00
   04  0.1928695E+03  0.4485137E+01  0.1166394E+01 -0.1466422E-01  0.7429034E+00
   04  0.1943606E+03  0.4485060E+01  0.1166528E+01 -0.1446297E-01  0.7428260E+00
   04  0.1958518E+03  0.4484980E+01  0.1166651E+01 -0.1426331E-01  0.7427464E+00
   04  0.1973430E+03  0.4484898E+01  0.1166761E+01 -0.1406510E-01  0.7426642E+00
   04  0.1988341E+03  0.4484813E+01  0.1166858E+01 -0.1386817E-01  0.7425794E+00
   04  0.2003253E+03  0.4484725E+01  0.1166939E+01 -0.1367235E-01  0.7424918E+00
   04  0.2018165E+03  0.4484635E+01  0.1167004E+01 -0.1347746E-01  0.7424010E+00
   04  0.2033076E+03  0.4484541E+01  0.1167051E+01 -0.1328331E-01  0.7423070E+00
   04  0.2047988E+03  0.4484443E+01  0.1167080E+01 -0.1308970E-01  0.7422095E+00
   04  0.2062900E+03  0.4484342E+01  0.1167090E+01 -0.1289643E-01  0.7421083E+00
   04  0.2077811E+03  0.4484237E+01  0.1167078E+01 -0.1270329E-01  0.7420032E+00
   04  0.2092723E+03  0.4484128E+01  0.1167044E+01 -0.1251005E-01  0.7418939E+00
   04  0.2107635E+03  0.4484014E+01  0.1166988E+01 -0.1231652E-01  0.7417804E+00
   04  0.2122546E+03  0.4483896E+01  0.1166906E+01 -0.1212245E-01  0.7416624E+00
   04  0.2137458E+03  0.4483773E+01  0.1166800E+01 -0.1192765E-01  0.7415396E+00
   04  0.2152370E+03  0.4483646E+01  0.1166667E+01 -0.1173188E-01  0.7414120E+00
   04  0.2167281E+03  0.4483513E+01  0.1166507E+01 -0.1153492E-01  0.7412793E+00
   04  0.2182193E+03  0.4483375E+01  0.1166319E+01 -0.1133657E-01  0.7411413E+00
   04  0.2197105E+03  0.4483231E+01  0.1166102E+01 -0.1113660E-01  0.7409979E+00
   04  0.2212017E+03  0.4483082E+01  0.1165855E+01 -0.1093482E-01  0.7408488E+00
   04  0.2226928E+03  0.4482928E+01  0.1165578E+01 -0.1073101E-01  0.7406941E+00
   04  0.2241840E+03  0.4482767E+01  0.1165270E+01 -0.1052498E-01  0.7405334E+00
   04  0.2256752E+03  0.4482600E+01  0.1164930E+01 -0.1031653E-01  0.7403667E+00
   04  0.2271663E+03  0.4482428E+01  0.1164557E+01 -0.1010550E-01  0.7401939E+00
   04  0.2286575E+03  0.4482248E+01  0.1164153E+01 -0.9891689E-02  0.7400148E+00
   04  0.2301487E+03  0.4482063E+01  0.1163715E+01 -0.9674946E-02  0.7398293E+00
   04  0.2316398E+03  0.4481871E+01  0.1163244E+01 -0.9455111E-02  0.7396374E+00
   04  0.2331310E+03  0.4481673E+01  0.1162740E+01 -0.9232037E-02  0.7394389E+00
   04  0.2346222E+03  0.4481467E+01  0.1162203E+01 -0.9005583E-02  0.7392338E+00
   04  0.2361133E+03  0.4481256E+01  0.1161632E+01 -0.8775618E-02  0.7390220E+00
   04  0.2376045E+03  0.4481037E+01  0.1161028E+01 -0.8542022E-02  0.7388034E+00
   04  0.2390957E+03  0.4480812E+01  0.1160390E+01 -0.8304689E-02  0.7385781E+00
   04  0.2405868E+03  0.4480580E+01  0.1159721E+01 -0.8063534E-02  0.7383461E+00
   04  0.2420780E+03  0.4480341E+01  0.1159019E+01 -0.7818469E-02  0.7381074E+00
   04  0.2435692E+03  0.4480096E+01  0.1158287E+01 -0.7569419E-02  0.7378621E+00
   04  0.2450603E+03  0.4479844E+01  0.1157526E+01 -0.7316318E-02  0.7376101E+00
   04  0.2465515E+03  0.4479585E+01  0.1156735E+01 -0.7059110E-02  0.7373516E+00
   04  0.2480427E+03  0.4479320E+01  0.1155916E+01 -0.6797751E-02  0.7370867E+00
   04  0.2495338E+03  0.4479049E+01  0.1155071E+01 -0.6532207E-02  0.7368153E+00
   04  0.2510250E+03  0.4478771E+01  0.1154201E+01 -0.6262485E-02  0.7365377E+00
   04  0.2525162E+03  0.4478488E+01  0.1153306E+01 -0.5988600E-02  0.7362539E+00
   04  0.2540073E+03  0.4478198E+01  0.1152388E+01 -0.5710562E-02  0.7359641E+00
   04  0.2554985E+03  0.4477902E+01  0.1151450E+01 -0.5428394E-02  0.7356684E+00
   04  0.2569897E+03  0.4477600E+01  0.1150491E+01 -0.5142124E-02  0.7353669E+00
   04  0.2584808E+03  0.4477293E+01  0.1149514E+01 -0.4851781E-02  0.7350597E+00
   04  0.2599720E+03  0.4476981E+01  0.1148520E+01 -0.4557391E-02  0.7347472E+00
   04  0.2614632E+03  0.4476663E+01  0.1147511E+01 -0.4258949E-02  0.7344293E+00
   04  0.2629543E+03  0.4476340E+01  0.1146489E+01 -0.3956596E-02  0.7341064E+00
   04  0.2644455E+03  0.4476012E+01  0.1145456E+01 -0.3650513E-02  0.7337785E+00
   04  0.2659367E+03  0.4475680E+01  0.1144412E+01 -0.3340835E-02  0.7334459E+00
   04  0.2674278E+03  0.4475342E+01  0.1143360E+01 -0.3027708E-02  0.7331088E+00
   04  0.2689190E+03  0.4475001E+01  0.1142301E+01 -0.2711287E-02  0.7327674E+00
   04  0.2704102E+03  0.4474655E+01  0.1141238E+01 -0.2391738E-02  0.7324218E+00
   04  0.2719014E+03  0.4474306E+01  0.1140172E+01 -0.2069236E-02  0.7320724E+00
   04  0.2733925E+03  0.4473953E+01  0.1139105E+01 -0.1743964E-02  0.7317193E+00
   04  0.2748837E+03  0.4473596E+01  0.1138039E+01 -0.1416113E-02  0.7313627E+00
   04  0.2763749E+03  0.4473237E+01  0.1136975E+01 -0.1085882E-02  0.7310029E+00
   04  0.2778660E+03  0.4472874E+01  0.1135915E+01 -0.7534767E-03  0.7306401E+00
   04  0.2793572E+03  0.4472508E+01  0.1134862E+01 -0.4191102E-03  0.7302744E+00
   04  0.2808484E+03  0.4472140E+01  0.1133816E+01 -0.8309039E-04  0.7299062E+00
   04  0.2823395E+03  0.4471769E+01  0.1132779E+01  0.2543283E-03  0.7295357E+00
   04  0.2838307E+03  0.4471396E+01  0.1131753E+01  0.5889167E-03  0.7291625E+00
   04  0.2853219E+03  0.4471020E+01  0.1130740E+01  0.9192757E-03  0.7287868E+00
   04  0.2868130E+03  0.4470642E+01  0.1129742E+01  0.1245352E-02  0.7284088E+00
   04  0.2883042E+03  0.4470262E+01  0.1128759E+01  0.1567089E-02  0.7280288E+00
   04  0.2897954E+03  0.4469881E+01  0.1127794E+01  0.1884426E-02  0.7276470E+00
   04  0.2912865E+03  0.4469497E+01  0.1126848E+01  0.2197298E-02  0.7272636E+00
   04  0.2927777E+03  0.4469113E+01  0.1125924E+01  0.2505806E-02  0.7268790E+00
   04  0.2942689E+03  0.4468727E+01  0.1125023E+01  0.2810264E-02  0.7264933E+00
   04  0.2957600E+03  0.4468341E+01  0.1124147E+01  0.3110701E-02  0.7261069E+00
   04  0.2972512E+03  0.4467954E+01  0.1123297E+01  0.3407108E-02  0.7257199E+00
   04  0.2987424E+03  0.4467566E+01  0.1122477E+01  0.3699442E-02  0.7253327E+00
   04  0.3002335E+03  0.4467179E+01  0.1121686E+01  0.3987629E-02  0.7249454E+00
   04  0.3017247E+03  0.4466792E+01  0.1120927E+01  0.4271557E-02  0.7245583E+00
   04  0.3032159E+03  0.4466405E+01  0.1120201E+01  0.4551110E-02  0.7241716E+00
   04  0.3047070E+03  0.4466019E+01  0.1119510E+01  0.4826164E-02  0.7237855E+00
   04  0.3061982E+03  0.4465634E+01  0.1118854E+01  0.5096594E-02  0.7234003E+00
   04  0.3076894E+03  0.4465250E+01  0.1118235E+01  0.5362269E-02  0.7230161E+00
   04  0.3091805E+03  0.4464867E+01  0.1117655E+01  0.5623063E-02  0.7226331E+00
   04  0.3106717E+03  0.4464485E+01  0.1117113E+01  0.5878851E-02  0.7222515E+00
   04  0.3121629E+03  0.4464105E+01  0.1116610E+01  0.6129516E-02  0.7218715E+00
   04  0.3136540E+03  0.4463727E+01  0.1116148E+01  0.6374947E-02  0.7214931E+00
   04  0.3151452E+03  0.4463350E+01  0.1115727E+01  0.6615042E-02  0.7211166E+00
   04  0.3165017E+03  0.4463009E+01  0.1115380E+01  0.6827841E-02  0.7207757E+00
   04  0.3178581E+03  0.4462670E+01  0.1115068E+01  0.7036116E-02  0.7204365E+00
   04  0.3192146E+03  0.4462333E+01  0.1114789E+01  0.7239815E-02  0.7200989E+00
   04  0.3205710E+03  0.4461997E+01  0.1114545E+01  0.7438895E-02  0.7197631E+00
   04  0.3219275E+03  0.4461663E+01  0.1114336E+01  0.7633325E-02  0.7194291E+00
   04  0.3232839E+03  0.4461330E+01  0.1114160E+01  0.7823085E-02  0.7190967E+00
   04  0.3246404E+03  0.4461000E+01  0.1114018E+01  0.8008165E-02  0.7187662E+00
   04  0.3259968E+03  0.4460671E+01  0.1113909E+01  0.8188566E-02  0.7184373E+00
   04  0.3273533E+03  0.4460344E+01  0.1113833E+01  0.8364296E-02  0.7181101E+00
   04  0.3287097E+03  0.4460018E+01  0.1113787E+01  0.8535375E-02  0.7177845E+00
   04  0.3300662E+03  0.4459694E+01  0.1113772E+01  0.8701830E-02  0.7174603E+00
   04  0.3314226E+03  0.4459371E+01  0.1113787E+01  0.8863693E-02  0.7171374E+00
   04  0.3327791E+03  0.4459049E+01  0.1113828E+01  0.9020996E-02  0.7168158E+00
   04  0.3341355E+03  0.4458729E+01  0.1113896E+01  0.9173783E-02  0.7164951E+00
   04  0.3354920E+03  0.4458409E+01  0.1113987E+01  0.9322105E-02  0.7161752E+00
   04  0.3368484E+03  0.4458090E+01  0.1114100E+01  0.9466017E-02  0.7158559E+00
   04  0.3382049E+03  0.4457770E+01  0.1114232E+01  0.9605581E-02  0.7155368E+00
   04  0.3395613E+03  0.4457451E+01  0.1114380E+01  0.9740861E-02  0.7152176E+00
   04  0.3409178E+03  0.4457132E+01  0.1114542E+01  0.9871924E-02  0.7148979E+00
   04  0.3422742E+03  0.4456811E+01  0.1114712E+01  0.9998839E-02  0.7145774E+00
   04  0.3436307E+03  0.4456489E+01  0.1114889E+01  0.1012167E-01  0.7142555E+00
   04  0.3449871E+03  0.4456175E+01  0.1115131E+01  0.1023999E-01  0.7139412E+00
   04  0.3463436E+03  0.4455879E+01  0.1115513E+01  0.1035351E-01  0.7136452E+00
   04  0.3477000E+03  0.4455599E+01  0.1116021E+01  0.1046296E-01  0.7133653E+00
   04  0.3490565E+03  0.4455334E+01  0.1116644E+01  0.1056898E-01  0.7130999E+00
   04  0.3504130E+03  0.4455081E+01  0.1117372E+01  0.1067213E-01  0.7128474E+00
   04  0.3517694E+03  0.4454840E+01  0.1118199E+01  0.1077293E-01  0.7126067E+00
   04  0.3531259E+03  0.4454610E+01  0.1119115E+01  0.1087185E-01  0.7123766E+00
   04  0.3544823E+03  0.4454390E+01  0.1120116E+01  0.1096930E-01  0.7121562E+00
   04  0.3558388E+03  0.4454178E+01  0.1121195E+01  0.1106568E-01  0.7119446E+00
   04  0.3574665E+03  0.4453934E+01  0.1122584E+01  0.1118076E-01  0.7117007E+00
   04  0.3590942E+03  0.4453701E+01  0.1124072E+01  0.1129526E-01  0.7114674E+00
   04  0.3607220E+03  0.4453477E+01  0.1125650E+01  0.1140959E-01  0.7112434E+00
   04  0.3623497E+03  0.4453261E+01  0.1127311E+01  0.1152458E-01  0.7110277E+00
   04  0.3639775E+03  0.4453053E+01  0.1129049E+01  0.1164089E-01  0.7108192E+00
   04  0.3656052E+03  0.4452851E+01  0.1130857E+01  0.1175914E-01  0.7106171E+00
   04  0.3672329E+03  0.4452654E+01  0.1132730E+01  0.1187992E-01  0.7104204E+00
   04  0.3688607E+03  0.4452462E+01  0.1134662E+01  0.1200378E-01  0.7102283E+00
   04  0.3704884E+03  0.4452274E+01  0.1136649E+01  0.1213123E-01  0.7100400E+00
   04  0.3721162E+03  0.4452088E+01  0.1138683E+01  0.1226279E-01  0.7098546E+00
   04  0.3737439E+03  0.4451905E+01  0.1140762E+01  0.1239890E-01  0.7096714E+00
   04  0.3753717E+03  0.4451723E+01  0.1142881E+01  0.1254002E-01  0.7094895E+00
   04  0.3769994E+03  0.4451542E+01  0.1145034E+01  0.1268657E-01  0.7093084E+00
   04  0.3786271E+03  0.4451361E+01  0.1147218E+01  0.1283893E-01  0.7091272E+00
   04  0.3802549E+03  0.4451179E+01  0.1149429E+01  0.1299749E-01  0.7089453E+00
   04  0.3818826E+03  0.4450996E+01  0.1151662E+01  0.1316257E-01  0.7087619E+00
   04  0.3835104E+03  0.4450810E+01  0.1153912E+01  0.1333451E-01  0.7085764E+00
   04  0.3851381E+03  0.4450622E+01  0.1156177E+01  0.1351361E-01  0.7083881E+00
   04  0.3867658E+03  0.4450430E+01  0.1158451E+01  0.1370016E-01  0.7081963E+00
   04  0.3883936E+03  0.4450234E+01  0.1160732E+01  0.1389441E-01  0.7080003E+00
   04  0.3900213E+03  0.4450033E+01  0.1163014E+01  0.1409659E-01  0.7077996E+00
   04  0.3916491E+03  0.4449827E+01  0.1165295E+01  0.1430687E-01  0.7075934E+00
   04  0.3932768E+03  0.4449615E+01  0.1167571E+01  0.1452546E-01  0.7073811E+00
   04  0.3949046E+03  0.4449396E+01  0.1169836E+01  0.1475254E-01  0.7071620E+00
   04  0.3965323E+03  0.4449169E+01  0.1172089E+01  0.1498829E-01  0.7069356E+00
   04  0.3981600E+03  0.4448935E+01  0.1174326E+01  0.1523290E-01  0.7067012E+00
   04  0.3997878E+03  0.4448692E+01  0.1176543E+01  0.1548654E-01  0.7064582E+00
   04  0.4014155E+03  0.4448440E+01  0.1178736E+01  0.1574937E-01  0.7062060E+00
   04  0.4030433E+03  0.4448178E+01  0.1180904E+01  0.1602158E-01  0.7059441E+00
   04  0.4046710E+03  0.4447905E+01  0.1183043E+01  0.1630332E-01  0.7056718E+00
   04  0.4062987E+03  0.4447622E+01  0.1185151E+01  0.1659476E-01  0.7053886E+00
   04  0.4079265E+03  0.4447328E+01  0.1187224E+01  0.1689608E-01  0.7050940E+00
   04  0.4095542E+03  0.4447021E+01  0.1189260E+01  0.1720743E-01  0.7047875E+00
   04  0.4111820E+03  0.4446702E+01  0.1191257E+01  0.1752898E-01  0.7044685E+00
   04  0.4128097E+03  0.4446370E+01  0.1193212E+01  0.1786090E-01  0.7041365E+00
   04  0.4144375E+03  0.4446025E+01  0.1195124E+01  0.1820335E-01  0.7037910E+00
   04  0.4160652E+03  0.4445665E+01  0.1196989E+01  0.1855652E-01  0.7034316E+00
   04  0.4176929E+03  0.4445291E+01  0.1198806E+01  0.1892055E-01  0.7030576E+00
   04  0.4193207E+03  0.4444902E+01  0.1200573E+01  0.1929563E-01  0.7026688E+00
   04  0.4209484E+03  0.4444498E+01  0.1202288E+01  0.1968192E-01  0.7022646E+00
   04  0.4225762E+03  0.4444078E+01  0.1203949E+01  0.2007960E-01  0.7018446E+00
   04  0.4242039E+03  0.4443642E+01  0.1205556E+01  0.2048883E-01  0.7014083E+00
   04  0.4258316E+03  0.4443189E+01  0.1207105E+01  0.2090980E-01  0.7009554E+00
   04  0.4274594E+03  0.4442719E+01  0.1208596E+01  0.2134268E-01  0.7004854E+00
   04  0.4290871E+03  0.4442232E+01  0.1210028E+01  0.2178765E-01  0.6999979E+00
   04  0.4307149E+03  0.4441726E+01  0.1211399E+01  0.2224489E-01  0.6994926E+00
   04  0.4323426E+03  0.4441203E+01  0.1212709E+01  0.2271465E-01  0.6989691E+00
   04  0.4339704E+03  0.4440661E+01  0.1213955E+01  0.2319715E-01  0.6984271E+00
   04  0.4355981E+03  0.4440100E+01  0.1215138E+01  0.2369265E-01  0.6978663E+00
   04  0.4372258E+03  0.4439520E+01  0.1216256E+01  0.2420137E-01  0.6972862E+00
   04  0.4388536E+03  0.4438920E+01  0.1217309E+01  0.2472358E-01  0.6966868E+00
   04  0.4404813E+03  0.4438301E+01  0.1218296E+01  0.2525951E-01  0.6960676E+00
   04  0.4421091E+03  0.4437662E+01  0.1219217E+01  0.2580942E-01  0.6954283E+00
   04  0.4437368E+03  0.4437002E+01  0.1220070E+01  0.2637356E-01  0.6947688E+00
   04  0.4453645E+03  0.4436322E+01  0.1220857E+01  0.2695218E-01  0.6940888E+00
   04  0.4469923E+03  0.4435622E+01  0.1221576E+01  0.2754555E-01  0.6933880E+00
   04  0.4486200E+03  0.4434900E+01  0.1222227E+01  0.2815391E-01  0.6926663E+00
   04  0.4502478E+03  0.4434157E+01  0.1222810E+01  0.2877753E-01  0.6919233E+00
   04  0.4518755E+03  0.4433393E+01  0.1223326E+01  0.2941668E-01  0.6911589E+00
   04  0.4535033E+03  0.4432607E+01  0.1223774E+01  0.3007163E-01  0.6903729E+00
   04  0.4551310E+03  0.4431799E+01  0.1224154E+01  0.3074263E-01  0.6895651E+00
   04  0.4567587E+03  0.4430969E+01  0.1224467E+01  0.3142997E-01  0.6887354E+00
   04  0.4583865E+03  0.4430117E+01  0.1224713E+01  0.3213391E-01  0.6878836E+00
   04  0.4600142E+03  0.4429252E+01  0.1224953E+01  0.3285422E-01  0.6870184E+00
   04  0.4616420E+03  0.4428375E+01  0.1225195E+01  0.3359142E-01  0.6861409E+00
   04  0.4632697E+03  0.4427484E+01  0.1225439E+01  0.3434613E-01  0.6852507E+00
   04  0.4648974E+03  0.4426581E+01  0.1225683E+01  0.3511895E-01  0.6843477E+00
   04  0.4665252E+03  0.4425665E+01  0.1225928E+01  0.3591049E-01  0.6834314E+00
   04  0.4681529E+03  0.4424735E+01  0.1226173E+01  0.3672131E-01  0.6825018E+00
   04  0.4697807E+03  0.4423792E+01  0.1226416E+01  0.3755199E-01  0.6815583E+00
   04  0.4714084E+03  0.4422835E+01  0.1226658E+01  0.3840308E-01  0.6806009E+00
   04  0.4730362E+03  0.4421863E+01  0.1226916E+01  0.3927477E-01  0.6796293E+00
   04  0.4746639E+03  0.4420877E+01  0.1227213E+01  0.4016712E-01  0.6786435E+00
   04  0.4762916E+03  0.4419877E+01  0.1227547E+01  0.4108060E-01  0.6776433E+00
   04  0.4779194E+03  0.4418862E+01  0.1227916E+01  0.4201574E-01  0.6766283E+00
   04  0.4795471E+03  0.4417832E+01  0.1228315E+01  0.4297307E-01  0.6755982E+00
   04  0.4811749E+03  0.4416787E+01  0.1228744E+01  0.4395312E-01  0.6745529E+00
   04  0.4828026E+03  0.4415726E+01  0.1229199E+01  0.4495643E-01  0.6734920E+00
   04  0.4844303E+03  0.4414649E+01  0.1229678E+01  0.4598353E-01  0.6724151E+00
   04  0.4860581E+03  0.4413556E+01  0.1230178E+01  0.4703495E-01  0.6713220E+00
   04  0.4876858E+03  0.4412446E+01  0.1230696E+01  0.4811122E-01  0.6702122E+00
   04  0.4893136E+03  0.4411319E+01  0.1231230E+01  0.4921285E-01  0.6690856E+00
   04  0.4909413E+03  0.4410175E+01  0.1231778E+01  0.5034033E-01  0.6679418E+00
   04  0.4925691E+03  0.4409014E+01  0.1232336E+01  0.5149416E-01  0.6667803E+00
   04  0.4941968E+03  0.4407835E+01  0.1232903E+01  0.5267483E-01  0.6656009E+00
   04  0.4958245E+03  0.4406637E+01  0.1233475E+01  0.5388279E-01  0.6644033E+00
   04  0.4974523E+03  0.4405421E+01  0.1234050E+01  0.5511849E-01  0.6631869E+00
   04  0.4990800E+03  0.4404185E+01  0.1234626E+01  0.5638239E-01  0.6619516E+00
   04  0.5007078E+03  0.4402930E+01  0.1235200E+01  0.5767489E-01  0.6606968E+00
   04  0.5023355E+03  0.4401656E+01  0.1235770E+01  0.5899641E-01  0.6594224E+00
   04  0.5039632E+03  0.4400362E+01  0.1236333E+01  0.6034735E-01  0.6581279E+00
   04  0.5055910E+03  0.4399047E+01  0.1236888E+01  0.6172807E-01  0.6568129E+00
   04  0.5072187E+03  0.4397711E+01  0.1237431E+01  0.6313896E-01  0.6554772E+00
   04  0.5088465E+03  0.4396354E+01  0.1237961E+01  0.6458035E-01  0.6541204E+00
   04  0.5104742E+03  0.4394976E+01  0.1238476E+01  0.6605257E-01  0.6527421E+00
   04  0.5121020E+03  0.4393576E+01  0.1238973E+01  0.6755595E-01  0.6513420E+00
   04  0.5137297E+03  0.4392153E+01  0.1239451E+01  0.6909076E-01  0.6499197E+00
   04  0.5153574E+03  0.4390709E+01  0.1239907E+01  0.7065730E-01  0.6484751E+00
   04  0.5169852E+03  0.4389241E+01  0.1240340E+01  0.7225580E-01  0.6470076E+00
   04  0.5186129E+03  0.4387751E+01  0.1240748E+01  0.7388652E-01  0.6455170E+00
   04  0.5202407E+03  0.4386237E+01  0.1241129E+01  0.7554967E-01  0.6440030E+00
   04  0.5218684E+03  0.4384699E+01  0.1241481E+01  0.7724545E-01  0.6424654E+00
   04  0.5234961E+03  0.4383137E+01  0.1241803E+01  0.7897406E-01  0.6409037E+00
   04  0.5251239E+03  0.4381551E+01  0.1242093E+01  0.8073564E-01  0.6393177E+00
   04  0.5267516E+03  0.4379941E+01  0.1242350E+01  0.8253035E-01  0.6377073E+00
   04  0.5283794E+03  0.4378306E+01  0.1242572E+01  0.8435830E-01  0.6360721E+00
   04  0.5300071E+03  0.4376646E+01  0.1242759E+01  0.8621962E-01  0.6344120E+00
   04  0.5316349E+03  0.4374960E+01  0.1242909E+01  0.8811440E-01  0.6327267E+00
   04  0.5332626E+03  0.4373250E+01  0.1243021E+01  0.9004272E-01  0.6310160E+00
   04  0.5348903E+03  0.4371513E+01  0.1243094E+01  0.9200463E-01  0.6292798E+00
   04  0.5365181E+03  0.4369751E+01  0.1243127E+01  0.9400019E-01  0.6275177E+00
   04  0.5381458E+03  0.4367963E+01  0.1243118E+01  0.9602942E-01  0.6257297E+00
   04  0.5397736E+03  0.4366149E+01  0.1243068E+01  0.9809233E-01  0.6239155E+00
   04  0.5414013E+03  0.4364309E+01  0.1242975E+01  0.1001889E+00  0.6220750E+00
   04  0.5430290E+03  0.4362441E+01  0.1242837E+01  0.1023192E+00  0.6202077E+00
   04  0.5446568E+03  0.4360547E+01  0.1242655E+01  0.1044831E+00  0.6183135E+00
   04  0.5462845E+03  0.4358626E+01  0.1242426E+01  0.1066807E+00  0.6163921E+00
   04  0.5479123E+03  0.4356677E+01  0.1242150E+01  0.1089117E+00  0.6144432E+00
   04  0.5495400E+03  0.4354700E+01  0.1241827E+01  0.1111762E+00  0.6124666E+00
   04  0.5511678E+03  0.4352696E+01  0.1241455E+01  0.1134740E+00  0.6104620E+00
   04  0.5527955E+03  0.4350663E+01  0.1241034E+01  0.1158049E+00  0.6084293E+00
   04  0.5544232E+03  0.4348602E+01  0.1240563E+01  0.1181689E+00  0.6063684E+00
   04  0.5560510E+03  0.4346513E+01  0.1240042E+01  0.1205656E+00  0.6042790E+00
   04  0.5576787E+03  0.4344395E+01  0.1239471E+01  0.1229950E+00  0.6021611E+00
   04  0.5593065E+03  0.4342248E+01  0.1238849E+01  0.1254568E+00  0.6000144E+00
   04  0.5609342E+03  0.4340073E+01  0.1238177E+01  0.1279507E+00  0.5978389E+00
   04  0.5625619E+03  0.4337868E+01  0.1237452E+01  0.1304766E+00  0.5956345E+00
   04  0.5641897E+03  0.4335635E+01  0.1236677E+01  0.1330341E+00  0.5934011E+00
   04  0.5658174E+03  0.4333372E+01  0.1235849E+01  0.1356230E+00  0.5911385E+00
   04  0.5674452E+03  0.4331080E+01  0.1234969E+01  0.1382430E+00  0.5888468E+00
   04  0.5690729E+03  0.4328759E+01  0.1234038E+01  0.1408937E+00  0.5865258E+00
   04  0.5707007E+03  0.4326409E+01  0.1233053E+01  0.1435748E+00  0.5841755E+00
   04  0.5723284E+03  0.4324030E+01  0.1232016E+01  0.1462860E+00  0.5817959E+00
   04  0.5739561E+03  0.4321621E+01  0.1230927E+01  0.1490269E+00  0.5793870E+00
   04  0.5755839E+03  0.4319182E+01  0.1229785E+01  0.1517972E+00  0.5769486E+00
   04  0.5772116E+03  0.4316714E+01  0.1228589E+01  0.1545965E+00  0.5744808E+00
   04  0.5788394E+03  0.4314217E+01  0.1227341E+01  0.1574243E+00  0.5719836E+00
   04  0.5804671E+03  0.4311691E+01  0.1226040E+01  0.1602803E+00  0.5694570E+00
   04  0.5820948E+03  0.4309135E+01  0.1224685E+01  0.1631641E+00  0.5669009E+00
   04  0.5837226E+03  0.4306549E+01  0.1223277E+01  0.1660752E+00  0.5643154E+00
   04  0.5853503E+03  0.4303934E+01  0.1221815E+01  0.1690132E+00  0.5617006E+00
   04  0.5869781E+03  0.4301290E+01  0.1220300E+01  0.1719776E+00  0.5590563E+00
   04  0.5886058E+03  0.4298616E+01  0.1218731E+01  0.1749680E+00  0.5563828E+00
   04  0.5902336E+03  0.4295914E+01  0.1217108E+01  0.1779839E+00  0.5536800E+00
   04  0.5918613E+03  0.4293182E+01  0.1215432E+01  0.1810247E+00  0.5509480E+00
   04  0.5934890E+03  0.4290421E+01  0.1213702E+01  0.1840899E+00  0.5481869E+00
   04  0.5951168E+03  0.4287630E+01  0.1211918E+01  0.1871790E+00  0.5453967E+00
   04  0.5967445E+03  0.4284811E+01  0.1210081E+01  0.1902915E+00  0.5425776E+00
   04  0.5983723E+03  0.4281963E+01  0.1208190E+01  0.1934266E+00  0.5397295E+00
