# gauge_id= 206 location=( -0.1242120000E+03  0.4176625000E+02 ) num_var=  4
# Stationary gauge
# level, time, q[  1  2  3], eta, aux[]
# file format ascii, time series follow in this file
   04  0.0000000E+00  0.1381399E+02  0.0000000E+00  0.0000000E+00  0.0000000E+00
   04  0.1000000E+01  0.1381399E+02  0.4809421E-16  0.5912611E-17  0.8607758E+00
   04  0.1015873E+01  0.1381399E+02  0.3745579E-03 -0.1073106E-04  0.8607756E+00
   04  0.1031746E+01  0.1381399E+02  0.7491116E-03 -0.2145568E-04  0.8607754E+00
   04  0.1047619E+01  0.1381399E+02  0.1123661E-02 -0.3217388E-04  0.8607752E+00
   04  0.1063492E+01  0.1381399E+02  0.1498207E-02 -0.4288570E-04  0.8607749E+00
   04  0.1079365E+01  0.1381399E+02  0.1872748E-02 -0.5359116E-04  0.8607747E+00
   04  0.1095238E+01  0.1381399E+02  0.2247286E-02 -0.6429029E-04  0.8607745E+00
   04  0.1111111E+01  0.1381399E+02  0.2621819E-02 -0.7498312E-04  0.8607743E+00
   04  0.1126984E+01  0.1381399E+02  0.2996348E-02 -0.8566968E-04  0.8607741E+00
   04  0.1142857E+01  0.1381399E+02  0.3370872E-02 -0.9634998E-04  0.8607738E+00
   04  0.1158730E+01  0.1381399E+02  0.3745393E-02 -0.1070241E-03  0.8607736E+00
   04  0.1174603E+01  0.1381399E+02  0.4119910E-02 -0.1176920E-03  0.8607734E+00
   04  0.1190476E+01  0.1381399E+02  0.4494422E-02 -0.1283537E-03  0.8607732E+00
   04  0.1206349E+01  0.1381399E+02  0.4868930E-02 -0.1390093E-03  0.8607729E+00
   04  0.1222222E+01  0.1381399E+02  0.5243434E-02 -0.1496588E-03  0.8607727E+00
   04  0.1238095E+01  0.1381399E+02  0.5617934E-02 -0.1603021E-03  0.8607725E+00
   04  0.1253968E+01  0.1381399E+02  0.5992429E-02 -0.1709395E-03  0.8607723E+00
   04  0.1269841E+01  0.1381399E+02  0.6366920E-02 -0.1815708E-03  0.8607720E+00
   04  0.1285714E+01  0.1381399E+02  0.6741407E-02 -0.1921960E-03  0.8607718E+00
   04  0.1301587E+01  0.1381399E+02  0.7115890E-02 -0.2028153E-03  0.8607716E+00
   04  0.1317460E+01  0.1381399E+02  0.7490369E-02 -0.2134287E-03  0.8607713E+00
   04  0.1333333E+01  0.1381399E+02  0.7864843E-02 -0.2240361E-03  0.8607711E+00
   04  0.1349206E+01  0.1381399E+02  0.8239313E-02 -0.2346376E-03  0.8607709E+00
   04  0.1365079E+01  0.1381399E+02  0.8613779E-02 -0.2452332E-03  0.8607706E+00
   04  0.1380952E+01  0.1381399E+02  0.8988240E-02 -0.2558230E-03  0.8607704E+00
   04  0.1396825E+01  0.1381399E+02  0.9362698E-02 -0.2664069E-03  0.8607701E+00
   04  0.1412698E+01  0.1381399E+02  0.9737150E-02 -0.2769851E-03  0.8607699E+00
   04  0.1428571E+01  0.1381399E+02  0.1011160E-01 -0.2875574E-03  0.8607697E+00
   04  0.1476190E+01  0.1381399E+02  0.1123491E-01 -0.3192249E-03  0.8607690E+00
   04  0.1523810E+01  0.1381399E+02  0.1235819E-01 -0.3508411E-03  0.8607682E+00
   04  0.1571429E+01  0.1381399E+02  0.1348142E-01 -0.3824066E-03  0.8607675E+00
   04  0.1619048E+01  0.1381398E+02  0.1460462E-01 -0.4139221E-03  0.8607667E+00
   04  0.1666667E+01  0.1381398E+02  0.1572778E-01 -0.4453882E-03  0.8607660E+00
   04  0.1714286E+01  0.1381398E+02  0.1685089E-01 -0.4768054E-03  0.8607652E+00
   04  0.1761905E+01  0.1381398E+02  0.1797397E-01 -0.5081745E-03  0.8607645E+00
   04  0.1809524E+01  0.1381398E+02  0.1909701E-01 -0.5394960E-03  0.8607637E+00
   04  0.1857143E+01  0.1381398E+02  0.2022000E-01 -0.5707704E-03  0.8607629E+00
   04  0.1904762E+01  0.1381398E+02  0.2134296E-01 -0.6019984E-03  0.8607621E+00
   04  0.1952381E+01  0.1381398E+02  0.2246587E-01 -0.6331806E-03  0.8607613E+00
   04  0.2000000E+01  0.1381398E+02  0.2358874E-01 -0.6643173E-03  0.8607605E+00
   04  0.5727919E+01  0.1381391E+02  0.1113162E+00 -0.2845173E-02  0.8606935E+00
   04  0.9455838E+01  0.1381378E+02  0.1987048E+00 -0.4885152E-02  0.8605668E+00
   04  0.1318376E+02  0.1381360E+02  0.2856356E+00 -0.6852753E-02  0.8603827E+00
   04  0.1691168E+02  0.1381337E+02  0.3719916E+00 -0.8798492E-02  0.8601510E+00
   04  0.2063960E+02  0.1381310E+02  0.4576614E+00 -0.1082293E-01  0.8598807E+00
   04  0.2436752E+02  0.1381280E+02  0.5425427E+00 -0.1304073E-01  0.8595773E+00
   04  0.2809543E+02  0.1381246E+02  0.6265385E+00 -0.1554686E-01  0.8592429E+00
   04  0.3182335E+02  0.1381210E+02  0.7095551E+00 -0.1841809E-01  0.8588777E+00
   04  0.3555127E+02  0.1381170E+02  0.7914980E+00 -0.2175530E-01  0.8584830E+00
   04  0.3927919E+02  0.1381127E+02  0.8722763E+00 -0.2566770E-01  0.8580557E+00
   04  0.4300711E+02  0.1381081E+02  0.9518077E+00 -0.3020598E-01  0.8575916E+00
   04  0.4673503E+02  0.1381031E+02  0.1030013E+01 -0.3545580E-01  0.8570902E+00
   04  0.5046295E+02  0.1380977E+02  0.1106818E+01 -0.4148740E-01  0.8565515E+00
   04  0.5419087E+02  0.1380920E+02  0.1182149E+01 -0.4833511E-01  0.8559781E+00
   04  0.5791879E+02  0.1380859E+02  0.1255945E+01 -0.5601521E-01  0.8553741E+00
   04  0.6164671E+02  0.1380796E+02  0.1328151E+01 -0.6451180E-01  0.8547426E+00
   04  0.6537463E+02  0.1380730E+02  0.1398673E+01 -0.7381836E-01  0.8540795E+00
   04  0.6910255E+02  0.1380660E+02  0.1467445E+01 -0.8395388E-01  0.8533824E+00
   04  0.7283047E+02  0.1380587E+02  0.1534406E+01 -0.9494333E-01  0.8526482E+00
   04  0.7655838E+02  0.1380509E+02  0.1599508E+01 -0.1068157E+00  0.8518733E+00
   04  0.8028630E+02  0.1380427E+02  0.1662714E+01 -0.1196031E+00  0.8510539E+00
   04  0.8401422E+02  0.1380340E+02  0.1723997E+01 -0.1333429E+00  0.8501856E+00
   04  0.8774214E+02  0.1380248E+02  0.1783345E+01 -0.1480491E+00  0.8492666E+00
   04  0.9147006E+02  0.1380151E+02  0.1840759E+01 -0.1637351E+00  0.8482956E+00
   04  0.9445240E+02  0.1380070E+02  0.1885283E+01 -0.1770152E+00  0.8474819E+00
   04  0.9743473E+02  0.1379985E+02  0.1928582E+01 -0.1909388E+00  0.8466331E+00
   04  0.1004171E+03  0.1379897E+02  0.1970670E+01 -0.2055114E+00  0.8457490E+00
   04  0.1033994E+03  0.1379805E+02  0.2011564E+01 -0.2207368E+00  0.8448294E+00
   04  0.1063817E+03  0.1379709E+02  0.2051296E+01 -0.2366140E+00  0.8438745E+00
   04  0.1093641E+03  0.1379610E+02  0.2089893E+01 -0.2531434E+00  0.8428851E+00
   04  0.1123464E+03  0.1379508E+02  0.2127379E+01 -0.2703250E+00  0.8418618E+00
   04  0.1153287E+03  0.1379402E+02  0.2163722E+01 -0.2881535E+00  0.8407981E+00
   04  0.1183111E+03  0.1379291E+02  0.2198885E+01 -0.3066334E+00  0.8396925E+00
   04  0.1212934E+03  0.1379177E+02  0.2232918E+01 -0.3257639E+00  0.8385487E+00
   04  0.1242758E+03  0.1379059E+02  0.2265877E+01 -0.3454796E+00  0.8373752E+00
   04  0.1272581E+03  0.1378940E+02  0.2297820E+01 -0.3656804E+00  0.8361829E+00
   04  0.1302404E+03  0.1378819E+02  0.2328805E+01 -0.3863625E+00  0.8349746E+00
   04  0.1332228E+03  0.1378697E+02  0.2358891E+01 -0.4075316E+00  0.8337514E+00
   04  0.1362051E+03  0.1378573E+02  0.2388138E+01 -0.4291810E+00  0.8325156E+00
   04  0.1391874E+03  0.1378449E+02  0.2416603E+01 -0.4512958E+00  0.8312698E+00
   04  0.1421698E+03  0.1378323E+02  0.2444342E+01 -0.4738585E+00  0.8300165E+00
   04  0.1451521E+03  0.1378198E+02  0.2471409E+01 -0.4968487E+00  0.8287579E+00
   04  0.1481344E+03  0.1378071E+02  0.2497858E+01 -0.5202432E+00  0.8274967E+00
   04  0.1511168E+03  0.1377945E+02  0.2523738E+01 -0.5440164E+00  0.8262350E+00
   04  0.1540991E+03  0.1377819E+02  0.2549091E+01 -0.5681399E+00  0.8249743E+00
   04  0.1570814E+03  0.1377693E+02  0.2573950E+01 -0.5925823E+00  0.8237155E+00
   04  0.1600638E+03  0.1377568E+02  0.2598352E+01 -0.6173104E+00  0.8224599E+00
   04  0.1630461E+03  0.1377443E+02  0.2622329E+01 -0.6422888E+00  0.8212085E+00
   04  0.1660284E+03  0.1377318E+02  0.2645916E+01 -0.6674808E+00  0.8199625E+00
   04  0.1690108E+03  0.1377194E+02  0.2669142E+01 -0.6928481E+00  0.8187230E+00
   04  0.1719931E+03  0.1377071E+02  0.2692038E+01 -0.7183522E+00  0.8174909E+00
   04  0.1749755E+03  0.1376949E+02  0.2714628E+01 -0.7439544E+00  0.8162674E+00
   04  0.1779578E+03  0.1376827E+02  0.2736933E+01 -0.7696161E+00  0.8150534E+00
   04  0.1809401E+03  0.1376707E+02  0.2758975E+01 -0.7952987E+00  0.8138496E+00
   04  0.1824313E+03  0.1376647E+02  0.2769891E+01 -0.8080982E+00  0.8132529E+00
   04  0.1839225E+03  0.1376588E+02  0.2780752E+01 -0.8208862E+00  0.8126591E+00
   04  0.1854136E+03  0.1376529E+02  0.2791562E+01 -0.8336586E+00  0.8120683E+00
   04  0.1869048E+03  0.1376470E+02  0.2802322E+01 -0.8464110E+00  0.8114805E+00
   04  0.1883960E+03  0.1376411E+02  0.2813034E+01 -0.8591394E+00  0.8108958E+00
   04  0.1898871E+03  0.1376353E+02  0.2823700E+01 -0.8718395E+00  0.8103142E+00
   04  0.1913783E+03  0.1376295E+02  0.2834322E+01 -0.8844962E+00  0.8097366E+00
   04  0.1928695E+03  0.1376238E+02  0.2844897E+01 -0.8971036E+00  0.8091631E+00
   04  0.1943606E+03  0.1376181E+02  0.2855399E+01 -0.9096584E+00  0.8085912E+00
   04  0.1958518E+03  0.1376124E+02  0.2865830E+01 -0.9221572E+00  0.8080211E+00
   04  0.1973430E+03  0.1376067E+02  0.2876192E+01 -0.9345958E+00  0.8074531E+00
   04  0.1988341E+03  0.1376010E+02  0.2886487E+01 -0.9469703E+00  0.8068871E+00
   04  0.2003253E+03  0.1375954E+02  0.2896719E+01 -0.9592767E+00  0.8063234E+00
   04  0.2018165E+03  0.1375898E+02  0.2906889E+01 -0.9715114E+00  0.8057619E+00
   04  0.2033076E+03  0.1375842E+02  0.2916999E+01 -0.9836707E+00  0.8052027E+00
   04  0.2047988E+03  0.1375786E+02  0.2927051E+01 -0.9957509E+00  0.8046459E+00
   04  0.2062900E+03  0.1375731E+02  0.2937047E+01 -0.1007749E+01  0.8040914E+00
   04  0.2077811E+03  0.1375676E+02  0.2946986E+01 -0.1019661E+01  0.8035394E+00
   04  0.2092723E+03  0.1375621E+02  0.2956872E+01 -0.1031484E+01  0.8029898E+00
   04  0.2107635E+03  0.1375566E+02  0.2966705E+01 -0.1043214E+01  0.8024425E+00
   04  0.2122546E+03  0.1375512E+02  0.2976485E+01 -0.1054848E+01  0.8018974E+00
   04  0.2137458E+03  0.1375457E+02  0.2986212E+01 -0.1066381E+01  0.8013542E+00
   04  0.2152370E+03  0.1375403E+02  0.2995886E+01 -0.1077811E+01  0.8008129E+00
   04  0.2167281E+03  0.1375349E+02  0.3005506E+01 -0.1089132E+01  0.8002731E+00
   04  0.2182193E+03  0.1375295E+02  0.3015071E+01 -0.1100342E+01  0.7997348E+00
   04  0.2197105E+03  0.1375242E+02  0.3024580E+01 -0.1111437E+01  0.7991976E+00
   04  0.2212017E+03  0.1375188E+02  0.3034033E+01 -0.1122413E+01  0.7986613E+00
   04  0.2226928E+03  0.1375134E+02  0.3043427E+01 -0.1133267E+01  0.7981258E+00
   04  0.2241840E+03  0.1375081E+02  0.3052762E+01 -0.1143995E+01  0.7975908E+00
   04  0.2256752E+03  0.1375027E+02  0.3062035E+01 -0.1154593E+01  0.7970560E+00
   04  0.2271663E+03  0.1374974E+02  0.3071246E+01 -0.1165058E+01  0.7965212E+00
   04  0.2286575E+03  0.1374920E+02  0.3080392E+01 -0.1175386E+01  0.7959862E+00
   04  0.2301487E+03  0.1374867E+02  0.3089472E+01 -0.1185574E+01  0.7954507E+00
   04  0.2316398E+03  0.1374813E+02  0.3098484E+01 -0.1195618E+01  0.7949144E+00
   04  0.2331310E+03  0.1374760E+02  0.3107425E+01 -0.1205515E+01  0.7943772E+00
   04  0.2346222E+03  0.1374706E+02  0.3116295E+01 -0.1215261E+01  0.7938389E+00
   04  0.2361133E+03  0.1374652E+02  0.3125076E+01 -0.1224853E+01  0.7932977E+00
   04  0.2376045E+03  0.1374597E+02  0.3133751E+01 -0.1234288E+01  0.7927521E+00
   04  0.2390957E+03  0.1374542E+02  0.3142302E+01 -0.1243564E+01  0.7922005E+00
   04  0.2405868E+03  0.1374486E+02  0.3150710E+01 -0.1252679E+01  0.7916411E+00
   04  0.2420780E+03  0.1374429E+02  0.3158954E+01 -0.1261632E+01  0.7910725E+00
   04  0.2435692E+03  0.1374371E+02  0.3167014E+01 -0.1270420E+01  0.7904927E+00
   04  0.2450603E+03  0.1374312E+02  0.3174865E+01 -0.1279044E+01  0.7899000E+00
   04  0.2465515E+03  0.1374252E+02  0.3182640E+01 -0.1287494E+01  0.7893056E+00
   04  0.2480427E+03  0.1374193E+02  0.3190334E+01 -0.1295728E+01  0.7887105E+00
   04  0.2495338E+03  0.1374133E+02  0.3197942E+01 -0.1303782E+01  0.7881144E+00
   04  0.2510250E+03  0.1374073E+02  0.3205460E+01 -0.1311663E+01  0.7875168E+00
   04  0.2525162E+03  0.1374014E+02  0.3212885E+01 -0.1319374E+01  0.7869173E+00
   04  0.2540073E+03  0.1373953E+02  0.3220212E+01 -0.1326914E+01  0.7863152E+00
   04  0.2554985E+03  0.1373893E+02  0.3227434E+01 -0.1334282E+01  0.7857098E+00
   04  0.2569897E+03  0.1373832E+02  0.3234544E+01 -0.1341478E+01  0.7851005E+00
   04  0.2584808E+03  0.1373770E+02  0.3241537E+01 -0.1348499E+01  0.7844866E+00
   04  0.2599720E+03  0.1373708E+02  0.3248402E+01 -0.1355346E+01  0.7838671E+00
   04  0.2614632E+03  0.1373646E+02  0.3255131E+01 -0.1362016E+01  0.7832413E+00
   04  0.2629543E+03  0.1373583E+02  0.3261714E+01 -0.1368510E+01  0.7826084E+00
   04  0.2644455E+03  0.1373519E+02  0.3268184E+01 -0.1374826E+01  0.7819711E+00
   04  0.2659367E+03  0.1373455E+02  0.3274535E+01 -0.1380967E+01  0.7813290E+00
   04  0.2674278E+03  0.1373390E+02  0.3280759E+01 -0.1386934E+01  0.7806815E+00
   04  0.2689190E+03  0.1373325E+02  0.3286848E+01 -0.1392727E+01  0.7800280E+00
   04  0.2704102E+03  0.1373259E+02  0.3292794E+01 -0.1398349E+01  0.7793678E+00
   04  0.2719014E+03  0.1373192E+02  0.3298587E+01 -0.1403801E+01  0.7787002E+00
   04  0.2733925E+03  0.1373124E+02  0.3304221E+01 -0.1409085E+01  0.7780248E+00
   04  0.2748837E+03  0.1373056E+02  0.3309686E+01 -0.1414202E+01  0.7773409E+00
   04  0.2763749E+03  0.1372987E+02  0.3314976E+01 -0.1419155E+01  0.7766480E+00
   04  0.2778660E+03  0.1372916E+02  0.3320082E+01 -0.1423943E+01  0.7759457E+00
   04  0.2793572E+03  0.1372845E+02  0.3324997E+01 -0.1428608E+01  0.7752303E+00
   04  0.2808484E+03  0.1372772E+02  0.3329712E+01 -0.1433170E+01  0.7744998E+00
   04  0.2823395E+03  0.1372697E+02  0.3334221E+01 -0.1437633E+01  0.7737539E+00
   04  0.2838307E+03  0.1372621E+02  0.3338515E+01 -0.1442003E+01  0.7729920E+00
   04  0.2853219E+03  0.1372543E+02  0.3342589E+01 -0.1446282E+01  0.7722137E+00
   04  0.2868130E+03  0.1372464E+02  0.3346437E+01 -0.1450475E+01  0.7714188E+00
   04  0.2883042E+03  0.1372382E+02  0.3350053E+01 -0.1454583E+01  0.7706069E+00
   04  0.2897954E+03  0.1372300E+02  0.3353434E+01 -0.1458610E+01  0.7697781E+00
   04  0.2912865E+03  0.1372215E+02  0.3356576E+01 -0.1462557E+01  0.7689320E+00
   04  0.2927777E+03  0.1372129E+02  0.3359475E+01 -0.1466425E+01  0.7680687E+00
   04  0.2942689E+03  0.1372041E+02  0.3362132E+01 -0.1470214E+01  0.7671887E+00
   04  0.2957600E+03  0.1371951E+02  0.3364543E+01 -0.1473926E+01  0.7662919E+00
   04  0.2972512E+03  0.1371860E+02  0.3366705E+01 -0.1477563E+01  0.7653784E+00
   04  0.2987424E+03  0.1371767E+02  0.3368616E+01 -0.1481124E+01  0.7644482E+00
   04  0.3002335E+03  0.1371672E+02  0.3370274E+01 -0.1484611E+01  0.7635015E+00
   04  0.3017247E+03  0.1371576E+02  0.3371679E+01 -0.1488024E+01  0.7625386E+00
   04  0.3032159E+03  0.1371478E+02  0.3372833E+01 -0.1491361E+01  0.7615597E+00
   04  0.3047070E+03  0.1371378E+02  0.3373738E+01 -0.1494622E+01  0.7605654E+00
   04  0.3061982E+03  0.1371277E+02  0.3374395E+01 -0.1497804E+01  0.7595559E+00
   04  0.3076894E+03  0.1371175E+02  0.3374808E+01 -0.1500908E+01  0.7585318E+00
   04  0.3091805E+03  0.1371071E+02  0.3374982E+01 -0.1503929E+01  0.7574936E+00
   04  0.3106717E+03  0.1370966E+02  0.3374920E+01 -0.1506867E+01  0.7564421E+00
   04  0.3121629E+03  0.1370860E+02  0.3374630E+01 -0.1509719E+01  0.7553779E+00
   04  0.3136540E+03  0.1370752E+02  0.3374135E+01 -0.1512482E+01  0.7543036E+00
   04  0.3151452E+03  0.1370644E+02  0.3373440E+01 -0.1515154E+01  0.7532198E+00
   04  0.3165017E+03  0.1370544E+02  0.3372639E+01 -0.1517500E+01  0.7522266E+00
   04  0.3178581E+03  0.1370444E+02  0.3371683E+01 -0.1519768E+01  0.7512267E+00
   04  0.3192146E+03  0.1370344E+02  0.3370578E+01 -0.1521965E+01  0.7502195E+00
   04  0.3205710E+03  0.1370242E+02  0.3369331E+01 -0.1524068E+01  0.7492031E+00
   04  0.3219275E+03  0.1370140E+02  0.3367947E+01 -0.1526076E+01  0.7481782E+00
   04  0.3232839E+03  0.1370036E+02  0.3366433E+01 -0.1527985E+01  0.7471452E+00
   04  0.3246404E+03  0.1369932E+02  0.3364797E+01 -0.1529788E+01  0.7461044E+00
   04  0.3259968E+03  0.1369827E+02  0.3363037E+01 -0.1531484E+01  0.7450564E+00
   04  0.3273533E+03  0.1369722E+02  0.3361170E+01 -0.1533067E+01  0.7440019E+00
   04  0.3287097E+03  0.1369616E+02  0.3359203E+01 -0.1534544E+01  0.7429407E+00
   04  0.3300662E+03  0.1369509E+02  0.3357144E+01 -0.1535911E+01  0.7418734E+00
   04  0.3314226E+03  0.1369402E+02  0.3355003E+01 -0.1537167E+01  0.7408005E+00
   04  0.3327791E+03  0.1369294E+02  0.3352787E+01 -0.1538308E+01  0.7397227E+00
   04  0.3341355E+03  0.1369186E+02  0.3350505E+01 -0.1539333E+01  0.7386404E+00
   04  0.3354920E+03  0.1369077E+02  0.3348166E+01 -0.1540238E+01  0.7375543E+00
   04  0.3368484E+03  0.1368968E+02  0.3345778E+01 -0.1541021E+01  0.7364648E+00
   04  0.3382049E+03  0.1368859E+02  0.3343350E+01 -0.1541680E+01  0.7353725E+00
   04  0.3395613E+03  0.1368750E+02  0.3340888E+01 -0.1542211E+01  0.7342779E+00
   04  0.3409178E+03  0.1368640E+02  0.3338401E+01 -0.1542613E+01  0.7331815E+00
   04  0.3422742E+03  0.1368530E+02  0.3335897E+01 -0.1542882E+01  0.7320836E+00
   04  0.3436307E+03  0.1368420E+02  0.3333382E+01 -0.1543016E+01  0.7309848E+00
   04  0.3449871E+03  0.1368310E+02  0.3330865E+01 -0.1543009E+01  0.7298858E+00
   04  0.3463436E+03  0.1368201E+02  0.3328350E+01 -0.1542855E+01  0.7287872E+00
   04  0.3477000E+03  0.1368091E+02  0.3325844E+01 -0.1542552E+01  0.7276893E+00
   04  0.3490565E+03  0.1367981E+02  0.3323353E+01 -0.1542099E+01  0.7265925E+00
   04  0.3504130E+03  0.1367871E+02  0.3320882E+01 -0.1541492E+01  0.7254969E+00
   04  0.3517694E+03  0.1367762E+02  0.3318437E+01 -0.1540729E+01  0.7244029E+00
   04  0.3531259E+03  0.1367653E+02  0.3316022E+01 -0.1539809E+01  0.7233108E+00
   04  0.3544823E+03  0.1367544E+02  0.3313641E+01 -0.1538730E+01  0.7222207E+00
   04  0.3558388E+03  0.1367435E+02  0.3311300E+01 -0.1537488E+01  0.7211328E+00
   04  0.3574665E+03  0.1367305E+02  0.3308537E+01 -0.1535793E+01  0.7198295E+00
   04  0.3590942E+03  0.1367175E+02  0.3305824E+01 -0.1533859E+01  0.7185282E+00
   04  0.3607220E+03  0.1367045E+02  0.3303165E+01 -0.1531683E+01  0.7172291E+00
   04  0.3623497E+03  0.1366915E+02  0.3300566E+01 -0.1529263E+01  0.7159324E+00
   04  0.3639775E+03  0.1366786E+02  0.3298023E+01 -0.1526595E+01  0.7146374E+00
   04  0.3656052E+03  0.1366656E+02  0.3295538E+01 -0.1523678E+01  0.7133442E+00
   04  0.3672329E+03  0.1366527E+02  0.3293114E+01 -0.1520506E+01  0.7120528E+00
   04  0.3688607E+03  0.1366398E+02  0.3290754E+01 -0.1517095E+01  0.7107617E+00
   04  0.3704884E+03  0.1366269E+02  0.3288461E+01 -0.1513421E+01  0.7094728E+00
   04  0.3721162E+03  0.1366140E+02  0.3286238E+01 -0.1509471E+01  0.7081870E+00
   04  0.3737439E+03  0.1366012E+02  0.3284090E+01 -0.1505243E+01  0.7069041E+00
   04  0.3753717E+03  0.1365884E+02  0.3282019E+01 -0.1500739E+01  0.7056245E+00
   04  0.3769994E+03  0.1365757E+02  0.3280029E+01 -0.1495961E+01  0.7043482E+00
   04  0.3786271E+03  0.1365629E+02  0.3278124E+01 -0.1490919E+01  0.7030761E+00
   04  0.3802549E+03  0.1365503E+02  0.3276308E+01 -0.1485602E+01  0.7018075E+00
   04  0.3818826E+03  0.1365376E+02  0.3274584E+01 -0.1480007E+01  0.7005418E+00
   04  0.3835104E+03  0.1365250E+02  0.3272956E+01 -0.1474131E+01  0.6992786E+00
   04  0.3851381E+03  0.1365124E+02  0.3271427E+01 -0.1467972E+01  0.6980176E+00
   04  0.3867658E+03  0.1364998E+02  0.3270000E+01 -0.1461528E+01  0.6967585E+00
   04  0.3883936E+03  0.1364872E+02  0.3268677E+01 -0.1454799E+01  0.6955009E+00
   04  0.3900213E+03  0.1364746E+02  0.3267460E+01 -0.1447785E+01  0.6942446E+00
   04  0.3916491E+03  0.1364621E+02  0.3266353E+01 -0.1440484E+01  0.6929890E+00
   04  0.3932768E+03  0.1364495E+02  0.3265357E+01 -0.1432899E+01  0.6917337E+00
   04  0.3949046E+03  0.1364370E+02  0.3264475E+01 -0.1425030E+01  0.6904782E+00
   04  0.3965323E+03  0.1364244E+02  0.3263710E+01 -0.1416877E+01  0.6892221E+00
   04  0.3981600E+03  0.1364118E+02  0.3263063E+01 -0.1408443E+01  0.6879647E+00
   04  0.3997878E+03  0.1363992E+02  0.3262536E+01 -0.1399730E+01  0.6867056E+00
   04  0.4014155E+03  0.1363866E+02  0.3262129E+01 -0.1390739E+01  0.6854443E+00
   04  0.4030433E+03  0.1363740E+02  0.3261845E+01 -0.1381475E+01  0.6841802E+00
   04  0.4046710E+03  0.1363613E+02  0.3261686E+01 -0.1371969E+01  0.6829152E+00
   04  0.4062987E+03  0.1363487E+02  0.3261652E+01 -0.1362227E+01  0.6816487E+00
   04  0.4079265E+03  0.1363360E+02  0.3261746E+01 -0.1352249E+01  0.6803799E+00
   04  0.4095542E+03  0.1363233E+02  0.3261968E+01 -0.1342038E+01  0.6791080E+00
   04  0.4111820E+03  0.1363105E+02  0.3262321E+01 -0.1331595E+01  0.6778320E+00
   04  0.4128097E+03  0.1362977E+02  0.3262803E+01 -0.1320922E+01  0.6765512E+00
   04  0.4144375E+03  0.1362848E+02  0.3263417E+01 -0.1310021E+01  0.6752646E+00
   04  0.4160652E+03  0.1362719E+02  0.3264162E+01 -0.1298894E+01  0.6739714E+00
   04  0.4176929E+03  0.1362589E+02  0.3265039E+01 -0.1287543E+01  0.6726707E+00
   04  0.4193207E+03  0.1362458E+02  0.3266042E+01 -0.1275971E+01  0.6713617E+00
   04  0.4209484E+03  0.1362326E+02  0.3267176E+01 -0.1264179E+01  0.6700434E+00
   04  0.4225762E+03  0.1362193E+02  0.3268439E+01 -0.1252172E+01  0.6687150E+00
   04  0.4242039E+03  0.1362059E+02  0.3269830E+01 -0.1239951E+01  0.6673757E+00
   04  0.4258316E+03  0.1361924E+02  0.3271349E+01 -0.1227520E+01  0.6660244E+00
   04  0.4274594E+03  0.1361788E+02  0.3272995E+01 -0.1214883E+01  0.6646604E+00
   04  0.4290871E+03  0.1361650E+02  0.3274766E+01 -0.1202041E+01  0.6632827E+00
   04  0.4307149E+03  0.1361511E+02  0.3276662E+01 -0.1188999E+01  0.6618906E+00
   04  0.4323426E+03  0.1361370E+02  0.3278680E+01 -0.1175759E+01  0.6604831E+00
   04  0.4339704E+03  0.1361228E+02  0.3280819E+01 -0.1162326E+01  0.6590595E+00
   04  0.4355981E+03  0.1361084E+02  0.3283077E+01 -0.1148702E+01  0.6576188E+00
   04  0.4372258E+03  0.1360938E+02  0.3285454E+01 -0.1134891E+01  0.6561602E+00
   04  0.4388536E+03  0.1360790E+02  0.3287946E+01 -0.1120896E+01  0.6546829E+00
   04  0.4404813E+03  0.1360640E+02  0.3290553E+01 -0.1106721E+01  0.6531862E+00
   04  0.4421091E+03  0.1360489E+02  0.3293272E+01 -0.1092369E+01  0.6516692E+00
   04  0.4437368E+03  0.1360335E+02  0.3296103E+01 -0.1077845E+01  0.6501312E+00
   04  0.4453645E+03  0.1360179E+02  0.3299043E+01 -0.1063162E+01  0.6485723E+00
   04  0.4469923E+03  0.1360021E+02  0.3302090E+01 -0.1048324E+01  0.6469918E+00
   04  0.4486200E+03  0.1359861E+02  0.3305245E+01 -0.1033334E+01  0.6453889E+00
   04  0.4502478E+03  0.1359698E+02  0.3308504E+01 -0.1018195E+01  0.6437629E+00
   04  0.4518755E+03  0.1359533E+02  0.3311867E+01 -0.1002911E+01  0.6421131E+00
   04  0.4535033E+03  0.1359366E+02  0.3315332E+01 -0.9874859E+00  0.6404389E+00
   04  0.4551310E+03  0.1359196E+02  0.3318898E+01 -0.9719257E+00  0.6387399E+00
   04  0.4567587E+03  0.1359023E+02  0.3322564E+01 -0.9562338E+00  0.6370155E+00
   04  0.4583865E+03  0.1358848E+02  0.3326328E+01 -0.9404132E+00  0.6352652E+00
   04  0.4600142E+03  0.1358671E+02  0.3330188E+01 -0.9244667E+00  0.6334881E+00
   04  0.4616420E+03  0.1358490E+02  0.3334144E+01 -0.9083969E+00  0.6316839E+00
   04  0.4632697E+03  0.1358307E+02  0.3338194E+01 -0.8922064E+00  0.6298518E+00
   04  0.4648974E+03  0.1358121E+02  0.3342336E+01 -0.8758978E+00  0.6279914E+00
   04  0.4665252E+03  0.1357932E+02  0.3346570E+01 -0.8594735E+00  0.6261021E+00
   04  0.4681529E+03  0.1357740E+02  0.3350895E+01 -0.8429357E+00  0.6241834E+00
   04  0.4697807E+03  0.1357545E+02  0.3355309E+01 -0.8262866E+00  0.6222348E+00
   04  0.4714084E+03  0.1357347E+02  0.3359813E+01 -0.8095286E+00  0.6202560E+00
   04  0.4730362E+03  0.1357146E+02  0.3364404E+01 -0.7926639E+00  0.6182464E+00
   04  0.4746639E+03  0.1356942E+02  0.3369084E+01 -0.7756937E+00  0.6162058E+00
   04  0.4762916E+03  0.1356735E+02  0.3373850E+01 -0.7586185E+00  0.6141337E+00
   04  0.4779194E+03  0.1356525E+02  0.3378702E+01 -0.7414401E+00  0.6120299E+00
   04  0.4795471E+03  0.1356311E+02  0.3383641E+01 -0.7241600E+00  0.6098940E+00
   04  0.4811749E+03  0.1356094E+02  0.3388670E+01 -0.7067767E+00  0.6077258E+00
   04  0.4828026E+03  0.1355874E+02  0.3393785E+01 -0.6892948E+00  0.6055250E+00
   04  0.4844303E+03  0.1355651E+02  0.3398987E+01 -0.6717158E+00  0.6032914E+00
   04  0.4860581E+03  0.1355424E+02  0.3404275E+01 -0.6540407E+00  0.6010248E+00
   04  0.4876858E+03  0.1355194E+02  0.3409649E+01 -0.6362707E+00  0.5987250E+00
   04  0.4893136E+03  0.1354961E+02  0.3415109E+01 -0.6184067E+00  0.5963919E+00
   04  0.4909413E+03  0.1354724E+02  0.3420656E+01 -0.6004495E+00  0.5940253E+00
   04  0.4925691E+03  0.1354484E+02  0.3426293E+01 -0.5823981E+00  0.5916254E+00
   04  0.4941968E+03  0.1354241E+02  0.3432022E+01 -0.5642551E+00  0.5891922E+00
   04  0.4958245E+03  0.1353994E+02  0.3437844E+01 -0.5460209E+00  0.5867256E+00
   04  0.4974523E+03  0.1353744E+02  0.3443762E+01 -0.5276961E+00  0.5842259E+00
   04  0.4990800E+03  0.1353491E+02  0.3449779E+01 -0.5092810E+00  0.5816932E+00
   04  0.5007078E+03  0.1353235E+02  0.3455896E+01 -0.4907758E+00  0.5791275E+00
   04  0.5023355E+03  0.1352975E+02  0.3462117E+01 -0.4721807E+00  0.5765291E+00
   04  0.5039632E+03  0.1352712E+02  0.3468444E+01 -0.4534957E+00  0.5738981E+00
   04  0.5055910E+03  0.1352445E+02  0.3474879E+01 -0.4346798E+00  0.5712315E+00
   04  0.5072187E+03  0.1352175E+02  0.3481423E+01 -0.4157187E+00  0.5685284E+00
   04  0.5088465E+03  0.1351901E+02  0.3488077E+01 -0.3966154E+00  0.5657894E+00
   04  0.5104742E+03  0.1351623E+02  0.3494843E+01 -0.3773728E+00  0.5630150E+00
   04  0.5121020E+03  0.1351342E+02  0.3501720E+01 -0.3579936E+00  0.5602059E+00
   04  0.5137297E+03  0.1351058E+02  0.3508712E+01 -0.3384812E+00  0.5573625E+00
   04  0.5153574E+03  0.1350770E+02  0.3515819E+01 -0.3188396E+00  0.5544854E+00
   04  0.5169852E+03  0.1350479E+02  0.3523044E+01 -0.2990728E+00  0.5515750E+00
   04  0.5186129E+03  0.1350185E+02  0.3530388E+01 -0.2791849E+00  0.5486319E+00
   04  0.5202407E+03  0.1349887E+02  0.3537855E+01 -0.2591798E+00  0.5456565E+00
   04  0.5218684E+03  0.1349587E+02  0.3545445E+01 -0.2390613E+00  0.5426494E+00
   04  0.5234961E+03  0.1349283E+02  0.3553163E+01 -0.2188332E+00  0.5396110E+00
   04  0.5251239E+03  0.1348976E+02  0.3561009E+01 -0.1984992E+00  0.5365419E+00
   04  0.5267516E+03  0.1348666E+02  0.3568987E+01 -0.1780631E+00  0.5334426E+00
   04  0.5283794E+03  0.1348353E+02  0.3577098E+01 -0.1575283E+00  0.5303136E+00
   04  0.5300071E+03  0.1348037E+02  0.3585345E+01 -0.1368982E+00  0.5271554E+00
   04  0.5316349E+03  0.1347719E+02  0.3593730E+01 -0.1161762E+00  0.5239686E+00
   04  0.5332626E+03  0.1347397E+02  0.3602255E+01 -0.9536545E-01  0.5207536E+00
   04  0.5348903E+03  0.1347073E+02  0.3610922E+01 -0.7446885E-01  0.5175109E+00
   04  0.5365181E+03  0.1346746E+02  0.3619733E+01 -0.5348929E-01  0.5142411E+00
   04  0.5381458E+03  0.1346416E+02  0.3628690E+01 -0.3242951E-01  0.5109446E+00
   04  0.5397736E+03  0.1346084E+02  0.3637795E+01 -0.1129208E-01  0.5076219E+00
   04  0.5414013E+03  0.1345749E+02  0.3647049E+01  0.9920483E-02  0.5042737E+00
   04  0.5430290E+03  0.1345412E+02  0.3656453E+01  0.3120582E-01  0.5009002E+00
   04  0.5446568E+03  0.1345072E+02  0.3666010E+01  0.5256163E-01  0.4975021E+00
   04  0.5462845E+03  0.1344730E+02  0.3675719E+01  0.7398573E-01  0.4940798E+00
   04  0.5479123E+03  0.1344385E+02  0.3685584E+01  0.9547598E-01  0.4906338E+00
   04  0.5495400E+03  0.1344038E+02  0.3695604E+01  0.1170303E+00  0.4871646E+00
   04  0.5511678E+03  0.1343689E+02  0.3705780E+01  0.1386467E+00  0.4836727E+00
   04  0.5527955E+03  0.1343338E+02  0.3716113E+01  0.1603233E+00  0.4801585E+00
   04  0.5544232E+03  0.1342984E+02  0.3726604E+01  0.1820579E+00  0.4766226E+00
   04  0.5560510E+03  0.1342628E+02  0.3737252E+01  0.2038488E+00  0.4730654E+00
   04  0.5576787E+03  0.1342271E+02  0.3748060E+01  0.2256940E+00  0.4694874E+00
   04  0.5593065E+03  0.1341911E+02  0.3759025E+01  0.2475916E+00  0.4658891E+00
   04  0.5609342E+03  0.1341549E+02  0.3770149E+01  0.2695398E+00  0.4622709E+00
   04  0.5625619E+03  0.1341185E+02  0.3781430E+01  0.2915437E+00  0.4586326E+00
   04  0.5641897E+03  0.1340819E+02  0.3792869E+01  0.3136103E+00  0.4549742E+00
   04  0.5658174E+03  0.1340451E+02  0.3804464E+01  0.3357405E+00  0.4512956E+00
   04  0.5674452E+03  0.1340082E+02  0.3816214E+01  0.3579347E+00  0.4475973E+00
   04  0.5690729E+03  0.1339710E+02  0.3828119E+01  0.3801936E+00  0.4438794E+00
   04  0.5707007E+03  0.1339336E+02  0.3840177E+01  0.4025174E+00  0.4401422E+00
   04  0.5723284E+03  0.1338960E+02  0.3852387E+01  0.4249061E+00  0.4363861E+00
   04  0.5739561E+03  0.1338583E+02  0.3864747E+01  0.4473596E+00  0.4326113E+00
   04  0.5755839E+03  0.1338204E+02  0.3877256E+01  0.4698776E+00  0.4288182E+00
   04  0.5772116E+03  0.1337823E+02  0.3889912E+01  0.4924594E+00  0.4250072E+00
   04  0.5788394E+03  0.1337440E+02  0.3902713E+01  0.5151043E+00  0.4211785E+00
   04  0.5804671E+03  0.1337055E+02  0.3915657E+01  0.5378112E+00  0.4173325E+00
   04  0.5820948E+03  0.1336669E+02  0.3928740E+01  0.5605789E+00  0.4134697E+00
   04  0.5837226E+03  0.1336281E+02  0.3941963E+01  0.5834057E+00  0.4095905E+00
   04  0.5853503E+03  0.1335891E+02  0.3955320E+01  0.6062901E+00  0.4056951E+00
   04  0.5869781E+03  0.1335500E+02  0.3968811E+01  0.6292287E+00  0.4017840E+00
   04  0.5886058E+03  0.1335107E+02  0.3982432E+01  0.6522020E+00  0.3978562E+00
   04  0.5902336E+03  0.1334713E+02  0.3996182E+01  0.6752084E+00  0.3939120E+00
   04  0.5918613E+03  0.1334317E+02  0.4010058E+01  0.6982460E+00  0.3899521E+00
   04  0.5934890E+03  0.1333919E+02  0.4024059E+01  0.7213128E+00  0.3859768E+00
   04  0.5951168E+03  0.1333520E+02  0.4038181E+01  0.7444066E+00  0.3819867E+00
   04  0.5967445E+03  0.1333120E+02  0.4052422E+01  0.7675251E+00  0.3779823E+00
   04  0.5983723E+03  0.1332718E+02  0.4066779E+01  0.7906658E+00  0.3739640E+00
