# gauge_id= 304 location=( -0.1241920000E+03  0.4175062500E+02 ) num_var=  4
# Stationary gauge
# level, time, q[  1  2  3], eta, aux[]
# file format ascii, time series follow in this file
   04  0.0000000E+00  0.1227984E+01  0.0000000E+00  0.0000000E+00  0.0000000E+00
   04  0.1000000E+01  0.1227984E+01  0.1271753E-16 -0.4695144E-19  0.5506947E+00
   04  0.1015873E+01  0.1227986E+01  0.4875349E-04 -0.4812081E-07  0.5506963E+00
   04  0.1031746E+01  0.1227987E+01  0.9750940E-04 -0.9614283E-07  0.5506979E+00
   04  0.1047619E+01  0.1227989E+01  0.1462677E-03 -0.1440665E-06  0.5506995E+00
   04  0.1063492E+01  0.1227990E+01  0.1950284E-03 -0.1918922E-06  0.5507012E+00
   04  0.1079365E+01  0.1227992E+01  0.2437916E-03 -0.2396203E-06  0.5507028E+00
   04  0.1095238E+01  0.1227994E+01  0.2925571E-03 -0.2872514E-06  0.5507044E+00
   04  0.1111111E+01  0.1227995E+01  0.3413250E-03 -0.3347857E-06  0.5507060E+00
   04  0.1126984E+01  0.1227997E+01  0.3900954E-03 -0.3822237E-06  0.5507077E+00
   04  0.1142857E+01  0.1227999E+01  0.4388682E-03 -0.4295659E-06  0.5507093E+00
   04  0.1158730E+01  0.1228000E+01  0.4876433E-03 -0.4768126E-06  0.5507109E+00
   04  0.1174603E+01  0.1228002E+01  0.5364209E-03 -0.5239643E-06  0.5507125E+00
   04  0.1190476E+01  0.1228003E+01  0.5852009E-03 -0.5710214E-06  0.5507142E+00
   04  0.1206349E+01  0.1228005E+01  0.6339833E-03 -0.6179842E-06  0.5507158E+00
   04  0.1222222E+01  0.1228007E+01  0.6827680E-03 -0.6648532E-06  0.5507174E+00
   04  0.1238095E+01  0.1228008E+01  0.7315552E-03 -0.7116287E-06  0.5507191E+00
   04  0.1253968E+01  0.1228010E+01  0.7803448E-03 -0.7583113E-06  0.5507207E+00
   04  0.1269841E+01  0.1228012E+01  0.8291368E-03 -0.8049013E-06  0.5507223E+00
   04  0.1285714E+01  0.1228013E+01  0.8779312E-03 -0.8513990E-06  0.5507239E+00
   04  0.1301587E+01  0.1228015E+01  0.9267280E-03 -0.8978050E-06  0.5507256E+00
   04  0.1317460E+01  0.1228016E+01  0.9755272E-03 -0.9441195E-06  0.5507272E+00
   04  0.1333333E+01  0.1228018E+01  0.1024329E-02 -0.9903431E-06  0.5507288E+00
   04  0.1349206E+01  0.1228020E+01  0.1073133E-02 -0.1036476E-05  0.5507305E+00
   04  0.1365079E+01  0.1228021E+01  0.1121939E-02 -0.1082519E-05  0.5507321E+00
   04  0.1380952E+01  0.1228023E+01  0.1170748E-02 -0.1128472E-05  0.5507337E+00
   04  0.1396825E+01  0.1228025E+01  0.1219559E-02 -0.1174335E-05  0.5507354E+00
   04  0.1412698E+01  0.1228026E+01  0.1268373E-02 -0.1220110E-05  0.5507370E+00
   04  0.1428571E+01  0.1228028E+01  0.1317189E-02 -0.1265796E-05  0.5507386E+00
   04  0.1476190E+01  0.1228033E+01  0.1463652E-02 -0.1402397E-05  0.5507435E+00
   04  0.1523810E+01  0.1228038E+01  0.1610137E-02 -0.1538213E-05  0.5507484E+00
   04  0.1571429E+01  0.1228043E+01  0.1756643E-02 -0.1673257E-05  0.5507533E+00
   04  0.1619048E+01  0.1228048E+01  0.1903171E-02 -0.1807537E-05  0.5507583E+00
   04  0.1666667E+01  0.1228052E+01  0.2049721E-02 -0.1941064E-05  0.5507632E+00
   04  0.1714286E+01  0.1228057E+01  0.2196292E-02 -0.2073848E-05  0.5507681E+00
   04  0.1761905E+01  0.1228062E+01  0.2342884E-02 -0.2205900E-05  0.5507730E+00
   04  0.1809524E+01  0.1228067E+01  0.2489499E-02 -0.2337229E-05  0.5507780E+00
   04  0.1857143E+01  0.1228072E+01  0.2636134E-02 -0.2467845E-05  0.5507829E+00
   04  0.1904762E+01  0.1228077E+01  0.2782792E-02 -0.2597758E-05  0.5507878E+00
   04  0.1952381E+01  0.1228082E+01  0.2929470E-02 -0.2726977E-05  0.5507928E+00
   04  0.2000000E+01  0.1228087E+01  0.3076171E-02 -0.2855513E-05  0.5507977E+00
   04  0.5727919E+01  0.1228502E+01  0.1463360E-01 -0.1631338E-04  0.5512124E+00
   04  0.9455838E+01  0.1228940E+01  0.2633981E-01 -0.2994956E-04  0.5516508E+00
   04  0.1318376E+02  0.1229404E+01  0.3819540E-01 -0.4686578E-04  0.5521149E+00
   04  0.1691168E+02  0.1229897E+01  0.5020791E-01 -0.7021025E-04  0.5526079E+00
   04  0.2063960E+02  0.1230424E+01  0.6239240E-01 -0.1043891E-03  0.5531348E+00
   04  0.2436752E+02  0.1230991E+01  0.7477003E-01 -0.1563591E-03  0.5537021E+00
   04  0.2809543E+02  0.1231607E+01  0.8736709E-01 -0.2358902E-03  0.5543180E+00
   04  0.3182335E+02  0.1232276E+01  0.1002138E+00 -0.3319131E-03  0.5549866E+00
   04  0.3555127E+02  0.1233005E+01  0.1133441E+00 -0.4465336E-03  0.5557159E+00
   04  0.3927919E+02  0.1233803E+01  0.1267950E+00 -0.5815576E-03  0.5565140E+00
   04  0.4300711E+02  0.1234679E+01  0.1406063E+00 -0.7385400E-03  0.5573900E+00
   04  0.4673503E+02  0.1235642E+01  0.1548203E+00 -0.9188268E-03  0.5583531E+00
   04  0.5046295E+02  0.1236702E+01  0.1694814E+00 -0.1123491E-02  0.5594130E+00
   04  0.5419087E+02  0.1237869E+01  0.1846359E+00 -0.1353483E-02  0.5605798E+00
   04  0.5791879E+02  0.1239155E+01  0.2003402E+00 -0.1609729E-02  0.5618656E+00
   04  0.6164671E+02  0.1240571E+01  0.2166491E+00 -0.1893040E-02  0.5632818E+00
   04  0.6537463E+02  0.1242128E+01  0.2336101E+00 -0.2204169E-02  0.5648387E+00
   04  0.6910255E+02  0.1243834E+01  0.2512635E+00 -0.2543858E-02  0.5665451E+00
   04  0.7283047E+02  0.1245698E+01  0.2696425E+00 -0.2912868E-02  0.5684083E+00
   04  0.7655838E+02  0.1247724E+01  0.2887725E+00 -0.3311975E-02  0.5704343E+00
   04  0.8028630E+02  0.1249917E+01  0.3086722E+00 -0.3741941E-02  0.5726273E+00
   04  0.8401422E+02  0.1252279E+01  0.3293516E+00 -0.4203517E-02  0.5749900E+00
   04  0.8774214E+02  0.1254813E+01  0.3508123E+00 -0.4697337E-02  0.5775238E+00
   04  0.9147006E+02  0.1257517E+01  0.3730472E+00 -0.5223855E-02  0.5802281E+00
   04  0.9445240E+02  0.1259811E+01  0.3914416E+00 -0.5641462E-02  0.5825218E+00
   04  0.9743473E+02  0.1262211E+01  0.4103112E+00 -0.6078597E-02  0.5849216E+00
   04  0.1004171E+03  0.1264714E+01  0.4296385E+00 -0.6535063E-02  0.5874246E+00
   04  0.1033994E+03  0.1267316E+01  0.4494027E+00 -0.7010510E-02  0.5900272E+00
   04  0.1063817E+03  0.1270015E+01  0.4695797E+00 -0.7504415E-02  0.5927254E+00
   04  0.1093641E+03  0.1272804E+01  0.4901430E+00 -0.8016129E-02  0.5955146E+00
   04  0.1123464E+03  0.1275679E+01  0.5110636E+00 -0.8544825E-02  0.5983897E+00
   04  0.1153287E+03  0.1278630E+01  0.5322848E+00 -0.9089275E-02  0.6013403E+00
   04  0.1183111E+03  0.1281641E+01  0.5537246E+00 -0.9648031E-02  0.6043514E+00
   04  0.1212934E+03  0.1284697E+01  0.5753025E+00 -0.1021972E-01  0.6074079E+00
   04  0.1242758E+03  0.1287785E+01  0.5969404E+00 -0.1080301E-01  0.6104954E+00
   04  0.1272581E+03  0.1290889E+01  0.6185635E+00 -0.1139649E-01  0.6135997E+00
   04  0.1302404E+03  0.1293997E+01  0.6401010E+00 -0.1199874E-01  0.6167074E+00
   04  0.1332228E+03  0.1297095E+01  0.6614868E+00 -0.1260831E-01  0.6198059E+00
   04  0.1362051E+03  0.1300173E+01  0.6826623E+00 -0.1322369E-01  0.6228838E+00
   04  0.1391874E+03  0.1303220E+01  0.7035743E+00 -0.1384328E-01  0.6259305E+00
   04  0.1421698E+03  0.1306225E+01  0.7241735E+00 -0.1446545E-01  0.6289360E+00
   04  0.1451521E+03  0.1309181E+01  0.7444151E+00 -0.1508850E-01  0.6318912E+00
   04  0.1481344E+03  0.1312077E+01  0.7642588E+00 -0.1571075E-01  0.6347877E+00
   04  0.1511168E+03  0.1314907E+01  0.7836685E+00 -0.1633051E-01  0.6376176E+00
   04  0.1540991E+03  0.1317663E+01  0.8026121E+00 -0.1694612E-01  0.6403741E+00
   04  0.1570814E+03  0.1320340E+01  0.8210619E+00 -0.1755600E-01  0.6430507E+00
   04  0.1600638E+03  0.1322931E+01  0.8389938E+00 -0.1815860E-01  0.6456419E+00
   04  0.1630461E+03  0.1325432E+01  0.8563876E+00 -0.1875246E-01  0.6481428E+00
   04  0.1660284E+03  0.1327838E+01  0.8732263E+00 -0.1933623E-01  0.6505489E+00
   04  0.1690108E+03  0.1330146E+01  0.8894958E+00 -0.1990863E-01  0.6528568E+00
   04  0.1719931E+03  0.1332353E+01  0.9051852E+00 -0.2046847E-01  0.6550634E+00
   04  0.1749755E+03  0.1334455E+01  0.9202859E+00 -0.2101470E-01  0.6571662E+00
   04  0.1779578E+03  0.1336453E+01  0.9347920E+00 -0.2154639E-01  0.6591632E+00
   04  0.1809401E+03  0.1338342E+01  0.9486998E+00 -0.2206284E-01  0.6610532E+00
   04  0.1824313E+03  0.1339234E+01  0.9553879E+00 -0.2226121E-01  0.6619447E+00
   04  0.1839225E+03  0.1340089E+01  0.9618730E+00 -0.2245712E-01  0.6628000E+00
   04  0.1854136E+03  0.1340909E+01  0.9681602E+00 -0.2265061E-01  0.6636198E+00
   04  0.1869048E+03  0.1341694E+01  0.9742543E+00 -0.2284168E-01  0.6644051E+00
   04  0.1883960E+03  0.1342446E+01  0.9801603E+00 -0.2303026E-01  0.6651565E+00
   04  0.1898871E+03  0.1343164E+01  0.9858831E+00 -0.2321627E-01  0.6658748E+00
   04  0.1913783E+03  0.1343850E+01  0.9914275E+00 -0.2339963E-01  0.6665608E+00
   04  0.1928695E+03  0.1344505E+01  0.9967983E+00 -0.2358020E-01  0.6672153E+00
   04  0.1943606E+03  0.1345128E+01  0.1002000E+01 -0.2375788E-01  0.6678389E+00
   04  0.1958518E+03  0.1345722E+01  0.1007038E+01 -0.2393249E-01  0.6684325E+00
   04  0.1973430E+03  0.1346286E+01  0.1011916E+01 -0.2410390E-01  0.6689968E+00
   04  0.1988341E+03  0.1346822E+01  0.1016638E+01 -0.2427193E-01  0.6695324E+00
   04  0.2003253E+03  0.1347329E+01  0.1021209E+01 -0.2443641E-01  0.6700400E+00
   04  0.2018165E+03  0.1347810E+01  0.1025633E+01 -0.2459717E-01  0.6705204E+00
   04  0.2033076E+03  0.1348264E+01  0.1029915E+01 -0.2475402E-01  0.6709742E+00
   04  0.2047988E+03  0.1348691E+01  0.1034057E+01 -0.2490679E-01  0.6714021E+00
   04  0.2062900E+03  0.1349094E+01  0.1038065E+01 -0.2505528E-01  0.6718046E+00
   04  0.2077811E+03  0.1349472E+01  0.1041941E+01 -0.2519932E-01  0.6721824E+00
   04  0.2092723E+03  0.1349825E+01  0.1045690E+01 -0.2533873E-01  0.6725360E+00
   04  0.2107635E+03  0.1350155E+01  0.1049315E+01 -0.2547332E-01  0.6728661E+00
   04  0.2122546E+03  0.1350463E+01  0.1052819E+01 -0.2560293E-01  0.6731733E+00
   04  0.2137458E+03  0.1350747E+01  0.1056206E+01 -0.2572738E-01  0.6734580E+00
   04  0.2152370E+03  0.1351010E+01  0.1059479E+01 -0.2584650E-01  0.6737208E+00
   04  0.2167281E+03  0.1351252E+01  0.1062642E+01 -0.2596014E-01  0.6739622E+00
   04  0.2182193E+03  0.1351472E+01  0.1065697E+01 -0.2606814E-01  0.6741827E+00
   04  0.2197105E+03  0.1351672E+01  0.1068647E+01 -0.2617036E-01  0.6743828E+00
   04  0.2212017E+03  0.1351852E+01  0.1071496E+01 -0.2626664E-01  0.6745629E+00
   04  0.2226928E+03  0.1352013E+01  0.1074246E+01 -0.2635686E-01  0.6747235E+00
   04  0.2241840E+03  0.1352154E+01  0.1076899E+01 -0.2644088E-01  0.6748649E+00
   04  0.2256752E+03  0.1352277E+01  0.1079459E+01 -0.2651859E-01  0.6749877E+00
   04  0.2271663E+03  0.1352381E+01  0.1081928E+01 -0.2658988E-01  0.6750921E+00
   04  0.2286575E+03  0.1352468E+01  0.1084308E+01 -0.2665463E-01  0.6751786E+00
   04  0.2301487E+03  0.1352537E+01  0.1086602E+01 -0.2671275E-01  0.6752476E+00
   04  0.2316398E+03  0.1352589E+01  0.1088812E+01 -0.2676415E-01  0.6752993E+00
   04  0.2331310E+03  0.1352623E+01  0.1090942E+01 -0.2680875E-01  0.6753341E+00
   04  0.2346222E+03  0.1352642E+01  0.1092991E+01 -0.2684650E-01  0.6753523E+00
   04  0.2361133E+03  0.1352644E+01  0.1094964E+01 -0.2687734E-01  0.6753543E+00
   04  0.2376045E+03  0.1352630E+01  0.1096863E+01 -0.2690122E-01  0.6753403E+00
   04  0.2390957E+03  0.1352600E+01  0.1098688E+01 -0.2691810E-01  0.6753106E+00
   04  0.2405868E+03  0.1352555E+01  0.1100443E+01 -0.2692796E-01  0.6752654E+00
   04  0.2420780E+03  0.1352494E+01  0.1102129E+01 -0.2693076E-01  0.6752051E+00
   04  0.2435692E+03  0.1352419E+01  0.1103748E+01 -0.2692650E-01  0.6751299E+00
   04  0.2450603E+03  0.1352329E+01  0.1105303E+01 -0.2691516E-01  0.6750401E+00
   04  0.2465515E+03  0.1352225E+01  0.1106796E+01 -0.2689676E-01  0.6749357E+00
   04  0.2480427E+03  0.1352106E+01  0.1108227E+01 -0.2687130E-01  0.6748172E+00
   04  0.2495338E+03  0.1351974E+01  0.1109599E+01 -0.2683880E-01  0.6746847E+00
   04  0.2510250E+03  0.1351828E+01  0.1110915E+01 -0.2679930E-01  0.6745384E+00
   04  0.2525162E+03  0.1351668E+01  0.1112175E+01 -0.2675282E-01  0.6743785E+00
   04  0.2540073E+03  0.1351495E+01  0.1113382E+01 -0.2669941E-01  0.6742053E+00
   04  0.2554985E+03  0.1351308E+01  0.1114538E+01 -0.2663912E-01  0.6740189E+00
   04  0.2569897E+03  0.1351109E+01  0.1115644E+01 -0.2657201E-01  0.6738195E+00
   04  0.2584808E+03  0.1350897E+01  0.1116702E+01 -0.2649816E-01  0.6736073E+00
   04  0.2599720E+03  0.1350672E+01  0.1117715E+01 -0.2641766E-01  0.6733824E+00
   04  0.2614632E+03  0.1350434E+01  0.1118683E+01 -0.2633061E-01  0.6731451E+00
   04  0.2629543E+03  0.1350185E+01  0.1119609E+01 -0.2623713E-01  0.6728954E+00
   04  0.2644455E+03  0.1349923E+01  0.1120494E+01 -0.2613731E-01  0.6726336E+00
   04  0.2659367E+03  0.1349649E+01  0.1121341E+01 -0.2603130E-01  0.6723599E+00
   04  0.2674278E+03  0.1349364E+01  0.1122151E+01 -0.2591920E-01  0.6720743E+00
   04  0.2689190E+03  0.1349066E+01  0.1122925E+01 -0.2580116E-01  0.6717771E+00
   04  0.2704102E+03  0.1348758E+01  0.1123666E+01 -0.2567730E-01  0.6714684E+00
   04  0.2719014E+03  0.1348438E+01  0.1124376E+01 -0.2554778E-01  0.6711483E+00
   04  0.2733925E+03  0.1348106E+01  0.1125055E+01 -0.2541275E-01  0.6708171E+00
   04  0.2748837E+03  0.1347764E+01  0.1125706E+01 -0.2527235E-01  0.6704749E+00
   04  0.2763749E+03  0.1347411E+01  0.1126330E+01 -0.2512674E-01  0.6701218E+00
   04  0.2778660E+03  0.1347047E+01  0.1126930E+01 -0.2497610E-01  0.6697580E+00
   04  0.2793572E+03  0.1346673E+01  0.1127505E+01 -0.2482057E-01  0.6693836E+00
   04  0.2808484E+03  0.1346288E+01  0.1128059E+01 -0.2466028E-01  0.6689989E+00
   04  0.2823395E+03  0.1345893E+01  0.1128593E+01 -0.2449534E-01  0.6686038E+00
   04  0.2838307E+03  0.1345488E+01  0.1129109E+01 -0.2432591E-01  0.6681987E+00
   04  0.2853219E+03  0.1345073E+01  0.1129607E+01 -0.2415214E-01  0.6677836E+00
   04  0.2868130E+03  0.1344648E+01  0.1130089E+01 -0.2397421E-01  0.6673586E+00
   04  0.2883042E+03  0.1344213E+01  0.1130557E+01 -0.2379228E-01  0.6669240E+00
   04  0.2897954E+03  0.1343769E+01  0.1131013E+01 -0.2360656E-01  0.6664798E+00
   04  0.2912865E+03  0.1343315E+01  0.1131457E+01 -0.2341722E-01  0.6660262E+00
   04  0.2927777E+03  0.1342853E+01  0.1131890E+01 -0.2322447E-01  0.6655633E+00
   04  0.2942689E+03  0.1342381E+01  0.1132316E+01 -0.2302851E-01  0.6650914E+00
   04  0.2957600E+03  0.1341900E+01  0.1132733E+01 -0.2282952E-01  0.6646106E+00
   04  0.2972512E+03  0.1341410E+01  0.1133145E+01 -0.2262770E-01  0.6641210E+00
   04  0.2987424E+03  0.1340912E+01  0.1133552E+01 -0.2242324E-01  0.6636227E+00
   04  0.3002335E+03  0.1340405E+01  0.1133956E+01 -0.2221632E-01  0.6631160E+00
   04  0.3017247E+03  0.1339890E+01  0.1134357E+01 -0.2200710E-01  0.6626010E+00
   04  0.3032159E+03  0.1339367E+01  0.1134757E+01 -0.2179576E-01  0.6620778E+00
   04  0.3047070E+03  0.1338836E+01  0.1135157E+01 -0.2158248E-01  0.6615466E+00
   04  0.3061982E+03  0.1338297E+01  0.1135559E+01 -0.2136742E-01  0.6610076E+00
   04  0.3076894E+03  0.1337750E+01  0.1135963E+01 -0.2115079E-01  0.6604608E+00
   04  0.3091805E+03  0.1337196E+01  0.1136370E+01 -0.2093278E-01  0.6599064E+00
   04  0.3106717E+03  0.1336634E+01  0.1136782E+01 -0.2071357E-01  0.6593447E+00
   04  0.3121629E+03  0.1336065E+01  0.1137199E+01 -0.2049338E-01  0.6587757E+00
   04  0.3136540E+03  0.1335489E+01  0.1137623E+01 -0.2027243E-01  0.6581996E+00
   04  0.3151452E+03  0.1334906E+01  0.1138055E+01 -0.2005094E-01  0.6576166E+00
   04  0.3165017E+03  0.1334370E+01  0.1138459E+01 -0.1984724E-01  0.6570810E+00
   04  0.3178581E+03  0.1333829E+01  0.1138870E+01 -0.1964353E-01  0.6565400E+00
   04  0.3192146E+03  0.1333283E+01  0.1139290E+01 -0.1943996E-01  0.6559936E+00
   04  0.3205710E+03  0.1332731E+01  0.1139718E+01 -0.1923671E-01  0.6554419E+00
   04  0.3219275E+03  0.1332174E+01  0.1140156E+01 -0.1903396E-01  0.6548850E+00
   04  0.3232839E+03  0.1331612E+01  0.1140604E+01 -0.1883187E-01  0.6543231E+00
   04  0.3246404E+03  0.1331045E+01  0.1141062E+01 -0.1863061E-01  0.6537561E+00
   04  0.3259968E+03  0.1330474E+01  0.1141531E+01 -0.1843034E-01  0.6531843E+00
   04  0.3273533E+03  0.1329897E+01  0.1142011E+01 -0.1823123E-01  0.6526078E+00
   04  0.3287097E+03  0.1329316E+01  0.1142504E+01 -0.1803345E-01  0.6520265E+00
   04  0.3300662E+03  0.1328730E+01  0.1143009E+01 -0.1783714E-01  0.6514406E+00
   04  0.3314226E+03  0.1328139E+01  0.1143526E+01 -0.1764247E-01  0.6508501E+00
   04  0.3327791E+03  0.1327544E+01  0.1144056E+01 -0.1744957E-01  0.6502552E+00
   04  0.3341355E+03  0.1326945E+01  0.1144600E+01 -0.1725861E-01  0.6496558E+00
   04  0.3354920E+03  0.1326341E+01  0.1145158E+01 -0.1706971E-01  0.6490521E+00
   04  0.3368484E+03  0.1325733E+01  0.1145729E+01 -0.1688301E-01  0.6484440E+00
   04  0.3382049E+03  0.1325121E+01  0.1146314E+01 -0.1669864E-01  0.6478316E+00
   04  0.3395613E+03  0.1324504E+01  0.1146914E+01 -0.1651673E-01  0.6472149E+00
   04  0.3409178E+03  0.1323883E+01  0.1147528E+01 -0.1633738E-01  0.6465940E+00
   04  0.3422742E+03  0.1323258E+01  0.1148157E+01 -0.1616070E-01  0.6459689E+00
   04  0.3436307E+03  0.1322629E+01  0.1148800E+01 -0.1598678E-01  0.6453395E+00
   04  0.3449871E+03  0.1321990E+01  0.1149427E+01 -0.1581556E-01  0.6447003E+00
   04  0.3463436E+03  0.1321335E+01  0.1150004E+01 -0.1564716E-01  0.6440458E+00
   04  0.3477000E+03  0.1320668E+01  0.1150545E+01 -0.1548205E-01  0.6433782E+00
   04  0.3490565E+03  0.1319989E+01  0.1151061E+01 -0.1532063E-01  0.6426993E+00
   04  0.3504130E+03  0.1319300E+01  0.1151561E+01 -0.1516321E-01  0.6420106E+00
   04  0.3517694E+03  0.1318602E+01  0.1152051E+01 -0.1501006E-01  0.6413131E+00
   04  0.3531259E+03  0.1317897E+01  0.1152537E+01 -0.1486139E-01  0.6406081E+00
   04  0.3544823E+03  0.1317186E+01  0.1153025E+01 -0.1471735E-01  0.6398964E+00
   04  0.3558388E+03  0.1316468E+01  0.1153519E+01 -0.1457808E-01  0.6391786E+00
   04  0.3574665E+03  0.1315598E+01  0.1154114E+01 -0.1442188E-01  0.6383086E+00
   04  0.3590942E+03  0.1314721E+01  0.1154729E+01 -0.1427251E-01  0.6374318E+00
   04  0.3607220E+03  0.1313838E+01  0.1155367E+01 -0.1412999E-01  0.6365489E+00
   04  0.3623497E+03  0.1312950E+01  0.1156033E+01 -0.1399428E-01  0.6356606E+00
   04  0.3639775E+03  0.1312057E+01  0.1156731E+01 -0.1386529E-01  0.6347676E+00
   04  0.3656052E+03  0.1311160E+01  0.1157463E+01 -0.1374283E-01  0.6338704E+00
   04  0.3672329E+03  0.1310259E+01  0.1158233E+01 -0.1362665E-01  0.6329694E+00
   04  0.3688607E+03  0.1309354E+01  0.1159042E+01 -0.1351643E-01  0.6320651E+00
   04  0.3704884E+03  0.1308447E+01  0.1159894E+01 -0.1341179E-01  0.6311579E+00
   04  0.3721162E+03  0.1307537E+01  0.1160789E+01 -0.1331225E-01  0.6302481E+00
   04  0.3737439E+03  0.1306625E+01  0.1161731E+01 -0.1321727E-01  0.6293360E+00
   04  0.3753717E+03  0.1305711E+01  0.1162720E+01 -0.1312623E-01  0.6284219E+00
   04  0.3769994E+03  0.1304795E+01  0.1163758E+01 -0.1303838E-01  0.6275061E+00
   04  0.3786271E+03  0.1303878E+01  0.1164846E+01 -0.1295292E-01  0.6265889E+00
   04  0.3802549E+03  0.1302960E+01  0.1165987E+01 -0.1286904E-01  0.6256706E+00
   04  0.3818826E+03  0.1302040E+01  0.1167181E+01 -0.1278623E-01  0.6247511E+00
   04  0.3835104E+03  0.1301120E+01  0.1168428E+01 -0.1270394E-01  0.6238306E+00
   04  0.3851381E+03  0.1300198E+01  0.1169729E+01 -0.1262159E-01  0.6229090E+00
   04  0.3867658E+03  0.1299276E+01  0.1171084E+01 -0.1253862E-01  0.6219863E+00
   04  0.3883936E+03  0.1298352E+01  0.1172495E+01 -0.1245441E-01  0.6210626E+00
   04  0.3900213E+03  0.1297427E+01  0.1173960E+01 -0.1236835E-01  0.6201377E+00
   04  0.3916491E+03  0.1296501E+01  0.1175481E+01 -0.1227981E-01  0.6192117E+00
   04  0.3932768E+03  0.1295574E+01  0.1177057E+01 -0.1218816E-01  0.6182844E+00
   04  0.3949046E+03  0.1294645E+01  0.1178688E+01 -0.1209274E-01  0.6173558E+00
   04  0.3965323E+03  0.1293715E+01  0.1180375E+01 -0.1199292E-01  0.6164257E+00
   04  0.3981600E+03  0.1292783E+01  0.1182116E+01 -0.1188807E-01  0.6154940E+00
   04  0.3997878E+03  0.1291850E+01  0.1183911E+01 -0.1177755E-01  0.6145606E+00
   04  0.4014155E+03  0.1290915E+01  0.1185761E+01 -0.1166073E-01  0.6136253E+00
   04  0.4030433E+03  0.1289977E+01  0.1187663E+01 -0.1153698E-01  0.6126879E+00
   04  0.4046710E+03  0.1289037E+01  0.1189618E+01 -0.1140570E-01  0.6117482E+00
   04  0.4062987E+03  0.1288095E+01  0.1191624E+01 -0.1126628E-01  0.6108061E+00
   04  0.4079265E+03  0.1287151E+01  0.1193681E+01 -0.1111813E-01  0.6098612E+00
   04  0.4095542E+03  0.1286203E+01  0.1195787E+01 -0.1096068E-01  0.6089134E+00
   04  0.4111820E+03  0.1285252E+01  0.1197941E+01 -0.1079336E-01  0.6079624E+00
   04  0.4128097E+03  0.1284297E+01  0.1200142E+01 -0.1061562E-01  0.6070079E+00
   04  0.4144375E+03  0.1283339E+01  0.1202388E+01 -0.1042693E-01  0.6060496E+00
   04  0.4160652E+03  0.1282377E+01  0.1204678E+01 -0.1022679E-01  0.6050873E+00
   04  0.4176929E+03  0.1281410E+01  0.1207010E+01 -0.1001468E-01  0.6041205E+00
   04  0.4193207E+03  0.1280438E+01  0.1209383E+01 -0.9790143E-02  0.6031491E+00
   04  0.4209484E+03  0.1279462E+01  0.1211794E+01 -0.9552704E-02  0.6021727E+00
   04  0.4225762E+03  0.1278480E+01  0.1214242E+01 -0.9301926E-02  0.6011909E+00
   04  0.4242039E+03  0.1277493E+01  0.1216725E+01 -0.9037385E-02  0.6002034E+00
   04  0.4258316E+03  0.1276499E+01  0.1219240E+01 -0.8758675E-02  0.5992098E+00
   04  0.4274594E+03  0.1275499E+01  0.1221787E+01 -0.8465411E-02  0.5982098E+00
   04  0.4290871E+03  0.1274493E+01  0.1224361E+01 -0.8158544E-02  0.5972033E+00
   04  0.4307149E+03  0.1273482E+01  0.1226965E+01 -0.7851676E-02  0.5961931E+00
   04  0.4323426E+03  0.1272468E+01  0.1229597E+01 -0.7544616E-02  0.5951791E+00
   04  0.4339704E+03  0.1271450E+01  0.1232252E+01 -0.7237187E-02  0.5941609E+00
   04  0.4355981E+03  0.1270428E+01  0.1234930E+01 -0.6929214E-02  0.5931383E+00
   04  0.4372258E+03  0.1269400E+01  0.1237626E+01 -0.6620536E-02  0.5921109E+00
   04  0.4388536E+03  0.1268368E+01  0.1240339E+01 -0.6310994E-02  0.5910785E+00
   04  0.4404813E+03  0.1267330E+01  0.1243066E+01 -0.6000439E-02  0.5900406E+00
   04  0.4421091E+03  0.1266286E+01  0.1245803E+01 -0.5688727E-02  0.5889971E+00
   04  0.4437368E+03  0.1265237E+01  0.1248548E+01 -0.5375719E-02  0.5879474E+00
   04  0.4453645E+03  0.1264181E+01  0.1251299E+01 -0.5061281E-02  0.5868914E+00
   04  0.4469923E+03  0.1263118E+01  0.1254051E+01 -0.4745282E-02  0.5858287E+00
   04  0.4486200E+03  0.1262048E+01  0.1256803E+01 -0.4427598E-02  0.5847590E+00
   04  0.4502478E+03  0.1260971E+01  0.1259551E+01 -0.4108105E-02  0.5836818E+00
   04  0.4518755E+03  0.1259886E+01  0.1262293E+01 -0.3786683E-02  0.5825968E+00
   04  0.4535033E+03  0.1258793E+01  0.1265025E+01 -0.3463215E-02  0.5815038E+00
   04  0.4551310E+03  0.1257692E+01  0.1267745E+01 -0.3137585E-02  0.5804022E+00
   04  0.4567587E+03  0.1256581E+01  0.1270450E+01 -0.2809679E-02  0.5792919E+00
   04  0.4583865E+03  0.1255462E+01  0.1273137E+01 -0.2479386E-02  0.5781725E+00
   04  0.4600142E+03  0.1254328E+01  0.1275772E+01 -0.2146498E-02  0.5770382E+00
   04  0.4616420E+03  0.1253178E+01  0.1278352E+01 -0.1810989E-02  0.5758886E+00
   04  0.4632697E+03  0.1252013E+01  0.1280877E+01 -0.1472846E-02  0.5747236E+00
   04  0.4648974E+03  0.1250833E+01  0.1283346E+01 -0.1132043E-02  0.5735433E+00
   04  0.4665252E+03  0.1249637E+01  0.1285760E+01 -0.7885424E-03  0.5723478E+00
   04  0.4681529E+03  0.1248426E+01  0.1288118E+01 -0.4422963E-03  0.5711372E+00
   04  0.4697807E+03  0.1247201E+01  0.1290422E+01 -0.9324621E-04  0.5699116E+00
   04  0.4714084E+03  0.1245960E+01  0.1292670E+01  0.2586751E-03  0.5686710E+00
   04  0.4730362E+03  0.1244703E+01  0.1294839E+01  0.6289798E-03  0.5674135E+00
   04  0.4746639E+03  0.1243426E+01  0.1296896E+01  0.1034551E-02  0.5661368E+00
   04  0.4762916E+03  0.1242130E+01  0.1298844E+01  0.1467065E-02  0.5648409E+00
   04  0.4779194E+03  0.1240815E+01  0.1300687E+01  0.1920037E-02  0.5635261E+00
   04  0.4795471E+03  0.1239482E+01  0.1302426E+01  0.2388364E-02  0.5621926E+00
   04  0.4811749E+03  0.1238130E+01  0.1304066E+01  0.2868001E-02  0.5608406E+00
   04  0.4828026E+03  0.1236760E+01  0.1305611E+01  0.3355715E-02  0.5594704E+00
   04  0.4844303E+03  0.1235372E+01  0.1307063E+01  0.3848912E-02  0.5580823E+00
   04  0.4860581E+03  0.1233966E+01  0.1308426E+01  0.4345508E-02  0.5566763E+00
   04  0.4876858E+03  0.1232542E+01  0.1309703E+01  0.4843822E-02  0.5552529E+00
   04  0.4893136E+03  0.1231101E+01  0.1310899E+01  0.5342502E-02  0.5538122E+00
   04  0.4909413E+03  0.1229644E+01  0.1312016E+01  0.5840464E-02  0.5523544E+00
   04  0.4925691E+03  0.1228169E+01  0.1313056E+01  0.6336844E-02  0.5508798E+00
   04  0.4941968E+03  0.1226678E+01  0.1314024E+01  0.6830961E-02  0.5493886E+00
   04  0.4958245E+03  0.1225170E+01  0.1314921E+01  0.7322284E-02  0.5478809E+00
   04  0.4974523E+03  0.1223646E+01  0.1315750E+01  0.7810413E-02  0.5463569E+00
   04  0.4990800E+03  0.1222106E+01  0.1316513E+01  0.8295051E-02  0.5448169E+00
   04  0.5007078E+03  0.1220550E+01  0.1317213E+01  0.8775993E-02  0.5432609E+00
   04  0.5023355E+03  0.1218978E+01  0.1317852E+01  0.9253112E-02  0.5416892E+00
   04  0.5039632E+03  0.1217391E+01  0.1318431E+01  0.9726344E-02  0.5401018E+00
   04  0.5055910E+03  0.1215788E+01  0.1318952E+01  0.1019568E-01  0.5384988E+00
   04  0.5072187E+03  0.1214170E+01  0.1319417E+01  0.1066116E-01  0.5368805E+00
   04  0.5088465E+03  0.1212536E+01  0.1319827E+01  0.1112286E-01  0.5352469E+00
   04  0.5104742E+03  0.1210887E+01  0.1320183E+01  0.1158088E-01  0.5335981E+00
   04  0.5121020E+03  0.1209223E+01  0.1320487E+01  0.1203536E-01  0.5319341E+00
   04  0.5137297E+03  0.1207544E+01  0.1320738E+01  0.1248645E-01  0.5302552E+00
   04  0.5153574E+03  0.1205851E+01  0.1320939E+01  0.1293433E-01  0.5285613E+00
   04  0.5169852E+03  0.1204142E+01  0.1321090E+01  0.1337919E-01  0.5268526E+00
   04  0.5186129E+03  0.1202418E+01  0.1321191E+01  0.1382123E-01  0.5251290E+00
   04  0.5202407E+03  0.1200680E+01  0.1321243E+01  0.1426066E-01  0.5233908E+00
   04  0.5218684E+03  0.1198927E+01  0.1321245E+01  0.1469771E-01  0.5216378E+00
   04  0.5234961E+03  0.1197161E+01  0.1321197E+01  0.1513257E-01  0.5198713E+00
   04  0.5251239E+03  0.1195383E+01  0.1321092E+01  0.1556547E-01  0.5180940E+00
   04  0.5267516E+03  0.1193595E+01  0.1320929E+01  0.1599657E-01  0.5163055E+00
   04  0.5283794E+03  0.1191795E+01  0.1320710E+01  0.1642605E-01  0.5145056E+00
   04  0.5300071E+03  0.1189983E+01  0.1320434E+01  0.1685407E-01  0.5126938E+00
   04  0.5316349E+03  0.1188159E+01  0.1320102E+01  0.1728079E-01  0.5108699E+00
   04  0.5332626E+03  0.1186323E+01  0.1319714E+01  0.1770639E-01  0.5090336E+00
   04  0.5348903E+03  0.1184474E+01  0.1319269E+01  0.1813101E-01  0.5071847E+00
   04  0.5365181E+03  0.1182612E+01  0.1318768E+01  0.1855481E-01  0.5053228E+00
   04  0.5381458E+03  0.1180737E+01  0.1318211E+01  0.1897793E-01  0.5034478E+00
   04  0.5397736E+03  0.1178848E+01  0.1317599E+01  0.1940052E-01  0.5015586E+00
   04  0.5414013E+03  0.1176933E+01  0.1316958E+01  0.1982270E-01  0.4996441E+00
   04  0.5430290E+03  0.1174995E+01  0.1316286E+01  0.2024481E-01  0.4977053E+00
   04  0.5446568E+03  0.1173033E+01  0.1315583E+01  0.2066714E-01  0.4957435E+00
   04  0.5462845E+03  0.1171049E+01  0.1314845E+01  0.2108999E-01  0.4937597E+00
   04  0.5479123E+03  0.1169044E+01  0.1314073E+01  0.2151364E-01  0.4917550E+00
   04  0.5495400E+03  0.1167020E+01  0.1313263E+01  0.2193833E-01  0.4897305E+00
   04  0.5511678E+03  0.1164976E+01  0.1312415E+01  0.2236427E-01  0.4876869E+00
   04  0.5527955E+03  0.1162914E+01  0.1311525E+01  0.2279163E-01  0.4856248E+00
   04  0.5544232E+03  0.1160834E+01  0.1310594E+01  0.2322084E-01  0.4835446E+00
   04  0.5560510E+03  0.1158736E+01  0.1309618E+01  0.2365201E-01  0.4814469E+00
   04  0.5576787E+03  0.1156621E+01  0.1308597E+01  0.2408524E-01  0.4793322E+00
   04  0.5593065E+03  0.1154490E+01  0.1307527E+01  0.2452060E-01  0.4772009E+00
   04  0.5609342E+03  0.1152343E+01  0.1306408E+01  0.2495815E-01  0.4750537E+00
   04  0.5625619E+03  0.1150180E+01  0.1305237E+01  0.2539793E-01  0.4728909E+00
   04  0.5641897E+03  0.1148002E+01  0.1304014E+01  0.2583997E-01  0.4707130E+00
   04  0.5658174E+03  0.1145810E+01  0.1302735E+01  0.2628427E-01  0.4685204E+00
   04  0.5674452E+03  0.1143603E+01  0.1301401E+01  0.2673084E-01  0.4663135E+00
   04  0.5690729E+03  0.1141382E+01  0.1300008E+01  0.2717964E-01  0.4640927E+00
   04  0.5707007E+03  0.1139148E+01  0.1298557E+01  0.2763066E-01  0.4618583E+00
   04  0.5723284E+03  0.1136900E+01  0.1297044E+01  0.2808383E-01  0.4596106E+00
   04  0.5739561E+03  0.1134639E+01  0.1295470E+01  0.2853912E-01  0.4573499E+00
   04  0.5755839E+03  0.1132366E+01  0.1293833E+01  0.2899645E-01  0.4550766E+00
   04  0.5772116E+03  0.1130080E+01  0.1292131E+01  0.2945574E-01  0.4527909E+00
   04  0.5788394E+03  0.1127782E+01  0.1290364E+01  0.2991690E-01  0.4504931E+00
   04  0.5804671E+03  0.1125473E+01  0.1288530E+01  0.3037985E-01  0.4481832E+00
   04  0.5820948E+03  0.1123151E+01  0.1286630E+01  0.3084447E-01  0.4458617E+00
   04  0.5837226E+03  0.1120818E+01  0.1284660E+01  0.3131066E-01  0.4435287E+00
   04  0.5853503E+03  0.1118474E+01  0.1282622E+01  0.3177829E-01  0.4411843E+00
   04  0.5869781E+03  0.1116118E+01  0.1280514E+01  0.3224725E-01  0.4388288E+00
   04  0.5886058E+03  0.1113752E+01  0.1278335E+01  0.3271740E-01  0.4364623E+00
   04  0.5902336E+03  0.1111374E+01  0.1276085E+01  0.3318862E-01  0.4340849E+00
   04  0.5918613E+03  0.1108986E+01  0.1273764E+01  0.3366075E-01  0.4316967E+00
   04  0.5934890E+03  0.1106587E+01  0.1271370E+01  0.3413365E-01  0.4292980E+00
   04  0.5951168E+03  0.1104178E+01  0.1268904E+01  0.3460718E-01  0.4268887E+00
   04  0.5967445E+03  0.1101758E+01  0.1266364E+01  0.3508118E-01  0.4244690E+00
   04  0.5983723E+03  0.1099328E+01  0.1263752E+01  0.3555549E-01  0.4220389E+00
