# gauge_id= 611 location=( -0.1242076147E+03  0.4175697547E+02 ) num_var=  4
# Stationary gauge
# level, time, q[  1  2  3], eta, aux[]
# file format ascii, time series follow in this file
   04  0.0000000E+00  0.1407448E+02  0.0000000E+00  0.0000000E+00  0.0000000E+00
   04  0.1000000E+01  0.1407448E+02  0.3731387E-15 -0.1896496E-15  0.7910594E+00
   04  0.1015873E+01  0.1407448E+02  0.3972932E-03 -0.9499683E-05  0.7910603E+00
   04  0.1031746E+01  0.1407448E+02  0.7946123E-03 -0.1898475E-04  0.7910613E+00
   04  0.1047619E+01  0.1407448E+02  0.1191957E-02 -0.2845521E-04  0.7910622E+00
   04  0.1063492E+01  0.1407449E+02  0.1589328E-02 -0.3791109E-04  0.7910631E+00
   04  0.1079365E+01  0.1407449E+02  0.1986724E-02 -0.4735241E-04  0.7910641E+00
   04  0.1095238E+01  0.1407449E+02  0.2384145E-02 -0.5677919E-04  0.7910651E+00
   04  0.1111111E+01  0.1407449E+02  0.2781593E-02 -0.6619145E-04  0.7910660E+00
   04  0.1126984E+01  0.1407449E+02  0.3179065E-02 -0.7558921E-04  0.7910670E+00
   04  0.1142857E+01  0.1407449E+02  0.3576563E-02 -0.8497249E-04  0.7910679E+00
   04  0.1158730E+01  0.1407449E+02  0.3974087E-02 -0.9434131E-04  0.7910689E+00
   04  0.1174603E+01  0.1407449E+02  0.4371635E-02 -0.1036957E-03  0.7910699E+00
   04  0.1190476E+01  0.1407449E+02  0.4769209E-02 -0.1130357E-03  0.7910709E+00
   04  0.1206349E+01  0.1407449E+02  0.5166808E-02 -0.1223612E-03  0.7910719E+00
   04  0.1222222E+01  0.1407450E+02  0.5564431E-02 -0.1316724E-03  0.7910729E+00
   04  0.1238095E+01  0.1407450E+02  0.5962080E-02 -0.1409693E-03  0.7910738E+00
   04  0.1253968E+01  0.1407450E+02  0.6359754E-02 -0.1502518E-03  0.7910748E+00
   04  0.1269841E+01  0.1407450E+02  0.6757453E-02 -0.1595200E-03  0.7910758E+00
   04  0.1285714E+01  0.1407450E+02  0.7155176E-02 -0.1687739E-03  0.7910768E+00
   04  0.1301587E+01  0.1407450E+02  0.7552924E-02 -0.1780135E-03  0.7910778E+00
   04  0.1317460E+01  0.1407450E+02  0.7950697E-02 -0.1872389E-03  0.7910789E+00
   04  0.1333333E+01  0.1407450E+02  0.8348494E-02 -0.1964500E-03  0.7910799E+00
   04  0.1349206E+01  0.1407450E+02  0.8746316E-02 -0.2056470E-03  0.7910809E+00
   04  0.1365079E+01  0.1407450E+02  0.9144163E-02 -0.2148297E-03  0.7910819E+00
   04  0.1380952E+01  0.1407451E+02  0.9542034E-02 -0.2239983E-03  0.7910829E+00
   04  0.1396825E+01  0.1407451E+02  0.9939929E-02 -0.2331528E-03  0.7910840E+00
   04  0.1412698E+01  0.1407451E+02  0.1033785E-01 -0.2422931E-03  0.7910850E+00
   04  0.1428571E+01  0.1407451E+02  0.1073579E-01 -0.2514193E-03  0.7910860E+00
   04  0.1476190E+01  0.1407451E+02  0.1192964E-01 -0.2787218E-03  0.7910892E+00
   04  0.1523810E+01  0.1407451E+02  0.1312370E-01 -0.3058981E-03  0.7910923E+00
   04  0.1571429E+01  0.1407452E+02  0.1431797E-01 -0.3329487E-03  0.7910955E+00
   04  0.1619048E+01  0.1407452E+02  0.1551246E-01 -0.3598742E-03  0.7910988E+00
   04  0.1666667E+01  0.1407452E+02  0.1670716E-01 -0.3866751E-03  0.7911021E+00
   04  0.1714286E+01  0.1407453E+02  0.1790206E-01 -0.4133521E-03  0.7911054E+00
   04  0.1761905E+01  0.1407453E+02  0.1909718E-01 -0.4399058E-03  0.7911087E+00
   04  0.1809524E+01  0.1407453E+02  0.2029250E-01 -0.4663368E-03  0.7911121E+00
   04  0.1857143E+01  0.1407454E+02  0.2148802E-01 -0.4926456E-03  0.7911155E+00
   04  0.1904762E+01  0.1407454E+02  0.2268375E-01 -0.5188329E-03  0.7911189E+00
   04  0.1952381E+01  0.1407454E+02  0.2387968E-01 -0.5448993E-03  0.7911224E+00
   04  0.2000000E+01  0.1407455E+02  0.2507580E-01 -0.5708453E-03  0.7911259E+00
   04  0.5727919E+01  0.1407485E+02  0.1181643E+00 -0.2338596E-02  0.7914288E+00
   04  0.9455838E+01  0.1407533E+02  0.2120516E+00 -0.3574683E-02  0.7919047E+00
   04  0.1318376E+02  0.1407592E+02  0.3058935E+00 -0.4639465E-02  0.7924997E+00
   04  0.1691168E+02  0.1407658E+02  0.3988661E+00 -0.5867910E-02  0.7931603E+00
   04  0.2063960E+02  0.1407726E+02  0.4903623E+00 -0.7401063E-02  0.7938380E+00
   04  0.2436752E+02  0.1407791E+02  0.5794944E+00 -0.9281591E-02  0.7944898E+00
   04  0.2809543E+02  0.1407850E+02  0.6656669E+00 -0.1156585E-01  0.7950786E+00
   04  0.3182335E+02  0.1407900E+02  0.7483867E+00 -0.1435562E-01  0.7955736E+00
   04  0.3555127E+02  0.1407937E+02  0.8272655E+00 -0.1775226E-01  0.7959494E+00
   04  0.3927919E+02  0.1407961E+02  0.9020128E+00 -0.2185363E-01  0.7961891E+00
   04  0.4300711E+02  0.1407971E+02  0.9724224E+00 -0.2680937E-01  0.7962907E+00
   04  0.4673503E+02  0.1407967E+02  0.1038375E+01 -0.3264697E-01  0.7962449E+00
   04  0.5046295E+02  0.1407945E+02  0.1099520E+01 -0.3937015E-01  0.7960236E+00
   04  0.5419087E+02  0.1407904E+02  0.1155597E+01 -0.4692387E-01  0.7956139E+00
   04  0.5791879E+02  0.1407849E+02  0.1207153E+01 -0.5518254E-01  0.7950633E+00
   04  0.6164671E+02  0.1407783E+02  0.1254511E+01 -0.6412948E-01  0.7944068E+00
   04  0.6537463E+02  0.1407710E+02  0.1297945E+01 -0.7376230E-01  0.7936729E+00
   04  0.6910255E+02  0.1407630E+02  0.1337684E+01 -0.8398362E-01  0.7928757E+00
   04  0.7283047E+02  0.1407545E+02  0.1373924E+01 -0.9470431E-01  0.7920249E+00
   04  0.7655838E+02  0.1407455E+02  0.1406833E+01 -0.1058456E+00  0.7911265E+00
   04  0.8028630E+02  0.1407361E+02  0.1436558E+01 -0.1173394E+00  0.7901842E+00
   04  0.8401422E+02  0.1407262E+02  0.1463232E+01 -0.1291273E+00  0.7891999E+00
   04  0.8774214E+02  0.1407160E+02  0.1486980E+01 -0.1411693E+00  0.7881731E+00
   04  0.9147006E+02  0.1407052E+02  0.1507929E+01 -0.1534424E+00  0.7871013E+00
   04  0.9445240E+02  0.1406962E+02  0.1522616E+01 -0.1634009E+00  0.7862013E+00
   04  0.9743473E+02  0.1406870E+02  0.1535661E+01 -0.1734703E+00  0.7852734E+00
   04  0.1004171E+03  0.1406774E+02  0.1547117E+01 -0.1836342E+00  0.7843167E+00
   04  0.1033994E+03  0.1406675E+02  0.1557032E+01 -0.1938766E+00  0.7833299E+00
   04  0.1063817E+03  0.1406578E+02  0.1566060E+01 -0.2041879E+00  0.7823603E+00
   04  0.1093641E+03  0.1406484E+02  0.1574399E+01 -0.2145579E+00  0.7814165E+00
   04  0.1123464E+03  0.1406391E+02  0.1582043E+01 -0.2249783E+00  0.7804902E+00
   04  0.1153287E+03  0.1406300E+02  0.1588980E+01 -0.2354488E+00  0.7795735E+00
   04  0.1183111E+03  0.1406208E+02  0.1595220E+01 -0.2459735E+00  0.7786615E+00
   04  0.1212934E+03  0.1406117E+02  0.1600772E+01 -0.2565614E+00  0.7777495E+00
   04  0.1242758E+03  0.1406026E+02  0.1605565E+01 -0.2672023E+00  0.7768393E+00
   04  0.1272581E+03  0.1405936E+02  0.1609495E+01 -0.2778780E+00  0.7759364E+00
   04  0.1302404E+03  0.1405846E+02  0.1612580E+01 -0.2885682E+00  0.7750353E+00
   04  0.1332228E+03  0.1405755E+02  0.1614819E+01 -0.2992745E+00  0.7741323E+00
   04  0.1362051E+03  0.1405665E+02  0.1616220E+01 -0.3099863E+00  0.7732243E+00
   04  0.1391874E+03  0.1405573E+02  0.1616796E+01 -0.3206930E+00  0.7723086E+00
   04  0.1421698E+03  0.1405481E+02  0.1616562E+01 -0.3313808E+00  0.7713836E+00
   04  0.1451521E+03  0.1405387E+02  0.1615542E+01 -0.3420346E+00  0.7704482E+00
   04  0.1481344E+03  0.1405292E+02  0.1613765E+01 -0.3526382E+00  0.7695023E+00
   04  0.1511168E+03  0.1405197E+02  0.1611266E+01 -0.3631749E+00  0.7685463E+00
   04  0.1540991E+03  0.1405100E+02  0.1608086E+01 -0.3736278E+00  0.7675814E+00
   04  0.1570814E+03  0.1405003E+02  0.1604270E+01 -0.3839797E+00  0.7666092E+00
   04  0.1600638E+03  0.1404905E+02  0.1599870E+01 -0.3942137E+00  0.7656320E+00
   04  0.1630461E+03  0.1404807E+02  0.1594940E+01 -0.4043132E+00  0.7646521E+00
   04  0.1660284E+03  0.1404709E+02  0.1589539E+01 -0.4142610E+00  0.7636725E+00
   04  0.1690108E+03  0.1404612E+02  0.1583727E+01 -0.4240401E+00  0.7626960E+00
   04  0.1719931E+03  0.1404515E+02  0.1577564E+01 -0.4336356E+00  0.7617259E+00
   04  0.1749755E+03  0.1404419E+02  0.1571112E+01 -0.4430334E+00  0.7607652E+00
   04  0.1779578E+03  0.1404324E+02  0.1564434E+01 -0.4522203E+00  0.7598173E+00
   04  0.1809401E+03  0.1404231E+02  0.1557589E+01 -0.4611828E+00  0.7588851E+00
   04  0.1824313E+03  0.1404186E+02  0.1554099E+01 -0.4655107E+00  0.7584366E+00
   04  0.1839225E+03  0.1404141E+02  0.1550573E+01 -0.4697859E+00  0.7579901E+00
   04  0.1854136E+03  0.1404097E+02  0.1547016E+01 -0.4740062E+00  0.7575459E+00
   04  0.1869048E+03  0.1404053E+02  0.1543436E+01 -0.4781697E+00  0.7571045E+00
   04  0.1883960E+03  0.1404009E+02  0.1539840E+01 -0.4822745E+00  0.7566663E+00
   04  0.1898871E+03  0.1403965E+02  0.1536235E+01 -0.4863187E+00  0.7562316E+00
   04  0.1913783E+03  0.1403922E+02  0.1532627E+01 -0.4903634E+00  0.7557960E+00
   04  0.1928695E+03  0.1403878E+02  0.1529020E+01 -0.4944188E+00  0.7553591E+00
   04  0.1943606E+03  0.1403834E+02  0.1525418E+01 -0.4984792E+00  0.7549211E+00
   04  0.1958518E+03  0.1403790E+02  0.1521827E+01 -0.5025393E+00  0.7544821E+00
   04  0.1973430E+03  0.1403747E+02  0.1518249E+01 -0.5065978E+00  0.7540428E+00
   04  0.1988341E+03  0.1403703E+02  0.1514691E+01 -0.5106538E+00  0.7536037E+00
   04  0.2003253E+03  0.1403659E+02  0.1511157E+01 -0.5147058E+00  0.7531654E+00
   04  0.2018165E+03  0.1403615E+02  0.1507650E+01 -0.5187526E+00  0.7527286E+00
   04  0.2033076E+03  0.1403572E+02  0.1504177E+01 -0.5227926E+00  0.7522938E+00
   04  0.2047988E+03  0.1403528E+02  0.1500741E+01 -0.5268242E+00  0.7518616E+00
   04  0.2062900E+03  0.1403486E+02  0.1497349E+01 -0.5308459E+00  0.7514327E+00
   04  0.2077811E+03  0.1403443E+02  0.1494003E+01 -0.5348560E+00  0.7510076E+00
   04  0.2092723E+03  0.1403401E+02  0.1490710E+01 -0.5388528E+00  0.7505869E+00
   04  0.2107635E+03  0.1403359E+02  0.1487475E+01 -0.5428347E+00  0.7501712E+00
   04  0.2122546E+03  0.1403318E+02  0.1484300E+01 -0.5468000E+00  0.7497610E+00
   04  0.2137458E+03  0.1403278E+02  0.1481192E+01 -0.5507471E+00  0.7493569E+00
   04  0.2152370E+03  0.1403238E+02  0.1478154E+01 -0.5546743E+00  0.7489594E+00
   04  0.2167281E+03  0.1403199E+02  0.1475190E+01 -0.5585800E+00  0.7485690E+00
   04  0.2182193E+03  0.1403161E+02  0.1472305E+01 -0.5624628E+00  0.7481862E+00
   04  0.2197105E+03  0.1403123E+02  0.1469503E+01 -0.5663211E+00  0.7478114E+00
   04  0.2212017E+03  0.1403087E+02  0.1466787E+01 -0.5701536E+00  0.7474452E+00
   04  0.2226928E+03  0.1403051E+02  0.1464162E+01 -0.5739589E+00  0.7470878E+00
   04  0.2241840E+03  0.1403016E+02  0.1461632E+01 -0.5777358E+00  0.7467397E+00
   04  0.2256752E+03  0.1402982E+02  0.1459199E+01 -0.5814831E+00  0.7464013E+00
   04  0.2271663E+03  0.1402950E+02  0.1456868E+01 -0.5851996E+00  0.7460730E+00
   04  0.2286575E+03  0.1402918E+02  0.1454642E+01 -0.5888844E+00  0.7457550E+00
   04  0.2301487E+03  0.1402887E+02  0.1452524E+01 -0.5925365E+00  0.7454476E+00
   04  0.2316398E+03  0.1402857E+02  0.1450518E+01 -0.5961550E+00  0.7451511E+00
   04  0.2331310E+03  0.1402829E+02  0.1448625E+01 -0.5997391E+00  0.7448658E+00
   04  0.2346222E+03  0.1402801E+02  0.1446850E+01 -0.6032883E+00  0.7445919E+00
   04  0.2361133E+03  0.1402775E+02  0.1445194E+01 -0.6068019E+00  0.7443295E+00
   04  0.2376045E+03  0.1402750E+02  0.1443660E+01 -0.6102802E+00  0.7440789E+00
   04  0.2390957E+03  0.1402726E+02  0.1442250E+01 -0.6137238E+00  0.7438404E+00
   04  0.2405868E+03  0.1402704E+02  0.1440967E+01 -0.6171336E+00  0.7436142E+00
   04  0.2420780E+03  0.1402682E+02  0.1439815E+01 -0.6205099E+00  0.7434007E+00
   04  0.2435692E+03  0.1402662E+02  0.1438795E+01 -0.6238546E+00  0.7432001E+00
   04  0.2450603E+03  0.1402643E+02  0.1437908E+01 -0.6271701E+00  0.7430127E+00
   04  0.2465515E+03  0.1402626E+02  0.1437153E+01 -0.6304470E+00  0.7428377E+00
   04  0.2480427E+03  0.1402610E+02  0.1436532E+01 -0.6336678E+00  0.7426739E+00
   04  0.2495338E+03  0.1402594E+02  0.1436043E+01 -0.6368294E+00  0.7425210E+00
   04  0.2510250E+03  0.1402580E+02  0.1435687E+01 -0.6399286E+00  0.7423788E+00
   04  0.2525162E+03  0.1402567E+02  0.1435461E+01 -0.6429629E+00  0.7422473E+00
   04  0.2540073E+03  0.1402555E+02  0.1435366E+01 -0.6459298E+00  0.7421260E+00
   04  0.2554985E+03  0.1402544E+02  0.1435400E+01 -0.6488273E+00  0.7420150E+00
   04  0.2569897E+03  0.1402534E+02  0.1435562E+01 -0.6516532E+00  0.7419141E+00
   04  0.2584808E+03  0.1402525E+02  0.1435850E+01 -0.6544057E+00  0.7418229E+00
   04  0.2599720E+03  0.1402516E+02  0.1436262E+01 -0.6570830E+00  0.7417415E+00
   04  0.2614632E+03  0.1402509E+02  0.1436795E+01 -0.6596836E+00  0.7416696E+00
   04  0.2629543E+03  0.1402503E+02  0.1437433E+01 -0.6622058E+00  0.7416083E+00
   04  0.2644455E+03  0.1402498E+02  0.1438167E+01 -0.6646482E+00  0.7415576E+00
   04  0.2659367E+03  0.1402494E+02  0.1439001E+01 -0.6670090E+00  0.7415168E+00
   04  0.2674278E+03  0.1402491E+02  0.1439937E+01 -0.6692866E+00  0.7414853E+00
   04  0.2689190E+03  0.1402488E+02  0.1440974E+01 -0.6714794E+00  0.7414623E+00
   04  0.2704102E+03  0.1402487E+02  0.1442114E+01 -0.6735858E+00  0.7414474E+00
   04  0.2719014E+03  0.1402486E+02  0.1443356E+01 -0.6756041E+00  0.7414398E+00
   04  0.2733925E+03  0.1402486E+02  0.1444698E+01 -0.6775327E+00  0.7414391E+00
   04  0.2748837E+03  0.1402487E+02  0.1446139E+01 -0.6793697E+00  0.7414446E+00
   04  0.2763749E+03  0.1402488E+02  0.1447677E+01 -0.6811133E+00  0.7414557E+00
   04  0.2778660E+03  0.1402489E+02  0.1449310E+01 -0.6827614E+00  0.7414720E+00
   04  0.2793572E+03  0.1402492E+02  0.1451035E+01 -0.6843122E+00  0.7414929E+00
   04  0.2808484E+03  0.1402494E+02  0.1452851E+01 -0.6857632E+00  0.7415179E+00
   04  0.2823395E+03  0.1402497E+02  0.1454756E+01 -0.6871122E+00  0.7415465E+00
   04  0.2838307E+03  0.1402500E+02  0.1456747E+01 -0.6883565E+00  0.7415782E+00
   04  0.2853219E+03  0.1402503E+02  0.1458821E+01 -0.6894935E+00  0.7416125E+00
   04  0.2868130E+03  0.1402507E+02  0.1460975E+01 -0.6905204E+00  0.7416489E+00
   04  0.2883042E+03  0.1402511E+02  0.1463207E+01 -0.6914342E+00  0.7416868E+00
   04  0.2897954E+03  0.1402515E+02  0.1465511E+01 -0.6922319E+00  0.7417256E+00
   04  0.2912865E+03  0.1402519E+02  0.1467885E+01 -0.6929102E+00  0.7417648E+00
   04  0.2927777E+03  0.1402522E+02  0.1470312E+01 -0.6934695E+00  0.7418026E+00
   04  0.2942689E+03  0.1402526E+02  0.1472766E+01 -0.6939117E+00  0.7418363E+00
   04  0.2957600E+03  0.1402529E+02  0.1475245E+01 -0.6942386E+00  0.7418658E+00
   04  0.2972512E+03  0.1402531E+02  0.1477743E+01 -0.6944516E+00  0.7418907E+00
   04  0.2987424E+03  0.1402533E+02  0.1480260E+01 -0.6945525E+00  0.7419107E+00
   04  0.3002335E+03  0.1402535E+02  0.1482792E+01 -0.6945429E+00  0.7419257E+00
   04  0.3017247E+03  0.1402536E+02  0.1485334E+01 -0.6944242E+00  0.7419354E+00
   04  0.3032159E+03  0.1402536E+02  0.1487885E+01 -0.6941977E+00  0.7419397E+00
   04  0.3047070E+03  0.1402536E+02  0.1490440E+01 -0.6938644E+00  0.7419384E+00
   04  0.3061982E+03  0.1402535E+02  0.1492997E+01 -0.6934255E+00  0.7419312E+00
   04  0.3076894E+03  0.1402534E+02  0.1495552E+01 -0.6928820E+00  0.7419180E+00
   04  0.3091805E+03  0.1402532E+02  0.1498102E+01 -0.6922347E+00  0.7418985E+00
   04  0.3106717E+03  0.1402529E+02  0.1500644E+01 -0.6914845E+00  0.7418725E+00
   04  0.3121629E+03  0.1402526E+02  0.1503175E+01 -0.6906321E+00  0.7418399E+00
   04  0.3136540E+03  0.1402522E+02  0.1505691E+01 -0.6896780E+00  0.7418003E+00
   04  0.3151452E+03  0.1402518E+02  0.1508189E+01 -0.6886228E+00  0.7417537E+00
   04  0.3165017E+03  0.1402513E+02  0.1510444E+01 -0.6875740E+00  0.7417044E+00
   04  0.3178581E+03  0.1402507E+02  0.1512679E+01 -0.6864423E+00  0.7416489E+00
   04  0.3192146E+03  0.1402501E+02  0.1514892E+01 -0.6851967E+00  0.7415895E+00
   04  0.3205710E+03  0.1402495E+02  0.1517083E+01 -0.6838276E+00  0.7415266E+00
   04  0.3219275E+03  0.1402488E+02  0.1519249E+01 -0.6823341E+00  0.7414600E+00
   04  0.3232839E+03  0.1402481E+02  0.1521389E+01 -0.6807157E+00  0.7413897E+00
   04  0.3246404E+03  0.1402474E+02  0.1523502E+01 -0.6789723E+00  0.7413153E+00
   04  0.3259968E+03  0.1402466E+02  0.1525585E+01 -0.6771051E+00  0.7412369E+00
   04  0.3273533E+03  0.1402458E+02  0.1527638E+01 -0.6751147E+00  0.7411542E+00
   04  0.3287097E+03  0.1402449E+02  0.1529658E+01 -0.6730017E+00  0.7410672E+00
   04  0.3300662E+03  0.1402440E+02  0.1531644E+01 -0.6707666E+00  0.7409756E+00
   04  0.3314226E+03  0.1402430E+02  0.1533595E+01 -0.6684096E+00  0.7408792E+00
   04  0.3327791E+03  0.1402420E+02  0.1535510E+01 -0.6659312E+00  0.7407778E+00
   04  0.3341355E+03  0.1402409E+02  0.1537387E+01 -0.6633316E+00  0.7406711E+00
   04  0.3354920E+03  0.1402398E+02  0.1539225E+01 -0.6606116E+00  0.7405588E+00
   04  0.3368484E+03  0.1402386E+02  0.1541023E+01 -0.6577716E+00  0.7404407E+00
   04  0.3382049E+03  0.1402374E+02  0.1542779E+01 -0.6548125E+00  0.7403166E+00
   04  0.3395613E+03  0.1402361E+02  0.1544492E+01 -0.6517352E+00  0.7401860E+00
   04  0.3409178E+03  0.1402347E+02  0.1546161E+01 -0.6485406E+00  0.7400487E+00
   04  0.3422742E+03  0.1402333E+02  0.1547785E+01 -0.6452300E+00  0.7399045E+00
   04  0.3436307E+03  0.1402318E+02  0.1549363E+01 -0.6418048E+00  0.7397530E+00
   04  0.3449871E+03  0.1402302E+02  0.1550893E+01 -0.6382665E+00  0.7395939E+00
   04  0.3463436E+03  0.1402285E+02  0.1552372E+01 -0.6346172E+00  0.7394266E+00
   04  0.3477000E+03  0.1402267E+02  0.1553801E+01 -0.6308592E+00  0.7392509E+00
   04  0.3490565E+03  0.1402249E+02  0.1555178E+01 -0.6269948E+00  0.7390665E+00
   04  0.3504130E+03  0.1402230E+02  0.1556504E+01 -0.6230266E+00  0.7388730E+00
   04  0.3517694E+03  0.1402209E+02  0.1557777E+01 -0.6189571E+00  0.7386702E+00
   04  0.3531259E+03  0.1402188E+02  0.1558998E+01 -0.6147890E+00  0.7384579E+00
   04  0.3544823E+03  0.1402166E+02  0.1560166E+01 -0.6105251E+00  0.7382358E+00
   04  0.3558388E+03  0.1402143E+02  0.1561281E+01 -0.6061682E+00  0.7380036E+00
   04  0.3574665E+03  0.1402113E+02  0.1562552E+01 -0.6008327E+00  0.7377114E+00
   04  0.3590942E+03  0.1402083E+02  0.1563747E+01 -0.5953694E+00  0.7374039E+00
   04  0.3607220E+03  0.1402050E+02  0.1564865E+01 -0.5897812E+00  0.7370807E+00
   04  0.3623497E+03  0.1402016E+02  0.1565890E+01 -0.5840709E+00  0.7367402E+00
   04  0.3639775E+03  0.1401980E+02  0.1566818E+01 -0.5782425E+00  0.7363818E+00
   04  0.3656052E+03  0.1401943E+02  0.1567647E+01 -0.5723001E+00  0.7360050E+00
   04  0.3672329E+03  0.1401903E+02  0.1568376E+01 -0.5662479E+00  0.7356095E+00
   04  0.3688607E+03  0.1401862E+02  0.1569003E+01 -0.5600899E+00  0.7351949E+00
   04  0.3704884E+03  0.1401818E+02  0.1569526E+01 -0.5538304E+00  0.7347610E+00
   04  0.3721162E+03  0.1401773E+02  0.1569945E+01 -0.5474735E+00  0.7343073E+00
   04  0.3737439E+03  0.1401726E+02  0.1570259E+01 -0.5410235E+00  0.7338338E+00
   04  0.3753717E+03  0.1401676E+02  0.1570467E+01 -0.5344846E+00  0.7333403E+00
   04  0.3769994E+03  0.1401625E+02  0.1570570E+01 -0.5278598E+00  0.7328266E+00
   04  0.3786271E+03  0.1401572E+02  0.1570566E+01 -0.5211479E+00  0.7322934E+00
   04  0.3802549E+03  0.1401517E+02  0.1570454E+01 -0.5143962E+00  0.7317440E+00
   04  0.3818826E+03  0.1401460E+02  0.1570233E+01 -0.5076166E+00  0.7311788E+00
   04  0.3835104E+03  0.1401402E+02  0.1569905E+01 -0.5008124E+00  0.7305979E+00
   04  0.3851381E+03  0.1401342E+02  0.1569470E+01 -0.4939864E+00  0.7300009E+00
   04  0.3867658E+03  0.1401281E+02  0.1568929E+01 -0.4871413E+00  0.7293878E+00
   04  0.3883936E+03  0.1401218E+02  0.1568285E+01 -0.4802798E+00  0.7287585E+00
   04  0.3900213E+03  0.1401154E+02  0.1567538E+01 -0.4734043E+00  0.7281128E+00
   04  0.3916491E+03  0.1401087E+02  0.1566692E+01 -0.4665160E+00  0.7274505E+00
   04  0.3932768E+03  0.1401019E+02  0.1565749E+01 -0.4596130E+00  0.7267712E+00
   04  0.3949046E+03  0.1400950E+02  0.1564715E+01 -0.4526974E+00  0.7260747E+00
   04  0.3965323E+03  0.1400878E+02  0.1563594E+01 -0.4457711E+00  0.7253611E+00
   04  0.3981600E+03  0.1400805E+02  0.1562392E+01 -0.4388359E+00  0.7246303E+00
   04  0.3997878E+03  0.1400730E+02  0.1561112E+01 -0.4318931E+00  0.7238824E+00
   04  0.4014155E+03  0.1400654E+02  0.1559760E+01 -0.4249443E+00  0.7231173E+00
   04  0.4030433E+03  0.1400576E+02  0.1558340E+01 -0.4179906E+00  0.7223353E+00
   04  0.4046710E+03  0.1400496E+02  0.1556858E+01 -0.4110331E+00  0.7215362E+00
   04  0.4062987E+03  0.1400414E+02  0.1555316E+01 -0.4040727E+00  0.7207202E+00
   04  0.4079265E+03  0.1400331E+02  0.1553720E+01 -0.3971099E+00  0.7198872E+00
   04  0.4095542E+03  0.1400246E+02  0.1552074E+01 -0.3901454E+00  0.7190375E+00
   04  0.4111820E+03  0.1400159E+02  0.1550381E+01 -0.3831796E+00  0.7181711E+00
   04  0.4128097E+03  0.1400071E+02  0.1548647E+01 -0.3762127E+00  0.7172881E+00
   04  0.4144375E+03  0.1399981E+02  0.1546876E+01 -0.3692448E+00  0.7163886E+00
   04  0.4160652E+03  0.1399890E+02  0.1545073E+01 -0.3622758E+00  0.7154728E+00
   04  0.4176929E+03  0.1399796E+02  0.1543242E+01 -0.3553054E+00  0.7145408E+00
   04  0.4193207E+03  0.1399702E+02  0.1541387E+01 -0.3483333E+00  0.7135928E+00
   04  0.4209484E+03  0.1399605E+02  0.1539514E+01 -0.3413590E+00  0.7126289E+00
   04  0.4225762E+03  0.1399507E+02  0.1537626E+01 -0.3343816E+00  0.7116493E+00
   04  0.4242039E+03  0.1399408E+02  0.1535729E+01 -0.3274003E+00  0.7106540E+00
   04  0.4258316E+03  0.1399307E+02  0.1533825E+01 -0.3204142E+00  0.7096433E+00
   04  0.4274594E+03  0.1399204E+02  0.1531919E+01 -0.3134221E+00  0.7086171E+00
   04  0.4290871E+03  0.1399100E+02  0.1530015E+01 -0.3064226E+00  0.7075757E+00
   04  0.4307149E+03  0.1398994E+02  0.1528117E+01 -0.2994143E+00  0.7065191E+00
   04  0.4323426E+03  0.1398887E+02  0.1526228E+01 -0.2923956E+00  0.7054474E+00
   04  0.4339704E+03  0.1398778E+02  0.1524352E+01 -0.2853649E+00  0.7043606E+00
   04  0.4355981E+03  0.1398668E+02  0.1522491E+01 -0.2783201E+00  0.7032587E+00
   04  0.4372258E+03  0.1398556E+02  0.1520649E+01 -0.2712594E+00  0.7021419E+00
   04  0.4388536E+03  0.1398443E+02  0.1518828E+01 -0.2641806E+00  0.7010101E+00
   04  0.4404813E+03  0.1398329E+02  0.1517031E+01 -0.2570815E+00  0.6998633E+00
   04  0.4421091E+03  0.1398212E+02  0.1515260E+01 -0.2499599E+00  0.6987015E+00
   04  0.4437368E+03  0.1398095E+02  0.1513518E+01 -0.2428132E+00  0.6975246E+00
   04  0.4453645E+03  0.1397975E+02  0.1511806E+01 -0.2356389E+00  0.6963326E+00
   04  0.4469923E+03  0.1397855E+02  0.1510126E+01 -0.2284344E+00  0.6951253E+00
   04  0.4486200E+03  0.1397733E+02  0.1508480E+01 -0.2211970E+00  0.6939028E+00
   04  0.4502478E+03  0.1397609E+02  0.1506869E+01 -0.2139238E+00  0.6926648E+00
   04  0.4518755E+03  0.1397483E+02  0.1505294E+01 -0.2066120E+00  0.6914113E+00
   04  0.4535033E+03  0.1397356E+02  0.1503756E+01 -0.1992586E+00  0.6901420E+00
   04  0.4551310E+03  0.1397228E+02  0.1502257E+01 -0.1918605E+00  0.6888569E+00
   04  0.4567587E+03  0.1397098E+02  0.1500796E+01 -0.1844146E+00  0.6875557E+00
   04  0.4583865E+03  0.1396966E+02  0.1499375E+01 -0.1769176E+00  0.6862383E+00
   04  0.4600142E+03  0.1396833E+02  0.1497993E+01 -0.1693665E+00  0.6849043E+00
   04  0.4616420E+03  0.1396698E+02  0.1496650E+01 -0.1617580E+00  0.6835535E+00
   04  0.4632697E+03  0.1396561E+02  0.1495347E+01 -0.1540892E+00  0.6821857E+00
   04  0.4648974E+03  0.1396422E+02  0.1494083E+01 -0.1463568E+00  0.6808005E+00
   04  0.4665252E+03  0.1396282E+02  0.1492860E+01 -0.1385577E+00  0.6793979E+00
   04  0.4681529E+03  0.1396140E+02  0.1491676E+01 -0.1306889E+00  0.6779774E+00
   04  0.4697807E+03  0.1395996E+02  0.1490533E+01 -0.1227473E+00  0.6765388E+00
   04  0.4714084E+03  0.1395850E+02  0.1489430E+01 -0.1147297E+00  0.6750819E+00
   04  0.4730362E+03  0.1395703E+02  0.1488368E+01 -0.1066331E+00  0.6736064E+00
   04  0.4746639E+03  0.1395553E+02  0.1487345E+01 -0.9843995E-01  0.6721107E+00
   04  0.4762916E+03  0.1395401E+02  0.1486362E+01 -0.9009805E-01  0.6705906E+00
   04  0.4779194E+03  0.1395247E+02  0.1485417E+01 -0.8160297E-01  0.6690457E+00
   04  0.4795471E+03  0.1395090E+02  0.1484508E+01 -0.7295060E-01  0.6674757E+00
   04  0.4811749E+03  0.1394930E+02  0.1483623E+01 -0.6414778E-01  0.6658803E+00
   04  0.4828026E+03  0.1394768E+02  0.1482770E+01 -0.5517944E-01  0.6642594E+00
   04  0.4844303E+03  0.1394603E+02  0.1481950E+01 -0.4604213E-01  0.6626126E+00
   04  0.4860581E+03  0.1394436E+02  0.1481160E+01 -0.3673266E-01  0.6609398E+00
   04  0.4876858E+03  0.1394266E+02  0.1480400E+01 -0.2724807E-01  0.6592407E+00
   04  0.4893136E+03  0.1394094E+02  0.1479669E+01 -0.1758559E-01  0.6575153E+00
   04  0.4909413E+03  0.1393919E+02  0.1478966E+01 -0.7742685E-02  0.6557633E+00
   04  0.4925691E+03  0.1393741E+02  0.1478291E+01  0.2283045E-02  0.6539846E+00
   04  0.4941968E+03  0.1393560E+02  0.1477644E+01  0.1249379E-01  0.6521792E+00
   04  0.4958245E+03  0.1393377E+02  0.1477027E+01  0.2289155E-01  0.6503471E+00
   04  0.4974523E+03  0.1393191E+02  0.1476440E+01  0.3347812E-01  0.6484883E+00
   04  0.4990800E+03  0.1393003E+02  0.1475886E+01  0.4425504E-01  0.6466029E+00
   04  0.5007078E+03  0.1392811E+02  0.1475366E+01  0.5522366E-01  0.6446907E+00
   04  0.5023355E+03  0.1392617E+02  0.1474881E+01  0.6638516E-01  0.6427518E+00
   04  0.5039632E+03  0.1392421E+02  0.1474432E+01  0.7774053E-01  0.6407862E+00
   04  0.5055910E+03  0.1392222E+02  0.1474020E+01  0.8929060E-01  0.6387938E+00
   04  0.5072187E+03  0.1392020E+02  0.1473646E+01  0.1010361E+00  0.6367745E+00
   04  0.5088465E+03  0.1391815E+02  0.1473312E+01  0.1129778E+00  0.6347285E+00
   04  0.5104742E+03  0.1391608E+02  0.1473018E+01  0.1251141E+00  0.6326553E+00
   04  0.5121020E+03  0.1391398E+02  0.1472765E+01  0.1374213E+00  0.6305531E+00
   04  0.5137297E+03  0.1391184E+02  0.1472552E+01  0.1499014E+00  0.6284218E+00
   04  0.5153574E+03  0.1390968E+02  0.1472379E+01  0.1625560E+00  0.6262615E+00
   04  0.5169852E+03  0.1390749E+02  0.1472245E+01  0.1753864E+00  0.6240722E+00
   04  0.5186129E+03  0.1390528E+02  0.1472149E+01  0.1883941E+00  0.6218540E+00
   04  0.5202407E+03  0.1390303E+02  0.1472092E+01  0.2015801E+00  0.6196067E+00
   04  0.5218684E+03  0.1390075E+02  0.1472071E+01  0.2149454E+00  0.6173304E+00
   04  0.5234961E+03  0.1389845E+02  0.1472087E+01  0.2284908E+00  0.6150249E+00
   04  0.5251239E+03  0.1389611E+02  0.1472138E+01  0.2422170E+00  0.6126902E+00
   04  0.5267516E+03  0.1389375E+02  0.1472225E+01  0.2561244E+00  0.6103263E+00
   04  0.5283794E+03  0.1389136E+02  0.1472346E+01  0.2702134E+00  0.6079331E+00
   04  0.5300071E+03  0.1388893E+02  0.1472501E+01  0.2844843E+00  0.6055104E+00
   04  0.5316349E+03  0.1388648E+02  0.1472690E+01  0.2989370E+00  0.6030581E+00
   04  0.5332626E+03  0.1388400E+02  0.1472912E+01  0.3135714E+00  0.6005763E+00
   04  0.5348903E+03  0.1388149E+02  0.1473166E+01  0.3283873E+00  0.5980647E+00
   04  0.5365181E+03  0.1387895E+02  0.1473451E+01  0.3433842E+00  0.5955232E+00
   04  0.5381458E+03  0.1387637E+02  0.1473769E+01  0.3585616E+00  0.5929519E+00
   04  0.5397736E+03  0.1387377E+02  0.1474117E+01  0.3739186E+00  0.5903505E+00
   04  0.5414013E+03  0.1387114E+02  0.1474496E+01  0.3894545E+00  0.5877191E+00
   04  0.5430290E+03  0.1386848E+02  0.1474905E+01  0.4051680E+00  0.5850574E+00
   04  0.5446568E+03  0.1386579E+02  0.1475344E+01  0.4210581E+00  0.5823654E+00
   04  0.5462845E+03  0.1386307E+02  0.1475812E+01  0.4371232E+00  0.5796431E+00
   04  0.5479123E+03  0.1386031E+02  0.1476310E+01  0.4533619E+00  0.5768903E+00
   04  0.5495400E+03  0.1385753E+02  0.1476837E+01  0.4697723E+00  0.5741071E+00
   04  0.5511678E+03  0.1385472E+02  0.1477393E+01  0.4863526E+00  0.5712933E+00
   04  0.5527955E+03  0.1385187E+02  0.1477976E+01  0.5031007E+00  0.5684489E+00
   04  0.5544232E+03  0.1384900E+02  0.1478588E+01  0.5200147E+00  0.5655738E+00
   04  0.5560510E+03  0.1384609E+02  0.1479228E+01  0.5370920E+00  0.5626680E+00
   04  0.5576787E+03  0.1384315E+02  0.1479895E+01  0.5543301E+00  0.5597314E+00
   04  0.5593065E+03  0.1384019E+02  0.1480590E+01  0.5717262E+00  0.5567641E+00
   04  0.5609342E+03  0.1383719E+02  0.1481312E+01  0.5892774E+00  0.5537660E+00
   04  0.5625619E+03  0.1383416E+02  0.1482060E+01  0.6069806E+00  0.5507372E+00
   04  0.5641897E+03  0.1383110E+02  0.1482834E+01  0.6248323E+00  0.5476775E+00
   04  0.5658174E+03  0.1382801E+02  0.1483635E+01  0.6428292E+00  0.5445871E+00
   04  0.5674452E+03  0.1382489E+02  0.1484462E+01  0.6609675E+00  0.5414659E+00
   04  0.5690729E+03  0.1382174E+02  0.1485314E+01  0.6792432E+00  0.5383140E+00
   04  0.5707007E+03  0.1381855E+02  0.1486193E+01  0.6976523E+00  0.5351315E+00
   04  0.5723284E+03  0.1381534E+02  0.1487096E+01  0.7161905E+00  0.5319184E+00
   04  0.5739561E+03  0.1381210E+02  0.1488025E+01  0.7348533E+00  0.5286747E+00
   04  0.5755839E+03  0.1380882E+02  0.1488979E+01  0.7536360E+00  0.5254006E+00
   04  0.5772116E+03  0.1380552E+02  0.1489959E+01  0.7725339E+00  0.5220961E+00
   04  0.5788394E+03  0.1380218E+02  0.1490963E+01  0.7915419E+00  0.5187612E+00
   04  0.5804671E+03  0.1379882E+02  0.1491992E+01  0.8106549E+00  0.5153962E+00
   04  0.5820948E+03  0.1379542E+02  0.1493045E+01  0.8298674E+00  0.5120010E+00
   04  0.5837226E+03  0.1379200E+02  0.1494122E+01  0.8491739E+00  0.5085757E+00
   04  0.5853503E+03  0.1378854E+02  0.1495222E+01  0.8685687E+00  0.5051203E+00
   04  0.5869781E+03  0.1378506E+02  0.1496346E+01  0.8880544E+00  0.5016358E+00
   04  0.5886058E+03  0.1378155E+02  0.1497494E+01  0.9077210E+00  0.4981296E+00
   04  0.5902336E+03  0.1377802E+02  0.1498668E+01  0.9275632E+00  0.4946017E+00
   04  0.5918613E+03  0.1377447E+02  0.1499867E+01  0.9475753E+00  0.4910519E+00
   04  0.5934890E+03  0.1377090E+02  0.1501093E+01  0.9677513E+00  0.4874801E+00
   04  0.5951168E+03  0.1376731E+02  0.1502346E+01  0.9880851E+00  0.4838860E+00
   04  0.5967445E+03  0.1376369E+02  0.1503626E+01  0.1008570E+01  0.4802695E+00
   04  0.5983723E+03  0.1376005E+02  0.1504933E+01  0.1029200E+01  0.4766304E+00
