# gauge_id= 602 location=( -0.1242122490E+03  0.4176223506E+02 ) num_var=  4
# Stationary gauge
# level, time, q[  1  2  3], eta, aux[]
# file format ascii, time series follow in this file
   04  0.0000000E+00  0.1436268E+02  0.0000000E+00  0.0000000E+00  0.0000000E+00
   04  0.1000000E+01  0.1436268E+02  0.3774759E-16 -0.5152844E-16  0.8622486E+00
   04  0.1015873E+01  0.1436268E+02  0.4040605E-03 -0.1198197E-04  0.8622500E+00
   04  0.1031746E+01  0.1436268E+02  0.8080974E-03 -0.2395516E-04  0.8622513E+00
   04  0.1047619E+01  0.1436268E+02  0.1212111E-02 -0.3591961E-04  0.8622526E+00
   04  0.1063492E+01  0.1436268E+02  0.1616100E-02 -0.4787532E-04  0.8622539E+00
   04  0.1079365E+01  0.1436268E+02  0.2020066E-02 -0.5982231E-04  0.8622552E+00
   04  0.1095238E+01  0.1436268E+02  0.2424009E-02 -0.7176060E-04  0.8622565E+00
   04  0.1111111E+01  0.1436269E+02  0.2827927E-02 -0.8369020E-04  0.8622578E+00
   04  0.1126984E+01  0.1436269E+02  0.3231822E-02 -0.9561112E-04  0.8622591E+00
   04  0.1142857E+01  0.1436269E+02  0.3635694E-02 -0.1075234E-03  0.8622604E+00
   04  0.1158730E+01  0.1436269E+02  0.4039541E-02 -0.1194270E-03  0.8622617E+00
   04  0.1174603E+01  0.1436269E+02  0.4443365E-02 -0.1313220E-03  0.8622630E+00
   04  0.1190476E+01  0.1436269E+02  0.4847165E-02 -0.1432084E-03  0.8622643E+00
   04  0.1206349E+01  0.1436269E+02  0.5250941E-02 -0.1550861E-03  0.8622656E+00
   04  0.1222222E+01  0.1436269E+02  0.5654694E-02 -0.1669553E-03  0.8622669E+00
   04  0.1238095E+01  0.1436270E+02  0.6058423E-02 -0.1788159E-03  0.8622681E+00
   04  0.1253968E+01  0.1436270E+02  0.6462128E-02 -0.1906680E-03  0.8622694E+00
   04  0.1269841E+01  0.1436270E+02  0.6865809E-02 -0.2025115E-03  0.8622707E+00
   04  0.1285714E+01  0.1436270E+02  0.7269466E-02 -0.2143465E-03  0.8622719E+00
   04  0.1301587E+01  0.1436270E+02  0.7673099E-02 -0.2261730E-03  0.8622732E+00
   04  0.1317460E+01  0.1436270E+02  0.8076708E-02 -0.2379910E-03  0.8622745E+00
   04  0.1333333E+01  0.1436270E+02  0.8480294E-02 -0.2498006E-03  0.8622757E+00
   04  0.1349206E+01  0.1436270E+02  0.8883855E-02 -0.2616016E-03  0.8622770E+00
   04  0.1365079E+01  0.1436271E+02  0.9287393E-02 -0.2733942E-03  0.8622782E+00
   04  0.1380952E+01  0.1436271E+02  0.9690906E-02 -0.2851784E-03  0.8622795E+00
   04  0.1396825E+01  0.1436271E+02  0.1009440E-01 -0.2969541E-03  0.8622807E+00
   04  0.1412698E+01  0.1436271E+02  0.1049786E-01 -0.3087215E-03  0.8622820E+00
   04  0.1428571E+01  0.1436271E+02  0.1090130E-01 -0.3204804E-03  0.8622832E+00
   04  0.1476190E+01  0.1436271E+02  0.1211148E-01 -0.3556837E-03  0.8622869E+00
   04  0.1523810E+01  0.1436272E+02  0.1332145E-01 -0.3908119E-03  0.8622905E+00
   04  0.1571429E+01  0.1436272E+02  0.1453120E-01 -0.4258656E-03  0.8622942E+00
   04  0.1619048E+01  0.1436273E+02  0.1574073E-01 -0.4608449E-03  0.8622978E+00
   04  0.1666667E+01  0.1436273E+02  0.1695004E-01 -0.4957505E-03  0.8623013E+00
   04  0.1714286E+01  0.1436273E+02  0.1815913E-01 -0.5305826E-03  0.8623049E+00
   04  0.1761905E+01  0.1436274E+02  0.1936800E-01 -0.5653416E-03  0.8623084E+00
   04  0.1809524E+01  0.1436274E+02  0.2057666E-01 -0.6000279E-03  0.8623118E+00
   04  0.1857143E+01  0.1436274E+02  0.2178509E-01 -0.6346419E-03  0.8623153E+00
   04  0.1904762E+01  0.1436275E+02  0.2299331E-01 -0.6691840E-03  0.8623187E+00
   04  0.1952381E+01  0.1436275E+02  0.2420130E-01 -0.7036546E-03  0.8623221E+00
   04  0.2000000E+01  0.1436275E+02  0.2540907E-01 -0.7380539E-03  0.8623254E+00
   04  0.5727919E+01  0.1436296E+02  0.1192850E+00 -0.3043687E-02  0.8625316E+00
   04  0.9455838E+01  0.1436297E+02  0.2116710E+00 -0.5079250E-02  0.8625430E+00
   04  0.1318376E+02  0.1436279E+02  0.3023650E+00 -0.7012979E-02  0.8623663E+00
   04  0.1691168E+02  0.1436244E+02  0.3911836E+00 -0.9049390E-02  0.8620170E+00
   04  0.2063960E+02  0.1436194E+02  0.4779367E+00 -0.1140923E-01  0.8615114E+00
   04  0.2436752E+02  0.1436129E+02  0.5625274E+00 -0.1428233E-01  0.8608622E+00
   04  0.2809543E+02  0.1436051E+02  0.6448426E+00 -0.1781746E-01  0.8600801E+00
   04  0.3182335E+02  0.1435960E+02  0.7247868E+00 -0.2213300E-01  0.8591731E+00
   04  0.3555127E+02  0.1435858E+02  0.8022732E+00 -0.2735011E-01  0.8581511E+00
   04  0.3927919E+02  0.1435745E+02  0.8772256E+00 -0.3358744E-01  0.8570191E+00
   04  0.4300711E+02  0.1435621E+02  0.9495847E+00 -0.4088387E-01  0.8557791E+00
   04  0.4673503E+02  0.1435486E+02  0.1019301E+01 -0.4930639E-01  0.8544361E+00
   04  0.5046295E+02  0.1435344E+02  0.1086500E+01 -0.5890261E-01  0.8530090E+00
   04  0.5419087E+02  0.1435196E+02  0.1151546E+01 -0.6966752E-01  0.8515370E+00
   04  0.5791879E+02  0.1435045E+02  0.1214394E+01 -0.8157465E-01  0.8500259E+00
   04  0.6164671E+02  0.1434891E+02  0.1274996E+01 -0.9460004E-01  0.8484810E+00
   04  0.6537463E+02  0.1434733E+02  0.1333244E+01 -0.1087131E+00  0.8468995E+00
   04  0.6910255E+02  0.1434571E+02  0.1389051E+01 -0.1238842E+00  0.8452794E+00
   04  0.7283047E+02  0.1434405E+02  0.1442354E+01 -0.1400847E+00  0.8436192E+00
   04  0.7655838E+02  0.1434235E+02  0.1493107E+01 -0.1572852E+00  0.8419178E+00
   04  0.8028630E+02  0.1434060E+02  0.1541290E+01 -0.1754550E+00  0.8401749E+00
   04  0.8401422E+02  0.1433882E+02  0.1586900E+01 -0.1945609E+00  0.8383908E+00
   04  0.8774214E+02  0.1433699E+02  0.1629964E+01 -0.2146208E+00  0.8365621E+00
   04  0.9147006E+02  0.1433512E+02  0.1670529E+01 -0.2356195E+00  0.8346892E+00
   04  0.9445240E+02  0.1433359E+02  0.1701198E+01 -0.2530792E+00  0.8331616E+00
   04  0.9743473E+02  0.1433204E+02  0.1730338E+01 -0.2710957E+00  0.8316081E+00
   04  0.1004171E+03  0.1433046E+02  0.1757989E+01 -0.2896470E+00  0.8300301E+00
   04  0.1033994E+03  0.1432886E+02  0.1784193E+01 -0.3087094E+00  0.8284295E+00
   04  0.1063817E+03  0.1432723E+02  0.1808998E+01 -0.3282558E+00  0.8268071E+00
   04  0.1093641E+03  0.1432559E+02  0.1832442E+01 -0.3482619E+00  0.8251643E+00
   04  0.1123464E+03  0.1432393E+02  0.1854567E+01 -0.3687045E+00  0.8235025E+00
   04  0.1153287E+03  0.1432224E+02  0.1875304E+01 -0.3895598E+00  0.8218140E+00
   04  0.1183111E+03  0.1432053E+02  0.1894654E+01 -0.4108012E+00  0.8200978E+00
   04  0.1212934E+03  0.1431879E+02  0.1912700E+01 -0.4324038E+00  0.8183598E+00
   04  0.1242758E+03  0.1431704E+02  0.1929519E+01 -0.4543288E+00  0.8166079E+00
   04  0.1272581E+03  0.1431528E+02  0.1945178E+01 -0.4765302E+00  0.8148511E+00
   04  0.1302404E+03  0.1431352E+02  0.1959753E+01 -0.4989996E+00  0.8130941E+00
   04  0.1332228E+03  0.1431177E+02  0.1973323E+01 -0.5217198E+00  0.8113419E+00
   04  0.1362051E+03  0.1431003E+02  0.1985965E+01 -0.5446715E+00  0.8095995E+00
   04  0.1391874E+03  0.1430830E+02  0.1997755E+01 -0.5678319E+00  0.8078718E+00
   04  0.1421698E+03  0.1430659E+02  0.2008771E+01 -0.5911767E+00  0.8061637E+00
   04  0.1451521E+03  0.1430491E+02  0.2019087E+01 -0.6146796E+00  0.8044795E+00
   04  0.1481344E+03  0.1430325E+02  0.2028776E+01 -0.6383132E+00  0.8028233E+00
   04  0.1511168E+03  0.1430163E+02  0.2037910E+01 -0.6620494E+00  0.8011990E+00
   04  0.1540991E+03  0.1430004E+02  0.2046557E+01 -0.6858594E+00  0.7996099E+00
   04  0.1570814E+03  0.1429849E+02  0.2054781E+01 -0.7097133E+00  0.7980590E+00
   04  0.1600638E+03  0.1429698E+02  0.2062644E+01 -0.7335811E+00  0.7965487E+00
   04  0.1630461E+03  0.1429551E+02  0.2070205E+01 -0.7574324E+00  0.7950812E+00
   04  0.1660284E+03  0.1429409E+02  0.2077519E+01 -0.7812371E+00  0.7936581E+00
   04  0.1690108E+03  0.1429271E+02  0.2084639E+01 -0.8049651E+00  0.7922808E+00
   04  0.1719931E+03  0.1429138E+02  0.2091612E+01 -0.8285872E+00  0.7909500E+00
   04  0.1749755E+03  0.1429009E+02  0.2098480E+01 -0.8520746E+00  0.7896664E+00
   04  0.1779578E+03  0.1428886E+02  0.2105279E+01 -0.8753996E+00  0.7884303E+00
   04  0.1809401E+03  0.1428767E+02  0.2112045E+01 -0.8985350E+00  0.7872417E+00
   04  0.1824313E+03  0.1428710E+02  0.2115395E+01 -0.9099604E+00  0.7866675E+00
   04  0.1839225E+03  0.1428653E+02  0.2118748E+01 -0.9213298E+00  0.7861049E+00
   04  0.1854136E+03  0.1428598E+02  0.2122109E+01 -0.9326404E+00  0.7855537E+00
   04  0.1869048E+03  0.1428544E+02  0.2125479E+01 -0.9438895E+00  0.7850138E+00
   04  0.1883960E+03  0.1428491E+02  0.2128864E+01 -0.9550745E+00  0.7844852E+00
   04  0.1898871E+03  0.1428440E+02  0.2132264E+01 -0.9661928E+00  0.7839677E+00
   04  0.1913783E+03  0.1428389E+02  0.2135684E+01 -0.9772398E+00  0.7834614E+00
   04  0.1928695E+03  0.1428339E+02  0.2139126E+01 -0.9882137E+00  0.7829661E+00
   04  0.1943606E+03  0.1428291E+02  0.2142593E+01 -0.9991117E+00  0.7824814E+00
   04  0.1958518E+03  0.1428243E+02  0.2146086E+01 -0.1009931E+01  0.7820070E+00
   04  0.1973430E+03  0.1428197E+02  0.2149609E+01 -0.1020670E+01  0.7815426E+00
   04  0.1988341E+03  0.1428152E+02  0.2153164E+01 -0.1031327E+01  0.7810880E+00
   04  0.2003253E+03  0.1428107E+02  0.2156752E+01 -0.1041900E+01  0.7806430E+00
   04  0.2018165E+03  0.1428064E+02  0.2160376E+01 -0.1052387E+01  0.7802073E+00
   04  0.2033076E+03  0.1428021E+02  0.2164039E+01 -0.1062786E+01  0.7797807E+00
   04  0.2047988E+03  0.1427979E+02  0.2167740E+01 -0.1073096E+01  0.7793630E+00
   04  0.2062900E+03  0.1427938E+02  0.2171483E+01 -0.1083314E+01  0.7789541E+00
   04  0.2077811E+03  0.1427898E+02  0.2175269E+01 -0.1093440E+01  0.7785536E+00
   04  0.2092723E+03  0.1427859E+02  0.2179099E+01 -0.1103472E+01  0.7781616E+00
   04  0.2107635E+03  0.1427821E+02  0.2182974E+01 -0.1113406E+01  0.7777777E+00
   04  0.2122546E+03  0.1427783E+02  0.2186893E+01 -0.1123243E+01  0.7774017E+00
   04  0.2137458E+03  0.1427746E+02  0.2190854E+01 -0.1132980E+01  0.7770332E+00
   04  0.2152370E+03  0.1427710E+02  0.2194858E+01 -0.1142616E+01  0.7766719E+00
   04  0.2167281E+03  0.1427675E+02  0.2198903E+01 -0.1152147E+01  0.7763177E+00
   04  0.2182193E+03  0.1427640E+02  0.2202988E+01 -0.1161573E+01  0.7759703E+00
   04  0.2197105E+03  0.1427606E+02  0.2207112E+01 -0.1170891E+01  0.7756295E+00
   04  0.2212017E+03  0.1427572E+02  0.2211274E+01 -0.1180099E+01  0.7752949E+00
   04  0.2226928E+03  0.1427539E+02  0.2215471E+01 -0.1189195E+01  0.7749664E+00
   04  0.2241840E+03  0.1427507E+02  0.2219703E+01 -0.1198176E+01  0.7746438E+00
   04  0.2256752E+03  0.1427475E+02  0.2223969E+01 -0.1207040E+01  0.7743269E+00
   04  0.2271663E+03  0.1427444E+02  0.2228266E+01 -0.1215784E+01  0.7740154E+00
   04  0.2286575E+03  0.1427414E+02  0.2232592E+01 -0.1224406E+01  0.7737092E+00
   04  0.2301487E+03  0.1427384E+02  0.2236947E+01 -0.1232903E+01  0.7734080E+00
   04  0.2316398E+03  0.1427354E+02  0.2241328E+01 -0.1241272E+01  0.7731116E+00
   04  0.2331310E+03  0.1427325E+02  0.2245733E+01 -0.1249511E+01  0.7728199E+00
   04  0.2346222E+03  0.1427296E+02  0.2250161E+01 -0.1257618E+01  0.7725326E+00
   04  0.2361133E+03  0.1427268E+02  0.2254589E+01 -0.1265588E+01  0.7722476E+00
   04  0.2376045E+03  0.1427239E+02  0.2258995E+01 -0.1273418E+01  0.7719629E+00
   04  0.2390957E+03  0.1427210E+02  0.2263354E+01 -0.1281105E+01  0.7716763E+00
   04  0.2405868E+03  0.1427181E+02  0.2267642E+01 -0.1288644E+01  0.7713856E+00
   04  0.2420780E+03  0.1427152E+02  0.2271832E+01 -0.1296030E+01  0.7710887E+00
   04  0.2435692E+03  0.1427121E+02  0.2275896E+01 -0.1303259E+01  0.7707832E+00
   04  0.2450603E+03  0.1427089E+02  0.2279802E+01 -0.1310326E+01  0.7704668E+00
   04  0.2465515E+03  0.1427058E+02  0.2283737E+01 -0.1317214E+01  0.7701548E+00
   04  0.2480427E+03  0.1427028E+02  0.2287693E+01 -0.1323864E+01  0.7698478E+00
   04  0.2495338E+03  0.1426997E+02  0.2291665E+01 -0.1330325E+01  0.7695453E+00
   04  0.2510250E+03  0.1426967E+02  0.2295649E+01 -0.1336608E+01  0.7692465E+00
   04  0.2525162E+03  0.1426938E+02  0.2299641E+01 -0.1342717E+01  0.7689506E+00
   04  0.2540073E+03  0.1426908E+02  0.2303633E+01 -0.1348651E+01  0.7686569E+00
   04  0.2554985E+03  0.1426879E+02  0.2307617E+01 -0.1354412E+01  0.7683642E+00
   04  0.2569897E+03  0.1426850E+02  0.2311586E+01 -0.1359997E+01  0.7680717E+00
   04  0.2584808E+03  0.1426821E+02  0.2315529E+01 -0.1365406E+01  0.7677783E+00
   04  0.2599720E+03  0.1426791E+02  0.2319435E+01 -0.1370637E+01  0.7674829E+00
   04  0.2614632E+03  0.1426761E+02  0.2323293E+01 -0.1375688E+01  0.7671844E+00
   04  0.2629543E+03  0.1426731E+02  0.2327088E+01 -0.1380557E+01  0.7668819E+00
   04  0.2644455E+03  0.1426700E+02  0.2330804E+01 -0.1385242E+01  0.7665744E+00
   04  0.2659367E+03  0.1426669E+02  0.2334429E+01 -0.1389744E+01  0.7662610E+00
   04  0.2674278E+03  0.1426637E+02  0.2337947E+01 -0.1394061E+01  0.7659407E+00
   04  0.2689190E+03  0.1426604E+02  0.2341347E+01 -0.1398192E+01  0.7656125E+00
   04  0.2704102E+03  0.1426570E+02  0.2344615E+01 -0.1402136E+01  0.7652755E+00
   04  0.2719014E+03  0.1426536E+02  0.2347737E+01 -0.1405893E+01  0.7649289E+00
   04  0.2733925E+03  0.1426500E+02  0.2350702E+01 -0.1409461E+01  0.7645720E+00
   04  0.2748837E+03  0.1426463E+02  0.2353499E+01 -0.1412839E+01  0.7642040E+00
   04  0.2763749E+03  0.1426425E+02  0.2356115E+01 -0.1416027E+01  0.7638244E+00
   04  0.2778660E+03  0.1426386E+02  0.2358542E+01 -0.1419021E+01  0.7634328E+00
   04  0.2793572E+03  0.1426345E+02  0.2360768E+01 -0.1421881E+01  0.7630236E+00
   04  0.2808484E+03  0.1426302E+02  0.2362783E+01 -0.1424637E+01  0.7625941E+00
   04  0.2823395E+03  0.1426257E+02  0.2364577E+01 -0.1427287E+01  0.7621440E+00
   04  0.2838307E+03  0.1426210E+02  0.2366140E+01 -0.1429834E+01  0.7616734E+00
   04  0.2853219E+03  0.1426161E+02  0.2367466E+01 -0.1432275E+01  0.7611822E+00
   04  0.2868130E+03  0.1426110E+02  0.2368549E+01 -0.1434612E+01  0.7606704E+00
   04  0.2883042E+03  0.1426057E+02  0.2369382E+01 -0.1436842E+01  0.7601384E+00
   04  0.2897954E+03  0.1426001E+02  0.2369963E+01 -0.1438966E+01  0.7595863E+00
   04  0.2912865E+03  0.1425944E+02  0.2370286E+01 -0.1440982E+01  0.7590144E+00
   04  0.2927777E+03  0.1425885E+02  0.2370349E+01 -0.1442888E+01  0.7584230E+00
   04  0.2942689E+03  0.1425824E+02  0.2370134E+01 -0.1444683E+01  0.7578116E+00
   04  0.2957600E+03  0.1425761E+02  0.2369635E+01 -0.1446368E+01  0.7571803E+00
   04  0.2972512E+03  0.1425696E+02  0.2368852E+01 -0.1447941E+01  0.7565295E+00
   04  0.2987424E+03  0.1425629E+02  0.2367782E+01 -0.1449404E+01  0.7558597E+00
   04  0.3002335E+03  0.1425560E+02  0.2366426E+01 -0.1450754E+01  0.7551715E+00
   04  0.3017247E+03  0.1425489E+02  0.2364787E+01 -0.1451993E+01  0.7544654E+00
   04  0.3032159E+03  0.1425417E+02  0.2362869E+01 -0.1453120E+01  0.7537422E+00
   04  0.3047070E+03  0.1425343E+02  0.2360677E+01 -0.1454133E+01  0.7530028E+00
   04  0.3061982E+03  0.1425268E+02  0.2358216E+01 -0.1455031E+01  0.7522479E+00
   04  0.3076894E+03  0.1425191E+02  0.2355494E+01 -0.1455813E+01  0.7514785E+00
   04  0.3091805E+03  0.1425112E+02  0.2352520E+01 -0.1456477E+01  0.7506955E+00
   04  0.3106717E+03  0.1425033E+02  0.2349303E+01 -0.1457023E+01  0.7499000E+00
   04  0.3121629E+03  0.1424952E+02  0.2345854E+01 -0.1457449E+01  0.7490931E+00
   04  0.3136540E+03  0.1424871E+02  0.2342206E+01 -0.1457754E+01  0.7482781E+00
   04  0.3151452E+03  0.1424788E+02  0.2338367E+01 -0.1457936E+01  0.7474560E+00
   04  0.3165017E+03  0.1424713E+02  0.2334715E+01 -0.1457989E+01  0.7467027E+00
   04  0.3178581E+03  0.1424637E+02  0.2330922E+01 -0.1457939E+01  0.7459447E+00
   04  0.3192146E+03  0.1424561E+02  0.2326994E+01 -0.1457799E+01  0.7451813E+00
   04  0.3205710E+03  0.1424484E+02  0.2322943E+01 -0.1457539E+01  0.7444099E+00
   04  0.3219275E+03  0.1424406E+02  0.2318778E+01 -0.1457156E+01  0.7436312E+00
   04  0.3232839E+03  0.1424327E+02  0.2314508E+01 -0.1456657E+01  0.7428466E+00
   04  0.3246404E+03  0.1424248E+02  0.2310145E+01 -0.1456047E+01  0.7420572E+00
   04  0.3259968E+03  0.1424169E+02  0.2305697E+01 -0.1455321E+01  0.7412636E+00
   04  0.3273533E+03  0.1424089E+02  0.2301175E+01 -0.1454477E+01  0.7404665E+00
   04  0.3287097E+03  0.1424009E+02  0.2296590E+01 -0.1453513E+01  0.7396665E+00
   04  0.3300662E+03  0.1423929E+02  0.2291951E+01 -0.1452426E+01  0.7388642E+00
   04  0.3314226E+03  0.1423849E+02  0.2287269E+01 -0.1451215E+01  0.7380602E+00
   04  0.3327791E+03  0.1423768E+02  0.2282555E+01 -0.1449877E+01  0.7372552E+00
   04  0.3341355E+03  0.1423688E+02  0.2277819E+01 -0.1448412E+01  0.7364496E+00
   04  0.3354920E+03  0.1423607E+02  0.2273070E+01 -0.1446818E+01  0.7356442E+00
   04  0.3368484E+03  0.1423527E+02  0.2268320E+01 -0.1445094E+01  0.7348393E+00
   04  0.3382049E+03  0.1423446E+02  0.2263576E+01 -0.1443240E+01  0.7340356E+00
   04  0.3395613E+03  0.1423366E+02  0.2258850E+01 -0.1441254E+01  0.7332334E+00
   04  0.3409178E+03  0.1423286E+02  0.2254148E+01 -0.1439136E+01  0.7324334E+00
   04  0.3422742E+03  0.1423206E+02  0.2249481E+01 -0.1436886E+01  0.7316357E+00
   04  0.3436307E+03  0.1423127E+02  0.2244856E+01 -0.1434503E+01  0.7308409E+00
   04  0.3449871E+03  0.1423048E+02  0.2240280E+01 -0.1431983E+01  0.7300496E+00
   04  0.3463436E+03  0.1422969E+02  0.2235761E+01 -0.1429323E+01  0.7292624E+00
   04  0.3477000E+03  0.1422891E+02  0.2231305E+01 -0.1426523E+01  0.7284795E+00
   04  0.3490565E+03  0.1422813E+02  0.2226917E+01 -0.1423584E+01  0.7277011E+00
   04  0.3504130E+03  0.1422736E+02  0.2222604E+01 -0.1420505E+01  0.7269274E+00
   04  0.3517694E+03  0.1422659E+02  0.2218369E+01 -0.1417287E+01  0.7261585E+00
   04  0.3531259E+03  0.1422582E+02  0.2214219E+01 -0.1413930E+01  0.7253945E+00
   04  0.3544823E+03  0.1422506E+02  0.2210156E+01 -0.1410436E+01  0.7246356E+00
   04  0.3558388E+03  0.1422431E+02  0.2206186E+01 -0.1406804E+01  0.7238816E+00
   04  0.3574665E+03  0.1422341E+02  0.2201540E+01 -0.1402274E+01  0.7229839E+00
   04  0.3590942E+03  0.1422252E+02  0.2197018E+01 -0.1397547E+01  0.7220916E+00
   04  0.3607220E+03  0.1422163E+02  0.2192622E+01 -0.1392624E+01  0.7212047E+00
   04  0.3623497E+03  0.1422075E+02  0.2188354E+01 -0.1387506E+01  0.7203227E+00
   04  0.3639775E+03  0.1421987E+02  0.2184214E+01 -0.1382195E+01  0.7194454E+00
   04  0.3656052E+03  0.1421900E+02  0.2180207E+01 -0.1376691E+01  0.7185724E+00
   04  0.3672329E+03  0.1421813E+02  0.2176334E+01 -0.1370996E+01  0.7177035E+00
   04  0.3688607E+03  0.1421727E+02  0.2172596E+01 -0.1365112E+01  0.7168382E+00
   04  0.3704884E+03  0.1421641E+02  0.2168996E+01 -0.1358995E+01  0.7159798E+00
   04  0.3721162E+03  0.1421556E+02  0.2165536E+01 -0.1352609E+01  0.7151313E+00
   04  0.3737439E+03  0.1421472E+02  0.2162220E+01 -0.1345954E+01  0.7142921E+00
   04  0.3753717E+03  0.1421389E+02  0.2159048E+01 -0.1339031E+01  0.7134615E+00
   04  0.3769994E+03  0.1421307E+02  0.2156022E+01 -0.1331841E+01  0.7126391E+00
   04  0.3786271E+03  0.1421225E+02  0.2153142E+01 -0.1324387E+01  0.7118242E+00
   04  0.3802549E+03  0.1421144E+02  0.2150408E+01 -0.1316672E+01  0.7110161E+00
   04  0.3818826E+03  0.1421064E+02  0.2147821E+01 -0.1308699E+01  0.7102141E+00
   04  0.3835104E+03  0.1420985E+02  0.2145380E+01 -0.1300473E+01  0.7094175E+00
   04  0.3851381E+03  0.1420905E+02  0.2143084E+01 -0.1291999E+01  0.7086256E+00
   04  0.3867658E+03  0.1420827E+02  0.2140933E+01 -0.1283282E+01  0.7078375E+00
   04  0.3883936E+03  0.1420748E+02  0.2138924E+01 -0.1274327E+01  0.7070523E+00
   04  0.3900213E+03  0.1420670E+02  0.2137058E+01 -0.1265139E+01  0.7062693E+00
   04  0.3916491E+03  0.1420592E+02  0.2135330E+01 -0.1255725E+01  0.7054874E+00
   04  0.3932768E+03  0.1420513E+02  0.2133741E+01 -0.1246090E+01  0.7047058E+00
   04  0.3949046E+03  0.1420435E+02  0.2132286E+01 -0.1236241E+01  0.7039234E+00
   04  0.3965323E+03  0.1420357E+02  0.2130964E+01 -0.1226185E+01  0.7031393E+00
   04  0.3981600E+03  0.1420278E+02  0.2129772E+01 -0.1215928E+01  0.7023523E+00
   04  0.3997878E+03  0.1420199E+02  0.2128706E+01 -0.1205477E+01  0.7015616E+00
   04  0.4014155E+03  0.1420119E+02  0.2127764E+01 -0.1194838E+01  0.7007661E+00
   04  0.4030433E+03  0.1420039E+02  0.2126943E+01 -0.1184018E+01  0.6999648E+00
   04  0.4046710E+03  0.1419959E+02  0.2126240E+01 -0.1173073E+01  0.6991607E+00
   04  0.4062987E+03  0.1419878E+02  0.2125652E+01 -0.1162013E+01  0.6983529E+00
   04  0.4079265E+03  0.1419797E+02  0.2125179E+01 -0.1150842E+01  0.6975402E+00
   04  0.4095542E+03  0.1419715E+02  0.2124816E+01 -0.1139567E+01  0.6967214E+00
   04  0.4111820E+03  0.1419632E+02  0.2124562E+01 -0.1128190E+01  0.6958953E+00
   04  0.4128097E+03  0.1419549E+02  0.2124413E+01 -0.1116718E+01  0.6950606E+00
   04  0.4144375E+03  0.1419464E+02  0.2124368E+01 -0.1105152E+01  0.6942163E+00
   04  0.4160652E+03  0.1419379E+02  0.2124421E+01 -0.1093498E+01  0.6933611E+00
   04  0.4176929E+03  0.1419292E+02  0.2124571E+01 -0.1081757E+01  0.6924938E+00
   04  0.4193207E+03  0.1419204E+02  0.2124815E+01 -0.1069934E+01  0.6916135E+00
   04  0.4209484E+03  0.1419115E+02  0.2125148E+01 -0.1058031E+01  0.6907188E+00
   04  0.4225762E+03  0.1419024E+02  0.2125567E+01 -0.1046050E+01  0.6898089E+00
   04  0.4242039E+03  0.1418931E+02  0.2126069E+01 -0.1033994E+01  0.6888827E+00
   04  0.4258316E+03  0.1418837E+02  0.2126651E+01 -0.1021864E+01  0.6879391E+00
   04  0.4274594E+03  0.1418740E+02  0.2127308E+01 -0.1009661E+01  0.6869772E+00
   04  0.4290871E+03  0.1418642E+02  0.2128038E+01 -0.9973880E+00  0.6859961E+00
   04  0.4307149E+03  0.1418542E+02  0.2128836E+01 -0.9850449E+00  0.6849947E+00
   04  0.4323426E+03  0.1418440E+02  0.2129700E+01 -0.9726325E+00  0.6839724E+00
   04  0.4339704E+03  0.1418336E+02  0.2130626E+01 -0.9601513E+00  0.6829281E+00
   04  0.4355981E+03  0.1418229E+02  0.2131610E+01 -0.9476016E+00  0.6818611E+00
   04  0.4372258E+03  0.1418120E+02  0.2132648E+01 -0.9349833E+00  0.6807707E+00
   04  0.4388536E+03  0.1418008E+02  0.2133739E+01 -0.9222960E+00  0.6796560E+00
   04  0.4404813E+03  0.1417894E+02  0.2134878E+01 -0.9095394E+00  0.6785164E+00
   04  0.4421091E+03  0.1417778E+02  0.2136062E+01 -0.8967125E+00  0.6773511E+00
   04  0.4437368E+03  0.1417659E+02  0.2137289E+01 -0.8838145E+00  0.6761596E+00
   04  0.4453645E+03  0.1417537E+02  0.2138554E+01 -0.8708442E+00  0.6749413E+00
   04  0.4469923E+03  0.1417412E+02  0.2139856E+01 -0.8578009E+00  0.6736955E+00
   04  0.4486200E+03  0.1417285E+02  0.2141192E+01 -0.8446839E+00  0.6724219E+00
   04  0.4502478E+03  0.1417155E+02  0.2142559E+01 -0.8314921E+00  0.6711200E+00
   04  0.4518755E+03  0.1417022E+02  0.2143955E+01 -0.8182244E+00  0.6697893E+00
   04  0.4535033E+03  0.1416886E+02  0.2145377E+01 -0.8048796E+00  0.6684295E+00
   04  0.4551310E+03  0.1416747E+02  0.2146824E+01 -0.7914564E+00  0.6670402E+00
   04  0.4567587E+03  0.1416605E+02  0.2148293E+01 -0.7779536E+00  0.6656211E+00
   04  0.4583865E+03  0.1416460E+02  0.2149783E+01 -0.7643700E+00  0.6641720E+00
   04  0.4600142E+03  0.1416312E+02  0.2151292E+01 -0.7507043E+00  0.6626926E+00
   04  0.4616420E+03  0.1416161E+02  0.2152817E+01 -0.7369549E+00  0.6611826E+00
   04  0.4632697E+03  0.1416007E+02  0.2154358E+01 -0.7231201E+00  0.6596417E+00
   04  0.4648974E+03  0.1415850E+02  0.2155911E+01 -0.7091982E+00  0.6580698E+00
   04  0.4665252E+03  0.1415689E+02  0.2157476E+01 -0.6951873E+00  0.6564667E+00
   04  0.4681529E+03  0.1415526E+02  0.2159051E+01 -0.6810854E+00  0.6548322E+00
   04  0.4697807E+03  0.1415359E+02  0.2160634E+01 -0.6668903E+00  0.6531661E+00
   04  0.4714084E+03  0.1415190E+02  0.2162226E+01 -0.6525999E+00  0.6514684E+00
   04  0.4730362E+03  0.1415017E+02  0.2163824E+01 -0.6382118E+00  0.6497389E+00
   04  0.4746639E+03  0.1414840E+02  0.2165429E+01 -0.6237210E+00  0.6479773E+00
   04  0.4762916E+03  0.1414661E+02  0.2167041E+01 -0.6091153E+00  0.6461826E+00
   04  0.4779194E+03  0.1414478E+02  0.2168659E+01 -0.5943927E+00  0.6443549E+00
   04  0.4795471E+03  0.1414292E+02  0.2170286E+01 -0.5795509E+00  0.6424939E+00
   04  0.4811749E+03  0.1414103E+02  0.2171924E+01 -0.5645858E+00  0.6405996E+00
   04  0.4828026E+03  0.1413910E+02  0.2173571E+01 -0.5494971E+00  0.6386720E+00
   04  0.4844303E+03  0.1413714E+02  0.2175229E+01 -0.5342826E+00  0.6367110E+00
   04  0.4860581E+03  0.1413514E+02  0.2176899E+01 -0.5189393E+00  0.6347165E+00
   04  0.4876858E+03  0.1413312E+02  0.2178582E+01 -0.5034644E+00  0.6326885E+00
   04  0.4893136E+03  0.1413105E+02  0.2180278E+01 -0.4878541E+00  0.6306270E+00
   04  0.4909413E+03  0.1412896E+02  0.2181990E+01 -0.4721038E+00  0.6285318E+00
   04  0.4925691E+03  0.1412683E+02  0.2183718E+01 -0.4562062E+00  0.6264026E+00
   04  0.4941968E+03  0.1412467E+02  0.2185467E+01 -0.4401742E+00  0.6242410E+00
   04  0.4958245E+03  0.1412248E+02  0.2187238E+01 -0.4240235E+00  0.6220487E+00
   04  0.4974523E+03  0.1412025E+02  0.2189035E+01 -0.4077511E+00  0.6198260E+00
   04  0.4990800E+03  0.1411800E+02  0.2190861E+01 -0.3913542E+00  0.6175730E+00
   04  0.5007078E+03  0.1411572E+02  0.2192720E+01 -0.3748302E+00  0.6152899E+00
   04  0.5023355E+03  0.1411340E+02  0.2194613E+01 -0.3581765E+00  0.6129769E+00
   04  0.5039632E+03  0.1411106E+02  0.2196545E+01 -0.3413905E+00  0.6106342E+00
   04  0.5055910E+03  0.1410869E+02  0.2198518E+01 -0.3244175E+00  0.6082577E+00
   04  0.5072187E+03  0.1410627E+02  0.2200534E+01 -0.3072389E+00  0.6058460E+00
   04  0.5088465E+03  0.1410383E+02  0.2202593E+01 -0.2898573E+00  0.6034000E+00
   04  0.5104742E+03  0.1410135E+02  0.2204699E+01 -0.2722747E+00  0.6009200E+00
   04  0.5121020E+03  0.1409883E+02  0.2206853E+01 -0.2544973E+00  0.5984063E+00
   04  0.5137297E+03  0.1409629E+02  0.2209058E+01 -0.2365369E+00  0.5958584E+00
   04  0.5153574E+03  0.1409370E+02  0.2211317E+01 -0.2183977E+00  0.5932767E+00
   04  0.5169852E+03  0.1409109E+02  0.2213632E+01 -0.2000820E+00  0.5906616E+00
   04  0.5186129E+03  0.1408844E+02  0.2216006E+01 -0.1815924E+00  0.5880135E+00
   04  0.5202407E+03  0.1408576E+02  0.2218443E+01 -0.1629313E+00  0.5853329E+00
   04  0.5218684E+03  0.1408305E+02  0.2220946E+01 -0.1441014E+00  0.5826202E+00
   04  0.5234961E+03  0.1408030E+02  0.2223517E+01 -0.1251054E+00  0.5798758E+00
   04  0.5251239E+03  0.1407753E+02  0.2226160E+01 -0.1059459E+00  0.5771002E+00
   04  0.5267516E+03  0.1407472E+02  0.2228879E+01 -0.8662559E-01  0.5742937E+00
   04  0.5283794E+03  0.1407188E+02  0.2231676E+01 -0.6714732E-01  0.5714569E+00
   04  0.5300071E+03  0.1406902E+02  0.2234554E+01 -0.4751380E-01  0.5685901E+00
   04  0.5316349E+03  0.1406612E+02  0.2237517E+01 -0.2772776E-01  0.5656937E+00
   04  0.5332626E+03  0.1406320E+02  0.2240568E+01 -0.7791923E-02  0.5627682E+00
   04  0.5348903E+03  0.1406024E+02  0.2243709E+01  0.1229103E-01  0.5598140E+00
   04  0.5365181E+03  0.1405726E+02  0.2246943E+01  0.3251844E-01  0.5568314E+00
   04  0.5381458E+03  0.1405425E+02  0.2250273E+01  0.5288766E-01  0.5538209E+00
   04  0.5397736E+03  0.1405121E+02  0.2253702E+01  0.7339607E-01  0.5507827E+00
   04  0.5414013E+03  0.1404815E+02  0.2257232E+01  0.9404105E-01  0.5477174E+00
   04  0.5430290E+03  0.1404505E+02  0.2260865E+01  0.1148200E+00  0.5446251E+00
   04  0.5446568E+03  0.1404193E+02  0.2264605E+01  0.1357304E+00  0.5415064E+00
   04  0.5462845E+03  0.1403879E+02  0.2268453E+01  0.1567696E+00  0.5383614E+00
   04  0.5479123E+03  0.1403562E+02  0.2272412E+01  0.1779351E+00  0.5351906E+00
   04  0.5495400E+03  0.1403242E+02  0.2276484E+01  0.1992243E+00  0.5319943E+00
   04  0.5511678E+03  0.1402920E+02  0.2280670E+01  0.2206346E+00  0.5287727E+00
   04  0.5527955E+03  0.1402595E+02  0.2284971E+01  0.2421635E+00  0.5255262E+00
   04  0.5544232E+03  0.1402268E+02  0.2289391E+01  0.2638084E+00  0.5222551E+00
   04  0.5560510E+03  0.1401939E+02  0.2293930E+01  0.2855668E+00  0.5189596E+00
   04  0.5576787E+03  0.1401607E+02  0.2298588E+01  0.3074361E+00  0.5156400E+00
   04  0.5593065E+03  0.1401272E+02  0.2303368E+01  0.3294137E+00  0.5122966E+00
   04  0.5609342E+03  0.1400936E+02  0.2308269E+01  0.3514973E+00  0.5089296E+00
   04  0.5625619E+03  0.1400597E+02  0.2313294E+01  0.3736646E+00  0.5055409E+00
   04  0.5641897E+03  0.1400256E+02  0.2318442E+01  0.3958918E+00  0.5021325E+00
   04  0.5658174E+03  0.1399913E+02  0.2323716E+01  0.4181783E+00  0.4987044E+00
   04  0.5674452E+03  0.1399568E+02  0.2329115E+01  0.4405231E+00  0.4952566E+00
   04  0.5690729E+03  0.1399222E+02  0.2334640E+01  0.4629255E+00  0.4917889E+00
   04  0.5707007E+03  0.1398873E+02  0.2340291E+01  0.4853845E+00  0.4883015E+00
   04  0.5723284E+03  0.1398522E+02  0.2346069E+01  0.5078992E+00  0.4847943E+00
   04  0.5739561E+03  0.1398169E+02  0.2351973E+01  0.5304683E+00  0.4812672E+00
   04  0.5755839E+03  0.1397815E+02  0.2358003E+01  0.5530908E+00  0.4777203E+00
   04  0.5772116E+03  0.1397458E+02  0.2364158E+01  0.5757653E+00  0.4741535E+00
   04  0.5788394E+03  0.1397099E+02  0.2370439E+01  0.5984902E+00  0.4705669E+00
   04  0.5804671E+03  0.1396739E+02  0.2376845E+01  0.6212639E+00  0.4669604E+00
   04  0.5820948E+03  0.1396376E+02  0.2383374E+01  0.6440846E+00  0.4633341E+00
   04  0.5837226E+03  0.1396012E+02  0.2390027E+01  0.6669503E+00  0.4596880E+00
   04  0.5853503E+03  0.1395645E+02  0.2396801E+01  0.6898589E+00  0.4560220E+00
   04  0.5869781E+03  0.1395276E+02  0.2403696E+01  0.7128076E+00  0.4523364E+00
   04  0.5886058E+03  0.1394906E+02  0.2410711E+01  0.7357912E+00  0.4486307E+00
   04  0.5902336E+03  0.1394533E+02  0.2417844E+01  0.7588092E+00  0.4449053E+00
   04  0.5918613E+03  0.1394159E+02  0.2425092E+01  0.7818607E+00  0.4411605E+00
   04  0.5934890E+03  0.1393782E+02  0.2432455E+01  0.8049448E+00  0.4373964E+00
   04  0.5951168E+03  0.1393404E+02  0.2439930E+01  0.8280599E+00  0.4336132E+00
   04  0.5967445E+03  0.1393024E+02  0.2447514E+01  0.8512046E+00  0.4298112E+00
   04  0.5983723E+03  0.1392642E+02  0.2455205E+01  0.8743767E+00  0.4259907E+00
