# gauge_id= 506 location=( -0.1253000000E+03  0.4150000000E+02 ) num_var=  4
# Stationary gauge
# level, time, q[  1  2  3], eta, aux[]
# file format ascii, time series follow in this file
   02  0.0000000E+00  0.3126981E+04  0.0000000E+00  0.0000000E+00  0.0000000E+00
   02  0.1000000E+01  0.3126981E+04 -0.2358721E-13  0.5426062E-14  0.3734617E+00
   02  0.1142857E+01  0.3126985E+04 -0.6185811E+00  0.5154400E-02  0.3772863E+00
   02  0.1285714E+01  0.3126989E+04 -0.1237785E+01  0.9731870E-02  0.3811106E+00
   02  0.1428571E+01  0.3126993E+04 -0.1857591E+01  0.1373022E-01  0.3849345E+00
   02  0.1571429E+01  0.3126997E+04 -0.2477985E+01  0.1714713E-01  0.3887580E+00
   02  0.1714286E+01  0.3127001E+04 -0.3098955E+01  0.1998010E-01  0.3925809E+00
   02  0.1857143E+01  0.3127004E+04 -0.3720489E+01  0.2222638E-01  0.3964032E+00
   02  0.2000000E+01  0.3127008E+04 -0.4342580E+01  0.2388300E-01  0.4002248E+00
   02  0.4673503E+02  0.3128190E+04 -0.2053086E+03 -0.2036124E+02  0.1582414E+01
   03  0.9147006E+02  0.3147291E+04 -0.5046377E+03 -0.8207110E+02  0.3041696E+01
   03  0.1004171E+03  0.3147247E+04 -0.5110349E+03 -0.1125330E+03  0.2997463E+01
   03  0.1093641E+03  0.3147212E+04 -0.5122073E+03 -0.1310882E+03  0.2962178E+01
   03  0.1183111E+03  0.3147198E+04 -0.5129503E+03 -0.1396427E+03  0.2948720E+01
   03  0.1272581E+03  0.3147194E+04 -0.5133292E+03 -0.1427623E+03  0.2944299E+01
   03  0.1362051E+03  0.3147180E+04 -0.5125357E+03 -0.1429463E+03  0.2930506E+01
   03  0.1451521E+03  0.3147152E+04 -0.5102962E+03 -0.1418363E+03  0.2901854E+01
   03  0.1540991E+03  0.3147105E+04 -0.5062178E+03 -0.1402071E+03  0.2855148E+01
   03  0.1630461E+03  0.3147037E+04 -0.4999769E+03 -0.1381000E+03  0.2787080E+01
   03  0.1719931E+03  0.3146948E+04 -0.4919184E+03 -0.1353624E+03  0.2697941E+01
   04  0.1809401E+03  0.3147394E+04 -0.4832025E+03 -0.1326858E+03  0.2602346E+01
   04  0.1824313E+03  0.3147368E+04 -0.4813490E+03 -0.1314882E+03  0.2575692E+01
   04  0.1839225E+03  0.3147344E+04 -0.4794465E+03 -0.1304639E+03  0.2551956E+01
   04  0.1854136E+03  0.3147323E+04 -0.4776745E+03 -0.1296440E+03  0.2531173E+01
   04  0.1869048E+03  0.3147304E+04 -0.4760324E+03 -0.1289853E+03  0.2512464E+01
   04  0.1883960E+03  0.3147287E+04 -0.4745349E+03 -0.1284375E+03  0.2495141E+01
   04  0.1898871E+03  0.3147271E+04 -0.4731608E+03 -0.1279593E+03  0.2478734E+01
   04  0.1913783E+03  0.3147255E+04 -0.4717781E+03 -0.1275145E+03  0.2462621E+01
   04  0.1928695E+03  0.3147238E+04 -0.4701969E+03 -0.1270684E+03  0.2445919E+01
   04  0.1943606E+03  0.3147220E+04 -0.4682854E+03 -0.1265918E+03  0.2427687E+01
   04  0.1958518E+03  0.3147199E+04 -0.4660458E+03 -0.1260715E+03  0.2407282E+01
   04  0.1973430E+03  0.3147177E+04 -0.4636146E+03 -0.1255178E+03  0.2384622E+01
   04  0.1988341E+03  0.3147152E+04 -0.4612007E+03 -0.1249635E+03  0.2360274E+01
   04  0.2003253E+03  0.3147127E+04 -0.4589914E+03 -0.1244558E+03  0.2335280E+01
   04  0.2018165E+03  0.3147103E+04 -0.4570720E+03 -0.1240447E+03  0.2310710E+01
   04  0.2033076E+03  0.3147079E+04 -0.4553960E+03 -0.1237674E+03  0.2287196E+01
   04  0.2047988E+03  0.3147057E+04 -0.4538099E+03 -0.1236348E+03  0.2264718E+01
   04  0.2062900E+03  0.3147035E+04 -0.4520944E+03 -0.1236267E+03  0.2242615E+01
   04  0.2077811E+03  0.3147012E+04 -0.4499987E+03 -0.1236980E+03  0.2219746E+01
   04  0.2092723E+03  0.3146987E+04 -0.4472866E+03 -0.1237908E+03  0.2194814E+01
   04  0.2107635E+03  0.3146959E+04 -0.4438205E+03 -0.1238465E+03  0.2166950E+01
   04  0.2122546E+03  0.3146928E+04 -0.4396618E+03 -0.1238151E+03  0.2136328E+01
   04  0.2137458E+03  0.3146896E+04 -0.4350969E+03 -0.1236635E+03  0.2104351E+01
   04  0.2152370E+03  0.3146865E+04 -0.4305282E+03 -0.1233823E+03  0.2073045E+01
   04  0.2167281E+03  0.3146836E+04 -0.4262851E+03 -0.1229851E+03  0.2044016E+01
   04  0.2182193E+03  0.3146810E+04 -0.4224797E+03 -0.1224962E+03  0.2017683E+01
   04  0.2197105E+03  0.3146785E+04 -0.4189804E+03 -0.1219381E+03  0.1993175E+01
   04  0.2212017E+03  0.3146761E+04 -0.4154693E+03 -0.1213250E+03  0.1968683E+01
   04  0.2226928E+03  0.3146734E+04 -0.4115151E+03 -0.1206618E+03  0.1941868E+01
   04  0.2241840E+03  0.3146702E+04 -0.4066435E+03 -0.1199499E+03  0.1910207E+01
   04  0.2256752E+03  0.3146664E+04 -0.4004459E+03 -0.1191898E+03  0.1871568E+01
   04  0.2271663E+03  0.3146617E+04 -0.3927598E+03 -0.1183943E+03  0.1825127E+01
   04  0.2286575E+03  0.3146564E+04 -0.3838056E+03 -0.1175766E+03  0.1772107E+01
   04  0.2301487E+03  0.3146508E+04 -0.3741583E+03 -0.1167505E+03  0.1715637E+01
   04  0.2316398E+03  0.3146452E+04 -0.3645185E+03 -0.1159259E+03  0.1659533E+01
   04  0.2331310E+03  0.3146399E+04 -0.3554155E+03 -0.1151006E+03  0.1606707E+01
   04  0.2346222E+03  0.3146350E+04 -0.3470219E+03 -0.1142648E+03  0.1558111E+01
   04  0.2361133E+03  0.3146305E+04 -0.3391457E+03 -0.1133943E+03  0.1512761E+01
   04  0.2376045E+03  0.3146260E+04 -0.3313583E+03 -0.1124525E+03  0.1468390E+01
   04  0.2390957E+03  0.3146214E+04 -0.3231577E+03 -0.1114071E+03  0.1422299E+01
   04  0.2405868E+03  0.3146164E+04 -0.3141366E+03 -0.1102343E+03  0.1372264E+01
   04  0.2420780E+03  0.3146109E+04 -0.3041339E+03 -0.1089157E+03  0.1317394E+01
   04  0.2435692E+03  0.3146051E+04 -0.2933303E+03 -0.1074312E+03  0.1258707E+01
   04  0.2450603E+03  0.3145991E+04 -0.2822216E+03 -0.1057512E+03  0.1198958E+01
   04  0.2465515E+03  0.3145934E+04 -0.2714349E+03 -0.1038366E+03  0.1141657E+01
   04  0.2480427E+03  0.3145882E+04 -0.2614926E+03 -0.1016522E+03  0.1089624E+01
   04  0.2495338E+03  0.3145836E+04 -0.2526267E+03 -0.9918433E+02  0.1044039E+01
   04  0.2510250E+03  0.3145796E+04 -0.2447522E+03 -0.9645332E+02  0.1004293E+01
   04  0.2525162E+03  0.3145761E+04 -0.2375789E+03 -0.9351219E+02  0.9685614E+00
   04  0.2540073E+03  0.3145727E+04 -0.2307669E+03 -0.9043525E+02  0.9347097E+00
   04  0.2554985E+03  0.3145693E+04 -0.2240607E+03 -0.8729915E+02  0.9011561E+00
   04  0.2569897E+03  0.3145659E+04 -0.2173855E+03 -0.8416588E+02  0.8674186E+00
   04  0.2584808E+03  0.3145626E+04 -0.2108764E+03 -0.8107122E+02  0.8342864E+00
   04  0.2599720E+03  0.3145596E+04 -0.2048212E+03 -0.7801960E+02  0.8034891E+00
   04  0.2614632E+03  0.3145569E+04 -0.1995303E+03 -0.7498609E+02  0.7769440E+00
   04  0.2629543E+03  0.3145548E+04 -0.1951967E+03 -0.7192505E+02  0.7559409E+00
   04  0.2644455E+03  0.3145533E+04 -0.1918206E+03 -0.6878226E+02  0.7406902E+00
   04  0.2659367E+03  0.3145522E+04 -0.1892299E+03 -0.6550618E+02  0.7304032E+00
   04  0.2674278E+03  0.3145516E+04 -0.1871613E+03 -0.6205561E+02  0.7237229E+00
   04  0.2689190E+03  0.3145511E+04 -0.1853436E+03 -0.5840352E+02  0.7191792E+00
   04  0.2704102E+03  0.3145508E+04 -0.1835526E+03 -0.5453986E+02  0.7154961E+00
   04  0.2719014E+03  0.3145504E+04 -0.1816431E+03 -0.5047475E+02  0.7117786E+00
   04  0.2733925E+03  0.3145500E+04 -0.1795723E+03 -0.4624145E+02  0.7076547E+00
   04  0.2748837E+03  0.3145495E+04 -0.1774114E+03 -0.4189763E+02  0.7033375E+00
   04  0.2763749E+03  0.3145492E+04 -0.1753215E+03 -0.3752332E+02  0.6994874E+00
   04  0.2778660E+03  0.3145489E+04 -0.1734885E+03 -0.3321428E+02  0.6968455E+00
   04  0.2793572E+03  0.3145488E+04 -0.1720430E+03 -0.2906976E+02  0.6958096E+00
   04  0.2808484E+03  0.3145488E+04 -0.1710147E+03 -0.2517526E+02  0.6962196E+00
   04  0.2823395E+03  0.3145490E+04 -0.1703423E+03 -0.2158548E+02  0.6974671E+00
   04  0.2838307E+03  0.3145491E+04 -0.1699193E+03 -0.1831413E+02  0.6987976E+00
   04  0.2853219E+03  0.3145492E+04 -0.1696370E+03 -0.1533475E+02  0.6995731E+00
   04  0.2868130E+03  0.3145491E+04 -0.1694044E+03 -0.1258968E+02  0.6993741E+00
   04  0.2883042E+03  0.3145490E+04 -0.1691491E+03 -0.1000201E+02  0.6979798E+00
   04  0.2897954E+03  0.3145487E+04 -0.1688175E+03 -0.7485888E+01  0.6953302E+00
   04  0.2912865E+03  0.3145484E+04 -0.1683796E+03 -0.4954561E+01  0.6915252E+00
   04  0.2927777E+03  0.3145479E+04 -0.1678395E+03 -0.2326518E+01  0.6868628E+00
   04  0.2942689E+03  0.3145474E+04 -0.1672432E+03  0.4692993E+00  0.6818681E+00
   04  0.2957600E+03  0.3145469E+04 -0.1666702E+03  0.3488162E+01  0.6772423E+00
   04  0.2972512E+03  0.3145466E+04 -0.1662263E+03  0.6767474E+01  0.6738121E+00
   04  0.2987424E+03  0.3145464E+04 -0.1660046E+03  0.1032735E+02  0.6723009E+00
   04  0.3002335E+03  0.3145465E+04 -0.1660239E+03  0.1416404E+02  0.6729854E+00
   04  0.3017247E+03  0.3145468E+04 -0.1662385E+03  0.1824671E+02  0.6757350E+00
   04  0.3032159E+03  0.3145472E+04 -0.1665826E+03  0.2252679E+02  0.6802417E+00
   04  0.3047070E+03  0.3145478E+04 -0.1670019E+03  0.2695026E+02  0.6861951E+00
   04  0.3061982E+03  0.3145485E+04 -0.1674473E+03  0.3146330E+02  0.6932333E+00
   04  0.3076894E+03  0.3145493E+04 -0.1678634E+03  0.3601096E+02  0.7009046E+00
   04  0.3091805E+03  0.3145501E+04 -0.1682091E+03  0.4054152E+02  0.7087936E+00
   04  0.3106717E+03  0.3145509E+04 -0.1684648E+03  0.4501617E+02  0.7165632E+00
   04  0.3121629E+03  0.3145516E+04 -0.1686231E+03  0.4941402E+02  0.7239556E+00
   04  0.3136540E+03  0.3145523E+04 -0.1686917E+03  0.5372933E+02  0.7308285E+00
   04  0.3151452E+03  0.3145529E+04 -0.1687089E+03  0.5796800E+02  0.7372372E+00
   04  0.3165017E+03  0.3145535E+04 -0.1687141E+03  0.6176516E+02  0.7427628E+00
   04  0.3178581E+03  0.3145540E+04 -0.1687451E+03  0.6552108E+02  0.7481563E+00
   04  0.3192146E+03  0.3145546E+04 -0.1688457E+03  0.6924699E+02  0.7536581E+00
   04  0.3205710E+03  0.3145552E+04 -0.1690705E+03  0.7295015E+02  0.7595974E+00
   04  0.3219275E+03  0.3145558E+04 -0.1694491E+03  0.7663346E+02  0.7661815E+00
   04  0.3232839E+03  0.3145565E+04 -0.1699602E+03  0.8029854E+02  0.7733274E+00
   04  0.3246404E+03  0.3145573E+04 -0.1705363E+03  0.8394577E+02  0.7806920E+00
   04  0.3259968E+03  0.3145580E+04 -0.1711167E+03  0.8756816E+02  0.7879675E+00
   04  0.3273533E+03  0.3145587E+04 -0.1716553E+03  0.9114691E+02  0.7949258E+00
   04  0.3287097E+03  0.3145593E+04 -0.1721168E+03  0.9466552E+02  0.8013983E+00
   04  0.3300662E+03  0.3145599E+04 -0.1724846E+03  0.9811637E+02  0.8073366E+00
   04  0.3314226E+03  0.3145605E+04 -0.1727570E+03  0.1014981E+03  0.8127669E+00
   04  0.3327791E+03  0.3145610E+04 -0.1729349E+03  0.1048102E+03  0.8177119E+00
   04  0.3341355E+03  0.3145614E+04 -0.1730022E+03  0.1080516E+03  0.8220993E+00
   04  0.3354920E+03  0.3145618E+04 -0.1729831E+03  0.1112301E+03  0.8260897E+00
   04  0.3368484E+03  0.3145622E+04 -0.1729351E+03  0.1143671E+03  0.8300140E+00
   04  0.3382049E+03  0.3145626E+04 -0.1729130E+03  0.1174881E+03  0.8341772E+00
   04  0.3395613E+03  0.3145631E+04 -0.1729605E+03  0.1206108E+03  0.8388309E+00
   04  0.3409178E+03  0.3145636E+04 -0.1731032E+03  0.1237391E+03  0.8441078E+00
   04  0.3422742E+03  0.3145642E+04 -0.1733698E+03  0.1268710E+03  0.8501613E+00
   04  0.3436307E+03  0.3145649E+04 -0.1737841E+03  0.1300072E+03  0.8571046E+00
   04  0.3449871E+03  0.3145657E+04 -0.1743277E+03  0.1331501E+03  0.8648309E+00
   04  0.3463436E+03  0.3145665E+04 -0.1749504E+03  0.1363024E+03  0.8730476E+00
   04  0.3477000E+03  0.3145674E+04 -0.1756156E+03  0.1394587E+03  0.8815225E+00
   04  0.3490565E+03  0.3145682E+04 -0.1762672E+03  0.1426040E+03  0.8899387E+00
   04  0.3504130E+03  0.3145690E+04 -0.1768613E+03  0.1457186E+03  0.8980216E+00
   04  0.3517694E+03  0.3145698E+04 -0.1773743E+03  0.1487832E+03  0.9055929E+00
   04  0.3531259E+03  0.3145705E+04 -0.1777910E+03  0.1517837E+03  0.9125599E+00
   04  0.3544823E+03  0.3145711E+04 -0.1781085E+03  0.1547138E+03  0.9189023E+00
   04  0.3558388E+03  0.3145717E+04 -0.1783338E+03  0.1575715E+03  0.9246260E+00
   04  0.3574665E+03  0.3145722E+04 -0.1784446E+03  0.1608941E+03  0.9304105E+00
   04  0.3590942E+03  0.3145727E+04 -0.1783037E+03  0.1640581E+03  0.9345196E+00
   04  0.3607220E+03  0.3145729E+04 -0.1778516E+03  0.1670132E+03  0.9365399E+00
   04  0.3623497E+03  0.3145729E+04 -0.1771105E+03  0.1697262E+03  0.9365434E+00
   04  0.3639775E+03  0.3145727E+04 -0.1761908E+03  0.1722031E+03  0.9351604E+00
   04  0.3656052E+03  0.3145725E+04 -0.1752393E+03  0.1744875E+03  0.9332806E+00
   04  0.3672329E+03  0.3145724E+04 -0.1743862E+03  0.1766450E+03  0.9317376E+00
   04  0.3688607E+03  0.3145723E+04 -0.1737169E+03  0.1787425E+03  0.9311228E+00
   04  0.3704884E+03  0.3145724E+04 -0.1732678E+03  0.1808339E+03  0.9317255E+00
   04  0.3721162E+03  0.3145726E+04 -0.1730420E+03  0.1829537E+03  0.9335983E+00
   04  0.3737439E+03  0.3145729E+04 -0.1729975E+03  0.1851122E+03  0.9365007E+00
   04  0.3753717E+03  0.3145732E+04 -0.1730681E+03  0.1872976E+03  0.9400269E+00
   04  0.3769994E+03  0.3145736E+04 -0.1731876E+03  0.1894863E+03  0.9437613E+00
   04  0.3786271E+03  0.3145739E+04 -0.1733146E+03  0.1916549E+03  0.9474062E+00
   04  0.3802549E+03  0.3145743E+04 -0.1733963E+03  0.1937786E+03  0.9505996E+00
   04  0.3818826E+03  0.3145745E+04 -0.1733746E+03  0.1958285E+03  0.9529500E+00
   04  0.3835104E+03  0.3145746E+04 -0.1731857E+03  0.1977712E+03  0.9540270E+00
   04  0.3851381E+03  0.3145745E+04 -0.1727680E+03  0.1995718E+03  0.9534347E+00
   04  0.3867658E+03  0.3145743E+04 -0.1720883E+03  0.2012034E+03  0.9509621E+00
   04  0.3883936E+03  0.3145739E+04 -0.1711470E+03  0.2026553E+03  0.9466199E+00
   04  0.3900213E+03  0.3145733E+04 -0.1699761E+03  0.2039362E+03  0.9406494E+00
   04  0.3916491E+03  0.3145725E+04 -0.1686389E+03  0.2050723E+03  0.9334617E+00
   04  0.3932768E+03  0.3145718E+04 -0.1672181E+03  0.2061022E+03  0.9255839E+00
   04  0.3949046E+03  0.3145710E+04 -0.1658016E+03  0.2070705E+03  0.9175774E+00
   04  0.3965323E+03  0.3145702E+04 -0.1644648E+03  0.2080215E+03  0.9099692E+00
   04  0.3981600E+03  0.3145695E+04 -0.1632659E+03  0.2089928E+03  0.9031427E+00
   04  0.3997878E+03  0.3145689E+04 -0.1622383E+03  0.2100101E+03  0.8972973E+00
   04  0.4014155E+03  0.3145684E+04 -0.1613892E+03  0.2110866E+03  0.8924487E+00
   04  0.4030433E+03  0.3145681E+04 -0.1607003E+03  0.2122246E+03  0.8884821E+00
   04  0.4046710E+03  0.3145677E+04 -0.1601398E+03  0.2134194E+03  0.8851969E+00
   04  0.4062987E+03  0.3145674E+04 -0.1596744E+03  0.2146626E+03  0.8823630E+00
   04  0.4079265E+03  0.3145672E+04 -0.1592760E+03  0.2159455E+03  0.8797828E+00
   04  0.4095542E+03  0.3145669E+04 -0.1589240E+03  0.2172609E+03  0.8773249E+00
   04  0.4111820E+03  0.3145667E+04 -0.1586062E+03  0.2186030E+03  0.8749200E+00
   04  0.4128097E+03  0.3145665E+04 -0.1583200E+03  0.2199662E+03  0.8725531E+00
   04  0.4144375E+03  0.3145662E+04 -0.1580658E+03  0.2213443E+03  0.8702404E+00
   04  0.4160652E+03  0.3145660E+04 -0.1578417E+03  0.2227282E+03  0.8679986E+00
   04  0.4176929E+03  0.3145658E+04 -0.1576440E+03  0.2241064E+03  0.8658399E+00
   04  0.4193207E+03  0.3145656E+04 -0.1574698E+03  0.2254655E+03  0.8637811E+00
   04  0.4209484E+03  0.3145654E+04 -0.1573154E+03  0.2267924E+03  0.8618384E+00
   04  0.4225762E+03  0.3145652E+04 -0.1571791E+03  0.2280762E+03  0.8600367E+00
   04  0.4242039E+03  0.3145650E+04 -0.1570584E+03  0.2293101E+03  0.8583949E+00
   04  0.4258316E+03  0.3145649E+04 -0.1569468E+03  0.2304907E+03  0.8569030E+00
   04  0.4274594E+03  0.3145648E+04 -0.1568364E+03  0.2316176E+03  0.8555351E+00
   04  0.4290871E+03  0.3145646E+04 -0.1567203E+03  0.2326929E+03  0.8542560E+00
   04  0.4307149E+03  0.3145645E+04 -0.1565926E+03  0.2337204E+03  0.8530239E+00
   04  0.4323426E+03  0.3145644E+04 -0.1564485E+03  0.2347052E+03  0.8517921E+00
   04  0.4339704E+03  0.3145643E+04 -0.1562856E+03  0.2356529E+03  0.8505166E+00
   04  0.4355981E+03  0.3145641E+04 -0.1561024E+03  0.2365697E+03  0.8491533E+00
   04  0.4372258E+03  0.3145640E+04 -0.1558983E+03  0.2374606E+03  0.8476567E+00
   04  0.4388536E+03  0.3145638E+04 -0.1556739E+03  0.2383293E+03  0.8459862E+00
   04  0.4404813E+03  0.3145636E+04 -0.1554321E+03  0.2391786E+03  0.8441132E+00
   04  0.4421091E+03  0.3145634E+04 -0.1551745E+03  0.2400104E+03  0.8420127E+00
   04  0.4437368E+03  0.3145632E+04 -0.1549055E+03  0.2408272E+03  0.8396901E+00
   04  0.4453645E+03  0.3145629E+04 -0.1546310E+03  0.2416323E+03  0.8371798E+00
   04  0.4469923E+03  0.3145627E+04 -0.1543581E+03  0.2424298E+03  0.8345418E+00
   04  0.4486200E+03  0.3145624E+04 -0.1540938E+03  0.2432229E+03  0.8318559E+00
   04  0.4502478E+03  0.3145621E+04 -0.1538454E+03  0.2440141E+03  0.8292150E+00
   04  0.4518755E+03  0.3145619E+04 -0.1536192E+03  0.2448053E+03  0.8267193E+00
   04  0.4535033E+03  0.3145617E+04 -0.1534210E+03  0.2455982E+03  0.8244696E+00
   04  0.4551310E+03  0.3145615E+04 -0.1532562E+03  0.2463948E+03  0.8225630E+00
   04  0.4567587E+03  0.3145613E+04 -0.1531268E+03  0.2471970E+03  0.8210681E+00
   04  0.4583865E+03  0.3145612E+04 -0.1530331E+03  0.2480048E+03  0.8200234E+00
   04  0.4600142E+03  0.3145611E+04 -0.1529717E+03  0.2488149E+03  0.8194202E+00
   04  0.4616420E+03  0.3145611E+04 -0.1529342E+03  0.2496179E+03  0.8191878E+00
   04  0.4632697E+03  0.3145611E+04 -0.1529072E+03  0.2503996E+03  0.8191998E+00
   04  0.4648974E+03  0.3145611E+04 -0.1528715E+03  0.2511424E+03  0.8192748E+00
   04  0.4665252E+03  0.3145611E+04 -0.1528053E+03  0.2518280E+03  0.8192142E+00
   04  0.4681529E+03  0.3145611E+04 -0.1526939E+03  0.2524406E+03  0.8188588E+00
   04  0.4697807E+03  0.3145610E+04 -0.1525245E+03  0.2529682E+03  0.8180734E+00
   04  0.4714084E+03  0.3145609E+04 -0.1522850E+03  0.2534073E+03  0.8167255E+00
   04  0.4730362E+03  0.3145607E+04 -0.1519642E+03  0.2537678E+03  0.8147414E+00
   04  0.4746639E+03  0.3145604E+04 -0.1515603E+03  0.2540594E+03  0.8121037E+00
   04  0.4762916E+03  0.3145601E+04 -0.1510729E+03  0.2542845E+03  0.8087805E+00
   04  0.4779194E+03  0.3145597E+04 -0.1505018E+03  0.2544445E+03  0.8047424E+00
   04  0.4795471E+03  0.3145592E+04 -0.1498470E+03  0.2545410E+03  0.7999862E+00
   04  0.4811749E+03  0.3145587E+04 -0.1491099E+03  0.2545815E+03  0.7945582E+00
   04  0.4828026E+03  0.3145581E+04 -0.1482965E+03  0.2545806E+03  0.7885596E+00
   04  0.4844303E+03  0.3145574E+04 -0.1474179E+03  0.2545529E+03  0.7821085E+00
   04  0.4860581E+03  0.3145567E+04 -0.1464861E+03  0.2545058E+03  0.7753037E+00
   04  0.4876858E+03  0.3145560E+04 -0.1455100E+03  0.2544520E+03  0.7682533E+00
   04  0.4893136E+03  0.3145553E+04 -0.1444941E+03  0.2544003E+03  0.7610305E+00
   04  0.4909413E+03  0.3145546E+04 -0.1434398E+03  0.2543542E+03  0.7536675E+00
   04  0.4925691E+03  0.3145538E+04 -0.1423464E+03  0.2543107E+03  0.7461501E+00
   04  0.4941968E+03  0.3145530E+04 -0.1412116E+03  0.2542617E+03  0.7384252E+00
   04  0.4958245E+03  0.3145522E+04 -0.1400323E+03  0.2541967E+03  0.7304147E+00
   04  0.4974523E+03  0.3145514E+04 -0.1388050E+03  0.2541036E+03  0.7220388E+00
   04  0.4990800E+03  0.3145505E+04 -0.1375258E+03  0.2539713E+03  0.7132226E+00
   04  0.5007078E+03  0.3145496E+04 -0.1361909E+03  0.2537903E+03  0.7039079E+00
   04  0.5023355E+03  0.3145486E+04 -0.1347983E+03  0.2535535E+03  0.6940623E+00
   04  0.5039632E+03  0.3145476E+04 -0.1333476E+03  0.2532555E+03  0.6836813E+00
   04  0.5055910E+03  0.3145465E+04 -0.1318398E+03  0.2528942E+03  0.6727798E+00
   04  0.5072187E+03  0.3145453E+04 -0.1302785E+03  0.2524652E+03  0.6614064E+00
   04  0.5088465E+03  0.3145442E+04 -0.1286681E+03  0.2519647E+03  0.6496216E+00
   04  0.5104742E+03  0.3145430E+04 -0.1270137E+03  0.2513918E+03  0.6374782E+00
   04  0.5121020E+03  0.3145417E+04 -0.1253211E+03  0.2507434E+03  0.6250371E+00
   04  0.5137297E+03  0.3145404E+04 -0.1235982E+03  0.2500210E+03  0.6123411E+00
   04  0.5153574E+03  0.3145391E+04 -0.1218523E+03  0.2492258E+03  0.5994446E+00
   04  0.5169852E+03  0.3145378E+04 -0.1200904E+03  0.2483621E+03  0.5863916E+00
   04  0.5186129E+03  0.3145365E+04 -0.1183179E+03  0.2474310E+03  0.5732345E+00
   04  0.5202407E+03  0.3145352E+04 -0.1165385E+03  0.2464329E+03  0.5600052E+00
   04  0.5218684E+03  0.3145339E+04 -0.1147551E+03  0.2453703E+03  0.5467087E+00
   04  0.5234961E+03  0.3145325E+04 -0.1129692E+03  0.2442487E+03  0.5333218E+00
   04  0.5251239E+03  0.3145312E+04 -0.1111810E+03  0.2430719E+03  0.5198077E+00
   04  0.5267516E+03  0.3145298E+04 -0.1093892E+03  0.2418453E+03  0.5060944E+00
   04  0.5283794E+03  0.3145284E+04 -0.1075891E+03  0.2405772E+03  0.4920875E+00
   04  0.5300071E+03  0.3145270E+04 -0.1057747E+03  0.2392735E+03  0.4776976E+00
   04  0.5316349E+03  0.3145255E+04 -0.1039380E+03  0.2379358E+03  0.4628656E+00
   04  0.5332626E+03  0.3145240E+04 -0.1020709E+03  0.2365691E+03  0.4475249E+00
   04  0.5348903E+03  0.3145224E+04 -0.1001684E+03  0.2351771E+03  0.4316366E+00
   04  0.5365181E+03  0.3145207E+04 -0.9822726E+02  0.2337589E+03  0.4152038E+00
   04  0.5381458E+03  0.3145190E+04 -0.9624780E+02  0.2323178E+03  0.3982320E+00
   04  0.5397736E+03  0.3145173E+04 -0.9423472E+02  0.2308619E+03  0.3807215E+00
   04  0.5414013E+03  0.3145155E+04 -0.9219641E+02  0.2293941E+03  0.3627112E+00
   04  0.5430290E+03  0.3145136E+04 -0.9014106E+02  0.2279239E+03  0.3442259E+00
   04  0.5446568E+03  0.3145117E+04 -0.8807563E+02  0.2264577E+03  0.3253169E+00
   04  0.5462845E+03  0.3145098E+04 -0.8600623E+02  0.2249985E+03  0.3060636E+00
   04  0.5479123E+03  0.3145079E+04 -0.8393981E+02  0.2235469E+03  0.2865681E+00
   04  0.5495400E+03  0.3145059E+04 -0.8188492E+02  0.2221027E+03  0.2669481E+00
   04  0.5511678E+03  0.3145039E+04 -0.7985173E+02  0.2206672E+03  0.2473277E+00
   04  0.5527955E+03  0.3145020E+04 -0.7785089E+02  0.2192435E+03  0.2278300E+00
   04  0.5544232E+03  0.3145001E+04 -0.7589324E+02  0.2178364E+03  0.2085641E+00
   04  0.5560510E+03  0.3144982E+04 -0.7398821E+02  0.2164516E+03  0.1896239E+00
   04  0.5576787E+03  0.3144963E+04 -0.7214231E+02  0.2150960E+03  0.1710921E+00
   04  0.5593065E+03  0.3144945E+04 -0.7035884E+02  0.2137766E+03  0.1530393E+00
   04  0.5609342E+03  0.3144928E+04 -0.6863831E+02  0.2125002E+03  0.1355154E+00
   04  0.5625619E+03  0.3144911E+04 -0.6697911E+02  0.2112723E+03  0.1185453E+00
   04  0.5641897E+03  0.3144894E+04 -0.6537823E+02  0.2100971E+03  0.1021308E+00
   04  0.5658174E+03  0.3144878E+04 -0.6383152E+02  0.2089777E+03  0.8625866E-01
   04  0.5674452E+03  0.3144863E+04 -0.6233387E+02  0.2079163E+03  0.7090671E-01
   04  0.5690729E+03  0.3144848E+04 -0.6087975E+02  0.2069143E+03  0.5604604E-01
   04  0.5707007E+03  0.3144834E+04 -0.5946384E+02  0.2059711E+03  0.4164520E-01
   04  0.5723284E+03  0.3144820E+04 -0.5808170E+02  0.2050825E+03  0.2768010E-01
   04  0.5739561E+03  0.3144806E+04 -0.5673021E+02  0.2042394E+03  0.1414310E-01
   04  0.5755839E+03  0.3144793E+04 -0.5540746E+02  0.2034281E+03  0.1041827E-02
   04  0.5772116E+03  0.3144780E+04 -0.5411186E+02  0.2026331E+03 -0.1161388E-01
   04  0.5788394E+03  0.3144768E+04 -0.5284101E+02  0.2018395E+03 -0.2382914E-01
   04  0.5804671E+03  0.3144756E+04 -0.5159050E+02  0.2010350E+03 -0.3563582E-01
   04  0.5820948E+03  0.3144745E+04 -0.5035333E+02  0.2002109E+03 -0.4709380E-01
   04  0.5837226E+03  0.3144734E+04 -0.4912043E+02  0.1993610E+03 -0.5828018E-01
   04  0.5853503E+03  0.3144723E+04 -0.4788274E+02  0.1984808E+03 -0.6927296E-01
   04  0.5869781E+03  0.3144712E+04 -0.4663519E+02  0.1975660E+03 -0.8012767E-01
   04  0.5886058E+03  0.3144701E+04 -0.4537665E+02  0.1966131E+03 -0.9087887E-01
   04  0.5902336E+03  0.3144691E+04 -0.4411009E+02  0.1956197E+03 -0.1015347E+00
   04  0.5918613E+03  0.3144680E+04 -0.4284186E+02  0.1945880E+03 -0.1120869E+00
   04  0.5934890E+03  0.3144670E+04 -0.4158325E+02  0.1935198E+03 -0.1224968E+00
   04  0.5951168E+03  0.3144659E+04 -0.4034911E+02  0.1924137E+03 -0.1326880E+00
   04  0.5967445E+03  0.3144649E+04 -0.3915391E+02  0.1912638E+03 -0.1425627E+00
   04  0.5983723E+03  0.3144640E+04 -0.3800880E+02  0.1900681E+03 -0.1520602E+00
