# gauge_id= 516 location=( -0.1253000000E+03  0.4170000000E+02 ) num_var=  4
# Stationary gauge
# level, time, q[  1  2  3], eta, aux[]
# file format ascii, time series follow in this file
   02  0.0000000E+00  0.3099757E+04  0.0000000E+00  0.0000000E+00  0.0000000E+00
   02  0.1000000E+01  0.3099757E+04 -0.2402277E-12  0.1112490E-12  0.2111565E+00
   02  0.1142857E+01  0.3099762E+04 -0.6912853E+00  0.4340156E-01  0.2161558E+00
   02  0.1285714E+01  0.3099767E+04 -0.1382561E+01  0.8679541E-01  0.2211514E+00
   02  0.1428571E+01  0.3099772E+04 -0.2073834E+01  0.1301827E+00  0.2261436E+00
   02  0.1571429E+01  0.3099777E+04 -0.2765130E+01  0.1735644E+00  0.2311323E+00
   02  0.1714286E+01  0.3099782E+04 -0.3456533E+01  0.2169418E+00  0.2361182E+00
   02  0.1857143E+01  0.3099787E+04 -0.4148325E+01  0.2603159E+00  0.2411029E+00
   02  0.2000000E+01  0.3099792E+04 -0.4840577E+01  0.3036876E+00  0.2460868E+00
   02  0.4673503E+02  0.3101315E+04 -0.2211157E+03  0.1384974E+02  0.1769114E+01
   03  0.9147006E+02  0.3119933E+04 -0.5302253E+03  0.4210934E+02  0.3239284E+01
   03  0.1004171E+03  0.3119957E+04 -0.5397143E+03  0.4396100E+02  0.3263078E+01
   03  0.1093641E+03  0.3119989E+04 -0.5448266E+03  0.4502770E+02  0.3294846E+01
   03  0.1183111E+03  0.3120012E+04 -0.5487845E+03  0.4510915E+02  0.3318225E+01
   03  0.1272581E+03  0.3120030E+04 -0.5529660E+03  0.4393787E+02  0.3336274E+01
   03  0.1362051E+03  0.3120033E+04 -0.5557840E+03  0.4188896E+02  0.3338998E+01
   03  0.1451521E+03  0.3120014E+04 -0.5560559E+03  0.3975059E+02  0.3320303E+01
   03  0.1540991E+03  0.3119969E+04 -0.5525054E+03  0.3816975E+02  0.3275026E+01
   03  0.1630461E+03  0.3119893E+04 -0.5443240E+03  0.3713168E+02  0.3198562E+01
   03  0.1719931E+03  0.3119778E+04 -0.5304317E+03  0.3590918E+02  0.3084287E+01
   04  0.1809401E+03  0.3116979E+04 -0.5136966E+03  0.3732117E+02  0.2955239E+01
   04  0.1824313E+03  0.3116939E+04 -0.5083963E+03  0.3680486E+02  0.2915503E+01
   04  0.1839225E+03  0.3116905E+04 -0.5038435E+03  0.3627874E+02  0.2880798E+01
   04  0.1854136E+03  0.3116874E+04 -0.4999401E+03  0.3573975E+02  0.2850608E+01
   04  0.1869048E+03  0.3116847E+04 -0.4963696E+03  0.3517992E+02  0.2822916E+01
   04  0.1883960E+03  0.3116820E+04 -0.4929294E+03  0.3462034E+02  0.2796411E+01
   04  0.1898871E+03  0.3116794E+04 -0.4895154E+03  0.3408769E+02  0.2770445E+01
   04  0.1913783E+03  0.3116768E+04 -0.4860682E+03  0.3358272E+02  0.2744621E+01
   04  0.1928695E+03  0.3116742E+04 -0.4825551E+03  0.3306700E+02  0.2718590E+01
   04  0.1943606E+03  0.3116716E+04 -0.4789677E+03  0.3246512E+02  0.2691978E+01
   04  0.1958518E+03  0.3116688E+04 -0.4753191E+03  0.3167790E+02  0.2664363E+01
   04  0.1973430E+03  0.3116659E+04 -0.4716343E+03  0.3060679E+02  0.2635320E+01
   04  0.1988341E+03  0.3116628E+04 -0.4679369E+03  0.2918488E+02  0.2604542E+01
   04  0.2003253E+03  0.3116596E+04 -0.4642411E+03  0.2740323E+02  0.2571968E+01
   04  0.2018165E+03  0.3116562E+04 -0.4605531E+03  0.2532017E+02  0.2537865E+01
   04  0.2033076E+03  0.3116527E+04 -0.4568756E+03  0.2304821E+02  0.2502792E+01
   04  0.2047988E+03  0.3116491E+04 -0.4532096E+03  0.2072304E+02  0.2467461E+01
   04  0.2062900E+03  0.3116456E+04 -0.4495495E+03  0.1846561E+02  0.2432543E+01
   04  0.2077811E+03  0.3116422E+04 -0.4458767E+03  0.1635036E+02  0.2398471E+01
   04  0.2092723E+03  0.3116389E+04 -0.4421587E+03  0.1438943E+02  0.2365340E+01
   04  0.2107635E+03  0.3116357E+04 -0.4383583E+03  0.1253562E+02  0.2332926E+01
   04  0.2122546E+03  0.3116325E+04 -0.4344527E+03  0.1069873E+02  0.2300802E+01
   04  0.2137458E+03  0.3116292E+04 -0.4304501E+03  0.8768647E+01  0.2268479E+01
   04  0.2152370E+03  0.3116259E+04 -0.4263907E+03  0.6640162E+01  0.2235508E+01
   04  0.2167281E+03  0.3116225E+04 -0.4223256E+03  0.4237897E+01  0.2201538E+01
   04  0.2182193E+03  0.3116190E+04 -0.4182820E+03  0.1538415E+01  0.2166325E+01
   04  0.2197105E+03  0.3116154E+04 -0.4142324E+03 -0.1416020E+01  0.2129731E+01
   04  0.2212017E+03  0.3116116E+04 -0.4100859E+03 -0.4519248E+01  0.2091710E+01
   04  0.2226928E+03  0.3116076E+04 -0.4057030E+03 -0.7621959E+01  0.2052262E+01
   04  0.2241840E+03  0.3116035E+04 -0.4009335E+03 -0.1056669E+02  0.2011399E+01
   04  0.2256752E+03  0.3115993E+04 -0.3956689E+03 -0.1322519E+02  0.1969186E+01
   04  0.2271663E+03  0.3115950E+04 -0.3898957E+03 -0.1552481E+02  0.1925871E+01
   04  0.2286575E+03  0.3115906E+04 -0.3837240E+03 -0.1745617E+02  0.1882033E+01
   04  0.2301487E+03  0.3115862E+04 -0.3773654E+03 -0.1906328E+02  0.1838557E+01
   04  0.2316398E+03  0.3115820E+04 -0.3710592E+03 -0.2042382E+02  0.1796369E+01
   04  0.2331310E+03  0.3115780E+04 -0.3649796E+03 -0.2162788E+02  0.1756038E+01
   04  0.2346222E+03  0.3115741E+04 -0.3591703E+03 -0.2275997E+02  0.1717477E+01
   04  0.2361133E+03  0.3115704E+04 -0.3535330E+03 -0.2388553E+02  0.1679897E+01
   04  0.2376045E+03  0.3115666E+04 -0.3478608E+03 -0.2504210E+02  0.1641995E+01
   04  0.2390957E+03  0.3115626E+04 -0.3418943E+03 -0.2623602E+02  0.1602273E+01
   04  0.2405868E+03  0.3115583E+04 -0.3353840E+03 -0.2744569E+02  0.1559383E+01
   04  0.2420780E+03  0.3115536E+04 -0.3281568E+03 -0.2863151E+02  0.1512490E+01
   04  0.2435692E+03  0.3115485E+04 -0.3201761E+03 -0.2974977E+02  0.1461586E+01
   04  0.2450603E+03  0.3115431E+04 -0.3115705E+03 -0.3076581E+02  0.1407606E+01
   04  0.2465515E+03  0.3115376E+04 -0.3026030E+03 -0.3166189E+02  0.1352223E+01
   04  0.2480427E+03  0.3115321E+04 -0.2935833E+03 -0.3243820E+02  0.1297308E+01
   04  0.2495338E+03  0.3115268E+04 -0.2847612E+03 -0.3310833E+02  0.1244298E+01
   04  0.2510250E+03  0.3115218E+04 -0.2762506E+03 -0.3369253E+02  0.1193756E+01
   04  0.2525162E+03  0.3115169E+04 -0.2680143E+03 -0.3421190E+02  0.1145291E+01
   04  0.2540073E+03  0.3115122E+04 -0.2598994E+03 -0.3468455E+02  0.1097782E+01
   04  0.2554985E+03  0.3115074E+04 -0.2516972E+03 -0.3512355E+02  0.1049779E+01
   04  0.2569897E+03  0.3115024E+04 -0.2432083E+03 -0.3553584E+02  0.9999191E+00
   04  0.2584808E+03  0.3114971E+04 -0.2343004E+03 -0.3592203E+02  0.9472961E+00
   04  0.2599720E+03  0.3114916E+04 -0.2249527E+03 -0.3627735E+02  0.8917336E+00
   04  0.2614632E+03  0.3114858E+04 -0.2152737E+03 -0.3659369E+02  0.8338752E+00
   04  0.2629543E+03  0.3114799E+04 -0.2054786E+03 -0.3686288E+02  0.7750378E+00
   04  0.2644455E+03  0.3114741E+04 -0.1958290E+03 -0.3708069E+02  0.7168433E+00
   04  0.2659367E+03  0.3114685E+04 -0.1865574E+03 -0.3725118E+02  0.6607630E+00
   04  0.2674278E+03  0.3114632E+04 -0.1778065E+03 -0.3739032E+02  0.6077506E+00
   04  0.2689190E+03  0.3114582E+04 -0.1696068E+03 -0.3752711E+02  0.5580888E+00
   04  0.2704102E+03  0.3114535E+04 -0.1618899E+03 -0.3770048E+02  0.5114498E+00
   04  0.2719014E+03  0.3114491E+04 -0.1545239E+03 -0.3795150E+02  0.4670835E+00
   04  0.2733925E+03  0.3114448E+04 -0.1473533E+03 -0.3831331E+02  0.4240454E+00
   04  0.2748837E+03  0.3114405E+04 -0.1402351E+03 -0.3880299E+02  0.3814196E+00
   04  0.2763749E+03  0.3114362E+04 -0.1330699E+03 -0.3941882E+02  0.3385258E+00
   04  0.2778660E+03  0.3114319E+04 -0.1258266E+03 -0.4014342E+02  0.2950877E+00
   04  0.2793572E+03  0.3114275E+04 -0.1185516E+03 -0.4095017E+02  0.2513092E+00
   04  0.2808484E+03  0.3114232E+04 -0.1113577E+03 -0.4180966E+02  0.2078130E+00
   04  0.2823395E+03  0.3114189E+04 -0.1043897E+03 -0.4269447E+02  0.1654373E+00
   04  0.2838307E+03  0.3114149E+04 -0.9777938E+02 -0.4358164E+02  0.1249627E+00
   04  0.2853219E+03  0.3114111E+04 -0.9160575E+02 -0.4445453E+02  0.8687229E-01
   04  0.2868130E+03  0.3114075E+04 -0.8587688E+02 -0.4530510E+02  0.5123229E-01
   04  0.2883042E+03  0.3114042E+04 -0.8053421E+02 -0.4613526E+02  0.1771336E-01
   04  0.2897954E+03  0.3114010E+04 -0.7547279E+02 -0.4695563E+02 -0.1430117E-01
   04  0.2912865E+03  0.3113978E+04 -0.7056668E+02 -0.4778329E+02 -0.4557295E-01
   04  0.2927777E+03  0.3113947E+04 -0.6569227E+02 -0.4863941E+02 -0.7687667E-01
   04  0.2942689E+03  0.3113915E+04 -0.6074661E+02 -0.4954646E+02 -0.1088886E+00
   04  0.2957600E+03  0.3113882E+04 -0.5566146E+02 -0.5052613E+02 -0.1420920E+00
   04  0.2972512E+03  0.3113847E+04 -0.5041389E+02 -0.5159752E+02 -0.1766945E+00
   04  0.2987424E+03  0.3113811E+04 -0.4503217E+02 -0.5277629E+02 -0.2125756E+00
   04  0.3002335E+03  0.3113775E+04 -0.3959336E+02 -0.5407395E+02 -0.2492844E+00
   04  0.3017247E+03  0.3113738E+04 -0.3420961E+02 -0.5549742E+02 -0.2861118E+00
   04  0.3032159E+03  0.3113702E+04 -0.2900419E+02 -0.5704802E+02 -0.3222329E+00
   04  0.3047070E+03  0.3113667E+04 -0.2408337E+02 -0.5871962E+02 -0.3568821E+00
   04  0.3061982E+03  0.3113634E+04 -0.1951314E+02 -0.6049645E+02 -0.3895084E+00
   04  0.3076894E+03  0.3113604E+04 -0.1530742E+02 -0.6235332E+02 -0.4198602E+00
   04  0.3091805E+03  0.3113576E+04 -0.1142775E+02 -0.6425864E+02 -0.4479868E+00
   04  0.3106717E+03  0.3113550E+04 -0.7797642E+01 -0.6617101E+02 -0.4742407E+00
   04  0.3121629E+03  0.3113525E+04 -0.4317394E+01 -0.6805146E+02 -0.4991763E+00
   04  0.3136540E+03  0.3113500E+04 -0.8755873E+00 -0.6987306E+02 -0.5234562E+00
   04  0.3151452E+03  0.3113476E+04  0.2642567E+01 -0.7162285E+02 -0.5477959E+00
   04  0.3165017E+03  0.3113453E+04  0.6002123E+01 -0.7315302E+02 -0.5705829E+00
   04  0.3178581E+03  0.3113429E+04  0.9586598E+01 -0.7462982E+02 -0.5944817E+00
   04  0.3192146E+03  0.3113404E+04  0.1344306E+02 -0.7605741E+02 -0.6198262E+00
   04  0.3205710E+03  0.3113377E+04  0.1758190E+02 -0.7743476E+02 -0.6467194E+00
   04  0.3219275E+03  0.3113349E+04  0.2196496E+02 -0.7875179E+02 -0.6749466E+00
   04  0.3232839E+03  0.3113320E+04  0.2650052E+02 -0.7998889E+02 -0.7039430E+00
   04  0.3246404E+03  0.3113291E+04  0.3105047E+02 -0.8111972E+02 -0.7328294E+00
   04  0.3259968E+03  0.3113263E+04  0.3544961E+02 -0.8211777E+02 -0.7605233E+00
   04  0.3273533E+03  0.3113238E+04  0.3953119E+02 -0.8295963E+02 -0.7859019E+00
   04  0.3287097E+03  0.3113216E+04  0.4315280E+02 -0.8362419E+02 -0.8079759E+00
   04  0.3300662E+03  0.3113198E+04  0.4621993E+02 -0.8409430E+02 -0.8260687E+00
   04  0.3314226E+03  0.3113184E+04  0.4870462E+02 -0.8436179E+02 -0.8399481E+00
   04  0.3327791E+03  0.3113174E+04  0.5065362E+02 -0.8444399E+02 -0.8499045E+00
   04  0.3341355E+03  0.3113167E+04  0.5216534E+02 -0.8438624E+02 -0.8566321E+00
   04  0.3354920E+03  0.3113163E+04  0.5335055E+02 -0.8422953E+02 -0.8609074E+00
   04  0.3368484E+03  0.3113161E+04  0.5430632E+02 -0.8398136E+02 -0.8633451E+00
   04  0.3382049E+03  0.3113160E+04  0.5510071E+02 -0.8361395E+02 -0.8642843E+00
   04  0.3395613E+03  0.3113160E+04  0.5577570E+02 -0.8306509E+02 -0.8637917E+00
   04  0.3409178E+03  0.3113162E+04  0.5636741E+02 -0.8226543E+02 -0.8618597E+00
   04  0.3422742E+03  0.3113165E+04  0.5691896E+02 -0.8116338E+02 -0.8585562E+00
   04  0.3436307E+03  0.3113170E+04  0.5748453E+02 -0.7973578E+02 -0.8541341E+00
   04  0.3449871E+03  0.3113175E+04  0.5813468E+02 -0.7798458E+02 -0.8490314E+00
   04  0.3463436E+03  0.3113180E+04  0.5895160E+02 -0.7593301E+02 -0.8438136E+00
   04  0.3477000E+03  0.3113185E+04  0.6000304E+02 -0.7362185E+02 -0.8390642E+00
   04  0.3490565E+03  0.3113189E+04  0.6132733E+02 -0.7109998E+02 -0.8351586E+00
   04  0.3504130E+03  0.3113192E+04  0.6290244E+02 -0.6841260E+02 -0.8321836E+00
   04  0.3517694E+03  0.3113194E+04  0.6465455E+02 -0.6559482E+02 -0.8298001E+00
   04  0.3531259E+03  0.3113196E+04  0.6645519E+02 -0.6266860E+02 -0.8273856E+00
   04  0.3544823E+03  0.3113200E+04  0.6815825E+02 -0.5964405E+02 -0.8241469E+00
   04  0.3558388E+03  0.3113205E+04  0.6962562E+02 -0.5652516E+02 -0.8193287E+00
   04  0.3574665E+03  0.3113213E+04  0.7093554E+02 -0.5266005E+02 -0.8106735E+00
   04  0.3590942E+03  0.3113225E+04  0.7167994E+02 -0.4866082E+02 -0.7984875E+00
   04  0.3607220E+03  0.3113241E+04  0.7187775E+02 -0.4453232E+02 -0.7829346E+00
   04  0.3623497E+03  0.3113259E+04  0.7167776E+02 -0.4030050E+02 -0.7649107E+00
   04  0.3639775E+03  0.3113278E+04  0.7125682E+02 -0.3600256E+02 -0.7454910E+00
   04  0.3656052E+03  0.3113298E+04  0.7074181E+02 -0.3166436E+02 -0.7254780E+00
   04  0.3672329E+03  0.3113319E+04  0.7019695E+02 -0.2730036E+02 -0.7053250E+00
   04  0.3688607E+03  0.3113338E+04  0.6969846E+02 -0.2293051E+02 -0.6855408E+00
   04  0.3704884E+03  0.3113357E+04  0.6931591E+02 -0.1857025E+02 -0.6666452E+00
   04  0.3721162E+03  0.3113375E+04  0.6912691E+02 -0.1422914E+02 -0.6491971E+00
   04  0.3737439E+03  0.3113390E+04  0.6924902E+02 -0.9910671E+01 -0.6339924E+00
   04  0.3753717E+03  0.3113402E+04  0.6981274E+02 -0.5621228E+01 -0.6218838E+00
   04  0.3769994E+03  0.3113411E+04  0.7086930E+02 -0.1374101E+01 -0.6132293E+00
   04  0.3786271E+03  0.3113416E+04  0.7237831E+02  0.2817029E+01 -0.6078135E+00
   04  0.3802549E+03  0.3113419E+04  0.7419187E+02  0.6947326E+01 -0.6047375E+00
   04  0.3818826E+03  0.3113422E+04  0.7601792E+02  0.1102753E+02 -0.6022113E+00
   04  0.3835104E+03  0.3113426E+04  0.7745106E+02  0.1508451E+02 -0.5977450E+00
   04  0.3851381E+03  0.3113435E+04  0.7817483E+02  0.1915013E+02 -0.5893276E+00
   04  0.3867658E+03  0.3113447E+04  0.7819358E+02  0.2324240E+02 -0.5767833E+00
   04  0.3883936E+03  0.3113463E+04  0.7775640E+02  0.2736879E+02 -0.5613452E+00
   04  0.3900213E+03  0.3113480E+04  0.7707125E+02  0.3154022E+02 -0.5440554E+00
   04  0.3916491E+03  0.3113499E+04  0.7616049E+02  0.3578171E+02 -0.5249443E+00
   04  0.3932768E+03  0.3113520E+04  0.7495914E+02  0.4011954E+02 -0.5036158E+00
   04  0.3949046E+03  0.3113544E+04  0.7346890E+02  0.4456813E+02 -0.4801131E+00
   04  0.3965323E+03  0.3113569E+04  0.7173289E+02  0.4912789E+02 -0.4547914E+00
   04  0.3981600E+03  0.3113596E+04  0.6981253E+02  0.5378480E+02 -0.4281839E+00
   04  0.3997878E+03  0.3113623E+04  0.6776630E+02  0.5851080E+02 -0.4008700E+00
   04  0.4014155E+03  0.3113650E+04  0.6563874E+02  0.6326558E+02 -0.3734055E+00
   04  0.4030433E+03  0.3113678E+04  0.6346125E+02  0.6800028E+02 -0.3462913E+00
   04  0.4046710E+03  0.3113704E+04  0.6125730E+02  0.7266252E+02 -0.3199751E+00
   04  0.4062987E+03  0.3113729E+04  0.5904942E+02  0.7720182E+02 -0.2948599E+00
   04  0.4079265E+03  0.3113753E+04  0.5686498E+02  0.8157458E+02 -0.2713066E+00
   04  0.4095542E+03  0.3113774E+04  0.5473835E+02  0.8574804E+02 -0.2496272E+00
   04  0.4111820E+03  0.3113794E+04  0.5270919E+02  0.8970328E+02 -0.2300608E+00
   04  0.4128097E+03  0.3113811E+04  0.5081615E+02  0.9343766E+02 -0.2127335E+00
   04  0.4144375E+03  0.3113826E+04  0.4908723E+02  0.9696671E+02 -0.1976144E+00
   04  0.4160652E+03  0.3113839E+04  0.4753089E+02  0.1003249E+03 -0.1844845E+00
   04  0.4176929E+03  0.3113851E+04  0.4613198E+02  0.1035640E+03 -0.1729358E+00
   04  0.4193207E+03  0.3113861E+04  0.4485424E+02  0.1067489E+03 -0.1624125E+00
   04  0.4209484E+03  0.3113872E+04  0.4364814E+02  0.1099513E+03 -0.1522794E+00
   04  0.4225762E+03  0.3113882E+04  0.4246006E+02  0.1132427E+03 -0.1418965E+00
   04  0.4242039E+03  0.3113893E+04  0.4123996E+02  0.1166877E+03 -0.1306834E+00
   04  0.4258316E+03  0.3113906E+04  0.3994646E+02  0.1203388E+03 -0.1181687E+00
   04  0.4274594E+03  0.3113920E+04  0.3855008E+02  0.1242303E+03 -0.1040274E+00
   04  0.4290871E+03  0.3113936E+04  0.3703513E+02  0.1283742E+03 -0.8810871E-01
   04  0.4307149E+03  0.3113953E+04  0.3540043E+02  0.1327578E+03 -0.7044805E-01
   04  0.4323426E+03  0.3113973E+04  0.3365831E+02  0.1373443E+03 -0.5125890E-01
   04  0.4339704E+03  0.3113993E+04  0.3183222E+02  0.1420778E+03 -0.3090169E-01
   04  0.4355981E+03  0.3114014E+04  0.2995317E+02  0.1468899E+03 -0.9835083E-02
   04  0.4372258E+03  0.3114035E+04  0.2805579E+02  0.1517087E+03  0.1144202E-01
   04  0.4388536E+03  0.3114056E+04  0.2617450E+02  0.1564666E+03  0.3244646E-01
   04  0.4404813E+03  0.3114077E+04  0.2434033E+02  0.1611071E+03  0.5275638E-01
   04  0.4421091E+03  0.3114096E+04  0.2257864E+02  0.1655878E+03  0.7204160E-01
   04  0.4437368E+03  0.3114114E+04  0.2090779E+02  0.1698819E+03  0.9007866E-01
   04  0.4453645E+03  0.3114131E+04  0.1933855E+02  0.1739761E+03  0.1067529E+00
   04  0.4469923E+03  0.3114146E+04  0.1787400E+02  0.1778692E+03  0.1220513E+00
   04  0.4486200E+03  0.3114160E+04  0.1651005E+02  0.1815683E+03  0.1360498E+00
   04  0.4502478E+03  0.3114173E+04  0.1523626E+02  0.1850862E+03  0.1488968E+00
   04  0.4518755E+03  0.3114185E+04  0.1403710E+02  0.1884392E+03  0.1607939E+00
   04  0.4535033E+03  0.3114196E+04  0.1289363E+02  0.1916443E+03  0.1719753E+00
   04  0.4551310E+03  0.3114207E+04  0.1178523E+02  0.1947186E+03  0.1826870E+00
   04  0.4567587E+03  0.3114217E+04  0.1069152E+02  0.1976779E+03  0.1931659E+00
   04  0.4583865E+03  0.3114227E+04  0.9594171E+01  0.2005360E+03  0.2036214E+00
   04  0.4600142E+03  0.3114238E+04  0.8478694E+01  0.2033044E+03  0.2142196E+00
   04  0.4616420E+03  0.3114249E+04  0.7336183E+01  0.2059922E+03  0.2250687E+00
   04  0.4632697E+03  0.3114260E+04  0.6164562E+01  0.2086056E+03  0.2362093E+00
   04  0.4648974E+03  0.3114271E+04  0.4968842E+01  0.2111480E+03  0.2476141E+00
   04  0.4665252E+03  0.3114283E+04  0.3760310E+01  0.2136189E+03  0.2591973E+00
   04  0.4681529E+03  0.3114295E+04  0.2554757E+01  0.2160138E+03  0.2708299E+00
   04  0.4697807E+03  0.3114306E+04  0.1370275E+01  0.2183224E+03  0.2823689E+00
   04  0.4714084E+03  0.3114318E+04  0.2262027E+00  0.2205305E+03  0.2936731E+00
   04  0.4730362E+03  0.3114328E+04 -0.8572068E+00  0.2226276E+03  0.3045920E+00
   04  0.4746639E+03  0.3114339E+04 -0.1860732E+01  0.2246105E+03  0.3149740E+00
   04  0.4762916E+03  0.3114349E+04 -0.2770303E+01  0.2264828E+03  0.3246930E+00
   04  0.4779194E+03  0.3114358E+04 -0.3579627E+01  0.2282491E+03  0.3336903E+00
   04  0.4795471E+03  0.3114366E+04 -0.4290978E+01  0.2299191E+03  0.3419507E+00
   04  0.4811749E+03  0.3114373E+04 -0.4913182E+01  0.2315032E+03  0.3495112E+00
   04  0.4828026E+03  0.3114380E+04 -0.5458829E+01  0.2330087E+03  0.3564626E+00
   04  0.4844303E+03  0.3114387E+04 -0.5937970E+01  0.2344379E+03  0.3629081E+00
   04  0.4860581E+03  0.3114393E+04 -0.6361156E+01  0.2357887E+03  0.3689821E+00
   04  0.4876858E+03  0.3114399E+04 -0.6747941E+01  0.2370589E+03  0.3748639E+00
   04  0.4893136E+03  0.3114405E+04 -0.7115078E+01  0.2382440E+03  0.3807088E+00
   04  0.4909413E+03  0.3114410E+04 -0.7467581E+01  0.2393385E+03  0.3865849E+00
   04  0.4925691E+03  0.3114416E+04 -0.7812934E+01  0.2403367E+03  0.3925526E+00
   04  0.4941968E+03  0.3114423E+04 -0.8154428E+01  0.2412320E+03  0.3986497E+00
   04  0.4958245E+03  0.3114429E+04 -0.8491366E+01  0.2420166E+03  0.4048939E+00
   04  0.4974523E+03  0.3114435E+04 -0.8821031E+01  0.2426827E+03  0.4112891E+00
   04  0.4990800E+03  0.3114442E+04 -0.9140436E+01  0.2432249E+03  0.4178256E+00
   04  0.5007078E+03  0.3114448E+04 -0.9447945E+01  0.2436431E+03  0.4244731E+00
   04  0.5023355E+03  0.3114455E+04 -0.9743930E+01  0.2439438E+03  0.4311788E+00
   04  0.5039632E+03  0.3114462E+04 -0.1003067E+02  0.2441403E+03  0.4378700E+00
   04  0.5055910E+03  0.3114468E+04 -0.1031154E+02  0.2442520E+03  0.4444594E+00
   04  0.5072187E+03  0.3114475E+04 -0.1059044E+02  0.2443022E+03  0.4508555E+00
   04  0.5088465E+03  0.3114481E+04 -0.1087158E+02  0.2443157E+03  0.4569774E+00
   04  0.5104742E+03  0.3114487E+04 -0.1115886E+02  0.2443160E+03  0.4627633E+00
   04  0.5121020E+03  0.3114492E+04 -0.1145506E+02  0.2443239E+03  0.4681759E+00
   04  0.5137297E+03  0.3114497E+04 -0.1176187E+02  0.2443558E+03  0.4732053E+00
   04  0.5153574E+03  0.3114502E+04 -0.1208035E+02  0.2444237E+03  0.4778703E+00
   04  0.5169852E+03  0.3114506E+04 -0.1241142E+02  0.2445343E+03  0.4822157E+00
   04  0.5186129E+03  0.3114510E+04 -0.1275619E+02  0.2446905E+03  0.4863043E+00
   04  0.5202407E+03  0.3114514E+04 -0.1311597E+02  0.2448918E+03  0.4902068E+00
   04  0.5218684E+03  0.3114518E+04 -0.1349242E+02  0.2451362E+03  0.4939931E+00
   04  0.5234961E+03  0.3114522E+04 -0.1388635E+02  0.2454202E+03  0.4977192E+00
   04  0.5251239E+03  0.3114525E+04 -0.1430170E+02  0.2457401E+03  0.5014455E+00
   04  0.5267516E+03  0.3114529E+04 -0.1473958E+02  0.2460906E+03  0.5052050E+00
   04  0.5283794E+03  0.3114533E+04 -0.1519655E+02  0.2464655E+03  0.5089920E+00
   04  0.5300071E+03  0.3114537E+04 -0.1567070E+02  0.2468593E+03  0.5127985E+00
   04  0.5316349E+03  0.3114540E+04 -0.1616127E+02  0.2472661E+03  0.5166156E+00
   04  0.5332626E+03  0.3114544E+04 -0.1666504E+02  0.2476795E+03  0.5204120E+00
   04  0.5348903E+03  0.3114548E+04 -0.1717791E+02  0.2480935E+03  0.5241456E+00
   04  0.5365181E+03  0.3114552E+04 -0.1769561E+02  0.2485027E+03  0.5277694E+00
   04  0.5381458E+03  0.3114555E+04 -0.1821428E+02  0.2489028E+03  0.5312388E+00
   04  0.5397736E+03  0.3114558E+04 -0.1872941E+02  0.2492898E+03  0.5345083E+00
   04  0.5414013E+03  0.3114561E+04 -0.1923437E+02  0.2496605E+03  0.5375280E+00
   04  0.5430290E+03  0.3114564E+04 -0.1972337E+02  0.2500128E+03  0.5402662E+00
   04  0.5446568E+03  0.3114567E+04 -0.2019753E+02  0.2503459E+03  0.5427376E+00
   04  0.5462845E+03  0.3114569E+04 -0.2066158E+02  0.2506601E+03  0.5449873E+00
   04  0.5479123E+03  0.3114571E+04 -0.2111779E+02  0.2509551E+03  0.5470550E+00
   04  0.5495400E+03  0.3114573E+04 -0.2156554E+02  0.2512302E+03  0.5489695E+00
   04  0.5511678E+03  0.3114575E+04 -0.2200378E+02  0.2514842E+03  0.5507636E+00
   04  0.5527955E+03  0.3114576E+04 -0.2243312E+02  0.2517160E+03  0.5524821E+00
   04  0.5544232E+03  0.3114578E+04 -0.2285624E+02  0.2519245E+03  0.5541843E+00
   04  0.5560510E+03  0.3114580E+04 -0.2327703E+02  0.2521082E+03  0.5559342E+00
   04  0.5576787E+03  0.3114582E+04 -0.2369854E+02  0.2522642E+03  0.5577846E+00
   04  0.5593065E+03  0.3114584E+04 -0.2412169E+02  0.2523885E+03  0.5597675E+00
   04  0.5609342E+03  0.3114586E+04 -0.2454493E+02  0.2524758E+03  0.5618926E+00
   04  0.5625619E+03  0.3114588E+04 -0.2496485E+02  0.2525208E+03  0.5641477E+00
   04  0.5641897E+03  0.3114590E+04 -0.2537688E+02  0.2525179E+03  0.5665026E+00
   04  0.5658174E+03  0.3114593E+04 -0.2577570E+02  0.2524623E+03  0.5689126E+00
   04  0.5674452E+03  0.3114595E+04 -0.2615589E+02  0.2523494E+03  0.5713241E+00
   04  0.5690729E+03  0.3114598E+04 -0.2651169E+02  0.2521752E+03  0.5736724E+00
   04  0.5707007E+03  0.3114600E+04 -0.2683519E+02  0.2519296E+03  0.5758477E+00
   04  0.5723284E+03  0.3114602E+04 -0.2711619E+02  0.2515958E+03  0.5776976E+00
   04  0.5739561E+03  0.3114603E+04 -0.2734631E+02  0.2511615E+03  0.5791005E+00
   04  0.5755839E+03  0.3114604E+04 -0.2752444E+02  0.2506300E+03  0.5800383E+00
   04  0.5772116E+03  0.3114604E+04 -0.2765733E+02  0.2500214E+03  0.5805976E+00
   04  0.5788394E+03  0.3114605E+04 -0.2775497E+02  0.2493602E+03  0.5808924E+00
   04  0.5804671E+03  0.3114605E+04 -0.2782382E+02  0.2486646E+03  0.5809972E+00
   04  0.5820948E+03  0.3114605E+04 -0.2786489E+02  0.2479406E+03  0.5809244E+00
   04  0.5837226E+03  0.3114605E+04 -0.2787628E+02  0.2471857E+03  0.5806432E+00
   04  0.5853503E+03  0.3114604E+04 -0.2785551E+02  0.2463977E+03  0.5801291E+00
   04  0.5869781E+03  0.3114603E+04 -0.2780062E+02  0.2455720E+03  0.5793493E+00
   04  0.5886058E+03  0.3114602E+04 -0.2771208E+02  0.2447041E+03  0.5782947E+00
   04  0.5902336E+03  0.3114601E+04 -0.2759471E+02  0.2437933E+03  0.5769899E+00
   04  0.5918613E+03  0.3114599E+04 -0.2745556E+02  0.2428434E+03  0.5754846E+00
   04  0.5934890E+03  0.3114598E+04 -0.2730168E+02  0.2418584E+03  0.5738346E+00
   04  0.5951168E+03  0.3114596E+04 -0.2713810E+02  0.2408401E+03  0.5720856E+00
   04  0.5967445E+03  0.3114594E+04 -0.2696741E+02  0.2397881E+03  0.5702628E+00
   04  0.5983723E+03  0.3114592E+04 -0.2679062E+02  0.2386994E+03  0.5683709E+00
