# gauge_id= 612 location=( -0.1242043567E+03  0.4175754751E+02 ) num_var=  4
# Stationary gauge
# level, time, q[  1  2  3], eta, aux[]
# file format ascii, time series follow in this file
   04  0.0000000E+00  0.1267966E+02  0.0000000E+00  0.0000000E+00  0.0000000E+00
   04  0.1000000E+01  0.1267966E+02  0.7668877E-17 -0.1052183E-15  0.7434114E+00
   04  0.1015873E+01  0.1267966E+02  0.3469464E-03 -0.7226384E-05  0.7434111E+00
   04  0.1031746E+01  0.1267966E+02  0.6938974E-03 -0.1444901E-04  0.7434107E+00
   04  0.1047619E+01  0.1267966E+02  0.1040853E-02 -0.2166788E-04  0.7434104E+00
   04  0.1063492E+01  0.1267966E+02  0.1387813E-02 -0.2888299E-04  0.7434100E+00
   04  0.1079365E+01  0.1267966E+02  0.1734778E-02 -0.3609433E-04  0.7434097E+00
   04  0.1095238E+01  0.1267966E+02  0.2081747E-02 -0.4330191E-04  0.7434093E+00
   04  0.1111111E+01  0.1267966E+02  0.2428721E-02 -0.5050572E-04  0.7434090E+00
   04  0.1126984E+01  0.1267966E+02  0.2775699E-02 -0.5770577E-04  0.7434087E+00
   04  0.1142857E+01  0.1267966E+02  0.3122682E-02 -0.6490205E-04  0.7434083E+00
   04  0.1158730E+01  0.1267966E+02  0.3469670E-02 -0.7209456E-04  0.7434080E+00
   04  0.1174603E+01  0.1267965E+02  0.3816662E-02 -0.7928329E-04  0.7434077E+00
   04  0.1190476E+01  0.1267965E+02  0.4163659E-02 -0.8646826E-04  0.7434074E+00
   04  0.1206349E+01  0.1267965E+02  0.4510660E-02 -0.9364944E-04  0.7434071E+00
   04  0.1222222E+01  0.1267965E+02  0.4857666E-02 -0.1008269E-03  0.7434068E+00
   04  0.1238095E+01  0.1267965E+02  0.5204677E-02 -0.1080005E-03  0.7434065E+00
   04  0.1253968E+01  0.1267965E+02  0.5551692E-02 -0.1151703E-03  0.7434063E+00
   04  0.1269841E+01  0.1267965E+02  0.5898712E-02 -0.1223364E-03  0.7434060E+00
   04  0.1285714E+01  0.1267965E+02  0.6245736E-02 -0.1294987E-03  0.7434057E+00
   04  0.1301587E+01  0.1267965E+02  0.6592765E-02 -0.1366572E-03  0.7434055E+00
   04  0.1317460E+01  0.1267965E+02  0.6939799E-02 -0.1438120E-03  0.7434052E+00
   04  0.1333333E+01  0.1267965E+02  0.7286837E-02 -0.1509629E-03  0.7434050E+00
   04  0.1349206E+01  0.1267965E+02  0.7633880E-02 -0.1581100E-03  0.7434047E+00
   04  0.1365079E+01  0.1267965E+02  0.7980927E-02 -0.1652534E-03  0.7434045E+00
   04  0.1380952E+01  0.1267965E+02  0.8327979E-02 -0.1723930E-03  0.7434042E+00
   04  0.1396825E+01  0.1267965E+02  0.8675035E-02 -0.1795288E-03  0.7434040E+00
   04  0.1412698E+01  0.1267965E+02  0.9022097E-02 -0.1866608E-03  0.7434038E+00
   04  0.1428571E+01  0.1267965E+02  0.9369162E-02 -0.1937890E-03  0.7434036E+00
   04  0.1476190E+01  0.1267965E+02  0.1041034E-01 -0.2151499E-03  0.7434030E+00
   04  0.1523810E+01  0.1267965E+02  0.1145156E-01 -0.2364766E-03  0.7434024E+00
   04  0.1571429E+01  0.1267965E+02  0.1249282E-01 -0.2577693E-03  0.7434019E+00
   04  0.1619048E+01  0.1267965E+02  0.1353413E-01 -0.2790278E-03  0.7434014E+00
   04  0.1666667E+01  0.1267965E+02  0.1457547E-01 -0.3002521E-03  0.7434010E+00
   04  0.1714286E+01  0.1267965E+02  0.1561686E-01 -0.3214422E-03  0.7434007E+00
   04  0.1761905E+01  0.1267965E+02  0.1665829E-01 -0.3425982E-03  0.7434004E+00
   04  0.1809524E+01  0.1267965E+02  0.1769975E-01 -0.3637199E-03  0.7434001E+00
   04  0.1857143E+01  0.1267965E+02  0.1874127E-01 -0.3848074E-03  0.7433999E+00
   04  0.1904762E+01  0.1267965E+02  0.1978282E-01 -0.4058606E-03  0.7433998E+00
   04  0.1952381E+01  0.1267965E+02  0.2082441E-01 -0.4268797E-03  0.7433997E+00
   04  0.2000000E+01  0.1267965E+02  0.2186605E-01 -0.4478644E-03  0.7433996E+00
   04  0.5727919E+01  0.1267975E+02  0.1031198E+00 -0.1996246E-02  0.7434996E+00
   04  0.9455838E+01  0.1268015E+02  0.1845368E+00 -0.3377899E-02  0.7439065E+00
   04  0.1318376E+02  0.1268086E+02  0.2660328E+00 -0.4656411E-02  0.7446115E+00
   04  0.1691168E+02  0.1268184E+02  0.3474396E+00 -0.5933094E-02  0.7455943E+00
   04  0.2063960E+02  0.1268307E+02  0.4285915E+00 -0.7161433E-02  0.7468192E+00
   04  0.2436752E+02  0.1268450E+02  0.5091585E+00 -0.8348071E-02  0.7482540E+00
   04  0.2809543E+02  0.1268611E+02  0.5888456E+00 -0.9534714E-02  0.7498636E+00
   04  0.3182335E+02  0.1268786E+02  0.6673426E+00 -0.1079237E-01  0.7516135E+00
   04  0.3555127E+02  0.1268971E+02  0.7443351E+00 -0.1220485E-01  0.7534672E+00
   04  0.3927919E+02  0.1269164E+02  0.8195118E+00 -0.1382779E-01  0.7553968E+00
   04  0.4300711E+02  0.1269363E+02  0.8925756E+00 -0.1572948E-01  0.7573879E+00
   04  0.4673503E+02  0.1269564E+02  0.9632495E+00 -0.1799097E-01  0.7593965E+00
   04  0.5046295E+02  0.1269763E+02  0.1031177E+01 -0.2062957E-01  0.7613797E+00
   04  0.5419087E+02  0.1269952E+02  0.1095781E+01 -0.2366356E-01  0.7632771E+00
   04  0.5791879E+02  0.1270130E+02  0.1156822E+01 -0.2709722E-01  0.7650577E+00
   04  0.6164671E+02  0.1270295E+02  0.1214169E+01 -0.3097732E-01  0.7667048E+00
   04  0.6537463E+02  0.1270446E+02  0.1267767E+01 -0.3534442E-01  0.7682088E+00
   04  0.6910255E+02  0.1270581E+02  0.1317625E+01 -0.4018944E-01  0.7695619E+00
   04  0.7283047E+02  0.1270701E+02  0.1363800E+01 -0.4549770E-01  0.7707605E+00
   04  0.7655838E+02  0.1270805E+02  0.1406381E+01 -0.5125101E-01  0.7718046E+00
   04  0.8028630E+02  0.1270894E+02  0.1445484E+01 -0.5742918E-01  0.7726965E+00
   04  0.8401422E+02  0.1270969E+02  0.1481241E+01 -0.6401091E-01  0.7734401E+00
   04  0.8774214E+02  0.1271028E+02  0.1513792E+01 -0.7104171E-01  0.7740344E+00
   04  0.9147006E+02  0.1271072E+02  0.1543289E+01 -0.7863275E-01  0.7744733E+00
   04  0.9445240E+02  0.1271096E+02  0.1564685E+01 -0.8510489E-01  0.7747151E+00
   04  0.9743473E+02  0.1271111E+02  0.1584296E+01 -0.9191872E-01  0.7748639E+00
   04  0.1004171E+03  0.1271117E+02  0.1602209E+01 -0.9905798E-01  0.7749241E+00
   04  0.1033994E+03  0.1271115E+02  0.1618509E+01 -0.1065030E+00  0.7749005E+00
   04  0.1063817E+03  0.1271104E+02  0.1633206E+01 -0.1142315E+00  0.7747914E+00
   04  0.1093641E+03  0.1271085E+02  0.1646434E+01 -0.1222194E+00  0.7746051E+00
   04  0.1123464E+03  0.1271060E+02  0.1658390E+01 -0.1304349E+00  0.7743577E+00
   04  0.1153287E+03  0.1271031E+02  0.1669245E+01 -0.1388355E+00  0.7740633E+00
   04  0.1183111E+03  0.1270998E+02  0.1679105E+01 -0.1473777E+00  0.7737295E+00
   04  0.1212934E+03  0.1270961E+02  0.1688064E+01 -0.1560665E+00  0.7733616E+00
   04  0.1242758E+03  0.1270921E+02  0.1696223E+01 -0.1648231E+00  0.7729656E+00
   04  0.1272581E+03  0.1270880E+02  0.1703559E+01 -0.1736036E+00  0.7725486E+00
   04  0.1302404E+03  0.1270836E+02  0.1710115E+01 -0.1823669E+00  0.7721115E+00
   04  0.1332228E+03  0.1270791E+02  0.1715918E+01 -0.1910557E+00  0.7716590E+00
   04  0.1362051E+03  0.1270744E+02  0.1720986E+01 -0.1996392E+00  0.7711906E+00
   04  0.1391874E+03  0.1270695E+02  0.1725332E+01 -0.2081019E+00  0.7707038E+00
   04  0.1421698E+03  0.1270644E+02  0.1728967E+01 -0.2164288E+00  0.7701964E+00
   04  0.1451521E+03  0.1270591E+02  0.1731902E+01 -0.2246063E+00  0.7696662E+00
   04  0.1481344E+03  0.1270536E+02  0.1734151E+01 -0.2326219E+00  0.7691114E+00
   04  0.1511168E+03  0.1270478E+02  0.1735727E+01 -0.2404639E+00  0.7685304E+00
   04  0.1540991E+03  0.1270417E+02  0.1736650E+01 -0.2481217E+00  0.7679223E+00
   04  0.1570814E+03  0.1270353E+02  0.1736941E+01 -0.2555852E+00  0.7672865E+00
   04  0.1600638E+03  0.1270287E+02  0.1736625E+01 -0.2628451E+00  0.7666228E+00
   04  0.1630461E+03  0.1270218E+02  0.1735731E+01 -0.2698926E+00  0.7659318E+00
   04  0.1660284E+03  0.1270146E+02  0.1734291E+01 -0.2767121E+00  0.7652142E+00
   04  0.1690108E+03  0.1270072E+02  0.1732341E+01 -0.2832873E+00  0.7644712E+00
   04  0.1719931E+03  0.1269995E+02  0.1729919E+01 -0.2896128E+00  0.7637047E+00
   04  0.1749755E+03  0.1269916E+02  0.1727066E+01 -0.2956843E+00  0.7629165E+00
   04  0.1779578E+03  0.1269836E+02  0.1723826E+01 -0.3014979E+00  0.7621088E+00
   04  0.1809401E+03  0.1269753E+02  0.1720232E+01 -0.3070462E+00  0.7612837E+00
   04  0.1824313E+03  0.1269712E+02  0.1718359E+01 -0.3096942E+00  0.7608705E+00
   04  0.1839225E+03  0.1269670E+02  0.1716462E+01 -0.3122793E+00  0.7604574E+00
   04  0.1854136E+03  0.1269629E+02  0.1714545E+01 -0.3148025E+00  0.7600444E+00
   04  0.1869048E+03  0.1269588E+02  0.1712620E+01 -0.3172646E+00  0.7596307E+00
   04  0.1883960E+03  0.1269546E+02  0.1710693E+01 -0.3196667E+00  0.7592163E+00
   04  0.1898871E+03  0.1269505E+02  0.1708763E+01 -0.3220094E+00  0.7588014E+00
   04  0.1913783E+03  0.1269463E+02  0.1706831E+01 -0.3243193E+00  0.7583840E+00
   04  0.1928695E+03  0.1269421E+02  0.1704898E+01 -0.3266019E+00  0.7579642E+00
   04  0.1943606E+03  0.1269379E+02  0.1702965E+01 -0.3288568E+00  0.7575420E+00
   04  0.1958518E+03  0.1269336E+02  0.1701031E+01 -0.3310832E+00  0.7571176E+00
   04  0.1973430E+03  0.1269294E+02  0.1699099E+01 -0.3332820E+00  0.7566911E+00
   04  0.1988341E+03  0.1269251E+02  0.1697170E+01 -0.3354540E+00  0.7562630E+00
   04  0.2003253E+03  0.1269208E+02  0.1695244E+01 -0.3375996E+00  0.7558334E+00
   04  0.2018165E+03  0.1269165E+02  0.1693324E+01 -0.3397194E+00  0.7554026E+00
   04  0.2033076E+03  0.1269122E+02  0.1691410E+01 -0.3418135E+00  0.7549710E+00
   04  0.2047988E+03  0.1269079E+02  0.1689505E+01 -0.3438820E+00  0.7545388E+00
   04  0.2062900E+03  0.1269035E+02  0.1687609E+01 -0.3459251E+00  0.7541063E+00
   04  0.2077811E+03  0.1268992E+02  0.1685726E+01 -0.3479435E+00  0.7536740E+00
   04  0.2092723E+03  0.1268949E+02  0.1683857E+01 -0.3499377E+00  0.7532421E+00
   04  0.2107635E+03  0.1268906E+02  0.1682004E+01 -0.3519081E+00  0.7528111E+00
   04  0.2122546E+03  0.1268863E+02  0.1680168E+01 -0.3538551E+00  0.7523813E+00
   04  0.2137458E+03  0.1268820E+02  0.1678353E+01 -0.3557789E+00  0.7519531E+00
   04  0.2152370E+03  0.1268777E+02  0.1676559E+01 -0.3576796E+00  0.7515268E+00
   04  0.2167281E+03  0.1268735E+02  0.1674789E+01 -0.3595575E+00  0.7511029E+00
   04  0.2182193E+03  0.1268693E+02  0.1673046E+01 -0.3614124E+00  0.7506815E+00
   04  0.2197105E+03  0.1268651E+02  0.1671331E+01 -0.3632445E+00  0.7502632E+00
   04  0.2212017E+03  0.1268610E+02  0.1669646E+01 -0.3650537E+00  0.7498482E+00
   04  0.2226928E+03  0.1268568E+02  0.1667995E+01 -0.3668399E+00  0.7494369E+00
   04  0.2241840E+03  0.1268528E+02  0.1666379E+01 -0.3686030E+00  0.7490295E+00
   04  0.2256752E+03  0.1268487E+02  0.1664801E+01 -0.3703429E+00  0.7486265E+00
   04  0.2271663E+03  0.1268448E+02  0.1663263E+01 -0.3720593E+00  0.7482281E+00
   04  0.2286575E+03  0.1268408E+02  0.1661768E+01 -0.3737522E+00  0.7478346E+00
   04  0.2301487E+03  0.1268369E+02  0.1660318E+01 -0.3754213E+00  0.7474464E+00
   04  0.2316398E+03  0.1268331E+02  0.1658914E+01 -0.3770663E+00  0.7470636E+00
   04  0.2331310E+03  0.1268293E+02  0.1657561E+01 -0.3786872E+00  0.7466865E+00
   04  0.2346222E+03  0.1268256E+02  0.1656259E+01 -0.3802837E+00  0.7463155E+00
   04  0.2361133E+03  0.1268220E+02  0.1655011E+01 -0.3818556E+00  0.7459508E+00
   04  0.2376045E+03  0.1268184E+02  0.1653820E+01 -0.3834031E+00  0.7455925E+00
   04  0.2390957E+03  0.1268149E+02  0.1652687E+01 -0.3849270E+00  0.7452411E+00
   04  0.2405868E+03  0.1268114E+02  0.1651614E+01 -0.3864317E+00  0.7448972E+00
   04  0.2420780E+03  0.1268081E+02  0.1650601E+01 -0.3879183E+00  0.7445612E+00
   04  0.2435692E+03  0.1268048E+02  0.1649651E+01 -0.3893876E+00  0.7442332E+00
   04  0.2450603E+03  0.1268016E+02  0.1648765E+01 -0.3908405E+00  0.7439137E+00
   04  0.2465515E+03  0.1267985E+02  0.1647945E+01 -0.3922737E+00  0.7436024E+00
   04  0.2480427E+03  0.1267955E+02  0.1647192E+01 -0.3936806E+00  0.7432991E+00
   04  0.2495338E+03  0.1267925E+02  0.1646507E+01 -0.3950601E+00  0.7430039E+00
   04  0.2510250E+03  0.1267896E+02  0.1645890E+01 -0.3964087E+00  0.7427167E+00
   04  0.2525162E+03  0.1267868E+02  0.1645341E+01 -0.3977244E+00  0.7424377E+00
   04  0.2540073E+03  0.1267841E+02  0.1644860E+01 -0.3990056E+00  0.7421668E+00
   04  0.2554985E+03  0.1267815E+02  0.1644449E+01 -0.4002511E+00  0.7419042E+00
   04  0.2569897E+03  0.1267790E+02  0.1644107E+01 -0.4014597E+00  0.7416499E+00
   04  0.2584808E+03  0.1267765E+02  0.1643833E+01 -0.4026299E+00  0.7414040E+00
   04  0.2599720E+03  0.1267741E+02  0.1643624E+01 -0.4037606E+00  0.7411667E+00
   04  0.2614632E+03  0.1267719E+02  0.1643475E+01 -0.4048504E+00  0.7409383E+00
   04  0.2629543E+03  0.1267696E+02  0.1643408E+01 -0.4058982E+00  0.7407169E+00
   04  0.2644455E+03  0.1267675E+02  0.1643436E+01 -0.4069022E+00  0.7405013E+00
   04  0.2659367E+03  0.1267654E+02  0.1643560E+01 -0.4078606E+00  0.7402915E+00
   04  0.2674278E+03  0.1267633E+02  0.1643778E+01 -0.4087716E+00  0.7400874E+00
   04  0.2689190E+03  0.1267614E+02  0.1644090E+01 -0.4096342E+00  0.7398890E+00
   04  0.2704102E+03  0.1267594E+02  0.1644495E+01 -0.4104476E+00  0.7396964E+00
   04  0.2719014E+03  0.1267576E+02  0.1644992E+01 -0.4112108E+00  0.7395096E+00
   04  0.2733925E+03  0.1267558E+02  0.1645578E+01 -0.4119228E+00  0.7393284E+00
   04  0.2748837E+03  0.1267540E+02  0.1646254E+01 -0.4125825E+00  0.7391529E+00
   04  0.2763749E+03  0.1267523E+02  0.1647016E+01 -0.4131888E+00  0.7389829E+00
   04  0.2778660E+03  0.1267507E+02  0.1647863E+01 -0.4137404E+00  0.7388183E+00
   04  0.2793572E+03  0.1267491E+02  0.1648793E+01 -0.4142358E+00  0.7386589E+00
   04  0.2808484E+03  0.1267475E+02  0.1649804E+01 -0.4146736E+00  0.7385047E+00
   04  0.2823395E+03  0.1267460E+02  0.1650895E+01 -0.4150522E+00  0.7383553E+00
   04  0.2838307E+03  0.1267446E+02  0.1652062E+01 -0.4153699E+00  0.7382107E+00
   04  0.2853219E+03  0.1267432E+02  0.1653305E+01 -0.4156248E+00  0.7380706E+00
   04  0.2868130E+03  0.1267418E+02  0.1654620E+01 -0.4158153E+00  0.7379348E+00
   04  0.2883042E+03  0.1267405E+02  0.1656006E+01 -0.4159392E+00  0.7378030E+00
   04  0.2897954E+03  0.1267392E+02  0.1657459E+01 -0.4159947E+00  0.7376751E+00
   04  0.2912865E+03  0.1267380E+02  0.1658977E+01 -0.4159797E+00  0.7375507E+00
   04  0.2927777E+03  0.1267368E+02  0.1660569E+01 -0.4159164E+00  0.7374293E+00
   04  0.2942689E+03  0.1267356E+02  0.1662286E+01 -0.4158203E+00  0.7373132E+00
   04  0.2957600E+03  0.1267345E+02  0.1664116E+01 -0.4156899E+00  0.7372009E+00
   04  0.2972512E+03  0.1267334E+02  0.1666045E+01 -0.4155239E+00  0.7370917E+00
   04  0.2987424E+03  0.1267323E+02  0.1668065E+01 -0.4153208E+00  0.7369845E+00
   04  0.3002335E+03  0.1267313E+02  0.1670165E+01 -0.4150803E+00  0.7368789E+00
   04  0.3017247E+03  0.1267302E+02  0.1672334E+01 -0.4148014E+00  0.7367745E+00
   04  0.3032159E+03  0.1267292E+02  0.1674565E+01 -0.4144828E+00  0.7366708E+00
   04  0.3047070E+03  0.1267281E+02  0.1676849E+01 -0.4141235E+00  0.7365674E+00
   04  0.3061982E+03  0.1267271E+02  0.1679182E+01 -0.4137224E+00  0.7364638E+00
   04  0.3076894E+03  0.1267261E+02  0.1681557E+01 -0.4132785E+00  0.7363597E+00
   04  0.3091805E+03  0.1267250E+02  0.1683969E+01 -0.4127906E+00  0.7362546E+00
   04  0.3106717E+03  0.1267240E+02  0.1686412E+01 -0.4122576E+00  0.7361481E+00
   04  0.3121629E+03  0.1267229E+02  0.1688881E+01 -0.4116783E+00  0.7360399E+00
   04  0.3136540E+03  0.1267218E+02  0.1691371E+01 -0.4110516E+00  0.7359296E+00
   04  0.3151452E+03  0.1267206E+02  0.1693878E+01 -0.4103762E+00  0.7358169E+00
   04  0.3165017E+03  0.1267196E+02  0.1696167E+01 -0.4097173E+00  0.7357116E+00
   04  0.3178581E+03  0.1267185E+02  0.1698462E+01 -0.4090162E+00  0.7356037E+00
   04  0.3192146E+03  0.1267174E+02  0.1700762E+01 -0.4082604E+00  0.7354939E+00
   04  0.3205710E+03  0.1267163E+02  0.1703064E+01 -0.4074453E+00  0.7353824E+00
   04  0.3219275E+03  0.1267152E+02  0.1705368E+01 -0.4065694E+00  0.7352690E+00
   04  0.3232839E+03  0.1267140E+02  0.1707670E+01 -0.4056313E+00  0.7351534E+00
   04  0.3246404E+03  0.1267128E+02  0.1709970E+01 -0.4046299E+00  0.7350356E+00
   04  0.3259968E+03  0.1267116E+02  0.1712266E+01 -0.4035645E+00  0.7349155E+00
   04  0.3273533E+03  0.1267104E+02  0.1714556E+01 -0.4024344E+00  0.7347928E+00
   04  0.3287097E+03  0.1267091E+02  0.1716839E+01 -0.4012384E+00  0.7346674E+00
   04  0.3300662E+03  0.1267079E+02  0.1719113E+01 -0.3999757E+00  0.7345392E+00
   04  0.3314226E+03  0.1267065E+02  0.1721378E+01 -0.3986448E+00  0.7344079E+00
   04  0.3327791E+03  0.1267052E+02  0.1723633E+01 -0.3972440E+00  0.7342735E+00
   04  0.3341355E+03  0.1267038E+02  0.1725877E+01 -0.3957723E+00  0.7341357E+00
   04  0.3354920E+03  0.1267024E+02  0.1728109E+01 -0.3942287E+00  0.7339943E+00
   04  0.3368484E+03  0.1267010E+02  0.1730326E+01 -0.3926121E+00  0.7338492E+00
   04  0.3382049E+03  0.1266995E+02  0.1732529E+01 -0.3909216E+00  0.7337001E+00
   04  0.3395613E+03  0.1266979E+02  0.1734715E+01 -0.3891562E+00  0.7335469E+00
   04  0.3409178E+03  0.1266964E+02  0.1736884E+01 -0.3873149E+00  0.7333892E+00
   04  0.3422742E+03  0.1266947E+02  0.1739035E+01 -0.3853969E+00  0.7332270E+00
   04  0.3436307E+03  0.1266931E+02  0.1741166E+01 -0.3834013E+00  0.7330601E+00
   04  0.3449871E+03  0.1266913E+02  0.1743273E+01 -0.3813275E+00  0.7328877E+00
   04  0.3463436E+03  0.1266896E+02  0.1745351E+01 -0.3791752E+00  0.7327092E+00
   04  0.3477000E+03  0.1266877E+02  0.1747399E+01 -0.3769445E+00  0.7325242E+00
   04  0.3490565E+03  0.1266858E+02  0.1749414E+01 -0.3746352E+00  0.7323324E+00
   04  0.3504130E+03  0.1266838E+02  0.1751396E+01 -0.3722474E+00  0.7321336E+00
   04  0.3517694E+03  0.1266817E+02  0.1753343E+01 -0.3697811E+00  0.7319275E+00
   04  0.3531259E+03  0.1266796E+02  0.1755254E+01 -0.3672364E+00  0.7317138E+00
   04  0.3544823E+03  0.1266774E+02  0.1757129E+01 -0.3646136E+00  0.7314922E+00
   04  0.3558388E+03  0.1266751E+02  0.1758964E+01 -0.3619127E+00  0.7312625E+00
   04  0.3574665E+03  0.1266722E+02  0.1761130E+01 -0.3585700E+00  0.7309772E+00
   04  0.3590942E+03  0.1266693E+02  0.1763235E+01 -0.3551163E+00  0.7306794E+00
   04  0.3607220E+03  0.1266662E+02  0.1765278E+01 -0.3515509E+00  0.7303688E+00
   04  0.3623497E+03  0.1266630E+02  0.1767294E+01 -0.3478707E+00  0.7300484E+00
   04  0.3639775E+03  0.1266597E+02  0.1769284E+01 -0.3440778E+00  0.7297182E+00
   04  0.3656052E+03  0.1266562E+02  0.1771248E+01 -0.3401740E+00  0.7293779E+00
   04  0.3672329E+03  0.1266527E+02  0.1773185E+01 -0.3361613E+00  0.7290272E+00
   04  0.3688607E+03  0.1266491E+02  0.1775093E+01 -0.3320415E+00  0.7286658E+00
   04  0.3704884E+03  0.1266454E+02  0.1776971E+01 -0.3278166E+00  0.7282934E+00
   04  0.3721162E+03  0.1266416E+02  0.1778818E+01 -0.3234886E+00  0.7279096E+00
   04  0.3737439E+03  0.1266376E+02  0.1780632E+01 -0.3190594E+00  0.7275141E+00
   04  0.3753717E+03  0.1266335E+02  0.1782413E+01 -0.3145311E+00  0.7271068E+00
   04  0.3769994E+03  0.1266293E+02  0.1784160E+01 -0.3098974E+00  0.7266880E+00
   04  0.3786271E+03  0.1266251E+02  0.1785871E+01 -0.3051274E+00  0.7262605E+00
   04  0.3802549E+03  0.1266207E+02  0.1787548E+01 -0.3002415E+00  0.7258254E+00
   04  0.3818826E+03  0.1266163E+02  0.1789189E+01 -0.2952456E+00  0.7253824E+00
   04  0.3835104E+03  0.1266118E+02  0.1790793E+01 -0.2901423E+00  0.7249311E+00
   04  0.3851381E+03  0.1266072E+02  0.1792360E+01 -0.2849342E+00  0.7244708E+00
   04  0.3867658E+03  0.1266025E+02  0.1793890E+01 -0.2796238E+00  0.7240011E+00
   04  0.3883936E+03  0.1265977E+02  0.1795381E+01 -0.2742137E+00  0.7235214E+00
   04  0.3900213E+03  0.1265928E+02  0.1796832E+01 -0.2687066E+00  0.7230312E+00
   04  0.3916491E+03  0.1265878E+02  0.1798244E+01 -0.2630990E+00  0.7225294E+00
   04  0.3932768E+03  0.1265826E+02  0.1799615E+01 -0.2573681E+00  0.7220129E+00
   04  0.3949046E+03  0.1265773E+02  0.1800945E+01 -0.2515172E+00  0.7214813E+00
   04  0.3965323E+03  0.1265718E+02  0.1802233E+01 -0.2455491E+00  0.7209342E+00
   04  0.3981600E+03  0.1265662E+02  0.1803480E+01 -0.2394667E+00  0.7203712E+00
   04  0.3997878E+03  0.1265604E+02  0.1804686E+01 -0.2332729E+00  0.7197919E+00
   04  0.4014155E+03  0.1265544E+02  0.1805849E+01 -0.2269701E+00  0.7191959E+00
   04  0.4030433E+03  0.1265483E+02  0.1806970E+01 -0.2205609E+00  0.7185829E+00
   04  0.4046710E+03  0.1265420E+02  0.1808048E+01 -0.2140476E+00  0.7179525E+00
   04  0.4062987E+03  0.1265355E+02  0.1809084E+01 -0.2074326E+00  0.7173043E+00
   04  0.4079265E+03  0.1265288E+02  0.1810077E+01 -0.2007179E+00  0.7166379E+00
   04  0.4095542E+03  0.1265220E+02  0.1811026E+01 -0.1939056E+00  0.7159530E+00
   04  0.4111820E+03  0.1265150E+02  0.1811933E+01 -0.1869976E+00  0.7152493E+00
   04  0.4128097E+03  0.1265077E+02  0.1812798E+01 -0.1799956E+00  0.7145265E+00
   04  0.4144375E+03  0.1265003E+02  0.1813620E+01 -0.1729012E+00  0.7137843E+00
   04  0.4160652E+03  0.1264927E+02  0.1814401E+01 -0.1657160E+00  0.7130225E+00
   04  0.4176929E+03  0.1264849E+02  0.1815141E+01 -0.1584413E+00  0.7122409E+00
   04  0.4193207E+03  0.1264769E+02  0.1815840E+01 -0.1510782E+00  0.7114392E+00
   04  0.4209484E+03  0.1264686E+02  0.1816501E+01 -0.1436279E+00  0.7106172E+00
   04  0.4225762E+03  0.1264602E+02  0.1817123E+01 -0.1360911E+00  0.7097748E+00
   04  0.4242039E+03  0.1264516E+02  0.1817709E+01 -0.1284686E+00  0.7089118E+00
   04  0.4258316E+03  0.1264428E+02  0.1818258E+01 -0.1207610E+00  0.7080280E+00
   04  0.4274594E+03  0.1264337E+02  0.1818773E+01 -0.1129686E+00  0.7071234E+00
   04  0.4290871E+03  0.1264244E+02  0.1819256E+01 -0.1050917E+00  0.7061977E+00
   04  0.4307149E+03  0.1264150E+02  0.1819706E+01 -0.9713033E-01  0.7052510E+00
   04  0.4323426E+03  0.1264053E+02  0.1820127E+01 -0.8908428E-01  0.7042830E+00
   04  0.4339704E+03  0.1263954E+02  0.1820520E+01 -0.8095333E-01  0.7032938E+00
   04  0.4355981E+03  0.1263853E+02  0.1820885E+01 -0.7273707E-01  0.7022832E+00
   04  0.4372258E+03  0.1263750E+02  0.1821226E+01 -0.6443499E-01  0.7012513E+00
   04  0.4388536E+03  0.1263644E+02  0.1821544E+01 -0.5604640E-01  0.7001978E+00
   04  0.4404813E+03  0.1263537E+02  0.1821841E+01 -0.4757053E-01  0.6991229E+00
   04  0.4421091E+03  0.1263427E+02  0.1822117E+01 -0.3900643E-01  0.6980263E+00
   04  0.4437368E+03  0.1263316E+02  0.1822377E+01 -0.3035307E-01  0.6969082E+00
   04  0.4453645E+03  0.1263202E+02  0.1822620E+01 -0.2160929E-01  0.6957684E+00
   04  0.4469923E+03  0.1263085E+02  0.1822849E+01 -0.1277380E-01  0.6946070E+00
   04  0.4486200E+03  0.1262967E+02  0.1823066E+01 -0.3845245E-02  0.6934238E+00
   04  0.4502478E+03  0.1262847E+02  0.1823272E+01  0.5177876E-02  0.6922189E+00
   04  0.4518755E+03  0.1262724E+02  0.1823470E+01  0.1429714E-01  0.6909921E+00
   04  0.4535033E+03  0.1262599E+02  0.1823661E+01  0.2351421E-01  0.6897435E+00
   04  0.4551310E+03  0.1262472E+02  0.1823846E+01  0.3283085E-01  0.6884730E+00
   04  0.4567587E+03  0.1262343E+02  0.1824027E+01  0.4224894E-01  0.6871805E+00
   04  0.4583865E+03  0.1262211E+02  0.1824207E+01  0.5177040E-01  0.6858660E+00
   04  0.4600142E+03  0.1262078E+02  0.1824384E+01  0.6139695E-01  0.6845289E+00
   04  0.4616420E+03  0.1261942E+02  0.1824561E+01  0.7112999E-01  0.6831690E+00
   04  0.4632697E+03  0.1261803E+02  0.1824738E+01  0.8097093E-01  0.6817861E+00
   04  0.4648974E+03  0.1261663E+02  0.1824917E+01  0.9092122E-01  0.6803802E+00
   04  0.4665252E+03  0.1261520E+02  0.1825102E+01  0.1009824E+00  0.6789510E+00
   04  0.4681529E+03  0.1261375E+02  0.1825292E+01  0.1111559E+00  0.6774983E+00
   04  0.4697807E+03  0.1261227E+02  0.1825491E+01  0.1214435E+00  0.6760221E+00
   04  0.4714084E+03  0.1261077E+02  0.1825700E+01  0.1318467E+00  0.6745221E+00
   04  0.4730362E+03  0.1260925E+02  0.1825920E+01  0.1423672E+00  0.6729982E+00
   04  0.4746639E+03  0.1260770E+02  0.1826152E+01  0.1530135E+00  0.6714498E+00
   04  0.4762916E+03  0.1260612E+02  0.1826396E+01  0.1638096E+00  0.6698745E+00
   04  0.4779194E+03  0.1260452E+02  0.1826651E+01  0.1747575E+00  0.6682723E+00
   04  0.4795471E+03  0.1260289E+02  0.1826919E+01  0.1858592E+00  0.6666428E+00
   04  0.4811749E+03  0.1260123E+02  0.1827192E+01  0.1971125E+00  0.6649858E+00
   04  0.4828026E+03  0.1259955E+02  0.1827476E+01  0.2085236E+00  0.6633012E+00
   04  0.4844303E+03  0.1259784E+02  0.1827771E+01  0.2200944E+00  0.6615888E+00
   04  0.4860581E+03  0.1259610E+02  0.1828075E+01  0.2318266E+00  0.6598484E+00
   04  0.4876858E+03  0.1259433E+02  0.1828389E+01  0.2437222E+00  0.6580799E+00
   04  0.4893136E+03  0.1259253E+02  0.1828713E+01  0.2557829E+00  0.6562831E+00
   04  0.4909413E+03  0.1259070E+02  0.1829046E+01  0.2680106E+00  0.6544578E+00
   04  0.4925691E+03  0.1258885E+02  0.1829389E+01  0.2804070E+00  0.6526040E+00
   04  0.4941968E+03  0.1258697E+02  0.1829741E+01  0.2929740E+00  0.6507216E+00
   04  0.4958245E+03  0.1258506E+02  0.1830104E+01  0.3057133E+00  0.6488105E+00
   04  0.4974523E+03  0.1258312E+02  0.1830479E+01  0.3186266E+00  0.6468707E+00
   04  0.4990800E+03  0.1258115E+02  0.1830865E+01  0.3317156E+00  0.6449022E+00
   04  0.5007078E+03  0.1257915E+02  0.1831265E+01  0.3449821E+00  0.6429048E+00
   04  0.5023355E+03  0.1257713E+02  0.1831678E+01  0.3584276E+00  0.6408787E+00
   04  0.5039632E+03  0.1257507E+02  0.1832107E+01  0.3720537E+00  0.6388237E+00
   04  0.5055910E+03  0.1257299E+02  0.1832550E+01  0.3858622E+00  0.6367398E+00
   04  0.5072187E+03  0.1257087E+02  0.1833011E+01  0.3998544E+00  0.6346270E+00
   04  0.5088465E+03  0.1256873E+02  0.1833489E+01  0.4140320E+00  0.6324852E+00
   04  0.5104742E+03  0.1256656E+02  0.1833984E+01  0.4283953E+00  0.6303145E+00
   04  0.5121020E+03  0.1256436E+02  0.1834498E+01  0.4429349E+00  0.6281137E+00
   04  0.5137297E+03  0.1256213E+02  0.1835029E+01  0.4576526E+00  0.6258829E+00
   04  0.5153574E+03  0.1255987E+02  0.1835578E+01  0.4725500E+00  0.6236222E+00
   04  0.5169852E+03  0.1255758E+02  0.1836144E+01  0.4876291E+00  0.6213314E+00
   04  0.5186129E+03  0.1255526E+02  0.1836728E+01  0.5028913E+00  0.6190105E+00
   04  0.5202407E+03  0.1255291E+02  0.1837329E+01  0.5183382E+00  0.6166597E+00
   04  0.5218684E+03  0.1255053E+02  0.1837948E+01  0.5339713E+00  0.6142788E+00
   04  0.5234961E+03  0.1254811E+02  0.1838583E+01  0.5497919E+00  0.6118678E+00
   04  0.5251239E+03  0.1254567E+02  0.1839235E+01  0.5658012E+00  0.6094268E+00
   04  0.5267516E+03  0.1254320E+02  0.1839904E+01  0.5820005E+00  0.6069556E+00
   04  0.5283794E+03  0.1254070E+02  0.1840590E+01  0.5983908E+00  0.6044544E+00
   04  0.5300071E+03  0.1253817E+02  0.1841292E+01  0.6149731E+00  0.6019229E+00
   04  0.5316349E+03  0.1253561E+02  0.1842011E+01  0.6317482E+00  0.5993613E+00
   04  0.5332626E+03  0.1253302E+02  0.1842745E+01  0.6487169E+00  0.5967695E+00
   04  0.5348903E+03  0.1253039E+02  0.1843496E+01  0.6658798E+00  0.5941474E+00
   04  0.5365181E+03  0.1252774E+02  0.1844262E+01  0.6832375E+00  0.5914952E+00
   04  0.5381458E+03  0.1252506E+02  0.1845043E+01  0.7007903E+00  0.5888127E+00
   04  0.5397736E+03  0.1252235E+02  0.1845839E+01  0.7185386E+00  0.5860999E+00
   04  0.5414013E+03  0.1251960E+02  0.1846650E+01  0.7364824E+00  0.5833569E+00
   04  0.5430290E+03  0.1251683E+02  0.1847475E+01  0.7546218E+00  0.5805837E+00
   04  0.5446568E+03  0.1251403E+02  0.1848314E+01  0.7729568E+00  0.5777802E+00
   04  0.5462845E+03  0.1251119E+02  0.1849167E+01  0.7914870E+00  0.5749465E+00
   04  0.5479123E+03  0.1250833E+02  0.1850032E+01  0.8102122E+00  0.5720826E+00
   04  0.5495400E+03  0.1250544E+02  0.1850911E+01  0.8291317E+00  0.5691885E+00
   04  0.5511678E+03  0.1250251E+02  0.1851801E+01  0.8482450E+00  0.5662643E+00
   04  0.5527955E+03  0.1249956E+02  0.1852703E+01  0.8675511E+00  0.5633101E+00
   04  0.5544232E+03  0.1249657E+02  0.1853615E+01  0.8870494E+00  0.5603257E+00
   04  0.5560510E+03  0.1249356E+02  0.1854539E+01  0.9067386E+00  0.5573114E+00
   04  0.5576787E+03  0.1249051E+02  0.1855472E+01  0.9266176E+00  0.5542672E+00
   04  0.5593065E+03  0.1248744E+02  0.1856414E+01  0.9466849E+00  0.5511931E+00
   04  0.5609342E+03  0.1248434E+02  0.1857365E+01  0.9669389E+00  0.5480893E+00
   04  0.5625619E+03  0.1248120E+02  0.1858324E+01  0.9873780E+00  0.5449558E+00
   04  0.5641897E+03  0.1247804E+02  0.1859290E+01  0.1008000E+01  0.5417927E+00
   04  0.5658174E+03  0.1247485E+02  0.1860263E+01  0.1028803E+01  0.5386001E+00
   04  0.5674452E+03  0.1247163E+02  0.1861242E+01  0.1049786E+01  0.5353782E+00
   04  0.5690729E+03  0.1246837E+02  0.1862226E+01  0.1070944E+01  0.5321270E+00
   04  0.5707007E+03  0.1246509E+02  0.1863215E+01  0.1092277E+01  0.5288467E+00
   04  0.5723284E+03  0.1246178E+02  0.1864208E+01  0.1113781E+01  0.5255374E+00
   04  0.5739561E+03  0.1245845E+02  0.1865204E+01  0.1135453E+01  0.5221993E+00
   04  0.5755839E+03  0.1245508E+02  0.1866202E+01  0.1157290E+01  0.5188325E+00
   04  0.5772116E+03  0.1245168E+02  0.1867202E+01  0.1179290E+01  0.5154372E+00
   04  0.5788394E+03  0.1244826E+02  0.1868202E+01  0.1201448E+01  0.5120136E+00
   04  0.5804671E+03  0.1244481E+02  0.1869203E+01  0.1223762E+01  0.5085617E+00
   04  0.5820948E+03  0.1244133E+02  0.1870204E+01  0.1246227E+01  0.5050818E+00
   04  0.5837226E+03  0.1243782E+02  0.1871204E+01  0.1268841E+01  0.5015739E+00
   04  0.5853503E+03  0.1243429E+02  0.1872202E+01  0.1291598E+01  0.4980382E+00
   04  0.5869781E+03  0.1243072E+02  0.1873200E+01  0.1314498E+01  0.4944752E+00
   04  0.5886058E+03  0.1242714E+02  0.1874198E+01  0.1337576E+01  0.4908881E+00
   04  0.5902336E+03  0.1242352E+02  0.1875199E+01  0.1360827E+01  0.4872773E+00
   04  0.5918613E+03  0.1241989E+02  0.1876205E+01  0.1384249E+01  0.4836428E+00
   04  0.5934890E+03  0.1241623E+02  0.1877218E+01  0.1407836E+01  0.4799849E+00
   04  0.5951168E+03  0.1241255E+02  0.1878240E+01  0.1431583E+01  0.4763037E+00
   04  0.5967445E+03  0.1240885E+02  0.1879271E+01  0.1455486E+01  0.4725993E+00
   04  0.5983723E+03  0.1240512E+02  0.1880314E+01  0.1479539E+01  0.4688719E+00
