# gauge_id= 608 location=( -0.1242042364E+03  0.4174837307E+02 ) num_var=  4
# Stationary gauge
# level, time, q[  1  2  3], eta, aux[]
# file format ascii, time series follow in this file
   04  0.0000000E+00  0.2309275E+01  0.0000000E+00  0.0000000E+00  0.0000000E+00
   04  0.1000000E+01  0.2309275E+01  0.0000000E+00  0.4297923E-16  0.7164159E+00
   04  0.1015873E+01  0.2309275E+01  0.5244139E-25 -0.5570325E-06  0.7164160E+00
   04  0.1031746E+01  0.2309275E+01 -0.1382935E-14 -0.1114555E-05  0.7164160E+00
   04  0.1047619E+01  0.2309276E+01 -0.4110711E-14 -0.1672571E-05  0.7164161E+00
   04  0.1063492E+01  0.2309276E+01 -0.8145237E-14 -0.2231085E-05  0.7164162E+00
   04  0.1079365E+01  0.2309276E+01 -0.1344842E-13 -0.2790103E-05  0.7164163E+00
   04  0.1095238E+01  0.2309276E+01 -0.1998215E-13 -0.3349628E-05  0.7164164E+00
   04  0.1111111E+01  0.2309276E+01 -0.2770835E-13 -0.3909665E-05  0.7164164E+00
   04  0.1126984E+01  0.2309276E+01 -0.3658892E-13 -0.4470218E-05  0.7164165E+00
   04  0.1142857E+01  0.2309276E+01 -0.4658575E-13 -0.5031292E-05  0.7164166E+00
   04  0.1158730E+01  0.2309276E+01 -0.5766074E-13 -0.5592891E-05  0.7164167E+00
   04  0.1174603E+01  0.2309276E+01 -0.6977580E-13 -0.6155020E-05  0.7164167E+00
   04  0.1190476E+01  0.2309276E+01 -0.8289283E-13 -0.6717683E-05  0.7164168E+00
   04  0.1206349E+01  0.2309276E+01 -0.9697373E-13 -0.7280884E-05  0.7164169E+00
   04  0.1222222E+01  0.2309276E+01 -0.1119804E-12 -0.7844629E-05  0.7164170E+00
   04  0.1238095E+01  0.2309276E+01 -0.1278747E-12 -0.8408921E-05  0.7164170E+00
   04  0.1253968E+01  0.2309277E+01 -0.1446186E-12 -0.8973765E-05  0.7164171E+00
   04  0.1269841E+01  0.2309277E+01 -0.1621739E-12 -0.9539166E-05  0.7164172E+00
   04  0.1285714E+01  0.2309277E+01 -0.1805026E-12 -0.1010513E-04  0.7164173E+00
   04  0.1301587E+01  0.2309277E+01 -0.1995665E-12 -0.1067165E-04  0.7164174E+00
   04  0.1317460E+01  0.2309277E+01 -0.2193276E-12 -0.1123875E-04  0.7164174E+00
   04  0.1333333E+01  0.2309277E+01 -0.2397478E-12 -0.1180642E-04  0.7164175E+00
   04  0.1349206E+01  0.2309277E+01 -0.2607888E-12 -0.1237468E-04  0.7164176E+00
   04  0.1365079E+01  0.2309277E+01 -0.2824127E-12 -0.1294351E-04  0.7164177E+00
   04  0.1380952E+01  0.2309277E+01 -0.3045814E-12 -0.1351293E-04  0.7164177E+00
   04  0.1396825E+01  0.2309277E+01 -0.3272567E-12 -0.1408295E-04  0.7164178E+00
   04  0.1412698E+01  0.2309277E+01 -0.3504005E-12 -0.1465356E-04  0.7164179E+00
   04  0.1428571E+01  0.2309277E+01 -0.3739747E-12 -0.1522477E-04  0.7164180E+00
   04  0.1476190E+01  0.2309278E+01 -0.5875897E-12 -0.1693639E-04  0.7164182E+00
   04  0.1523810E+01  0.2309278E+01 -0.8094618E-12 -0.1865364E-04  0.7164185E+00
   04  0.1571429E+01  0.2309278E+01 -0.1036505E-11 -0.2037663E-04  0.7164187E+00
   04  0.1619048E+01  0.2309278E+01 -0.1265635E-11 -0.2210549E-04  0.7164189E+00
   04  0.1666667E+01  0.2309279E+01 -0.1493766E-11 -0.2384035E-04  0.7164192E+00
   04  0.1714286E+01  0.2309279E+01 -0.1717813E-11 -0.2558132E-04  0.7164194E+00
   04  0.1761905E+01  0.2309279E+01 -0.1934692E-11 -0.2732854E-04  0.7164197E+00
   04  0.1809524E+01  0.2309279E+01 -0.2141319E-11 -0.2908213E-04  0.7164199E+00
   04  0.1857143E+01  0.2309280E+01 -0.2334611E-11 -0.3084221E-04  0.7164201E+00
   04  0.1904762E+01  0.2309280E+01 -0.2511483E-11 -0.3260891E-04  0.7164204E+00
   04  0.1952381E+01  0.2309280E+01 -0.2668854E-11 -0.3438236E-04  0.7164206E+00
   04  0.2000000E+01  0.2309280E+01 -0.2803642E-11 -0.3616268E-04  0.7164209E+00
   04  0.5727919E+01  0.2309300E+01  0.3902622E-08 -0.1767400E-03  0.7164407E+00
   04  0.9455838E+01  0.2309337E+01  0.9204048E-07 -0.4481441E-03  0.7164778E+00
   04  0.1318376E+02  0.2309402E+01  0.3712881E-06 -0.9204314E-03  0.7165429E+00
   04  0.1691168E+02  0.2309508E+01  0.9341918E-06 -0.1671573E-02  0.7166489E+00
   04  0.2063960E+02  0.2309667E+01  0.1851774E-05 -0.2763263E-02  0.7168071E+00
   04  0.2436752E+02  0.2309885E+01  0.3170298E-05 -0.4226973E-02  0.7170256E+00
   04  0.2809543E+02  0.2310167E+01  0.4911771E-05 -0.6056487E-02  0.7173072E+00
   04  0.3182335E+02  0.2310510E+01  0.7076950E-05 -0.8208998E-02  0.7176501E+00
   04  0.3555127E+02  0.2310912E+01  0.9645370E-05 -0.1064991E-01  0.7180528E+00
   04  0.3927919E+02  0.2311370E+01  0.1257933E-04 -0.1332204E-01  0.7185108E+00
   04  0.4300711E+02  0.2311879E+01  0.1582861E-04 -0.1617216E-01  0.7190191E+00
   04  0.4673503E+02  0.2312433E+01  0.1933467E-04 -0.1915275E-01  0.7195734E+00
   04  0.5046295E+02  0.2313030E+01  0.2303667E-04 -0.2223067E-01  0.7201704E+00
   04  0.5419087E+02  0.2313664E+01  0.2654385E-04 -0.2535120E-01  0.7208047E+00
   04  0.5791879E+02  0.2314328E+01  0.2968450E-04 -0.2844850E-01  0.7214681E+00
   04  0.6164671E+02  0.2315015E+01  0.3244266E-04 -0.3148656E-01  0.7221553E+00
   04  0.6537463E+02  0.2315723E+01  0.3480736E-04 -0.3445313E-01  0.7228640E+00
   04  0.6910255E+02  0.2316453E+01  0.3676902E-04 -0.3734658E-01  0.7235933E+00
   04  0.7283047E+02  0.2317202E+01  0.3831879E-04 -0.4016887E-01  0.7243427E+00
   04  0.7655838E+02  0.2317971E+01  0.3944804E-04 -0.4292185E-01  0.7251116E+00
   04  0.8028630E+02  0.2318759E+01  0.4014855E-04 -0.4560554E-01  0.7258995E+00
   04  0.8401422E+02  0.2319565E+01  0.4041301E-04 -0.4821734E-01  0.7267052E+00
   04  0.8774214E+02  0.2320387E+01  0.4023564E-04 -0.5075199E-01  0.7275274E+00
   04  0.9147006E+02  0.2321224E+01  0.3961261E-04 -0.5320173E-01  0.7283641E+00
   04  0.9445240E+02  0.2321899E+01  0.3845351E-04 -0.5505790E-01  0.7290400E+00
   04  0.9743473E+02  0.2322582E+01  0.3710070E-04 -0.5684653E-01  0.7297221E+00
   04  0.1004171E+03  0.2323268E+01  0.3555203E-04 -0.5856252E-01  0.7304089E+00
   04  0.1033994E+03  0.2323959E+01  0.3380584E-04 -0.6019992E-01  0.7310993E+00
   04  0.1063817E+03  0.2324651E+01  0.3186046E-04 -0.6175209E-01  0.7317916E+00
   04  0.1093641E+03  0.2325344E+01  0.2971423E-04 -0.6321559E-01  0.7324848E+00
   04  0.1123464E+03  0.2326038E+01  0.2760161E-04 -0.6459850E-01  0.7331788E+00
   04  0.1153287E+03  0.2326735E+01  0.2572637E-04 -0.6591840E-01  0.7338752E+00
   04  0.1183111E+03  0.2327435E+01  0.2407405E-04 -0.6718913E-01  0.7345752E+00
   04  0.1212934E+03  0.2328139E+01  0.2262822E-04 -0.6841980E-01  0.7352799E+00
   04  0.1242758E+03  0.2328849E+01  0.2137074E-04 -0.6961534E-01  0.7359894E+00
   04  0.1272581E+03  0.2329563E+01  0.2028204E-04 -0.7077835E-01  0.7367040E+00
   04  0.1302404E+03  0.2330283E+01  0.1934142E-04 -0.7190895E-01  0.7374234E+00
   04  0.1332228E+03  0.2331020E+01  0.2037573E-04 -0.7287830E-01  0.7381610E+00
   04  0.1362051E+03  0.2331777E+01  0.2349742E-04 -0.7366842E-01  0.7389173E+00
   04  0.1391874E+03  0.2332548E+01  0.2831360E-04 -0.7429512E-01  0.7396886E+00
   04  0.1421698E+03  0.2333331E+01  0.3448262E-04 -0.7477169E-01  0.7404718E+00
   04  0.1451521E+03  0.2334123E+01  0.4170900E-04 -0.7510909E-01  0.7412639E+00
   04  0.1481344E+03  0.2334922E+01  0.4973780E-04 -0.7531638E-01  0.7420622E+00
   04  0.1511168E+03  0.2335724E+01  0.5834931E-04 -0.7540101E-01  0.7428641E+00
   04  0.1540991E+03  0.2336527E+01  0.6735431E-04 -0.7536908E-01  0.7436672E+00
   04  0.1570814E+03  0.2337329E+01  0.7658990E-04 -0.7522566E-01  0.7444692E+00
   04  0.1600638E+03  0.2338128E+01  0.8591601E-04 -0.7497497E-01  0.7452681E+00
   04  0.1630461E+03  0.2338921E+01  0.9521240E-04 -0.7462057E-01  0.7460618E+00
   04  0.1660284E+03  0.2339708E+01  0.1043761E-03 -0.7416551E-01  0.7468484E+00
   04  0.1690108E+03  0.2340486E+01  0.1133195E-03 -0.7361258E-01  0.7476262E+00
   04  0.1719931E+03  0.2341253E+01  0.1219682E-03 -0.7296438E-01  0.7483935E+00
   04  0.1749755E+03  0.2342008E+01  0.1302595E-03 -0.7222323E-01  0.7491486E+00
   04  0.1779578E+03  0.2342749E+01  0.1381417E-03 -0.7139128E-01  0.7498900E+00
   04  0.1809401E+03  0.2343476E+01  0.1455718E-03 -0.7047063E-01  0.7506162E+00
   04  0.1824313E+03  0.2343831E+01  0.1492994E-03 -0.6995254E-01  0.7509720E+00
   04  0.1839225E+03  0.2344183E+01  0.1528892E-03 -0.6941322E-01  0.7513234E+00
   04  0.1854136E+03  0.2344529E+01  0.1563381E-03 -0.6885188E-01  0.7516699E+00
   04  0.1869048E+03  0.2344871E+01  0.1596432E-03 -0.6826788E-01  0.7520114E+00
   04  0.1883960E+03  0.2345207E+01  0.1628018E-03 -0.6766082E-01  0.7523475E+00
   04  0.1898871E+03  0.2345537E+01  0.1658117E-03 -0.6703042E-01  0.7526780E+00
   04  0.1913783E+03  0.2345862E+01  0.1686706E-03 -0.6637652E-01  0.7530027E+00
   04  0.1928695E+03  0.2346181E+01  0.1713769E-03 -0.6569911E-01  0.7533215E+00
   04  0.1943606E+03  0.2346493E+01  0.1739291E-03 -0.6499831E-01  0.7536340E+00
   04  0.1958518E+03  0.2346800E+01  0.1763260E-03 -0.6427437E-01  0.7539402E+00
   04  0.1973430E+03  0.2347099E+01  0.1785667E-03 -0.6352766E-01  0.7542399E+00
   04  0.1988341E+03  0.2347392E+01  0.1806507E-03 -0.6275869E-01  0.7545330E+00
   04  0.2003253E+03  0.2347679E+01  0.1825775E-03 -0.6196805E-01  0.7548193E+00
   04  0.2018165E+03  0.2347958E+01  0.1843474E-03 -0.6115647E-01  0.7550989E+00
   04  0.2033076E+03  0.2348231E+01  0.1859604E-03 -0.6032478E-01  0.7553715E+00
   04  0.2047988E+03  0.2348497E+01  0.1874171E-03 -0.5947389E-01  0.7556372E+00
   04  0.2062900E+03  0.2348755E+01  0.1887185E-03 -0.5860482E-01  0.7558960E+00
   04  0.2077811E+03  0.2349007E+01  0.1898655E-03 -0.5771865E-01  0.7561478E+00
   04  0.2092723E+03  0.2349252E+01  0.1908597E-03 -0.5681655E-01  0.7563926E+00
   04  0.2107635E+03  0.2349490E+01  0.1917027E-03 -0.5589974E-01  0.7566305E+00
   04  0.2122546E+03  0.2349721E+01  0.1923964E-03 -0.5496952E-01  0.7568615E+00
   04  0.2137458E+03  0.2349945E+01  0.1929429E-03 -0.5402722E-01  0.7570856E+00
   04  0.2152370E+03  0.2350162E+01  0.1933448E-03 -0.5307425E-01  0.7573029E+00
   04  0.2167281E+03  0.2350373E+01  0.1936047E-03 -0.5211206E-01  0.7575136E+00
   04  0.2182193E+03  0.2350577E+01  0.1937255E-03 -0.5114213E-01  0.7577176E+00
   04  0.2197105E+03  0.2350775E+01  0.1937103E-03 -0.5016601E-01  0.7579152E+00
   04  0.2212017E+03  0.2350966E+01  0.1935624E-03 -0.4918527E-01  0.7581064E+00
   04  0.2226928E+03  0.2351151E+01  0.1932854E-03 -0.4820153E-01  0.7582915E+00
   04  0.2241840E+03  0.2351330E+01  0.1928829E-03 -0.4721643E-01  0.7584705E+00
   04  0.2256752E+03  0.2351503E+01  0.1923589E-03 -0.4623167E-01  0.7586437E+00
   04  0.2271663E+03  0.2351671E+01  0.1917175E-03 -0.4524895E-01  0.7588113E+00
   04  0.2286575E+03  0.2351833E+01  0.1909628E-03 -0.4427004E-01  0.7589734E+00
   04  0.2301487E+03  0.2351990E+01  0.1900993E-03 -0.4329674E-01  0.7591304E+00
   04  0.2316398E+03  0.2352142E+01  0.1891315E-03 -0.4233086E-01  0.7592825E+00
   04  0.2331310E+03  0.2352289E+01  0.1880640E-03 -0.4137428E-01  0.7594299E+00
   04  0.2346222E+03  0.2352432E+01  0.1869018E-03 -0.4042891E-01  0.7595730E+00
   04  0.2361133E+03  0.2352571E+01  0.1856497E-03 -0.3949674E-01  0.7597120E+00
   04  0.2376045E+03  0.2352707E+01  0.1843129E-03 -0.3857977E-01  0.7598474E+00
   04  0.2390957E+03  0.2352838E+01  0.1828964E-03 -0.3767262E-01  0.7599783E+00
   04  0.2405868E+03  0.2352960E+01  0.1814043E-03 -0.3674503E-01  0.7601008E+00
   04  0.2420780E+03  0.2353074E+01  0.1798373E-03 -0.3579884E-01  0.7602150E+00
   04  0.2435692E+03  0.2353180E+01  0.1781966E-03 -0.3483584E-01  0.7603209E+00
   04  0.2450603E+03  0.2353278E+01  0.1764830E-03 -0.3385777E-01  0.7604187E+00
   04  0.2465515E+03  0.2353368E+01  0.1746980E-03 -0.3286633E-01  0.7605085E+00
   04  0.2480427E+03  0.2353450E+01  0.1728428E-03 -0.3186318E-01  0.7605904E+00
   04  0.2495338E+03  0.2353524E+01  0.1709191E-03 -0.3084990E-01  0.7606645E+00
   04  0.2510250E+03  0.2353590E+01  0.1689284E-03 -0.2982806E-01  0.7607310E+00
   04  0.2525162E+03  0.2353649E+01  0.1668725E-03 -0.2879916E-01  0.7607900E+00
   04  0.2540073E+03  0.2353701E+01  0.1647534E-03 -0.2776466E-01  0.7608416E+00
   04  0.2554985E+03  0.2353745E+01  0.1625728E-03 -0.2672598E-01  0.7608859E+00
   04  0.2569897E+03  0.2353783E+01  0.1603328E-03 -0.2568447E-01  0.7609232E+00
   04  0.2584808E+03  0.2353813E+01  0.1580354E-03 -0.2464145E-01  0.7609535E+00
   04  0.2599720E+03  0.2353836E+01  0.1556829E-03 -0.2359819E-01  0.7609769E+00
   04  0.2614632E+03  0.2353853E+01  0.1532773E-03 -0.2255591E-01  0.7609938E+00
   04  0.2629543E+03  0.2353863E+01  0.1508208E-03 -0.2151580E-01  0.7610041E+00
   04  0.2644455E+03  0.2353867E+01  0.1483158E-03 -0.2047896E-01  0.7610080E+00
   04  0.2659367E+03  0.2353865E+01  0.1457643E-03 -0.1944648E-01  0.7610057E+00
   04  0.2674278E+03  0.2353857E+01  0.1431687E-03 -0.1841935E-01  0.7609974E+00
   04  0.2689190E+03  0.2353843E+01  0.1405314E-03 -0.1739854E-01  0.7609831E+00
   04  0.2704102E+03  0.2353823E+01  0.1378544E-03 -0.1638495E-01  0.7609631E+00
   04  0.2719014E+03  0.2353797E+01  0.1351402E-03 -0.1537944E-01  0.7609375E+00
   04  0.2733925E+03  0.2353766E+01  0.1323909E-03 -0.1438280E-01  0.7609065E+00
   04  0.2748837E+03  0.2353730E+01  0.1296088E-03 -0.1339580E-01  0.7608701E+00
   04  0.2763749E+03  0.2353688E+01  0.1267962E-03 -0.1241915E-01  0.7608286E+00
   04  0.2778660E+03  0.2353641E+01  0.1239551E-03 -0.1145353E-01  0.7607820E+00
   04  0.2793572E+03  0.2353590E+01  0.1210879E-03 -0.1049955E-01  0.7607306E+00
   04  0.2808484E+03  0.2353534E+01  0.1181965E-03 -0.9557802E-02  0.7606745E+00
   04  0.2823395E+03  0.2353473E+01  0.1152831E-03 -0.8628830E-02  0.7606138E+00
   04  0.2838307E+03  0.2353408E+01  0.1123498E-03 -0.7713138E-02  0.7605487E+00
   04  0.2853219E+03  0.2353339E+01  0.1093986E-03 -0.6811188E-02  0.7604793E+00
   04  0.2868130E+03  0.2353265E+01  0.1064315E-03 -0.5923408E-02  0.7604058E+00
   04  0.2883042E+03  0.2353188E+01  0.1034503E-03 -0.5050183E-02  0.7603282E+00
   04  0.2897954E+03  0.2353106E+01  0.1004571E-03 -0.4191866E-02  0.7602468E+00
   04  0.2912865E+03  0.2353021E+01  0.9745352E-04 -0.3348772E-02  0.7601616E+00
   04  0.2927777E+03  0.2352932E+01  0.9444153E-04 -0.2521181E-02  0.7600728E+00
   04  0.2942689E+03  0.2352840E+01  0.9142283E-04 -0.1709340E-02  0.7599806E+00
   04  0.2957600E+03  0.2352744E+01  0.8839907E-04 -0.9134789E-03  0.7598850E+00
   04  0.2972512E+03  0.2352646E+01  0.8537188E-04 -0.1338048E-03  0.7597862E+00
   04  0.2987424E+03  0.2352544E+01  0.8234270E-04  0.6295017E-03  0.7596843E+00
   04  0.3002335E+03  0.2352440E+01  0.7939672E-04  0.1383516E-02  0.7595802E+00
   04  0.3017247E+03  0.2352334E+01  0.7654896E-04  0.2129400E-02  0.7594742E+00
   04  0.3032159E+03  0.2352226E+01  0.7379623E-04  0.2866792E-02  0.7593664E+00
   04  0.3047070E+03  0.2352116E+01  0.7113545E-04  0.3595358E-02  0.7592568E+00
   04  0.3061982E+03  0.2352005E+01  0.6856361E-04  0.4314793E-02  0.7591455E+00
   04  0.3076894E+03  0.2351892E+01  0.6607785E-04  0.5024820E-02  0.7590326E+00
   04  0.3091805E+03  0.2351778E+01  0.6367535E-04  0.5725193E-02  0.7589181E+00
   04  0.3106717E+03  0.2351662E+01  0.6135342E-04  0.6415693E-02  0.7588022E+00
   04  0.3121629E+03  0.2351544E+01  0.5910946E-04  0.7096131E-02  0.7586849E+00
   04  0.3136540E+03  0.2351426E+01  0.5694098E-04  0.7766348E-02  0.7585663E+00
   04  0.3151452E+03  0.2351306E+01  0.5484556E-04  0.8426208E-02  0.7584463E+00
   04  0.3165017E+03  0.2351196E+01  0.5303005E-04  0.9014118E-02  0.7583364E+00
   04  0.3178581E+03  0.2351085E+01  0.5127010E-04  0.9593468E-02  0.7582255E+00
   04  0.3192146E+03  0.2350973E+01  0.4956414E-04  0.1016421E-01  0.7581137E+00
   04  0.3205710E+03  0.2350860E+01  0.4791068E-04  0.1072631E-01  0.7580009E+00
   04  0.3219275E+03  0.2350747E+01  0.4630827E-04  0.1127974E-01  0.7578873E+00
   04  0.3232839E+03  0.2350632E+01  0.4475554E-04  0.1182451E-01  0.7577728E+00
   04  0.3246404E+03  0.2350517E+01  0.4325118E-04  0.1236062E-01  0.7576575E+00
   04  0.3259968E+03  0.2350401E+01  0.4179394E-04  0.1288810E-01  0.7575414E+00
   04  0.3273533E+03  0.2350284E+01  0.4038264E-04  0.1340696E-01  0.7574245E+00
   04  0.3287097E+03  0.2350166E+01  0.3901617E-04  0.1391725E-01  0.7573069E+00
   04  0.3300662E+03  0.2350048E+01  0.3769348E-04  0.1441901E-01  0.7571886E+00
   04  0.3314226E+03  0.2349929E+01  0.3641361E-04  0.1491229E-01  0.7570696E+00
   04  0.3327791E+03  0.2349809E+01  0.3517565E-04  0.1539715E-01  0.7569500E+00
   04  0.3341355E+03  0.2349689E+01  0.3397877E-04  0.1587364E-01  0.7568297E+00
   04  0.3354920E+03  0.2349568E+01  0.3282222E-04  0.1634182E-01  0.7567088E+00
   04  0.3368484E+03  0.2349447E+01  0.3170534E-04  0.1680175E-01  0.7565873E+00
   04  0.3382049E+03  0.2349325E+01  0.3062754E-04  0.1725346E-01  0.7564652E+00
   04  0.3395613E+03  0.2349202E+01  0.2958830E-04  0.1769702E-01  0.7563425E+00
   04  0.3409178E+03  0.2349079E+01  0.2858722E-04  0.1813245E-01  0.7562194E+00
   04  0.3422742E+03  0.2348955E+01  0.2762398E-04  0.1855979E-01  0.7560957E+00
   04  0.3436307E+03  0.2348831E+01  0.2669837E-04  0.1897903E-01  0.7559715E+00
   04  0.3449871E+03  0.2348706E+01  0.2580459E-04  0.1939055E-01  0.7558469E+00
   04  0.3463436E+03  0.2348581E+01  0.2493485E-04  0.1979510E-01  0.7557216E+00
   04  0.3477000E+03  0.2348455E+01  0.2408850E-04  0.2019330E-01  0.7555958E+00
   04  0.3490565E+03  0.2348329E+01  0.2326492E-04  0.2058573E-01  0.7554693E+00
   04  0.3504130E+03  0.2348202E+01  0.2246352E-04  0.2097300E-01  0.7553421E+00
   04  0.3517694E+03  0.2348074E+01  0.2168370E-04  0.2135569E-01  0.7552141E+00
   04  0.3531259E+03  0.2347945E+01  0.2092487E-04  0.2173437E-01  0.7550852E+00
   04  0.3544823E+03  0.2347815E+01  0.2018648E-04  0.2210963E-01  0.7549555E+00
   04  0.3558388E+03  0.2347684E+01  0.1946796E-04  0.2248202E-01  0.7548247E+00
   04  0.3574665E+03  0.2347525E+01  0.1859162E-04  0.2293039E-01  0.7546661E+00
   04  0.3590942E+03  0.2347365E+01  0.1774331E-04  0.2337608E-01  0.7545058E+00
   04  0.3607220E+03  0.2347203E+01  0.1692210E-04  0.2382007E-01  0.7543438E+00
   04  0.3623497E+03  0.2347039E+01  0.1612709E-04  0.2426334E-01  0.7541800E+00
   04  0.3639775E+03  0.2346874E+01  0.1535739E-04  0.2470683E-01  0.7540142E+00
   04  0.3656052E+03  0.2346706E+01  0.1461214E-04  0.2515148E-01  0.7538463E+00
   04  0.3672329E+03  0.2346536E+01  0.1389050E-04  0.2559819E-01  0.7536761E+00
   04  0.3688607E+03  0.2346363E+01  0.1319164E-04  0.2604788E-01  0.7535036E+00
   04  0.3704884E+03  0.2346188E+01  0.1251474E-04  0.2650141E-01  0.7533286E+00
   04  0.3721162E+03  0.2346010E+01  0.1185904E-04  0.2695965E-01  0.7531510E+00
   04  0.3737439E+03  0.2345830E+01  0.1122374E-04  0.2742345E-01  0.7529705E+00
   04  0.3753717E+03  0.2345647E+01  0.1060810E-04  0.2789365E-01  0.7527872E+00
   04  0.3769994E+03  0.2345460E+01  0.1001136E-04  0.2837108E-01  0.7526008E+00
   04  0.3786271E+03  0.2345271E+01  0.9432820E-05  0.2885655E-01  0.7524112E+00
   04  0.3802549E+03  0.2345078E+01  0.8871752E-05  0.2935086E-01  0.7522183E+00
   04  0.3818826E+03  0.2344881E+01  0.8327457E-05  0.2985481E-01  0.7520219E+00
   04  0.3835104E+03  0.2344681E+01  0.7799250E-05  0.3036919E-01  0.7518218E+00
   04  0.3851381E+03  0.2344477E+01  0.7286454E-05  0.3089479E-01  0.7516179E+00
   04  0.3867658E+03  0.2344270E+01  0.6788411E-05  0.3143237E-01  0.7514101E+00
   04  0.3883936E+03  0.2344058E+01  0.6304477E-05  0.3198273E-01  0.7511982E+00
   04  0.3900213E+03  0.2343842E+01  0.5834021E-05  0.3254662E-01  0.7509821E+00
   04  0.3916491E+03  0.2343622E+01  0.5376435E-05  0.3311472E-01  0.7507628E+00
   04  0.3932768E+03  0.2343405E+01  0.4931139E-05  0.3364895E-01  0.7505457E+00
   04  0.3949046E+03  0.2343190E+01  0.4497572E-05  0.3415487E-01  0.7503302E+00
   04  0.3965323E+03  0.2342975E+01  0.4075188E-05  0.3463717E-01  0.7501156E+00
   04  0.3981600E+03  0.2342761E+01  0.3663458E-05  0.3509989E-01  0.7499015E+00
   04  0.3997878E+03  0.2342547E+01  0.3261870E-05  0.3554651E-01  0.7496877E+00
   04  0.4014155E+03  0.2342333E+01  0.2869928E-05  0.3598008E-01  0.7494736E+00
   04  0.4030433E+03  0.2342119E+01  0.2487153E-05  0.3640326E-01  0.7492591E+00
   04  0.4046710E+03  0.2341903E+01  0.2113086E-05  0.3681842E-01  0.7490438E+00
   04  0.4062987E+03  0.2341687E+01  0.1747284E-05  0.3722767E-01  0.7488274E+00
   04  0.4079265E+03  0.2341469E+01  0.1389325E-05  0.3763291E-01  0.7486099E+00
   04  0.4095542E+03  0.2341250E+01  0.1038807E-05  0.3803585E-01  0.7483908E+00
   04  0.4111820E+03  0.2341030E+01  0.6953476E-06  0.3843807E-01  0.7481701E+00
   04  0.4128097E+03  0.2340807E+01  0.3595308E-06  0.3884099E-01  0.7479475E+00
   04  0.4144375E+03  0.2340582E+01  0.3292891E-07  0.3924597E-01  0.7477229E+00
   04  0.4160652E+03  0.2340356E+01 -0.2849293E-06  0.3965422E-01  0.7474961E+00
   04  0.4176929E+03  0.2340126E+01 -0.5944917E-06  0.4006690E-01  0.7472668E+00
   04  0.4193207E+03  0.2339894E+01 -0.8961833E-06  0.4048510E-01  0.7470350E+00
   04  0.4209484E+03  0.2339660E+01 -0.1190406E-05  0.4090984E-01  0.7468004E+00
   04  0.4225762E+03  0.2339422E+01 -0.1477539E-05  0.4134210E-01  0.7465630E+00
   04  0.4242039E+03  0.2339182E+01 -0.1757939E-05  0.4178279E-01  0.7463225E+00
   04  0.4258316E+03  0.2338938E+01 -0.2031942E-05  0.4223281E-01  0.7460788E+00
   04  0.4274594E+03  0.2338691E+01 -0.2299862E-05  0.4269300E-01  0.7458317E+00
   04  0.4290871E+03  0.2338441E+01 -0.2561993E-05  0.4316418E-01  0.7455811E+00
   04  0.4307149E+03  0.2338186E+01 -0.2818610E-05  0.4364714E-01  0.7453268E+00
   04  0.4323426E+03  0.2337928E+01 -0.3069974E-05  0.4414265E-01  0.7450687E+00
   04  0.4339704E+03  0.2337666E+01 -0.3316330E-05  0.4465145E-01  0.7448066E+00
   04  0.4355981E+03  0.2337400E+01 -0.3557902E-05  0.4517425E-01  0.7445403E+00
   04  0.4372258E+03  0.2337129E+01 -0.3794899E-05  0.4571177E-01  0.7442697E+00
   04  0.4388536E+03  0.2336854E+01 -0.4027511E-05  0.4626468E-01  0.7439947E+00
   04  0.4404813E+03  0.2336574E+01 -0.4255914E-05  0.4683367E-01  0.7437150E+00
   04  0.4421091E+03  0.2336290E+01 -0.4480268E-05  0.4741937E-01  0.7434305E+00
   04  0.4437368E+03  0.2336001E+01 -0.4700718E-05  0.4802245E-01  0.7431411E+00
   04  0.4453645E+03  0.2335706E+01 -0.4917396E-05  0.4864352E-01  0.7428465E+00
   04  0.4469923E+03  0.2335406E+01 -0.5130424E-05  0.4928320E-01  0.7425467E+00
   04  0.4486200E+03  0.2335101E+01 -0.5339909E-05  0.4994211E-01  0.7422414E+00
   04  0.4502478E+03  0.2334790E+01 -0.5545949E-05  0.5062082E-01  0.7419305E+00
   04  0.4518755E+03  0.2334473E+01 -0.5748631E-05  0.5131993E-01  0.7416138E+00
   04  0.4535033E+03  0.2334151E+01 -0.5948032E-05  0.5204000E-01  0.7412912E+00
   04  0.4551310E+03  0.2333822E+01 -0.6144223E-05  0.5278159E-01  0.7409624E+00
   04  0.4567587E+03  0.2333487E+01 -0.6337265E-05  0.5354526E-01  0.7406274E+00
   04  0.4583865E+03  0.2333145E+01 -0.6527213E-05  0.5433155E-01  0.7402859E+00
   04  0.4600142E+03  0.2332797E+01 -0.6719764E-05  0.5514138E-01  0.7399376E+00
   04  0.4616420E+03  0.2332442E+01 -0.6915777E-05  0.5597565E-01  0.7395825E+00
   04  0.4632697E+03  0.2332080E+01 -0.7115367E-05  0.5683518E-01  0.7392203E+00
   04  0.4648974E+03  0.2331710E+01 -0.7318619E-05  0.5772080E-01  0.7388506E+00
   04  0.4665252E+03  0.2331333E+01 -0.7525587E-05  0.5863332E-01  0.7384734E+00
   04  0.4681529E+03  0.2330948E+01 -0.7736296E-05  0.5957351E-01  0.7380884E+00
   04  0.4697807E+03  0.2330555E+01 -0.7950743E-05  0.6054214E-01  0.7376953E+00
   04  0.4714084E+03  0.2330153E+01 -0.8168899E-05  0.6153996E-01  0.7372940E+00
   04  0.4730362E+03  0.2329744E+01 -0.8390707E-05  0.6256768E-01  0.7368842E+00
   04  0.4746639E+03  0.2329325E+01 -0.8616164E-05  0.6362601E-01  0.7364656E+00
   04  0.4762916E+03  0.2328897E+01 -0.8845307E-05  0.6471564E-01  0.7360380E+00
   04  0.4779194E+03  0.2328461E+01 -0.9078013E-05  0.6583721E-01  0.7356013E+00
   04  0.4795471E+03  0.2328015E+01 -0.9314127E-05  0.6699132E-01  0.7351552E+00
   04  0.4811749E+03  0.2327559E+01 -0.9553457E-05  0.6817856E-01  0.7346993E+00
   04  0.4828026E+03  0.2327093E+01 -0.9795786E-05  0.6939947E-01  0.7342337E+00
   04  0.4844303E+03  0.2326617E+01 -0.1004087E-04  0.7065455E-01  0.7337579E+00
   04  0.4860581E+03  0.2326131E+01 -0.1028846E-04  0.7194428E-01  0.7332718E+00
   04  0.4876858E+03  0.2325635E+01 -0.1053827E-04  0.7326911E-01  0.7327752E+00
   04  0.4893136E+03  0.2325127E+01 -0.1079003E-04  0.7462945E-01  0.7322678E+00
   04  0.4909413E+03  0.2324609E+01 -0.1104343E-04  0.7602569E-01  0.7317495E+00
   04  0.4925691E+03  0.2324079E+01 -0.1129820E-04  0.7745817E-01  0.7312200E+00
   04  0.4941968E+03  0.2323538E+01 -0.1155405E-04  0.7892724E-01  0.7306790E+00
   04  0.4958245E+03  0.2322986E+01 -0.1181066E-04  0.8043320E-01  0.7301265E+00
   04  0.4974523E+03  0.2322422E+01 -0.1206762E-04  0.8197632E-01  0.7295622E+00
   04  0.4990800E+03  0.2321845E+01 -0.1232454E-04  0.8355685E-01  0.7289859E+00
   04  0.5007078E+03  0.2321257E+01 -0.1258104E-04  0.8517499E-01  0.7283974E+00
   04  0.5023355E+03  0.2320656E+01 -0.1283676E-04  0.8683096E-01  0.7277965E+00
   04  0.5039632E+03  0.2320042E+01 -0.1309135E-04  0.8852491E-01  0.7271829E+00
   04  0.5055910E+03  0.2319416E+01 -0.1334449E-04  0.9025702E-01  0.7265566E+00
   04  0.5072187E+03  0.2318777E+01 -0.1359594E-04  0.9202744E-01  0.7259172E+00
   04  0.5088465E+03  0.2318124E+01 -0.1384551E-04  0.9383630E-01  0.7252647E+00
   04  0.5104742E+03  0.2317458E+01 -0.1409301E-04  0.9568374E-01  0.7245987E+00
   04  0.5121020E+03  0.2316779E+01 -0.1433822E-04  0.9756990E-01  0.7239192E+00
   04  0.5137297E+03  0.2316085E+01 -0.1458093E-04  0.9949489E-01  0.7232259E+00
   04  0.5153574E+03  0.2315378E+01 -0.1482093E-04  0.1014588E+00  0.7225186E+00
   04  0.5169852E+03  0.2314657E+01 -0.1505805E-04  0.1034618E+00  0.7217971E+00
   04  0.5186129E+03  0.2313921E+01 -0.1529209E-04  0.1055038E+00  0.7210613E+00
   04  0.5202407E+03  0.2313170E+01 -0.1552290E-04  0.1075851E+00  0.7203109E+00
   04  0.5218684E+03  0.2312405E+01 -0.1575031E-04  0.1097057E+00  0.7195457E+00
   04  0.5234961E+03  0.2311625E+01 -0.1597418E-04  0.1118656E+00  0.7187656E+00
   04  0.5251239E+03  0.2310830E+01 -0.1619435E-04  0.1140650E+00  0.7179703E+00
   04  0.5267516E+03  0.2310019E+01 -0.1641070E-04  0.1163039E+00  0.7171597E+00
   04  0.5283794E+03  0.2309193E+01 -0.1662311E-04  0.1185825E+00  0.7163336E+00
   04  0.5300071E+03  0.2308351E+01 -0.1683148E-04  0.1209007E+00  0.7154917E+00
   04  0.5316349E+03  0.2307493E+01 -0.1703569E-04  0.1232587E+00  0.7146338E+00
   04  0.5332626E+03  0.2306619E+01 -0.1723565E-04  0.1256565E+00  0.7137599E+00
   04  0.5348903E+03  0.2305729E+01 -0.1743126E-04  0.1280943E+00  0.7128696E+00
   04  0.5365181E+03  0.2304822E+01 -0.1762245E-04  0.1305721E+00  0.7119627E+00
   04  0.5381458E+03  0.2303899E+01 -0.1780914E-04  0.1330900E+00  0.7110391E+00
   04  0.5397736E+03  0.2302958E+01 -0.1799126E-04  0.1356481E+00  0.7100986E+00
   04  0.5414013E+03  0.2302000E+01 -0.1816874E-04  0.1382466E+00  0.7091409E+00
   04  0.5430290E+03  0.2301025E+01 -0.1834150E-04  0.1408854E+00  0.7081658E+00
   04  0.5446568E+03  0.2300033E+01 -0.1850945E-04  0.1435648E+00  0.7071732E+00
   04  0.5462845E+03  0.2299022E+01 -0.1867252E-04  0.1462849E+00  0.7061628E+00
   04  0.5479123E+03  0.2297994E+01 -0.1883066E-04  0.1490457E+00  0.7051344E+00
   04  0.5495400E+03  0.2296947E+01 -0.1898381E-04  0.1518473E+00  0.7040878E+00
   04  0.5511678E+03  0.2295882E+01 -0.1913195E-04  0.1546900E+00  0.7030228E+00
   04  0.5527955E+03  0.2294799E+01 -0.1927504E-04  0.1575738E+00  0.7019391E+00
   04  0.5544232E+03  0.2293696E+01 -0.1941306E-04  0.1604989E+00  0.7008366E+00
   04  0.5560510E+03  0.2292574E+01 -0.1954601E-04  0.1634655E+00  0.6997150E+00
   04  0.5576787E+03  0.2291434E+01 -0.1967388E-04  0.1664736E+00  0.6985741E+00
   04  0.5593065E+03  0.2290273E+01 -0.1979669E-04  0.1695236E+00  0.6974137E+00
   04  0.5609342E+03  0.2289093E+01 -0.1991444E-04  0.1726154E+00  0.6962335E+00
   04  0.5625619E+03  0.2287893E+01 -0.2002715E-04  0.1757495E+00  0.6950334E+00
   04  0.5641897E+03  0.2286672E+01 -0.2013486E-04  0.1789258E+00  0.6938130E+00
   04  0.5658174E+03  0.2285432E+01 -0.2023760E-04  0.1821447E+00  0.6925721E+00
   04  0.5674452E+03  0.2284170E+01 -0.2033541E-04  0.1854063E+00  0.6913105E+00
   04  0.5690729E+03  0.2282887E+01 -0.2042834E-04  0.1887109E+00  0.6900280E+00
   04  0.5707007E+03  0.2281584E+01 -0.2051644E-04  0.1920587E+00  0.6887243E+00
   04  0.5723284E+03  0.2280259E+01 -0.2059975E-04  0.1954499E+00  0.6873992E+00
   04  0.5739561E+03  0.2278912E+01 -0.2067835E-04  0.1988848E+00  0.6860524E+00
   04  0.5755839E+03  0.2277543E+01 -0.2075230E-04  0.2023636E+00  0.6846836E+00
   04  0.5772116E+03  0.2276152E+01 -0.2082166E-04  0.2058866E+00  0.6832927E+00
   04  0.5788394E+03  0.2274739E+01 -0.2088651E-04  0.2094541E+00  0.6818793E+00
   04  0.5804671E+03  0.2273303E+01 -0.2094692E-04  0.2130663E+00  0.6804432E+00
   04  0.5820948E+03  0.2271844E+01 -0.2100297E-04  0.2167235E+00  0.6789841E+00
   04  0.5837226E+03  0.2270361E+01 -0.2105473E-04  0.2204260E+00  0.6775017E+00
   04  0.5853503E+03  0.2268855E+01 -0.2110229E-04  0.2241741E+00  0.6759959E+00
   04  0.5869781E+03  0.2267326E+01 -0.2114574E-04  0.2279680E+00  0.6744662E+00
   04  0.5886058E+03  0.2265772E+01 -0.2118515E-04  0.2318080E+00  0.6729126E+00
   04  0.5902336E+03  0.2264194E+01 -0.2122071E-04  0.2356945E+00  0.6713345E+00
   04  0.5918613E+03  0.2262591E+01 -0.2125257E-04  0.2396278E+00  0.6697319E+00
   04  0.5934890E+03  0.2260964E+01 -0.2128089E-04  0.2436081E+00  0.6681043E+00
   04  0.5951168E+03  0.2259311E+01 -0.2130583E-04  0.2476359E+00  0.6664516E+00
   04  0.5967445E+03  0.2257633E+01 -0.2132752E-04  0.2517116E+00  0.6647733E+00
   04  0.5983723E+03  0.2255929E+01 -0.2134611E-04  0.2558354E+00  0.6630693E+00
