# gauge_id= 506 location=( -0.1253000000E+03  0.4150000000E+02 ) num_var=  4
# Stationary gauge
# level, time, q[  1  2  3], eta, aux[]
# file format ascii, time series follow in this file
   02  0.0000000E+00  0.3126981E+04  0.0000000E+00  0.0000000E+00  0.0000000E+00
   02  0.1000000E+01  0.3126981E+04 -0.2358721E-13  0.5426062E-14 -0.5356383E-02
   02  0.1142857E+01  0.3126983E+04 -0.2858413E+00  0.1170536E-01 -0.3441737E-02
   02  0.1285714E+01  0.3126985E+04 -0.5716412E+00  0.2316771E-01 -0.1528731E-02
   02  0.1428571E+01  0.3126987E+04 -0.8574064E+00  0.3438683E-01  0.3826735E-03
   02  0.1571429E+01  0.3126989E+04 -0.1143145E+01  0.4536249E-01  0.2292524E-02
   02  0.1714286E+01  0.3126991E+04 -0.1428869E+01  0.5609446E-01  0.4200883E-02
   02  0.1857143E+01  0.3126993E+04 -0.1714592E+01  0.6658245E-01  0.6107830E-02
   02  0.2000000E+01  0.3126995E+04 -0.2000333E+01  0.7682617E-01  0.8013476E-02
   02  0.4673503E+02  0.3127581E+04 -0.9428652E+02 -0.7002409E+01  0.5941578E+00
   03  0.9147006E+02  0.3145950E+04 -0.2329426E+03 -0.3197956E+02  0.1299799E+01
   03  0.1004171E+03  0.3145932E+04 -0.2351967E+03 -0.4603692E+02  0.1281696E+01
   03  0.1093641E+03  0.3145920E+04 -0.2349827E+03 -0.5479751E+02  0.1269369E+01
   03  0.1183111E+03  0.3145919E+04 -0.2344709E+03 -0.5907668E+02  0.1268477E+01
   03  0.1272581E+03  0.3145923E+04 -0.2338821E+03 -0.6081136E+02  0.1272327E+01
   03  0.1362051E+03  0.3145923E+04 -0.2330377E+03 -0.6126284E+02  0.1272735E+01
   03  0.1451521E+03  0.3145918E+04 -0.2317498E+03 -0.6122029E+02  0.1266858E+01
   03  0.1540991E+03  0.3145904E+04 -0.2296858E+03 -0.6103321E+02  0.1252892E+01
   03  0.1630461E+03  0.3145881E+04 -0.2266665E+03 -0.6075872E+02  0.1229879E+01
   03  0.1719931E+03  0.3145849E+04 -0.2227325E+03 -0.6035671E+02  0.1197923E+01
   04  0.1809401E+03  0.3146356E+04 -0.2185346E+03 -0.5993125E+02  0.1162419E+01
   04  0.1824313E+03  0.3146345E+04 -0.2174515E+03 -0.5976118E+02  0.1151284E+01
   04  0.1839225E+03  0.3146335E+04 -0.2164564E+03 -0.5957363E+02  0.1141837E+01
   04  0.1854136E+03  0.3146328E+04 -0.2156045E+03 -0.5938357E+02  0.1134095E+01
   04  0.1869048E+03  0.3146321E+04 -0.2148533E+03 -0.5920526E+02  0.1127498E+01
   04  0.1883960E+03  0.3146315E+04 -0.2141893E+03 -0.5904120E+02  0.1121583E+01
   04  0.1898871E+03  0.3146310E+04 -0.2135838E+03 -0.5888598E+02  0.1116076E+01
   04  0.1913783E+03  0.3146304E+04 -0.2129625E+03 -0.5873484E+02  0.1110698E+01
   04  0.1928695E+03  0.3146299E+04 -0.2122267E+03 -0.5858641E+02  0.1105063E+01
   04  0.1943606E+03  0.3146292E+04 -0.2113096E+03 -0.5844400E+02  0.1098757E+01
   04  0.1958518E+03  0.3146285E+04 -0.2102189E+03 -0.5831500E+02  0.1091479E+01
   04  0.1973430E+03  0.3146277E+04 -0.2090342E+03 -0.5820642E+02  0.1083172E+01
   04  0.1988341E+03  0.3146268E+04 -0.2078692E+03 -0.5812021E+02  0.1074077E+01
   04  0.2003253E+03  0.3146258E+04 -0.2068207E+03 -0.5805296E+02  0.1064656E+01
   04  0.2018165E+03  0.3146249E+04 -0.2059281E+03 -0.5800003E+02  0.1055391E+01
   04  0.2033076E+03  0.3146240E+04 -0.2051648E+03 -0.5795814E+02  0.1046573E+01
   04  0.2047988E+03  0.3146232E+04 -0.2044541E+03 -0.5792649E+02  0.1038185E+01
   04  0.2062900E+03  0.3146224E+04 -0.2036909E+03 -0.5790609E+02  0.1029902E+01
   04  0.2077811E+03  0.3146215E+04 -0.2027570E+03 -0.5789213E+02  0.1021191E+01
   04  0.2092723E+03  0.3146205E+04 -0.2015411E+03 -0.5786635E+02  0.1011507E+01
   04  0.2107635E+03  0.3146194E+04 -0.1999777E+03 -0.5779523E+02  0.1000541E+01
   04  0.2122546E+03  0.3146182E+04 -0.1980923E+03 -0.5764756E+02  0.9884442E+00
   04  0.2137458E+03  0.3146169E+04 -0.1960170E+03 -0.5741334E+02  0.9758567E+00
   04  0.2152370E+03  0.3146157E+04 -0.1939437E+03 -0.5710215E+02  0.9636884E+00
   04  0.2167281E+03  0.3146146E+04 -0.1920324E+03 -0.5673682E+02  0.9526560E+00
   04  0.2182193E+03  0.3146137E+04 -0.1903393E+03 -0.5634803E+02  0.9429006E+00
   04  0.2197105E+03  0.3146128E+04 -0.1888060E+03 -0.5594235E+02  0.9340274E+00
   04  0.2212017E+03  0.3146119E+04 -0.1872767E+03 -0.5552059E+02  0.9251761E+00
   04  0.2226928E+03  0.3146109E+04 -0.1855441E+03 -0.5507988E+02  0.9152285E+00
   04  0.2241840E+03  0.3146097E+04 -0.1833827E+03 -0.5461181E+02  0.9029732E+00
   04  0.2256752E+03  0.3146081E+04 -0.1805962E+03 -0.5411099E+02  0.8873664E+00
   04  0.2271663E+03  0.3146062E+04 -0.1771021E+03 -0.5357929E+02  0.8679351E+00
   04  0.2286575E+03  0.3146039E+04 -0.1729986E+03 -0.5302446E+02  0.8451876E+00
   04  0.2301487E+03  0.3146014E+04 -0.1685553E+03 -0.5245523E+02  0.8205956E+00
   04  0.2316398E+03  0.3145990E+04 -0.1641085E+03 -0.5187592E+02  0.7960313E+00
   04  0.2331310E+03  0.3145967E+04 -0.1599192E+03 -0.5128325E+02  0.7729639E+00
   04  0.2346222E+03  0.3145946E+04 -0.1560708E+03 -0.5066865E+02  0.7519555E+00
   04  0.2361133E+03  0.3145926E+04 -0.1524709E+03 -0.5002357E+02  0.7325773E+00
   04  0.2376045E+03  0.3145907E+04 -0.1489103E+03 -0.4933540E+02  0.7137250E+00
   04  0.2390957E+03  0.3145888E+04 -0.1451468E+03 -0.4859342E+02  0.6940785E+00
   04  0.2405868E+03  0.3145866E+04 -0.1409845E+03 -0.4779000E+02  0.6725463E+00
   04  0.2420780E+03  0.3145842E+04 -0.1363474E+03 -0.4691904E+02  0.6486887E+00
   04  0.2435692E+03  0.3145817E+04 -0.1313259E+03 -0.4597114E+02  0.6229971E+00
   04  0.2450603E+03  0.3145790E+04 -0.1261619E+03 -0.4492915E+02  0.5968447E+00
   04  0.2465515E+03  0.3145766E+04 -0.1211697E+03 -0.4376975E+02  0.5719711E+00
   04  0.2480427E+03  0.3145743E+04 -0.1166115E+03 -0.4246938E+02  0.5498025E+00
   04  0.2495338E+03  0.3145725E+04 -0.1126042E+03 -0.4101289E+02  0.5309417E+00
   04  0.2510250E+03  0.3145709E+04 -0.1091080E+03 -0.3940444E+02  0.5150870E+00
   04  0.2525162E+03  0.3145695E+04 -0.1059771E+03 -0.3766757E+02  0.5013424E+00
   04  0.2540073E+03  0.3145682E+04 -0.1030379E+03 -0.3583841E+02  0.4886517E+00
   04  0.2554985E+03  0.3145670E+04 -0.1001600E+03 -0.3395816E+02  0.4762071E+00
   04  0.2569897E+03  0.3145657E+04 -0.9730437E+02 -0.3206509E+02  0.4637376E+00
   04  0.2584808E+03  0.3145645E+04 -0.9453887E+02 -0.3018636E+02  0.4516123E+00
   04  0.2599720E+03  0.3145634E+04 -0.9200905E+02 -0.2833269E+02  0.4406911E+00
   04  0.2614632E+03  0.3145626E+04 -0.8987081E+02 -0.2649829E+02  0.4319449E+00
   04  0.2629543E+03  0.3145620E+04 -0.8821779E+02 -0.2466543E+02  0.4260257E+00
   04  0.2644455E+03  0.3145617E+04 -0.8704338E+02 -0.2281042E+02  0.4230184E+00
   04  0.2659367E+03  0.3145616E+04 -0.8625456E+02 -0.2091022E+02  0.4224965E+00
   04  0.2674278E+03  0.3145617E+04 -0.8571758E+02 -0.1894572E+02  0.4237661E+00
   04  0.2689190E+03  0.3145620E+04 -0.8530142E+02 -0.1690227E+02  0.4261092E+00
   04  0.2704102E+03  0.3145623E+04 -0.8490104E+02 -0.1476974E+02  0.4289199E+00
   04  0.2719014E+03  0.3145625E+04 -0.8444734E+02 -0.1254339E+02  0.4317683E+00
   04  0.2733925E+03  0.3145628E+04 -0.8391982E+02 -0.1022551E+02  0.4344773E+00
   04  0.2748837E+03  0.3145631E+04 -0.8336313E+02 -0.7825790E+01  0.4372197E+00
   04  0.2763749E+03  0.3145634E+04 -0.8287860E+02 -0.5360849E+01  0.4404682E+00
   04  0.2778660E+03  0.3145638E+04 -0.8257199E+02 -0.2856451E+01  0.4447007E+00
   04  0.2793572E+03  0.3145644E+04 -0.8249594E+02 -0.3495987E+00  0.4500830E+00
   04  0.2808484E+03  0.3145650E+04 -0.8262407E+02  0.2112334E+01  0.4563434E+00
   04  0.2823395E+03  0.3145657E+04 -0.8289508E+02  0.4483409E+01  0.4630249E+00
   04  0.2838307E+03  0.3145663E+04 -0.8325231E+02  0.6734159E+01  0.4697341E+00
   04  0.2853219E+03  0.3145670E+04 -0.8366642E+02  0.8859653E+01  0.4762754E+00
   04  0.2868130E+03  0.3145676E+04 -0.8411781E+02  0.1087474E+02  0.4825668E+00
   04  0.2883042E+03  0.3145682E+04 -0.8458294E+02  0.1280225E+02  0.4885499E+00
   04  0.2897954E+03  0.3145688E+04 -0.8503830E+02  0.1467016E+02  0.4941958E+00
   04  0.2912865E+03  0.3145693E+04 -0.8546907E+02  0.1651114E+02  0.4995511E+00
   04  0.2927777E+03  0.3145698E+04 -0.8587593E+02  0.1836009E+02  0.5047548E+00
   04  0.2942689E+03  0.3145704E+04 -0.8626190E+02  0.2025466E+02  0.5099566E+00
   04  0.2957600E+03  0.3145709E+04 -0.8666136E+02  0.2222621E+02  0.5154735E+00
   04  0.2972512E+03  0.3145715E+04 -0.8711080E+02  0.2429251E+02  0.5216323E+00
   04  0.2987424E+03  0.3145722E+04 -0.8763220E+02  0.2646354E+02  0.5286511E+00
   04  0.3002335E+03  0.3145730E+04 -0.8822845E+02  0.2874821E+02  0.5366107E+00
   04  0.3017247E+03  0.3145739E+04 -0.8891546E+02  0.3115008E+02  0.5456286E+00
   04  0.3032159E+03  0.3145749E+04 -0.8968965E+02  0.3366270E+02  0.5556903E+00
   04  0.3047070E+03  0.3145760E+04 -0.9053411E+02  0.3627046E+02  0.5666498E+00
   04  0.3061982E+03  0.3145772E+04 -0.9142012E+02  0.3895100E+02  0.5782593E+00
   04  0.3076894E+03  0.3145784E+04 -0.9231514E+02  0.4167813E+02  0.5902188E+00
   04  0.3091805E+03  0.3145796E+04 -0.9319044E+02  0.4442544E+02  0.6022291E+00
   04  0.3106717E+03  0.3145808E+04 -0.9402716E+02  0.4717008E+02  0.6140456E+00
   04  0.3121629E+03  0.3145819E+04 -0.9482132E+02  0.4989552E+02  0.6255200E+00
   04  0.3136540E+03  0.3145830E+04 -0.9558441E+02  0.5259262E+02  0.6366182E+00
   04  0.3151452E+03  0.3145841E+04 -0.9633932E+02  0.5525961E+02  0.6474043E+00
   04  0.3165017E+03  0.3145851E+04 -0.9704290E+02  0.5766279E+02  0.6570559E+00
   04  0.3178581E+03  0.3145860E+04 -0.9778732E+02  0.6005458E+02  0.6666987E+00
   04  0.3192146E+03  0.3145870E+04 -0.9859489E+02  0.6244614E+02  0.6764850E+00
   04  0.3205710E+03  0.3145880E+04 -0.9948402E+02  0.6484883E+02  0.6865546E+00
   04  0.3219275E+03  0.3145891E+04 -0.1004638E+03  0.6727066E+02  0.6969983E+00
   04  0.3232839E+03  0.3145901E+04 -0.1015284E+03  0.6971278E+02  0.7078178E+00
   04  0.3246404E+03  0.3145913E+04 -0.1026540E+03  0.7216771E+02  0.7189036E+00
   04  0.3259968E+03  0.3145924E+04 -0.1038013E+03  0.7462054E+02  0.7300489E+00
   04  0.3273533E+03  0.3145935E+04 -0.1049251E+03  0.7705294E+02  0.7410060E+00
   04  0.3287097E+03  0.3145945E+04 -0.1059872E+03  0.7944816E+02  0.7515607E+00
   04  0.3300662E+03  0.3145955E+04 -0.1069658E+03  0.8179489E+02  0.7615896E+00
   04  0.3314226E+03  0.3145965E+04 -0.1078583E+03  0.8408873E+02  0.7710760E+00
   04  0.3327791E+03  0.3145974E+04 -0.1086777E+03  0.8633151E+02  0.7800927E+00
   04  0.3341355E+03  0.3145982E+04 -0.1094463E+03  0.8852956E+02  0.7887661E+00
   04  0.3354920E+03  0.3145991E+04 -0.1101898E+03  0.9069218E+02  0.7972438E+00
   04  0.3368484E+03  0.3145999E+04 -0.1109336E+03  0.9283085E+02  0.8056762E+00
   04  0.3382049E+03  0.3146008E+04 -0.1117019E+03  0.9495875E+02  0.8142103E+00
   04  0.3395613E+03  0.3146017E+04 -0.1125176E+03  0.9709058E+02  0.8229897E+00
   04  0.3409178E+03  0.3146026E+04 -0.1134021E+03  0.9924178E+02  0.8321509E+00
   04  0.3422742E+03  0.3146035E+04 -0.1143734E+03  0.1014272E+03  0.8418118E+00
   04  0.3436307E+03  0.3146046E+04 -0.1154434E+03  0.1036587E+03  0.8520513E+00
   04  0.3449871E+03  0.3146056E+04 -0.1166135E+03  0.1059432E+03  0.8628835E+00
   04  0.3463436E+03  0.3146068E+04 -0.1178718E+03  0.1082797E+03  0.8742369E+00
   04  0.3477000E+03  0.3146080E+04 -0.1191916E+03  0.1106589E+03  0.8859478E+00
   04  0.3490565E+03  0.3146091E+04 -0.1205345E+03  0.1130637E+03  0.8977772E+00
   04  0.3504130E+03  0.3146103E+04 -0.1218565E+03  0.1154717E+03  0.9094490E+00
   04  0.3517694E+03  0.3146114E+04 -0.1231165E+03  0.1178587E+03  0.9207001E+00
   04  0.3531259E+03  0.3146125E+04 -0.1242834E+03  0.1202020E+03  0.9313265E+00
   04  0.3544823E+03  0.3146135E+04 -0.1253411E+03  0.1224831E+03  0.9412123E+00
   04  0.3558388E+03  0.3146144E+04 -0.1262877E+03  0.1246892E+03  0.9503325E+00
   04  0.3574665E+03  0.3146154E+04 -0.1272928E+03  0.1272297E+03  0.9603473E+00
   04  0.3590942E+03  0.3146163E+04 -0.1281805E+03  0.1296494E+03  0.9695036E+00
   04  0.3607220E+03  0.3146172E+04 -0.1289840E+03  0.1319563E+03  0.9780100E+00
   04  0.3623497E+03  0.3146180E+04 -0.1297339E+03  0.1341641E+03  0.9860774E+00
   04  0.3639775E+03  0.3146188E+04 -0.1304564E+03  0.1362897E+03  0.9938955E+00
   04  0.3656052E+03  0.3146195E+04 -0.1311726E+03  0.1383517E+03  0.1001631E+01
   04  0.3672329E+03  0.3146203E+04 -0.1319006E+03  0.1403706E+03  0.1009435E+01
   04  0.3688607E+03  0.3146211E+04 -0.1326572E+03  0.1423679E+03  0.1017442E+01
   04  0.3704884E+03  0.3146219E+04 -0.1334584E+03  0.1443652E+03  0.1025772E+01
   04  0.3721162E+03  0.3146228E+04 -0.1343175E+03  0.1463824E+03  0.1034519E+01
   04  0.3737439E+03  0.3146237E+04 -0.1352413E+03  0.1484343E+03  0.1043730E+01
   04  0.3753717E+03  0.3146247E+04 -0.1362266E+03  0.1505282E+03  0.1053386E+01
   04  0.3769994E+03  0.3146257E+04 -0.1372579E+03  0.1526607E+03  0.1063385E+01
   04  0.3786271E+03  0.3146267E+04 -0.1383083E+03  0.1548178E+03  0.1073554E+01
   04  0.3802549E+03  0.3146277E+04 -0.1393417E+03  0.1569771E+03  0.1083657E+01
   04  0.3818826E+03  0.3146287E+04 -0.1403205E+03  0.1591118E+03  0.1093443E+01
   04  0.3835104E+03  0.3146296E+04 -0.1412123E+03  0.1611959E+03  0.1102693E+01
   04  0.3851381E+03  0.3146305E+04 -0.1419979E+03  0.1632099E+03  0.1111272E+01
   04  0.3867658E+03  0.3146313E+04 -0.1426762E+03  0.1651430E+03  0.1119153E+01
   04  0.3883936E+03  0.3146320E+04 -0.1432639E+03  0.1669931E+03  0.1126420E+01
   04  0.3900213E+03  0.3146327E+04 -0.1437828E+03  0.1687651E+03  0.1133182E+01
   04  0.3916491E+03  0.3146333E+04 -0.1442475E+03  0.1704668E+03  0.1139528E+01
   04  0.3932768E+03  0.3146339E+04 -0.1446662E+03  0.1721103E+03  0.1145503E+01
   04  0.3949046E+03  0.3146345E+04 -0.1450503E+03  0.1737079E+03  0.1151169E+01
   04  0.3965323E+03  0.3146350E+04 -0.1454082E+03  0.1752739E+03  0.1156573E+01
   04  0.3981600E+03  0.3146355E+04 -0.1457504E+03  0.1768231E+03  0.1161786E+01
   04  0.3997878E+03  0.3146361E+04 -0.1460910E+03  0.1783695E+03  0.1166894E+01
   04  0.4014155E+03  0.3146366E+04 -0.1464430E+03  0.1799254E+03  0.1171973E+01
   04  0.4030433E+03  0.3146371E+04 -0.1468180E+03  0.1815022E+03  0.1177086E+01
   04  0.4046710E+03  0.3146376E+04 -0.1472253E+03  0.1831102E+03  0.1182290E+01
   04  0.4062987E+03  0.3146381E+04 -0.1476717E+03  0.1847572E+03  0.1187630E+01
   04  0.4079265E+03  0.3146387E+04 -0.1481666E+03  0.1864475E+03  0.1193171E+01
   04  0.4095542E+03  0.3146393E+04 -0.1487071E+03  0.1881817E+03  0.1198921E+01
   04  0.4111820E+03  0.3146398E+04 -0.1492912E+03  0.1899569E+03  0.1204877E+01
   04  0.4128097E+03  0.3146405E+04 -0.1499116E+03  0.1917655E+03  0.1211021E+01
   04  0.4144375E+03  0.3146411E+04 -0.1505599E+03  0.1935961E+03  0.1217313E+01
   04  0.4160652E+03  0.3146417E+04 -0.1512257E+03  0.1954356E+03  0.1223704E+01
   04  0.4176929E+03  0.3146424E+04 -0.1518998E+03  0.1972707E+03  0.1230142E+01
   04  0.4193207E+03  0.3146430E+04 -0.1525744E+03  0.1990891E+03  0.1236579E+01
   04  0.4209484E+03  0.3146437E+04 -0.1532432E+03  0.2008808E+03  0.1242971E+01
   04  0.4225762E+03  0.3146443E+04 -0.1539012E+03  0.2026386E+03  0.1249282E+01
   04  0.4242039E+03  0.3146449E+04 -0.1545434E+03  0.2043580E+03  0.1255478E+01
   04  0.4258316E+03  0.3146455E+04 -0.1551657E+03  0.2060374E+03  0.1261527E+01
   04  0.4274594E+03  0.3146461E+04 -0.1557643E+03  0.2076773E+03  0.1267401E+01
   04  0.4290871E+03  0.3146467E+04 -0.1563355E+03  0.2092800E+03  0.1273074E+01
   04  0.4307149E+03  0.3146472E+04 -0.1568766E+03  0.2108490E+03  0.1278527E+01
   04  0.4323426E+03  0.3146477E+04 -0.1573881E+03  0.2123875E+03  0.1283756E+01
   04  0.4339704E+03  0.3146482E+04 -0.1578714E+03  0.2138971E+03  0.1288759E+01
   04  0.4355981E+03  0.3146487E+04 -0.1583267E+03  0.2153785E+03  0.1293522E+01
   04  0.4372258E+03  0.3146492E+04 -0.1587543E+03  0.2168319E+03  0.1298032E+01
   04  0.4388536E+03  0.3146496E+04 -0.1591553E+03  0.2182583E+03  0.1302281E+01
   04  0.4404813E+03  0.3146500E+04 -0.1595341E+03  0.2196594E+03  0.1306278E+01
   04  0.4421091E+03  0.3146504E+04 -0.1598967E+03  0.2210371E+03  0.1310044E+01
   04  0.4437368E+03  0.3146507E+04 -0.1602469E+03  0.2223935E+03  0.1313603E+01
   04  0.4453645E+03  0.3146511E+04 -0.1605891E+03  0.2237311E+03  0.1316983E+01
   04  0.4469923E+03  0.3146514E+04 -0.1609270E+03  0.2250527E+03  0.1320226E+01
   04  0.4486200E+03  0.3146517E+04 -0.1612654E+03  0.2263613E+03  0.1323385E+01
   04  0.4502478E+03  0.3146520E+04 -0.1616092E+03  0.2276599E+03  0.1326527E+01
   04  0.4518755E+03  0.3146523E+04 -0.1619622E+03  0.2289518E+03  0.1329720E+01
   04  0.4535033E+03  0.3146527E+04 -0.1623270E+03  0.2302401E+03  0.1333022E+01
   04  0.4551310E+03  0.3146530E+04 -0.1627042E+03  0.2315275E+03  0.1336477E+01
   04  0.4567587E+03  0.3146534E+04 -0.1630921E+03  0.2328158E+03  0.1340101E+01
   04  0.4583865E+03  0.3146537E+04 -0.1634859E+03  0.2341036E+03  0.1343887E+01
   04  0.4600142E+03  0.3146541E+04 -0.1638804E+03  0.2353887E+03  0.1347805E+01
   04  0.4616420E+03  0.3146545E+04 -0.1642696E+03  0.2366667E+03  0.1351808E+01
   04  0.4632697E+03  0.3146549E+04 -0.1646475E+03  0.2379303E+03  0.1355841E+01
   04  0.4648974E+03  0.3146553E+04 -0.1650089E+03  0.2391711E+03  0.1359849E+01
   04  0.4665252E+03  0.3146557E+04 -0.1653482E+03  0.2403817E+03  0.1363772E+01
   04  0.4681529E+03  0.3146561E+04 -0.1656627E+03  0.2415561E+03  0.1367560E+01
   04  0.4697807E+03  0.3146565E+04 -0.1659533E+03  0.2426914E+03  0.1371183E+01
   04  0.4714084E+03  0.3146568E+04 -0.1662204E+03  0.2437868E+03  0.1374611E+01
   04  0.4730362E+03  0.3146571E+04 -0.1664628E+03  0.2448420E+03  0.1377824E+01
   04  0.4746639E+03  0.3146574E+04 -0.1666805E+03  0.2458576E+03  0.1380816E+01
   04  0.4762916E+03  0.3146577E+04 -0.1668706E+03  0.2468338E+03  0.1383570E+01
   04  0.4779194E+03  0.3146580E+04 -0.1670303E+03  0.2477699E+03  0.1386080E+01
   04  0.4795471E+03  0.3146582E+04 -0.1671559E+03  0.2486643E+03  0.1388336E+01
   04  0.4811749E+03  0.3146584E+04 -0.1672422E+03  0.2495141E+03  0.1390319E+01
   04  0.4828026E+03  0.3146586E+04 -0.1672829E+03  0.2503160E+03  0.1392003E+01
   04  0.4844303E+03  0.3146587E+04 -0.1672728E+03  0.2510653E+03  0.1393372E+01
   04  0.4860581E+03  0.3146588E+04 -0.1672086E+03  0.2517572E+03  0.1394414E+01
   04  0.4876858E+03  0.3146589E+04 -0.1670892E+03  0.2523887E+03  0.1395125E+01
   04  0.4893136E+03  0.3146589E+04 -0.1669164E+03  0.2529568E+03  0.1395509E+01
   04  0.4909413E+03  0.3146589E+04 -0.1666918E+03  0.2534579E+03  0.1395569E+01
   04  0.4925691E+03  0.3146589E+04 -0.1664140E+03  0.2538883E+03  0.1395291E+01
   04  0.4941968E+03  0.3146588E+04 -0.1660790E+03  0.2542435E+03  0.1394636E+01
   04  0.4958245E+03  0.3146587E+04 -0.1656813E+03  0.2545194E+03  0.1393538E+01
   04  0.4974523E+03  0.3146586E+04 -0.1652143E+03  0.2547116E+03  0.1391917E+01
   04  0.4990800E+03  0.3146583E+04 -0.1646693E+03  0.2548161E+03  0.1389687E+01
   04  0.5007078E+03  0.3146580E+04 -0.1640357E+03  0.2548316E+03  0.1386771E+01
   04  0.5023355E+03  0.3146577E+04 -0.1633089E+03  0.2547531E+03  0.1383122E+01
   04  0.5039632E+03  0.3146572E+04 -0.1624953E+03  0.2545917E+03  0.1378790E+01
   04  0.5055910E+03  0.3146567E+04 -0.1616039E+03  0.2543626E+03  0.1373853E+01
   04  0.5072187E+03  0.3146562E+04 -0.1606371E+03  0.2540664E+03  0.1368340E+01
   04  0.5088465E+03  0.3146556E+04 -0.1595905E+03  0.2536920E+03  0.1362203E+01
   04  0.5104742E+03  0.3146549E+04 -0.1584592E+03  0.2532265E+03  0.1355392E+01
   04  0.5121020E+03  0.3146541E+04 -0.1572366E+03  0.2526548E+03  0.1347832E+01
   04  0.5137297E+03  0.3146533E+04 -0.1559182E+03  0.2519578E+03  0.1339429E+01
   04  0.5153574E+03  0.3146524E+04 -0.1545104E+03  0.2511375E+03  0.1330207E+01
   04  0.5169852E+03  0.3146514E+04 -0.1530324E+03  0.2502148E+03  0.1320314E+01
   04  0.5186129E+03  0.3146504E+04 -0.1515123E+03  0.2492199E+03  0.1309931E+01
   04  0.5202407E+03  0.3146493E+04 -0.1499730E+03  0.2481812E+03  0.1299240E+01
   04  0.5218684E+03  0.3146482E+04 -0.1484313E+03  0.2471190E+03  0.1288359E+01
   04  0.5234961E+03  0.3146471E+04 -0.1468971E+03  0.2460433E+03  0.1277337E+01
   04  0.5251239E+03  0.3146460E+04 -0.1453725E+03  0.2449565E+03  0.1266179E+01
   04  0.5267516E+03  0.3146448E+04 -0.1438567E+03  0.2438569E+03  0.1254872E+01
   04  0.5283794E+03  0.3146437E+04 -0.1423492E+03  0.2427421E+03  0.1243398E+01
   04  0.5300071E+03  0.3146425E+04 -0.1408514E+03  0.2416113E+03  0.1231753E+01
   04  0.5316349E+03  0.3146414E+04 -0.1393660E+03  0.2404667E+03  0.1219959E+01
   04  0.5332626E+03  0.3146402E+04 -0.1378965E+03  0.2393133E+03  0.1208051E+01
   04  0.5348903E+03  0.3146390E+04 -0.1364472E+03  0.2381576E+03  0.1196069E+01
   04  0.5365181E+03  0.3146378E+04 -0.1350211E+03  0.2370051E+03  0.1184051E+01
   04  0.5381458E+03  0.3146366E+04 -0.1336194E+03  0.2358591E+03  0.1172023E+01
   04  0.5397736E+03  0.3146354E+04 -0.1322416E+03  0.2347203E+03  0.1159994E+01
   04  0.5414013E+03  0.3146342E+04 -0.1308855E+03  0.2335875E+03  0.1147949E+01
   04  0.5430290E+03  0.3146329E+04 -0.1295482E+03  0.2324578E+03  0.1135862E+01
   04  0.5446568E+03  0.3146317E+04 -0.1282258E+03  0.2313285E+03  0.1123702E+01
   04  0.5462845E+03  0.3146305E+04 -0.1269151E+03  0.2301965E+03  0.1111442E+01
   04  0.5479123E+03  0.3146293E+04 -0.1256146E+03  0.2290605E+03  0.1099067E+01
   04  0.5495400E+03  0.3146280E+04 -0.1243234E+03  0.2279210E+03  0.1086578E+01
   04  0.5511678E+03  0.3146268E+04 -0.1230410E+03  0.2267786E+03  0.1074008E+01
   04  0.5527955E+03  0.3146255E+04 -0.1217705E+03  0.2256340E+03  0.1061412E+01
   04  0.5544232E+03  0.3146242E+04 -0.1205152E+03  0.2244921E+03  0.1048848E+01
   04  0.5560510E+03  0.3146230E+04 -0.1192799E+03  0.2233556E+03  0.1036399E+01
   04  0.5576787E+03  0.3146218E+04 -0.1180689E+03  0.2222291E+03  0.1024156E+01
   04  0.5593065E+03  0.3146206E+04 -0.1168876E+03  0.2211188E+03  0.1012204E+01
   04  0.5609342E+03  0.3146194E+04 -0.1157411E+03  0.2200306E+03  0.1000621E+01
   04  0.5625619E+03  0.3146183E+04 -0.1146335E+03  0.2189698E+03  0.9894766E+00
   04  0.5641897E+03  0.3146172E+04 -0.1135681E+03  0.2179397E+03  0.9788311E+00
   04  0.5658174E+03  0.3146162E+04 -0.1125470E+03  0.2169431E+03  0.9687308E+00
   04  0.5674452E+03  0.3146153E+04 -0.1115713E+03  0.2159815E+03  0.9592044E+00
   04  0.5690729E+03  0.3146144E+04 -0.1106404E+03  0.2150568E+03  0.9502585E+00
   04  0.5707007E+03  0.3146135E+04 -0.1097529E+03  0.2141696E+03  0.9418801E+00
   04  0.5723284E+03  0.3146128E+04 -0.1089066E+03  0.2133185E+03  0.9340457E+00
   04  0.5739561E+03  0.3146120E+04 -0.1080991E+03  0.2125015E+03  0.9267155E+00
   04  0.5755839E+03  0.3146113E+04 -0.1073259E+03  0.2117137E+03  0.9198502E+00
   04  0.5772116E+03  0.3146107E+04 -0.1065813E+03  0.2109494E+03  0.9134032E+00
   04  0.5788394E+03  0.3146101E+04 -0.1058599E+03  0.2102019E+03  0.9073235E+00
   04  0.5804671E+03  0.3146095E+04 -0.1051574E+03  0.2094620E+03  0.9015724E+00
   04  0.5820948E+03  0.3146090E+04 -0.1044704E+03  0.2087197E+03  0.8961113E+00
   04  0.5837226E+03  0.3146085E+04 -0.1037969E+03  0.2079672E+03  0.8908998E+00
   04  0.5853503E+03  0.3146080E+04 -0.1031363E+03  0.2071982E+03  0.8859076E+00
   04  0.5869781E+03  0.3146075E+04 -0.1024889E+03  0.2064069E+03  0.8811269E+00
   04  0.5886058E+03  0.3146070E+04 -0.1018562E+03  0.2055881E+03  0.8765715E+00
   04  0.5902336E+03  0.3146066E+04 -0.1012404E+03  0.2047376E+03  0.8722732E+00
   04  0.5918613E+03  0.3146062E+04 -0.1006447E+03  0.2038524E+03  0.8682782E+00
   04  0.5934890E+03  0.3146058E+04 -0.1000731E+03  0.2029305E+03  0.8646410E+00
   04  0.5951168E+03  0.3146055E+04 -0.9953004E+02  0.2019704E+03  0.8614193E+00
   04  0.5967445E+03  0.3146052E+04 -0.9901932E+02  0.2009701E+03  0.8586685E+00
   04  0.5983723E+03  0.3146050E+04 -0.9854347E+02  0.1999270E+03  0.8564359E+00
