# gauge_id= 610 location=( -0.1242130909E+03  0.4175877177E+02 ) num_var=  4
# Stationary gauge
# level, time, q[  1  2  3], eta, aux[]
# file format ascii, time series follow in this file
   04  0.0000000E+00  0.1507108E+02  0.0000000E+00  0.0000000E+00  0.0000000E+00
   04  0.1000000E+01  0.1507108E+02 -0.2335525E-15 -0.3767415E-16 -0.1462584E+01
   04  0.1015873E+01  0.1507108E+02 -0.1882817E-05 -0.1654588E-04 -0.1462584E+01
   04  0.1031746E+01  0.1507108E+02 -0.3764405E-05 -0.3308920E-04 -0.1462584E+01
   04  0.1047619E+01  0.1507108E+02 -0.5644767E-05 -0.4962995E-04 -0.1462585E+01
   04  0.1063492E+01  0.1507108E+02 -0.7523903E-05 -0.6616814E-04 -0.1462585E+01
   04  0.1079365E+01  0.1507108E+02 -0.9401814E-05 -0.8270376E-04 -0.1462585E+01
   04  0.1095238E+01  0.1507108E+02 -0.1127850E-04 -0.9923682E-04 -0.1462585E+01
   04  0.1111111E+01  0.1507108E+02 -0.1315397E-04 -0.1157673E-03 -0.1462585E+01
   04  0.1126984E+01  0.1507108E+02 -0.1502821E-04 -0.1322952E-03 -0.1462585E+01
   04  0.1142857E+01  0.1507108E+02 -0.1690124E-04 -0.1488206E-03 -0.1462586E+01
   04  0.1158730E+01  0.1507108E+02 -0.1877305E-04 -0.1653434E-03 -0.1462586E+01
   04  0.1174603E+01  0.1507108E+02 -0.2064364E-04 -0.1818636E-03 -0.1462586E+01
   04  0.1190476E+01  0.1507108E+02 -0.2251302E-04 -0.1983813E-03 -0.1462586E+01
   04  0.1206349E+01  0.1507108E+02 -0.2438118E-04 -0.2148964E-03 -0.1462586E+01
   04  0.1222222E+01  0.1507108E+02 -0.2624813E-04 -0.2314089E-03 -0.1462586E+01
   04  0.1238095E+01  0.1507108E+02 -0.2811387E-04 -0.2479188E-03 -0.1462587E+01
   04  0.1253968E+01  0.1507108E+02 -0.2997839E-04 -0.2644262E-03 -0.1462587E+01
   04  0.1269841E+01  0.1507108E+02 -0.3184171E-04 -0.2809310E-03 -0.1462587E+01
   04  0.1285714E+01  0.1507108E+02 -0.3370382E-04 -0.2974333E-03 -0.1462587E+01
   04  0.1301587E+01  0.1507108E+02 -0.3556472E-04 -0.3139330E-03 -0.1462587E+01
   04  0.1317460E+01  0.1507108E+02 -0.3742442E-04 -0.3304301E-03 -0.1462587E+01
   04  0.1333333E+01  0.1507108E+02 -0.3928291E-04 -0.3469246E-03 -0.1462587E+01
   04  0.1349206E+01  0.1507108E+02 -0.4114020E-04 -0.3634166E-03 -0.1462588E+01
   04  0.1365079E+01  0.1507108E+02 -0.4299629E-04 -0.3799060E-03 -0.1462588E+01
   04  0.1380952E+01  0.1507108E+02 -0.4485118E-04 -0.3963928E-03 -0.1462588E+01
   04  0.1396825E+01  0.1507108E+02 -0.4670487E-04 -0.4128770E-03 -0.1462588E+01
   04  0.1412698E+01  0.1507108E+02 -0.4855736E-04 -0.4293587E-03 -0.1462588E+01
   04  0.1428571E+01  0.1507108E+02 -0.5040866E-04 -0.4458378E-03 -0.1462588E+01
   04  0.1476190E+01  0.1507108E+02 -0.5595819E-04 -0.4952619E-03 -0.1462589E+01
   04  0.1523810E+01  0.1507108E+02 -0.6149698E-04 -0.5446628E-03 -0.1462589E+01
   04  0.1571429E+01  0.1507107E+02 -0.6702507E-04 -0.5940405E-03 -0.1462590E+01
   04  0.1619048E+01  0.1507107E+02 -0.7254250E-04 -0.6433950E-03 -0.1462590E+01
   04  0.1666667E+01  0.1507107E+02 -0.7804929E-04 -0.6927264E-03 -0.1462591E+01
   04  0.1714286E+01  0.1507107E+02 -0.8354549E-04 -0.7420345E-03 -0.1462591E+01
   04  0.1761905E+01  0.1507107E+02 -0.8903112E-04 -0.7913194E-03 -0.1462591E+01
   04  0.1809524E+01  0.1507107E+02 -0.9450621E-04 -0.8405811E-03 -0.1462592E+01
   04  0.1857143E+01  0.1507107E+02 -0.9997080E-04 -0.8898195E-03 -0.1462592E+01
   04  0.1904762E+01  0.1507107E+02 -0.1054249E-03 -0.9390347E-03 -0.1462593E+01
   04  0.1952381E+01  0.1507107E+02 -0.1108686E-03 -0.9882266E-03 -0.1462593E+01
   04  0.2000000E+01  0.1507107E+02 -0.1163019E-03 -0.1037395E-02 -0.1462594E+01
   04  0.5727919E+01  0.1507105E+02 -0.5347439E-03 -0.4835565E-02 -0.1462616E+01
   04  0.9455838E+01  0.1507105E+02 -0.9004420E-03 -0.8490902E-02 -0.1462615E+01
   04  0.1318376E+02  0.1507107E+02 -0.1226594E-02 -0.1200233E-01 -0.1462594E+01
   04  0.1691168E+02  0.1507111E+02 -0.1523496E-02 -0.1537030E-01 -0.1462552E+01
   04  0.2063960E+02  0.1507117E+02 -0.1799638E-02 -0.1859657E-01 -0.1462491E+01
   04  0.2436752E+02  0.1507125E+02 -0.2061796E-02 -0.2168411E-01 -0.1462413E+01
   04  0.2809543E+02  0.1507135E+02 -0.2315152E-02 -0.2463692E-01 -0.1462318E+01
   04  0.2995939E+02  0.1507140E+02 -0.2435339E-02 -0.2605609E-01 -0.1462264E+01
   04  0.3182335E+02  0.1507146E+02 -0.2555087E-02 -0.2744351E-01 -0.1462206E+01
   04  0.3348021E+02  0.1507151E+02 -0.2660891E-02 -0.2864989E-01 -0.1462152E+01
   04  0.3513706E+02  0.1507157E+02 -0.2766681E-02 -0.2983231E-01 -0.1462094E+01
   04  0.3679391E+02  0.1507163E+02 -0.2871183E-02 -0.3099131E-01 -0.1462034E+01
   04  0.3845077E+02  0.1507169E+02 -0.2973010E-02 -0.3212747E-01 -0.1461971E+01
   04  0.4010762E+02  0.1507176E+02 -0.3072442E-02 -0.3324134E-01 -0.1461905E+01
   04  0.4176447E+02  0.1507183E+02 -0.3169758E-02 -0.3433349E-01 -0.1461837E+01
   04  0.4342132E+02  0.1507190E+02 -0.3265246E-02 -0.3540449E-01 -0.1461766E+01
   04  0.4507818E+02  0.1507197E+02 -0.3359194E-02 -0.3645490E-01 -0.1461692E+01
   04  0.4673503E+02  0.1507205E+02 -0.3451877E-02 -0.3748524E-01 -0.1461616E+01
   04  0.4839188E+02  0.1507213E+02 -0.3543481E-02 -0.3849604E-01 -0.1461538E+01
   04  0.5004874E+02  0.1507221E+02 -0.3634027E-02 -0.3948787E-01 -0.1461457E+01
   04  0.5170559E+02  0.1507229E+02 -0.3723706E-02 -0.4046128E-01 -0.1461374E+01
   04  0.5336244E+02  0.1507238E+02 -0.3812667E-02 -0.4141679E-01 -0.1461289E+01
   04  0.5501930E+02  0.1507246E+02 -0.3899896E-02 -0.4235490E-01 -0.1461202E+01
   04  0.5667615E+02  0.1507255E+02 -0.3986807E-02 -0.4327609E-01 -0.1461113E+01
   04  0.5833300E+02  0.1507264E+02 -0.4076235E-02 -0.4418083E-01 -0.1461021E+01
   04  0.5998985E+02  0.1507274E+02 -0.4168473E-02 -0.4506957E-01 -0.1460927E+01
   04  0.6164671E+02  0.1507283E+02 -0.4263716E-02 -0.4594271E-01 -0.1460830E+01
   04  0.6330356E+02  0.1507293E+02 -0.4362079E-02 -0.4680060E-01 -0.1460732E+01
   04  0.6496041E+02  0.1507303E+02 -0.4463395E-02 -0.4764510E-01 -0.1460632E+01
   04  0.6661727E+02  0.1507313E+02 -0.4567241E-02 -0.4848890E-01 -0.1460530E+01
   04  0.6827412E+02  0.1507324E+02 -0.4672922E-02 -0.4933494E-01 -0.1460428E+01
   04  0.6993097E+02  0.1507334E+02 -0.4779711E-02 -0.5018295E-01 -0.1460326E+01
   04  0.7158783E+02  0.1507344E+02 -0.4886902E-02 -0.5103263E-01 -0.1460222E+01
   04  0.7324468E+02  0.1507355E+02 -0.4993823E-02 -0.5188367E-01 -0.1460119E+01
   04  0.7490153E+02  0.1507365E+02 -0.5099837E-02 -0.5273572E-01 -0.1460014E+01
   04  0.7655838E+02  0.1507376E+02 -0.5204344E-02 -0.5358843E-01 -0.1459909E+01
   04  0.7821524E+02  0.1507386E+02 -0.5306787E-02 -0.5444144E-01 -0.1459803E+01
   04  0.7987209E+02  0.1507397E+02 -0.5406649E-02 -0.5529438E-01 -0.1459696E+01
   04  0.8152894E+02  0.1507408E+02 -0.5504006E-02 -0.5614687E-01 -0.1459588E+01
   04  0.8318580E+02  0.1507418E+02 -0.5599099E-02 -0.5699856E-01 -0.1459480E+01
   04  0.8484265E+02  0.1507429E+02 -0.5691322E-02 -0.5784916E-01 -0.1459372E+01
   04  0.8649950E+02  0.1507440E+02 -0.5780055E-02 -0.5869837E-01 -0.1459262E+01
   04  0.8815636E+02  0.1507451E+02 -0.5864677E-02 -0.5954591E-01 -0.1459152E+01
   04  0.8981321E+02  0.1507462E+02 -0.5944613E-02 -0.6039148E-01 -0.1459041E+01
   04  0.9147006E+02  0.1507474E+02 -0.6019362E-02 -0.6123480E-01 -0.1458929E+01
   04  0.9445240E+02  0.1507494E+02 -0.6145320E-02 -0.6274603E-01 -0.1458727E+01
   04  0.9743473E+02  0.1507514E+02 -0.6251004E-02 -0.6424791E-01 -0.1458522E+01
   04  0.1004171E+03  0.1507535E+02 -0.6334429E-02 -0.6573900E-01 -0.1458314E+01
   04  0.1033994E+03  0.1507556E+02 -0.6394313E-02 -0.6721794E-01 -0.1458104E+01
   04  0.1063817E+03  0.1507577E+02 -0.6429908E-02 -0.6868348E-01 -0.1457891E+01
   04  0.1093641E+03  0.1507599E+02 -0.6440857E-02 -0.7013446E-01 -0.1457674E+01
   04  0.1123464E+03  0.1507621E+02 -0.6427217E-02 -0.7156986E-01 -0.1457455E+01
   04  0.1153287E+03  0.1507643E+02 -0.6389388E-02 -0.7298880E-01 -0.1457233E+01
   04  0.1183111E+03  0.1507666E+02 -0.6328066E-02 -0.7439051E-01 -0.1457008E+01
   04  0.1212934E+03  0.1507688E+02 -0.6244242E-02 -0.7577439E-01 -0.1456780E+01
   04  0.1242758E+03  0.1507712E+02 -0.6139236E-02 -0.7713997E-01 -0.1456549E+01
   04  0.1272581E+03  0.1507735E+02 -0.6009538E-02 -0.7848696E-01 -0.1456315E+01
   04  0.1302404E+03  0.1507759E+02 -0.5851582E-02 -0.7981523E-01 -0.1456079E+01
   04  0.1332228E+03  0.1507782E+02 -0.5666626E-02 -0.8112486E-01 -0.1455841E+01
   04  0.1362051E+03  0.1507806E+02 -0.5455966E-02 -0.8241602E-01 -0.1455600E+01
   04  0.1391874E+03  0.1507831E+02 -0.5220915E-02 -0.8368894E-01 -0.1455358E+01
   04  0.1421698E+03  0.1507855E+02 -0.4962762E-02 -0.8494380E-01 -0.1455113E+01
   04  0.1451521E+03  0.1507880E+02 -0.4682726E-02 -0.8618083E-01 -0.1454866E+01
   04  0.1481344E+03  0.1507905E+02 -0.4381831E-02 -0.8740036E-01 -0.1454617E+01
   04  0.1511168E+03  0.1507930E+02 -0.4066811E-02 -0.8860282E-01 -0.1454365E+01
   04  0.1540991E+03  0.1507955E+02 -0.3737737E-02 -0.8978868E-01 -0.1454112E+01
   04  0.1570814E+03  0.1507981E+02 -0.3394633E-02 -0.9095850E-01 -0.1453855E+01
   04  0.1600638E+03  0.1508007E+02 -0.3037284E-02 -0.9210951E-01 -0.1453597E+01
   04  0.1630461E+03  0.1508033E+02 -0.2665548E-02 -0.9323481E-01 -0.1453336E+01
   04  0.1660284E+03  0.1508059E+02 -0.2279409E-02 -0.9433447E-01 -0.1453072E+01
   04  0.1690108E+03  0.1508086E+02 -0.1879119E-02 -0.9540831E-01 -0.1452805E+01
   04  0.1719931E+03  0.1508113E+02 -0.1465070E-02 -0.9645645E-01 -0.1452536E+01
   04  0.1749755E+03  0.1508140E+02 -0.1037780E-02 -0.9747959E-01 -0.1452264E+01
   04  0.1779578E+03  0.1508168E+02 -0.5977744E-03 -0.9847860E-01 -0.1451989E+01
   04  0.1809401E+03  0.1508195E+02 -0.1470208E-03 -0.9945500E-01 -0.1451712E+01
   04  0.1824313E+03  0.1508209E+02  0.8508246E-04 -0.9993643E-01 -0.1451572E+01
   04  0.1839225E+03  0.1508223E+02  0.3201585E-03 -0.1004128E+00 -0.1451432E+01
   04  0.1854136E+03  0.1508237E+02  0.5580124E-03 -0.1008843E+00 -0.1451290E+01
   04  0.1869048E+03  0.1508252E+02  0.7984542E-03 -0.1013513E+00 -0.1451148E+01
   04  0.1883960E+03  0.1508266E+02  0.1041300E-02 -0.1018142E+00 -0.1451006E+01
   04  0.1898871E+03  0.1508280E+02  0.1286372E-02 -0.1022732E+00 -0.1450862E+01
   04  0.1913783E+03  0.1508295E+02  0.1533502E-02 -0.1027287E+00 -0.1450718E+01
   04  0.1928695E+03  0.1508309E+02  0.1782529E-02 -0.1031810E+00 -0.1450573E+01
   04  0.1943606E+03  0.1508324E+02  0.2033174E-02 -0.1036305E+00 -0.1450427E+01
   04  0.1958518E+03  0.1508338E+02  0.2283932E-02 -0.1040774E+00 -0.1450281E+01
   04  0.1973430E+03  0.1508353E+02  0.2534769E-02 -0.1045222E+00 -0.1450134E+01
   04  0.1988341E+03  0.1508368E+02  0.2785652E-02 -0.1049652E+00 -0.1449986E+01
   04  0.2003253E+03  0.1508383E+02  0.3036550E-02 -0.1054067E+00 -0.1449838E+01
   04  0.2018165E+03  0.1508397E+02  0.3287434E-02 -0.1058471E+00 -0.1449690E+01
   04  0.2033076E+03  0.1508412E+02  0.3538280E-02 -0.1062868E+00 -0.1449541E+01
   04  0.2047988E+03  0.1508427E+02  0.3789062E-02 -0.1067260E+00 -0.1449391E+01
   04  0.2062900E+03  0.1508442E+02  0.4039759E-02 -0.1071652E+00 -0.1449241E+01
   04  0.2077811E+03  0.1508457E+02  0.4290349E-02 -0.1076045E+00 -0.1449090E+01
   04  0.2092723E+03  0.1508473E+02  0.4540813E-02 -0.1080445E+00 -0.1448939E+01
   04  0.2107635E+03  0.1508488E+02  0.4791131E-02 -0.1084852E+00 -0.1448787E+01
   04  0.2122546E+03  0.1508503E+02  0.5041287E-02 -0.1089271E+00 -0.1448634E+01
   04  0.2137458E+03  0.1508518E+02  0.5291261E-02 -0.1093704E+00 -0.1448481E+01
   04  0.2152370E+03  0.1508534E+02  0.5541036E-02 -0.1098153E+00 -0.1448328E+01
   04  0.2167281E+03  0.1508549E+02  0.5790594E-02 -0.1102621E+00 -0.1448174E+01
   04  0.2182193E+03  0.1508565E+02  0.6039916E-02 -0.1107110E+00 -0.1448019E+01
   04  0.2197105E+03  0.1508580E+02  0.6288988E-02 -0.1111622E+00 -0.1447863E+01
   04  0.2212017E+03  0.1508596E+02  0.6537792E-02 -0.1116160E+00 -0.1447708E+01
   04  0.2226928E+03  0.1508611E+02  0.6786314E-02 -0.1120725E+00 -0.1447551E+01
   04  0.2241840E+03  0.1508627E+02  0.7034536E-02 -0.1125319E+00 -0.1447394E+01
   04  0.2256752E+03  0.1508643E+02  0.7282441E-02 -0.1129942E+00 -0.1447237E+01
   04  0.2271663E+03  0.1508659E+02  0.7530010E-02 -0.1134596E+00 -0.1447079E+01
   04  0.2286575E+03  0.1508674E+02  0.7777222E-02 -0.1139281E+00 -0.1446920E+01
   04  0.2301487E+03  0.1508690E+02  0.8024055E-02 -0.1143998E+00 -0.1446761E+01
   04  0.2316398E+03  0.1508706E+02  0.8270484E-02 -0.1148746E+00 -0.1446602E+01
   04  0.2331310E+03  0.1508722E+02  0.8516481E-02 -0.1153526E+00 -0.1446442E+01
   04  0.2346222E+03  0.1508738E+02  0.8762017E-02 -0.1158338E+00 -0.1446282E+01
   04  0.2361133E+03  0.1508754E+02  0.9007056E-02 -0.1163181E+00 -0.1446121E+01
   04  0.2376045E+03  0.1508770E+02  0.9251560E-02 -0.1168055E+00 -0.1445960E+01
   04  0.2390957E+03  0.1508787E+02  0.9495485E-02 -0.1172960E+00 -0.1445798E+01
   04  0.2405868E+03  0.1508803E+02  0.9738782E-02 -0.1177893E+00 -0.1445636E+01
   04  0.2420780E+03  0.1508819E+02  0.9981396E-02 -0.1182855E+00 -0.1445474E+01
   04  0.2435692E+03  0.1508835E+02  0.1022326E-01 -0.1187845E+00 -0.1445311E+01
   04  0.2450603E+03  0.1508852E+02  0.1046428E-01 -0.1192860E+00 -0.1445148E+01
   04  0.2465515E+03  0.1508868E+02  0.1070695E-01 -0.1197901E+00 -0.1444985E+01
   04  0.2480427E+03  0.1508884E+02  0.1095136E-01 -0.1202964E+00 -0.1444821E+01
   04  0.2495338E+03  0.1508901E+02  0.1119742E-01 -0.1208048E+00 -0.1444656E+01
   04  0.2510250E+03  0.1508917E+02  0.1144502E-01 -0.1213150E+00 -0.1444491E+01
   04  0.2525162E+03  0.1508934E+02  0.1169403E-01 -0.1218269E+00 -0.1444326E+01
   04  0.2540073E+03  0.1508950E+02  0.1194431E-01 -0.1223402E+00 -0.1444160E+01
   04  0.2554985E+03  0.1508967E+02  0.1219573E-01 -0.1228547E+00 -0.1443994E+01
   04  0.2569897E+03  0.1508984E+02  0.1244814E-01 -0.1233703E+00 -0.1443828E+01
   04  0.2584808E+03  0.1509000E+02  0.1270138E-01 -0.1238866E+00 -0.1443661E+01
   04  0.2599720E+03  0.1509017E+02  0.1295530E-01 -0.1244036E+00 -0.1443494E+01
   04  0.2614632E+03  0.1509034E+02  0.1320976E-01 -0.1249209E+00 -0.1443327E+01
   04  0.2629543E+03  0.1509050E+02  0.1346459E-01 -0.1254384E+00 -0.1443159E+01
   04  0.2644455E+03  0.1509067E+02  0.1371965E-01 -0.1259559E+00 -0.1442992E+01
   04  0.2659367E+03  0.1509084E+02  0.1397480E-01 -0.1264731E+00 -0.1442824E+01
   04  0.2674278E+03  0.1509101E+02  0.1422987E-01 -0.1269898E+00 -0.1442656E+01
   04  0.2689190E+03  0.1509118E+02  0.1448474E-01 -0.1275059E+00 -0.1442487E+01
   04  0.2704102E+03  0.1509135E+02  0.1473926E-01 -0.1280210E+00 -0.1442319E+01
   04  0.2719014E+03  0.1509151E+02  0.1499329E-01 -0.1285350E+00 -0.1442150E+01
   04  0.2733925E+03  0.1509168E+02  0.1524669E-01 -0.1290477E+00 -0.1441982E+01
   04  0.2748837E+03  0.1509185E+02  0.1549935E-01 -0.1295589E+00 -0.1441813E+01
   04  0.2763749E+03  0.1509202E+02  0.1575113E-01 -0.1300682E+00 -0.1441644E+01
   04  0.2778660E+03  0.1509219E+02  0.1600191E-01 -0.1305755E+00 -0.1441475E+01
   04  0.2793572E+03  0.1509236E+02  0.1625156E-01 -0.1310806E+00 -0.1441306E+01
   04  0.2808484E+03  0.1509253E+02  0.1649998E-01 -0.1315833E+00 -0.1441137E+01
   04  0.2823395E+03  0.1509270E+02  0.1674704E-01 -0.1320832E+00 -0.1440968E+01
   04  0.2838307E+03  0.1509287E+02  0.1699262E-01 -0.1325796E+00 -0.1440799E+01
   04  0.2853219E+03  0.1509303E+02  0.1723661E-01 -0.1330723E+00 -0.1440630E+01
   04  0.2868130E+03  0.1509320E+02  0.1747889E-01 -0.1335605E+00 -0.1440462E+01
   04  0.2883042E+03  0.1509337E+02  0.1771934E-01 -0.1340439E+00 -0.1440293E+01
   04  0.2897954E+03  0.1509354E+02  0.1795782E-01 -0.1345220E+00 -0.1440124E+01
   04  0.2912865E+03  0.1509371E+02  0.1819423E-01 -0.1349944E+00 -0.1439956E+01
   04  0.2927777E+03  0.1509388E+02  0.1842842E-01 -0.1354607E+00 -0.1439788E+01
   04  0.2942689E+03  0.1509404E+02  0.1866027E-01 -0.1359206E+00 -0.1439620E+01
   04  0.2957600E+03  0.1509421E+02  0.1888860E-01 -0.1363737E+00 -0.1439452E+01
   04  0.2972512E+03  0.1509438E+02  0.1911308E-01 -0.1368196E+00 -0.1439285E+01
   04  0.2987424E+03  0.1509455E+02  0.1933353E-01 -0.1372580E+00 -0.1439118E+01
   04  0.3002335E+03  0.1509471E+02  0.1954976E-01 -0.1376886E+00 -0.1438952E+01
   04  0.3017247E+03  0.1509488E+02  0.1976163E-01 -0.1381110E+00 -0.1438786E+01
   04  0.3032159E+03  0.1509504E+02  0.1996902E-01 -0.1385251E+00 -0.1438620E+01
   04  0.3047070E+03  0.1509521E+02  0.2017183E-01 -0.1389304E+00 -0.1438455E+01
   04  0.3061982E+03  0.1509537E+02  0.2036997E-01 -0.1393268E+00 -0.1438290E+01
   04  0.3076894E+03  0.1509554E+02  0.2056338E-01 -0.1397140E+00 -0.1438126E+01
   04  0.3091805E+03  0.1509570E+02  0.2075199E-01 -0.1400919E+00 -0.1437962E+01
   04  0.3106717E+03  0.1509587E+02  0.2093577E-01 -0.1404602E+00 -0.1437798E+01
   04  0.3121629E+03  0.1509603E+02  0.2111468E-01 -0.1408187E+00 -0.1437635E+01
   04  0.3136540E+03  0.1509619E+02  0.2128868E-01 -0.1411672E+00 -0.1437473E+01
   04  0.3151452E+03  0.1509635E+02  0.2145775E-01 -0.1415056E+00 -0.1437311E+01
   04  0.3165017E+03  0.1509650E+02  0.2160739E-01 -0.1418042E+00 -0.1437164E+01
   04  0.3178581E+03  0.1509665E+02  0.2175291E-01 -0.1420941E+00 -0.1437017E+01
   04  0.3192146E+03  0.1509679E+02  0.2189428E-01 -0.1423752E+00 -0.1436871E+01
   04  0.3205710E+03  0.1509694E+02  0.2203150E-01 -0.1426473E+00 -0.1436725E+01
   04  0.3219275E+03  0.1509709E+02  0.2216455E-01 -0.1429103E+00 -0.1436579E+01
   04  0.3232839E+03  0.1509723E+02  0.2229340E-01 -0.1431643E+00 -0.1436434E+01
   04  0.3246404E+03  0.1509738E+02  0.2241804E-01 -0.1434090E+00 -0.1436289E+01
   04  0.3259968E+03  0.1509752E+02  0.2253845E-01 -0.1436443E+00 -0.1436144E+01
   04  0.3273533E+03  0.1509766E+02  0.2265461E-01 -0.1438703E+00 -0.1436000E+01
   04  0.3287097E+03  0.1509781E+02  0.2276650E-01 -0.1440868E+00 -0.1435857E+01
   04  0.3300662E+03  0.1509795E+02  0.2287408E-01 -0.1442938E+00 -0.1435713E+01
   04  0.3314226E+03  0.1509809E+02  0.2297733E-01 -0.1444912E+00 -0.1435570E+01
   04  0.3327791E+03  0.1509824E+02  0.2307622E-01 -0.1446790E+00 -0.1435427E+01
   04  0.3341355E+03  0.1509838E+02  0.2317071E-01 -0.1448570E+00 -0.1435285E+01
   04  0.3354920E+03  0.1509852E+02  0.2326077E-01 -0.1450252E+00 -0.1435143E+01
   04  0.3368484E+03  0.1509866E+02  0.2334637E-01 -0.1451835E+00 -0.1435001E+01
   04  0.3382049E+03  0.1509880E+02  0.2342746E-01 -0.1453319E+00 -0.1434860E+01
   04  0.3395613E+03  0.1509895E+02  0.2350399E-01 -0.1454702E+00 -0.1434719E+01
   04  0.3409178E+03  0.1509909E+02  0.2357592E-01 -0.1455985E+00 -0.1434579E+01
   04  0.3422742E+03  0.1509923E+02  0.2364318E-01 -0.1457166E+00 -0.1434438E+01
   04  0.3436307E+03  0.1509937E+02  0.2370574E-01 -0.1458245E+00 -0.1434299E+01
   04  0.3449871E+03  0.1509951E+02  0.2376353E-01 -0.1459221E+00 -0.1434159E+01
   04  0.3463436E+03  0.1509964E+02  0.2381649E-01 -0.1460093E+00 -0.1434020E+01
   04  0.3477000E+03  0.1509978E+02  0.2386457E-01 -0.1460861E+00 -0.1433882E+01
   04  0.3490565E+03  0.1509992E+02  0.2390769E-01 -0.1461524E+00 -0.1433743E+01
   04  0.3504130E+03  0.1510006E+02  0.2394580E-01 -0.1462081E+00 -0.1433605E+01
   04  0.3517694E+03  0.1510020E+02  0.2397885E-01 -0.1462533E+00 -0.1433468E+01
   04  0.3531259E+03  0.1510033E+02  0.2400675E-01 -0.1462878E+00 -0.1433331E+01
   04  0.3544823E+03  0.1510047E+02  0.2402946E-01 -0.1463116E+00 -0.1433194E+01
   04  0.3558388E+03  0.1510061E+02  0.2404690E-01 -0.1463247E+00 -0.1433058E+01
   04  0.3574665E+03  0.1510077E+02  0.2406060E-01 -0.1463269E+00 -0.1432895E+01
   04  0.3590942E+03  0.1510093E+02  0.2406654E-01 -0.1463139E+00 -0.1432733E+01
   04  0.3607220E+03  0.1510109E+02  0.2406462E-01 -0.1462855E+00 -0.1432571E+01
   04  0.3623497E+03  0.1510125E+02  0.2405476E-01 -0.1462417E+00 -0.1432410E+01
   04  0.3639775E+03  0.1510141E+02  0.2403687E-01 -0.1461823E+00 -0.1432250E+01
   04  0.3656052E+03  0.1510157E+02  0.2401087E-01 -0.1461074E+00 -0.1432091E+01
   04  0.3672329E+03  0.1510173E+02  0.2397668E-01 -0.1460169E+00 -0.1431932E+01
   04  0.3688607E+03  0.1510189E+02  0.2393423E-01 -0.1459107E+00 -0.1431773E+01
   04  0.3704884E+03  0.1510205E+02  0.2388345E-01 -0.1457888E+00 -0.1431616E+01
   04  0.3721162E+03  0.1510221E+02  0.2382429E-01 -0.1456513E+00 -0.1431459E+01
   04  0.3737439E+03  0.1510236E+02  0.2375668E-01 -0.1454980E+00 -0.1431303E+01
   04  0.3753717E+03  0.1510252E+02  0.2368058E-01 -0.1453290E+00 -0.1431147E+01
   04  0.3769994E+03  0.1510267E+02  0.2359594E-01 -0.1451442E+00 -0.1430993E+01
   04  0.3786271E+03  0.1510283E+02  0.2350272E-01 -0.1449438E+00 -0.1430839E+01
   04  0.3802549E+03  0.1510298E+02  0.2340087E-01 -0.1447276E+00 -0.1430685E+01
   04  0.3818826E+03  0.1510313E+02  0.2329036E-01 -0.1444957E+00 -0.1430533E+01
   04  0.3835104E+03  0.1510328E+02  0.2317116E-01 -0.1442482E+00 -0.1430381E+01
   04  0.3851381E+03  0.1510343E+02  0.2304323E-01 -0.1439851E+00 -0.1430230E+01
   04  0.3867658E+03  0.1510358E+02  0.2290655E-01 -0.1437063E+00 -0.1430079E+01
   04  0.3883936E+03  0.1510373E+02  0.2276110E-01 -0.1434120E+00 -0.1429930E+01
   04  0.3900213E+03  0.1510388E+02  0.2260684E-01 -0.1431022E+00 -0.1429781E+01
   04  0.3916491E+03  0.1510403E+02  0.2244375E-01 -0.1427770E+00 -0.1429632E+01
   04  0.3932768E+03  0.1510418E+02  0.2227180E-01 -0.1424364E+00 -0.1429485E+01
   04  0.3949046E+03  0.1510433E+02  0.2209098E-01 -0.1420804E+00 -0.1429338E+01
   04  0.3965323E+03  0.1510447E+02  0.2190124E-01 -0.1417092E+00 -0.1429192E+01
   04  0.3981600E+03  0.1510462E+02  0.2170256E-01 -0.1413222E+00 -0.1429047E+01
   04  0.3997878E+03  0.1510476E+02  0.2149490E-01 -0.1409169E+00 -0.1428902E+01
   04  0.4014155E+03  0.1510491E+02  0.2127823E-01 -0.1404940E+00 -0.1428759E+01
   04  0.4030433E+03  0.1510505E+02  0.2105254E-01 -0.1400540E+00 -0.1428616E+01
   04  0.4046710E+03  0.1510519E+02  0.2081778E-01 -0.1395976E+00 -0.1428474E+01
   04  0.4062987E+03  0.1510533E+02  0.2057392E-01 -0.1391252E+00 -0.1428333E+01
   04  0.4079265E+03  0.1510547E+02  0.2032092E-01 -0.1386372E+00 -0.1428193E+01
   04  0.4095542E+03  0.1510561E+02  0.2005872E-01 -0.1381342E+00 -0.1428053E+01
   04  0.4111820E+03  0.1510575E+02  0.1978724E-01 -0.1376166E+00 -0.1427914E+01
   04  0.4128097E+03  0.1510589E+02  0.1950643E-01 -0.1370847E+00 -0.1427776E+01
   04  0.4144375E+03  0.1510603E+02  0.1921617E-01 -0.1365390E+00 -0.1427638E+01
   04  0.4160652E+03  0.1510616E+02  0.1891638E-01 -0.1359798E+00 -0.1427500E+01
   04  0.4176929E+03  0.1510630E+02  0.1860694E-01 -0.1354076E+00 -0.1427364E+01
   04  0.4193207E+03  0.1510644E+02  0.1828772E-01 -0.1348225E+00 -0.1427227E+01
   04  0.4209484E+03  0.1510657E+02  0.1795860E-01 -0.1342251E+00 -0.1427091E+01
   04  0.4225762E+03  0.1510671E+02  0.1761941E-01 -0.1336156E+00 -0.1426956E+01
   04  0.4242039E+03  0.1510684E+02  0.1727000E-01 -0.1329942E+00 -0.1426821E+01
   04  0.4258316E+03  0.1510698E+02  0.1691018E-01 -0.1323614E+00 -0.1426687E+01
   04  0.4274594E+03  0.1510711E+02  0.1653976E-01 -0.1317175E+00 -0.1426553E+01
   04  0.4290871E+03  0.1510724E+02  0.1615848E-01 -0.1310626E+00 -0.1426420E+01
   04  0.4307149E+03  0.1510738E+02  0.1576609E-01 -0.1303970E+00 -0.1426287E+01
   04  0.4323426E+03  0.1510751E+02  0.1536225E-01 -0.1297211E+00 -0.1426154E+01
   04  0.4339704E+03  0.1510764E+02  0.1494733E-01 -0.1290352E+00 -0.1426021E+01
   04  0.4355981E+03  0.1510777E+02  0.1452100E-01 -0.1283399E+00 -0.1425889E+01
   04  0.4372258E+03  0.1510791E+02  0.1408273E-01 -0.1276357E+00 -0.1425757E+01
   04  0.4388536E+03  0.1510804E+02  0.1363183E-01 -0.1269231E+00 -0.1425626E+01
   04  0.4404813E+03  0.1510817E+02  0.1316732E-01 -0.1262026E+00 -0.1425494E+01
   04  0.4421091E+03  0.1510830E+02  0.1268786E-01 -0.1254748E+00 -0.1425362E+01
   04  0.4437368E+03  0.1510843E+02  0.1219242E-01 -0.1247400E+00 -0.1425230E+01
   04  0.4453645E+03  0.1510857E+02  0.1169132E-01 -0.1239986E+00 -0.1425098E+01
   04  0.4469923E+03  0.1510870E+02  0.1118400E-01 -0.1232514E+00 -0.1424968E+01
   04  0.4486200E+03  0.1510883E+02  0.1066996E-01 -0.1224987E+00 -0.1424838E+01
   04  0.4502478E+03  0.1510896E+02  0.1014873E-01 -0.1217412E+00 -0.1424708E+01
   04  0.4518755E+03  0.1510908E+02  0.9620091E-02 -0.1209794E+00 -0.1424580E+01
   04  0.4535033E+03  0.1510921E+02  0.9087430E-02 -0.1202138E+00 -0.1424451E+01
   04  0.4551310E+03  0.1510934E+02  0.8550325E-02 -0.1194448E+00 -0.1424323E+01
   04  0.4567587E+03  0.1510947E+02  0.8008420E-02 -0.1186727E+00 -0.1424195E+01
   04  0.4583865E+03  0.1510960E+02  0.7461422E-02 -0.1178980E+00 -0.1424068E+01
   04  0.4600142E+03  0.1510972E+02  0.6906975E-02 -0.1171212E+00 -0.1423941E+01
   04  0.4616420E+03  0.1510985E+02  0.6343634E-02 -0.1163425E+00 -0.1423814E+01
   04  0.4632697E+03  0.1510998E+02  0.5770885E-02 -0.1155623E+00 -0.1423687E+01
   04  0.4648974E+03  0.1511010E+02  0.5188583E-02 -0.1147812E+00 -0.1423560E+01
   04  0.4665252E+03  0.1511023E+02  0.4596707E-02 -0.1139995E+00 -0.1423433E+01
   04  0.4681529E+03  0.1511036E+02  0.3995231E-02 -0.1132177E+00 -0.1423306E+01
   04  0.4697807E+03  0.1511048E+02  0.3384126E-02 -0.1124362E+00 -0.1423180E+01
   04  0.4714084E+03  0.1511061E+02  0.2763358E-02 -0.1116554E+00 -0.1423053E+01
   04  0.4730362E+03  0.1511074E+02  0.2132892E-02 -0.1108755E+00 -0.1422927E+01
   04  0.4746639E+03  0.1511086E+02  0.1492697E-02 -0.1100971E+00 -0.1422801E+01
   04  0.4762916E+03  0.1511099E+02  0.8427433E-03 -0.1093203E+00 -0.1422675E+01
   04  0.4779194E+03  0.1511112E+02  0.1830047E-03 -0.1085456E+00 -0.1422549E+01
   04  0.4795471E+03  0.1511124E+02 -0.4867050E-03 -0.1077731E+00 -0.1422424E+01
   04  0.4811749E+03  0.1511137E+02 -0.1167325E-02 -0.1070033E+00 -0.1422298E+01
   04  0.4828026E+03  0.1511149E+02 -0.1859206E-02 -0.1062362E+00 -0.1422172E+01
   04  0.4844303E+03  0.1511162E+02 -0.2562615E-02 -0.1054723E+00 -0.1422047E+01
   04  0.4860581E+03  0.1511174E+02 -0.3277761E-02 -0.1047117E+00 -0.1421921E+01
   04  0.4876858E+03  0.1511187E+02 -0.4004807E-02 -0.1039545E+00 -0.1421795E+01
   04  0.4893136E+03  0.1511200E+02 -0.4743884E-02 -0.1032012E+00 -0.1421669E+01
   04  0.4909413E+03  0.1511212E+02 -0.5496298E-02 -0.1024517E+00 -0.1421543E+01
   04  0.4925691E+03  0.1511225E+02 -0.6262190E-02 -0.1017063E+00 -0.1421416E+01
   04  0.4941968E+03  0.1511237E+02 -0.7041536E-02 -0.1009652E+00 -0.1421290E+01
   04  0.4958245E+03  0.1511250E+02 -0.7834297E-02 -0.1002286E+00 -0.1421163E+01
   04  0.4974523E+03  0.1511263E+02 -0.8640400E-02 -0.9949651E-01 -0.1421037E+01
   04  0.4990800E+03  0.1511275E+02 -0.9459745E-02 -0.9876919E-01 -0.1420910E+01
   04  0.5007078E+03  0.1511288E+02 -0.1029221E-01 -0.9804672E-01 -0.1420782E+01
   04  0.5023355E+03  0.1511301E+02 -0.1113763E-01 -0.9732920E-01 -0.1420655E+01
   04  0.5039632E+03  0.1511314E+02 -0.1199584E-01 -0.9661671E-01 -0.1420527E+01
   04  0.5055910E+03  0.1511327E+02 -0.1286662E-01 -0.9590933E-01 -0.1420398E+01
   04  0.5072187E+03  0.1511339E+02 -0.1374973E-01 -0.9520709E-01 -0.1420269E+01
   04  0.5088465E+03  0.1511352E+02 -0.1464489E-01 -0.9451001E-01 -0.1420140E+01
   04  0.5104742E+03  0.1511365E+02 -0.1555180E-01 -0.9381809E-01 -0.1420010E+01
   04  0.5121020E+03  0.1511378E+02 -0.1647021E-01 -0.9313129E-01 -0.1419880E+01
   04  0.5137297E+03  0.1511392E+02 -0.1740003E-01 -0.9244947E-01 -0.1419749E+01
   04  0.5153574E+03  0.1511405E+02 -0.1834112E-01 -0.9177252E-01 -0.1419618E+01
   04  0.5169852E+03  0.1511418E+02 -0.1929338E-01 -0.9109232E-01 -0.1419487E+01
   04  0.5186129E+03  0.1511431E+02 -0.2025668E-01 -0.9041063E-01 -0.1419355E+01
   04  0.5202407E+03  0.1511444E+02 -0.2123085E-01 -0.8972979E-01 -0.1419224E+01
   04  0.5218684E+03  0.1511457E+02 -0.2221569E-01 -0.8905166E-01 -0.1419092E+01
   04  0.5234961E+03  0.1511471E+02 -0.2321100E-01 -0.8837769E-01 -0.1418959E+01
   04  0.5251239E+03  0.1511484E+02 -0.2421657E-01 -0.8770905E-01 -0.1418825E+01
   04  0.5267516E+03  0.1511497E+02 -0.2523216E-01 -0.8704666E-01 -0.1418691E+01
   04  0.5283794E+03  0.1511511E+02 -0.2625752E-01 -0.8639126E-01 -0.1418556E+01
   04  0.5300071E+03  0.1511524E+02 -0.2729239E-01 -0.8574341E-01 -0.1418420E+01
   04  0.5316349E+03  0.1511538E+02 -0.2833652E-01 -0.8510358E-01 -0.1418282E+01
   04  0.5332626E+03  0.1511552E+02 -0.2938962E-01 -0.8447213E-01 -0.1418144E+01
   04  0.5348903E+03  0.1511566E+02 -0.3045144E-01 -0.8384936E-01 -0.1418005E+01
   04  0.5365181E+03  0.1511580E+02 -0.3152170E-01 -0.8323550E-01 -0.1417865E+01
   04  0.5381458E+03  0.1511594E+02 -0.3260014E-01 -0.8263070E-01 -0.1417723E+01
   04  0.5397736E+03  0.1511608E+02 -0.3368640E-01 -0.8203507E-01 -0.1417581E+01
   04  0.5414013E+03  0.1511623E+02 -0.3478014E-01 -0.8144868E-01 -0.1417437E+01
   04  0.5430290E+03  0.1511637E+02 -0.3588099E-01 -0.8087155E-01 -0.1417293E+01
   04  0.5446568E+03  0.1511652E+02 -0.3698862E-01 -0.8030369E-01 -0.1417147E+01
   04  0.5462845E+03  0.1511666E+02 -0.3810272E-01 -0.7974506E-01 -0.1417000E+01
   04  0.5479123E+03  0.1511681E+02 -0.3922298E-01 -0.7919562E-01 -0.1416852E+01
   04  0.5495400E+03  0.1511696E+02 -0.4034913E-01 -0.7865529E-01 -0.1416703E+01
   04  0.5511678E+03  0.1511711E+02 -0.4148089E-01 -0.7812401E-01 -0.1416553E+01
   04  0.5527955E+03  0.1511726E+02 -0.4261805E-01 -0.7760168E-01 -0.1416402E+01
   04  0.5544232E+03  0.1511741E+02 -0.4376039E-01 -0.7708819E-01 -0.1416250E+01
   04  0.5560510E+03  0.1511757E+02 -0.4490775E-01 -0.7658345E-01 -0.1416096E+01
   04  0.5576787E+03  0.1511772E+02 -0.4606000E-01 -0.7608736E-01 -0.1415941E+01
   04  0.5593065E+03  0.1511788E+02 -0.4721703E-01 -0.7559979E-01 -0.1415785E+01
   04  0.5609342E+03  0.1511804E+02 -0.4837879E-01 -0.7512065E-01 -0.1415628E+01
   04  0.5625619E+03  0.1511819E+02 -0.4954527E-01 -0.7464985E-01 -0.1415470E+01
   04  0.5641897E+03  0.1511835E+02 -0.5071652E-01 -0.7418730E-01 -0.1415310E+01
   04  0.5658174E+03  0.1511852E+02 -0.5189263E-01 -0.7373293E-01 -0.1415149E+01
   04  0.5674452E+03  0.1511868E+02 -0.5307373E-01 -0.7328669E-01 -0.1414987E+01
   04  0.5690729E+03  0.1511884E+02 -0.5426004E-01 -0.7284854E-01 -0.1414823E+01
   04  0.5707007E+03  0.1511901E+02 -0.5545182E-01 -0.7241847E-01 -0.1414658E+01
   04  0.5723284E+03  0.1511917E+02 -0.5664941E-01 -0.7199641E-01 -0.1414491E+01
   04  0.5739561E+03  0.1511934E+02 -0.5785323E-01 -0.7158225E-01 -0.1414323E+01
   04  0.5755839E+03  0.1511951E+02 -0.5906378E-01 -0.7117602E-01 -0.1414153E+01
   04  0.5772116E+03  0.1511968E+02 -0.6028162E-01 -0.7077784E-01 -0.1413981E+01
   04  0.5788394E+03  0.1511986E+02 -0.6150739E-01 -0.7038781E-01 -0.1413808E+01
   04  0.5804671E+03  0.1512003E+02 -0.6274180E-01 -0.7000609E-01 -0.1413633E+01
   04  0.5820948E+03  0.1512021E+02 -0.6398565E-01 -0.6963287E-01 -0.1413455E+01
   04  0.5837226E+03  0.1512039E+02 -0.6523982E-01 -0.6926839E-01 -0.1413276E+01
   04  0.5853503E+03  0.1512057E+02 -0.6650525E-01 -0.6891290E-01 -0.1413094E+01
   04  0.5869781E+03  0.1512075E+02 -0.6778300E-01 -0.6856674E-01 -0.1412910E+01
   04  0.5886058E+03  0.1512094E+02 -0.6907418E-01 -0.6823024E-01 -0.1412724E+01
   04  0.5902336E+03  0.1512113E+02 -0.7038001E-01 -0.6790381E-01 -0.1412535E+01
   04  0.5918613E+03  0.1512132E+02 -0.7170180E-01 -0.6758791E-01 -0.1412343E+01
   04  0.5934890E+03  0.1512152E+02 -0.7304101E-01 -0.6728304E-01 -0.1412149E+01
   04  0.5951168E+03  0.1512171E+02 -0.7439917E-01 -0.6698975E-01 -0.1411951E+01
   04  0.5967445E+03  0.1512191E+02 -0.7577790E-01 -0.6670828E-01 -0.1411750E+01
   04  0.5983723E+03  0.1512212E+02 -0.7717922E-01 -0.6643888E-01 -0.1411546E+01
