# gauge_id= 526 location=( -0.1253000000E+03  0.4200000000E+02 ) num_var=  4
# Stationary gauge
# level, time, q[  1  2  3], eta, aux[]
# file format ascii, time series follow in this file
   02  0.0000000E+00  0.2923778E+04  0.0000000E+00  0.0000000E+00  0.0000000E+00
   02  0.1000000E+01  0.2923778E+04 -0.4277515E-15 -0.7736769E-13 -0.1363842E+00
   02  0.1142857E+01  0.2923780E+04 -0.2986749E+00 -0.1424843E-02 -0.1339435E+00
   02  0.1285714E+01  0.2923782E+04 -0.5972965E+00 -0.2847467E-02 -0.1315050E+00
   02  0.1428571E+01  0.2923785E+04 -0.8958699E+00 -0.4270228E-02 -0.1290686E+00
   02  0.1571429E+01  0.2923787E+04 -0.1194401E+01 -0.5694897E-02 -0.1266343E+00
   02  0.1714286E+01  0.2923790E+04 -0.1492898E+01 -0.7122840E-02 -0.1242021E+00
   02  0.1857143E+01  0.2923792E+04 -0.1791369E+01 -0.8555132E-02 -0.1217719E+00
   02  0.2000000E+01  0.2923795E+04 -0.2089824E+01 -0.9992630E-02 -0.1193436E+00
   02  0.4673503E+02  0.2924568E+04 -0.9516052E+02 -0.9234020E+00  0.6537373E+00
   03  0.9147006E+02  0.3093912E+04 -0.2554877E+03 -0.1052121E+01  0.1404920E+01
   03  0.1004171E+03  0.3093943E+04 -0.2603068E+03 -0.2436952E+01  0.1435537E+01
   03  0.1093641E+03  0.3093974E+04 -0.2617326E+03 -0.4252256E+01  0.1466630E+01
   03  0.1183111E+03  0.3093991E+04 -0.2610744E+03 -0.5404512E+01  0.1483952E+01
   03  0.1272581E+03  0.3094001E+04 -0.2602721E+03 -0.5262275E+01  0.1493496E+01
   03  0.1362051E+03  0.3094009E+04 -0.2603483E+03 -0.4052666E+01  0.1501677E+01
   03  0.1451521E+03  0.3094017E+04 -0.2608962E+03 -0.2359761E+01  0.1509267E+01
   03  0.1540991E+03  0.3094024E+04 -0.2612332E+03 -0.7723690E+00  0.1516756E+01
   03  0.1630461E+03  0.3094030E+04 -0.2606695E+03  0.3564052E+00  0.1522760E+01
   03  0.1719931E+03  0.3094033E+04 -0.2586527E+03  0.7494432E+00  0.1525151E+01
   04  0.1809401E+03  0.3100061E+04 -0.2562660E+03  0.1572427E+01  0.1526605E+01
   04  0.1824313E+03  0.3100059E+04 -0.2546251E+03  0.1266995E+01  0.1523690E+01
   04  0.1839225E+03  0.3100056E+04 -0.2533552E+03  0.9175474E+00  0.1521401E+01
   04  0.1854136E+03  0.3100055E+04 -0.2524358E+03  0.5440924E+00  0.1519760E+01
   04  0.1869048E+03  0.3100053E+04 -0.2516815E+03  0.1593178E+00  0.1518263E+01
   04  0.1883960E+03  0.3100052E+04 -0.2510167E+03 -0.2267875E+00  0.1516767E+01
   04  0.1898871E+03  0.3100050E+04 -0.2503853E+03 -0.6075809E+00  0.1515173E+01
   04  0.1913783E+03  0.3100048E+04 -0.2496894E+03 -0.9836544E+00  0.1513100E+01
   04  0.1928695E+03  0.3100045E+04 -0.2488050E+03 -0.1365203E+01  0.1510070E+01
   04  0.1943606E+03  0.3100041E+04 -0.2476440E+03 -0.1766604E+01  0.1505845E+01
   04  0.1958518E+03  0.3100036E+04 -0.2462263E+03 -0.2199129E+01  0.1500778E+01
   04  0.1973430E+03  0.3100031E+04 -0.2446746E+03 -0.2674321E+01  0.1495719E+01
   04  0.1988341E+03  0.3100026E+04 -0.2431182E+03 -0.3204653E+01  0.1491387E+01
   04  0.2003253E+03  0.3100023E+04 -0.2416090E+03 -0.3795524E+01  0.1487888E+01
   04  0.2018165E+03  0.3100020E+04 -0.2401323E+03 -0.4436930E+01  0.1484812E+01
   04  0.2033076E+03  0.3100017E+04 -0.2386984E+03 -0.5101946E+01  0.1481818E+01
   04  0.2047988E+03  0.3100014E+04 -0.2374012E+03 -0.5753156E+01  0.1479088E+01
   04  0.2062900E+03  0.3100012E+04 -0.2363640E+03 -0.6355259E+01  0.1477121E+01
   04  0.2077811E+03  0.3100011E+04 -0.2356426E+03 -0.6891417E+01  0.1476189E+01
   04  0.2092723E+03  0.3100011E+04 -0.2351869E+03 -0.7365259E+01  0.1476104E+01
   04  0.2107635E+03  0.3100011E+04 -0.2348733E+03 -0.7793860E+01  0.1476357E+01
   04  0.2122546E+03  0.3100011E+04 -0.2345554E+03 -0.8196606E+01  0.1476333E+01
   04  0.2137458E+03  0.3100010E+04 -0.2340746E+03 -0.8589288E+01  0.1475312E+01
   04  0.2152370E+03  0.3100007E+04 -0.2332439E+03 -0.8985413E+01  0.1472374E+01
   04  0.2167281E+03  0.3100001E+04 -0.2318668E+03 -0.9397485E+01  0.1466495E+01
   04  0.2182193E+03  0.3099992E+04 -0.2298205E+03 -0.9837744E+01  0.1456995E+01
   04  0.2197105E+03  0.3099979E+04 -0.2271601E+03 -0.1031293E+02  0.1444147E+01
   04  0.2212017E+03  0.3099964E+04 -0.2241506E+03 -0.1081968E+02  0.1429364E+01
   04  0.2226928E+03  0.3099950E+04 -0.2211753E+03 -0.1133828E+02  0.1414717E+01
   04  0.2241840E+03  0.3099937E+04 -0.2185704E+03 -0.1184198E+02  0.1401988E+01
   04  0.2256752E+03  0.3099927E+04 -0.2165000E+03 -0.1230412E+02  0.1392003E+01
   04  0.2271663E+03  0.3099919E+04 -0.2149424E+03 -0.1270984E+02  0.1384582E+01
   04  0.2286575E+03  0.3099914E+04 -0.2137652E+03 -0.1306012E+02  0.1378967E+01
   04  0.2301487E+03  0.3099909E+04 -0.2128100E+03 -0.1336696E+02  0.1374297E+01
   04  0.2316398E+03  0.3099905E+04 -0.2119386E+03 -0.1364475E+02  0.1369860E+01
   04  0.2331310E+03  0.3099900E+04 -0.2110449E+03 -0.1390650E+02  0.1365119E+01
   04  0.2346222E+03  0.3099895E+04 -0.2100517E+03 -0.1415992E+02  0.1359683E+01
   04  0.2361133E+03  0.3099888E+04 -0.2089060E+03 -0.1440670E+02  0.1353288E+01
   04  0.2376045E+03  0.3099881E+04 -0.2075745E+03 -0.1464261E+02  0.1345767E+01
   04  0.2390957E+03  0.3099872E+04 -0.2060367E+03 -0.1486022E+02  0.1337015E+01
   04  0.2405868E+03  0.3099862E+04 -0.2042763E+03 -0.1505059E+02  0.1326942E+01
   04  0.2420780E+03  0.3099850E+04 -0.2022719E+03 -0.1520547E+02  0.1315436E+01
   04  0.2435692E+03  0.3099837E+04 -0.1999957E+03 -0.1532006E+02  0.1302353E+01
   04  0.2450603E+03  0.3099822E+04 -0.1974206E+03 -0.1539495E+02  0.1287555E+01
   04  0.2465515E+03  0.3099806E+04 -0.1945316E+03 -0.1543563E+02  0.1270977E+01
   04  0.2480427E+03  0.3099788E+04 -0.1913393E+03 -0.1545429E+02  0.1252707E+01
   04  0.2495338E+03  0.3099768E+04 -0.1878927E+03 -0.1546335E+02  0.1233077E+01
   04  0.2510250E+03  0.3099748E+04 -0.1842762E+03 -0.1547602E+02  0.1212627E+01
   04  0.2525162E+03  0.3099727E+04 -0.1805941E+03 -0.1550759E+02  0.1191991E+01
   04  0.2540073E+03  0.3099707E+04 -0.1769417E+03 -0.1557100E+02  0.1171748E+01
   04  0.2554985E+03  0.3099687E+04 -0.1733791E+03 -0.1567641E+02  0.1152275E+01
   04  0.2569897E+03  0.3099669E+04 -0.1699162E+03 -0.1583043E+02  0.1133650E+01
   04  0.2584808E+03  0.3099651E+04 -0.1665124E+03 -0.1603731E+02  0.1115642E+01
   04  0.2599720E+03  0.3099633E+04 -0.1630888E+03 -0.1629799E+02  0.1097785E+01
   04  0.2614632E+03  0.3099614E+04 -0.1595471E+03 -0.1660732E+02  0.1079489E+01
   04  0.2629543E+03  0.3099595E+04 -0.1557897E+03 -0.1695544E+02  0.1060132E+01
   04  0.2644455E+03  0.3099574E+04 -0.1517389E+03 -0.1732805E+02  0.1039179E+01
   04  0.2659367E+03  0.3099551E+04 -0.1473535E+03 -0.1770600E+02  0.1016305E+01
   04  0.2674278E+03  0.3099526E+04 -0.1426414E+03 -0.1807127E+02  0.9914628E+00
   04  0.2689190E+03  0.3099500E+04 -0.1376602E+03 -0.1841112E+02  0.9649253E+00
   04  0.2704102E+03  0.3099472E+04 -0.1325068E+03 -0.1871754E+02  0.9372440E+00
   04  0.2719014E+03  0.3099444E+04 -0.1272936E+03 -0.1899173E+02  0.9091012E+00
   04  0.2733925E+03  0.3099416E+04 -0.1221251E+03 -0.1924266E+02  0.8811460E+00
   04  0.2748837E+03  0.3099389E+04 -0.1170760E+03 -0.1948318E+02  0.8538720E+00
   04  0.2763749E+03  0.3099362E+04 -0.1121786E+03 -0.1972957E+02  0.8275470E+00
   04  0.2778660E+03  0.3099337E+04 -0.1074237E+03 -0.1999903E+02  0.8022212E+00
   04  0.2793572E+03  0.3099313E+04 -0.1027699E+03 -0.2030925E+02  0.7777786E+00
   04  0.2808484E+03  0.3099289E+04 -0.9815914E+02 -0.2067880E+02  0.7540019E+00
   04  0.2823395E+03  0.3099266E+04 -0.9353338E+02 -0.2112732E+02  0.7306465E+00
   04  0.2838307E+03  0.3099242E+04 -0.8884942E+02 -0.2167146E+02  0.7075189E+00
   04  0.2853219E+03  0.3099219E+04 -0.8409113E+02 -0.2231960E+02  0.6845578E+00
   04  0.2868130E+03  0.3099197E+04 -0.7927920E+02 -0.2307034E+02  0.6618757E+00
   04  0.2883042E+03  0.3099175E+04 -0.7447326E+02 -0.2391506E+02  0.6397666E+00
   04  0.2897954E+03  0.3099154E+04 -0.6976380E+02 -0.2484146E+02  0.6186814E+00
   04  0.2912865E+03  0.3099134E+04 -0.6525569E+02 -0.2583756E+02  0.5991502E+00
   04  0.2927777E+03  0.3099117E+04 -0.6104774E+02 -0.2689561E+02  0.5816711E+00
   04  0.2942689E+03  0.3099101E+04 -0.5721400E+02 -0.2801376E+02  0.5666050E+00
   04  0.2957600E+03  0.3099089E+04 -0.5379232E+02 -0.2919515E+02  0.5541055E+00
   04  0.2972512E+03  0.3099079E+04 -0.5078223E+02 -0.3044572E+02  0.5441056E+00
   04  0.2987424E+03  0.3099071E+04 -0.4815024E+02 -0.3177133E+02  0.5363502E+00
   04  0.3002335E+03  0.3099065E+04 -0.4584273E+02 -0.3317533E+02  0.5304366E+00
   04  0.3017247E+03  0.3099061E+04 -0.4379467E+02 -0.3465640E+02  0.5258857E+00
   04  0.3032159E+03  0.3099057E+04 -0.4193669E+02 -0.3620744E+02  0.5221985E+00
   04  0.3047070E+03  0.3099054E+04 -0.4020287E+02 -0.3781613E+02  0.5188975E+00
   04  0.3061982E+03  0.3099050E+04 -0.3853966E+02 -0.3946599E+02  0.5155390E+00
   04  0.3076894E+03  0.3099047E+04 -0.3690554E+02 -0.4113965E+02  0.5117693E+00
   04  0.3091805E+03  0.3099042E+04 -0.3527394E+02 -0.4282165E+02  0.5073524E+00
   04  0.3106717E+03  0.3099037E+04 -0.3363308E+02 -0.4449911E+02  0.5021982E+00
   04  0.3121629E+03  0.3099031E+04 -0.3198687E+02 -0.4616190E+02  0.4963543E+00
   04  0.3136540E+03  0.3099025E+04 -0.3035271E+02 -0.4780203E+02  0.4899777E+00
   04  0.3151452E+03  0.3099018E+04 -0.2875778E+02 -0.4941177E+02  0.4832929E+00
   04  0.3165017E+03  0.3099012E+04 -0.2736647E+02 -0.5084255E+02  0.4771448E+00
   04  0.3178581E+03  0.3099006E+04 -0.2605283E+02 -0.5223567E+02  0.4711028E+00
   04  0.3192146E+03  0.3099000E+04 -0.2483066E+02 -0.5358612E+02  0.4652836E+00
   04  0.3205710E+03  0.3098995E+04 -0.2370526E+02 -0.5489034E+02  0.4597499E+00
   04  0.3219275E+03  0.3098989E+04 -0.2267311E+02 -0.5614648E+02  0.4545108E+00
   04  0.3232839E+03  0.3098984E+04 -0.2172313E+02 -0.5735465E+02  0.4495308E+00
   04  0.3246404E+03  0.3098980E+04 -0.2083929E+02 -0.5851690E+02  0.4447460E+00
   04  0.3259968E+03  0.3098975E+04 -0.2000360E+02 -0.5963711E+02  0.4400810E+00
   04  0.3273533E+03  0.3098970E+04 -0.1919915E+02 -0.6072074E+02  0.4354669E+00
   04  0.3287097E+03  0.3098966E+04 -0.1841281E+02 -0.6177461E+02  0.4308565E+00
   04  0.3300662E+03  0.3098961E+04 -0.1763739E+02 -0.6280660E+02  0.4262365E+00
   04  0.3314226E+03  0.3098957E+04 -0.1687300E+02 -0.6382520E+02  0.4216337E+00
   04  0.3327791E+03  0.3098952E+04 -0.1612748E+02 -0.6483897E+02  0.4171167E+00
   04  0.3341355E+03  0.3098948E+04 -0.1541754E+02 -0.6585579E+02  0.4127985E+00
   04  0.3354920E+03  0.3098944E+04 -0.1476993E+02 -0.6688138E+02  0.4088410E+00
   04  0.3368484E+03  0.3098940E+04 -0.1421902E+02 -0.6791695E+02  0.4054400E+00
   04  0.3382049E+03  0.3098938E+04 -0.1379633E+02 -0.6895794E+02  0.4027646E+00
   04  0.3395613E+03  0.3098936E+04 -0.1351785E+02 -0.6999504E+02  0.4008876E+00
   04  0.3409178E+03  0.3098935E+04 -0.1337929E+02 -0.7101675E+02  0.3997617E+00
   04  0.3422742E+03  0.3098934E+04 -0.1336048E+02 -0.7201194E+02  0.3992463E+00
   04  0.3436307E+03  0.3098934E+04 -0.1343200E+02 -0.7297207E+02  0.3991497E+00
   04  0.3449871E+03  0.3098934E+04 -0.1356489E+02 -0.7389226E+02  0.3992851E+00
   04  0.3463436E+03  0.3098934E+04 -0.1373706E+02 -0.7477110E+02  0.3995087E+00
   04  0.3477000E+03  0.3098935E+04 -0.1393482E+02 -0.7560871E+02  0.3997298E+00
   04  0.3490565E+03  0.3098935E+04 -0.1415118E+02 -0.7640368E+02  0.3999012E+00
   04  0.3504130E+03  0.3098935E+04 -0.1437444E+02 -0.7715436E+02  0.3999527E+00
   04  0.3517694E+03  0.3098935E+04 -0.1459089E+02 -0.7786301E+02  0.3998007E+00
   04  0.3531259E+03  0.3098934E+04 -0.1479179E+02 -0.7853193E+02  0.3993918E+00
   04  0.3544823E+03  0.3098934E+04 -0.1496705E+02 -0.7916199E+02  0.3986675E+00
   04  0.3558388E+03  0.3098932E+04 -0.1510271E+02 -0.7975307E+02  0.3975441E+00
   04  0.3574665E+03  0.3098930E+04 -0.1518789E+02 -0.8040970E+02  0.3955213E+00
   04  0.3590942E+03  0.3098927E+04 -0.1515727E+02 -0.8100631E+02  0.3925894E+00
   04  0.3607220E+03  0.3098923E+04 -0.1498346E+02 -0.8154417E+02  0.3886041E+00
   04  0.3623497E+03  0.3098918E+04 -0.1464622E+02 -0.8202990E+02  0.3834660E+00
   04  0.3639775E+03  0.3098912E+04 -0.1413742E+02 -0.8247663E+02  0.3771620E+00
   04  0.3656052E+03  0.3098905E+04 -0.1347037E+02 -0.8290344E+02  0.3698134E+00
   04  0.3672329E+03  0.3098897E+04 -0.1268636E+02 -0.8333256E+02  0.3617063E+00
   04  0.3688607E+03  0.3098888E+04 -0.1185039E+02 -0.8378533E+02  0.3532672E+00
   04  0.3704884E+03  0.3098880E+04 -0.1103657E+02 -0.8427879E+02  0.3449682E+00
   04  0.3721162E+03  0.3098872E+04 -0.1030788E+02 -0.8482412E+02  0.3372033E+00
   04  0.3737439E+03  0.3098865E+04 -0.9700219E+01 -0.8542700E+02  0.3301930E+00
   04  0.3753717E+03  0.3098859E+04 -0.9217615E+01 -0.8608864E+02  0.3239526E+00
   04  0.3769994E+03  0.3098853E+04 -0.8837910E+01 -0.8680708E+02  0.3183263E+00
   04  0.3786271E+03  0.3098848E+04 -0.8523246E+01 -0.8757832E+02  0.3130507E+00
   04  0.3802549E+03  0.3098843E+04 -0.8228983E+01 -0.8839713E+02  0.3078106E+00
   04  0.3818826E+03  0.3098837E+04 -0.7907874E+01 -0.8925727E+02  0.3022692E+00
   04  0.3835104E+03  0.3098831E+04 -0.7510822E+01 -0.9015111E+02  0.2960747E+00
   04  0.3851381E+03  0.3098824E+04 -0.6987009E+01 -0.9106952E+02  0.2888657E+00
   04  0.3867658E+03  0.3098815E+04 -0.6285960E+01 -0.9200289E+02  0.2802918E+00
   04  0.3883936E+03  0.3098805E+04 -0.5363088E+01 -0.9294305E+02  0.2700542E+00
   04  0.3900213E+03  0.3098793E+04 -0.4188035E+01 -0.9388538E+02  0.2579553E+00
   04  0.3916491E+03  0.3098779E+04 -0.2753252E+01 -0.9483067E+02  0.2439512E+00
   04  0.3932768E+03  0.3098763E+04 -0.1080146E+01 -0.9578653E+02  0.2281894E+00
   04  0.3949046E+03  0.3098746E+04  0.7789057E+00 -0.9676679E+02  0.2110107E+00
   04  0.3965323E+03  0.3098728E+04  0.2748585E+01 -0.9779259E+02  0.1929312E+00
   04  0.3981600E+03  0.3098709E+04  0.4741693E+01 -0.9888481E+02  0.1745477E+00
   04  0.3997878E+03  0.3098691E+04  0.6672146E+01 -0.1000581E+03  0.1564362E+00
   04  0.4014155E+03  0.3098674E+04  0.8467246E+01 -0.1013196E+03  0.1390804E+00
   04  0.4030433E+03  0.3098658E+04  0.1007826E+02 -0.1026677E+03  0.1228185E+00
   04  0.4046710E+03  0.3098643E+04  0.1148367E+02 -0.1040901E+03  0.1078122E+00
   04  0.4062987E+03  0.3098629E+04  0.1268559E+02 -0.1055648E+03  0.9405903E-01
   04  0.4079265E+03  0.3098616E+04  0.1370490E+02 -0.1070642E+03  0.8143969E-01
   04  0.4095542E+03  0.3098605E+04  0.1457404E+02 -0.1085622E+03  0.6978441E-01
   04  0.4111820E+03  0.3098594E+04  0.1532721E+02 -0.1100384E+03  0.5893192E-01
   04  0.4128097E+03  0.3098584E+04  0.1599182E+02 -0.1114804E+03  0.4876790E-01
   04  0.4144375E+03  0.3098574E+04  0.1658252E+02 -0.1128827E+03  0.3926094E-01
   04  0.4160652E+03  0.3098565E+04  0.1709576E+02 -0.1142460E+03  0.3048292E-01
   04  0.4176929E+03  0.3098557E+04  0.1750990E+02 -0.1155769E+03  0.2260093E-01
   04  0.4193207E+03  0.3098551E+04  0.1779739E+02 -0.1168877E+03  0.1580820E-01
   04  0.4209484E+03  0.3098545E+04  0.1794454E+02 -0.1181935E+03  0.1020573E-01
   04  0.4225762E+03  0.3098541E+04  0.1796935E+02 -0.1195045E+03  0.5696951E-02
   04  0.4242039E+03  0.3098537E+04  0.1791585E+02 -0.1208225E+03  0.2033771E-02
   04  0.4258316E+03  0.3098534E+04  0.1781278E+02 -0.1221442E+03 -0.9653428E-03
   04  0.4274594E+03  0.3098532E+04  0.1765303E+02 -0.1234671E+03 -0.3275456E-02
   04  0.4290871E+03  0.3098530E+04  0.1741864E+02 -0.1247892E+03 -0.4821285E-02
   04  0.4307149E+03  0.3098529E+04  0.1709705E+02 -0.1261055E+03 -0.5550888E-02
   04  0.4323426E+03  0.3098529E+04  0.1668979E+02 -0.1274092E+03 -0.5495342E-02
   04  0.4339704E+03  0.3098530E+04  0.1620817E+02 -0.1286948E+03 -0.4735812E-02
   04  0.4355981E+03  0.3098532E+04  0.1566429E+02 -0.1299595E+03 -0.3360444E-02
   04  0.4372258E+03  0.3098533E+04  0.1506526E+02 -0.1312029E+03 -0.1430790E-02
   04  0.4388536E+03  0.3098536E+04  0.1441294E+02 -0.1324259E+03  0.1022762E-02
   04  0.4404813E+03  0.3098539E+04  0.1370689E+02 -0.1336292E+03  0.3984212E-02
   04  0.4421091E+03  0.3098542E+04  0.1294747E+02 -0.1348137E+03  0.7430555E-02
   04  0.4437368E+03  0.3098546E+04  0.1213729E+02 -0.1359800E+03  0.1131908E-01
   04  0.4453645E+03  0.3098550E+04  0.1128158E+02 -0.1371288E+03  0.1559115E-01
   04  0.4469923E+03  0.3098555E+04  0.1038701E+02 -0.1382611E+03  0.2018518E-01
   04  0.4486200E+03  0.3098560E+04  0.9459281E+01 -0.1393792E+03  0.2504773E-01
   04  0.4502478E+03  0.3098565E+04  0.8501491E+01 -0.1404862E+03  0.3014275E-01
   04  0.4518755E+03  0.3098570E+04  0.7513704E+01 -0.1415859E+03  0.3545519E-01
   04  0.4535033E+03  0.3098576E+04  0.6493443E+01 -0.1426825E+03  0.4098799E-01
   04  0.4551310E+03  0.3098582E+04  0.5436777E+01 -0.1437801E+03  0.4675420E-01
   04  0.4567587E+03  0.3098588E+04  0.4339629E+01 -0.1448825E+03  0.5276826E-01
   04  0.4583865E+03  0.3098594E+04  0.3199026E+01 -0.1459930E+03  0.5903859E-01
   04  0.4600142E+03  0.3098600E+04  0.2014105E+01 -0.1471146E+03  0.6556230E-01
   04  0.4616420E+03  0.3098607E+04  0.7867993E+00 -0.1482503E+03  0.7232209E-01
   04  0.4632697E+03  0.3098614E+04 -0.4778860E+00 -0.1494025E+03  0.7928511E-01
   04  0.4648974E+03  0.3098621E+04 -0.1772014E+01 -0.1505739E+03  0.8640383E-01
   04  0.4665252E+03  0.3098628E+04 -0.3085290E+01 -0.1517668E+03  0.9361836E-01
   04  0.4681529E+03  0.3098636E+04 -0.4406022E+01 -0.1529828E+03  0.1008605E+00
   04  0.4697807E+03  0.3098643E+04 -0.5722231E+01 -0.1542234E+03  0.1080596E+00
   04  0.4714084E+03  0.3098650E+04 -0.7022979E+01 -0.1554889E+03  0.1151489E+00
   04  0.4730362E+03  0.3098657E+04 -0.8299648E+01 -0.1567791E+03  0.1220710E+00
   04  0.4746639E+03  0.3098664E+04 -0.9546871E+01 -0.1580927E+03  0.1287829E+00
   04  0.4762916E+03  0.3098670E+04 -0.1076308E+02 -0.1594271E+03  0.1352591E+00
   04  0.4779194E+03  0.3098676E+04 -0.1195065E+02 -0.1607792E+03  0.1414938E+00
   04  0.4795471E+03  0.3098682E+04 -0.1311554E+02 -0.1621445E+03  0.1474996E+00
   04  0.4811749E+03  0.3098688E+04 -0.1426639E+02 -0.1635169E+03  0.1533045E+00
   04  0.4828026E+03  0.3098694E+04 -0.1541303E+02 -0.1648882E+03  0.1589456E+00
   04  0.4844303E+03  0.3098699E+04 -0.1656487E+02 -0.1662466E+03  0.1644589E+00
   04  0.4860581E+03  0.3098705E+04 -0.1772953E+02 -0.1675755E+03  0.1698651E+00
   04  0.4876858E+03  0.3098710E+04 -0.1891197E+02 -0.1688535E+03  0.1751548E+00
   04  0.4893136E+03  0.3098715E+04 -0.2011393E+02 -0.1700550E+03  0.1802816E+00
   04  0.4909413E+03  0.3098720E+04 -0.2133363E+02 -0.1711543E+03  0.1851693E+00
   04  0.4925691E+03  0.3098725E+04 -0.2256535E+02 -0.1721310E+03  0.1897353E+00
   04  0.4941968E+03  0.3098729E+04 -0.2379961E+02 -0.1729756E+03  0.1939192E+00
   04  0.4958245E+03  0.3098733E+04 -0.2502416E+02 -0.1736911E+03  0.1976987E+00
   04  0.4974523E+03  0.3098736E+04 -0.2622650E+02 -0.1742796E+03  0.2010223E+00
   04  0.4990800E+03  0.3098739E+04 -0.2739625E+02 -0.1747501E+03  0.2038846E+00
   04  0.5007078E+03  0.3098741E+04 -0.2852549E+02 -0.1751240E+03  0.2063837E+00
   04  0.5023355E+03  0.3098744E+04 -0.2961066E+02 -0.1754236E+03  0.2086427E+00
   04  0.5039632E+03  0.3098746E+04 -0.3065491E+02 -0.1756481E+03  0.2108243E+00
   04  0.5055910E+03  0.3098748E+04 -0.3166388E+02 -0.1757848E+03  0.2130642E+00
   04  0.5072187E+03  0.3098750E+04 -0.3264696E+02 -0.1758398E+03  0.2153713E+00
   04  0.5088465E+03  0.3098753E+04 -0.3361605E+02 -0.1758285E+03  0.2176929E+00
   04  0.5104742E+03  0.3098755E+04 -0.3458366E+02 -0.1757655E+03  0.2200012E+00
   04  0.5121020E+03  0.3098757E+04 -0.3556222E+02 -0.1756625E+03  0.2223690E+00
   04  0.5137297E+03  0.3098760E+04 -0.3656411E+02 -0.1755302E+03  0.2249959E+00
   04  0.5153574E+03  0.3098763E+04 -0.3760017E+02 -0.1753796E+03  0.2281437E+00
   04  0.5169852E+03  0.3098767E+04 -0.3868051E+02 -0.1752104E+03  0.2320783E+00
   04  0.5186129E+03  0.3098772E+04 -0.3981273E+02 -0.1749975E+03  0.2369871E+00
   04  0.5202407E+03  0.3098778E+04 -0.4100142E+02 -0.1747037E+03  0.2429862E+00
   04  0.5218684E+03  0.3098785E+04 -0.4224427E+02 -0.1742998E+03  0.2501309E+00
   04  0.5234961E+03  0.3098793E+04 -0.4353130E+02 -0.1737816E+03  0.2584371E+00
   04  0.5251239E+03  0.3098803E+04 -0.4484667E+02 -0.1731534E+03  0.2677913E+00
   04  0.5267516E+03  0.3098813E+04 -0.4617040E+02 -0.1724236E+03  0.2779845E+00
   04  0.5283794E+03  0.3098824E+04 -0.4747952E+02 -0.1716032E+03  0.2887499E+00
   04  0.5300071E+03  0.3098835E+04 -0.4874991E+02 -0.1707013E+03  0.2998096E+00
   04  0.5316349E+03  0.3098846E+04 -0.4995921E+02 -0.1697248E+03  0.3109143E+00
   04  0.5332626E+03  0.3098857E+04 -0.5108920E+02 -0.1686786E+03  0.3218709E+00
   04  0.5348903E+03  0.3098867E+04 -0.5212845E+02 -0.1675669E+03  0.3325611E+00
   04  0.5365181E+03  0.3098878E+04 -0.5307282E+02 -0.1663937E+03  0.3429385E+00
   04  0.5381458E+03  0.3098888E+04 -0.5392465E+02 -0.1651647E+03  0.3530190E+00
   04  0.5397736E+03  0.3098898E+04 -0.5469058E+02 -0.1638865E+03  0.3628535E+00
   04  0.5414013E+03  0.3098907E+04 -0.5538002E+02 -0.1625657E+03  0.3725079E+00
   04  0.5430290E+03  0.3098917E+04 -0.5600393E+02 -0.1612096E+03  0.3820521E+00
   04  0.5446568E+03  0.3098926E+04 -0.5657405E+02 -0.1598269E+03  0.3915552E+00
   04  0.5462845E+03  0.3098936E+04 -0.5710224E+02 -0.1584276E+03  0.4010839E+00
   04  0.5479123E+03  0.3098946E+04 -0.5759984E+02 -0.1570226E+03  0.4107015E+00
   04  0.5495400E+03  0.3098955E+04 -0.5807678E+02 -0.1556228E+03  0.4204644E+00
   04  0.5511678E+03  0.3098965E+04 -0.5854120E+02 -0.1542378E+03  0.4304194E+00
   04  0.5527955E+03  0.3098975E+04 -0.5899962E+02 -0.1528750E+03  0.4406016E+00
   04  0.5544232E+03  0.3098986E+04 -0.5945716E+02 -0.1515391E+03  0.4510316E+00
   04  0.5560510E+03  0.3098997E+04 -0.5991770E+02 -0.1502315E+03  0.4617136E+00
   04  0.5576787E+03  0.3099008E+04 -0.6038373E+02 -0.1489504E+03  0.4726351E+00
   04  0.5593065E+03  0.3099019E+04 -0.6085628E+02 -0.1476910E+03  0.4837697E+00
   04  0.5609342E+03  0.3099030E+04 -0.6133492E+02 -0.1464470E+03  0.4950821E+00
   04  0.5625619E+03  0.3099041E+04 -0.6181806E+02 -0.1452110E+03  0.5065358E+00
   04  0.5641897E+03  0.3099053E+04 -0.6230338E+02 -0.1439759E+03  0.5180994E+00
   04  0.5658174E+03  0.3099065E+04 -0.6278844E+02 -0.1427359E+03  0.5297522E+00
   04  0.5674452E+03  0.3099076E+04 -0.6327119E+02 -0.1414859E+03  0.5414848E+00
   04  0.5690729E+03  0.3099088E+04 -0.6375036E+02 -0.1402221E+03  0.5532962E+00
   04  0.5707007E+03  0.3099100E+04 -0.6422566E+02 -0.1389415E+03  0.5651894E+00
   04  0.5723284E+03  0.3099112E+04 -0.6469772E+02 -0.1376414E+03  0.5771652E+00
   04  0.5739561E+03  0.3099124E+04 -0.6516704E+02 -0.1363198E+03  0.5892138E+00
   04  0.5755839E+03  0.3099136E+04 -0.6563314E+02 -0.1349756E+03  0.6013108E+00
   04  0.5772116E+03  0.3099148E+04 -0.6609441E+02 -0.1336085E+03  0.6134184E+00
   04  0.5788394E+03  0.3099160E+04 -0.6654877E+02 -0.1322195E+03  0.6254910E+00
   04  0.5804671E+03  0.3099172E+04 -0.6699439E+02 -0.1308111E+03  0.6374808E+00
   04  0.5820948E+03  0.3099184E+04 -0.6742970E+02 -0.1293875E+03  0.6493376E+00
   04  0.5837226E+03  0.3099196E+04 -0.6785236E+02 -0.1279530E+03  0.6610037E+00
   04  0.5853503E+03  0.3099207E+04 -0.6826119E+02 -0.1265125E+03  0.6724230E+00
   04  0.5869781E+03  0.3099218E+04 -0.6865400E+02 -0.1250694E+03  0.6835376E+00
   04  0.5886058E+03  0.3099229E+04 -0.6902980E+02 -0.1236262E+03  0.6943018E+00
   04  0.5902336E+03  0.3099240E+04 -0.6939266E+02 -0.1221843E+03  0.7047038E+00
   04  0.5918613E+03  0.3099250E+04 -0.6974665E+02 -0.1207424E+03  0.7147486E+00
   04  0.5934890E+03  0.3099259E+04 -0.7008954E+02 -0.1192982E+03  0.7244210E+00
   04  0.5951168E+03  0.3099269E+04 -0.7042020E+02 -0.1178475E+03  0.7337221E+00
   04  0.5967445E+03  0.3099278E+04 -0.7073873E+02 -0.1163850E+03  0.7426772E+00
   04  0.5983723E+03  0.3099286E+04 -0.7104499E+02 -0.1149037E+03  0.7513287E+00
