# gauge_id= 615 location=( -0.1242106071E+03  0.4175726850E+02 ) num_var=  4
# Stationary gauge
# level, time, q[  1  2  3], eta, aux[]
# file format ascii, time series follow in this file
   04  0.0000000E+00  0.1433921E+02  0.0000000E+00  0.0000000E+00  0.0000000E+00
   04  0.1000000E+01  0.1433921E+02  0.1559985E-15 -0.1284463E-15 -0.1463219E+01
   04  0.1015873E+01  0.1433921E+02 -0.3820074E-05 -0.1473541E-04 -0.1463220E+01
   04  0.1031746E+01  0.1433921E+02 -0.7639145E-05 -0.2946820E-04 -0.1463220E+01
   04  0.1047619E+01  0.1433921E+02 -0.1145721E-04 -0.4419837E-04 -0.1463220E+01
   04  0.1063492E+01  0.1433921E+02 -0.1527428E-04 -0.5892592E-04 -0.1463220E+01
   04  0.1079365E+01  0.1433921E+02 -0.1909034E-04 -0.7365085E-04 -0.1463220E+01
   04  0.1095238E+01  0.1433921E+02 -0.2290540E-04 -0.8837317E-04 -0.1463221E+01
   04  0.1111111E+01  0.1433921E+02 -0.2671946E-04 -0.1030929E-03 -0.1463221E+01
   04  0.1126984E+01  0.1433921E+02 -0.3053251E-04 -0.1178099E-03 -0.1463221E+01
   04  0.1142857E+01  0.1433921E+02 -0.3434456E-04 -0.1325244E-03 -0.1463221E+01
   04  0.1158730E+01  0.1433921E+02 -0.3815560E-04 -0.1472362E-03 -0.1463221E+01
   04  0.1174603E+01  0.1433921E+02 -0.4196564E-04 -0.1619454E-03 -0.1463222E+01
   04  0.1190476E+01  0.1433921E+02 -0.4577468E-04 -0.1766520E-03 -0.1463222E+01
   04  0.1206349E+01  0.1433921E+02 -0.4958271E-04 -0.1913560E-03 -0.1463222E+01
   04  0.1222222E+01  0.1433921E+02 -0.5338973E-04 -0.2060574E-03 -0.1463222E+01
   04  0.1238095E+01  0.1433921E+02 -0.5719575E-04 -0.2207561E-03 -0.1463222E+01
   04  0.1253968E+01  0.1433921E+02 -0.6100076E-04 -0.2354522E-03 -0.1463223E+01
   04  0.1269841E+01  0.1433921E+02 -0.6480477E-04 -0.2501457E-03 -0.1463223E+01
   04  0.1285714E+01  0.1433921E+02 -0.6860776E-04 -0.2648366E-03 -0.1463223E+01
   04  0.1301587E+01  0.1433921E+02 -0.7240976E-04 -0.2795248E-03 -0.1463223E+01
   04  0.1317460E+01  0.1433921E+02 -0.7621074E-04 -0.2942105E-03 -0.1463223E+01
   04  0.1333333E+01  0.1433921E+02 -0.8001072E-04 -0.3088935E-03 -0.1463223E+01
   04  0.1349206E+01  0.1433921E+02 -0.8380969E-04 -0.3235739E-03 -0.1463224E+01
   04  0.1365079E+01  0.1433921E+02 -0.8760765E-04 -0.3382516E-03 -0.1463224E+01
   04  0.1380952E+01  0.1433921E+02 -0.9140460E-04 -0.3529268E-03 -0.1463224E+01
   04  0.1396825E+01  0.1433921E+02 -0.9520055E-04 -0.3675993E-03 -0.1463224E+01
   04  0.1412698E+01  0.1433921E+02 -0.9899549E-04 -0.3822692E-03 -0.1463224E+01
   04  0.1428571E+01  0.1433921E+02 -0.1027894E-03 -0.3969365E-03 -0.1463225E+01
   04  0.1476190E+01  0.1433921E+02 -0.1141680E-03 -0.4409262E-03 -0.1463225E+01
   04  0.1523810E+01  0.1433921E+02 -0.1255375E-03 -0.4848923E-03 -0.1463226E+01
   04  0.1571429E+01  0.1433920E+02 -0.1368979E-03 -0.5288348E-03 -0.1463226E+01
   04  0.1619048E+01  0.1433920E+02 -0.1482492E-03 -0.5727537E-03 -0.1463227E+01
   04  0.1666667E+01  0.1433920E+02 -0.1595914E-03 -0.6166490E-03 -0.1463227E+01
   04  0.1714286E+01  0.1433920E+02 -0.1709245E-03 -0.6605207E-03 -0.1463228E+01
   04  0.1761905E+01  0.1433920E+02 -0.1822485E-03 -0.7043688E-03 -0.1463228E+01
   04  0.1809524E+01  0.1433920E+02 -0.1935633E-03 -0.7481933E-03 -0.1463229E+01
   04  0.1857143E+01  0.1433920E+02 -0.2048690E-03 -0.7919941E-03 -0.1463229E+01
   04  0.1904762E+01  0.1433920E+02 -0.2161655E-03 -0.8357714E-03 -0.1463230E+01
   04  0.1952381E+01  0.1433920E+02 -0.2274529E-03 -0.8795250E-03 -0.1463231E+01
   04  0.2000000E+01  0.1433920E+02 -0.2387311E-03 -0.9232549E-03 -0.1463231E+01
   04  0.5727919E+01  0.1433917E+02 -0.1118769E-02 -0.4307132E-02 -0.1463261E+01
   04  0.9455838E+01  0.1433917E+02 -0.1939250E-02 -0.7547586E-02 -0.1463265E+01
   04  0.1318376E+02  0.1433919E+02 -0.2699297E-02 -0.1064608E-01 -0.1463245E+01
   04  0.1691168E+02  0.1433923E+02 -0.3399797E-02 -0.1360562E-01 -0.1463202E+01
   04  0.2063960E+02  0.1433929E+02 -0.4042800E-02 -0.1643034E-01 -0.1463138E+01
   04  0.2436752E+02  0.1433938E+02 -0.4631039E-02 -0.1912520E-01 -0.1463054E+01
   04  0.2809543E+02  0.1433948E+02 -0.5167547E-02 -0.2169576E-01 -0.1462953E+01
   04  0.2995939E+02  0.1433954E+02 -0.5411362E-02 -0.2292493E-01 -0.1462895E+01
   04  0.3182335E+02  0.1433960E+02 -0.5644012E-02 -0.2412551E-01 -0.1462833E+01
   04  0.3348021E+02  0.1433966E+02 -0.5841120E-02 -0.2516818E-01 -0.1462774E+01
   04  0.3513706E+02  0.1433972E+02 -0.6029857E-02 -0.2618947E-01 -0.1462713E+01
   04  0.3679391E+02  0.1433978E+02 -0.6212008E-02 -0.2718991E-01 -0.1462649E+01
   04  0.3845077E+02  0.1433985E+02 -0.6389610E-02 -0.2817004E-01 -0.1462583E+01
   04  0.4010762E+02  0.1433992E+02 -0.6562452E-02 -0.2913034E-01 -0.1462515E+01
   04  0.4176447E+02  0.1433999E+02 -0.6730343E-02 -0.3007132E-01 -0.1462444E+01
   04  0.4342132E+02  0.1434006E+02 -0.6893108E-02 -0.3099349E-01 -0.1462371E+01
   04  0.4507818E+02  0.1434013E+02 -0.7050594E-02 -0.3189733E-01 -0.1462296E+01
   04  0.4673503E+02  0.1434021E+02 -0.7202668E-02 -0.3278335E-01 -0.1462219E+01
   04  0.4839188E+02  0.1434029E+02 -0.7349217E-02 -0.3365202E-01 -0.1462140E+01
   04  0.5004874E+02  0.1434037E+02 -0.7490141E-02 -0.3450372E-01 -0.1462059E+01
   04  0.5170559E+02  0.1434045E+02 -0.7625351E-02 -0.3533883E-01 -0.1461976E+01
   04  0.5336244E+02  0.1434054E+02 -0.7754691E-02 -0.3615769E-01 -0.1461892E+01
   04  0.5501930E+02  0.1434063E+02 -0.7873815E-02 -0.3696063E-01 -0.1461805E+01
   04  0.5667615E+02  0.1434072E+02 -0.7984250E-02 -0.3774805E-01 -0.1461715E+01
   04  0.5833300E+02  0.1434081E+02 -0.8087669E-02 -0.3852034E-01 -0.1461624E+01
   04  0.5998985E+02  0.1434090E+02 -0.8184526E-02 -0.3927788E-01 -0.1461531E+01
   04  0.6164671E+02  0.1434100E+02 -0.8275195E-02 -0.4002104E-01 -0.1461436E+01
   04  0.6330356E+02  0.1434109E+02 -0.8359810E-02 -0.4075016E-01 -0.1461339E+01
   04  0.6496041E+02  0.1434119E+02 -0.8438579E-02 -0.4147083E-01 -0.1461240E+01
   04  0.6661727E+02  0.1434129E+02 -0.8511741E-02 -0.4219065E-01 -0.1461141E+01
   04  0.6827412E+02  0.1434139E+02 -0.8579439E-02 -0.4291055E-01 -0.1461041E+01
   04  0.6993097E+02  0.1434149E+02 -0.8641763E-02 -0.4363025E-01 -0.1460941E+01
   04  0.7158783E+02  0.1434159E+02 -0.8698780E-02 -0.4434943E-01 -0.1460840E+01
   04  0.7324468E+02  0.1434169E+02 -0.8750536E-02 -0.4506779E-01 -0.1460738E+01
   04  0.7490153E+02  0.1434180E+02 -0.8797061E-02 -0.4578503E-01 -0.1460636E+01
   04  0.7655838E+02  0.1434190E+02 -0.8838374E-02 -0.4650085E-01 -0.1460533E+01
   04  0.7821524E+02  0.1434200E+02 -0.8874485E-02 -0.4721497E-01 -0.1460429E+01
   04  0.7987209E+02  0.1434211E+02 -0.8905400E-02 -0.4792709E-01 -0.1460324E+01
   04  0.8152894E+02  0.1434221E+02 -0.8931353E-02 -0.4863694E-01 -0.1460219E+01
   04  0.8318580E+02  0.1434232E+02 -0.8952499E-02 -0.4934427E-01 -0.1460113E+01
   04  0.8484265E+02  0.1434242E+02 -0.8968550E-02 -0.5004888E-01 -0.1460006E+01
   04  0.8649950E+02  0.1434253E+02 -0.8979452E-02 -0.5075063E-01 -0.1459899E+01
   04  0.8815636E+02  0.1434264E+02 -0.8985116E-02 -0.5144937E-01 -0.1459791E+01
   04  0.8981321E+02  0.1434275E+02 -0.8985453E-02 -0.5214500E-01 -0.1459682E+01
   04  0.9147006E+02  0.1434286E+02 -0.8980374E-02 -0.5283740E-01 -0.1459572E+01
   04  0.9445240E+02  0.1434306E+02 -0.8958776E-02 -0.5408063E-01 -0.1459373E+01
   04  0.9743473E+02  0.1434326E+02 -0.8919153E-02 -0.5531221E-01 -0.1459172E+01
   04  0.1004171E+03  0.1434346E+02 -0.8861060E-02 -0.5653175E-01 -0.1458968E+01
   04  0.1033994E+03  0.1434367E+02 -0.8784219E-02 -0.5773888E-01 -0.1458760E+01
   04  0.1063817E+03  0.1434388E+02 -0.8688502E-02 -0.5893332E-01 -0.1458550E+01
   04  0.1093641E+03  0.1434409E+02 -0.8573839E-02 -0.6011482E-01 -0.1458337E+01
   04  0.1123464E+03  0.1434431E+02 -0.8440277E-02 -0.6128315E-01 -0.1458121E+01
   04  0.1153287E+03  0.1434453E+02 -0.8287971E-02 -0.6243813E-01 -0.1457902E+01
   04  0.1183111E+03  0.1434475E+02 -0.8117169E-02 -0.6357955E-01 -0.1457680E+01
   04  0.1212934E+03  0.1434498E+02 -0.7928187E-02 -0.6470724E-01 -0.1457454E+01
   04  0.1242758E+03  0.1434520E+02 -0.7721365E-02 -0.6582115E-01 -0.1457226E+01
   04  0.1272581E+03  0.1434544E+02 -0.7495017E-02 -0.6692124E-01 -0.1456995E+01
   04  0.1302404E+03  0.1434567E+02 -0.7247852E-02 -0.6800755E-01 -0.1456762E+01
   04  0.1332228E+03  0.1434590E+02 -0.6980802E-02 -0.6908020E-01 -0.1456527E+01
   04  0.1362051E+03  0.1434614E+02 -0.6694806E-02 -0.7013940E-01 -0.1456289E+01
   04  0.1391874E+03  0.1434638E+02 -0.6390656E-02 -0.7118542E-01 -0.1456048E+01
   04  0.1421698E+03  0.1434663E+02 -0.6068873E-02 -0.7221867E-01 -0.1455806E+01
   04  0.1451521E+03  0.1434687E+02 -0.5730220E-02 -0.7323963E-01 -0.1455561E+01
   04  0.1481344E+03  0.1434712E+02 -0.5375382E-02 -0.7424882E-01 -0.1455315E+01
   04  0.1511168E+03  0.1434737E+02 -0.5005365E-02 -0.7524683E-01 -0.1455066E+01
   04  0.1540991E+03  0.1434762E+02 -0.4618897E-02 -0.7623429E-01 -0.1454816E+01
   04  0.1570814E+03  0.1434787E+02 -0.4216953E-02 -0.7721191E-01 -0.1454563E+01
   04  0.1600638E+03  0.1434812E+02 -0.3800226E-02 -0.7817866E-01 -0.1454309E+01
   04  0.1630461E+03  0.1434838E+02 -0.3369121E-02 -0.7913140E-01 -0.1454053E+01
   04  0.1660284E+03  0.1434864E+02 -0.2923947E-02 -0.8007056E-01 -0.1453794E+01
   04  0.1690108E+03  0.1434890E+02 -0.2465310E-02 -0.8099414E-01 -0.1453533E+01
   04  0.1719931E+03  0.1434916E+02 -0.1993754E-02 -0.8190063E-01 -0.1453270E+01
   04  0.1749755E+03  0.1434943E+02 -0.1510078E-02 -0.8279036E-01 -0.1453004E+01
   04  0.1779578E+03  0.1434970E+02 -0.1015130E-02 -0.8366376E-01 -0.1452735E+01
   04  0.1809401E+03  0.1434997E+02 -0.5097797E-03 -0.8452159E-01 -0.1452464E+01
   04  0.1824313E+03  0.1435010E+02 -0.2534630E-03 -0.8494225E-01 -0.1452328E+01
   04  0.1839225E+03  0.1435024E+02  0.5339278E-05 -0.8535944E-01 -0.1452191E+01
   04  0.1854136E+03  0.1435038E+02  0.2666739E-03 -0.8577331E-01 -0.1452053E+01
   04  0.1869048E+03  0.1435052E+02  0.5304601E-03 -0.8618401E-01 -0.1451914E+01
   04  0.1883960E+03  0.1435066E+02  0.7965787E-03 -0.8659169E-01 -0.1451774E+01
   04  0.1898871E+03  0.1435080E+02  0.1064908E-02 -0.8699651E-01 -0.1451634E+01
   04  0.1913783E+03  0.1435094E+02  0.1335326E-02 -0.8739863E-01 -0.1451493E+01
   04  0.1928695E+03  0.1435108E+02  0.1607711E-02 -0.8779823E-01 -0.1451352E+01
   04  0.1943606E+03  0.1435122E+02  0.1881889E-02 -0.8819546E-01 -0.1451210E+01
   04  0.1958518E+03  0.1435136E+02  0.2157162E-02 -0.8859052E-01 -0.1451067E+01
   04  0.1973430E+03  0.1435151E+02  0.2433396E-02 -0.8898361E-01 -0.1450924E+01
   04  0.1988341E+03  0.1435165E+02  0.2710527E-02 -0.8937490E-01 -0.1450779E+01
   04  0.2003253E+03  0.1435180E+02  0.2988402E-02 -0.8976458E-01 -0.1450635E+01
   04  0.2018165E+03  0.1435194E+02  0.3266884E-02 -0.9015284E-01 -0.1450490E+01
   04  0.2033076E+03  0.1435209E+02  0.3545846E-02 -0.9053987E-01 -0.1450344E+01
   04  0.2047988E+03  0.1435223E+02  0.3825166E-02 -0.9092584E-01 -0.1450197E+01
   04  0.2062900E+03  0.1435238E+02  0.4104736E-02 -0.9131096E-01 -0.1450050E+01
   04  0.2077811E+03  0.1435253E+02  0.4384450E-02 -0.9169539E-01 -0.1449903E+01
   04  0.2092723E+03  0.1435268E+02  0.4664211E-02 -0.9207934E-01 -0.1449754E+01
   04  0.2107635E+03  0.1435283E+02  0.4943929E-02 -0.9246297E-01 -0.1449606E+01
   04  0.2122546E+03  0.1435297E+02  0.5223521E-02 -0.9284648E-01 -0.1449456E+01
   04  0.2137458E+03  0.1435312E+02  0.5502907E-02 -0.9323003E-01 -0.1449306E+01
   04  0.2152370E+03  0.1435328E+02  0.5782025E-02 -0.9361381E-01 -0.1449156E+01
   04  0.2167281E+03  0.1435343E+02  0.6060820E-02 -0.9399799E-01 -0.1449005E+01
   04  0.2182193E+03  0.1435358E+02  0.6339241E-02 -0.9438272E-01 -0.1448853E+01
   04  0.2197105E+03  0.1435373E+02  0.6617243E-02 -0.9476818E-01 -0.1448701E+01
   04  0.2212017E+03  0.1435388E+02  0.6894783E-02 -0.9515454E-01 -0.1448548E+01
   04  0.2226928E+03  0.1435404E+02  0.7171823E-02 -0.9554196E-01 -0.1448395E+01
   04  0.2241840E+03  0.1435419E+02  0.7448328E-02 -0.9593058E-01 -0.1448241E+01
   04  0.2256752E+03  0.1435434E+02  0.7724264E-02 -0.9632052E-01 -0.1448087E+01
   04  0.2271663E+03  0.1435450E+02  0.7999602E-02 -0.9671192E-01 -0.1447932E+01
   04  0.2286575E+03  0.1435465E+02  0.8274309E-02 -0.9710486E-01 -0.1447777E+01
   04  0.2301487E+03  0.1435481E+02  0.8548356E-02 -0.9749945E-01 -0.1447621E+01
   04  0.2316398E+03  0.1435497E+02  0.8821712E-02 -0.9789576E-01 -0.1447465E+01
   04  0.2331310E+03  0.1435512E+02  0.9094349E-02 -0.9829386E-01 -0.1447308E+01
   04  0.2346222E+03  0.1435528E+02  0.9366233E-02 -0.9869381E-01 -0.1447150E+01
   04  0.2361133E+03  0.1435544E+02  0.9637334E-02 -0.9909565E-01 -0.1446993E+01
   04  0.2376045E+03  0.1435560E+02  0.9907619E-02 -0.9949942E-01 -0.1446834E+01
   04  0.2390957E+03  0.1435576E+02  0.1017705E-01 -0.9990514E-01 -0.1446675E+01
   04  0.2405868E+03  0.1435591E+02  0.1044560E-01 -0.1003128E+00 -0.1446516E+01
   04  0.2420780E+03  0.1435607E+02  0.1071322E-01 -0.1007225E+00 -0.1446356E+01
   04  0.2435692E+03  0.1435623E+02  0.1097987E-01 -0.1011341E+00 -0.1446196E+01
   04  0.2450603E+03  0.1435640E+02  0.1124552E-01 -0.1015476E+00 -0.1446036E+01
   04  0.2465515E+03  0.1435656E+02  0.1151043E-01 -0.1019631E+00 -0.1445875E+01
   04  0.2480427E+03  0.1435672E+02  0.1177471E-01 -0.1023804E+00 -0.1445713E+01
   04  0.2495338E+03  0.1435688E+02  0.1203843E-01 -0.1027995E+00 -0.1445551E+01
   04  0.2510250E+03  0.1435704E+02  0.1230162E-01 -0.1032203E+00 -0.1445389E+01
   04  0.2525162E+03  0.1435721E+02  0.1256433E-01 -0.1036427E+00 -0.1445226E+01
   04  0.2540073E+03  0.1435737E+02  0.1282656E-01 -0.1040667E+00 -0.1445063E+01
   04  0.2554985E+03  0.1435753E+02  0.1308832E-01 -0.1044921E+00 -0.1444899E+01
   04  0.2569897E+03  0.1435770E+02  0.1334960E-01 -0.1049188E+00 -0.1444735E+01
   04  0.2584808E+03  0.1435786E+02  0.1361038E-01 -0.1053468E+00 -0.1444570E+01
   04  0.2599720E+03  0.1435803E+02  0.1387061E-01 -0.1057759E+00 -0.1444405E+01
   04  0.2614632E+03  0.1435819E+02  0.1413027E-01 -0.1062060E+00 -0.1444240E+01
   04  0.2629543E+03  0.1435836E+02  0.1438929E-01 -0.1066369E+00 -0.1444074E+01
   04  0.2644455E+03  0.1435852E+02  0.1464763E-01 -0.1070686E+00 -0.1443908E+01
   04  0.2659367E+03  0.1435869E+02  0.1490523E-01 -0.1075009E+00 -0.1443741E+01
   04  0.2674278E+03  0.1435886E+02  0.1516201E-01 -0.1079336E+00 -0.1443574E+01
   04  0.2689190E+03  0.1435902E+02  0.1541793E-01 -0.1083666E+00 -0.1443407E+01
   04  0.2704102E+03  0.1435919E+02  0.1567289E-01 -0.1087997E+00 -0.1443239E+01
   04  0.2719014E+03  0.1435936E+02  0.1592685E-01 -0.1092328E+00 -0.1443072E+01
   04  0.2733925E+03  0.1435953E+02  0.1617971E-01 -0.1096658E+00 -0.1442903E+01
   04  0.2748837E+03  0.1435970E+02  0.1643141E-01 -0.1100984E+00 -0.1442735E+01
   04  0.2763749E+03  0.1435987E+02  0.1668188E-01 -0.1105305E+00 -0.1442566E+01
   04  0.2778660E+03  0.1436003E+02  0.1693104E-01 -0.1109620E+00 -0.1442397E+01
   04  0.2793572E+03  0.1436020E+02  0.1717881E-01 -0.1113926E+00 -0.1442227E+01
   04  0.2808484E+03  0.1436037E+02  0.1742513E-01 -0.1118222E+00 -0.1442058E+01
   04  0.2823395E+03  0.1436054E+02  0.1766993E-01 -0.1122505E+00 -0.1441888E+01
   04  0.2838307E+03  0.1436071E+02  0.1791312E-01 -0.1126775E+00 -0.1441718E+01
   04  0.2853219E+03  0.1436088E+02  0.1815461E-01 -0.1131027E+00 -0.1441547E+01
   04  0.2868130E+03  0.1436105E+02  0.1839432E-01 -0.1135258E+00 -0.1441377E+01
   04  0.2883042E+03  0.1436122E+02  0.1863214E-01 -0.1139466E+00 -0.1441206E+01
   04  0.2897954E+03  0.1436140E+02  0.1886796E-01 -0.1143647E+00 -0.1441035E+01
   04  0.2912865E+03  0.1436157E+02  0.1910167E-01 -0.1147798E+00 -0.1440864E+01
   04  0.2927777E+03  0.1436174E+02  0.1933317E-01 -0.1151917E+00 -0.1440693E+01
   04  0.2942689E+03  0.1436191E+02  0.1956233E-01 -0.1156001E+00 -0.1440522E+01
   04  0.2957600E+03  0.1436208E+02  0.1979033E-01 -0.1160048E+00 -0.1440351E+01
   04  0.2972512E+03  0.1436225E+02  0.2001715E-01 -0.1164052E+00 -0.1440179E+01
   04  0.2987424E+03  0.1436242E+02  0.2024263E-01 -0.1168011E+00 -0.1440007E+01
   04  0.3002335E+03  0.1436260E+02  0.2046662E-01 -0.1171920E+00 -0.1439835E+01
   04  0.3017247E+03  0.1436277E+02  0.2068897E-01 -0.1175775E+00 -0.1439664E+01
   04  0.3032159E+03  0.1436294E+02  0.2090953E-01 -0.1179572E+00 -0.1439492E+01
   04  0.3047070E+03  0.1436311E+02  0.2112815E-01 -0.1183309E+00 -0.1439320E+01
   04  0.3061982E+03  0.1436328E+02  0.2134470E-01 -0.1186981E+00 -0.1439148E+01
   04  0.3076894E+03  0.1436346E+02  0.2155902E-01 -0.1190587E+00 -0.1438976E+01
   04  0.3091805E+03  0.1436363E+02  0.2177099E-01 -0.1194123E+00 -0.1438804E+01
   04  0.3106717E+03  0.1436380E+02  0.2198046E-01 -0.1197587E+00 -0.1438632E+01
   04  0.3121629E+03  0.1436397E+02  0.2218732E-01 -0.1200976E+00 -0.1438460E+01
   04  0.3136540E+03  0.1436414E+02  0.2239143E-01 -0.1204288E+00 -0.1438288E+01
   04  0.3151452E+03  0.1436431E+02  0.2259266E-01 -0.1207521E+00 -0.1438116E+01
   04  0.3165017E+03  0.1436447E+02  0.2277289E-01 -0.1210385E+00 -0.1437960E+01
   04  0.3178581E+03  0.1436463E+02  0.2295060E-01 -0.1213181E+00 -0.1437804E+01
   04  0.3192146E+03  0.1436478E+02  0.2312572E-01 -0.1215906E+00 -0.1437649E+01
   04  0.3205710E+03  0.1436494E+02  0.2329819E-01 -0.1218559E+00 -0.1437493E+01
   04  0.3219275E+03  0.1436509E+02  0.2346795E-01 -0.1221140E+00 -0.1437337E+01
   04  0.3232839E+03  0.1436525E+02  0.2363493E-01 -0.1223647E+00 -0.1437182E+01
   04  0.3246404E+03  0.1436540E+02  0.2379906E-01 -0.1226080E+00 -0.1437026E+01
   04  0.3259968E+03  0.1436556E+02  0.2396030E-01 -0.1228436E+00 -0.1436871E+01
   04  0.3273533E+03  0.1436571E+02  0.2411858E-01 -0.1230716E+00 -0.1436716E+01
   04  0.3287097E+03  0.1436587E+02  0.2427384E-01 -0.1232919E+00 -0.1436561E+01
   04  0.3300662E+03  0.1436602E+02  0.2442605E-01 -0.1235044E+00 -0.1436407E+01
   04  0.3314226E+03  0.1436618E+02  0.2457514E-01 -0.1237090E+00 -0.1436252E+01
   04  0.3327791E+03  0.1436633E+02  0.2472106E-01 -0.1239057E+00 -0.1436098E+01
   04  0.3341355E+03  0.1436649E+02  0.2486376E-01 -0.1240944E+00 -0.1435944E+01
   04  0.3354920E+03  0.1436664E+02  0.2500320E-01 -0.1242751E+00 -0.1435790E+01
   04  0.3368484E+03  0.1436680E+02  0.2513932E-01 -0.1244477E+00 -0.1435636E+01
   04  0.3382049E+03  0.1436695E+02  0.2527208E-01 -0.1246121E+00 -0.1435482E+01
   04  0.3395613E+03  0.1436710E+02  0.2540143E-01 -0.1247683E+00 -0.1435329E+01
   04  0.3409178E+03  0.1436725E+02  0.2552731E-01 -0.1249162E+00 -0.1435176E+01
   04  0.3422742E+03  0.1436741E+02  0.2564969E-01 -0.1250558E+00 -0.1435023E+01
   04  0.3436307E+03  0.1436756E+02  0.2576851E-01 -0.1251870E+00 -0.1434871E+01
   04  0.3449871E+03  0.1436771E+02  0.2588371E-01 -0.1253098E+00 -0.1434718E+01
   04  0.3463436E+03  0.1436787E+02  0.2599526E-01 -0.1254241E+00 -0.1434566E+01
   04  0.3477000E+03  0.1436802E+02  0.2610309E-01 -0.1255299E+00 -0.1434414E+01
   04  0.3490565E+03  0.1436817E+02  0.2620716E-01 -0.1256271E+00 -0.1434262E+01
   04  0.3504130E+03  0.1436832E+02  0.2630740E-01 -0.1257157E+00 -0.1434111E+01
   04  0.3517694E+03  0.1436847E+02  0.2640378E-01 -0.1257957E+00 -0.1433960E+01
   04  0.3531259E+03  0.1436862E+02  0.2649622E-01 -0.1258669E+00 -0.1433809E+01
   04  0.3544823E+03  0.1436877E+02  0.2658468E-01 -0.1259294E+00 -0.1433658E+01
   04  0.3558388E+03  0.1436892E+02  0.2666911E-01 -0.1259831E+00 -0.1433508E+01
   04  0.3574665E+03  0.1436910E+02  0.2676550E-01 -0.1260376E+00 -0.1433328E+01
   04  0.3590942E+03  0.1436928E+02  0.2685588E-01 -0.1260795E+00 -0.1433149E+01
   04  0.3607220E+03  0.1436946E+02  0.2694017E-01 -0.1261088E+00 -0.1432970E+01
   04  0.3623497E+03  0.1436964E+02  0.2701825E-01 -0.1261253E+00 -0.1432792E+01
   04  0.3639775E+03  0.1436982E+02  0.2709005E-01 -0.1261290E+00 -0.1432614E+01
   04  0.3656052E+03  0.1436999E+02  0.2715547E-01 -0.1261199E+00 -0.1432436E+01
   04  0.3672329E+03  0.1437017E+02  0.2721441E-01 -0.1260978E+00 -0.1432259E+01
   04  0.3688607E+03  0.1437035E+02  0.2726679E-01 -0.1260628E+00 -0.1432083E+01
   04  0.3704884E+03  0.1437052E+02  0.2731253E-01 -0.1260147E+00 -0.1431907E+01
   04  0.3721162E+03  0.1437070E+02  0.2735152E-01 -0.1259536E+00 -0.1431732E+01
   04  0.3737439E+03  0.1437087E+02  0.2738369E-01 -0.1258794E+00 -0.1431557E+01
   04  0.3753717E+03  0.1437105E+02  0.2740894E-01 -0.1257921E+00 -0.1431382E+01
   04  0.3769994E+03  0.1437122E+02  0.2742720E-01 -0.1256916E+00 -0.1431209E+01
   04  0.3786271E+03  0.1437140E+02  0.2743837E-01 -0.1255779E+00 -0.1431036E+01
   04  0.3802549E+03  0.1437157E+02  0.2744237E-01 -0.1254511E+00 -0.1430863E+01
   04  0.3818826E+03  0.1437174E+02  0.2743911E-01 -0.1253111E+00 -0.1430691E+01
   04  0.3835104E+03  0.1437191E+02  0.2742850E-01 -0.1251579E+00 -0.1430520E+01
   04  0.3851381E+03  0.1437208E+02  0.2741044E-01 -0.1249916E+00 -0.1430350E+01
   04  0.3867658E+03  0.1437225E+02  0.2738485E-01 -0.1248121E+00 -0.1430180E+01
   04  0.3883936E+03  0.1437242E+02  0.2735164E-01 -0.1246196E+00 -0.1430010E+01
   04  0.3900213E+03  0.1437259E+02  0.2731070E-01 -0.1244140E+00 -0.1429841E+01
   04  0.3916491E+03  0.1437276E+02  0.2726195E-01 -0.1241954E+00 -0.1429673E+01
   04  0.3932768E+03  0.1437293E+02  0.2720528E-01 -0.1239639E+00 -0.1429506E+01
   04  0.3949046E+03  0.1437309E+02  0.2714059E-01 -0.1237195E+00 -0.1429339E+01
   04  0.3965323E+03  0.1437326E+02  0.2706778E-01 -0.1234622E+00 -0.1429173E+01
   04  0.3981600E+03  0.1437342E+02  0.2698673E-01 -0.1231920E+00 -0.1429008E+01
   04  0.3997878E+03  0.1437359E+02  0.2689729E-01 -0.1229075E+00 -0.1428843E+01
   04  0.4014155E+03  0.1437375E+02  0.2679930E-01 -0.1226093E+00 -0.1428679E+01
   04  0.4030433E+03  0.1437391E+02  0.2669261E-01 -0.1222975E+00 -0.1428516E+01
   04  0.4046710E+03  0.1437408E+02  0.2657708E-01 -0.1219724E+00 -0.1428354E+01
   04  0.4062987E+03  0.1437424E+02  0.2645258E-01 -0.1216345E+00 -0.1428192E+01
   04  0.4079265E+03  0.1437440E+02  0.2631896E-01 -0.1212839E+00 -0.1428031E+01
   04  0.4095542E+03  0.1437456E+02  0.2617611E-01 -0.1209210E+00 -0.1427871E+01
   04  0.4111820E+03  0.1437472E+02  0.2602390E-01 -0.1205461E+00 -0.1427712E+01
   04  0.4128097E+03  0.1437488E+02  0.2586220E-01 -0.1201595E+00 -0.1427553E+01
   04  0.4144375E+03  0.1437504E+02  0.2569089E-01 -0.1197616E+00 -0.1427394E+01
   04  0.4160652E+03  0.1437519E+02  0.2550980E-01 -0.1193526E+00 -0.1427237E+01
   04  0.4176929E+03  0.1437535E+02  0.2531847E-01 -0.1189329E+00 -0.1427080E+01
   04  0.4193207E+03  0.1437551E+02  0.2511673E-01 -0.1185028E+00 -0.1426924E+01
   04  0.4209484E+03  0.1437566E+02  0.2490444E-01 -0.1180627E+00 -0.1426768E+01
   04  0.4225762E+03  0.1437582E+02  0.2468145E-01 -0.1176128E+00 -0.1426613E+01
   04  0.4242039E+03  0.1437597E+02  0.2444758E-01 -0.1171536E+00 -0.1426459E+01
   04  0.4258316E+03  0.1437613E+02  0.2420265E-01 -0.1166853E+00 -0.1426305E+01
   04  0.4274594E+03  0.1437628E+02  0.2394649E-01 -0.1162083E+00 -0.1426152E+01
   04  0.4290871E+03  0.1437643E+02  0.2367888E-01 -0.1157230E+00 -0.1425999E+01
   04  0.4307149E+03  0.1437658E+02  0.2339962E-01 -0.1152296E+00 -0.1425847E+01
   04  0.4323426E+03  0.1437674E+02  0.2310848E-01 -0.1147286E+00 -0.1425696E+01
   04  0.4339704E+03  0.1437689E+02  0.2280522E-01 -0.1142203E+00 -0.1425545E+01
   04  0.4355981E+03  0.1437704E+02  0.2248959E-01 -0.1137049E+00 -0.1425395E+01
   04  0.4372258E+03  0.1437719E+02  0.2216124E-01 -0.1131829E+00 -0.1425245E+01
   04  0.4388536E+03  0.1437733E+02  0.2181980E-01 -0.1126547E+00 -0.1425096E+01
   04  0.4404813E+03  0.1437748E+02  0.2146479E-01 -0.1121207E+00 -0.1424947E+01
   04  0.4421091E+03  0.1437763E+02  0.2109555E-01 -0.1115813E+00 -0.1424799E+01
   04  0.4437368E+03  0.1437778E+02  0.2071159E-01 -0.1110369E+00 -0.1424651E+01
   04  0.4453645E+03  0.1437793E+02  0.2031717E-01 -0.1104880E+00 -0.1424503E+01
   04  0.4469923E+03  0.1437807E+02  0.1991196E-01 -0.1099350E+00 -0.1424357E+01
   04  0.4486200E+03  0.1437822E+02  0.1949566E-01 -0.1093784E+00 -0.1424211E+01
   04  0.4502478E+03  0.1437837E+02  0.1906798E-01 -0.1088187E+00 -0.1424065E+01
   04  0.4518755E+03  0.1437851E+02  0.1862871E-01 -0.1082563E+00 -0.1423920E+01
   04  0.4535033E+03  0.1437866E+02  0.1817916E-01 -0.1076917E+00 -0.1423776E+01
   04  0.4551310E+03  0.1437880E+02  0.1771915E-01 -0.1071254E+00 -0.1423631E+01
   04  0.4567587E+03  0.1437894E+02  0.1724853E-01 -0.1065579E+00 -0.1423488E+01
   04  0.4583865E+03  0.1437909E+02  0.1676710E-01 -0.1059894E+00 -0.1423344E+01
   04  0.4600142E+03  0.1437923E+02  0.1627702E-01 -0.1054208E+00 -0.1423201E+01
   04  0.4616420E+03  0.1437937E+02  0.1577970E-01 -0.1048520E+00 -0.1423059E+01
   04  0.4632697E+03  0.1437951E+02  0.1527521E-01 -0.1042836E+00 -0.1422917E+01
   04  0.4648974E+03  0.1437966E+02  0.1476350E-01 -0.1037162E+00 -0.1422776E+01
   04  0.4665252E+03  0.1437980E+02  0.1424458E-01 -0.1031502E+00 -0.1422635E+01
   04  0.4681529E+03  0.1437994E+02  0.1371843E-01 -0.1025861E+00 -0.1422495E+01
   04  0.4697807E+03  0.1438008E+02  0.1318503E-01 -0.1020246E+00 -0.1422355E+01
   04  0.4714084E+03  0.1438022E+02  0.1264436E-01 -0.1014660E+00 -0.1422215E+01
   04  0.4730362E+03  0.1438035E+02  0.1209635E-01 -0.1009107E+00 -0.1422076E+01
   04  0.4746639E+03  0.1438049E+02  0.1154093E-01 -0.1003592E+00 -0.1421937E+01
   04  0.4762916E+03  0.1438063E+02  0.1097801E-01 -0.9981173E-01 -0.1421799E+01
   04  0.4779194E+03  0.1438077E+02  0.1040750E-01 -0.9926870E-01 -0.1421661E+01
   04  0.4795471E+03  0.1438091E+02  0.9828710E-02 -0.9873038E-01 -0.1421523E+01
   04  0.4811749E+03  0.1438105E+02  0.9238990E-02 -0.9819706E-01 -0.1421385E+01
   04  0.4828026E+03  0.1438118E+02  0.8638167E-02 -0.9766897E-01 -0.1421246E+01
   04  0.4844303E+03  0.1438132E+02  0.8026077E-02 -0.9714630E-01 -0.1421108E+01
   04  0.4860581E+03  0.1438146E+02  0.7402561E-02 -0.9662923E-01 -0.1420970E+01
   04  0.4876858E+03  0.1438160E+02  0.6767466E-02 -0.9611791E-01 -0.1420831E+01
   04  0.4893136E+03  0.1438174E+02  0.6120649E-02 -0.9561248E-01 -0.1420692E+01
   04  0.4909413E+03  0.1438188E+02  0.5457619E-02 -0.9511301E-01 -0.1420554E+01
   04  0.4925691E+03  0.1438202E+02  0.4777940E-02 -0.9461961E-01 -0.1420415E+01
   04  0.4941968E+03  0.1438215E+02  0.4081694E-02 -0.9413238E-01 -0.1420277E+01
   04  0.4958245E+03  0.1438229E+02  0.3368988E-02 -0.9365137E-01 -0.1420139E+01
   04  0.4974523E+03  0.1438243E+02  0.2639945E-02 -0.9317663E-01 -0.1420001E+01
   04  0.4990800E+03  0.1438257E+02  0.1894713E-02 -0.9270819E-01 -0.1419863E+01
   04  0.5007078E+03  0.1438271E+02  0.1133462E-02 -0.9224603E-01 -0.1419724E+01
   04  0.5023355E+03  0.1438284E+02  0.3563837E-03 -0.9179015E-01 -0.1419586E+01
   04  0.5039632E+03  0.1438298E+02 -0.4363051E-03 -0.9134051E-01 -0.1419448E+01
   04  0.5055910E+03  0.1438312E+02 -0.1244366E-02 -0.9089704E-01 -0.1419309E+01
   04  0.5072187E+03  0.1438326E+02 -0.2067536E-02 -0.9045968E-01 -0.1419170E+01
   04  0.5088465E+03  0.1438340E+02 -0.2905527E-02 -0.9002834E-01 -0.1419031E+01
   04  0.5104742E+03  0.1438354E+02 -0.3758009E-02 -0.8960291E-01 -0.1418892E+01
   04  0.5121020E+03  0.1438368E+02 -0.4624608E-02 -0.8918320E-01 -0.1418753E+01
   04  0.5137297E+03  0.1438382E+02 -0.5505286E-02 -0.8876906E-01 -0.1418613E+01
   04  0.5153574E+03  0.1438396E+02 -0.6399990E-02 -0.8836018E-01 -0.1418473E+01
   04  0.5169852E+03  0.1438410E+02 -0.7308350E-02 -0.8795222E-01 -0.1418333E+01
   04  0.5186129E+03  0.1438424E+02 -0.8230199E-02 -0.8754560E-01 -0.1418192E+01
   04  0.5202407E+03  0.1438438E+02 -0.9165384E-02 -0.8714111E-01 -0.1418052E+01
   04  0.5218684E+03  0.1438452E+02 -0.1011369E-01 -0.8673934E-01 -0.1417911E+01
   04  0.5234961E+03  0.1438466E+02 -0.1107487E-01 -0.8634077E-01 -0.1417770E+01
   04  0.5251239E+03  0.1438480E+02 -0.1204863E-01 -0.8594572E-01 -0.1417629E+01
   04  0.5267516E+03  0.1438494E+02 -0.1303466E-01 -0.8555445E-01 -0.1417487E+01
   04  0.5283794E+03  0.1438509E+02 -0.1403265E-01 -0.8516716E-01 -0.1417345E+01
   04  0.5300071E+03  0.1438523E+02 -0.1504226E-01 -0.8478399E-01 -0.1417202E+01
   04  0.5316349E+03  0.1438537E+02 -0.1606313E-01 -0.8440502E-01 -0.1417058E+01
   04  0.5332626E+03  0.1438552E+02 -0.1709487E-01 -0.8403031E-01 -0.1416914E+01
   04  0.5348903E+03  0.1438566E+02 -0.1813722E-01 -0.8365989E-01 -0.1416770E+01
   04  0.5365181E+03  0.1438581E+02 -0.1918990E-01 -0.8329377E-01 -0.1416624E+01
   04  0.5381458E+03  0.1438595E+02 -0.2025269E-01 -0.8293196E-01 -0.1416478E+01
   04  0.5397736E+03  0.1438610E+02 -0.2132534E-01 -0.8257445E-01 -0.1416331E+01
   04  0.5414013E+03  0.1438625E+02 -0.2240765E-01 -0.8222123E-01 -0.1416183E+01
   04  0.5430290E+03  0.1438640E+02 -0.2349943E-01 -0.8187228E-01 -0.1416035E+01
   04  0.5446568E+03  0.1438655E+02 -0.2460053E-01 -0.8152757E-01 -0.1415885E+01
   04  0.5462845E+03  0.1438670E+02 -0.2571081E-01 -0.8118709E-01 -0.1415735E+01
   04  0.5479123E+03  0.1438685E+02 -0.2683016E-01 -0.8085081E-01 -0.1415584E+01
   04  0.5495400E+03  0.1438700E+02 -0.2795851E-01 -0.8051872E-01 -0.1415432E+01
   04  0.5511678E+03  0.1438715E+02 -0.2909584E-01 -0.8019082E-01 -0.1415279E+01
   04  0.5527955E+03  0.1438731E+02 -0.3024216E-01 -0.7986710E-01 -0.1415124E+01
   04  0.5544232E+03  0.1438746E+02 -0.3139753E-01 -0.7954758E-01 -0.1414969E+01
   04  0.5560510E+03  0.1438762E+02 -0.3256206E-01 -0.7923229E-01 -0.1414812E+01
   04  0.5576787E+03  0.1438778E+02 -0.3373592E-01 -0.7892127E-01 -0.1414655E+01
   04  0.5593065E+03  0.1438794E+02 -0.3491931E-01 -0.7861459E-01 -0.1414496E+01
   04  0.5609342E+03  0.1438810E+02 -0.3611254E-01 -0.7831231E-01 -0.1414335E+01
   04  0.5625619E+03  0.1438826E+02 -0.3731593E-01 -0.7801455E-01 -0.1414174E+01
   04  0.5641897E+03  0.1438842E+02 -0.3852989E-01 -0.7772142E-01 -0.1414011E+01
   04  0.5658174E+03  0.1438859E+02 -0.3975491E-01 -0.7743308E-01 -0.1413846E+01
   04  0.5674452E+03  0.1438875E+02 -0.4099151E-01 -0.7714973E-01 -0.1413680E+01
   04  0.5690729E+03  0.1438892E+02 -0.4224033E-01 -0.7687155E-01 -0.1413511E+01
   04  0.5707007E+03  0.1438909E+02 -0.4350205E-01 -0.7659877E-01 -0.1413342E+01
   04  0.5723284E+03  0.1438926E+02 -0.4477744E-01 -0.7633166E-01 -0.1413170E+01
   04  0.5739561E+03  0.1438943E+02 -0.4606737E-01 -0.7607051E-01 -0.1412996E+01
   04  0.5755839E+03  0.1438961E+02 -0.4737275E-01 -0.7581576E-01 -0.1412820E+01
   04  0.5772116E+03  0.1438979E+02 -0.4869463E-01 -0.7556785E-01 -0.1412642E+01
   04  0.5788394E+03  0.1438997E+02 -0.5003409E-01 -0.7532728E-01 -0.1412461E+01
   04  0.5804671E+03  0.1439015E+02 -0.5139233E-01 -0.7509461E-01 -0.1412278E+01
   04  0.5820948E+03  0.1439034E+02 -0.5277064E-01 -0.7487043E-01 -0.1412093E+01
   04  0.5837226E+03  0.1439053E+02 -0.5417039E-01 -0.7465541E-01 -0.1411904E+01
   04  0.5853503E+03  0.1439072E+02 -0.5559306E-01 -0.7445025E-01 -0.1411713E+01
   04  0.5869781E+03  0.1439091E+02 -0.5704020E-01 -0.7425572E-01 -0.1411518E+01
   04  0.5886058E+03  0.1439111E+02 -0.5851347E-01 -0.7407268E-01 -0.1411320E+01
   04  0.5902336E+03  0.1439131E+02 -0.6001462E-01 -0.7390201E-01 -0.1411118E+01
   04  0.5918613E+03  0.1439152E+02 -0.6154553E-01 -0.7374471E-01 -0.1410913E+01
   04  0.5934890E+03  0.1439173E+02 -0.6310840E-01 -0.7360183E-01 -0.1410704E+01
   04  0.5951168E+03  0.1439194E+02 -0.6470560E-01 -0.7347447E-01 -0.1410490E+01
   04  0.5967445E+03  0.1439216E+02 -0.6633963E-01 -0.7336383E-01 -0.1410272E+01
   04  0.5983723E+03  0.1439238E+02 -0.6801314E-01 -0.7327008E-01 -0.1410050E+01
