# gauge_id= 205 location=( -0.1242068000E+03  0.4176000000E+02 ) num_var=  4
# Stationary gauge
# level, time, q[  1  2  3], eta, aux[]
# file format ascii, time series follow in this file
   04  0.0000000E+00  0.1402199E+02  0.0000000E+00  0.0000000E+00  0.0000000E+00
   04  0.1000000E+01  0.1402199E+02  0.2166420E-15 -0.7962857E-16 -0.1460567E+01
   04  0.1015873E+01  0.1402199E+02 -0.5710258E-05 -0.1557076E-04 -0.1460567E+01
   04  0.1031746E+01  0.1402199E+02 -0.1142028E-04 -0.3114020E-04 -0.1460567E+01
   04  0.1047619E+01  0.1402199E+02 -0.1713006E-04 -0.4670831E-04 -0.1460568E+01
   04  0.1063492E+01  0.1402199E+02 -0.2283961E-04 -0.6227510E-04 -0.1460568E+01
   04  0.1079365E+01  0.1402199E+02 -0.2854891E-04 -0.7784057E-04 -0.1460568E+01
   04  0.1095238E+01  0.1402199E+02 -0.3425798E-04 -0.9340471E-04 -0.1460568E+01
   04  0.1111111E+01  0.1402199E+02 -0.3996679E-04 -0.1089675E-03 -0.1460568E+01
   04  0.1126984E+01  0.1402199E+02 -0.4567537E-04 -0.1245290E-03 -0.1460569E+01
   04  0.1142857E+01  0.1402199E+02 -0.5138369E-04 -0.1400892E-03 -0.1460569E+01
   04  0.1158730E+01  0.1402199E+02 -0.5709177E-04 -0.1556480E-03 -0.1460569E+01
   04  0.1174603E+01  0.1402199E+02 -0.6279960E-04 -0.1712056E-03 -0.1460569E+01
   04  0.1190476E+01  0.1402199E+02 -0.6850718E-04 -0.1867618E-03 -0.1460570E+01
   04  0.1206349E+01  0.1402198E+02 -0.7421451E-04 -0.2023166E-03 -0.1460570E+01
   04  0.1222222E+01  0.1402198E+02 -0.7992159E-04 -0.2178702E-03 -0.1460570E+01
   04  0.1238095E+01  0.1402198E+02 -0.8562841E-04 -0.2334224E-03 -0.1460570E+01
   04  0.1253968E+01  0.1402198E+02 -0.9133497E-04 -0.2489733E-03 -0.1460570E+01
   04  0.1269841E+01  0.1402198E+02 -0.9704128E-04 -0.2645228E-03 -0.1460571E+01
   04  0.1285714E+01  0.1402198E+02 -0.1027473E-03 -0.2800710E-03 -0.1460571E+01
   04  0.1301587E+01  0.1402198E+02 -0.1084531E-03 -0.2956179E-03 -0.1460571E+01
   04  0.1317460E+01  0.1402198E+02 -0.1141586E-03 -0.3111635E-03 -0.1460571E+01
   04  0.1333333E+01  0.1402198E+02 -0.1198639E-03 -0.3267077E-03 -0.1460572E+01
   04  0.1349206E+01  0.1402198E+02 -0.1255689E-03 -0.3422506E-03 -0.1460572E+01
   04  0.1365079E+01  0.1402198E+02 -0.1312736E-03 -0.3577922E-03 -0.1460572E+01
   04  0.1380952E+01  0.1402198E+02 -0.1369781E-03 -0.3733324E-03 -0.1460572E+01
   04  0.1396825E+01  0.1402198E+02 -0.1426823E-03 -0.3888713E-03 -0.1460573E+01
   04  0.1412698E+01  0.1402198E+02 -0.1483862E-03 -0.4044089E-03 -0.1460573E+01
   04  0.1428571E+01  0.1402198E+02 -0.1540899E-03 -0.4199452E-03 -0.1460573E+01
   04  0.1476190E+01  0.1402198E+02 -0.1712008E-03 -0.4665462E-03 -0.1460574E+01
   04  0.1523810E+01  0.1402198E+02 -0.1883092E-03 -0.5131353E-03 -0.1460574E+01
   04  0.1571429E+01  0.1402198E+02 -0.2054151E-03 -0.5597123E-03 -0.1460575E+01
   04  0.1619048E+01  0.1402198E+02 -0.2225184E-03 -0.6062774E-03 -0.1460576E+01
   04  0.1666667E+01  0.1402198E+02 -0.2396191E-03 -0.6528303E-03 -0.1460576E+01
   04  0.1714286E+01  0.1402198E+02 -0.2567172E-03 -0.6993712E-03 -0.1460577E+01
   04  0.1761905E+01  0.1402198E+02 -0.2738127E-03 -0.7459001E-03 -0.1460578E+01
   04  0.1809524E+01  0.1402198E+02 -0.2909054E-03 -0.7924168E-03 -0.1460578E+01
   04  0.1857143E+01  0.1402198E+02 -0.3079954E-03 -0.8389215E-03 -0.1460579E+01
   04  0.1904762E+01  0.1402198E+02 -0.3250826E-03 -0.8854140E-03 -0.1460580E+01
   04  0.1952381E+01  0.1402197E+02 -0.3421670E-03 -0.9318945E-03 -0.1460580E+01
   04  0.2000000E+01  0.1402197E+02 -0.3592486E-03 -0.9783628E-03 -0.1460581E+01
   04  0.5727919E+01  0.1402193E+02 -0.1700577E-02 -0.4582290E-02 -0.1460625E+01
   04  0.9455838E+01  0.1402190E+02 -0.3012901E-02 -0.8110173E-02 -0.1460655E+01
   04  0.1318376E+02  0.1402188E+02 -0.4283136E-02 -0.1155780E-01 -0.1460670E+01
   04  0.1691168E+02  0.1402188E+02 -0.5501482E-02 -0.1492221E-01 -0.1460670E+01
   04  0.2063960E+02  0.1402190E+02 -0.6660666E-02 -0.1820148E-01 -0.1460656E+01
   04  0.2436752E+02  0.1402193E+02 -0.7755307E-02 -0.2139455E-01 -0.1460627E+01
   04  0.2809543E+02  0.1402197E+02 -0.8781441E-02 -0.2450108E-01 -0.1460584E+01
   04  0.2995939E+02  0.1402200E+02 -0.9263120E-02 -0.2601823E-01 -0.1460557E+01
   04  0.3182335E+02  0.1402203E+02 -0.9726774E-02 -0.2751367E-01 -0.1460526E+01
   04  0.3348021E+02  0.1402206E+02 -0.1012312E-01 -0.2882444E-01 -0.1460496E+01
   04  0.3513706E+02  0.1402209E+02 -0.1050485E-01 -0.3011828E-01 -0.1460463E+01
   04  0.3679391E+02  0.1402213E+02 -0.1087394E-01 -0.3139535E-01 -0.1460428E+01
   04  0.3845077E+02  0.1402216E+02 -0.1123269E-01 -0.3265585E-01 -0.1460391E+01
   04  0.4010762E+02  0.1402220E+02 -0.1158064E-01 -0.3390000E-01 -0.1460351E+01
   04  0.4176447E+02  0.1402224E+02 -0.1191736E-01 -0.3512800E-01 -0.1460310E+01
   04  0.4342132E+02  0.1402229E+02 -0.1224242E-01 -0.3634009E-01 -0.1460266E+01
   04  0.4507818E+02  0.1402233E+02 -0.1255541E-01 -0.3753649E-01 -0.1460221E+01
   04  0.4673503E+02  0.1402238E+02 -0.1285594E-01 -0.3871743E-01 -0.1460173E+01
   04  0.4839188E+02  0.1402243E+02 -0.1314424E-01 -0.3988312E-01 -0.1460123E+01
   04  0.5004874E+02  0.1402248E+02 -0.1342180E-01 -0.4103367E-01 -0.1460071E+01
   04  0.5170559E+02  0.1402254E+02 -0.1368836E-01 -0.4216914E-01 -0.1460017E+01
   04  0.5336244E+02  0.1402259E+02 -0.1394368E-01 -0.4328963E-01 -0.1459961E+01
   04  0.5501930E+02  0.1402265E+02 -0.1418682E-01 -0.4439520E-01 -0.1459903E+01
   04  0.5667615E+02  0.1402271E+02 -0.1441795E-01 -0.4548595E-01 -0.1459843E+01
   04  0.5833300E+02  0.1402277E+02 -0.1463712E-01 -0.4656204E-01 -0.1459781E+01
   04  0.5998985E+02  0.1402284E+02 -0.1484439E-01 -0.4762361E-01 -0.1459718E+01
   04  0.6164671E+02  0.1402290E+02 -0.1503979E-01 -0.4867085E-01 -0.1459652E+01
   04  0.6330356E+02  0.1402297E+02 -0.1522337E-01 -0.4970392E-01 -0.1459585E+01
   04  0.6496041E+02  0.1402304E+02 -0.1539521E-01 -0.5072809E-01 -0.1459516E+01
   04  0.6661727E+02  0.1402311E+02 -0.1555558E-01 -0.5174636E-01 -0.1459447E+01
   04  0.6827412E+02  0.1402318E+02 -0.1570484E-01 -0.5275876E-01 -0.1459376E+01
   04  0.6993097E+02  0.1402325E+02 -0.1584332E-01 -0.5376534E-01 -0.1459304E+01
   04  0.7158783E+02  0.1402332E+02 -0.1597134E-01 -0.5476613E-01 -0.1459231E+01
   04  0.7324468E+02  0.1402340E+02 -0.1608918E-01 -0.5576117E-01 -0.1459157E+01
   04  0.7490153E+02  0.1402347E+02 -0.1619711E-01 -0.5675046E-01 -0.1459081E+01
   04  0.7655838E+02  0.1402355E+02 -0.1629539E-01 -0.5773403E-01 -0.1459005E+01
   04  0.7821524E+02  0.1402363E+02 -0.1638425E-01 -0.5871189E-01 -0.1458927E+01
   04  0.7987209E+02  0.1402371E+02 -0.1646389E-01 -0.5968406E-01 -0.1458848E+01
   04  0.8152894E+02  0.1402379E+02 -0.1653450E-01 -0.6065055E-01 -0.1458768E+01
   04  0.8318580E+02  0.1402387E+02 -0.1659629E-01 -0.6161137E-01 -0.1458687E+01
   04  0.8484265E+02  0.1402395E+02 -0.1664927E-01 -0.6256653E-01 -0.1458605E+01
   04  0.8649950E+02  0.1402403E+02 -0.1669348E-01 -0.6351606E-01 -0.1458521E+01
   04  0.8815636E+02  0.1402412E+02 -0.1672907E-01 -0.6445998E-01 -0.1458436E+01
   04  0.8981321E+02  0.1402420E+02 -0.1675613E-01 -0.6539835E-01 -0.1458350E+01
   04  0.9147006E+02  0.1402429E+02 -0.1677476E-01 -0.6633119E-01 -0.1458263E+01
   04  0.9445240E+02  0.1402445E+02 -0.1678075E-01 -0.6799481E-01 -0.1458104E+01
   04  0.9743473E+02  0.1402461E+02 -0.1676115E-01 -0.6964106E-01 -0.1457940E+01
   04  0.1004171E+03  0.1402478E+02 -0.1671656E-01 -0.7126998E-01 -0.1457773E+01
   04  0.1033994E+03  0.1402495E+02 -0.1664760E-01 -0.7288105E-01 -0.1457601E+01
   04  0.1063817E+03  0.1402513E+02 -0.1655502E-01 -0.7447372E-01 -0.1457426E+01
   04  0.1093641E+03  0.1402531E+02 -0.1643957E-01 -0.7604827E-01 -0.1457246E+01
   04  0.1123464E+03  0.1402549E+02 -0.1630198E-01 -0.7760494E-01 -0.1457062E+01
   04  0.1153287E+03  0.1402568E+02 -0.1614293E-01 -0.7914398E-01 -0.1456874E+01
   04  0.1183111E+03  0.1402587E+02 -0.1596300E-01 -0.8066563E-01 -0.1456682E+01
   04  0.1212934E+03  0.1402607E+02 -0.1576270E-01 -0.8217016E-01 -0.1456486E+01
   04  0.1242758E+03  0.1402627E+02 -0.1554054E-01 -0.8365782E-01 -0.1456287E+01
   04  0.1272581E+03  0.1402647E+02 -0.1529715E-01 -0.8512891E-01 -0.1456084E+01
   04  0.1302404E+03  0.1402668E+02 -0.1503443E-01 -0.8658378E-01 -0.1455876E+01
   04  0.1332228E+03  0.1402689E+02 -0.1475338E-01 -0.8802280E-01 -0.1455665E+01
   04  0.1362051E+03  0.1402710E+02 -0.1445494E-01 -0.8944637E-01 -0.1455450E+01
   04  0.1391874E+03  0.1402732E+02 -0.1414005E-01 -0.9085499E-01 -0.1455232E+01
   04  0.1421698E+03  0.1402754E+02 -0.1380956E-01 -0.9224934E-01 -0.1455010E+01
   04  0.1451521E+03  0.1402777E+02 -0.1346428E-01 -0.9363011E-01 -0.1454784E+01
   04  0.1481344E+03  0.1402800E+02 -0.1310500E-01 -0.9499813E-01 -0.1454556E+01
   04  0.1511168E+03  0.1402823E+02 -0.1272990E-01 -0.9635424E-01 -0.1454324E+01
   04  0.1540991E+03  0.1402847E+02 -0.1233776E-01 -0.9769938E-01 -0.1454089E+01
   04  0.1570814E+03  0.1402870E+02 -0.1192996E-01 -0.9903450E-01 -0.1453851E+01
   04  0.1600638E+03  0.1402894E+02 -0.1150774E-01 -0.1003605E+00 -0.1453611E+01
   04  0.1630461E+03  0.1402919E+02 -0.1107208E-01 -0.1016782E+00 -0.1453368E+01
   04  0.1660284E+03  0.1402943E+02 -0.1062353E-01 -0.1029884E+00 -0.1453122E+01
   04  0.1690108E+03  0.1402968E+02 -0.1016227E-01 -0.1042915E+00 -0.1452873E+01
   04  0.1719931E+03  0.1402993E+02 -0.9689043E-02 -0.1055876E+00 -0.1452621E+01
   04  0.1749755E+03  0.1403019E+02 -0.9204607E-02 -0.1068770E+00 -0.1452366E+01
   04  0.1779578E+03  0.1403045E+02 -0.8709668E-02 -0.1081601E+00 -0.1452108E+01
   04  0.1809401E+03  0.1403071E+02 -0.8204886E-02 -0.1094371E+00 -0.1451847E+01
   04  0.1824313E+03  0.1403084E+02 -0.7955158E-02 -0.1100742E+00 -0.1451715E+01
   04  0.1839225E+03  0.1403097E+02 -0.7703107E-02 -0.1107097E+00 -0.1451582E+01
   04  0.1854136E+03  0.1403111E+02 -0.7448747E-02 -0.1113438E+00 -0.1451449E+01
   04  0.1869048E+03  0.1403124E+02 -0.7192095E-02 -0.1119764E+00 -0.1451314E+01
   04  0.1883960E+03  0.1403138E+02 -0.6933165E-02 -0.1126077E+00 -0.1451179E+01
   04  0.1898871E+03  0.1403151E+02 -0.6671977E-02 -0.1132376E+00 -0.1451043E+01
   04  0.1913783E+03  0.1403165E+02 -0.6408547E-02 -0.1138663E+00 -0.1450906E+01
   04  0.1928695E+03  0.1403179E+02 -0.6142896E-02 -0.1144938E+00 -0.1450769E+01
   04  0.1943606E+03  0.1403192E+02 -0.5875044E-02 -0.1151201E+00 -0.1450631E+01
   04  0.1958518E+03  0.1403206E+02 -0.5605017E-02 -0.1157453E+00 -0.1450491E+01
   04  0.1973430E+03  0.1403220E+02 -0.5332909E-02 -0.1163695E+00 -0.1450352E+01
   04  0.1988341E+03  0.1403234E+02 -0.5058807E-02 -0.1169926E+00 -0.1450211E+01
   04  0.2003253E+03  0.1403249E+02 -0.4782794E-02 -0.1176146E+00 -0.1450069E+01
   04  0.2018165E+03  0.1403263E+02 -0.4504951E-02 -0.1182357E+00 -0.1449927E+01
   04  0.2033076E+03  0.1403277E+02 -0.4225352E-02 -0.1188558E+00 -0.1449784E+01
   04  0.2047988E+03  0.1403291E+02 -0.3944069E-02 -0.1194749E+00 -0.1449641E+01
   04  0.2062900E+03  0.1403306E+02 -0.3661167E-02 -0.1200931E+00 -0.1449496E+01
   04  0.2077811E+03  0.1403320E+02 -0.3376709E-02 -0.1207104E+00 -0.1449351E+01
   04  0.2092723E+03  0.1403335E+02 -0.3090756E-02 -0.1213269E+00 -0.1449205E+01
   04  0.2107635E+03  0.1403350E+02 -0.2803364E-02 -0.1219425E+00 -0.1449059E+01
   04  0.2122546E+03  0.1403364E+02 -0.2514588E-02 -0.1225574E+00 -0.1448911E+01
   04  0.2137458E+03  0.1403379E+02 -0.2224402E-02 -0.1231716E+00 -0.1448763E+01
   04  0.2152370E+03  0.1403394E+02 -0.1932817E-02 -0.1237852E+00 -0.1448615E+01
   04  0.2167281E+03  0.1403409E+02 -0.1639867E-02 -0.1243981E+00 -0.1448465E+01
   04  0.2182193E+03  0.1403424E+02 -0.1345585E-02 -0.1250104E+00 -0.1448315E+01
   04  0.2197105E+03  0.1403439E+02 -0.1050003E-02 -0.1256222E+00 -0.1448165E+01
   04  0.2212017E+03  0.1403454E+02 -0.7531535E-03 -0.1262335E+00 -0.1448013E+01
   04  0.2226928E+03  0.1403469E+02 -0.4550714E-03 -0.1268444E+00 -0.1447861E+01
   04  0.2241840E+03  0.1403485E+02 -0.1557931E-03 -0.1274549E+00 -0.1447709E+01
   04  0.2256752E+03  0.1403500E+02  0.1446425E-03 -0.1280651E+00 -0.1447555E+01
   04  0.2271663E+03  0.1403515E+02  0.4461939E-03 -0.1286749E+00 -0.1447402E+01
   04  0.2286575E+03  0.1403531E+02  0.7488171E-03 -0.1292844E+00 -0.1447247E+01
   04  0.2301487E+03  0.1403546E+02  0.1052465E-02 -0.1298937E+00 -0.1447092E+01
   04  0.2316398E+03  0.1403562E+02  0.1357090E-02 -0.1305027E+00 -0.1446936E+01
   04  0.2331310E+03  0.1403577E+02  0.1662638E-02 -0.1311115E+00 -0.1446780E+01
   04  0.2346222E+03  0.1403593E+02  0.1969057E-02 -0.1317201E+00 -0.1446623E+01
   04  0.2361133E+03  0.1403609E+02  0.2276290E-02 -0.1323285E+00 -0.1446466E+01
   04  0.2376045E+03  0.1403625E+02  0.2584279E-02 -0.1329368E+00 -0.1446308E+01
   04  0.2390957E+03  0.1403641E+02  0.2892965E-02 -0.1335448E+00 -0.1446150E+01
   04  0.2405868E+03  0.1403656E+02  0.3202288E-02 -0.1341526E+00 -0.1445991E+01
   04  0.2420780E+03  0.1403672E+02  0.3512190E-02 -0.1347602E+00 -0.1445831E+01
   04  0.2435692E+03  0.1403688E+02  0.3822613E-02 -0.1353675E+00 -0.1445671E+01
   04  0.2450603E+03  0.1403704E+02  0.4133503E-02 -0.1359745E+00 -0.1445510E+01
   04  0.2465515E+03  0.1403721E+02  0.4443837E-02 -0.1365812E+00 -0.1445349E+01
   04  0.2480427E+03  0.1403737E+02  0.4753564E-02 -0.1371875E+00 -0.1445188E+01
   04  0.2495338E+03  0.1403753E+02  0.5062704E-02 -0.1377933E+00 -0.1445026E+01
   04  0.2510250E+03  0.1403769E+02  0.5371269E-02 -0.1383987E+00 -0.1444864E+01
   04  0.2525162E+03  0.1403785E+02  0.5679352E-02 -0.1390035E+00 -0.1444701E+01
   04  0.2540073E+03  0.1403802E+02  0.5986873E-02 -0.1396078E+00 -0.1444539E+01
   04  0.2554985E+03  0.1403818E+02  0.6293816E-02 -0.1402114E+00 -0.1444375E+01
   04  0.2569897E+03  0.1403834E+02  0.6600162E-02 -0.1408143E+00 -0.1444212E+01
   04  0.2584808E+03  0.1403851E+02  0.6905886E-02 -0.1414164E+00 -0.1444048E+01
   04  0.2599720E+03  0.1403867E+02  0.7210960E-02 -0.1420176E+00 -0.1443883E+01
   04  0.2614632E+03  0.1403884E+02  0.7515345E-02 -0.1426177E+00 -0.1443719E+01
   04  0.2629543E+03  0.1403900E+02  0.7818999E-02 -0.1432167E+00 -0.1443554E+01
   04  0.2644455E+03  0.1403917E+02  0.8121876E-02 -0.1438144E+00 -0.1443388E+01
   04  0.2659367E+03  0.1403933E+02  0.8423924E-02 -0.1444108E+00 -0.1443223E+01
   04  0.2674278E+03  0.1403950E+02  0.8725085E-02 -0.1450057E+00 -0.1443057E+01
   04  0.2689190E+03  0.1403966E+02  0.9025302E-02 -0.1455990E+00 -0.1442891E+01
   04  0.2704102E+03  0.1403983E+02  0.9324511E-02 -0.1461905E+00 -0.1442725E+01
   04  0.2719014E+03  0.1404000E+02  0.9622646E-02 -0.1467801E+00 -0.1442558E+01
   04  0.2733925E+03  0.1404016E+02  0.9919639E-02 -0.1473677E+00 -0.1442392E+01
   04  0.2748837E+03  0.1404033E+02  0.1021542E-01 -0.1479531E+00 -0.1442225E+01
   04  0.2763749E+03  0.1404050E+02  0.1050991E-01 -0.1485362E+00 -0.1442058E+01
   04  0.2778660E+03  0.1404066E+02  0.1080305E-01 -0.1491169E+00 -0.1441890E+01
   04  0.2793572E+03  0.1404083E+02  0.1109474E-01 -0.1496949E+00 -0.1441723E+01
   04  0.2808484E+03  0.1404100E+02  0.1138493E-01 -0.1502702E+00 -0.1441555E+01
   04  0.2823395E+03  0.1404117E+02  0.1167351E-01 -0.1508426E+00 -0.1441388E+01
   04  0.2838307E+03  0.1404133E+02  0.1196039E-01 -0.1514120E+00 -0.1441220E+01
   04  0.2853219E+03  0.1404150E+02  0.1224545E-01 -0.1519780E+00 -0.1441052E+01
   04  0.2868130E+03  0.1404167E+02  0.1252855E-01 -0.1525407E+00 -0.1440884E+01
   04  0.2883042E+03  0.1404184E+02  0.1280960E-01 -0.1530999E+00 -0.1440716E+01
   04  0.2897954E+03  0.1404201E+02  0.1308845E-01 -0.1536553E+00 -0.1440548E+01
   04  0.2912865E+03  0.1404217E+02  0.1336498E-01 -0.1542069E+00 -0.1440380E+01
   04  0.2927777E+03  0.1404234E+02  0.1363908E-01 -0.1547545E+00 -0.1440212E+01
   04  0.2942689E+03  0.1404251E+02  0.1391061E-01 -0.1552979E+00 -0.1440044E+01
   04  0.2957600E+03  0.1404268E+02  0.1418114E-01 -0.1558362E+00 -0.1439876E+01
   04  0.2972512E+03  0.1404285E+02  0.1445072E-01 -0.1563688E+00 -0.1439708E+01
   04  0.2987424E+03  0.1404302E+02  0.1471926E-01 -0.1568954E+00 -0.1439539E+01
   04  0.3002335E+03  0.1404318E+02  0.1498664E-01 -0.1574159E+00 -0.1439371E+01
   04  0.3017247E+03  0.1404335E+02  0.1525274E-01 -0.1579299E+00 -0.1439203E+01
   04  0.3032159E+03  0.1404352E+02  0.1551740E-01 -0.1584373E+00 -0.1439035E+01
   04  0.3047070E+03  0.1404369E+02  0.1578049E-01 -0.1589379E+00 -0.1438867E+01
   04  0.3061982E+03  0.1404386E+02  0.1604183E-01 -0.1594314E+00 -0.1438699E+01
   04  0.3076894E+03  0.1404402E+02  0.1630128E-01 -0.1599176E+00 -0.1438531E+01
   04  0.3091805E+03  0.1404419E+02  0.1655865E-01 -0.1603965E+00 -0.1438364E+01
   04  0.3106717E+03  0.1404436E+02  0.1681377E-01 -0.1608679E+00 -0.1438196E+01
   04  0.3121629E+03  0.1404453E+02  0.1706647E-01 -0.1613316E+00 -0.1438028E+01
   04  0.3136540E+03  0.1404469E+02  0.1731670E-01 -0.1617875E+00 -0.1437861E+01
   04  0.3151452E+03  0.1404486E+02  0.1756433E-01 -0.1622354E+00 -0.1437694E+01
   04  0.3165017E+03  0.1404501E+02  0.1778624E-01 -0.1626357E+00 -0.1437542E+01
   04  0.3178581E+03  0.1404516E+02  0.1800580E-01 -0.1630292E+00 -0.1437390E+01
   04  0.3192146E+03  0.1404532E+02  0.1822289E-01 -0.1634159E+00 -0.1437239E+01
   04  0.3205710E+03  0.1404547E+02  0.1843742E-01 -0.1637956E+00 -0.1437087E+01
   04  0.3219275E+03  0.1404562E+02  0.1864927E-01 -0.1641683E+00 -0.1436936E+01
   04  0.3232839E+03  0.1404577E+02  0.1885836E-01 -0.1645340E+00 -0.1436785E+01
   04  0.3246404E+03  0.1404592E+02  0.1906460E-01 -0.1648925E+00 -0.1436634E+01
   04  0.3259968E+03  0.1404607E+02  0.1926787E-01 -0.1652439E+00 -0.1436484E+01
   04  0.3273533E+03  0.1404622E+02  0.1946810E-01 -0.1655881E+00 -0.1436334E+01
   04  0.3287097E+03  0.1404637E+02  0.1966520E-01 -0.1659249E+00 -0.1436183E+01
   04  0.3300662E+03  0.1404652E+02  0.1985908E-01 -0.1662544E+00 -0.1436034E+01
   04  0.3314226E+03  0.1404667E+02  0.2004965E-01 -0.1665765E+00 -0.1435884E+01
   04  0.3327791E+03  0.1404682E+02  0.2023683E-01 -0.1668912E+00 -0.1435735E+01
   04  0.3341355E+03  0.1404697E+02  0.2042054E-01 -0.1671983E+00 -0.1435586E+01
   04  0.3354920E+03  0.1404712E+02  0.2060070E-01 -0.1674979E+00 -0.1435437E+01
   04  0.3368484E+03  0.1404727E+02  0.2077723E-01 -0.1677899E+00 -0.1435288E+01
   04  0.3382049E+03  0.1404741E+02  0.2095005E-01 -0.1680742E+00 -0.1435140E+01
   04  0.3395613E+03  0.1404756E+02  0.2111909E-01 -0.1683508E+00 -0.1434992E+01
   04  0.3409178E+03  0.1404771E+02  0.2128428E-01 -0.1686195E+00 -0.1434844E+01
   04  0.3422742E+03  0.1404786E+02  0.2144555E-01 -0.1688805E+00 -0.1434697E+01
   04  0.3436307E+03  0.1404800E+02  0.2160282E-01 -0.1691335E+00 -0.1434550E+01
   04  0.3449871E+03  0.1404815E+02  0.2175601E-01 -0.1693786E+00 -0.1434403E+01
   04  0.3463436E+03  0.1404830E+02  0.2190507E-01 -0.1696157E+00 -0.1434257E+01
   04  0.3477000E+03  0.1404844E+02  0.2204991E-01 -0.1698447E+00 -0.1434110E+01
   04  0.3490565E+03  0.1404859E+02  0.2219046E-01 -0.1700656E+00 -0.1433964E+01
   04  0.3504130E+03  0.1404874E+02  0.2232664E-01 -0.1702783E+00 -0.1433819E+01
   04  0.3517694E+03  0.1404888E+02  0.2245838E-01 -0.1704828E+00 -0.1433674E+01
   04  0.3531259E+03  0.1404903E+02  0.2258561E-01 -0.1706789E+00 -0.1433529E+01
   04  0.3544823E+03  0.1404917E+02  0.2270825E-01 -0.1708667E+00 -0.1433384E+01
   04  0.3558388E+03  0.1404931E+02  0.2282621E-01 -0.1710461E+00 -0.1433240E+01
   04  0.3574665E+03  0.1404949E+02  0.2296356E-01 -0.1712509E+00 -0.1433068E+01
   04  0.3590942E+03  0.1404966E+02  0.2309391E-01 -0.1714435E+00 -0.1432896E+01
   04  0.3607220E+03  0.1404983E+02  0.2321713E-01 -0.1716239E+00 -0.1432724E+01
   04  0.3623497E+03  0.1405000E+02  0.2333305E-01 -0.1717917E+00 -0.1432553E+01
   04  0.3639775E+03  0.1405017E+02  0.2344156E-01 -0.1719468E+00 -0.1432383E+01
   04  0.3656052E+03  0.1405034E+02  0.2354249E-01 -0.1720892E+00 -0.1432213E+01
   04  0.3672329E+03  0.1405051E+02  0.2363570E-01 -0.1722188E+00 -0.1432043E+01
   04  0.3688607E+03  0.1405068E+02  0.2372104E-01 -0.1723356E+00 -0.1431875E+01
   04  0.3704884E+03  0.1405085E+02  0.2379833E-01 -0.1724396E+00 -0.1431706E+01
   04  0.3721162E+03  0.1405102E+02  0.2386741E-01 -0.1725306E+00 -0.1431539E+01
   04  0.3737439E+03  0.1405118E+02  0.2392810E-01 -0.1726086E+00 -0.1431372E+01
   04  0.3753717E+03  0.1405135E+02  0.2398023E-01 -0.1726738E+00 -0.1431205E+01
   04  0.3769994E+03  0.1405152E+02  0.2402359E-01 -0.1727260E+00 -0.1431039E+01
   04  0.3786271E+03  0.1405168E+02  0.2405800E-01 -0.1727652E+00 -0.1430874E+01
   04  0.3802549E+03  0.1405185E+02  0.2408324E-01 -0.1727916E+00 -0.1430709E+01
   04  0.3818826E+03  0.1405201E+02  0.2409911E-01 -0.1728051E+00 -0.1430544E+01
   04  0.3835104E+03  0.1405217E+02  0.2410538E-01 -0.1728058E+00 -0.1430380E+01
   04  0.3851381E+03  0.1405234E+02  0.2410183E-01 -0.1727937E+00 -0.1430217E+01
   04  0.3867658E+03  0.1405250E+02  0.2408823E-01 -0.1727690E+00 -0.1430054E+01
   04  0.3883936E+03  0.1405266E+02  0.2406433E-01 -0.1727317E+00 -0.1429892E+01
   04  0.3900213E+03  0.1405282E+02  0.2402989E-01 -0.1726820E+00 -0.1429730E+01
   04  0.3916491E+03  0.1405299E+02  0.2398464E-01 -0.1726198E+00 -0.1429569E+01
   04  0.3932768E+03  0.1405315E+02  0.2392833E-01 -0.1725454E+00 -0.1429408E+01
   04  0.3949046E+03  0.1405331E+02  0.2386070E-01 -0.1724590E+00 -0.1429247E+01
   04  0.3965323E+03  0.1405347E+02  0.2378145E-01 -0.1723606E+00 -0.1429087E+01
   04  0.3981600E+03  0.1405363E+02  0.2369032E-01 -0.1722504E+00 -0.1428928E+01
   04  0.3997878E+03  0.1405379E+02  0.2358704E-01 -0.1721286E+00 -0.1428769E+01
   04  0.4014155E+03  0.1405394E+02  0.2347133E-01 -0.1719954E+00 -0.1428610E+01
   04  0.4030433E+03  0.1405410E+02  0.2334294E-01 -0.1718510E+00 -0.1428451E+01
   04  0.4046710E+03  0.1405426E+02  0.2320160E-01 -0.1716956E+00 -0.1428293E+01
   04  0.4062987E+03  0.1405442E+02  0.2304706E-01 -0.1715295E+00 -0.1428136E+01
   04  0.4079265E+03  0.1405458E+02  0.2287906E-01 -0.1713529E+00 -0.1427978E+01
   04  0.4095542E+03  0.1405473E+02  0.2269736E-01 -0.1711660E+00 -0.1427821E+01
   04  0.4111820E+03  0.1405489E+02  0.2250168E-01 -0.1709687E+00 -0.1427664E+01
   04  0.4128097E+03  0.1405505E+02  0.2229180E-01 -0.1707610E+00 -0.1427507E+01
   04  0.4144375E+03  0.1405520E+02  0.2206746E-01 -0.1705430E+00 -0.1427351E+01
   04  0.4160652E+03  0.1405536E+02  0.2182842E-01 -0.1703152E+00 -0.1427195E+01
   04  0.4176929E+03  0.1405552E+02  0.2157499E-01 -0.1700778E+00 -0.1427039E+01
   04  0.4193207E+03  0.1405567E+02  0.2130726E-01 -0.1698313E+00 -0.1426883E+01
   04  0.4209484E+03  0.1405583E+02  0.2102549E-01 -0.1695760E+00 -0.1426727E+01
   04  0.4225762E+03  0.1405598E+02  0.2073064E-01 -0.1693125E+00 -0.1426571E+01
   04  0.4242039E+03  0.1405614E+02  0.2042245E-01 -0.1690412E+00 -0.1426415E+01
   04  0.4258316E+03  0.1405630E+02  0.2010066E-01 -0.1687625E+00 -0.1426259E+01
   04  0.4274594E+03  0.1405645E+02  0.1976499E-01 -0.1684767E+00 -0.1426102E+01
   04  0.4290871E+03  0.1405661E+02  0.1941521E-01 -0.1681845E+00 -0.1425946E+01
   04  0.4307149E+03  0.1405677E+02  0.1905108E-01 -0.1678862E+00 -0.1425789E+01
   04  0.4323426E+03  0.1405692E+02  0.1867236E-01 -0.1675823E+00 -0.1425631E+01
   04  0.4339704E+03  0.1405708E+02  0.1827752E-01 -0.1672732E+00 -0.1425474E+01
   04  0.4355981E+03  0.1405724E+02  0.1786630E-01 -0.1669593E+00 -0.1425317E+01
   04  0.4372258E+03  0.1405740E+02  0.1743860E-01 -0.1666410E+00 -0.1425159E+01
   04  0.4388536E+03  0.1405755E+02  0.1699435E-01 -0.1663188E+00 -0.1425001E+01
   04  0.4404813E+03  0.1405771E+02  0.1653347E-01 -0.1659930E+00 -0.1424843E+01
   04  0.4421091E+03  0.1405787E+02  0.1605588E-01 -0.1656641E+00 -0.1424685E+01
   04  0.4437368E+03  0.1405803E+02  0.1556151E-01 -0.1653326E+00 -0.1424526E+01
   04  0.4453645E+03  0.1405819E+02  0.1505028E-01 -0.1649990E+00 -0.1424367E+01
   04  0.4469923E+03  0.1405835E+02  0.1452208E-01 -0.1646638E+00 -0.1424208E+01
   04  0.4486200E+03  0.1405851E+02  0.1397681E-01 -0.1643273E+00 -0.1424049E+01
   04  0.4502478E+03  0.1405867E+02  0.1341434E-01 -0.1639901E+00 -0.1423889E+01
   04  0.4518755E+03  0.1405883E+02  0.1283452E-01 -0.1636527E+00 -0.1423728E+01
   04  0.4535033E+03  0.1405899E+02  0.1223718E-01 -0.1633155E+00 -0.1423567E+01
   04  0.4551310E+03  0.1405915E+02  0.1162234E-01 -0.1629789E+00 -0.1423406E+01
   04  0.4567587E+03  0.1405931E+02  0.1098995E-01 -0.1626434E+00 -0.1423244E+01
   04  0.4583865E+03  0.1405947E+02  0.1033992E-01 -0.1623093E+00 -0.1423082E+01
   04  0.4600142E+03  0.1405964E+02  0.9675279E-02 -0.1619773E+00 -0.1422920E+01
   04  0.4616420E+03  0.1405980E+02  0.8997931E-02 -0.1616477E+00 -0.1422757E+01
   04  0.4632697E+03  0.1405996E+02  0.8308104E-02 -0.1613208E+00 -0.1422594E+01
   04  0.4648974E+03  0.1406012E+02  0.7607077E-02 -0.1609973E+00 -0.1422431E+01
   04  0.4665252E+03  0.1406029E+02  0.6894842E-02 -0.1606775E+00 -0.1422268E+01
   04  0.4681529E+03  0.1406045E+02  0.6171373E-02 -0.1603620E+00 -0.1422104E+01
   04  0.4697807E+03  0.1406062E+02  0.5436638E-02 -0.1600512E+00 -0.1421940E+01
   04  0.4714084E+03  0.1406078E+02  0.4690591E-02 -0.1597455E+00 -0.1421775E+01
   04  0.4730362E+03  0.1406094E+02  0.3933170E-02 -0.1594452E+00 -0.1421610E+01
   04  0.4746639E+03  0.1406111E+02  0.3164304E-02 -0.1591507E+00 -0.1421445E+01
   04  0.4762916E+03  0.1406128E+02  0.2383909E-02 -0.1588623E+00 -0.1421279E+01
   04  0.4779194E+03  0.1406144E+02  0.1591892E-02 -0.1585801E+00 -0.1421113E+01
   04  0.4795471E+03  0.1406161E+02  0.7875660E-03 -0.1583044E+00 -0.1420946E+01
   04  0.4811749E+03  0.1406178E+02 -0.3175636E-04 -0.1580354E+00 -0.1420779E+01
   04  0.4828026E+03  0.1406194E+02 -0.8660256E-03 -0.1577730E+00 -0.1420612E+01
   04  0.4844303E+03  0.1406211E+02 -0.1715220E-02 -0.1575170E+00 -0.1420443E+01
   04  0.4860581E+03  0.1406228E+02 -0.2579341E-02 -0.1572676E+00 -0.1420275E+01
   04  0.4876858E+03  0.1406245E+02 -0.3458406E-02 -0.1570247E+00 -0.1420105E+01
   04  0.4893136E+03  0.1406262E+02 -0.4352443E-02 -0.1567882E+00 -0.1419936E+01
   04  0.4909413E+03  0.1406279E+02 -0.5266105E-02 -0.1565582E+00 -0.1419766E+01
   04  0.4925691E+03  0.1406296E+02 -0.6199785E-02 -0.1563348E+00 -0.1419596E+01
   04  0.4941968E+03  0.1406313E+02 -0.7153353E-02 -0.1561179E+00 -0.1419427E+01
   04  0.4958245E+03  0.1406330E+02 -0.8126680E-02 -0.1559075E+00 -0.1419257E+01
   04  0.4974523E+03  0.1406347E+02 -0.9119635E-02 -0.1557037E+00 -0.1419088E+01
   04  0.4990800E+03  0.1406364E+02 -0.1013209E-01 -0.1555062E+00 -0.1418918E+01
   04  0.5007078E+03  0.1406381E+02 -0.1116393E-01 -0.1553152E+00 -0.1418749E+01
   04  0.5023355E+03  0.1406397E+02 -0.1221502E-01 -0.1551304E+00 -0.1418580E+01
   04  0.5039632E+03  0.1406414E+02 -0.1328524E-01 -0.1549518E+00 -0.1418411E+01
   04  0.5055910E+03  0.1406431E+02 -0.1437449E-01 -0.1547793E+00 -0.1418242E+01
   04  0.5072187E+03  0.1406448E+02 -0.1548266E-01 -0.1546127E+00 -0.1418073E+01
   04  0.5088465E+03  0.1406465E+02 -0.1660965E-01 -0.1544519E+00 -0.1417904E+01
   04  0.5104742E+03  0.1406482E+02 -0.1775540E-01 -0.1542967E+00 -0.1417735E+01
   04  0.5121020E+03  0.1406499E+02 -0.1892040E-01 -0.1541470E+00 -0.1417566E+01
   04  0.5137297E+03  0.1406516E+02 -0.2010524E-01 -0.1540025E+00 -0.1417397E+01
   04  0.5153574E+03  0.1406533E+02 -0.2130986E-01 -0.1538631E+00 -0.1417228E+01
   04  0.5169852E+03  0.1406549E+02 -0.2253425E-01 -0.1537284E+00 -0.1417060E+01
   04  0.5186129E+03  0.1406566E+02 -0.2377851E-01 -0.1535982E+00 -0.1416892E+01
   04  0.5202407E+03  0.1406583E+02 -0.2504273E-01 -0.1534725E+00 -0.1416723E+01
   04  0.5218684E+03  0.1406600E+02 -0.2632692E-01 -0.1533510E+00 -0.1416555E+01
   04  0.5234961E+03  0.1406617E+02 -0.2763112E-01 -0.1532336E+00 -0.1416386E+01
   04  0.5251239E+03  0.1406634E+02 -0.2895537E-01 -0.1531202E+00 -0.1416218E+01
   04  0.5267516E+03  0.1406651E+02 -0.3029971E-01 -0.1530107E+00 -0.1416049E+01
   04  0.5283794E+03  0.1406667E+02 -0.3166423E-01 -0.1529050E+00 -0.1415880E+01
   04  0.5300071E+03  0.1406684E+02 -0.3304905E-01 -0.1528031E+00 -0.1415711E+01
   04  0.5316349E+03  0.1406701E+02 -0.3445435E-01 -0.1527049E+00 -0.1415542E+01
   04  0.5332626E+03  0.1406718E+02 -0.3588036E-01 -0.1526105E+00 -0.1415372E+01
   04  0.5348903E+03  0.1406735E+02 -0.3732736E-01 -0.1525199E+00 -0.1415201E+01
   04  0.5365181E+03  0.1406752E+02 -0.3879573E-01 -0.1524331E+00 -0.1415030E+01
   04  0.5381458E+03  0.1406770E+02 -0.4028591E-01 -0.1523502E+00 -0.1414858E+01
   04  0.5397736E+03  0.1406787E+02 -0.4179845E-01 -0.1522714E+00 -0.1414685E+01
   04  0.5414013E+03  0.1406804E+02 -0.4333393E-01 -0.1521953E+00 -0.1414511E+01
   04  0.5430290E+03  0.1406822E+02 -0.4489294E-01 -0.1521221E+00 -0.1414336E+01
   04  0.5446568E+03  0.1406840E+02 -0.4647614E-01 -0.1520519E+00 -0.1414159E+01
   04  0.5462845E+03  0.1406857E+02 -0.4808433E-01 -0.1519852E+00 -0.1413982E+01
   04  0.5479123E+03  0.1406875E+02 -0.4971840E-01 -0.1519222E+00 -0.1413803E+01
   04  0.5495400E+03  0.1406893E+02 -0.5137937E-01 -0.1518635E+00 -0.1413622E+01
   04  0.5511678E+03  0.1406912E+02 -0.5306838E-01 -0.1518095E+00 -0.1413439E+01
   04  0.5527955E+03  0.1406930E+02 -0.5478666E-01 -0.1517609E+00 -0.1413255E+01
   04  0.5544232E+03  0.1406949E+02 -0.5653562E-01 -0.1517182E+00 -0.1413068E+01
   04  0.5560510E+03  0.1406968E+02 -0.5831673E-01 -0.1516822E+00 -0.1412878E+01
   04  0.5576787E+03  0.1406987E+02 -0.6013164E-01 -0.1516536E+00 -0.1412686E+01
   04  0.5593065E+03  0.1407006E+02 -0.6198210E-01 -0.1516334E+00 -0.1412491E+01
   04  0.5609342E+03  0.1407026E+02 -0.6387002E-01 -0.1516223E+00 -0.1412293E+01
   04  0.5625619E+03  0.1407046E+02 -0.6579742E-01 -0.1516215E+00 -0.1412091E+01
   04  0.5641897E+03  0.1407067E+02 -0.6776646E-01 -0.1516321E+00 -0.1411886E+01
   04  0.5658174E+03  0.1407088E+02 -0.6977946E-01 -0.1516552E+00 -0.1411676E+01
   04  0.5674452E+03  0.1407109E+02 -0.7183887E-01 -0.1516922E+00 -0.1411463E+01
   04  0.5690729E+03  0.1407131E+02 -0.7394727E-01 -0.1517445E+00 -0.1411244E+01
   04  0.5707007E+03  0.1407153E+02 -0.7610742E-01 -0.1518136E+00 -0.1411021E+01
   04  0.5723284E+03  0.1407176E+02 -0.7832219E-01 -0.1519002E+00 -0.1410793E+01
   04  0.5739561E+03  0.1407200E+02 -0.8059460E-01 -0.1520031E+00 -0.1410558E+01
   04  0.5755839E+03  0.1407224E+02 -0.8292783E-01 -0.1521238E+00 -0.1410318E+01
   04  0.5772116E+03  0.1407248E+02 -0.8532521E-01 -0.1522639E+00 -0.1410071E+01
   04  0.5788394E+03  0.1407274E+02 -0.8779024E-01 -0.1524254E+00 -0.1409816E+01
   04  0.5804671E+03  0.1407300E+02 -0.9032656E-01 -0.1526101E+00 -0.1409555E+01
   04  0.5820948E+03  0.1407327E+02 -0.9293798E-01 -0.1528200E+00 -0.1409285E+01
   04  0.5837226E+03  0.1407355E+02 -0.9562844E-01 -0.1530574E+00 -0.1409007E+01
   04  0.5853503E+03  0.1407383E+02 -0.9840208E-01 -0.1533244E+00 -0.1408721E+01
   04  0.5869781E+03  0.1407413E+02 -0.1012632E+00 -0.1536236E+00 -0.1408425E+01
   04  0.5886058E+03  0.1407444E+02 -0.1042162E+00 -0.1539573E+00 -0.1408120E+01
   04  0.5902336E+03  0.1407475E+02 -0.1072657E+00 -0.1543282E+00 -0.1407804E+01
   04  0.5918613E+03  0.1407508E+02 -0.1104163E+00 -0.1547393E+00 -0.1407478E+01
   04  0.5934890E+03  0.1407541E+02 -0.1136731E+00 -0.1551924E+00 -0.1407141E+01
   04  0.5951168E+03  0.1407576E+02 -0.1170412E+00 -0.1556897E+00 -0.1406792E+01
   04  0.5967445E+03  0.1407612E+02 -0.1205259E+00 -0.1562266E+00 -0.1406431E+01
   04  0.5983723E+03  0.1407650E+02 -0.1241324E+00 -0.1568024E+00 -0.1406058E+01
