# gauge_id= 515 location=( -0.1251000000E+03  0.4170000000E+02 ) num_var=  4
# Stationary gauge
# level, time, q[  1  2  3], eta, aux[]
# file format ascii, time series follow in this file
   02  0.0000000E+00  0.1974486E+04  0.0000000E+00  0.0000000E+00  0.0000000E+00
   02  0.1000000E+01  0.1974486E+04 -0.2753501E-13  0.1109535E-12  0.3533792E+01
   02  0.1142857E+01  0.1974483E+04 -0.5298238E+00  0.8720792E-02  0.3531056E+01
   02  0.1285714E+01  0.1974480E+04 -0.1058037E+01  0.1733635E-01  0.3528320E+01
   02  0.1428571E+01  0.1974477E+04 -0.1584643E+01  0.2584660E-01  0.3525584E+01
   02  0.1571429E+01  0.1974475E+04 -0.2109646E+01  0.3425146E-01  0.3522847E+01
   02  0.1714286E+01  0.1974472E+04 -0.2633048E+01  0.4255085E-01  0.3520109E+01
   02  0.1857143E+01  0.1974469E+04 -0.3154854E+01  0.5074469E-01  0.3517371E+01
   02  0.2000000E+01  0.1974466E+04 -0.3675067E+01  0.5883290E-01  0.3514632E+01
   02  0.4673503E+02  0.1973602E+04 -0.1657896E+03 -0.3200188E+01  0.2649925E+01
   03  0.9147006E+02  0.1874972E+04 -0.1709275E+03 -0.6910709E+01  0.1839902E+01
   03  0.1004171E+03  0.1874833E+04 -0.1735451E+03 -0.1119515E+02  0.1701550E+01
   03  0.1093641E+03  0.1874695E+04 -0.1793113E+03 -0.1612325E+02  0.1563216E+01
   03  0.1183111E+03  0.1874552E+04 -0.1843718E+03 -0.2117437E+02  0.1420679E+01
   03  0.1272581E+03  0.1874395E+04 -0.1846568E+03 -0.2594682E+02  0.1263133E+01
   03  0.1362051E+03  0.1874219E+04 -0.1778184E+03 -0.3009288E+02  0.1087032E+01
   03  0.1451521E+03  0.1874029E+04 -0.1641284E+03 -0.3342421E+02  0.8975124E+00
   03  0.1540991E+03  0.1873837E+04 -0.1458279E+03 -0.3597934E+02  0.7056433E+00
   03  0.1630461E+03  0.1873657E+04 -0.1256490E+03 -0.3801329E+02  0.5257186E+00
   03  0.1719931E+03  0.1873500E+04 -0.1060805E+03 -0.3989390E+02  0.3679472E+00
   04  0.1809401E+03  0.1815729E+04 -0.8703928E+02 -0.4214895E+02  0.2136650E+00
   04  0.1824313E+03  0.1815703E+04 -0.8318725E+02 -0.4242156E+02  0.1873768E+00
   04  0.1839225E+03  0.1815682E+04 -0.8000493E+02 -0.4271226E+02  0.1664310E+00
   04  0.1854136E+03  0.1815665E+04 -0.7736810E+02 -0.4302717E+02  0.1494964E+00
   04  0.1869048E+03  0.1815650E+04 -0.7506280E+02 -0.4336225E+02  0.1349740E+00
   04  0.1883960E+03  0.1815637E+04 -0.7294963E+02 -0.4371604E+02  0.1219023E+00
   04  0.1898871E+03  0.1815625E+04 -0.7095267E+02 -0.4408599E+02  0.1098560E+00
   04  0.1913783E+03  0.1815614E+04 -0.6900409E+02 -0.4446933E+02  0.9865162E-01
   04  0.1928695E+03  0.1815604E+04 -0.6701902E+02 -0.4486326E+02  0.8813424E-01
   04  0.1943606E+03  0.1815594E+04 -0.6490492E+02 -0.4526370E+02  0.7806598E-01
   04  0.1958518E+03  0.1815584E+04 -0.6259323E+02 -0.4567221E+02  0.6812094E-01
   04  0.1973430E+03  0.1815573E+04 -0.6007316E+02 -0.4608962E+02  0.5783332E-01
   04  0.1988341E+03  0.1815562E+04 -0.5740501E+02 -0.4652507E+02  0.4676412E-01
   04  0.2003253E+03  0.1815550E+04 -0.5470233E+02 -0.4699106E+02  0.3461067E-01
   04  0.2018165E+03  0.1815537E+04 -0.5209639E+02 -0.4750908E+02  0.2136085E-01
   04  0.2033076E+03  0.1815523E+04 -0.4970002E+02 -0.4809674E+02  0.7264420E-02
   04  0.2047988E+03  0.1815508E+04 -0.4758288E+02 -0.4876200E+02 -0.7232375E-02
   04  0.2062900E+03  0.1815494E+04 -0.4576320E+02 -0.4950438E+02 -0.2158357E-01
   04  0.2077811E+03  0.1815480E+04 -0.4421240E+02 -0.5031296E+02 -0.3528528E-01
   04  0.2092723E+03  0.1815467E+04 -0.4286949E+02 -0.5116750E+02 -0.4798076E-01
   04  0.2107635E+03  0.1815456E+04 -0.4165518E+02 -0.5203856E+02 -0.5952718E-01
   04  0.2122546E+03  0.1815445E+04 -0.4048595E+02 -0.5289934E+02 -0.6997191E-01
   04  0.2137458E+03  0.1815436E+04 -0.3928482E+02 -0.5373318E+02 -0.7955803E-01
   04  0.2152370E+03  0.1815427E+04 -0.3798626E+02 -0.5453469E+02 -0.8875255E-01
   04  0.2167281E+03  0.1815417E+04 -0.3653907E+02 -0.5530679E+02 -0.9822967E-01
   04  0.2182193E+03  0.1815407E+04 -0.3490760E+02 -0.5605766E+02 -0.1087514E+00
   04  0.2197105E+03  0.1815395E+04 -0.3307799E+02 -0.5680561E+02 -0.1209267E+00
   04  0.2212017E+03  0.1815380E+04 -0.3106971E+02 -0.5757059E+02 -0.1350474E+00
   04  0.2226928E+03  0.1815365E+04 -0.2894417E+02 -0.5837033E+02 -0.1509677E+00
   04  0.2241840E+03  0.1815347E+04 -0.2680172E+02 -0.5922130E+02 -0.1681010E+00
   04  0.2256752E+03  0.1815330E+04 -0.2476206E+02 -0.6013600E+02 -0.1855966E+00
   04  0.2271663E+03  0.1815313E+04 -0.2293659E+02 -0.6112265E+02 -0.2025691E+00
   04  0.2286575E+03  0.1815297E+04 -0.2140115E+02 -0.6218231E+02 -0.2183353E+00
   04  0.2301487E+03  0.1815283E+04 -0.2017910E+02 -0.6330602E+02 -0.2325537E+00
   04  0.2316398E+03  0.1815270E+04 -0.1924308E+02 -0.6447354E+02 -0.2452280E+00
   04  0.2331310E+03  0.1815259E+04 -0.1853025E+02 -0.6566013E+02 -0.2565718E+00
   04  0.2346222E+03  0.1815249E+04 -0.1796315E+02 -0.6684061E+02 -0.2668708E+00
   04  0.2361133E+03  0.1815239E+04 -0.1746744E+02 -0.6799245E+02 -0.2763842E+00
   04  0.2376045E+03  0.1815230E+04 -0.1698192E+02 -0.6909830E+02 -0.2853111E+00
   04  0.2390957E+03  0.1815222E+04 -0.1645806E+02 -0.7014803E+02 -0.2938303E+00
   04  0.2405868E+03  0.1815213E+04 -0.1585277E+02 -0.7113984E+02 -0.3021747E+00
   04  0.2420780E+03  0.1815205E+04 -0.1512121E+02 -0.7207987E+02 -0.3106874E+00
   04  0.2435692E+03  0.1815196E+04 -0.1421532E+02 -0.7298027E+02 -0.3198176E+00
   04  0.2450603E+03  0.1815185E+04 -0.1309045E+02 -0.7385619E+02 -0.3300459E+00
   04  0.2465515E+03  0.1815174E+04 -0.1171847E+02 -0.7472266E+02 -0.3417532E+00
   04  0.2480427E+03  0.1815160E+04 -0.1010160E+02 -0.7559181E+02 -0.3550822E+00
   04  0.2495338E+03  0.1815146E+04 -0.8279635E+01 -0.7647069E+02 -0.3698509E+00
   04  0.2510250E+03  0.1815130E+04 -0.6325651E+01 -0.7736016E+02 -0.3855642E+00
   04  0.2525162E+03  0.1815114E+04 -0.4330416E+01 -0.7825482E+02 -0.4015244E+00
   04  0.2540073E+03  0.1815098E+04 -0.2381344E+01 -0.7914426E+02 -0.4170007E+00
   04  0.2554985E+03  0.1815084E+04 -0.5440897E+00 -0.8001511E+02 -0.4313904E+00
   04  0.2569897E+03  0.1815071E+04  0.1146882E+01 -0.8085360E+02 -0.4443205E+00
   04  0.2584808E+03  0.1815060E+04  0.2687241E+01 -0.8164796E+02 -0.4556679E+00
   04  0.2599720E+03  0.1815050E+04  0.4094378E+01 -0.8239030E+02 -0.4655182E+00
   04  0.2614632E+03  0.1815041E+04  0.5396908E+01 -0.8307742E+02 -0.4740944E+00
   04  0.2629543E+03  0.1815034E+04  0.6626378E+01 -0.8371074E+02 -0.4816875E+00
   04  0.2644455E+03  0.1815027E+04  0.7812954E+01 -0.8429544E+02 -0.4886061E+00
   04  0.2659367E+03  0.1815020E+04  0.8984634E+01 -0.8483930E+02 -0.4951478E+00
   04  0.2674278E+03  0.1815014E+04  0.1016830E+02 -0.8535144E+02 -0.5015882E+00
   04  0.2689190E+03  0.1815007E+04  0.1139083E+02 -0.8584104E+02 -0.5081786E+00
   04  0.2704102E+03  0.1815000E+04  0.1267893E+02 -0.8631598E+02 -0.5151409E+00
   04  0.2719014E+03  0.1814993E+04  0.1405701E+02 -0.8678158E+02 -0.5226553E+00
   04  0.2733925E+03  0.1814985E+04  0.1554328E+02 -0.8723941E+02 -0.5308362E+00
   04  0.2748837E+03  0.1814976E+04  0.1714491E+02 -0.8768658E+02 -0.5397001E+00
   04  0.2763749E+03  0.1814966E+04  0.1885371E+02 -0.8811533E+02 -0.5491347E+00
   04  0.2778660E+03  0.1814957E+04  0.2064448E+02 -0.8851373E+02 -0.5588865E+00
   04  0.2793572E+03  0.1814947E+04  0.2247696E+02 -0.8886781E+02 -0.5685820E+00
   04  0.2808484E+03  0.1814938E+04  0.2430162E+02 -0.8916363E+02 -0.5777773E+00
   04  0.2823395E+03  0.1814929E+04  0.2606775E+02 -0.8939022E+02 -0.5860341E+00
   04  0.2838307E+03  0.1814922E+04  0.2773177E+02 -0.8954148E+02 -0.5929975E+00
   04  0.2853219E+03  0.1814917E+04  0.2926501E+02 -0.8961660E+02 -0.5984568E+00
   04  0.2868130E+03  0.1814913E+04  0.3064815E+02 -0.8961910E+02 -0.6023139E+00
   04  0.2883042E+03  0.1814911E+04  0.3187323E+02 -0.8955386E+02 -0.6045922E+00
   04  0.2897954E+03  0.1814910E+04  0.3294102E+02 -0.8942624E+02 -0.6054051E+00
   04  0.2912865E+03  0.1814910E+04  0.3387134E+02 -0.8924500E+02 -0.6050292E+00
   04  0.2927777E+03  0.1814912E+04  0.3469841E+02 -0.8902084E+02 -0.6038383E+00
   04  0.2942689E+03  0.1814913E+04  0.3545192E+02 -0.8876349E+02 -0.6021456E+00
   04  0.2957600E+03  0.1814915E+04  0.3614932E+02 -0.8847901E+02 -0.6001489E+00
   04  0.2972512E+03  0.1814918E+04  0.3679432E+02 -0.8816627E+02 -0.5978858E+00
   04  0.2987424E+03  0.1814920E+04  0.3738013E+02 -0.8782588E+02 -0.5953074E+00
   04  0.3002335E+03  0.1814923E+04  0.3790358E+02 -0.8746060E+02 -0.5923964E+00
   04  0.3017247E+03  0.1814926E+04  0.3837018E+02 -0.8707139E+02 -0.5891728E+00
   04  0.3032159E+03  0.1814930E+04  0.3879230E+02 -0.8666079E+02 -0.5856911E+00
   04  0.3047070E+03  0.1814933E+04  0.3918674E+02 -0.8623245E+02 -0.5820216E+00
   04  0.3061982E+03  0.1814937E+04  0.3956930E+02 -0.8578526E+02 -0.5781828E+00
   04  0.3076894E+03  0.1814941E+04  0.3995099E+02 -0.8531324E+02 -0.5741357E+00
   04  0.3091805E+03  0.1814946E+04  0.4033508E+02 -0.8480448E+02 -0.5697852E+00
   04  0.3106717E+03  0.1814950E+04  0.4071910E+02 -0.8424457E+02 -0.5650021E+00
   04  0.3121629E+03  0.1814956E+04  0.4109790E+02 -0.8361510E+02 -0.5596238E+00
   04  0.3136540E+03  0.1814962E+04  0.4146539E+02 -0.8289760E+02 -0.5534885E+00
   04  0.3151452E+03  0.1814969E+04  0.4181780E+02 -0.8207365E+02 -0.5464309E+00
   04  0.3165017E+03  0.1814976E+04  0.4212314E+02 -0.8122169E+02 -0.5391104E+00
   04  0.3178581E+03  0.1814985E+04  0.4241469E+02 -0.8026514E+02 -0.5308646E+00
   04  0.3192146E+03  0.1814994E+04  0.4269366E+02 -0.7920154E+02 -0.5216630E+00
   04  0.3205710E+03  0.1815004E+04  0.4296168E+02 -0.7803140E+02 -0.5115020E+00
   04  0.3219275E+03  0.1815015E+04  0.4322042E+02 -0.7675765E+02 -0.5003946E+00
   04  0.3232839E+03  0.1815027E+04  0.4347126E+02 -0.7538474E+02 -0.4883641E+00
   04  0.3246404E+03  0.1815040E+04  0.4371485E+02 -0.7391799E+02 -0.4754401E+00
   04  0.3259968E+03  0.1815054E+04  0.4395073E+02 -0.7236295E+02 -0.4616578E+00
   04  0.3273533E+03  0.1815068E+04  0.4417706E+02 -0.7072505E+02 -0.4470575E+00
   04  0.3287097E+03  0.1815084E+04  0.4439082E+02 -0.6900945E+02 -0.4316860E+00
   04  0.3300662E+03  0.1815100E+04  0.4458810E+02 -0.6722095E+02 -0.4155962E+00
   04  0.3314226E+03  0.1815117E+04  0.4476472E+02 -0.6536397E+02 -0.3988479E+00
   04  0.3327791E+03  0.1815134E+04  0.4491680E+02 -0.6344260E+02 -0.3815064E+00
   04  0.3341355E+03  0.1815152E+04  0.4504132E+02 -0.6146071E+02 -0.3636410E+00
   04  0.3354920E+03  0.1815170E+04  0.4513652E+02 -0.5942208E+02 -0.3453230E+00
   04  0.3368484E+03  0.1815189E+04  0.4520191E+02 -0.5733064E+02 -0.3266238E+00
   04  0.3382049E+03  0.1815208E+04  0.4523817E+02 -0.5519076E+02 -0.3076137E+00
   04  0.3395613E+03  0.1815227E+04  0.4524686E+02 -0.5300743E+02 -0.2883597E+00
   04  0.3409178E+03  0.1815247E+04  0.4522944E+02 -0.5078656E+02 -0.2689302E+00
   04  0.3422742E+03  0.1815266E+04  0.4518687E+02 -0.4853517E+02 -0.2493939E+00
   04  0.3436307E+03  0.1815286E+04  0.4512003E+02 -0.4626122E+02 -0.2298157E+00
   04  0.3449871E+03  0.1815305E+04  0.4502890E+02 -0.4397326E+02 -0.2102585E+00
   04  0.3463436E+03  0.1815325E+04  0.4491257E+02 -0.4167972E+02 -0.1907817E+00
   04  0.3477000E+03  0.1815344E+04  0.4476953E+02 -0.3938840E+02 -0.1714384E+00
   04  0.3490565E+03  0.1815363E+04  0.4459853E+02 -0.3710598E+02 -0.1522678E+00
   04  0.3504130E+03  0.1815382E+04  0.4440050E+02 -0.3483754E+02 -0.1332822E+00
   04  0.3517694E+03  0.1815401E+04  0.4417693E+02 -0.3258626E+02 -0.1144796E+00
   04  0.3531259E+03  0.1815420E+04  0.4392767E+02 -0.3035358E+02 -0.9586094E-01
   04  0.3544823E+03  0.1815438E+04  0.4365338E+02 -0.2813950E+02 -0.7741688E-01
   04  0.3558388E+03  0.1815456E+04  0.4335493E+02 -0.2594255E+02 -0.5913185E-01
   04  0.3574665E+03  0.1815478E+04  0.4297290E+02 -0.2332408E+02 -0.3736805E-01
   04  0.3590942E+03  0.1815500E+04  0.4256366E+02 -0.2072233E+02 -0.1575044E-01
   04  0.3607220E+03  0.1815521E+04  0.4212979E+02 -0.1813353E+02  0.5747881E-02
   04  0.3623497E+03  0.1815543E+04  0.4167503E+02 -0.1555506E+02  0.2714673E-01
   04  0.3639775E+03  0.1815564E+04  0.4120343E+02 -0.1298595E+02  0.4845279E-01
   04  0.3656052E+03  0.1815585E+04  0.4071784E+02 -0.1042710E+02  0.6964977E-01
   04  0.3672329E+03  0.1815606E+04  0.4021980E+02 -0.7881439E+01  0.9069924E-01
   04  0.3688607E+03  0.1815627E+04  0.3970968E+02 -0.5353569E+01  0.1115482E+00
   04  0.3704884E+03  0.1815648E+04  0.3918794E+02 -0.2848472E+01  0.1321470E+00
   04  0.3721162E+03  0.1815668E+04  0.3865375E+02 -0.3707249E+00  0.1524459E+00
   04  0.3737439E+03  0.1815688E+04  0.3810707E+02  0.2075460E+01  0.1724133E+00
   04  0.3753717E+03  0.1815708E+04  0.3754735E+02  0.4487093E+01  0.1920335E+00
   04  0.3769994E+03  0.1815727E+04  0.3697547E+02  0.6863208E+01  0.2113187E+00
   04  0.3786271E+03  0.1815746E+04  0.3639011E+02  0.9204238E+01  0.2302842E+00
   04  0.3802549E+03  0.1815764E+04  0.3579159E+02  0.1151115E+02  0.2489704E+00
   04  0.3818826E+03  0.1815783E+04  0.3517906E+02  0.1378461E+02  0.2674192E+00
   04  0.3835104E+03  0.1815801E+04  0.3455182E+02  0.1602472E+02  0.2856708E+00
   04  0.3851381E+03  0.1815819E+04  0.3390843E+02  0.1823044E+02  0.3037482E+00
   04  0.3867658E+03  0.1815837E+04  0.3324514E+02  0.2039885E+02  0.3216409E+00
   04  0.3883936E+03  0.1815855E+04  0.3255768E+02  0.2252476E+02  0.3393108E+00
   04  0.3900213E+03  0.1815872E+04  0.3184135E+02  0.2460104E+02  0.3566918E+00
   04  0.3916491E+03  0.1815889E+04  0.3109364E+02  0.2661903E+02  0.3737087E+00
   04  0.3932768E+03  0.1815906E+04  0.3031429E+02  0.2856961E+02  0.3902804E+00
   04  0.3949046E+03  0.1815922E+04  0.2950530E+02  0.3044500E+02  0.4063258E+00
   04  0.3965323E+03  0.1815937E+04  0.2867127E+02  0.3223990E+02  0.4217805E+00
   04  0.3981600E+03  0.1815952E+04  0.2781951E+02  0.3395208E+02  0.4366069E+00
   04  0.3997878E+03  0.1815966E+04  0.2695974E+02  0.3558279E+02  0.4508009E+00
   04  0.4014155E+03  0.1815980E+04  0.2610332E+02  0.3713691E+02  0.4643926E+00
   04  0.4030433E+03  0.1815993E+04  0.2526211E+02  0.3862272E+02  0.4774444E+00
   04  0.4046710E+03  0.1816006E+04  0.2444754E+02  0.4005145E+02  0.4900446E+00
   04  0.4062987E+03  0.1816018E+04  0.2366998E+02  0.4143652E+02  0.5023008E+00
   04  0.4079265E+03  0.1816030E+04  0.2293849E+02  0.4279270E+02  0.5143336E+00
   04  0.4095542E+03  0.1816042E+04  0.2226052E+02  0.4413542E+02  0.5262708E+00
   04  0.4111820E+03  0.1816054E+04  0.2164202E+02  0.4547999E+02  0.5382414E+00
   04  0.4128097E+03  0.1816066E+04  0.2108486E+02  0.4683958E+02  0.5503499E+00
   04  0.4144375E+03  0.1816078E+04  0.2059274E+02  0.4822623E+02  0.5627150E+00
   04  0.4160652E+03  0.1816091E+04  0.2016331E+02  0.4964940E+02  0.5754118E+00
   04  0.4176929E+03  0.1816104E+04  0.1979074E+02  0.5111397E+02  0.5884762E+00
   04  0.4193207E+03  0.1816117E+04  0.1946781E+02  0.5262083E+02  0.6019124E+00
   04  0.4209484E+03  0.1816131E+04  0.1918471E+02  0.5416716E+02  0.6156866E+00
   04  0.4225762E+03  0.1816145E+04  0.1892874E+02  0.5574624E+02  0.6297200E+00
   04  0.4242039E+03  0.1816159E+04  0.1868681E+02  0.5734765E+02  0.6439044E+00
   04  0.4258316E+03  0.1816174E+04  0.1844731E+02  0.5895854E+02  0.6581152E+00
   04  0.4274594E+03  0.1816188E+04  0.1819946E+02  0.6056464E+02  0.6722132E+00
   04  0.4290871E+03  0.1816202E+04  0.1793728E+02  0.6215234E+02  0.6860820E+00
   04  0.4307149E+03  0.1816215E+04  0.1765724E+02  0.6371024E+02  0.6996205E+00
   04  0.4323426E+03  0.1816228E+04  0.1735705E+02  0.6522990E+02  0.7127396E+00
   04  0.4339704E+03  0.1816241E+04  0.1703704E+02  0.6670647E+02  0.7253772E+00
   04  0.4355981E+03  0.1816253E+04  0.1670033E+02  0.6813784E+02  0.7375033E+00
   04  0.4372258E+03  0.1816265E+04  0.1634811E+02  0.6952391E+02  0.7490973E+00
   04  0.4388536E+03  0.1816276E+04  0.1598142E+02  0.7086664E+02  0.7601515E+00
   04  0.4404813E+03  0.1816286E+04  0.1560189E+02  0.7216914E+02  0.7706719E+00
   04  0.4421091E+03  0.1816296E+04  0.1521177E+02  0.7343599E+02  0.7806796E+00
   04  0.4437368E+03  0.1816306E+04  0.1481354E+02  0.7467273E+02  0.7902094E+00
   04  0.4453645E+03  0.1816315E+04  0.1441159E+02  0.7588550E+02  0.7993158E+00
   04  0.4469923E+03  0.1816324E+04  0.1401034E+02  0.7708053E+02  0.8080569E+00
   04  0.4486200E+03  0.1816332E+04  0.1361421E+02  0.7826316E+02  0.8164897E+00
   04  0.4502478E+03  0.1816340E+04  0.1322835E+02  0.7943721E+02  0.8246746E+00
   04  0.4518755E+03  0.1816348E+04  0.1285690E+02  0.8060486E+02  0.8326676E+00
   04  0.4535033E+03  0.1816356E+04  0.1250266E+02  0.8176691E+02  0.8405188E+00
   04  0.4551310E+03  0.1816364E+04  0.1216741E+02  0.8292318E+02  0.8482710E+00
   04  0.4567587E+03  0.1816371E+04  0.1185235E+02  0.8407296E+02  0.8559590E+00
   04  0.4583865E+03  0.1816379E+04  0.1155856E+02  0.8521521E+02  0.8636098E+00
   04  0.4600142E+03  0.1816387E+04  0.1128700E+02  0.8634873E+02  0.8712443E+00
   04  0.4616420E+03  0.1816394E+04  0.1103789E+02  0.8747217E+02  0.8788785E+00
   04  0.4632697E+03  0.1816402E+04  0.1081070E+02  0.8858391E+02  0.8865285E+00
   04  0.4648974E+03  0.1816410E+04  0.1060414E+02  0.8968187E+02  0.8942094E+00
   04  0.4665252E+03  0.1816417E+04  0.1041565E+02  0.9076571E+02  0.9019187E+00
   04  0.4681529E+03  0.1816425E+04  0.1024219E+02  0.9183364E+02  0.9096571E+00
   04  0.4697807E+03  0.1816433E+04  0.1008050E+02  0.9288427E+02  0.9174111E+00
   04  0.4714084E+03  0.1816441E+04  0.9927705E+01  0.9391511E+02  0.9251663E+00
   04  0.4730362E+03  0.1816448E+04  0.9780670E+01  0.9492313E+02  0.9329089E+00
   04  0.4746639E+03  0.1816456E+04  0.9636620E+01  0.9590770E+02  0.9406135E+00
   04  0.4762916E+03  0.1816464E+04  0.9492858E+01  0.9686830E+02  0.9482608E+00
   04  0.4779194E+03  0.1816471E+04  0.9348043E+01  0.9780435E+02  0.9558369E+00
   04  0.4795471E+03  0.1816479E+04  0.9201449E+01  0.9871514E+02  0.9633365E+00
   04  0.4811749E+03  0.1816486E+04  0.9052522E+01  0.9960013E+02  0.9707687E+00
   04  0.4828026E+03  0.1816494E+04  0.8902456E+01  0.1004588E+03  0.9781458E+00
   04  0.4844303E+03  0.1816501E+04  0.8751782E+01  0.1012907E+03  0.9854966E+00
   04  0.4860581E+03  0.1816508E+04  0.8600584E+01  0.1020948E+03  0.9928607E+00
   04  0.4876858E+03  0.1816516E+04  0.8449872E+01  0.1028708E+03  0.1000277E+01
   04  0.4893136E+03  0.1816523E+04  0.8301064E+01  0.1036182E+03  0.1007786E+01
   04  0.4909413E+03  0.1816531E+04  0.8155990E+01  0.1043364E+03  0.1015432E+01
   04  0.4925691E+03  0.1816539E+04  0.8017128E+01  0.1050247E+03  0.1023256E+01
   04  0.4941968E+03  0.1816547E+04  0.7887537E+01  0.1056816E+03  0.1031302E+01
   04  0.4958245E+03  0.1816555E+04  0.7770791E+01  0.1063053E+03  0.1039613E+01
   04  0.4974523E+03  0.1816564E+04  0.7671005E+01  0.1068931E+03  0.1048229E+01
   04  0.4990800E+03  0.1816573E+04  0.7592622E+01  0.1074417E+03  0.1057188E+01
   04  0.5007078E+03  0.1816582E+04  0.7539842E+01  0.1079474E+03  0.1066519E+01
   04  0.5023355E+03  0.1816592E+04  0.7517195E+01  0.1084064E+03  0.1076246E+01
   04  0.5039632E+03  0.1816602E+04  0.7525290E+01  0.1088155E+03  0.1086361E+01
   04  0.5055910E+03  0.1816612E+04  0.7568799E+01  0.1091717E+03  0.1096878E+01
   04  0.5072187E+03  0.1816623E+04  0.7651149E+01  0.1094723E+03  0.1107781E+01
   04  0.5088465E+03  0.1816635E+04  0.7772091E+01  0.1097153E+03  0.1119034E+01
   04  0.5104742E+03  0.1816646E+04  0.7928917E+01  0.1099006E+03  0.1130597E+01
   04  0.5121020E+03  0.1816658E+04  0.8115304E+01  0.1100295E+03  0.1142429E+01
   04  0.5137297E+03  0.1816670E+04  0.8325004E+01  0.1101030E+03  0.1154501E+01
   04  0.5153574E+03  0.1816682E+04  0.8553165E+01  0.1101227E+03  0.1166787E+01
   04  0.5169852E+03  0.1816695E+04  0.8793325E+01  0.1100912E+03  0.1179246E+01
   04  0.5186129E+03  0.1816707E+04  0.9038258E+01  0.1100121E+03  0.1191833E+01
   04  0.5202407E+03  0.1816720E+04  0.9281587E+01  0.1098892E+03  0.1204492E+01
   04  0.5218684E+03  0.1816733E+04  0.9518984E+01  0.1097266E+03  0.1217182E+01
   04  0.5234961E+03  0.1816745E+04  0.9746599E+01  0.1095285E+03  0.1229868E+01
   04  0.5251239E+03  0.1816758E+04  0.9960259E+01  0.1092996E+03  0.1242508E+01
   04  0.5267516E+03  0.1816771E+04  0.1015341E+02  0.1090441E+03  0.1255040E+01
   04  0.5283794E+03  0.1816783E+04  0.1032301E+02  0.1087663E+03  0.1267418E+01
   04  0.5300071E+03  0.1816795E+04  0.1046837E+02  0.1084701E+03  0.1279597E+01
   04  0.5316349E+03  0.1816807E+04  0.1058746E+02  0.1081600E+03  0.1291522E+01
   04  0.5332626E+03  0.1816819E+04  0.1067796E+02  0.1078409E+03  0.1303131E+01
   04  0.5348903E+03  0.1816830E+04  0.1073768E+02  0.1075170E+03  0.1314363E+01
   04  0.5365181E+03  0.1816841E+04  0.1076599E+02  0.1071919E+03  0.1325174E+01
   04  0.5381458E+03  0.1816851E+04  0.1076172E+02  0.1068692E+03  0.1335517E+01
   04  0.5397736E+03  0.1816861E+04  0.1072551E+02  0.1065516E+03  0.1345364E+01
   04  0.5414013E+03  0.1816870E+04  0.1065724E+02  0.1062404E+03  0.1354702E+01
   04  0.5430290E+03  0.1816879E+04  0.1055956E+02  0.1059351E+03  0.1363555E+01
   04  0.5446568E+03  0.1816887E+04  0.1043604E+02  0.1056322E+03  0.1371957E+01
   04  0.5462845E+03  0.1816895E+04  0.1029413E+02  0.1053276E+03  0.1379966E+01
   04  0.5479123E+03  0.1816903E+04  0.1014138E+02  0.1050166E+03  0.1387643E+01
   04  0.5495400E+03  0.1816911E+04  0.9983919E+01  0.1046953E+03  0.1395042E+01
   04  0.5511678E+03  0.1816918E+04  0.9825781E+01  0.1043600E+03  0.1402215E+01
   04  0.5527955E+03  0.1816925E+04  0.9669233E+01  0.1040074E+03  0.1409205E+01
   04  0.5544232E+03  0.1816932E+04  0.9515185E+01  0.1036347E+03  0.1416051E+01
   04  0.5560510E+03  0.1816938E+04  0.9363679E+01  0.1032396E+03  0.1422788E+01
   04  0.5576787E+03  0.1816945E+04  0.9214202E+01  0.1028204E+03  0.1429444E+01
   04  0.5593065E+03  0.1816952E+04  0.9065669E+01  0.1023753E+03  0.1436046E+01
   04  0.5609342E+03  0.1816958E+04  0.8916438E+01  0.1019026E+03  0.1442611E+01
   04  0.5625619E+03  0.1816965E+04  0.8766320E+01  0.1014006E+03  0.1449140E+01
   04  0.5641897E+03  0.1816971E+04  0.8614589E+01  0.1008676E+03  0.1455631E+01
   04  0.5658174E+03  0.1816978E+04  0.8459980E+01  0.1003020E+03  0.1462080E+01
   04  0.5674452E+03  0.1816984E+04  0.8300997E+01  0.9970217E+02  0.1468482E+01
   04  0.5690729E+03  0.1816990E+04  0.8136050E+01  0.9906651E+02  0.1474836E+01
   04  0.5707007E+03  0.1816997E+04  0.7963459E+01  0.9839405E+02  0.1481141E+01
   04  0.5723284E+03  0.1817003E+04  0.7781344E+01  0.9768459E+02  0.1487403E+01
   04  0.5739561E+03  0.1817009E+04  0.7587608E+01  0.9693884E+02  0.1493632E+01
   04  0.5755839E+03  0.1817015E+04  0.7380142E+01  0.9615839E+02  0.1499844E+01
   04  0.5772116E+03  0.1817022E+04  0.7157253E+01  0.9534536E+02  0.1506056E+01
   04  0.5788394E+03  0.1817028E+04  0.6917948E+01  0.9450166E+02  0.1512280E+01
   04  0.5804671E+03  0.1817034E+04  0.6661476E+01  0.9362749E+02  0.1518509E+01
   04  0.5820948E+03  0.1817040E+04  0.6386369E+01  0.9271955E+02  0.1524699E+01
   04  0.5837226E+03  0.1817046E+04  0.6089665E+01  0.9177166E+02  0.1530779E+01
   04  0.5853503E+03  0.1817052E+04  0.5767779E+01  0.9077770E+02  0.1536672E+01
   04  0.5869781E+03  0.1817058E+04  0.5416808E+01  0.8973191E+02  0.1542305E+01
   04  0.5886058E+03  0.1817063E+04  0.5036163E+01  0.8863269E+02  0.1547634E+01
   04  0.5902336E+03  0.1817068E+04  0.4626700E+01  0.8748658E+02  0.1552673E+01
   04  0.5918613E+03  0.1817073E+04  0.4187926E+01  0.8630565E+02  0.1557482E+01
   04  0.5934890E+03  0.1817078E+04  0.3717658E+01  0.8510215E+02  0.1562128E+01
   04  0.5951168E+03  0.1817082E+04  0.3212580E+01  0.8388170E+02  0.1566625E+01
   04  0.5967445E+03  0.1817086E+04  0.2672840E+01  0.8264099E+02  0.1570912E+01
   04  0.5983723E+03  0.1817090E+04  0.2096154E+01  0.8137625E+02  0.1574963E+01
