# gauge_id= 505 location=( -0.1251000000E+03  0.4150000000E+02 ) num_var=  4
# Stationary gauge
# level, time, q[  1  2  3], eta, aux[]
# file format ascii, time series follow in this file
   02  0.0000000E+00  0.2436365E+04  0.0000000E+00  0.0000000E+00  0.0000000E+00
   02  0.1000000E+01  0.2436365E+04  0.6962816E-14 -0.9739722E-13  0.3126410E+01
   02  0.1142857E+01  0.2436362E+04 -0.5938544E+00 -0.2802996E+00  0.3123586E+01
   02  0.1285714E+01  0.2436359E+04 -0.1186248E+01 -0.5601159E+00  0.3120761E+01
   02  0.1428571E+01  0.2436356E+04 -0.1777184E+01 -0.8394494E+00  0.3117935E+01
   02  0.1571429E+01  0.2436354E+04 -0.2366664E+01 -0.1118301E+01  0.3115109E+01
   02  0.1714286E+01  0.2436351E+04 -0.2954691E+01 -0.1396670E+01  0.3112281E+01
   02  0.1857143E+01  0.2436348E+04 -0.3541266E+01 -0.1674557E+01  0.3109453E+01
   02  0.2000000E+01  0.2436345E+04 -0.4126392E+01 -0.1951963E+01  0.3106624E+01
   02  0.4673503E+02  0.2435499E+04 -0.1752519E+03 -0.7741060E+02  0.2260230E+01
   03  0.9147006E+02  0.2607264E+04 -0.2273235E+03 -0.1213774E+03  0.1523785E+01
   03  0.1004171E+03  0.2607040E+04 -0.2327004E+03 -0.1225990E+03  0.1299581E+01
   03  0.1093641E+03  0.2606878E+04 -0.2355850E+03 -0.1188472E+03  0.1137799E+01
   03  0.1183111E+03  0.2606762E+04 -0.2308732E+03 -0.1116340E+03  0.1021333E+01
   03  0.1272581E+03  0.2606628E+04 -0.2142566E+03 -0.1045259E+03  0.8881304E+00
   03  0.1362051E+03  0.2606446E+04 -0.1853681E+03 -0.9992567E+02  0.7052901E+00
   03  0.1451521E+03  0.2606226E+04 -0.1480328E+03 -0.9757134E+02  0.4853987E+00
   03  0.1540991E+03  0.2606009E+04 -0.1089967E+03 -0.9592615E+02  0.2688937E+00
   03  0.1630461E+03  0.2605835E+04 -0.7467213E+02 -0.9310529E+02  0.9437367E-01
   03  0.1719931E+03  0.2605725E+04 -0.4845802E+02 -0.8724267E+02 -0.1566436E-01
   04  0.1809401E+03  0.2623435E+04 -0.2353955E+02 -0.8114924E+02 -0.1135037E+00
   04  0.1824313E+03  0.2623438E+04 -0.1965236E+02 -0.7654978E+02 -0.1108491E+00
   04  0.1839225E+03  0.2623447E+04 -0.1736051E+02 -0.7220038E+02 -0.1018815E+00
   04  0.1854136E+03  0.2623458E+04 -0.1618035E+02 -0.6847110E+02 -0.9063276E-01
   04  0.1869048E+03  0.2623468E+04 -0.1560219E+02 -0.6533841E+02 -0.8022897E-01
   04  0.1883960E+03  0.2623477E+04 -0.1533178E+02 -0.6266113E+02 -0.7132496E-01
   04  0.1898871E+03  0.2623485E+04 -0.1520772E+02 -0.6030527E+02 -0.6367307E-01
   04  0.1913783E+03  0.2623492E+04 -0.1505874E+02 -0.5814147E+02 -0.5671076E-01
   04  0.1928695E+03  0.2623499E+04 -0.1471868E+02 -0.5603025E+02 -0.4981365E-01
   04  0.1943606E+03  0.2623506E+04 -0.1408367E+02 -0.5382792E+02 -0.4224505E-01
   04  0.1958518E+03  0.2623516E+04 -0.1316606E+02 -0.5139737E+02 -0.3312314E-01
   04  0.1973430E+03  0.2623527E+04 -0.1210088E+02 -0.4863197E+02 -0.2154897E-01
   04  0.1988341E+03  0.2623542E+04 -0.1106184E+02 -0.4546985E+02 -0.6706175E-02
   04  0.2003253E+03  0.2623560E+04 -0.1021413E+02 -0.4191190E+02  0.1157240E-01
   04  0.2018165E+03  0.2623581E+04 -0.9662375E+01 -0.3803928E+02  0.3263306E-01
   04  0.2033076E+03  0.2623604E+04 -0.9430202E+01 -0.3398565E+02  0.5514828E-01
   04  0.2047988E+03  0.2623626E+04 -0.9468993E+01 -0.2991865E+02  0.7768778E-01
   04  0.2062900E+03  0.2623648E+04 -0.9692978E+01 -0.2599216E+02  0.9910699E-01
   04  0.2077811E+03  0.2623667E+04 -0.1001544E+02 -0.2231197E+02  0.1187260E+00
   04  0.2092723E+03  0.2623685E+04 -0.1037564E+02 -0.1892338E+02  0.1362340E+00
   04  0.2107635E+03  0.2623700E+04 -0.1073354E+02 -0.1581880E+02  0.1516162E+00
   04  0.2122546E+03  0.2623714E+04 -0.1107490E+02 -0.1293951E+02  0.1650568E+00
   04  0.2137458E+03  0.2623726E+04 -0.1140062E+02 -0.1021283E+02  0.1769571E+00
   04  0.2152370E+03  0.2623736E+04 -0.1171800E+02 -0.7561056E+01  0.1878726E+00
   04  0.2167281E+03  0.2623747E+04 -0.1203428E+02 -0.4907901E+01  0.1984370E+00
   04  0.2182193E+03  0.2623758E+04 -0.1235232E+02 -0.2186347E+01  0.2092845E+00
   04  0.2197105E+03  0.2623770E+04 -0.1267883E+02  0.6512865E+00  0.2210041E+00
   04  0.2212017E+03  0.2623783E+04 -0.1301807E+02  0.3625376E+01  0.2339838E+00
   04  0.2226928E+03  0.2623797E+04 -0.1337103E+02  0.6724541E+01  0.2483175E+00
   04  0.2241840E+03  0.2623812E+04 -0.1373911E+02  0.9908690E+01  0.2638037E+00
   04  0.2256752E+03  0.2623829E+04 -0.1412649E+02  0.1311835E+02  0.2800248E+00
   04  0.2271663E+03  0.2623845E+04 -0.1454018E+02  0.1628561E+02  0.2964932E+00
   04  0.2286575E+03  0.2623861E+04 -0.1498764E+02  0.1935117E+02  0.3127532E+00
   04  0.2301487E+03  0.2623877E+04 -0.1547610E+02  0.2227574E+02  0.3284545E+00
   04  0.2316398E+03  0.2623892E+04 -0.1601131E+02  0.2504520E+02  0.3433885E+00
   04  0.2331310E+03  0.2623906E+04 -0.1659688E+02  0.2767004E+02  0.3574853E+00
   04  0.2346222E+03  0.2623919E+04 -0.1723268E+02  0.3017769E+02  0.3707836E+00
   04  0.2361133E+03  0.2623932E+04 -0.1792085E+02  0.3261165E+02  0.3833848E+00
   04  0.2376045E+03  0.2623944E+04 -0.1866336E+02  0.3501999E+02  0.3954314E+00
   04  0.2390957E+03  0.2623956E+04 -0.1946011E+02  0.3744473E+02  0.4070680E+00
   04  0.2405868E+03  0.2623967E+04 -0.2030818E+02  0.3991651E+02  0.4184340E+00
   04  0.2420780E+03  0.2623978E+04 -0.2119921E+02  0.4245201E+02  0.4296531E+00
   04  0.2435692E+03  0.2623989E+04 -0.2211926E+02  0.4505330E+02  0.4408215E+00
   04  0.2450603E+03  0.2624001E+04 -0.2304257E+02  0.4770602E+02  0.4519302E+00
   04  0.2465515E+03  0.2624012E+04 -0.2394060E+02  0.5038243E+02  0.4629148E+00
   04  0.2480427E+03  0.2624022E+04 -0.2477862E+02  0.5304117E+02  0.4736090E+00
   04  0.2495338E+03  0.2624032E+04 -0.2551859E+02  0.5562876E+02  0.4837377E+00
   04  0.2510250E+03  0.2624042E+04 -0.2613049E+02  0.5809113E+02  0.4929695E+00
   04  0.2525162E+03  0.2624050E+04 -0.2658903E+02  0.6037834E+02  0.5010621E+00
   04  0.2540073E+03  0.2624057E+04 -0.2690180E+02  0.6247130E+02  0.5079669E+00
   04  0.2554985E+03  0.2624062E+04 -0.2709743E+02  0.6438478E+02  0.5138689E+00
   04  0.2569897E+03  0.2624068E+04 -0.2721564E+02  0.6616559E+02  0.5191468E+00
   04  0.2584808E+03  0.2624073E+04 -0.2730235E+02  0.6788420E+02  0.5242997E+00
   04  0.2599720E+03  0.2624079E+04 -0.2740428E+02  0.6962362E+02  0.5298824E+00
   04  0.2614632E+03  0.2624085E+04 -0.2756652E+02  0.7146778E+02  0.5364332E+00
   04  0.2629543E+03  0.2624093E+04 -0.2783038E+02  0.7349044E+02  0.5444033E+00
   04  0.2644455E+03  0.2624103E+04 -0.2822871E+02  0.7574506E+02  0.5541012E+00
   04  0.2659367E+03  0.2624114E+04 -0.2878130E+02  0.7825721E+02  0.5656492E+00
   04  0.2674278E+03  0.2624128E+04 -0.2949150E+02  0.8102080E+02  0.5789649E+00
   04  0.2689190E+03  0.2624142E+04 -0.3034621E+02  0.8399989E+02  0.5937792E+00
   04  0.2704102E+03  0.2624158E+04 -0.3132003E+02  0.8713770E+02  0.6097059E+00
   04  0.2719014E+03  0.2624175E+04 -0.3237511E+02  0.9036495E+02  0.6262738E+00
   04  0.2733925E+03  0.2624192E+04 -0.3347906E+02  0.9361315E+02  0.6430721E+00
   04  0.2748837E+03  0.2624208E+04 -0.3460412E+02  0.9682557E+02  0.6597863E+00
   04  0.2763749E+03  0.2624225E+04 -0.3572762E+02  0.9996203E+02  0.6762110E+00
   04  0.2778660E+03  0.2624241E+04 -0.3683381E+02  0.1029993E+03  0.6922485E+00
   04  0.2793572E+03  0.2624257E+04 -0.3791322E+02  0.1059288E+03  0.7078848E+00
   04  0.2808484E+03  0.2624272E+04 -0.3896058E+02  0.1087523E+03  0.7231528E+00
   04  0.2823395E+03  0.2624287E+04 -0.3997265E+02  0.1114777E+03  0.7380968E+00
   04  0.2838307E+03  0.2624301E+04 -0.4094682E+02  0.1141160E+03  0.7527460E+00
   04  0.2853219E+03  0.2624316E+04 -0.4188034E+02  0.1166783E+03  0.7670998E+00
   04  0.2868130E+03  0.2624330E+04 -0.4276937E+02  0.1191750E+03  0.7811256E+00
   04  0.2883042E+03  0.2624343E+04 -0.4361238E+02  0.1216169E+03  0.7947907E+00
   04  0.2897954E+03  0.2624357E+04 -0.4440999E+02  0.1240155E+03  0.8080695E+00
   04  0.2912865E+03  0.2624370E+04 -0.4516452E+02  0.1263825E+03  0.8209509E+00
   04  0.2927777E+03  0.2624382E+04 -0.4587914E+02  0.1287292E+03  0.8334440E+00
   04  0.2942689E+03  0.2624394E+04 -0.4655696E+02  0.1310651E+03  0.8455795E+00
   04  0.2957600E+03  0.2624406E+04 -0.4720047E+02  0.1333968E+03  0.8574008E+00
   04  0.2972512E+03  0.2624418E+04 -0.4781230E+02  0.1357269E+03  0.8689544E+00
   04  0.2987424E+03  0.2624429E+04 -0.4839628E+02  0.1380534E+03  0.8802810E+00
   04  0.3002335E+03  0.2624440E+04 -0.4895787E+02  0.1403711E+03  0.8914114E+00
   04  0.3017247E+03  0.2624451E+04 -0.4950416E+02  0.1426719E+03  0.9023644E+00
   04  0.3032159E+03  0.2624462E+04 -0.5004348E+02  0.1449464E+03  0.9131464E+00
   04  0.3047070E+03  0.2624472E+04 -0.5058457E+02  0.1471851E+03  0.9237536E+00
   04  0.3061982E+03  0.2624483E+04 -0.5113548E+02  0.1493790E+03  0.9341767E+00
   04  0.3076894E+03  0.2624493E+04 -0.5170261E+02  0.1515216E+03  0.9444080E+00
   04  0.3091805E+03  0.2624503E+04 -0.5229028E+02  0.1536094E+03  0.9544495E+00
   04  0.3106717E+03  0.2624513E+04 -0.5290062E+02  0.1556433E+03  0.9643211E+00
   04  0.3121629E+03  0.2624523E+04 -0.5353363E+02  0.1576283E+03  0.9740678E+00
   04  0.3136540E+03  0.2624532E+04 -0.5418765E+02  0.1595746E+03  0.9837634E+00
   04  0.3151452E+03  0.2624542E+04 -0.5486012E+02  0.1614959E+03  0.9935071E+00
   04  0.3165017E+03  0.2624551E+04 -0.5548584E+02  0.1632347E+03  0.1002511E+01
   04  0.3178581E+03  0.2624560E+04 -0.5612393E+02  0.1649800E+03  0.1011738E+01
   04  0.3192146E+03  0.2624570E+04 -0.5677248E+02  0.1667441E+03  0.1021261E+01
   04  0.3205710E+03  0.2624580E+04 -0.5743037E+02  0.1685372E+03  0.1031130E+01
   04  0.3219275E+03  0.2624590E+04 -0.5809751E+02  0.1703662E+03  0.1041359E+01
   04  0.3232839E+03  0.2624601E+04 -0.5877461E+02  0.1722337E+03  0.1051925E+01
   04  0.3246404E+03  0.2624611E+04 -0.5946272E+02  0.1741374E+03  0.1062770E+01
   04  0.3259968E+03  0.2624622E+04 -0.6016296E+02  0.1760706E+03  0.1073802E+01
   04  0.3273533E+03  0.2624634E+04 -0.6087619E+02  0.1780221E+03  0.1084910E+01
   04  0.3287097E+03  0.2624645E+04 -0.6160275E+02  0.1799777E+03  0.1095969E+01
   04  0.3300662E+03  0.2624655E+04 -0.6234215E+02  0.1819217E+03  0.1106854E+01
   04  0.3314226E+03  0.2624666E+04 -0.6309289E+02  0.1838380E+03  0.1117450E+01
   04  0.3327791E+03  0.2624676E+04 -0.6385226E+02  0.1857117E+03  0.1127664E+01
   04  0.3341355E+03  0.2624686E+04 -0.6461633E+02  0.1875305E+03  0.1137425E+01
   04  0.3354920E+03  0.2624695E+04 -0.6538019E+02  0.1892850E+03  0.1146689E+01
   04  0.3368484E+03  0.2624704E+04 -0.6613829E+02  0.1909692E+03  0.1155436E+01
   04  0.3382049E+03  0.2624712E+04 -0.6688483E+02  0.1925799E+03  0.1163667E+01
   04  0.3395613E+03  0.2624720E+04 -0.6761412E+02  0.1941167E+03  0.1171396E+01
   04  0.3409178E+03  0.2624727E+04 -0.6832106E+02  0.1955809E+03  0.1178644E+01
   04  0.3422742E+03  0.2624734E+04 -0.6900150E+02  0.1969754E+03  0.1185436E+01
   04  0.3436307E+03  0.2624740E+04 -0.6965274E+02  0.1983036E+03  0.1191794E+01
   04  0.3449871E+03  0.2624746E+04 -0.7027371E+02  0.1995695E+03  0.1197738E+01
   04  0.3463436E+03  0.2624752E+04 -0.7086505E+02  0.2007773E+03  0.1203287E+01
   04  0.3477000E+03  0.2624757E+04 -0.7142905E+02  0.2019318E+03  0.1208463E+01
   04  0.3490565E+03  0.2624762E+04 -0.7196937E+02  0.2030380E+03  0.1213288E+01
   04  0.3504130E+03  0.2624766E+04 -0.7249079E+02  0.2041018E+03  0.1217794E+01
   04  0.3517694E+03  0.2624771E+04 -0.7299880E+02  0.2051298E+03  0.1222016E+01
   04  0.3531259E+03  0.2624775E+04 -0.7349915E+02  0.2061290E+03  0.1225998E+01
   04  0.3544823E+03  0.2624778E+04 -0.7399741E+02  0.2071068E+03  0.1229792E+01
   04  0.3558388E+03  0.2624782E+04 -0.7449859E+02  0.2080704E+03  0.1233452E+01
   04  0.3574665E+03  0.2624786E+04 -0.7511004E+02  0.2092190E+03  0.1237745E+01
   04  0.3590942E+03  0.2624791E+04 -0.7573296E+02  0.2103653E+03  0.1242017E+01
   04  0.3607220E+03  0.2624795E+04 -0.7637132E+02  0.2115162E+03  0.1246348E+01
   04  0.3623497E+03  0.2624799E+04 -0.7702514E+02  0.2126748E+03  0.1250788E+01
   04  0.3639775E+03  0.2624804E+04 -0.7769035E+02  0.2138409E+03  0.1255362E+01
   04  0.3656052E+03  0.2624809E+04 -0.7836103E+02  0.2150106E+03  0.1260058E+01
   04  0.3672329E+03  0.2624813E+04 -0.7903081E+02  0.2161771E+03  0.1264837E+01
   04  0.3688607E+03  0.2624818E+04 -0.7969360E+02  0.2173323E+03  0.1269641E+01
   04  0.3704884E+03  0.2624823E+04 -0.8034431E+02  0.2184674E+03  0.1274408E+01
   04  0.3721162E+03  0.2624828E+04 -0.8097972E+02  0.2195752E+03  0.1279082E+01
   04  0.3737439E+03  0.2624832E+04 -0.8159872E+02  0.2206506E+03  0.1283620E+01
   04  0.3753717E+03  0.2624837E+04 -0.8220192E+02  0.2216916E+03  0.1287993E+01
   04  0.3769994E+03  0.2624841E+04 -0.8279077E+02  0.2226992E+03  0.1292192E+01
   04  0.3786271E+03  0.2624845E+04 -0.8336671E+02  0.2236768E+03  0.1296217E+01
   04  0.3802549E+03  0.2624849E+04 -0.8393047E+02  0.2246295E+03  0.1300077E+01
   04  0.3818826E+03  0.2624852E+04 -0.8448179E+02  0.2255629E+03  0.1303781E+01
   04  0.3835104E+03  0.2624856E+04 -0.8501937E+02  0.2264819E+03  0.1307341E+01
   04  0.3851381E+03  0.2624859E+04 -0.8554111E+02  0.2273903E+03  0.1310760E+01
   04  0.3867658E+03  0.2624863E+04 -0.8604461E+02  0.2282902E+03  0.1314042E+01
   04  0.3883936E+03  0.2624866E+04 -0.8652759E+02  0.2291822E+03  0.1317184E+01
   04  0.3900213E+03  0.2624869E+04 -0.8698842E+02  0.2300656E+03  0.1320183E+01
   04  0.3916491E+03  0.2624872E+04 -0.8742651E+02  0.2309392E+03  0.1323038E+01
   04  0.3932768E+03  0.2624874E+04 -0.8784248E+02  0.2318021E+03  0.1325754E+01
   04  0.3949046E+03  0.2624877E+04 -0.8823814E+02  0.2326541E+03  0.1328345E+01
   04  0.3965323E+03  0.2624879E+04 -0.8861627E+02  0.2334960E+03  0.1330833E+01
   04  0.3981600E+03  0.2624882E+04 -0.8898010E+02  0.2343299E+03  0.1333252E+01
   04  0.3997878E+03  0.2624884E+04 -0.8933280E+02  0.2351590E+03  0.1335636E+01
   04  0.4014155E+03  0.2624887E+04 -0.8967697E+02  0.2359866E+03  0.1338020E+01
   04  0.4030433E+03  0.2624889E+04 -0.9001424E+02  0.2368158E+03  0.1340427E+01
   04  0.4046710E+03  0.2624891E+04 -0.9034505E+02  0.2376488E+03  0.1342868E+01
   04  0.4062987E+03  0.2624894E+04 -0.9066859E+02  0.2384862E+03  0.1345336E+01
   04  0.4079265E+03  0.2624896E+04 -0.9098295E+02  0.2393271E+03  0.1347807E+01
   04  0.4095542E+03  0.2624899E+04 -0.9128540E+02  0.2401693E+03  0.1350244E+01
   04  0.4111820E+03  0.2624901E+04 -0.9157272E+02  0.2410091E+03  0.1352601E+01
   04  0.4128097E+03  0.2624903E+04 -0.9184159E+02  0.2418423E+03  0.1354830E+01
   04  0.4144375E+03  0.2624906E+04 -0.9208894E+02  0.2426642E+03  0.1356888E+01
   04  0.4160652E+03  0.2624907E+04 -0.9231219E+02  0.2434706E+03  0.1358741E+01
   04  0.4176929E+03  0.2624909E+04 -0.9250933E+02  0.2442576E+03  0.1360366E+01
   04  0.4193207E+03  0.2624910E+04 -0.9267887E+02  0.2450214E+03  0.1361750E+01
   04  0.4209484E+03  0.2624912E+04 -0.9281966E+02  0.2457589E+03  0.1362888E+01
   04  0.4225762E+03  0.2624912E+04 -0.9293075E+02  0.2464661E+03  0.1363777E+01
   04  0.4242039E+03  0.2624913E+04 -0.9301133E+02  0.2471389E+03  0.1364413E+01
   04  0.4258316E+03  0.2624913E+04 -0.9306075E+02  0.2477718E+03  0.1364786E+01
   04  0.4274594E+03  0.2624914E+04 -0.9307864E+02  0.2483586E+03  0.1364879E+01
   04  0.4290871E+03  0.2624913E+04 -0.9306495E+02  0.2488923E+03  0.1364667E+01
   04  0.4307149E+03  0.2624913E+04 -0.9301993E+02  0.2493656E+03  0.1364120E+01
   04  0.4323426E+03  0.2624912E+04 -0.9294426E+02  0.2497718E+03  0.1363206E+01
   04  0.4339704E+03  0.2624911E+04 -0.9283910E+02  0.2501051E+03  0.1361894E+01
   04  0.4355981E+03  0.2624909E+04 -0.9270608E+02  0.2503617E+03  0.1360158E+01
   04  0.4372258E+03  0.2624907E+04 -0.9254717E+02  0.2505395E+03  0.1357980E+01
   04  0.4388536E+03  0.2624904E+04 -0.9236436E+02  0.2506388E+03  0.1355348E+01
   04  0.4404813E+03  0.2624901E+04 -0.9215937E+02  0.2506607E+03  0.1352255E+01
   04  0.4421091E+03  0.2624897E+04 -0.9193336E+02  0.2506072E+03  0.1348691E+01
   04  0.4437368E+03  0.2624893E+04 -0.9168676E+02  0.2504805E+03  0.1344640E+01
   04  0.4453645E+03  0.2624889E+04 -0.9141915E+02  0.2502825E+03  0.1340088E+01
   04  0.4469923E+03  0.2624884E+04 -0.9112910E+02  0.2500159E+03  0.1335022E+01
   04  0.4486200E+03  0.2624878E+04 -0.9081468E+02  0.2496838E+03  0.1329439E+01
   04  0.4502478E+03  0.2624872E+04 -0.9047527E+02  0.2492877E+03  0.1323334E+01
   04  0.4518755E+03  0.2624865E+04 -0.9011299E+02  0.2488272E+03  0.1316699E+01
   04  0.4535033E+03  0.2624858E+04 -0.8973186E+02  0.2483019E+03  0.1309541E+01
   04  0.4551310E+03  0.2624851E+04 -0.8933483E+02  0.2477152E+03  0.1301908E+01
   04  0.4567587E+03  0.2624843E+04 -0.8892168E+02  0.2470750E+03  0.1293897E+01
   04  0.4583865E+03  0.2624834E+04 -0.8849043E+02  0.2463923E+03  0.1285634E+01
   04  0.4600142E+03  0.2624826E+04 -0.8803903E+02  0.2456778E+03  0.1277247E+01
   04  0.4616420E+03  0.2624817E+04 -0.8756793E+02  0.2449387E+03  0.1268836E+01
   04  0.4632697E+03  0.2624809E+04 -0.8707989E+02  0.2441776E+03  0.1260470E+01
   04  0.4648974E+03  0.2624801E+04 -0.8657904E+02  0.2433943E+03  0.1252191E+01
   04  0.4665252E+03  0.2624793E+04 -0.8607046E+02  0.2425880E+03  0.1244019E+01
   04  0.4681529E+03  0.2624785E+04 -0.8555943E+02  0.2417588E+03  0.1235962E+01
   04  0.4697807E+03  0.2624777E+04 -0.8505008E+02  0.2409088E+03  0.1228030E+01
   04  0.4714084E+03  0.2624769E+04 -0.8454447E+02  0.2400417E+03  0.1220232E+01
   04  0.4730362E+03  0.2624761E+04 -0.8404304E+02  0.2391624E+03  0.1212576E+01
   04  0.4746639E+03  0.2624754E+04 -0.8354571E+02  0.2382759E+03  0.1205066E+01
   04  0.4762916E+03  0.2624746E+04 -0.8305251E+02  0.2373874E+03  0.1197694E+01
   04  0.4779194E+03  0.2624739E+04 -0.8256404E+02  0.2365008E+03  0.1190442E+01
   04  0.4795471E+03  0.2624732E+04 -0.8208172E+02  0.2356187E+03  0.1183279E+01
   04  0.4811749E+03  0.2624725E+04 -0.8160732E+02  0.2347425E+03  0.1176173E+01
   04  0.4828026E+03  0.2624718E+04 -0.8114237E+02  0.2338726E+03  0.1169095E+01
   04  0.4844303E+03  0.2624711E+04 -0.8068820E+02  0.2330078E+03  0.1162020E+01
   04  0.4860581E+03  0.2624704E+04 -0.8024585E+02  0.2321457E+03  0.1154926E+01
   04  0.4876858E+03  0.2624696E+04 -0.7981561E+02  0.2312839E+03  0.1147806E+01
   04  0.4893136E+03  0.2624689E+04 -0.7939722E+02  0.2304202E+03  0.1140661E+01
   04  0.4909413E+03  0.2624682E+04 -0.7899077E+02  0.2295498E+03  0.1133479E+01
   04  0.4925691E+03  0.2624675E+04 -0.7859646E+02  0.2286683E+03  0.1126258E+01
   04  0.4941968E+03  0.2624668E+04 -0.7821347E+02  0.2277725E+03  0.1118999E+01
   04  0.4958245E+03  0.2624660E+04 -0.7784013E+02  0.2268589E+03  0.1111702E+01
   04  0.4974523E+03  0.2624653E+04 -0.7747432E+02  0.2259237E+03  0.1104360E+01
   04  0.4990800E+03  0.2624646E+04 -0.7711298E+02  0.2249655E+03  0.1096976E+01
   04  0.5007078E+03  0.2624638E+04 -0.7675322E+02  0.2239834E+03  0.1089555E+01
   04  0.5023355E+03  0.2624631E+04 -0.7639248E+02  0.2229751E+03  0.1082094E+01
   04  0.5039632E+03  0.2624623E+04 -0.7602861E+02  0.2219372E+03  0.1074580E+01
   04  0.5055910E+03  0.2624616E+04 -0.7565944E+02  0.2208686E+03  0.1067009E+01
   04  0.5072187E+03  0.2624608E+04 -0.7528357E+02  0.2197704E+03  0.1059384E+01
   04  0.5088465E+03  0.2624600E+04 -0.7490087E+02  0.2186441E+03  0.1051701E+01
   04  0.5104742E+03  0.2624593E+04 -0.7451102E+02  0.2174890E+03  0.1043943E+01
   04  0.5121020E+03  0.2624585E+04 -0.7411427E+02  0.2163076E+03  0.1036114E+01
   04  0.5137297E+03  0.2624577E+04 -0.7371106E+02  0.2151049E+03  0.1028230E+01
   04  0.5153574E+03  0.2624569E+04 -0.7330323E+02  0.2138796E+03  0.1020278E+01
   04  0.5169852E+03  0.2624561E+04 -0.7289287E+02  0.2126325E+03  0.1012259E+01
   04  0.5186129E+03  0.2624553E+04 -0.7248257E+02  0.2113642E+03  0.1004178E+01
   04  0.5202407E+03  0.2624545E+04 -0.7207494E+02  0.2100743E+03  0.9960488E+00
   04  0.5218684E+03  0.2624537E+04 -0.7167227E+02  0.2087630E+03  0.9878898E+00
   04  0.5234961E+03  0.2624528E+04 -0.7127679E+02  0.2074317E+03  0.9797259E+00
   04  0.5251239E+03  0.2624520E+04 -0.7089119E+02  0.2060821E+03  0.9715868E+00
   04  0.5267516E+03  0.2624512E+04 -0.7051752E+02  0.2047223E+03  0.9635279E+00
   04  0.5283794E+03  0.2624504E+04 -0.7015774E+02  0.2033618E+03  0.9556094E+00
   04  0.5300071E+03  0.2624497E+04 -0.6981327E+02  0.2020134E+03  0.9479032E+00
   04  0.5316349E+03  0.2624489E+04 -0.6948536E+02  0.2006913E+03  0.9404784E+00
   04  0.5332626E+03  0.2624482E+04 -0.6917323E+02  0.1994019E+03  0.9333578E+00
   04  0.5348903E+03  0.2624475E+04 -0.6887581E+02  0.1981539E+03  0.9265671E+00
   04  0.5365181E+03  0.2624469E+04 -0.6859205E+02  0.1969557E+03  0.9201261E+00
   04  0.5381458E+03  0.2624463E+04 -0.6832088E+02  0.1958151E+03  0.9140495E+00
   04  0.5397736E+03  0.2624457E+04 -0.6806028E+02  0.1947413E+03  0.9083563E+00
   04  0.5414013E+03  0.2624452E+04 -0.6780952E+02  0.1937328E+03  0.9030111E+00
   04  0.5430290E+03  0.2624447E+04 -0.6756731E+02  0.1927869E+03  0.8979763E+00
   04  0.5446568E+03  0.2624442E+04 -0.6733211E+02  0.1918978E+03  0.8931969E+00
   04  0.5462845E+03  0.2624437E+04 -0.6710274E+02  0.1910565E+03  0.8886035E+00
   04  0.5479123E+03  0.2624433E+04 -0.6687854E+02  0.1902533E+03  0.8841261E+00
   04  0.5495400E+03  0.2624428E+04 -0.6665828E+02  0.1894790E+03  0.8797069E+00
   04  0.5511678E+03  0.2624424E+04 -0.6644061E+02  0.1887264E+03  0.8752985E+00
   04  0.5527955E+03  0.2624419E+04 -0.6622465E+02  0.1879891E+03  0.8708638E+00
   04  0.5544232E+03  0.2624415E+04 -0.6601061E+02  0.1872617E+03  0.8663728E+00
   04  0.5560510E+03  0.2624410E+04 -0.6579936E+02  0.1865407E+03  0.8618048E+00
   04  0.5576787E+03  0.2624406E+04 -0.6559151E+02  0.1858242E+03  0.8571506E+00
   04  0.5593065E+03  0.2624401E+04 -0.6538720E+02  0.1851122E+03  0.8524118E+00
   04  0.5609342E+03  0.2624396E+04 -0.6518681E+02  0.1844053E+03  0.8475934E+00
   04  0.5625619E+03  0.2624391E+04 -0.6499120E+02  0.1837051E+03  0.8427025E+00
   04  0.5641897E+03  0.2624386E+04 -0.6480121E+02  0.1830133E+03  0.8377510E+00
   04  0.5658174E+03  0.2624381E+04 -0.6461705E+02  0.1823324E+03  0.8327576E+00
   04  0.5674452E+03  0.2624376E+04 -0.6443830E+02  0.1816646E+03  0.8277479E+00
   04  0.5690729E+03  0.2624371E+04 -0.6426367E+02  0.1810124E+03  0.8227541E+00
   04  0.5707007E+03  0.2624366E+04 -0.6409145E+02  0.1803786E+03  0.8178098E+00
   04  0.5723284E+03  0.2624362E+04 -0.6392065E+02  0.1797649E+03  0.8129407E+00
   04  0.5739561E+03  0.2624357E+04 -0.6375044E+02  0.1791721E+03  0.8081695E+00
   04  0.5755839E+03  0.2624352E+04 -0.6357981E+02  0.1785999E+03  0.8035143E+00
   04  0.5772116E+03  0.2624348E+04 -0.6340797E+02  0.1780468E+03  0.7989848E+00
   04  0.5788394E+03  0.2624343E+04 -0.6323431E+02  0.1775102E+03  0.7945827E+00
   04  0.5804671E+03  0.2624339E+04 -0.6305857E+02  0.1769868E+03  0.7903030E+00
   04  0.5820948E+03  0.2624335E+04 -0.6288096E+02  0.1764718E+03  0.7861326E+00
   04  0.5837226E+03  0.2624331E+04 -0.6270222E+02  0.1759603E+03  0.7820513E+00
   04  0.5853503E+03  0.2624327E+04 -0.6252371E+02  0.1754460E+03  0.7780298E+00
   04  0.5869781E+03  0.2624323E+04 -0.6234633E+02  0.1749232E+03  0.7740436E+00
   04  0.5886058E+03  0.2624319E+04 -0.6217031E+02  0.1743865E+03  0.7700723E+00
   04  0.5902336E+03  0.2624315E+04 -0.6199586E+02  0.1738295E+03  0.7660899E+00
   04  0.5918613E+03  0.2624311E+04 -0.6182319E+02  0.1732472E+03  0.7620783E+00
   04  0.5934890E+03  0.2624307E+04 -0.6165184E+02  0.1726353E+03  0.7580275E+00
   04  0.5951168E+03  0.2624303E+04 -0.6148174E+02  0.1719876E+03  0.7539186E+00
   04  0.5967445E+03  0.2624298E+04 -0.6131208E+02  0.1713028E+03  0.7497579E+00
   04  0.5983723E+03  0.2624294E+04 -0.6114211E+02  0.1705800E+03  0.7455557E+00
