# gauge_id= 613 location=( -0.1242110343E+03  0.4176499358E+02 ) num_var=  4
# Stationary gauge
# level, time, q[  1  2  3], eta, aux[]
# file format ascii, time series follow in this file
   04  0.0000000E+00  0.1420489E+02  0.0000000E+00  0.0000000E+00  0.0000000E+00
   04  0.1000000E+01  0.1420489E+02  0.9047892E-17  0.6301804E-16 -0.1457734E+01
   04  0.1015873E+01  0.1420489E+02 -0.3417306E-05 -0.1446711E-04 -0.1457734E+01
   04  0.1031746E+01  0.1420489E+02 -0.6834048E-05 -0.2893564E-04 -0.1457734E+01
   04  0.1047619E+01  0.1420489E+02 -0.1025022E-04 -0.4340557E-04 -0.1457734E+01
   04  0.1063492E+01  0.1420489E+02 -0.1366584E-04 -0.5787690E-04 -0.1457734E+01
   04  0.1079365E+01  0.1420489E+02 -0.1708089E-04 -0.7234965E-04 -0.1457734E+01
   04  0.1095238E+01  0.1420489E+02 -0.2049537E-04 -0.8682379E-04 -0.1457734E+01
   04  0.1111111E+01  0.1420489E+02 -0.2390929E-04 -0.1012993E-03 -0.1457734E+01
   04  0.1126984E+01  0.1420489E+02 -0.2732265E-04 -0.1157763E-03 -0.1457734E+01
   04  0.1142857E+01  0.1420489E+02 -0.3073544E-04 -0.1302546E-03 -0.1457734E+01
   04  0.1158730E+01  0.1420489E+02 -0.3414768E-04 -0.1447344E-03 -0.1457734E+01
   04  0.1174603E+01  0.1420489E+02 -0.3755934E-04 -0.1592156E-03 -0.1457735E+01
   04  0.1190476E+01  0.1420489E+02 -0.4097045E-04 -0.1736981E-03 -0.1457735E+01
   04  0.1206349E+01  0.1420489E+02 -0.4438099E-04 -0.1881821E-03 -0.1457735E+01
   04  0.1222222E+01  0.1420489E+02 -0.4779097E-04 -0.2026674E-03 -0.1457735E+01
   04  0.1238095E+01  0.1420489E+02 -0.5120039E-04 -0.2171542E-03 -0.1457735E+01
   04  0.1253968E+01  0.1420489E+02 -0.5460924E-04 -0.2316423E-03 -0.1457735E+01
   04  0.1269841E+01  0.1420489E+02 -0.5801754E-04 -0.2461318E-03 -0.1457735E+01
   04  0.1285714E+01  0.1420489E+02 -0.6142527E-04 -0.2606228E-03 -0.1457735E+01
   04  0.1301587E+01  0.1420489E+02 -0.6483244E-04 -0.2751151E-03 -0.1457735E+01
   04  0.1317460E+01  0.1420489E+02 -0.6823905E-04 -0.2896088E-03 -0.1457735E+01
   04  0.1333333E+01  0.1420489E+02 -0.7164510E-04 -0.3041039E-03 -0.1457735E+01
   04  0.1349206E+01  0.1420489E+02 -0.7505058E-04 -0.3186004E-03 -0.1457735E+01
   04  0.1365079E+01  0.1420489E+02 -0.7845551E-04 -0.3330983E-03 -0.1457735E+01
   04  0.1380952E+01  0.1420489E+02 -0.8185987E-04 -0.3475975E-03 -0.1457735E+01
   04  0.1396825E+01  0.1420489E+02 -0.8526368E-04 -0.3620982E-03 -0.1457735E+01
   04  0.1412698E+01  0.1420489E+02 -0.8866692E-04 -0.3766002E-03 -0.1457735E+01
   04  0.1428571E+01  0.1420489E+02 -0.9206960E-04 -0.3911037E-03 -0.1457735E+01
   04  0.1476190E+01  0.1420489E+02 -0.1022774E-03 -0.4346179E-03 -0.1457735E+01
   04  0.1523810E+01  0.1420489E+02 -0.1124801E-03 -0.4781446E-03 -0.1457735E+01
   04  0.1571429E+01  0.1420489E+02 -0.1226779E-03 -0.5216837E-03 -0.1457735E+01
   04  0.1619048E+01  0.1420489E+02 -0.1328705E-03 -0.5652353E-03 -0.1457735E+01
   04  0.1666667E+01  0.1420489E+02 -0.1430582E-03 -0.6087991E-03 -0.1457735E+01
   04  0.1714286E+01  0.1420489E+02 -0.1532408E-03 -0.6523754E-03 -0.1457735E+01
   04  0.1761905E+01  0.1420489E+02 -0.1634185E-03 -0.6959639E-03 -0.1457735E+01
   04  0.1809524E+01  0.1420489E+02 -0.1735911E-03 -0.7395647E-03 -0.1457736E+01
   04  0.1857143E+01  0.1420489E+02 -0.1837587E-03 -0.7831778E-03 -0.1457736E+01
   04  0.1904762E+01  0.1420489E+02 -0.1939213E-03 -0.8268032E-03 -0.1457736E+01
   04  0.1952381E+01  0.1420489E+02 -0.2040789E-03 -0.8704407E-03 -0.1457736E+01
   04  0.2000000E+01  0.1420489E+02 -0.2142315E-03 -0.9140905E-03 -0.1457736E+01
   04  0.5727919E+01  0.1420489E+02 -0.1020876E-02 -0.4330014E-02 -0.1457741E+01
   04  0.9455838E+01  0.1420488E+02 -0.1808227E-02 -0.7813435E-02 -0.1457745E+01
   04  0.1318376E+02  0.1420488E+02 -0.2580545E-02 -0.1135171E-01 -0.1457747E+01
   04  0.1691168E+02  0.1420488E+02 -0.3335192E-02 -0.1493179E-01 -0.1457746E+01
   04  0.2063960E+02  0.1420489E+02 -0.4069723E-02 -0.1854056E-01 -0.1457741E+01
   04  0.2436752E+02  0.1420490E+02 -0.4781510E-02 -0.2216518E-01 -0.1457731E+01
   04  0.2809543E+02  0.1420491E+02 -0.5467560E-02 -0.2579341E-01 -0.1457714E+01
   04  0.2995939E+02  0.1420493E+02 -0.5796510E-02 -0.2761055E-01 -0.1457703E+01
   04  0.3182335E+02  0.1420494E+02 -0.6117739E-02 -0.2942355E-01 -0.1457690E+01
   04  0.3348021E+02  0.1420495E+02 -0.6396054E-02 -0.3103107E-01 -0.1457676E+01
   04  0.3513706E+02  0.1420497E+02 -0.6667543E-02 -0.3263346E-01 -0.1457661E+01
   04  0.3679391E+02  0.1420498E+02 -0.6931866E-02 -0.3422995E-01 -0.1457644E+01
   04  0.3845077E+02  0.1420500E+02 -0.7188684E-02 -0.3581990E-01 -0.1457625E+01
   04  0.4010762E+02  0.1420503E+02 -0.7437656E-02 -0.3740271E-01 -0.1457603E+01
   04  0.4176447E+02  0.1420505E+02 -0.7678438E-02 -0.3897784E-01 -0.1457580E+01
   04  0.4342132E+02  0.1420507E+02 -0.7910727E-02 -0.4054477E-01 -0.1457554E+01
   04  0.4507818E+02  0.1420510E+02 -0.8134522E-02 -0.4210301E-01 -0.1457526E+01
   04  0.4673503E+02  0.1420513E+02 -0.8349917E-02 -0.4365206E-01 -0.1457496E+01
   04  0.4839188E+02  0.1420516E+02 -0.8557383E-02 -0.4519149E-01 -0.1457464E+01
   04  0.5004874E+02  0.1420520E+02 -0.8758998E-02 -0.4672089E-01 -0.1457430E+01
   04  0.5170559E+02  0.1420523E+02 -0.8954413E-02 -0.4823988E-01 -0.1457393E+01
   04  0.5336244E+02  0.1420527E+02 -0.9143305E-02 -0.4974816E-01 -0.1457355E+01
   04  0.5501930E+02  0.1420531E+02 -0.9325373E-02 -0.5124536E-01 -0.1457315E+01
   04  0.5667615E+02  0.1420536E+02 -0.9500342E-02 -0.5273114E-01 -0.1457272E+01
   04  0.5833300E+02  0.1420540E+02 -0.9667959E-02 -0.5420514E-01 -0.1457227E+01
   04  0.5998985E+02  0.1420545E+02 -0.9827996E-02 -0.5566705E-01 -0.1457180E+01
   04  0.6164671E+02  0.1420550E+02 -0.9980248E-02 -0.5711662E-01 -0.1457131E+01
   04  0.6330356E+02  0.1420555E+02 -0.1012453E-01 -0.5855364E-01 -0.1457080E+01
   04  0.6496041E+02  0.1420560E+02 -0.1026074E-01 -0.5997537E-01 -0.1457027E+01
   04  0.6661727E+02  0.1420566E+02 -0.1038877E-01 -0.6137747E-01 -0.1456971E+01
   04  0.6827412E+02  0.1420572E+02 -0.1050852E-01 -0.6275976E-01 -0.1456912E+01
   04  0.6993097E+02  0.1420578E+02 -0.1061992E-01 -0.6412297E-01 -0.1456850E+01
   04  0.7158783E+02  0.1420584E+02 -0.1072289E-01 -0.6546782E-01 -0.1456786E+01
   04  0.7324468E+02  0.1420591E+02 -0.1081737E-01 -0.6679500E-01 -0.1456720E+01
   04  0.7490153E+02  0.1420598E+02 -0.1090333E-01 -0.6810517E-01 -0.1456651E+01
   04  0.7655838E+02  0.1420605E+02 -0.1098071E-01 -0.6939895E-01 -0.1456580E+01
   04  0.7821524E+02  0.1420612E+02 -0.1104950E-01 -0.7067697E-01 -0.1456507E+01
   04  0.7987209E+02  0.1420620E+02 -0.1110968E-01 -0.7193978E-01 -0.1456431E+01
   04  0.8152894E+02  0.1420627E+02 -0.1116125E-01 -0.7318794E-01 -0.1456354E+01
   04  0.8318580E+02  0.1420635E+02 -0.1120420E-01 -0.7442198E-01 -0.1456275E+01
   04  0.8484265E+02  0.1420644E+02 -0.1123692E-01 -0.7564238E-01 -0.1456193E+01
   04  0.8649950E+02  0.1420652E+02 -0.1125839E-01 -0.7684961E-01 -0.1456110E+01
   04  0.8815636E+02  0.1420660E+02 -0.1126878E-01 -0.7804412E-01 -0.1456024E+01
   04  0.8981321E+02  0.1420669E+02 -0.1126835E-01 -0.7922630E-01 -0.1455937E+01
   04  0.9147006E+02  0.1420678E+02 -0.1125734E-01 -0.8039656E-01 -0.1455847E+01
   04  0.9445240E+02  0.1420695E+02 -0.1121711E-01 -0.8247442E-01 -0.1455683E+01
   04  0.9743473E+02  0.1420712E+02 -0.1114553E-01 -0.8451719E-01 -0.1455513E+01
   04  0.1004171E+03  0.1420729E+02 -0.1104434E-01 -0.8652657E-01 -0.1455338E+01
   04  0.1033994E+03  0.1420747E+02 -0.1091537E-01 -0.8850403E-01 -0.1455159E+01
   04  0.1063817E+03  0.1420765E+02 -0.1076048E-01 -0.9045083E-01 -0.1454976E+01
   04  0.1093641E+03  0.1420784E+02 -0.1058160E-01 -0.9236804E-01 -0.1454788E+01
   04  0.1123464E+03  0.1420803E+02 -0.1038025E-01 -0.9425666E-01 -0.1454597E+01
   04  0.1153287E+03  0.1420823E+02 -0.1015617E-01 -0.9611782E-01 -0.1454402E+01
   04  0.1183111E+03  0.1420843E+02 -0.9910829E-02 -0.9795274E-01 -0.1454203E+01
   04  0.1212934E+03  0.1420863E+02 -0.9645636E-02 -0.9976260E-01 -0.1454001E+01
   04  0.1242758E+03  0.1420883E+02 -0.9361924E-02 -0.1015485E+00 -0.1453796E+01
   04  0.1272581E+03  0.1420904E+02 -0.9060950E-02 -0.1033116E+00 -0.1453587E+01
   04  0.1302404E+03  0.1420925E+02 -0.8743898E-02 -0.1050533E+00 -0.1453375E+01
   04  0.1332228E+03  0.1420947E+02 -0.8411874E-02 -0.1067746E+00 -0.1453160E+01
   04  0.1362051E+03  0.1420969E+02 -0.8065903E-02 -0.1084769E+00 -0.1452942E+01
   04  0.1391874E+03  0.1420991E+02 -0.7706922E-02 -0.1101612E+00 -0.1452721E+01
   04  0.1421698E+03  0.1421013E+02 -0.7335775E-02 -0.1118288E+00 -0.1452496E+01
   04  0.1451521E+03  0.1421036E+02 -0.6953219E-02 -0.1134808E+00 -0.1452269E+01
   04  0.1481344E+03  0.1421059E+02 -0.6559912E-02 -0.1151181E+00 -0.1452038E+01
   04  0.1511168E+03  0.1421082E+02 -0.6156423E-02 -0.1167419E+00 -0.1451804E+01
   04  0.1540991E+03  0.1421106E+02 -0.5743213E-02 -0.1183528E+00 -0.1451567E+01
   04  0.1570814E+03  0.1421130E+02 -0.5320632E-02 -0.1199519E+00 -0.1451327E+01
   04  0.1600638E+03  0.1421154E+02 -0.4889065E-02 -0.1215436E+00 -0.1451083E+01
   04  0.1630461E+03  0.1421179E+02 -0.4449110E-02 -0.1231366E+00 -0.1450838E+01
   04  0.1660284E+03  0.1421204E+02 -0.4001244E-02 -0.1247317E+00 -0.1450591E+01
   04  0.1690108E+03  0.1421229E+02 -0.3545513E-02 -0.1263334E+00 -0.1450341E+01
   04  0.1719931E+03  0.1421254E+02 -0.3081868E-02 -0.1279452E+00 -0.1450090E+01
   04  0.1749755E+03  0.1421279E+02 -0.2609887E-02 -0.1295676E+00 -0.1449837E+01
   04  0.1779578E+03  0.1421305E+02 -0.2128975E-02 -0.1312011E+00 -0.1449583E+01
   04  0.1809401E+03  0.1421330E+02 -0.1646770E-02 -0.1328457E+00 -0.1449326E+01
   04  0.1824313E+03  0.1421343E+02 -0.1401716E-02 -0.1336703E+00 -0.1449196E+01
   04  0.1839225E+03  0.1421356E+02 -0.1157012E-02 -0.1344976E+00 -0.1449066E+01
   04  0.1854136E+03  0.1421369E+02 -0.9125938E-03 -0.1353274E+00 -0.1448935E+01
   04  0.1869048E+03  0.1421383E+02 -0.6683925E-03 -0.1361598E+00 -0.1448803E+01
   04  0.1883960E+03  0.1421396E+02 -0.4243397E-03 -0.1369947E+00 -0.1448671E+01
   04  0.1898871E+03  0.1421409E+02 -0.1803666E-03 -0.1378320E+00 -0.1448538E+01
   04  0.1913783E+03  0.1421422E+02  0.6359482E-04 -0.1386717E+00 -0.1448404E+01
   04  0.1928695E+03  0.1421436E+02  0.3076114E-03 -0.1395136E+00 -0.1448270E+01
   04  0.1943606E+03  0.1421449E+02  0.5517509E-03 -0.1403576E+00 -0.1448135E+01
   04  0.1958518E+03  0.1421463E+02  0.7960821E-03 -0.1412033E+00 -0.1447999E+01
   04  0.1973430E+03  0.1421477E+02  0.1040673E-02 -0.1420506E+00 -0.1447863E+01
   04  0.1988341E+03  0.1421490E+02  0.1285566E-02 -0.1428994E+00 -0.1447726E+01
   04  0.2003253E+03  0.1421504E+02  0.1530797E-02 -0.1437495E+00 -0.1447588E+01
   04  0.2018165E+03  0.1421518E+02  0.1776397E-02 -0.1446007E+00 -0.1447450E+01
   04  0.2033076E+03  0.1421532E+02  0.2022396E-02 -0.1454529E+00 -0.1447311E+01
   04  0.2047988E+03  0.1421546E+02  0.2268819E-02 -0.1463059E+00 -0.1447171E+01
   04  0.2062900E+03  0.1421560E+02  0.2515689E-02 -0.1471594E+00 -0.1447031E+01
   04  0.2077811E+03  0.1421574E+02  0.2763021E-02 -0.1480133E+00 -0.1446890E+01
   04  0.2092723E+03  0.1421588E+02  0.3010828E-02 -0.1488674E+00 -0.1446749E+01
   04  0.2107635E+03  0.1421602E+02  0.3259117E-02 -0.1497215E+00 -0.1446607E+01
   04  0.2122546E+03  0.1421616E+02  0.3507889E-02 -0.1505753E+00 -0.1446464E+01
   04  0.2137458E+03  0.1421631E+02  0.3757142E-02 -0.1514286E+00 -0.1446321E+01
   04  0.2152370E+03  0.1421645E+02  0.4006866E-02 -0.1522813E+00 -0.1446177E+01
   04  0.2167281E+03  0.1421660E+02  0.4257048E-02 -0.1531330E+00 -0.1446033E+01
   04  0.2182193E+03  0.1421674E+02  0.4507665E-02 -0.1539834E+00 -0.1445888E+01
   04  0.2197105E+03  0.1421689E+02  0.4758680E-02 -0.1548318E+00 -0.1445743E+01
   04  0.2212017E+03  0.1421703E+02  0.5010048E-02 -0.1556777E+00 -0.1445597E+01
   04  0.2226928E+03  0.1421718E+02  0.5261716E-02 -0.1565209E+00 -0.1445451E+01
   04  0.2241840E+03  0.1421732E+02  0.5513618E-02 -0.1573611E+00 -0.1445304E+01
   04  0.2256752E+03  0.1421747E+02  0.5765681E-02 -0.1581978E+00 -0.1445157E+01
   04  0.2271663E+03  0.1421762E+02  0.6017825E-02 -0.1590309E+00 -0.1445010E+01
   04  0.2286575E+03  0.1421777E+02  0.6269967E-02 -0.1598599E+00 -0.1444862E+01
   04  0.2301487E+03  0.1421791E+02  0.6522020E-02 -0.1606846E+00 -0.1444714E+01
   04  0.2316398E+03  0.1421806E+02  0.6773892E-02 -0.1615046E+00 -0.1444566E+01
   04  0.2331310E+03  0.1421821E+02  0.7025492E-02 -0.1623198E+00 -0.1444418E+01
   04  0.2346222E+03  0.1421836E+02  0.7276726E-02 -0.1631298E+00 -0.1444269E+01
   04  0.2361133E+03  0.1421851E+02  0.7527496E-02 -0.1639344E+00 -0.1444120E+01
   04  0.2376045E+03  0.1421866E+02  0.7777713E-02 -0.1647333E+00 -0.1443971E+01
   04  0.2390957E+03  0.1421881E+02  0.8027287E-02 -0.1655263E+00 -0.1443822E+01
   04  0.2405868E+03  0.1421896E+02  0.8276129E-02 -0.1663131E+00 -0.1443672E+01
   04  0.2420780E+03  0.1421911E+02  0.8524152E-02 -0.1670935E+00 -0.1443523E+01
   04  0.2435692E+03  0.1421926E+02  0.8771269E-02 -0.1678673E+00 -0.1443373E+01
   04  0.2450603E+03  0.1421940E+02  0.9017265E-02 -0.1686343E+00 -0.1443223E+01
   04  0.2465515E+03  0.1421955E+02  0.9261454E-02 -0.1693942E+00 -0.1443074E+01
   04  0.2480427E+03  0.1421970E+02  0.9503754E-02 -0.1701469E+00 -0.1442924E+01
   04  0.2495338E+03  0.1421985E+02  0.9744091E-02 -0.1708921E+00 -0.1442774E+01
   04  0.2510250E+03  0.1422000E+02  0.9982395E-02 -0.1716296E+00 -0.1442625E+01
   04  0.2525162E+03  0.1422015E+02  0.1021861E-01 -0.1723593E+00 -0.1442475E+01
   04  0.2540073E+03  0.1422030E+02  0.1045267E-01 -0.1730810E+00 -0.1442325E+01
   04  0.2554985E+03  0.1422045E+02  0.1068454E-01 -0.1737945E+00 -0.1442176E+01
   04  0.2569897E+03  0.1422060E+02  0.1091416E-01 -0.1744996E+00 -0.1442027E+01
   04  0.2584808E+03  0.1422075E+02  0.1114151E-01 -0.1751961E+00 -0.1441877E+01
   04  0.2599720E+03  0.1422090E+02  0.1136653E-01 -0.1758839E+00 -0.1441728E+01
   04  0.2614632E+03  0.1422105E+02  0.1158920E-01 -0.1765629E+00 -0.1441579E+01
   04  0.2629543E+03  0.1422120E+02  0.1180948E-01 -0.1772327E+00 -0.1441431E+01
   04  0.2644455E+03  0.1422135E+02  0.1202734E-01 -0.1778934E+00 -0.1441282E+01
   04  0.2659367E+03  0.1422149E+02  0.1224275E-01 -0.1785448E+00 -0.1441134E+01
   04  0.2674278E+03  0.1422164E+02  0.1245568E-01 -0.1791866E+00 -0.1440986E+01
   04  0.2689190E+03  0.1422179E+02  0.1266611E-01 -0.1798189E+00 -0.1440838E+01
   04  0.2704102E+03  0.1422194E+02  0.1287399E-01 -0.1804413E+00 -0.1440690E+01
   04  0.2719014E+03  0.1422209E+02  0.1307930E-01 -0.1810539E+00 -0.1440542E+01
   04  0.2733925E+03  0.1422223E+02  0.1328201E-01 -0.1816564E+00 -0.1440395E+01
   04  0.2748837E+03  0.1422238E+02  0.1348208E-01 -0.1822487E+00 -0.1440248E+01
   04  0.2763749E+03  0.1422253E+02  0.1367947E-01 -0.1828308E+00 -0.1440102E+01
   04  0.2778660E+03  0.1422267E+02  0.1387414E-01 -0.1834024E+00 -0.1439955E+01
   04  0.2793572E+03  0.1422282E+02  0.1406606E-01 -0.1839635E+00 -0.1439809E+01
   04  0.2808484E+03  0.1422296E+02  0.1425519E-01 -0.1845140E+00 -0.1439664E+01
   04  0.2823395E+03  0.1422311E+02  0.1444148E-01 -0.1850535E+00 -0.1439519E+01
   04  0.2838307E+03  0.1422325E+02  0.1462487E-01 -0.1855812E+00 -0.1439374E+01
   04  0.2853219E+03  0.1422340E+02  0.1480529E-01 -0.1860970E+00 -0.1439229E+01
   04  0.2868130E+03  0.1422354E+02  0.1498268E-01 -0.1866013E+00 -0.1439086E+01
   04  0.2883042E+03  0.1422369E+02  0.1515699E-01 -0.1870940E+00 -0.1438942E+01
   04  0.2897954E+03  0.1422383E+02  0.1532816E-01 -0.1875752E+00 -0.1438799E+01
   04  0.2912865E+03  0.1422397E+02  0.1549614E-01 -0.1880451E+00 -0.1438657E+01
   04  0.2927777E+03  0.1422411E+02  0.1566090E-01 -0.1885037E+00 -0.1438514E+01
   04  0.2942689E+03  0.1422426E+02  0.1582238E-01 -0.1889512E+00 -0.1438373E+01
   04  0.2957600E+03  0.1422440E+02  0.1598056E-01 -0.1893867E+00 -0.1438232E+01
   04  0.2972512E+03  0.1422454E+02  0.1613541E-01 -0.1898103E+00 -0.1438091E+01
   04  0.2987424E+03  0.1422468E+02  0.1628692E-01 -0.1902222E+00 -0.1437951E+01
   04  0.3002335E+03  0.1422482E+02  0.1643505E-01 -0.1906226E+00 -0.1437811E+01
   04  0.3017247E+03  0.1422496E+02  0.1657976E-01 -0.1910118E+00 -0.1437672E+01
   04  0.3032159E+03  0.1422509E+02  0.1672100E-01 -0.1913898E+00 -0.1437534E+01
   04  0.3047070E+03  0.1422523E+02  0.1685873E-01 -0.1917570E+00 -0.1437395E+01
   04  0.3061982E+03  0.1422537E+02  0.1699289E-01 -0.1921135E+00 -0.1437258E+01
   04  0.3076894E+03  0.1422551E+02  0.1712340E-01 -0.1924594E+00 -0.1437120E+01
   04  0.3091805E+03  0.1422564E+02  0.1725021E-01 -0.1927948E+00 -0.1436984E+01
   04  0.3106717E+03  0.1422578E+02  0.1737323E-01 -0.1931199E+00 -0.1436847E+01
   04  0.3121629E+03  0.1422592E+02  0.1749240E-01 -0.1934348E+00 -0.1436711E+01
   04  0.3136540E+03  0.1422605E+02  0.1760762E-01 -0.1937395E+00 -0.1436576E+01
   04  0.3151452E+03  0.1422619E+02  0.1771883E-01 -0.1940342E+00 -0.1436441E+01
   04  0.3165017E+03  0.1422631E+02  0.1781659E-01 -0.1942933E+00 -0.1436319E+01
   04  0.3178581E+03  0.1422643E+02  0.1791085E-01 -0.1945441E+00 -0.1436197E+01
   04  0.3192146E+03  0.1422655E+02  0.1800155E-01 -0.1947868E+00 -0.1436075E+01
   04  0.3205710E+03  0.1422667E+02  0.1808862E-01 -0.1950212E+00 -0.1435954E+01
   04  0.3219275E+03  0.1422679E+02  0.1817199E-01 -0.1952475E+00 -0.1435833E+01
   04  0.3232839E+03  0.1422692E+02  0.1825158E-01 -0.1954656E+00 -0.1435713E+01
   04  0.3246404E+03  0.1422704E+02  0.1832734E-01 -0.1956755E+00 -0.1435593E+01
   04  0.3259968E+03  0.1422715E+02  0.1839890E-01 -0.1958773E+00 -0.1435474E+01
   04  0.3273533E+03  0.1422727E+02  0.1846601E-01 -0.1960707E+00 -0.1435355E+01
   04  0.3287097E+03  0.1422739E+02  0.1852861E-01 -0.1962558E+00 -0.1435236E+01
   04  0.3300662E+03  0.1422751E+02  0.1858663E-01 -0.1964325E+00 -0.1435118E+01
   04  0.3314226E+03  0.1422763E+02  0.1864002E-01 -0.1966008E+00 -0.1435001E+01
   04  0.3327791E+03  0.1422774E+02  0.1868871E-01 -0.1967606E+00 -0.1434884E+01
   04  0.3341355E+03  0.1422786E+02  0.1873267E-01 -0.1969117E+00 -0.1434767E+01
   04  0.3354920E+03  0.1422798E+02  0.1877182E-01 -0.1970542E+00 -0.1434651E+01
   04  0.3368484E+03  0.1422809E+02  0.1880613E-01 -0.1971879E+00 -0.1434535E+01
   04  0.3382049E+03  0.1422821E+02  0.1883553E-01 -0.1973129E+00 -0.1434420E+01
   04  0.3395613E+03  0.1422832E+02  0.1885997E-01 -0.1974290E+00 -0.1434306E+01
   04  0.3409178E+03  0.1422844E+02  0.1887939E-01 -0.1975361E+00 -0.1434192E+01
   04  0.3422742E+03  0.1422855E+02  0.1889376E-01 -0.1976342E+00 -0.1434079E+01
   04  0.3436307E+03  0.1422866E+02  0.1890302E-01 -0.1977233E+00 -0.1433966E+01
   04  0.3449871E+03  0.1422877E+02  0.1890712E-01 -0.1978033E+00 -0.1433854E+01
   04  0.3463436E+03  0.1422889E+02  0.1890602E-01 -0.1978740E+00 -0.1433742E+01
   04  0.3477000E+03  0.1422900E+02  0.1889967E-01 -0.1979356E+00 -0.1433631E+01
   04  0.3490565E+03  0.1422911E+02  0.1888803E-01 -0.1979878E+00 -0.1433520E+01
   04  0.3504130E+03  0.1422922E+02  0.1887105E-01 -0.1980308E+00 -0.1433410E+01
   04  0.3517694E+03  0.1422933E+02  0.1884868E-01 -0.1980643E+00 -0.1433301E+01
   04  0.3531259E+03  0.1422944E+02  0.1882089E-01 -0.1980884E+00 -0.1433192E+01
   04  0.3544823E+03  0.1422954E+02  0.1878762E-01 -0.1981031E+00 -0.1433084E+01
   04  0.3558388E+03  0.1422965E+02  0.1874882E-01 -0.1981082E+00 -0.1432976E+01
   04  0.3574665E+03  0.1422978E+02  0.1869473E-01 -0.1981024E+00 -0.1432847E+01
   04  0.3590942E+03  0.1422991E+02  0.1863257E-01 -0.1980827E+00 -0.1432719E+01
   04  0.3607220E+03  0.1423004E+02  0.1856223E-01 -0.1980491E+00 -0.1432592E+01
   04  0.3623497E+03  0.1423016E+02  0.1848364E-01 -0.1980015E+00 -0.1432466E+01
   04  0.3639775E+03  0.1423029E+02  0.1839667E-01 -0.1979400E+00 -0.1432340E+01
   04  0.3656052E+03  0.1423041E+02  0.1830122E-01 -0.1978646E+00 -0.1432216E+01
   04  0.3672329E+03  0.1423054E+02  0.1819717E-01 -0.1977751E+00 -0.1432092E+01
   04  0.3688607E+03  0.1423066E+02  0.1808439E-01 -0.1976718E+00 -0.1431969E+01
   04  0.3704884E+03  0.1423078E+02  0.1796274E-01 -0.1975544E+00 -0.1431847E+01
   04  0.3721162E+03  0.1423090E+02  0.1783206E-01 -0.1974231E+00 -0.1431725E+01
   04  0.3737439E+03  0.1423102E+02  0.1769220E-01 -0.1972779E+00 -0.1431605E+01
   04  0.3753717E+03  0.1423114E+02  0.1754297E-01 -0.1971189E+00 -0.1431485E+01
   04  0.3769994E+03  0.1423126E+02  0.1738421E-01 -0.1969459E+00 -0.1431366E+01
   04  0.3786271E+03  0.1423138E+02  0.1721570E-01 -0.1967592E+00 -0.1431248E+01
   04  0.3802549E+03  0.1423150E+02  0.1703724E-01 -0.1965588E+00 -0.1431130E+01
   04  0.3818826E+03  0.1423162E+02  0.1684862E-01 -0.1963446E+00 -0.1431013E+01
   04  0.3835104E+03  0.1423173E+02  0.1664959E-01 -0.1961168E+00 -0.1430897E+01
   04  0.3851381E+03  0.1423185E+02  0.1643993E-01 -0.1958755E+00 -0.1430781E+01
   04  0.3867658E+03  0.1423196E+02  0.1621938E-01 -0.1956207E+00 -0.1430667E+01
   04  0.3883936E+03  0.1423208E+02  0.1598767E-01 -0.1953525E+00 -0.1430552E+01
   04  0.3900213E+03  0.1423219E+02  0.1574455E-01 -0.1950710E+00 -0.1430439E+01
   04  0.3916491E+03  0.1423230E+02  0.1548971E-01 -0.1947764E+00 -0.1430326E+01
   04  0.3932768E+03  0.1423241E+02  0.1522288E-01 -0.1944686E+00 -0.1430213E+01
   04  0.3949046E+03  0.1423253E+02  0.1494375E-01 -0.1941480E+00 -0.1430102E+01
   04  0.3965323E+03  0.1423264E+02  0.1465202E-01 -0.1938146E+00 -0.1429990E+01
   04  0.3981600E+03  0.1423275E+02  0.1434737E-01 -0.1934686E+00 -0.1429879E+01
   04  0.3997878E+03  0.1423286E+02  0.1402955E-01 -0.1931127E+00 -0.1429769E+01
   04  0.4014155E+03  0.1423297E+02  0.1369842E-01 -0.1927469E+00 -0.1429658E+01
   04  0.4030433E+03  0.1423308E+02  0.1335378E-01 -0.1923714E+00 -0.1429547E+01
   04  0.4046710E+03  0.1423319E+02  0.1299541E-01 -0.1919861E+00 -0.1429437E+01
   04  0.4062987E+03  0.1423330E+02  0.1262307E-01 -0.1915911E+00 -0.1429327E+01
   04  0.4079265E+03  0.1423341E+02  0.1223649E-01 -0.1911865E+00 -0.1429216E+01
   04  0.4095542E+03  0.1423352E+02  0.1183540E-01 -0.1907722E+00 -0.1429106E+01
   04  0.4111820E+03  0.1423363E+02  0.1141951E-01 -0.1903480E+00 -0.1428995E+01
   04  0.4128097E+03  0.1423374E+02  0.1098851E-01 -0.1899139E+00 -0.1428885E+01
   04  0.4144375E+03  0.1423385E+02  0.1054209E-01 -0.1894700E+00 -0.1428774E+01
   04  0.4160652E+03  0.1423396E+02  0.1007993E-01 -0.1890164E+00 -0.1428663E+01
   04  0.4176929E+03  0.1423408E+02  0.9601690E-02 -0.1885532E+00 -0.1428553E+01
   04  0.4193207E+03  0.1423419E+02  0.9106993E-02 -0.1880805E+00 -0.1428441E+01
   04  0.4209484E+03  0.1423430E+02  0.8595454E-02 -0.1875986E+00 -0.1428330E+01
   04  0.4225762E+03  0.1423441E+02  0.8066677E-02 -0.1871074E+00 -0.1428218E+01
   04  0.4242039E+03  0.1423452E+02  0.7520262E-02 -0.1866073E+00 -0.1428106E+01
   04  0.4258316E+03  0.1423463E+02  0.6955800E-02 -0.1860984E+00 -0.1427994E+01
   04  0.4274594E+03  0.1423475E+02  0.6372883E-02 -0.1855810E+00 -0.1427881E+01
   04  0.4290871E+03  0.1423486E+02  0.5771096E-02 -0.1850553E+00 -0.1427768E+01
   04  0.4307149E+03  0.1423497E+02  0.5150017E-02 -0.1845216E+00 -0.1427655E+01
   04  0.4323426E+03  0.1423509E+02  0.4509220E-02 -0.1839800E+00 -0.1427541E+01
   04  0.4339704E+03  0.1423520E+02  0.3850412E-02 -0.1834311E+00 -0.1427427E+01
   04  0.4355981E+03  0.1423532E+02  0.3173844E-02 -0.1828751E+00 -0.1427311E+01
   04  0.4372258E+03  0.1423543E+02  0.2479586E-02 -0.1823123E+00 -0.1427195E+01
   04  0.4388536E+03  0.1423555E+02  0.1767659E-02 -0.1817430E+00 -0.1427078E+01
   04  0.4404813E+03  0.1423567E+02  0.1038060E-02 -0.1811675E+00 -0.1426960E+01
   04  0.4421091E+03  0.1423579E+02  0.2907554E-03 -0.1805863E+00 -0.1426841E+01
   04  0.4437368E+03  0.1423591E+02 -0.4743096E-03 -0.1799995E+00 -0.1426721E+01
   04  0.4453645E+03  0.1423603E+02 -0.1257216E-02 -0.1794076E+00 -0.1426600E+01
   04  0.4469923E+03  0.1423615E+02 -0.2058070E-02 -0.1788110E+00 -0.1426477E+01
   04  0.4486200E+03  0.1423627E+02 -0.2877004E-02 -0.1782101E+00 -0.1426354E+01
   04  0.4502478E+03  0.1423640E+02 -0.3714174E-02 -0.1776052E+00 -0.1426230E+01
   04  0.4518755E+03  0.1423652E+02 -0.4569752E-02 -0.1769969E+00 -0.1426104E+01
   04  0.4535033E+03  0.1423665E+02 -0.5443929E-02 -0.1763854E+00 -0.1425977E+01
   04  0.4551310E+03  0.1423678E+02 -0.6336905E-02 -0.1757711E+00 -0.1425849E+01
   04  0.4567587E+03  0.1423691E+02 -0.7248892E-02 -0.1751544E+00 -0.1425720E+01
   04  0.4583865E+03  0.1423704E+02 -0.8180104E-02 -0.1745357E+00 -0.1425590E+01
   04  0.4600142E+03  0.1423717E+02 -0.9130764E-02 -0.1739154E+00 -0.1425458E+01
   04  0.4616420E+03  0.1423730E+02 -0.1010134E-01 -0.1732939E+00 -0.1425326E+01
   04  0.4632697E+03  0.1423744E+02 -0.1109456E-01 -0.1726716E+00 -0.1425192E+01
   04  0.4648974E+03  0.1423757E+02 -0.1210891E-01 -0.1720488E+00 -0.1425057E+01
   04  0.4665252E+03  0.1423771E+02 -0.1314463E-01 -0.1714259E+00 -0.1424920E+01
   04  0.4681529E+03  0.1423785E+02 -0.1420192E-01 -0.1708032E+00 -0.1424781E+01
   04  0.4697807E+03  0.1423799E+02 -0.1528095E-01 -0.1701809E+00 -0.1424642E+01
   04  0.4714084E+03  0.1423813E+02 -0.1638185E-01 -0.1695594E+00 -0.1424501E+01
   04  0.4730362E+03  0.1423827E+02 -0.1750472E-01 -0.1689390E+00 -0.1424358E+01
   04  0.4746639E+03  0.1423841E+02 -0.1864960E-01 -0.1683199E+00 -0.1424215E+01
   04  0.4762916E+03  0.1423856E+02 -0.1981652E-01 -0.1677024E+00 -0.1424070E+01
   04  0.4779194E+03  0.1423870E+02 -0.2100543E-01 -0.1670869E+00 -0.1423924E+01
   04  0.4795471E+03  0.1423885E+02 -0.2221626E-01 -0.1664736E+00 -0.1423777E+01
   04  0.4811749E+03  0.1423900E+02 -0.2344891E-01 -0.1658626E+00 -0.1423629E+01
   04  0.4828026E+03  0.1423915E+02 -0.2470320E-01 -0.1652543E+00 -0.1423481E+01
   04  0.4844303E+03  0.1423930E+02 -0.2597896E-01 -0.1646488E+00 -0.1423331E+01
   04  0.4860581E+03  0.1423945E+02 -0.2727593E-01 -0.1640462E+00 -0.1423180E+01
   04  0.4876858E+03  0.1423960E+02 -0.2859387E-01 -0.1634468E+00 -0.1423029E+01
   04  0.4893136E+03  0.1423975E+02 -0.2993246E-01 -0.1628507E+00 -0.1422876E+01
   04  0.4909413E+03  0.1423990E+02 -0.3129138E-01 -0.1622580E+00 -0.1422723E+01
   04  0.4925691E+03  0.1424006E+02 -0.3267027E-01 -0.1616690E+00 -0.1422570E+01
   04  0.4941968E+03  0.1424021E+02 -0.3406874E-01 -0.1610839E+00 -0.1422415E+01
   04  0.4958245E+03  0.1424037E+02 -0.3548639E-01 -0.1605027E+00 -0.1422261E+01
   04  0.4974523E+03  0.1424052E+02 -0.3692275E-01 -0.1599256E+00 -0.1422105E+01
   04  0.4990800E+03  0.1424068E+02 -0.3837730E-01 -0.1593526E+00 -0.1421950E+01
   04  0.5007078E+03  0.1424083E+02 -0.3984953E-01 -0.1587840E+00 -0.1421793E+01
   04  0.5023355E+03  0.1424099E+02 -0.4133889E-01 -0.1582196E+00 -0.1421637E+01
   04  0.5039632E+03  0.1424115E+02 -0.4284486E-01 -0.1576595E+00 -0.1421480E+01
   04  0.5055910E+03  0.1424131E+02 -0.4436690E-01 -0.1571038E+00 -0.1421323E+01
   04  0.5072187E+03  0.1424146E+02 -0.4590446E-01 -0.1565523E+00 -0.1421165E+01
   04  0.5088465E+03  0.1424162E+02 -0.4745702E-01 -0.1560051E+00 -0.1421008E+01
   04  0.5104742E+03  0.1424178E+02 -0.4902406E-01 -0.1554620E+00 -0.1420850E+01
   04  0.5121020E+03  0.1424194E+02 -0.5060610E-01 -0.1549230E+00 -0.1420692E+01
   04  0.5137297E+03  0.1424209E+02 -0.5220374E-01 -0.1543878E+00 -0.1420534E+01
   04  0.5153574E+03  0.1424225E+02 -0.5381617E-01 -0.1538564E+00 -0.1420376E+01
   04  0.5169852E+03  0.1424241E+02 -0.5544256E-01 -0.1533374E+00 -0.1420218E+01
   04  0.5186129E+03  0.1424257E+02 -0.5708217E-01 -0.1528308E+00 -0.1420059E+01
   04  0.5202407E+03  0.1424273E+02 -0.5873430E-01 -0.1523359E+00 -0.1419900E+01
   04  0.5218684E+03  0.1424289E+02 -0.6039828E-01 -0.1518517E+00 -0.1419740E+01
   04  0.5234961E+03  0.1424305E+02 -0.6207349E-01 -0.1513777E+00 -0.1419580E+01
   04  0.5251239E+03  0.1424321E+02 -0.6375937E-01 -0.1509134E+00 -0.1419419E+01
   04  0.5267516E+03  0.1424337E+02 -0.6545540E-01 -0.1504583E+00 -0.1419258E+01
   04  0.5283794E+03  0.1424353E+02 -0.6716111E-01 -0.1500119E+00 -0.1419097E+01
   04  0.5300071E+03  0.1424369E+02 -0.6887613E-01 -0.1495738E+00 -0.1418935E+01
   04  0.5316349E+03  0.1424385E+02 -0.7060011E-01 -0.1491438E+00 -0.1418774E+01
   04  0.5332626E+03  0.1424402E+02 -0.7233279E-01 -0.1487215E+00 -0.1418612E+01
   04  0.5348903E+03  0.1424418E+02 -0.7407405E-01 -0.1483067E+00 -0.1418449E+01
   04  0.5365181E+03  0.1424434E+02 -0.7582381E-01 -0.1478991E+00 -0.1418287E+01
   04  0.5381458E+03  0.1424450E+02 -0.7758209E-01 -0.1474986E+00 -0.1418124E+01
   04  0.5397736E+03  0.1424467E+02 -0.7934897E-01 -0.1471048E+00 -0.1417960E+01
   04  0.5414013E+03  0.1424483E+02 -0.8112459E-01 -0.1467177E+00 -0.1417797E+01
   04  0.5430290E+03  0.1424500E+02 -0.8290908E-01 -0.1463373E+00 -0.1417633E+01
   04  0.5446568E+03  0.1424516E+02 -0.8470266E-01 -0.1459633E+00 -0.1417468E+01
   04  0.5462845E+03  0.1424533E+02 -0.8650570E-01 -0.1455959E+00 -0.1417303E+01
   04  0.5479123E+03  0.1424549E+02 -0.8831865E-01 -0.1452350E+00 -0.1417137E+01
   04  0.5495400E+03  0.1424566E+02 -0.9014209E-01 -0.1448807E+00 -0.1416970E+01
   04  0.5511678E+03  0.1424583E+02 -0.9197672E-01 -0.1445332E+00 -0.1416803E+01
   04  0.5527955E+03  0.1424599E+02 -0.9382334E-01 -0.1441927E+00 -0.1416635E+01
   04  0.5544232E+03  0.1424616E+02 -0.9568290E-01 -0.1438593E+00 -0.1416465E+01
   04  0.5560510E+03  0.1424633E+02 -0.9755633E-01 -0.1435335E+00 -0.1416295E+01
   04  0.5576787E+03  0.1424651E+02 -0.9944465E-01 -0.1432155E+00 -0.1416123E+01
   04  0.5593065E+03  0.1424668E+02 -0.1013491E+00 -0.1429059E+00 -0.1415950E+01
   04  0.5609342E+03  0.1424685E+02 -0.1032712E+00 -0.1426052E+00 -0.1415775E+01
   04  0.5625619E+03  0.1424703E+02 -0.1052124E+00 -0.1423138E+00 -0.1415598E+01
   04  0.5641897E+03  0.1424721E+02 -0.1071747E+00 -0.1420326E+00 -0.1415419E+01
   04  0.5658174E+03  0.1424739E+02 -0.1091602E+00 -0.1417622E+00 -0.1415238E+01
   04  0.5674452E+03  0.1424757E+02 -0.1111700E+00 -0.1415036E+00 -0.1415055E+01
   04  0.5690729E+03  0.1424776E+02 -0.1132064E+00 -0.1412576E+00 -0.1414869E+01
   04  0.5707007E+03  0.1424795E+02 -0.1152715E+00 -0.1410255E+00 -0.1414681E+01
   04  0.5723284E+03  0.1424814E+02 -0.1173678E+00 -0.1408077E+00 -0.1414489E+01
   04  0.5739561E+03  0.1424833E+02 -0.1194979E+00 -0.1406023E+00 -0.1414294E+01
   04  0.5755839E+03  0.1424853E+02 -0.1216647E+00 -0.1404100E+00 -0.1414094E+01
   04  0.5772116E+03  0.1424874E+02 -0.1238713E+00 -0.1402317E+00 -0.1413891E+01
   04  0.5788394E+03  0.1424895E+02 -0.1261210E+00 -0.1400682E+00 -0.1413683E+01
   04  0.5804671E+03  0.1424916E+02 -0.1284172E+00 -0.1399206E+00 -0.1413469E+01
   04  0.5820948E+03  0.1424938E+02 -0.1307638E+00 -0.1397900E+00 -0.1413250E+01
   04  0.5837226E+03  0.1424960E+02 -0.1331645E+00 -0.1396776E+00 -0.1413026E+01
   04  0.5853503E+03  0.1424983E+02 -0.1356237E+00 -0.1395845E+00 -0.1412795E+01
   04  0.5869781E+03  0.1425007E+02 -0.1381456E+00 -0.1395123E+00 -0.1412557E+01
   04  0.5886058E+03  0.1425032E+02 -0.1407349E+00 -0.1394622E+00 -0.1412312E+01
   04  0.5902336E+03  0.1425057E+02 -0.1433965E+00 -0.1394356E+00 -0.1412060E+01
   04  0.5918613E+03  0.1425083E+02 -0.1461353E+00 -0.1394341E+00 -0.1411800E+01
   04  0.5934890E+03  0.1425110E+02 -0.1489564E+00 -0.1394591E+00 -0.1411531E+01
   04  0.5951168E+03  0.1425138E+02 -0.1518649E+00 -0.1395120E+00 -0.1411253E+01
   04  0.5967445E+03  0.1425166E+02 -0.1548659E+00 -0.1395878E+00 -0.1410965E+01
   04  0.5983723E+03  0.1425196E+02 -0.1579648E+00 -0.1396878E+00 -0.1410669E+01
