# gauge_id= 603 location=( -0.1241950425E+03  0.4175001983E+02 ) num_var=  4
# Stationary gauge
# level, time, q[  1  2  3], eta, aux[]
# file format ascii, time series follow in this file
   04  0.0000000E+00  0.4377648E+01  0.0000000E+00  0.0000000E+00  0.0000000E+00
   04  0.1000000E+01  0.4377648E+01 -0.9472134E-17  0.9354202E-19 -0.1462961E+01
   04  0.1015873E+01  0.4377648E+01 -0.3946040E-05 -0.1149029E-05 -0.1462961E+01
   04  0.1031746E+01  0.4377648E+01 -0.7892177E-05 -0.2297976E-05 -0.1462961E+01
   04  0.1047619E+01  0.4377648E+01 -0.1183841E-04 -0.3446842E-05 -0.1462961E+01
   04  0.1063492E+01  0.4377649E+01 -0.1578474E-04 -0.4595626E-05 -0.1462961E+01
   04  0.1079365E+01  0.4377649E+01 -0.1973116E-04 -0.5744330E-05 -0.1462961E+01
   04  0.1095238E+01  0.4377649E+01 -0.2367768E-04 -0.6892952E-05 -0.1462960E+01
   04  0.1111111E+01  0.4377649E+01 -0.2762429E-04 -0.8041493E-05 -0.1462960E+01
   04  0.1126984E+01  0.4377649E+01 -0.3157099E-04 -0.9189953E-05 -0.1462960E+01
   04  0.1142857E+01  0.4377649E+01 -0.3551779E-04 -0.1033833E-04 -0.1462960E+01
   04  0.1158730E+01  0.4377649E+01 -0.3946469E-04 -0.1148663E-04 -0.1462960E+01
   04  0.1174603E+01  0.4377650E+01 -0.4341167E-04 -0.1263485E-04 -0.1462960E+01
   04  0.1190476E+01  0.4377650E+01 -0.4735875E-04 -0.1378299E-04 -0.1462960E+01
   04  0.1206349E+01  0.4377650E+01 -0.5130592E-04 -0.1493105E-04 -0.1462959E+01
   04  0.1222222E+01  0.4377650E+01 -0.5525319E-04 -0.1607902E-04 -0.1462959E+01
   04  0.1238095E+01  0.4377650E+01 -0.5920054E-04 -0.1722692E-04 -0.1462959E+01
   04  0.1253968E+01  0.4377650E+01 -0.6314799E-04 -0.1837474E-04 -0.1462959E+01
   04  0.1269841E+01  0.4377650E+01 -0.6709553E-04 -0.1952248E-04 -0.1462959E+01
   04  0.1285714E+01  0.4377651E+01 -0.7104316E-04 -0.2067013E-04 -0.1462959E+01
   04  0.1301587E+01  0.4377651E+01 -0.7499088E-04 -0.2181771E-04 -0.1462959E+01
   04  0.1317460E+01  0.4377651E+01 -0.7893870E-04 -0.2296521E-04 -0.1462958E+01
   04  0.1333333E+01  0.4377651E+01 -0.8288660E-04 -0.2411263E-04 -0.1462958E+01
   04  0.1349206E+01  0.4377651E+01 -0.8683459E-04 -0.2525997E-04 -0.1462958E+01
   04  0.1365079E+01  0.4377651E+01 -0.9078267E-04 -0.2640723E-04 -0.1462958E+01
   04  0.1380952E+01  0.4377651E+01 -0.9473084E-04 -0.2755441E-04 -0.1462958E+01
   04  0.1396825E+01  0.4377652E+01 -0.9867910E-04 -0.2870152E-04 -0.1462958E+01
   04  0.1412698E+01  0.4377652E+01 -0.1026275E-03 -0.2984854E-04 -0.1462958E+01
   04  0.1428571E+01  0.4377652E+01 -0.1065759E-03 -0.3099549E-04 -0.1462957E+01
   04  0.1476190E+01  0.4377652E+01 -0.1184222E-03 -0.3443749E-04 -0.1462957E+01
   04  0.1523810E+01  0.4377653E+01 -0.1302693E-03 -0.3787878E-04 -0.1462957E+01
   04  0.1571429E+01  0.4377653E+01 -0.1421171E-03 -0.4131937E-04 -0.1462956E+01
   04  0.1619048E+01  0.4377654E+01 -0.1539657E-03 -0.4475925E-04 -0.1462956E+01
   04  0.1666667E+01  0.4377654E+01 -0.1658151E-03 -0.4819844E-04 -0.1462955E+01
   04  0.1714286E+01  0.4377654E+01 -0.1776652E-03 -0.5163694E-04 -0.1462955E+01
   04  0.1761905E+01  0.4377655E+01 -0.1895161E-03 -0.5507474E-04 -0.1462954E+01
   04  0.1809524E+01  0.4377655E+01 -0.2013677E-03 -0.5851185E-04 -0.1462954E+01
   04  0.1857143E+01  0.4377656E+01 -0.2132201E-03 -0.6194828E-04 -0.1462954E+01
   04  0.1904762E+01  0.4377656E+01 -0.2250731E-03 -0.6538402E-04 -0.1462953E+01
   04  0.1952381E+01  0.4377656E+01 -0.2369269E-03 -0.6881908E-04 -0.1462953E+01
   04  0.2000000E+01  0.4377657E+01 -0.2487813E-03 -0.7225347E-04 -0.1462952E+01
   04  0.5727919E+01  0.4377689E+01 -0.1181436E-02 -0.3533270E-03 -0.1462920E+01
   04  0.9455838E+01  0.4377719E+01 -0.2113173E-02 -0.6297152E-03 -0.1462891E+01
   04  0.1318376E+02  0.4377745E+01 -0.3040933E-02 -0.9023612E-03 -0.1462864E+01
   04  0.1691168E+02  0.4377770E+01 -0.3961835E-02 -0.1171904E-02 -0.1462839E+01
   04  0.2063960E+02  0.4377794E+01 -0.4873110E-02 -0.1438754E-02 -0.1462816E+01
   04  0.2436752E+02  0.4377816E+01 -0.5772049E-02 -0.1703153E-02 -0.1462793E+01
   04  0.2809543E+02  0.4377838E+01 -0.6655966E-02 -0.1965223E-02 -0.1462771E+01
   04  0.2995939E+02  0.4377848E+01 -0.7092859E-02 -0.2092988E-02 -0.1462761E+01
   04  0.3182335E+02  0.4377859E+01 -0.7524919E-02 -0.2220336E-02 -0.1462750E+01
   04  0.3348021E+02  0.4377868E+01 -0.7904786E-02 -0.2332961E-02 -0.1462741E+01
   04  0.3513706E+02  0.4377878E+01 -0.8280296E-02 -0.2445251E-02 -0.1462731E+01
   04  0.3679391E+02  0.4377888E+01 -0.8651202E-02 -0.2557198E-02 -0.1462721E+01
   04  0.3845077E+02  0.4377898E+01 -0.9017259E-02 -0.2668794E-02 -0.1462711E+01
   04  0.4010762E+02  0.4377909E+01 -0.9378217E-02 -0.2780036E-02 -0.1462701E+01
   04  0.4176447E+02  0.4377920E+01 -0.9733830E-02 -0.2890924E-02 -0.1462690E+01
   04  0.4342132E+02  0.4377931E+01 -0.1008386E-01 -0.3001463E-02 -0.1462678E+01
   04  0.4507818E+02  0.4377943E+01 -0.1042806E-01 -0.3111660E-02 -0.1462666E+01
   04  0.4673503E+02  0.4377956E+01 -0.1076622E-01 -0.3221526E-02 -0.1462653E+01
   04  0.4839188E+02  0.4377969E+01 -0.1109811E-01 -0.3331072E-02 -0.1462640E+01
   04  0.5004874E+02  0.4377983E+01 -0.1142356E-01 -0.3440314E-02 -0.1462626E+01
   04  0.5170559E+02  0.4377998E+01 -0.1174241E-01 -0.3549266E-02 -0.1462612E+01
   04  0.5336244E+02  0.4378013E+01 -0.1205453E-01 -0.3657943E-02 -0.1462596E+01
   04  0.5501930E+02  0.4378029E+01 -0.1235990E-01 -0.3766445E-02 -0.1462580E+01
   04  0.5667615E+02  0.4378047E+01 -0.1265311E-01 -0.3874893E-02 -0.1462562E+01
   04  0.5833300E+02  0.4378067E+01 -0.1293349E-01 -0.3983334E-02 -0.1462543E+01
   04  0.5998985E+02  0.4378088E+01 -0.1320108E-01 -0.4091796E-02 -0.1462522E+01
   04  0.6164671E+02  0.4378110E+01 -0.1345595E-01 -0.4200308E-02 -0.1462499E+01
   04  0.6330356E+02  0.4378135E+01 -0.1369815E-01 -0.4308889E-02 -0.1462474E+01
   04  0.6496041E+02  0.4378161E+01 -0.1392785E-01 -0.4417557E-02 -0.1462448E+01
   04  0.6661727E+02  0.4378189E+01 -0.1414518E-01 -0.4526326E-02 -0.1462420E+01
   04  0.6827412E+02  0.4378219E+01 -0.1435030E-01 -0.4635208E-02 -0.1462390E+01
   04  0.6993097E+02  0.4378251E+01 -0.1454332E-01 -0.4744213E-02 -0.1462359E+01
   04  0.7158783E+02  0.4378284E+01 -0.1472439E-01 -0.4853350E-02 -0.1462325E+01
   04  0.7324468E+02  0.4378319E+01 -0.1489362E-01 -0.4962624E-02 -0.1462290E+01
   04  0.7490153E+02  0.4378356E+01 -0.1505114E-01 -0.5072041E-02 -0.1462253E+01
   04  0.7655838E+02  0.4378395E+01 -0.1519705E-01 -0.5181603E-02 -0.1462215E+01
   04  0.7821524E+02  0.4378435E+01 -0.1533147E-01 -0.5291312E-02 -0.1462174E+01
   04  0.7987209E+02  0.4378477E+01 -0.1545447E-01 -0.5401167E-02 -0.1462132E+01
   04  0.8152894E+02  0.4378521E+01 -0.1556615E-01 -0.5511167E-02 -0.1462088E+01
   04  0.8318580E+02  0.4378567E+01 -0.1566658E-01 -0.5621308E-02 -0.1462042E+01
   04  0.8484265E+02  0.4378615E+01 -0.1575580E-01 -0.5731585E-02 -0.1461994E+01
   04  0.8649950E+02  0.4378665E+01 -0.1583385E-01 -0.5841230E-02 -0.1461944E+01
   04  0.8815636E+02  0.4378717E+01 -0.1590076E-01 -0.5947413E-02 -0.1461892E+01
   04  0.8981321E+02  0.4378771E+01 -0.1595660E-01 -0.6050287E-02 -0.1461838E+01
   04  0.9147006E+02  0.4378828E+01 -0.1600142E-01 -0.6150005E-02 -0.1461781E+01
   04  0.9445240E+02  0.4378935E+01 -0.1605831E-01 -0.6330433E-02 -0.1461675E+01
   04  0.9743473E+02  0.4379044E+01 -0.1610959E-01 -0.6501568E-02 -0.1461565E+01
   04  0.1004171E+03  0.4379156E+01 -0.1615376E-01 -0.6665011E-02 -0.1461453E+01
   04  0.1033994E+03  0.4379271E+01 -0.1618969E-01 -0.6822175E-02 -0.1461338E+01
   04  0.1063817E+03  0.4379389E+01 -0.1621651E-01 -0.6974317E-02 -0.1461220E+01
   04  0.1093641E+03  0.4379511E+01 -0.1623324E-01 -0.7122565E-02 -0.1461099E+01
   04  0.1123464E+03  0.4379635E+01 -0.1623902E-01 -0.7267929E-02 -0.1460974E+01
   04  0.1153287E+03  0.4379763E+01 -0.1623307E-01 -0.7411311E-02 -0.1460847E+01
   04  0.1183111E+03  0.4379894E+01 -0.1621473E-01 -0.7553511E-02 -0.1460716E+01
   04  0.1212934E+03  0.4380028E+01 -0.1618337E-01 -0.7695246E-02 -0.1460581E+01
   04  0.1242758E+03  0.4380167E+01 -0.1613846E-01 -0.7836816E-02 -0.1460442E+01
   04  0.1272581E+03  0.4380309E+01 -0.1607953E-01 -0.7978240E-02 -0.1460300E+01
   04  0.1302404E+03  0.4380455E+01 -0.1600615E-01 -0.8119490E-02 -0.1460154E+01
   04  0.1332228E+03  0.4380605E+01 -0.1591789E-01 -0.8260553E-02 -0.1460004E+01
   04  0.1362051E+03  0.4380759E+01 -0.1581435E-01 -0.8401424E-02 -0.1459851E+01
   04  0.1391874E+03  0.4380917E+01 -0.1569516E-01 -0.8542112E-02 -0.1459693E+01
   04  0.1421698E+03  0.4381079E+01 -0.1555870E-01 -0.8682666E-02 -0.1459530E+01
   04  0.1451521E+03  0.4381247E+01 -0.1539540E-01 -0.8823280E-02 -0.1459362E+01
   04  0.1481344E+03  0.4381422E+01 -0.1520524E-01 -0.8963751E-02 -0.1459187E+01
   04  0.1511168E+03  0.4381603E+01 -0.1498832E-01 -0.9103910E-02 -0.1459006E+01
   04  0.1540991E+03  0.4381791E+01 -0.1474477E-01 -0.9243615E-02 -0.1458819E+01
   04  0.1570814E+03  0.4381984E+01 -0.1447480E-01 -0.9382749E-02 -0.1458625E+01
   04  0.1600638E+03  0.4382184E+01 -0.1417872E-01 -0.9521216E-02 -0.1458425E+01
   04  0.1630461E+03  0.4382390E+01 -0.1385691E-01 -0.9658939E-02 -0.1458219E+01
   04  0.1660284E+03  0.4382602E+01 -0.1350983E-01 -0.9795855E-02 -0.1458007E+01
   04  0.1690108E+03  0.4382820E+01 -0.1313804E-01 -0.9932170E-02 -0.1457789E+01
   04  0.1719931E+03  0.4383044E+01 -0.1274212E-01 -0.1006819E-01 -0.1457565E+01
   04  0.1749755E+03  0.4383274E+01 -0.1232278E-01 -0.1020416E-01 -0.1457335E+01
   04  0.1779578E+03  0.4383511E+01 -0.1188073E-01 -0.1034031E-01 -0.1457099E+01
   04  0.1809401E+03  0.4383753E+01 -0.1141675E-01 -0.1047681E-01 -0.1456856E+01
   04  0.1824313E+03  0.4383876E+01 -0.1118236E-01 -0.1053715E-01 -0.1456733E+01
   04  0.1839225E+03  0.4384001E+01 -0.1094281E-01 -0.1059777E-01 -0.1456608E+01
   04  0.1854136E+03  0.4384127E+01 -0.1069822E-01 -0.1065869E-01 -0.1456482E+01
   04  0.1869048E+03  0.4384254E+01 -0.1044875E-01 -0.1071991E-01 -0.1456355E+01
   04  0.1883960E+03  0.4384383E+01 -0.1019458E-01 -0.1078145E-01 -0.1456226E+01
   04  0.1898871E+03  0.4384513E+01 -0.9935909E-02 -0.1084330E-01 -0.1456096E+01
   04  0.1913783E+03  0.4384645E+01 -0.9672903E-02 -0.1090548E-01 -0.1455964E+01
   04  0.1928695E+03  0.4384777E+01 -0.9405744E-02 -0.1096798E-01 -0.1455832E+01
   04  0.1943606E+03  0.4384911E+01 -0.9134611E-02 -0.1103081E-01 -0.1455698E+01
   04  0.1958518E+03  0.4385047E+01 -0.8859677E-02 -0.1109398E-01 -0.1455563E+01
   04  0.1973430E+03  0.4385183E+01 -0.8581114E-02 -0.1115747E-01 -0.1455426E+01
   04  0.1988341E+03  0.4385321E+01 -0.8299093E-02 -0.1122128E-01 -0.1455289E+01
   04  0.2003253E+03  0.4385459E+01 -0.8013803E-02 -0.1128542E-01 -0.1455150E+01
   04  0.2018165E+03  0.4385599E+01 -0.7725419E-02 -0.1134988E-01 -0.1455010E+01
   04  0.2033076E+03  0.4385740E+01 -0.7434108E-02 -0.1141466E-01 -0.1454869E+01
   04  0.2047988E+03  0.4385882E+01 -0.7140032E-02 -0.1147975E-01 -0.1454727E+01
   04  0.2062900E+03  0.4386025E+01 -0.6843342E-02 -0.1154514E-01 -0.1454584E+01
   04  0.2077811E+03  0.4386169E+01 -0.6544184E-02 -0.1161082E-01 -0.1454440E+01
   04  0.2092723E+03  0.4386315E+01 -0.6242699E-02 -0.1167679E-01 -0.1454295E+01
   04  0.2107635E+03  0.4386461E+01 -0.5939021E-02 -0.1174305E-01 -0.1454149E+01
   04  0.2122546E+03  0.4386608E+01 -0.5633278E-02 -0.1180957E-01 -0.1454001E+01
   04  0.2137458E+03  0.4386756E+01 -0.5325594E-02 -0.1187635E-01 -0.1453853E+01
   04  0.2152370E+03  0.4386905E+01 -0.5016087E-02 -0.1194336E-01 -0.1453705E+01
   04  0.2167281E+03  0.4387054E+01 -0.4704871E-02 -0.1201059E-01 -0.1453555E+01
   04  0.2182193E+03  0.4387205E+01 -0.4392053E-02 -0.1207802E-01 -0.1453404E+01
   04  0.2197105E+03  0.4387357E+01 -0.4077949E-02 -0.1214564E-01 -0.1453253E+01
   04  0.2212017E+03  0.4387509E+01 -0.3762859E-02 -0.1221343E-01 -0.1453100E+01
   04  0.2226928E+03  0.4387662E+01 -0.3446904E-02 -0.1228138E-01 -0.1452947E+01
   04  0.2241840E+03  0.4387816E+01 -0.3130201E-02 -0.1234946E-01 -0.1452793E+01
   04  0.2256752E+03  0.4387971E+01 -0.2812862E-02 -0.1241767E-01 -0.1452639E+01
   04  0.2271663E+03  0.4388126E+01 -0.2494994E-02 -0.1248599E-01 -0.1452483E+01
   04  0.2286575E+03  0.4388282E+01 -0.2176702E-02 -0.1255440E-01 -0.1452327E+01
   04  0.2301487E+03  0.4388439E+01 -0.1858084E-02 -0.1262289E-01 -0.1452170E+01
   04  0.2316398E+03  0.4388596E+01 -0.1539234E-02 -0.1269145E-01 -0.1452013E+01
   04  0.2331310E+03  0.4388755E+01 -0.1220246E-02 -0.1276007E-01 -0.1451855E+01
   04  0.2346222E+03  0.4388913E+01 -0.9012041E-03 -0.1282873E-01 -0.1451696E+01
   04  0.2361133E+03  0.4389073E+01 -0.5821937E-03 -0.1289743E-01 -0.1451536E+01
   04  0.2376045E+03  0.4389233E+01 -0.2632941E-03 -0.1296614E-01 -0.1451376E+01
   04  0.2390957E+03  0.4389393E+01  0.5541816E-04 -0.1303487E-01 -0.1451216E+01
   04  0.2405868E+03  0.4389555E+01  0.3738733E-03 -0.1310360E-01 -0.1451055E+01
   04  0.2420780E+03  0.4389716E+01  0.6920163E-03 -0.1317232E-01 -0.1450893E+01
   04  0.2435692E+03  0.4389879E+01  0.1009780E-02 -0.1324103E-01 -0.1450731E+01
   04  0.2450603E+03  0.4390041E+01  0.1327103E-02 -0.1330971E-01 -0.1450568E+01
   04  0.2465515E+03  0.4390205E+01  0.1643922E-02 -0.1337837E-01 -0.1450404E+01
   04  0.2480427E+03  0.4390369E+01  0.1960183E-02 -0.1344700E-01 -0.1450241E+01
   04  0.2495338E+03  0.4390533E+01  0.2275831E-02 -0.1351559E-01 -0.1450076E+01
   04  0.2510250E+03  0.4390698E+01  0.2590816E-02 -0.1358415E-01 -0.1449911E+01
   04  0.2525162E+03  0.4390863E+01  0.2905082E-02 -0.1365265E-01 -0.1449746E+01
   04  0.2540073E+03  0.4391029E+01  0.3218586E-02 -0.1372111E-01 -0.1449580E+01
   04  0.2554985E+03  0.4391195E+01  0.3531287E-02 -0.1378952E-01 -0.1449414E+01
   04  0.2569897E+03  0.4391362E+01  0.3843150E-02 -0.1385788E-01 -0.1449248E+01
   04  0.2584808E+03  0.4391529E+01  0.4154139E-02 -0.1392619E-01 -0.1449080E+01
   04  0.2599720E+03  0.4391696E+01  0.4464224E-02 -0.1399444E-01 -0.1448913E+01
   04  0.2614632E+03  0.4391864E+01  0.4773374E-02 -0.1406263E-01 -0.1448745E+01
   04  0.2629543E+03  0.4392032E+01  0.5081564E-02 -0.1413077E-01 -0.1448577E+01
   04  0.2644455E+03  0.4392201E+01  0.5388767E-02 -0.1419884E-01 -0.1448408E+01
   04  0.2659367E+03  0.4392370E+01  0.5694962E-02 -0.1426684E-01 -0.1448239E+01
   04  0.2674278E+03  0.4392540E+01  0.6000129E-02 -0.1433477E-01 -0.1448069E+01
   04  0.2689190E+03  0.4392710E+01  0.6304250E-02 -0.1440263E-01 -0.1447899E+01
   04  0.2704102E+03  0.4392880E+01  0.6607309E-02 -0.1447041E-01 -0.1447729E+01
   04  0.2719014E+03  0.4393051E+01  0.6909294E-02 -0.1453810E-01 -0.1447558E+01
   04  0.2733925E+03  0.4393222E+01  0.7210192E-02 -0.1460570E-01 -0.1447387E+01
   04  0.2748837E+03  0.4393393E+01  0.7509997E-02 -0.1467321E-01 -0.1447216E+01
   04  0.2763749E+03  0.4393565E+01  0.7808701E-02 -0.1474061E-01 -0.1447044E+01
   04  0.2778660E+03  0.4393737E+01  0.8106299E-02 -0.1480791E-01 -0.1446872E+01
   04  0.2793572E+03  0.4393910E+01  0.8402791E-02 -0.1487510E-01 -0.1446700E+01
   04  0.2808484E+03  0.4394082E+01  0.8698175E-02 -0.1494217E-01 -0.1446527E+01
   04  0.2823395E+03  0.4394256E+01  0.8992454E-02 -0.1500912E-01 -0.1446354E+01
   04  0.2838307E+03  0.4394429E+01  0.9285632E-02 -0.1507593E-01 -0.1446180E+01
   04  0.2853219E+03  0.4394603E+01  0.9577716E-02 -0.1514261E-01 -0.1446006E+01
   04  0.2868130E+03  0.4394777E+01  0.9868712E-02 -0.1520914E-01 -0.1445832E+01
   04  0.2883042E+03  0.4394952E+01  0.1015863E-01 -0.1527553E-01 -0.1445657E+01
   04  0.2897954E+03  0.4395127E+01  0.1044748E-01 -0.1534176E-01 -0.1445482E+01
   04  0.2912865E+03  0.4395302E+01  0.1073528E-01 -0.1540784E-01 -0.1445307E+01
   04  0.2927777E+03  0.4395478E+01  0.1102203E-01 -0.1547376E-01 -0.1445131E+01
   04  0.2942689E+03  0.4395654E+01  0.1130776E-01 -0.1553951E-01 -0.1444955E+01
   04  0.2957600E+03  0.4395830E+01  0.1159247E-01 -0.1560509E-01 -0.1444779E+01
   04  0.2972512E+03  0.4396007E+01  0.1187619E-01 -0.1567051E-01 -0.1444602E+01
   04  0.2987424E+03  0.4396184E+01  0.1215894E-01 -0.1573574E-01 -0.1444425E+01
   04  0.3002335E+03  0.4396361E+01  0.1244072E-01 -0.1580080E-01 -0.1444248E+01
   04  0.3017247E+03  0.4396539E+01  0.1272157E-01 -0.1586567E-01 -0.1444070E+01
   04  0.3032159E+03  0.4396717E+01  0.1300149E-01 -0.1593036E-01 -0.1443892E+01
   04  0.3047070E+03  0.4396896E+01  0.1328052E-01 -0.1599485E-01 -0.1443714E+01
   04  0.3061982E+03  0.4397074E+01  0.1355868E-01 -0.1605916E-01 -0.1443535E+01
   04  0.3076894E+03  0.4397254E+01  0.1383598E-01 -0.1612326E-01 -0.1443356E+01
   04  0.3091805E+03  0.4397433E+01  0.1411246E-01 -0.1618716E-01 -0.1443176E+01
   04  0.3106717E+03  0.4397613E+01  0.1438814E-01 -0.1625086E-01 -0.1442996E+01
   04  0.3121629E+03  0.4397794E+01  0.1466306E-01 -0.1631436E-01 -0.1442816E+01
   04  0.3136540E+03  0.4397974E+01  0.1493724E-01 -0.1637765E-01 -0.1442635E+01
   04  0.3151452E+03  0.4398156E+01  0.1521071E-01 -0.1644072E-01 -0.1442454E+01
   04  0.3165017E+03  0.4398321E+01  0.1545807E-01 -0.1649691E-01 -0.1442289E+01
   04  0.3178581E+03  0.4398486E+01  0.1570487E-01 -0.1655294E-01 -0.1442123E+01
   04  0.3192146E+03  0.4398652E+01  0.1595113E-01 -0.1660883E-01 -0.1441957E+01
   04  0.3205710E+03  0.4398818E+01  0.1619689E-01 -0.1666455E-01 -0.1441791E+01
   04  0.3219275E+03  0.4398984E+01  0.1644218E-01 -0.1672011E-01 -0.1441625E+01
   04  0.3232839E+03  0.4399151E+01  0.1668702E-01 -0.1677552E-01 -0.1441458E+01
   04  0.3246404E+03  0.4399318E+01  0.1693144E-01 -0.1683076E-01 -0.1441291E+01
   04  0.3259968E+03  0.4399485E+01  0.1717546E-01 -0.1688583E-01 -0.1441124E+01
   04  0.3273533E+03  0.4399653E+01  0.1741913E-01 -0.1694075E-01 -0.1440956E+01
   04  0.3287097E+03  0.4399821E+01  0.1766246E-01 -0.1699550E-01 -0.1440788E+01
   04  0.3300662E+03  0.4399990E+01  0.1790547E-01 -0.1705008E-01 -0.1440619E+01
   04  0.3314226E+03  0.4400159E+01  0.1814820E-01 -0.1710450E-01 -0.1440450E+01
   04  0.3327791E+03  0.4400328E+01  0.1839067E-01 -0.1715875E-01 -0.1440281E+01
   04  0.3341355E+03  0.4400498E+01  0.1863290E-01 -0.1721284E-01 -0.1440112E+01
   04  0.3354920E+03  0.4400668E+01  0.1887490E-01 -0.1726677E-01 -0.1439942E+01
   04  0.3368484E+03  0.4400838E+01  0.1911671E-01 -0.1732053E-01 -0.1439771E+01
   04  0.3382049E+03  0.4401009E+01  0.1935834E-01 -0.1737413E-01 -0.1439601E+01
   04  0.3395613E+03  0.4401180E+01  0.1959979E-01 -0.1742756E-01 -0.1439429E+01
   04  0.3409178E+03  0.4401351E+01  0.1984109E-01 -0.1748083E-01 -0.1439258E+01
   04  0.3422742E+03  0.4401523E+01  0.2008225E-01 -0.1753393E-01 -0.1439086E+01
   04  0.3436307E+03  0.4401696E+01  0.2032327E-01 -0.1758686E-01 -0.1438914E+01
   04  0.3449871E+03  0.4401868E+01  0.2056416E-01 -0.1763963E-01 -0.1438741E+01
   04  0.3463436E+03  0.4402041E+01  0.2080492E-01 -0.1769222E-01 -0.1438568E+01
   04  0.3477000E+03  0.4402215E+01  0.2104556E-01 -0.1774464E-01 -0.1438394E+01
   04  0.3490565E+03  0.4402389E+01  0.2128607E-01 -0.1779689E-01 -0.1438220E+01
   04  0.3504130E+03  0.4402563E+01  0.2152643E-01 -0.1784896E-01 -0.1438046E+01
   04  0.3517694E+03  0.4402738E+01  0.2176666E-01 -0.1790084E-01 -0.1437871E+01
   04  0.3531259E+03  0.4402913E+01  0.2200672E-01 -0.1795254E-01 -0.1437696E+01
   04  0.3544823E+03  0.4403089E+01  0.2224661E-01 -0.1800405E-01 -0.1437520E+01
   04  0.3558388E+03  0.4403265E+01  0.2248630E-01 -0.1805536E-01 -0.1437344E+01
   04  0.3574665E+03  0.4403477E+01  0.2277558E-01 -0.1811910E-01 -0.1437133E+01
   04  0.3590942E+03  0.4403689E+01  0.2306458E-01 -0.1818243E-01 -0.1436920E+01
   04  0.3607220E+03  0.4403902E+01  0.2335321E-01 -0.1824536E-01 -0.1436707E+01
   04  0.3623497E+03  0.4404116E+01  0.2364142E-01 -0.1830786E-01 -0.1436493E+01
   04  0.3639775E+03  0.4404330E+01  0.2392912E-01 -0.1836992E-01 -0.1436279E+01
   04  0.3656052E+03  0.4404545E+01  0.2421621E-01 -0.1843153E-01 -0.1436064E+01
   04  0.3672329E+03  0.4404761E+01  0.2450261E-01 -0.1849268E-01 -0.1435848E+01
   04  0.3688607E+03  0.4404977E+01  0.2478822E-01 -0.1855334E-01 -0.1435632E+01
   04  0.3704884E+03  0.4405194E+01  0.2507293E-01 -0.1861350E-01 -0.1435415E+01
   04  0.3721162E+03  0.4405411E+01  0.2535663E-01 -0.1867314E-01 -0.1435198E+01
   04  0.3737439E+03  0.4405629E+01  0.2563921E-01 -0.1873223E-01 -0.1434980E+01
   04  0.3753717E+03  0.4405848E+01  0.2592055E-01 -0.1879075E-01 -0.1434761E+01
   04  0.3769994E+03  0.4406067E+01  0.2620052E-01 -0.1884868E-01 -0.1434542E+01
   04  0.3786271E+03  0.4406287E+01  0.2647899E-01 -0.1890599E-01 -0.1434322E+01
   04  0.3802549E+03  0.4406507E+01  0.2675585E-01 -0.1896266E-01 -0.1434102E+01
   04  0.3818826E+03  0.4406728E+01  0.2703095E-01 -0.1901865E-01 -0.1433882E+01
   04  0.3835104E+03  0.4406949E+01  0.2730417E-01 -0.1907395E-01 -0.1433660E+01
   04  0.3851381E+03  0.4407171E+01  0.2757537E-01 -0.1912852E-01 -0.1433439E+01
   04  0.3867658E+03  0.4407393E+01  0.2784442E-01 -0.1918234E-01 -0.1433216E+01
   04  0.3883936E+03  0.4407616E+01  0.2811119E-01 -0.1923537E-01 -0.1432994E+01
   04  0.3900213E+03  0.4407839E+01  0.2837556E-01 -0.1928759E-01 -0.1432771E+01
   04  0.3916491E+03  0.4408062E+01  0.2863740E-01 -0.1933897E-01 -0.1432547E+01
   04  0.3932768E+03  0.4408286E+01  0.2889658E-01 -0.1938949E-01 -0.1432323E+01
   04  0.3949046E+03  0.4408510E+01  0.2915299E-01 -0.1943913E-01 -0.1432099E+01
   04  0.3965323E+03  0.4408735E+01  0.2940652E-01 -0.1948784E-01 -0.1431874E+01
   04  0.3981600E+03  0.4408960E+01  0.2965707E-01 -0.1953562E-01 -0.1431650E+01
   04  0.3997878E+03  0.4409185E+01  0.2990454E-01 -0.1958245E-01 -0.1431424E+01
   04  0.4014155E+03  0.4409410E+01  0.3014885E-01 -0.1962830E-01 -0.1431199E+01
   04  0.4030433E+03  0.4409636E+01  0.3038991E-01 -0.1967315E-01 -0.1430973E+01
   04  0.4046710E+03  0.4409862E+01  0.3062766E-01 -0.1971700E-01 -0.1430748E+01
   04  0.4062987E+03  0.4410088E+01  0.3086205E-01 -0.1975983E-01 -0.1430522E+01
   04  0.4079265E+03  0.4410314E+01  0.3109305E-01 -0.1980162E-01 -0.1430295E+01
   04  0.4095542E+03  0.4410540E+01  0.3132063E-01 -0.1984238E-01 -0.1430069E+01
   04  0.4111820E+03  0.4410766E+01  0.3154481E-01 -0.1988210E-01 -0.1429843E+01
   04  0.4128097E+03  0.4410993E+01  0.3176559E-01 -0.1992077E-01 -0.1429617E+01
   04  0.4144375E+03  0.4411219E+01  0.3198303E-01 -0.1995839E-01 -0.1429390E+01
   04  0.4160652E+03  0.4411445E+01  0.3219686E-01 -0.1999498E-01 -0.1429164E+01
   04  0.4176929E+03  0.4411671E+01  0.3240387E-01 -0.2003050E-01 -0.1428938E+01
   04  0.4193207E+03  0.4411896E+01  0.3260440E-01 -0.2006499E-01 -0.1428713E+01
   04  0.4209484E+03  0.4412121E+01  0.3279875E-01 -0.2009850E-01 -0.1428488E+01
   04  0.4225762E+03  0.4412345E+01  0.3298723E-01 -0.2013108E-01 -0.1428264E+01
   04  0.4242039E+03  0.4412569E+01  0.3317013E-01 -0.2016280E-01 -0.1428040E+01
   04  0.4258316E+03  0.4412793E+01  0.3334774E-01 -0.2019372E-01 -0.1427817E+01
   04  0.4274594E+03  0.4413016E+01  0.3352033E-01 -0.2022392E-01 -0.1427593E+01
   04  0.4290871E+03  0.4413238E+01  0.3368819E-01 -0.2025347E-01 -0.1427371E+01
   04  0.4307149E+03  0.4413461E+01  0.3385156E-01 -0.2028243E-01 -0.1427148E+01
   04  0.4323426E+03  0.4413683E+01  0.3401069E-01 -0.2031088E-01 -0.1426926E+01
   04  0.4339704E+03  0.4413904E+01  0.3416583E-01 -0.2033889E-01 -0.1426705E+01
   04  0.4355981E+03  0.4414126E+01  0.3431718E-01 -0.2036653E-01 -0.1426484E+01
   04  0.4372258E+03  0.4414347E+01  0.3446497E-01 -0.2039389E-01 -0.1426263E+01
   04  0.4388536E+03  0.4414567E+01  0.3460939E-01 -0.2042105E-01 -0.1426042E+01
   04  0.4404813E+03  0.4414787E+01  0.3475062E-01 -0.2044808E-01 -0.1425822E+01
   04  0.4421091E+03  0.4415007E+01  0.3488882E-01 -0.2047508E-01 -0.1425602E+01
   04  0.4437368E+03  0.4415227E+01  0.3502415E-01 -0.2050213E-01 -0.1425382E+01
   04  0.4453645E+03  0.4415446E+01  0.3515675E-01 -0.2052933E-01 -0.1425163E+01
   04  0.4469923E+03  0.4415665E+01  0.3528673E-01 -0.2055676E-01 -0.1424944E+01
   04  0.4486200E+03  0.4415884E+01  0.3541420E-01 -0.2058452E-01 -0.1424725E+01
   04  0.4502478E+03  0.4416103E+01  0.3553924E-01 -0.2061273E-01 -0.1424506E+01
   04  0.4518755E+03  0.4416321E+01  0.3566191E-01 -0.2064150E-01 -0.1424288E+01
   04  0.4535033E+03  0.4416539E+01  0.3578227E-01 -0.2067096E-01 -0.1424070E+01
   04  0.4551310E+03  0.4416757E+01  0.3590034E-01 -0.2070121E-01 -0.1423853E+01
   04  0.4567587E+03  0.4416974E+01  0.3601611E-01 -0.2073236E-01 -0.1423635E+01
   04  0.4583865E+03  0.4417191E+01  0.3612959E-01 -0.2076452E-01 -0.1423418E+01
   04  0.4600142E+03  0.4417408E+01  0.3624073E-01 -0.2079780E-01 -0.1423201E+01
   04  0.4616420E+03  0.4417625E+01  0.3634948E-01 -0.2083228E-01 -0.1422984E+01
   04  0.4632697E+03  0.4417841E+01  0.3645576E-01 -0.2086802E-01 -0.1422768E+01
   04  0.4648974E+03  0.4418058E+01  0.3655889E-01 -0.2090367E-01 -0.1422551E+01
   04  0.4665252E+03  0.4418274E+01  0.3665826E-01 -0.2094091E-01 -0.1422335E+01
   04  0.4681529E+03  0.4418491E+01  0.3675442E-01 -0.2097973E-01 -0.1422119E+01
   04  0.4697807E+03  0.4418708E+01  0.3685442E-01 -0.2102021E-01 -0.1421901E+01
   04  0.4714084E+03  0.4418927E+01  0.3695821E-01 -0.2106226E-01 -0.1421682E+01
   04  0.4730362E+03  0.4419147E+01  0.3706572E-01 -0.2110582E-01 -0.1421462E+01
   04  0.4746639E+03  0.4419369E+01  0.3717682E-01 -0.2115082E-01 -0.1421240E+01
   04  0.4762916E+03  0.4419592E+01  0.3729138E-01 -0.2119720E-01 -0.1421017E+01
   04  0.4779194E+03  0.4419816E+01  0.3740923E-01 -0.2124491E-01 -0.1420793E+01
   04  0.4795471E+03  0.4420042E+01  0.3753014E-01 -0.2129392E-01 -0.1420567E+01
   04  0.4811749E+03  0.4420270E+01  0.3765388E-01 -0.2134416E-01 -0.1420340E+01
   04  0.4828026E+03  0.4420499E+01  0.3778015E-01 -0.2139562E-01 -0.1420110E+01
   04  0.4844303E+03  0.4420730E+01  0.3790863E-01 -0.2144825E-01 -0.1419879E+01
   04  0.4860581E+03  0.4420963E+01  0.3803896E-01 -0.2150203E-01 -0.1419647E+01
   04  0.4876858E+03  0.4421197E+01  0.3817073E-01 -0.2155693E-01 -0.1419412E+01
   04  0.4893136E+03  0.4421434E+01  0.3830349E-01 -0.2161292E-01 -0.1419175E+01
   04  0.4909413E+03  0.4421673E+01  0.3843676E-01 -0.2167006E-01 -0.1418936E+01
   04  0.4925691E+03  0.4421914E+01  0.3856998E-01 -0.2172842E-01 -0.1418695E+01
   04  0.4941968E+03  0.4422158E+01  0.3870257E-01 -0.2178804E-01 -0.1418452E+01
   04  0.4958245E+03  0.4422403E+01  0.3883388E-01 -0.2184897E-01 -0.1418206E+01
   04  0.4974523E+03  0.4422652E+01  0.3896321E-01 -0.2191126E-01 -0.1417957E+01
   04  0.4990800E+03  0.4422903E+01  0.3908980E-01 -0.2197491E-01 -0.1417706E+01
   04  0.5007078E+03  0.4423157E+01  0.3921283E-01 -0.2203996E-01 -0.1417452E+01
   04  0.5023355E+03  0.4423414E+01  0.3933139E-01 -0.2210641E-01 -0.1417195E+01
   04  0.5039632E+03  0.4423675E+01  0.3944455E-01 -0.2217423E-01 -0.1416934E+01
   04  0.5055910E+03  0.4423939E+01  0.3955125E-01 -0.2224343E-01 -0.1416671E+01
   04  0.5072187E+03  0.4424206E+01  0.3965041E-01 -0.2231397E-01 -0.1416403E+01
   04  0.5088465E+03  0.4424477E+01  0.3974083E-01 -0.2238581E-01 -0.1416132E+01
   04  0.5104742E+03  0.4424752E+01  0.3982126E-01 -0.2245890E-01 -0.1415858E+01
   04  0.5121020E+03  0.4425031E+01  0.3989043E-01 -0.2253319E-01 -0.1415579E+01
   04  0.5137297E+03  0.4425314E+01  0.3994690E-01 -0.2260860E-01 -0.1415295E+01
   04  0.5153574E+03  0.4425602E+01  0.3998914E-01 -0.2268504E-01 -0.1415008E+01
   04  0.5169852E+03  0.4425895E+01  0.4001377E-01 -0.2276353E-01 -0.1414715E+01
   04  0.5186129E+03  0.4426193E+01  0.4001748E-01 -0.2284281E-01 -0.1414416E+01
   04  0.5202407E+03  0.4426497E+01  0.3999787E-01 -0.2292275E-01 -0.1414112E+01
   04  0.5218684E+03  0.4426807E+01  0.3995237E-01 -0.2300323E-01 -0.1413802E+01
   04  0.5234961E+03  0.4427124E+01  0.3987827E-01 -0.2308409E-01 -0.1413485E+01
   04  0.5251239E+03  0.4427447E+01  0.3977265E-01 -0.2316520E-01 -0.1413162E+01
   04  0.5267516E+03  0.4427778E+01  0.3963246E-01 -0.2324640E-01 -0.1412831E+01
   04  0.5283794E+03  0.4428117E+01  0.3945450E-01 -0.2332753E-01 -0.1412492E+01
   04  0.5300071E+03  0.4428463E+01  0.3923538E-01 -0.2340842E-01 -0.1412146E+01
   04  0.5316349E+03  0.4428819E+01  0.3897155E-01 -0.2348892E-01 -0.1411791E+01
   04  0.5332626E+03  0.4429183E+01  0.3865929E-01 -0.2356885E-01 -0.1411426E+01
   04  0.5348903E+03  0.4429557E+01  0.3829468E-01 -0.2364804E-01 -0.1411053E+01
   04  0.5365181E+03  0.4429940E+01  0.3787366E-01 -0.2372633E-01 -0.1410669E+01
   04  0.5381458E+03  0.4430334E+01  0.3739197E-01 -0.2380356E-01 -0.1410275E+01
   04  0.5397736E+03  0.4430739E+01  0.3684524E-01 -0.2387954E-01 -0.1409870E+01
   04  0.5414013E+03  0.4431156E+01  0.3622892E-01 -0.2395413E-01 -0.1409453E+01
   04  0.5430290E+03  0.4431585E+01  0.3553830E-01 -0.2402716E-01 -0.1409025E+01
   04  0.5446568E+03  0.4432026E+01  0.3476857E-01 -0.2409850E-01 -0.1408583E+01
   04  0.5462845E+03  0.4432480E+01  0.3391476E-01 -0.2416800E-01 -0.1408129E+01
   04  0.5479123E+03  0.4432949E+01  0.3297177E-01 -0.2423554E-01 -0.1407661E+01
   04  0.5495400E+03  0.4433431E+01  0.3193441E-01 -0.2430099E-01 -0.1407178E+01
   04  0.5511678E+03  0.4433929E+01  0.3079614E-01 -0.2436425E-01 -0.1406680E+01
   04  0.5527955E+03  0.4434440E+01  0.2954233E-01 -0.2442510E-01 -0.1406169E+01
   04  0.5544232E+03  0.4434965E+01  0.2816728E-01 -0.2448359E-01 -0.1405644E+01
   04  0.5560510E+03  0.4435505E+01  0.2666526E-01 -0.2453976E-01 -0.1405104E+01
   04  0.5576787E+03  0.4436060E+01  0.2503048E-01 -0.2459367E-01 -0.1404549E+01
   04  0.5593065E+03  0.4436631E+01  0.2325714E-01 -0.2464537E-01 -0.1403978E+01
   04  0.5609342E+03  0.4437219E+01  0.2133946E-01 -0.2469496E-01 -0.1403390E+01
   04  0.5625619E+03  0.4437823E+01  0.1927161E-01 -0.2474252E-01 -0.1402786E+01
   04  0.5641897E+03  0.4438445E+01  0.1704784E-01 -0.2478815E-01 -0.1402164E+01
   04  0.5658174E+03  0.4439085E+01  0.1466240E-01 -0.2483197E-01 -0.1401524E+01
   04  0.5674452E+03  0.4439744E+01  0.1210961E-01 -0.2487411E-01 -0.1400865E+01
   04  0.5690729E+03  0.4440421E+01  0.9383851E-02 -0.2491469E-01 -0.1400188E+01
   04  0.5707007E+03  0.4441119E+01  0.6479587E-02 -0.2495387E-01 -0.1399491E+01
   04  0.5723284E+03  0.4441836E+01  0.3391382E-02 -0.2499179E-01 -0.1398773E+01
   04  0.5739561E+03  0.4442574E+01  0.1137105E-03 -0.2502862E-01 -0.1398036E+01
   04  0.5755839E+03  0.4443333E+01 -0.3358889E-02 -0.2506455E-01 -0.1397277E+01
   04  0.5772116E+03  0.4444113E+01 -0.7029431E-02 -0.2509974E-01 -0.1396496E+01
   04  0.5788394E+03  0.4444916E+01 -0.1090260E-01 -0.2513442E-01 -0.1395694E+01
   04  0.5804671E+03  0.4445740E+01 -0.1498289E-01 -0.2516877E-01 -0.1394869E+01
   04  0.5820948E+03  0.4446588E+01 -0.1927450E-01 -0.2520304E-01 -0.1394021E+01
   04  0.5837226E+03  0.4447459E+01 -0.2378133E-01 -0.2523746E-01 -0.1393150E+01
   04  0.5853503E+03  0.4448353E+01 -0.2850696E-01 -0.2527231E-01 -0.1392256E+01
   04  0.5869781E+03  0.4449270E+01 -0.3345460E-01 -0.2530791E-01 -0.1391339E+01
   04  0.5886058E+03  0.4450212E+01 -0.3862712E-01 -0.2534456E-01 -0.1390398E+01
   04  0.5902336E+03  0.4451177E+01 -0.4402702E-01 -0.2538257E-01 -0.1389432E+01
   04  0.5918613E+03  0.4452166E+01 -0.4965639E-01 -0.2542223E-01 -0.1388443E+01
   04  0.5934890E+03  0.4453179E+01 -0.5551694E-01 -0.2546385E-01 -0.1387430E+01
   04  0.5951168E+03  0.4454216E+01 -0.6160998E-01 -0.2550773E-01 -0.1386393E+01
   04  0.5967445E+03  0.4455277E+01 -0.6793640E-01 -0.2555419E-01 -0.1385333E+01
   04  0.5983723E+03  0.4456361E+01 -0.7449671E-01 -0.2560354E-01 -0.1384248E+01
