# gauge_id= 304 location=( -0.1241920000E+03  0.4175062500E+02 ) num_var=  4
# Stationary gauge
# level, time, q[  1  2  3], eta, aux[]
# file format ascii, time series follow in this file
   04  0.0000000E+00  0.1227984E+01  0.0000000E+00  0.0000000E+00  0.0000000E+00
   04  0.1000000E+01  0.1227984E+01  0.1271753E-16 -0.4695144E-19 -0.1459961E+01
   04  0.1015873E+01  0.1227984E+01 -0.1822059E-05 -0.3462502E-06 -0.1459961E+01
   04  0.1031746E+01  0.1227984E+01 -0.3644188E-05 -0.6925052E-06 -0.1459961E+01
   04  0.1047619E+01  0.1227984E+01 -0.5466390E-05 -0.1038765E-05 -0.1459961E+01
   04  0.1063492E+01  0.1227984E+01 -0.7288663E-05 -0.1385030E-05 -0.1459961E+01
   04  0.1079365E+01  0.1227984E+01 -0.9111007E-05 -0.1731300E-05 -0.1459961E+01
   04  0.1095238E+01  0.1227984E+01 -0.1093342E-04 -0.2077574E-05 -0.1459961E+01
   04  0.1111111E+01  0.1227984E+01 -0.1275591E-04 -0.2423854E-05 -0.1459961E+01
   04  0.1126984E+01  0.1227984E+01 -0.1457847E-04 -0.2770138E-05 -0.1459961E+01
   04  0.1142857E+01  0.1227984E+01 -0.1640110E-04 -0.3116427E-05 -0.1459961E+01
   04  0.1158730E+01  0.1227984E+01 -0.1822380E-04 -0.3462721E-05 -0.1459961E+01
   04  0.1174603E+01  0.1227984E+01 -0.2004658E-04 -0.3809020E-05 -0.1459961E+01
   04  0.1190476E+01  0.1227984E+01 -0.2186943E-04 -0.4155324E-05 -0.1459961E+01
   04  0.1206349E+01  0.1227984E+01 -0.2369235E-04 -0.4501632E-05 -0.1459961E+01
   04  0.1222222E+01  0.1227984E+01 -0.2551534E-04 -0.4847945E-05 -0.1459961E+01
   04  0.1238095E+01  0.1227984E+01 -0.2733841E-04 -0.5194263E-05 -0.1459961E+01
   04  0.1253968E+01  0.1227984E+01 -0.2916154E-04 -0.5540586E-05 -0.1459961E+01
   04  0.1269841E+01  0.1227984E+01 -0.3098475E-04 -0.5886913E-05 -0.1459961E+01
   04  0.1285714E+01  0.1227984E+01 -0.3280804E-04 -0.6233246E-05 -0.1459961E+01
   04  0.1301587E+01  0.1227984E+01 -0.3463139E-04 -0.6579582E-05 -0.1459961E+01
   04  0.1317460E+01  0.1227984E+01 -0.3645482E-04 -0.6925924E-05 -0.1459961E+01
   04  0.1333333E+01  0.1227984E+01 -0.3827832E-04 -0.7272270E-05 -0.1459961E+01
   04  0.1349206E+01  0.1227984E+01 -0.4010190E-04 -0.7618621E-05 -0.1459961E+01
   04  0.1365079E+01  0.1227984E+01 -0.4192554E-04 -0.7964977E-05 -0.1459961E+01
   04  0.1380952E+01  0.1227984E+01 -0.4374926E-04 -0.8311337E-05 -0.1459961E+01
   04  0.1396825E+01  0.1227984E+01 -0.4557306E-04 -0.8657702E-05 -0.1459961E+01
   04  0.1412698E+01  0.1227984E+01 -0.4739693E-04 -0.9004072E-05 -0.1459961E+01
   04  0.1428571E+01  0.1227984E+01 -0.4922087E-04 -0.9350446E-05 -0.1459961E+01
   04  0.1476190E+01  0.1227984E+01 -0.5469313E-04 -0.1038989E-04 -0.1459961E+01
   04  0.1523810E+01  0.1227984E+01 -0.6016607E-04 -0.1142938E-04 -0.1459961E+01
   04  0.1571429E+01  0.1227984E+01 -0.6563967E-04 -0.1246891E-04 -0.1459961E+01
   04  0.1619048E+01  0.1227984E+01 -0.7111393E-04 -0.1350848E-04 -0.1459961E+01
   04  0.1666667E+01  0.1227984E+01 -0.7658887E-04 -0.1454809E-04 -0.1459961E+01
   04  0.1714286E+01  0.1227984E+01 -0.8206448E-04 -0.1558774E-04 -0.1459961E+01
   04  0.1761905E+01  0.1227984E+01 -0.8754077E-04 -0.1662743E-04 -0.1459961E+01
   04  0.1809524E+01  0.1227984E+01 -0.9301773E-04 -0.1766716E-04 -0.1459962E+01
   04  0.1857143E+01  0.1227984E+01 -0.9849538E-04 -0.1870692E-04 -0.1459962E+01
   04  0.1904762E+01  0.1227984E+01 -0.1039737E-03 -0.1974673E-04 -0.1459962E+01
   04  0.1952381E+01  0.1227984E+01 -0.1094527E-03 -0.2078657E-04 -0.1459962E+01
   04  0.2000000E+01  0.1227984E+01 -0.1149324E-03 -0.2182646E-04 -0.1459962E+01
   04  0.5727919E+01  0.1227983E+01 -0.5457233E-03 -0.1059159E-03 -0.1459963E+01
   04  0.9455838E+01  0.1227982E+01 -0.9812091E-03 -0.1899526E-03 -0.1459963E+01
   04  0.1318376E+02  0.1227982E+01 -0.1422224E-02 -0.2738410E-03 -0.1459963E+01
   04  0.1691168E+02  0.1227982E+01 -0.1869485E-02 -0.3575175E-03 -0.1459963E+01
   04  0.2063960E+02  0.1227982E+01 -0.2323618E-02 -0.4409398E-03 -0.1459963E+01
   04  0.2436752E+02  0.1227981E+01 -0.2785184E-02 -0.5240798E-03 -0.1459964E+01
   04  0.2809543E+02  0.1227980E+01 -0.3254687E-02 -0.6069171E-03 -0.1459965E+01
   04  0.2995939E+02  0.1227979E+01 -0.3493293E-02 -0.6476811E-03 -0.1459966E+01
   04  0.3182335E+02  0.1227978E+01 -0.3734159E-02 -0.6883873E-03 -0.1459967E+01
   04  0.3348021E+02  0.1227977E+01 -0.3950281E-02 -0.7244700E-03 -0.1459968E+01
   04  0.3513706E+02  0.1227976E+01 -0.4168275E-02 -0.7605063E-03 -0.1459969E+01
   04  0.3679391E+02  0.1227974E+01 -0.4388175E-02 -0.7964947E-03 -0.1459971E+01
   04  0.3845077E+02  0.1227972E+01 -0.4610014E-02 -0.8324333E-03 -0.1459973E+01
   04  0.4010762E+02  0.1227970E+01 -0.4833824E-02 -0.8683202E-03 -0.1459975E+01
   04  0.4176447E+02  0.1227968E+01 -0.5059636E-02 -0.9041533E-03 -0.1459977E+01
   04  0.4342132E+02  0.1227966E+01 -0.5287480E-02 -0.9399302E-03 -0.1459979E+01
   04  0.4507818E+02  0.1227963E+01 -0.5517386E-02 -0.9756487E-03 -0.1459982E+01
   04  0.4673503E+02  0.1227960E+01 -0.5749382E-02 -0.1011306E-02 -0.1459985E+01
   04  0.4839188E+02  0.1227957E+01 -0.5983495E-02 -0.1046900E-02 -0.1459988E+01
   04  0.5004874E+02  0.1227954E+01 -0.6219755E-02 -0.1082429E-02 -0.1459991E+01
   04  0.5170559E+02  0.1227950E+01 -0.6458189E-02 -0.1117889E-02 -0.1459995E+01
   04  0.5336244E+02  0.1227946E+01 -0.6698829E-02 -0.1153279E-02 -0.1459999E+01
   04  0.5501930E+02  0.1227942E+01 -0.6941704E-02 -0.1188596E-02 -0.1460003E+01
   04  0.5667615E+02  0.1227938E+01 -0.7186844E-02 -0.1223840E-02 -0.1460007E+01
   04  0.5833300E+02  0.1227933E+01 -0.7434130E-02 -0.1259013E-02 -0.1460012E+01
   04  0.5998985E+02  0.1227929E+01 -0.7683424E-02 -0.1294118E-02 -0.1460017E+01
   04  0.6164671E+02  0.1227924E+01 -0.7934579E-02 -0.1329157E-02 -0.1460022E+01
   04  0.6330356E+02  0.1227918E+01 -0.8187447E-02 -0.1364135E-02 -0.1460027E+01
   04  0.6496041E+02  0.1227913E+01 -0.8441848E-02 -0.1399057E-02 -0.1460032E+01
   04  0.6661727E+02  0.1227908E+01 -0.8697605E-02 -0.1433928E-02 -0.1460037E+01
   04  0.6827412E+02  0.1227903E+01 -0.8954542E-02 -0.1468755E-02 -0.1460042E+01
   04  0.6993097E+02  0.1227898E+01 -0.9212484E-02 -0.1503543E-02 -0.1460048E+01
   04  0.7158783E+02  0.1227892E+01 -0.9471256E-02 -0.1538301E-02 -0.1460053E+01
   04  0.7324468E+02  0.1227887E+01 -0.9730685E-02 -0.1573034E-02 -0.1460058E+01
   04  0.7490153E+02  0.1227882E+01 -0.9990602E-02 -0.1607750E-02 -0.1460063E+01
   04  0.7655838E+02  0.1227878E+01 -0.1025084E-01 -0.1642459E-02 -0.1460067E+01
   04  0.7821524E+02  0.1227873E+01 -0.1051124E-01 -0.1677167E-02 -0.1460072E+01
   04  0.7987209E+02  0.1227869E+01 -0.1077164E-01 -0.1711884E-02 -0.1460076E+01
   04  0.8152894E+02  0.1227865E+01 -0.1103189E-01 -0.1746619E-02 -0.1460080E+01
   04  0.8318580E+02  0.1227862E+01 -0.1129187E-01 -0.1781380E-02 -0.1460083E+01
   04  0.8484265E+02  0.1227859E+01 -0.1155143E-01 -0.1816179E-02 -0.1460086E+01
   04  0.8649950E+02  0.1227856E+01 -0.1181047E-01 -0.1851024E-02 -0.1460089E+01
   04  0.8815636E+02  0.1227854E+01 -0.1206884E-01 -0.1885927E-02 -0.1460091E+01
   04  0.8981321E+02  0.1227853E+01 -0.1232638E-01 -0.1920895E-02 -0.1460092E+01
   04  0.9147006E+02  0.1227852E+01 -0.1258296E-01 -0.1955939E-02 -0.1460093E+01
   04  0.9445240E+02  0.1227853E+01 -0.1303802E-01 -0.2019084E-02 -0.1460092E+01
   04  0.9743473E+02  0.1227859E+01 -0.1347322E-01 -0.2082638E-02 -0.1460086E+01
   04  0.1004171E+03  0.1227870E+01 -0.1388876E-01 -0.2146572E-02 -0.1460075E+01
   04  0.1033994E+03  0.1227887E+01 -0.1428487E-01 -0.2210866E-02 -0.1460059E+01
   04  0.1063817E+03  0.1227908E+01 -0.1466173E-01 -0.2275508E-02 -0.1460037E+01
   04  0.1093641E+03  0.1227935E+01 -0.1501953E-01 -0.2340490E-02 -0.1460010E+01
   04  0.1123464E+03  0.1227967E+01 -0.1535846E-01 -0.2405815E-02 -0.1459978E+01
   04  0.1153287E+03  0.1228005E+01 -0.1567867E-01 -0.2471489E-02 -0.1459940E+01
   04  0.1183111E+03  0.1228048E+01 -0.1598034E-01 -0.2537523E-02 -0.1459897E+01
   04  0.1212934E+03  0.1228096E+01 -0.1626358E-01 -0.2603934E-02 -0.1459849E+01
   04  0.1242758E+03  0.1228151E+01 -0.1652848E-01 -0.2668327E-02 -0.1459794E+01
   04  0.1272581E+03  0.1228211E+01 -0.1677516E-01 -0.2729855E-02 -0.1459734E+01
   04  0.1302404E+03  0.1228278E+01 -0.1700375E-01 -0.2789088E-02 -0.1459667E+01
   04  0.1332228E+03  0.1228352E+01 -0.1721431E-01 -0.2846492E-02 -0.1459593E+01
   04  0.1362051E+03  0.1228431E+01 -0.1740678E-01 -0.2902445E-02 -0.1459514E+01
   04  0.1391874E+03  0.1228518E+01 -0.1758103E-01 -0.2957262E-02 -0.1459428E+01
   04  0.1421698E+03  0.1228610E+01 -0.1773928E-01 -0.3011189E-02 -0.1459335E+01
   04  0.1451521E+03  0.1228704E+01 -0.1790055E-01 -0.3064339E-02 -0.1459241E+01
   04  0.1481344E+03  0.1228801E+01 -0.1806427E-01 -0.3117082E-02 -0.1459144E+01
   04  0.1511168E+03  0.1228900E+01 -0.1822989E-01 -0.3169736E-02 -0.1459045E+01
   04  0.1540991E+03  0.1229001E+01 -0.1839686E-01 -0.3222578E-02 -0.1458944E+01
   04  0.1570814E+03  0.1229106E+01 -0.1856463E-01 -0.3275854E-02 -0.1458839E+01
   04  0.1600638E+03  0.1229213E+01 -0.1873265E-01 -0.3329781E-02 -0.1458732E+01
   04  0.1630461E+03  0.1229324E+01 -0.1890034E-01 -0.3384556E-02 -0.1458622E+01
   04  0.1660284E+03  0.1229437E+01 -0.1906715E-01 -0.3440360E-02 -0.1458508E+01
   04  0.1690108E+03  0.1229554E+01 -0.1923250E-01 -0.3497155E-02 -0.1458391E+01
   04  0.1719931E+03  0.1229674E+01 -0.1939578E-01 -0.3554905E-02 -0.1458271E+01
   04  0.1749755E+03  0.1229798E+01 -0.1955641E-01 -0.3613582E-02 -0.1458147E+01
   04  0.1779578E+03  0.1229926E+01 -0.1971379E-01 -0.3673159E-02 -0.1458019E+01
   04  0.1809401E+03  0.1230057E+01 -0.1986732E-01 -0.3733619E-02 -0.1457888E+01
   04  0.1824313E+03  0.1230124E+01 -0.1994382E-01 -0.3762826E-02 -0.1457821E+01
   04  0.1839225E+03  0.1230191E+01 -0.2001908E-01 -0.3792256E-02 -0.1457754E+01
   04  0.1854136E+03  0.1230259E+01 -0.2009302E-01 -0.3821906E-02 -0.1457686E+01
   04  0.1869048E+03  0.1230329E+01 -0.2016556E-01 -0.3851774E-02 -0.1457616E+01
   04  0.1883960E+03  0.1230399E+01 -0.2023663E-01 -0.3881859E-02 -0.1457546E+01
   04  0.1898871E+03  0.1230471E+01 -0.2030614E-01 -0.3912159E-02 -0.1457474E+01
   04  0.1913783E+03  0.1230543E+01 -0.2037403E-01 -0.3942673E-02 -0.1457402E+01
   04  0.1928695E+03  0.1230617E+01 -0.2044022E-01 -0.3973398E-02 -0.1457328E+01
   04  0.1943606E+03  0.1230691E+01 -0.2050463E-01 -0.4004335E-02 -0.1457254E+01
   04  0.1958518E+03  0.1230767E+01 -0.2056721E-01 -0.4035481E-02 -0.1457178E+01
   04  0.1973430E+03  0.1230844E+01 -0.2062788E-01 -0.4066839E-02 -0.1457101E+01
   04  0.1988341E+03  0.1230922E+01 -0.2068659E-01 -0.4098407E-02 -0.1457024E+01
   04  0.2003253E+03  0.1231001E+01 -0.2074327E-01 -0.4130186E-02 -0.1456945E+01
   04  0.2018165E+03  0.1231081E+01 -0.2079786E-01 -0.4162177E-02 -0.1456865E+01
   04  0.2033076E+03  0.1231162E+01 -0.2085032E-01 -0.4194377E-02 -0.1456783E+01
   04  0.2047988E+03  0.1231244E+01 -0.2090059E-01 -0.4226789E-02 -0.1456701E+01
   04  0.2062900E+03  0.1231328E+01 -0.2094863E-01 -0.4259409E-02 -0.1456617E+01
   04  0.2077811E+03  0.1231413E+01 -0.2099440E-01 -0.4292239E-02 -0.1456533E+01
   04  0.2092723E+03  0.1231498E+01 -0.2103786E-01 -0.4325277E-02 -0.1456447E+01
   04  0.2107635E+03  0.1231586E+01 -0.2107899E-01 -0.4358522E-02 -0.1456360E+01
   04  0.2122546E+03  0.1231674E+01 -0.2111775E-01 -0.4391974E-02 -0.1456271E+01
   04  0.2137458E+03  0.1231763E+01 -0.2115412E-01 -0.4425639E-02 -0.1456182E+01
   04  0.2152370E+03  0.1231854E+01 -0.2118808E-01 -0.4459518E-02 -0.1456091E+01
   04  0.2167281E+03  0.1231946E+01 -0.2121962E-01 -0.4493615E-02 -0.1455999E+01
   04  0.2182193E+03  0.1232039E+01 -0.2124872E-01 -0.4527937E-02 -0.1455906E+01
   04  0.2197105E+03  0.1232134E+01 -0.2127372E-01 -0.4562771E-02 -0.1455812E+01
   04  0.2212017E+03  0.1232230E+01 -0.2129349E-01 -0.4597840E-02 -0.1455715E+01
   04  0.2226928E+03  0.1232328E+01 -0.2130798E-01 -0.4633138E-02 -0.1455617E+01
   04  0.2241840E+03  0.1232428E+01 -0.2131713E-01 -0.4668658E-02 -0.1455517E+01
   04  0.2256752E+03  0.1232529E+01 -0.2132090E-01 -0.4704394E-02 -0.1455416E+01
   04  0.2271663E+03  0.1232632E+01 -0.2131923E-01 -0.4740341E-02 -0.1455313E+01
   04  0.2286575E+03  0.1232737E+01 -0.2131210E-01 -0.4776490E-02 -0.1455208E+01
   04  0.2301487E+03  0.1232844E+01 -0.2129947E-01 -0.4812836E-02 -0.1455101E+01
   04  0.2316398E+03  0.1232952E+01 -0.2128132E-01 -0.4849369E-02 -0.1454993E+01
   04  0.2331310E+03  0.1233062E+01 -0.2125763E-01 -0.4886083E-02 -0.1454883E+01
   04  0.2346222E+03  0.1233174E+01 -0.2122838E-01 -0.4922970E-02 -0.1454771E+01
   04  0.2361133E+03  0.1233288E+01 -0.2119358E-01 -0.4960021E-02 -0.1454658E+01
   04  0.2376045E+03  0.1233403E+01 -0.2115322E-01 -0.4997227E-02 -0.1454542E+01
   04  0.2390957E+03  0.1233520E+01 -0.2110731E-01 -0.5034581E-02 -0.1454425E+01
   04  0.2405868E+03  0.1233639E+01 -0.2105586E-01 -0.5072072E-02 -0.1454306E+01
   04  0.2420780E+03  0.1233759E+01 -0.2099889E-01 -0.5109693E-02 -0.1454186E+01
   04  0.2435692E+03  0.1233882E+01 -0.2093647E-01 -0.5147433E-02 -0.1454063E+01
   04  0.2450603E+03  0.1234006E+01 -0.2086863E-01 -0.5185282E-02 -0.1453939E+01
   04  0.2465515E+03  0.1234132E+01 -0.2079544E-01 -0.5223232E-02 -0.1453814E+01
   04  0.2480427E+03  0.1234259E+01 -0.2071695E-01 -0.5261271E-02 -0.1453686E+01
   04  0.2495338E+03  0.1234388E+01 -0.2063323E-01 -0.5299392E-02 -0.1453557E+01
   04  0.2510250E+03  0.1234519E+01 -0.2054435E-01 -0.5337583E-02 -0.1453426E+01
   04  0.2525162E+03  0.1234652E+01 -0.2045038E-01 -0.5375845E-02 -0.1453293E+01
   04  0.2540073E+03  0.1234786E+01 -0.2035140E-01 -0.5414176E-02 -0.1453159E+01
   04  0.2554985E+03  0.1234922E+01 -0.2024749E-01 -0.5452577E-02 -0.1453023E+01
   04  0.2569897E+03  0.1235060E+01 -0.2013874E-01 -0.5491047E-02 -0.1452885E+01
   04  0.2584808E+03  0.1235199E+01 -0.2002525E-01 -0.5529584E-02 -0.1452746E+01
   04  0.2599720E+03  0.1235340E+01 -0.1990711E-01 -0.5568189E-02 -0.1452605E+01
   04  0.2614632E+03  0.1235483E+01 -0.1978442E-01 -0.5606859E-02 -0.1452462E+01
   04  0.2629543E+03  0.1235627E+01 -0.1965729E-01 -0.5645594E-02 -0.1452318E+01
   04  0.2644455E+03  0.1235773E+01 -0.1952584E-01 -0.5684392E-02 -0.1452172E+01
   04  0.2659367E+03  0.1235921E+01 -0.1939018E-01 -0.5723254E-02 -0.1452025E+01
   04  0.2674278E+03  0.1236070E+01 -0.1925043E-01 -0.5762178E-02 -0.1451875E+01
   04  0.2689190E+03  0.1236221E+01 -0.1910672E-01 -0.5801163E-02 -0.1451725E+01
   04  0.2704102E+03  0.1236373E+01 -0.1895918E-01 -0.5840208E-02 -0.1451572E+01
   04  0.2719014E+03  0.1236527E+01 -0.1880796E-01 -0.5879312E-02 -0.1451418E+01
   04  0.2733925E+03  0.1236683E+01 -0.1865318E-01 -0.5918474E-02 -0.1451263E+01
   04  0.2748837E+03  0.1236840E+01 -0.1849501E-01 -0.5957692E-02 -0.1451105E+01
   04  0.2763749E+03  0.1236999E+01 -0.1833359E-01 -0.5996965E-02 -0.1450947E+01
   04  0.2778660E+03  0.1237159E+01 -0.1816907E-01 -0.6036291E-02 -0.1450786E+01
   04  0.2793572E+03  0.1237321E+01 -0.1800164E-01 -0.6075667E-02 -0.1450624E+01
   04  0.2808484E+03  0.1237484E+01 -0.1783144E-01 -0.6115093E-02 -0.1450461E+01
   04  0.2823395E+03  0.1237649E+01 -0.1765865E-01 -0.6154564E-02 -0.1450296E+01
   04  0.2838307E+03  0.1237816E+01 -0.1748346E-01 -0.6194079E-02 -0.1450129E+01
   04  0.2853219E+03  0.1237984E+01 -0.1730604E-01 -0.6233636E-02 -0.1449961E+01
   04  0.2868130E+03  0.1238154E+01 -0.1712659E-01 -0.6273230E-02 -0.1449792E+01
   04  0.2883042E+03  0.1238325E+01 -0.1694529E-01 -0.6312859E-02 -0.1449620E+01
   04  0.2897954E+03  0.1238497E+01 -0.1676235E-01 -0.6352520E-02 -0.1449448E+01
   04  0.2912865E+03  0.1238672E+01 -0.1657796E-01 -0.6392209E-02 -0.1449273E+01
   04  0.2927777E+03  0.1238848E+01 -0.1639234E-01 -0.6431922E-02 -0.1449098E+01
   04  0.2942689E+03  0.1239025E+01 -0.1620569E-01 -0.6471656E-02 -0.1448920E+01
   04  0.2957600E+03  0.1239204E+01 -0.1601823E-01 -0.6511405E-02 -0.1448741E+01
   04  0.2972512E+03  0.1239384E+01 -0.1583019E-01 -0.6551167E-02 -0.1448561E+01
   04  0.2987424E+03  0.1239566E+01 -0.1564178E-01 -0.6590935E-02 -0.1448379E+01
   04  0.3002335E+03  0.1239750E+01 -0.1545324E-01 -0.6630704E-02 -0.1448195E+01
   04  0.3017247E+03  0.1239935E+01 -0.1526479E-01 -0.6670471E-02 -0.1448010E+01
   04  0.3032159E+03  0.1240121E+01 -0.1507667E-01 -0.6710229E-02 -0.1447824E+01
   04  0.3047070E+03  0.1240310E+01 -0.1488913E-01 -0.6749972E-02 -0.1447635E+01
   04  0.3061982E+03  0.1240499E+01 -0.1470241E-01 -0.6789694E-02 -0.1447446E+01
   04  0.3076894E+03  0.1240691E+01 -0.1451674E-01 -0.6829389E-02 -0.1447254E+01
   04  0.3091805E+03  0.1240884E+01 -0.1433238E-01 -0.6869049E-02 -0.1447061E+01
   04  0.3106717E+03  0.1241078E+01 -0.1414957E-01 -0.6908668E-02 -0.1446867E+01
   04  0.3121629E+03  0.1241275E+01 -0.1396858E-01 -0.6948237E-02 -0.1446670E+01
   04  0.3136540E+03  0.1241473E+01 -0.1378965E-01 -0.6987752E-02 -0.1446473E+01
   04  0.3151452E+03  0.1241672E+01 -0.1361303E-01 -0.7027209E-02 -0.1446273E+01
   04  0.3165017E+03  0.1241855E+01 -0.1345471E-01 -0.7062791E-02 -0.1446090E+01
   04  0.3178581E+03  0.1242039E+01 -0.1329872E-01 -0.7098317E-02 -0.1445906E+01
   04  0.3192146E+03  0.1242225E+01 -0.1314524E-01 -0.7133783E-02 -0.1445721E+01
   04  0.3205710E+03  0.1242412E+01 -0.1299447E-01 -0.7169184E-02 -0.1445534E+01
   04  0.3219275E+03  0.1242600E+01 -0.1284659E-01 -0.7204516E-02 -0.1445345E+01
   04  0.3232839E+03  0.1242790E+01 -0.1270180E-01 -0.7239773E-02 -0.1445155E+01
   04  0.3246404E+03  0.1242981E+01 -0.1256027E-01 -0.7274950E-02 -0.1444964E+01
   04  0.3259968E+03  0.1243174E+01 -0.1242221E-01 -0.7310042E-02 -0.1444772E+01
   04  0.3273533E+03  0.1243368E+01 -0.1228778E-01 -0.7345043E-02 -0.1444578E+01
   04  0.3287097E+03  0.1243563E+01 -0.1215716E-01 -0.7379946E-02 -0.1444382E+01
   04  0.3300662E+03  0.1243760E+01 -0.1203052E-01 -0.7414744E-02 -0.1444185E+01
   04  0.3314226E+03  0.1243959E+01 -0.1190803E-01 -0.7449432E-02 -0.1443987E+01
   04  0.3327791E+03  0.1244158E+01 -0.1178983E-01 -0.7484002E-02 -0.1443787E+01
   04  0.3341355E+03  0.1244360E+01 -0.1167608E-01 -0.7518446E-02 -0.1443585E+01
   04  0.3354920E+03  0.1244563E+01 -0.1156692E-01 -0.7552758E-02 -0.1443382E+01
   04  0.3368484E+03  0.1244767E+01 -0.1146248E-01 -0.7586930E-02 -0.1443178E+01
   04  0.3382049E+03  0.1244973E+01 -0.1136288E-01 -0.7620953E-02 -0.1442972E+01
   04  0.3395613E+03  0.1245180E+01 -0.1126824E-01 -0.7654820E-02 -0.1442765E+01
   04  0.3409178E+03  0.1245389E+01 -0.1117866E-01 -0.7688522E-02 -0.1442556E+01
   04  0.3422742E+03  0.1245599E+01 -0.1109424E-01 -0.7722051E-02 -0.1442346E+01
   04  0.3436307E+03  0.1245811E+01 -0.1101505E-01 -0.7755398E-02 -0.1442134E+01
   04  0.3449871E+03  0.1246024E+01 -0.1094118E-01 -0.7788555E-02 -0.1441921E+01
   04  0.3463436E+03  0.1246238E+01 -0.1087267E-01 -0.7821512E-02 -0.1441707E+01
   04  0.3477000E+03  0.1246454E+01 -0.1080959E-01 -0.7854261E-02 -0.1441491E+01
   04  0.3490565E+03  0.1246672E+01 -0.1075196E-01 -0.7886792E-02 -0.1441273E+01
   04  0.3504130E+03  0.1246891E+01 -0.1069982E-01 -0.7919097E-02 -0.1441054E+01
   04  0.3517694E+03  0.1247111E+01 -0.1065317E-01 -0.7951166E-02 -0.1440834E+01
   04  0.3531259E+03  0.1247333E+01 -0.1061201E-01 -0.7982990E-02 -0.1440613E+01
   04  0.3544823E+03  0.1247556E+01 -0.1057634E-01 -0.8014559E-02 -0.1440390E+01
   04  0.3558388E+03  0.1247780E+01 -0.1054612E-01 -0.8045866E-02 -0.1440165E+01
   04  0.3574665E+03  0.1248051E+01 -0.1051635E-01 -0.8083880E-02 -0.1439894E+01
   04  0.3590942E+03  0.1248324E+01 -0.1049431E-01 -0.8121482E-02 -0.1439622E+01
   04  0.3607220E+03  0.1248598E+01 -0.1047987E-01 -0.8158657E-02 -0.1439347E+01
   04  0.3623497E+03  0.1248875E+01 -0.1047290E-01 -0.8195388E-02 -0.1439071E+01
   04  0.3639775E+03  0.1249153E+01 -0.1047319E-01 -0.8231659E-02 -0.1438793E+01
   04  0.3656052E+03  0.1249432E+01 -0.1048055E-01 -0.8267453E-02 -0.1438513E+01
   04  0.3672329E+03  0.1249713E+01 -0.1049475E-01 -0.8302757E-02 -0.1438232E+01
   04  0.3688607E+03  0.1249996E+01 -0.1051555E-01 -0.8337555E-02 -0.1437949E+01
   04  0.3704884E+03  0.1250280E+01 -0.1054268E-01 -0.8371832E-02 -0.1437665E+01
   04  0.3721162E+03  0.1250565E+01 -0.1057586E-01 -0.8405576E-02 -0.1437380E+01
   04  0.3737439E+03  0.1250852E+01 -0.1061480E-01 -0.8438774E-02 -0.1437094E+01
   04  0.3753717E+03  0.1251139E+01 -0.1065918E-01 -0.8471413E-02 -0.1436806E+01
   04  0.3769994E+03  0.1251428E+01 -0.1070871E-01 -0.8503482E-02 -0.1436517E+01
   04  0.3786271E+03  0.1251718E+01 -0.1076304E-01 -0.8534972E-02 -0.1436227E+01
   04  0.3802549E+03  0.1252008E+01 -0.1082187E-01 -0.8565873E-02 -0.1435937E+01
   04  0.3818826E+03  0.1252300E+01 -0.1088486E-01 -0.8596176E-02 -0.1435645E+01
   04  0.3835104E+03  0.1252592E+01 -0.1095168E-01 -0.8625873E-02 -0.1435353E+01
   04  0.3851381E+03  0.1252885E+01 -0.1102200E-01 -0.8654959E-02 -0.1435060E+01
   04  0.3867658E+03  0.1253179E+01 -0.1109552E-01 -0.8683427E-02 -0.1434766E+01
   04  0.3883936E+03  0.1253473E+01 -0.1117191E-01 -0.8711273E-02 -0.1434472E+01
   04  0.3900213E+03  0.1253768E+01 -0.1125088E-01 -0.8738494E-02 -0.1434177E+01
   04  0.3916491E+03  0.1254063E+01 -0.1133215E-01 -0.8765085E-02 -0.1433882E+01
   04  0.3932768E+03  0.1254358E+01 -0.1141543E-01 -0.8791047E-02 -0.1433587E+01
   04  0.3949046E+03  0.1254654E+01 -0.1150049E-01 -0.8816378E-02 -0.1433291E+01
   04  0.3965323E+03  0.1254950E+01 -0.1158710E-01 -0.8841079E-02 -0.1432995E+01
   04  0.3981600E+03  0.1255247E+01 -0.1167505E-01 -0.8865151E-02 -0.1432698E+01
   04  0.3997878E+03  0.1255543E+01 -0.1176418E-01 -0.8888598E-02 -0.1432402E+01
   04  0.4014155E+03  0.1255840E+01 -0.1185434E-01 -0.8911421E-02 -0.1432105E+01
   04  0.4030433E+03  0.1256137E+01 -0.1194543E-01 -0.8933624E-02 -0.1431808E+01
   04  0.4046710E+03  0.1256435E+01 -0.1203736E-01 -0.8955213E-02 -0.1431511E+01
   04  0.4062987E+03  0.1256732E+01 -0.1213013E-01 -0.8976193E-02 -0.1431213E+01
   04  0.4079265E+03  0.1257030E+01 -0.1222380E-01 -0.8996571E-02 -0.1430915E+01
   04  0.4095542E+03  0.1257328E+01 -0.1231850E-01 -0.9016357E-02 -0.1430618E+01
   04  0.4111820E+03  0.1257626E+01 -0.1241440E-01 -0.9035561E-02 -0.1430319E+01
   04  0.4128097E+03  0.1257924E+01 -0.1251177E-01 -0.9054195E-02 -0.1430021E+01
   04  0.4144375E+03  0.1258224E+01 -0.1261089E-01 -0.9072272E-02 -0.1429722E+01
   04  0.4160652E+03  0.1258523E+01 -0.1271209E-01 -0.9089807E-02 -0.1429422E+01
   04  0.4176929E+03  0.1258824E+01 -0.1281580E-01 -0.9106817E-02 -0.1429121E+01
   04  0.4193207E+03  0.1259125E+01 -0.1292267E-01 -0.9123325E-02 -0.1428820E+01
   04  0.4209484E+03  0.1259427E+01 -0.1303342E-01 -0.9139348E-02 -0.1428518E+01
   04  0.4225762E+03  0.1259730E+01 -0.1314877E-01 -0.9154875E-02 -0.1428215E+01
   04  0.4242039E+03  0.1260034E+01 -0.1326950E-01 -0.9169901E-02 -0.1427911E+01
   04  0.4258316E+03  0.1260339E+01 -0.1339641E-01 -0.9184424E-02 -0.1427606E+01
   04  0.4274594E+03  0.1260645E+01 -0.1353031E-01 -0.9198440E-02 -0.1427300E+01
   04  0.4290871E+03  0.1260953E+01 -0.1367208E-01 -0.9211948E-02 -0.1426992E+01
   04  0.4307149E+03  0.1261262E+01 -0.1382261E-01 -0.9224947E-02 -0.1426683E+01
   04  0.4323426E+03  0.1261573E+01 -0.1398282E-01 -0.9237438E-02 -0.1426372E+01
   04  0.4339704E+03  0.1261886E+01 -0.1415367E-01 -0.9249420E-02 -0.1426059E+01
   04  0.4355981E+03  0.1262201E+01 -0.1433618E-01 -0.9260895E-02 -0.1425744E+01
   04  0.4372258E+03  0.1262518E+01 -0.1453138E-01 -0.9271864E-02 -0.1425427E+01
   04  0.4388536E+03  0.1262837E+01 -0.1474035E-01 -0.9282328E-02 -0.1425108E+01
   04  0.4404813E+03  0.1263159E+01 -0.1496424E-01 -0.9292290E-02 -0.1424786E+01
   04  0.4421091E+03  0.1263484E+01 -0.1520421E-01 -0.9301753E-02 -0.1424461E+01
   04  0.4437368E+03  0.1263812E+01 -0.1546151E-01 -0.9310718E-02 -0.1424133E+01
   04  0.4453645E+03  0.1264143E+01 -0.1573744E-01 -0.9319190E-02 -0.1423802E+01
   04  0.4469923E+03  0.1264478E+01 -0.1603334E-01 -0.9327170E-02 -0.1423467E+01
   04  0.4486200E+03  0.1264817E+01 -0.1635065E-01 -0.9334664E-02 -0.1423128E+01
   04  0.4502478E+03  0.1265160E+01 -0.1669087E-01 -0.9341675E-02 -0.1422785E+01
   04  0.4518755E+03  0.1265507E+01 -0.1705557E-01 -0.9348206E-02 -0.1422438E+01
   04  0.4535033E+03  0.1265859E+01 -0.1744641E-01 -0.9354259E-02 -0.1422086E+01
   04  0.4551310E+03  0.1266217E+01 -0.1786515E-01 -0.9359837E-02 -0.1421728E+01
   04  0.4567587E+03  0.1266580E+01 -0.1831361E-01 -0.9364943E-02 -0.1421365E+01
   04  0.4583865E+03  0.1266949E+01 -0.1879376E-01 -0.9369579E-02 -0.1420996E+01
   04  0.4600142E+03  0.1267324E+01 -0.1930763E-01 -0.9373747E-02 -0.1420621E+01
   04  0.4616420E+03  0.1267706E+01 -0.1985740E-01 -0.9377451E-02 -0.1420239E+01
   04  0.4632697E+03  0.1268096E+01 -0.2044537E-01 -0.9380692E-02 -0.1419850E+01
   04  0.4648974E+03  0.1268493E+01 -0.2107393E-01 -0.9383472E-02 -0.1419452E+01
   04  0.4665252E+03  0.1268898E+01 -0.2174564E-01 -0.9385791E-02 -0.1419047E+01
   04  0.4681529E+03  0.1269313E+01 -0.2246355E-01 -0.9387732E-02 -0.1418633E+01
   04  0.4697807E+03  0.1269736E+01 -0.2323414E-01 -0.9389341E-02 -0.1418210E+01
   04  0.4714084E+03  0.1270168E+01 -0.2406030E-01 -0.9390689E-02 -0.1417777E+01
   04  0.4730362E+03  0.1270610E+01 -0.2494518E-01 -0.9391845E-02 -0.1417335E+01
   04  0.4746639E+03  0.1271063E+01 -0.2589208E-01 -0.9392878E-02 -0.1416882E+01
   04  0.4762916E+03  0.1271528E+01 -0.2690439E-01 -0.9393851E-02 -0.1416417E+01
   04  0.4779194E+03  0.1272004E+01 -0.2798564E-01 -0.9394828E-02 -0.1415941E+01
   04  0.4795471E+03  0.1272494E+01 -0.2913949E-01 -0.9395867E-02 -0.1415451E+01
   04  0.4811749E+03  0.1272997E+01 -0.3036970E-01 -0.9397027E-02 -0.1414948E+01
   04  0.4828026E+03  0.1273515E+01 -0.3168015E-01 -0.9398360E-02 -0.1414430E+01
   04  0.4844303E+03  0.1274048E+01 -0.3307484E-01 -0.9399917E-02 -0.1413897E+01
   04  0.4860581E+03  0.1274597E+01 -0.3455786E-01 -0.9401746E-02 -0.1413348E+01
   04  0.4876858E+03  0.1275164E+01 -0.3613341E-01 -0.9403893E-02 -0.1412782E+01
   04  0.4893136E+03  0.1275747E+01 -0.3780578E-01 -0.9406396E-02 -0.1412198E+01
   04  0.4909413E+03  0.1276350E+01 -0.3957933E-01 -0.9409293E-02 -0.1411595E+01
   04  0.4925691E+03  0.1276971E+01 -0.4145849E-01 -0.9412618E-02 -0.1410974E+01
   04  0.4941968E+03  0.1277613E+01 -0.4344777E-01 -0.9416399E-02 -0.1410332E+01
   04  0.4958245E+03  0.1278277E+01 -0.4555170E-01 -0.9420664E-02 -0.1409669E+01
   04  0.4974523E+03  0.1278961E+01 -0.4777484E-01 -0.9425429E-02 -0.1408984E+01
   04  0.4990800E+03  0.1279669E+01 -0.5012168E-01 -0.9430709E-02 -0.1408276E+01
   04  0.5007078E+03  0.1280400E+01 -0.5259678E-01 -0.9436517E-02 -0.1407545E+01
   04  0.5023355E+03  0.1281156E+01 -0.5520466E-01 -0.9442865E-02 -0.1406790E+01
   04  0.5039632E+03  0.1281936E+01 -0.5794982E-01 -0.9449758E-02 -0.1406009E+01
   04  0.5055910E+03  0.1282742E+01 -0.6083670E-01 -0.9457199E-02 -0.1405203E+01
   04  0.5072187E+03  0.1283575E+01 -0.6386970E-01 -0.9465188E-02 -0.1404370E+01
   04  0.5088465E+03  0.1284436E+01 -0.6705311E-01 -0.9473718E-02 -0.1403510E+01
   04  0.5104742E+03  0.1285324E+01 -0.7039114E-01 -0.9482782E-02 -0.1402621E+01
   04  0.5121020E+03  0.1286241E+01 -0.7388903E-01 -0.9492368E-02 -0.1401704E+01
   04  0.5137297E+03  0.1287187E+01 -0.7755079E-01 -0.9502455E-02 -0.1400758E+01
   04  0.5153574E+03  0.1288164E+01 -0.8138029E-01 -0.9513018E-02 -0.1399781E+01
   04  0.5169852E+03  0.1289172E+01 -0.8538121E-01 -0.9524027E-02 -0.1398774E+01
   04  0.5186129E+03  0.1290210E+01 -0.8955705E-01 -0.9535469E-02 -0.1397735E+01
   04  0.5202407E+03  0.1291280E+01 -0.9391104E-01 -0.9547323E-02 -0.1396665E+01
   04  0.5218684E+03  0.1292383E+01 -0.9844621E-01 -0.9559565E-02 -0.1395563E+01
   04  0.5234961E+03  0.1293517E+01 -0.1031779E+00 -0.9570313E-02 -0.1394428E+01
   04  0.5251239E+03  0.1294685E+01 -0.1080954E+00 -0.9581399E-02 -0.1393261E+01
   04  0.5267516E+03  0.1295885E+01 -0.1132012E+00 -0.9592791E-02 -0.1392060E+01
   04  0.5283794E+03  0.1297118E+01 -0.1184975E+00 -0.9604451E-02 -0.1390827E+01
   04  0.5300071E+03  0.1298385E+01 -0.1239861E+00 -0.9616291E-02 -0.1389560E+01
   04  0.5316349E+03  0.1299686E+01 -0.1296685E+00 -0.9628211E-02 -0.1388260E+01
   04  0.5332626E+03  0.1301019E+01 -0.1355459E+00 -0.9640119E-02 -0.1386926E+01
   04  0.5348903E+03  0.1302386E+01 -0.1416191E+00 -0.9651925E-02 -0.1385559E+01
   04  0.5365181E+03  0.1303787E+01 -0.1478888E+00 -0.9663537E-02 -0.1384158E+01
   04  0.5381458E+03  0.1305220E+01 -0.1543552E+00 -0.9674868E-02 -0.1382725E+01
   04  0.5397736E+03  0.1306686E+01 -0.1610182E+00 -0.9685834E-02 -0.1381259E+01
   04  0.5414013E+03  0.1308185E+01 -0.1678773E+00 -0.9696355E-02 -0.1379760E+01
   04  0.5430290E+03  0.1309716E+01 -0.1749318E+00 -0.9706353E-02 -0.1378229E+01
   04  0.5446568E+03  0.1311279E+01 -0.1821804E+00 -0.9715754E-02 -0.1376666E+01
   04  0.5462845E+03  0.1312872E+01 -0.1896216E+00 -0.9724486E-02 -0.1375073E+01
   04  0.5479123E+03  0.1314496E+01 -0.1972536E+00 -0.9732484E-02 -0.1373449E+01
   04  0.5495400E+03  0.1316150E+01 -0.2050742E+00 -0.9739683E-02 -0.1371795E+01
   04  0.5511678E+03  0.1317834E+01 -0.2130786E+00 -0.9746034E-02 -0.1370111E+01
   04  0.5527955E+03  0.1319550E+01 -0.2212453E+00 -0.9751553E-02 -0.1368395E+01
   04  0.5544232E+03  0.1321298E+01 -0.2295708E+00 -0.9756131E-02 -0.1366647E+01
   04  0.5560510E+03  0.1323078E+01 -0.2380514E+00 -0.9759665E-02 -0.1364867E+01
   04  0.5576787E+03  0.1324887E+01 -0.2466829E+00 -0.9762058E-02 -0.1363058E+01
   04  0.5593065E+03  0.1326727E+01 -0.2554611E+00 -0.9763220E-02 -0.1361218E+01
   04  0.5609342E+03  0.1328595E+01 -0.2643814E+00 -0.9763064E-02 -0.1359351E+01
   04  0.5625619E+03  0.1330490E+01 -0.2734391E+00 -0.9761515E-02 -0.1357455E+01
   04  0.5641897E+03  0.1332412E+01 -0.2826292E+00 -0.9758502E-02 -0.1355533E+01
   04  0.5658174E+03  0.1334360E+01 -0.2919467E+00 -0.9753962E-02 -0.1353585E+01
   04  0.5674452E+03  0.1336332E+01 -0.3013864E+00 -0.9747839E-02 -0.1351613E+01
   04  0.5690729E+03  0.1338328E+01 -0.3109430E+00 -0.9740085E-02 -0.1349617E+01
   04  0.5707007E+03  0.1340346E+01 -0.3206111E+00 -0.9730663E-02 -0.1347599E+01
   04  0.5723284E+03  0.1342386E+01 -0.3303852E+00 -0.9719546E-02 -0.1345559E+01
   04  0.5739561E+03  0.1344446E+01 -0.3402574E+00 -0.9706701E-02 -0.1343499E+01
   04  0.5755839E+03  0.1346523E+01 -0.3502183E+00 -0.9692107E-02 -0.1341422E+01
   04  0.5772116E+03  0.1348617E+01 -0.3602584E+00 -0.9675755E-02 -0.1339329E+01
   04  0.5788394E+03  0.1350724E+01 -0.3703684E+00 -0.9657632E-02 -0.1337221E+01
   04  0.5804671E+03  0.1352844E+01 -0.3805388E+00 -0.9637726E-02 -0.1335101E+01
   04  0.5820948E+03  0.1354974E+01 -0.3907602E+00 -0.9616025E-02 -0.1332971E+01
   04  0.5837226E+03  0.1357113E+01 -0.4010233E+00 -0.9592520E-02 -0.1330833E+01
   04  0.5853503E+03  0.1359258E+01 -0.4113187E+00 -0.9567206E-02 -0.1328687E+01
   04  0.5869781E+03  0.1361408E+01 -0.4216373E+00 -0.9540086E-02 -0.1326538E+01
   04  0.5886058E+03  0.1363561E+01 -0.4319703E+00 -0.9511163E-02 -0.1324385E+01
   04  0.5902336E+03  0.1365715E+01 -0.4423088E+00 -0.9480445E-02 -0.1322231E+01
   04  0.5918613E+03  0.1367868E+01 -0.4526444E+00 -0.9447943E-02 -0.1320077E+01
   04  0.5934890E+03  0.1370020E+01 -0.4629688E+00 -0.9413672E-02 -0.1317925E+01
   04  0.5951168E+03  0.1372167E+01 -0.4732740E+00 -0.9377648E-02 -0.1315778E+01
   04  0.5967445E+03  0.1374310E+01 -0.4835523E+00 -0.9339894E-02 -0.1313635E+01
   04  0.5983723E+03  0.1376445E+01 -0.4937963E+00 -0.9300431E-02 -0.1311500E+01
