# gauge_id= 306 location=( -0.1242006667E+03  0.4176104167E+02 ) num_var=  4
# Stationary gauge
# level, time, q[  1  2  3], eta, aux[]
# file format ascii, time series follow in this file
   04  0.0000000E+00  0.9184190E+01  0.0000000E+00  0.0000000E+00  0.0000000E+00
   04  0.1000000E+01  0.9184190E+01 -0.7741551E-16 -0.2647531E-17 -0.1458305E+01
   04  0.1015873E+01  0.9184190E+01 -0.5498728E-05 -0.9603883E-05 -0.1458305E+01
   04  0.1031746E+01  0.9184190E+01 -0.1099801E-04 -0.1920787E-04 -0.1458305E+01
   04  0.1047619E+01  0.9184190E+01 -0.1649784E-04 -0.2881197E-04 -0.1458305E+01
   04  0.1063492E+01  0.9184190E+01 -0.2199822E-04 -0.3841618E-04 -0.1458305E+01
   04  0.1079365E+01  0.9184190E+01 -0.2749916E-04 -0.4802049E-04 -0.1458305E+01
   04  0.1095238E+01  0.9184190E+01 -0.3300064E-04 -0.5762492E-04 -0.1458305E+01
   04  0.1111111E+01  0.9184190E+01 -0.3850268E-04 -0.6722945E-04 -0.1458305E+01
   04  0.1126984E+01  0.9184190E+01 -0.4400526E-04 -0.7683408E-04 -0.1458305E+01
   04  0.1142857E+01  0.9184190E+01 -0.4950839E-04 -0.8643883E-04 -0.1458305E+01
   04  0.1158730E+01  0.9184190E+01 -0.5501207E-04 -0.9604368E-04 -0.1458305E+01
   04  0.1174603E+01  0.9184190E+01 -0.6051630E-04 -0.1056486E-03 -0.1458305E+01
   04  0.1190476E+01  0.9184190E+01 -0.6602108E-04 -0.1152537E-03 -0.1458305E+01
   04  0.1206349E+01  0.9184190E+01 -0.7152641E-04 -0.1248589E-03 -0.1458305E+01
   04  0.1222222E+01  0.9184190E+01 -0.7703228E-04 -0.1344642E-03 -0.1458305E+01
   04  0.1238095E+01  0.9184190E+01 -0.8253870E-04 -0.1440695E-03 -0.1458305E+01
   04  0.1253968E+01  0.9184190E+01 -0.8804567E-04 -0.1536750E-03 -0.1458305E+01
   04  0.1269841E+01  0.9184190E+01 -0.9355318E-04 -0.1632806E-03 -0.1458305E+01
   04  0.1285714E+01  0.9184190E+01 -0.9906124E-04 -0.1728864E-03 -0.1458305E+01
   04  0.1301587E+01  0.9184190E+01 -0.1045698E-03 -0.1824922E-03 -0.1458305E+01
   04  0.1317460E+01  0.9184190E+01 -0.1100790E-03 -0.1920981E-03 -0.1458305E+01
   04  0.1333333E+01  0.9184190E+01 -0.1155887E-03 -0.2017041E-03 -0.1458305E+01
   04  0.1349206E+01  0.9184190E+01 -0.1210989E-03 -0.2113103E-03 -0.1458305E+01
   04  0.1365079E+01  0.9184190E+01 -0.1266097E-03 -0.2209165E-03 -0.1458305E+01
   04  0.1380952E+01  0.9184190E+01 -0.1321210E-03 -0.2305228E-03 -0.1458305E+01
   04  0.1396825E+01  0.9184190E+01 -0.1376329E-03 -0.2401293E-03 -0.1458305E+01
   04  0.1412698E+01  0.9184190E+01 -0.1431453E-03 -0.2497359E-03 -0.1458305E+01
   04  0.1428571E+01  0.9184190E+01 -0.1486582E-03 -0.2593425E-03 -0.1458305E+01
   04  0.1476190E+01  0.9184190E+01 -0.1651994E-03 -0.2881622E-03 -0.1458305E+01
   04  0.1523810E+01  0.9184190E+01 -0.1817454E-03 -0.3169829E-03 -0.1458305E+01
   04  0.1571429E+01  0.9184190E+01 -0.1982963E-03 -0.3458045E-03 -0.1458305E+01
   04  0.1619048E+01  0.9184190E+01 -0.2148520E-03 -0.3746270E-03 -0.1458305E+01
   04  0.1666667E+01  0.9184190E+01 -0.2314125E-03 -0.4034505E-03 -0.1458305E+01
   04  0.1714286E+01  0.9184190E+01 -0.2479779E-03 -0.4322750E-03 -0.1458305E+01
   04  0.1761905E+01  0.9184190E+01 -0.2645481E-03 -0.4611004E-03 -0.1458305E+01
   04  0.1809524E+01  0.9184190E+01 -0.2811231E-03 -0.4899267E-03 -0.1458305E+01
   04  0.1857143E+01  0.9184190E+01 -0.2977028E-03 -0.5187540E-03 -0.1458305E+01
   04  0.1904762E+01  0.9184190E+01 -0.3142874E-03 -0.5475822E-03 -0.1458305E+01
   04  0.1952381E+01  0.9184190E+01 -0.3308767E-03 -0.5764114E-03 -0.1458305E+01
   04  0.2000000E+01  0.9184190E+01 -0.3474708E-03 -0.6052415E-03 -0.1458305E+01
   04  0.5727919E+01  0.9184188E+01 -0.1651992E-02 -0.2856971E-02 -0.1458307E+01
   04  0.9455838E+01  0.9184186E+01 -0.2982113E-02 -0.5114268E-02 -0.1458310E+01
   04  0.1318376E+02  0.9184182E+01 -0.4331609E-02 -0.7376053E-02 -0.1458313E+01
   04  0.1691168E+02  0.9184179E+01 -0.5693243E-02 -0.9641026E-02 -0.1458317E+01
   04  0.2063960E+02  0.9184176E+01 -0.7059139E-02 -0.1190767E-01 -0.1458319E+01
   04  0.2436752E+02  0.9184176E+01 -0.8421173E-02 -0.1417427E-01 -0.1458320E+01
   04  0.2809543E+02  0.9184178E+01 -0.9771328E-02 -0.1643896E-01 -0.1458318E+01
   04  0.2995939E+02  0.9184180E+01 -0.1044027E-01 -0.1757114E-01 -0.1458315E+01
   04  0.3182335E+02  0.9184183E+01 -0.1110282E-01 -0.1870200E-01 -0.1458312E+01
   04  0.3348021E+02  0.9184187E+01 -0.1168578E-01 -0.1970599E-01 -0.1458308E+01
   04  0.3513706E+02  0.9184192E+01 -0.1226248E-01 -0.2070852E-01 -0.1458303E+01
   04  0.3679391E+02  0.9184198E+01 -0.1283160E-01 -0.2170939E-01 -0.1458297E+01
   04  0.3845077E+02  0.9184205E+01 -0.1339172E-01 -0.2270840E-01 -0.1458290E+01
   04  0.4010762E+02  0.9184214E+01 -0.1394266E-01 -0.2370534E-01 -0.1458282E+01
   04  0.4176447E+02  0.9184224E+01 -0.1448425E-01 -0.2470001E-01 -0.1458272E+01
   04  0.4342132E+02  0.9184235E+01 -0.1501632E-01 -0.2569220E-01 -0.1458260E+01
   04  0.4507818E+02  0.9184248E+01 -0.1553873E-01 -0.2668173E-01 -0.1458248E+01
   04  0.4673503E+02  0.9184262E+01 -0.1605133E-01 -0.2766845E-01 -0.1458233E+01
   04  0.4839188E+02  0.9184278E+01 -0.1655346E-01 -0.2865220E-01 -0.1458218E+01
   04  0.5004874E+02  0.9184295E+01 -0.1704333E-01 -0.2963285E-01 -0.1458200E+01
   04  0.5170559E+02  0.9184314E+01 -0.1752090E-01 -0.3061030E-01 -0.1458181E+01
   04  0.5336244E+02  0.9184335E+01 -0.1798618E-01 -0.3158444E-01 -0.1458160E+01
   04  0.5501930E+02  0.9184357E+01 -0.1844316E-01 -0.3255524E-01 -0.1458138E+01
   04  0.5667615E+02  0.9184381E+01 -0.1889126E-01 -0.3352268E-01 -0.1458114E+01
   04  0.5833300E+02  0.9184406E+01 -0.1933004E-01 -0.3448674E-01 -0.1458089E+01
   04  0.5998985E+02  0.9184433E+01 -0.1975913E-01 -0.3544737E-01 -0.1458062E+01
   04  0.6164671E+02  0.9184462E+01 -0.2017825E-01 -0.3640454E-01 -0.1458034E+01
   04  0.6330356E+02  0.9184492E+01 -0.2058713E-01 -0.3735822E-01 -0.1458004E+01
   04  0.6496041E+02  0.9184523E+01 -0.2098560E-01 -0.3830838E-01 -0.1457972E+01
   04  0.6661727E+02  0.9184557E+01 -0.2137355E-01 -0.3925500E-01 -0.1457939E+01
   04  0.6827412E+02  0.9184592E+01 -0.2175089E-01 -0.4019805E-01 -0.1457904E+01
   04  0.6993097E+02  0.9184628E+01 -0.2211756E-01 -0.4113751E-01 -0.1457867E+01
   04  0.7158783E+02  0.9184667E+01 -0.2247353E-01 -0.4207335E-01 -0.1457829E+01
   04  0.7324468E+02  0.9184707E+01 -0.2281877E-01 -0.4300557E-01 -0.1457789E+01
   04  0.7490153E+02  0.9184749E+01 -0.2315329E-01 -0.4393415E-01 -0.1457747E+01
   04  0.7655838E+02  0.9184792E+01 -0.2347710E-01 -0.4485908E-01 -0.1457703E+01
   04  0.7821524E+02  0.9184838E+01 -0.2379024E-01 -0.4578037E-01 -0.1457658E+01
   04  0.7987209E+02  0.9184885E+01 -0.2409274E-01 -0.4669802E-01 -0.1457611E+01
   04  0.8152894E+02  0.9184934E+01 -0.2438465E-01 -0.4761203E-01 -0.1457562E+01
   04  0.8318580E+02  0.9184984E+01 -0.2466600E-01 -0.4852243E-01 -0.1457511E+01
   04  0.8484265E+02  0.9185037E+01 -0.2493852E-01 -0.4942918E-01 -0.1457459E+01
   04  0.8649950E+02  0.9185090E+01 -0.2520343E-01 -0.5033236E-01 -0.1457405E+01
   04  0.8815636E+02  0.9185146E+01 -0.2546080E-01 -0.5123247E-01 -0.1457350E+01
   04  0.8981321E+02  0.9185202E+01 -0.2571069E-01 -0.5212943E-01 -0.1457293E+01
   04  0.9147006E+02  0.9185260E+01 -0.2595312E-01 -0.5302317E-01 -0.1457235E+01
   04  0.9445240E+02  0.9185368E+01 -0.2636607E-01 -0.5462346E-01 -0.1457127E+01
   04  0.9743473E+02  0.9185481E+01 -0.2675477E-01 -0.5621292E-01 -0.1457014E+01
   04  0.1004171E+03  0.9185598E+01 -0.2711927E-01 -0.5779123E-01 -0.1456897E+01
   04  0.1033994E+03  0.9185720E+01 -0.2745955E-01 -0.5935720E-01 -0.1456775E+01
   04  0.1063817E+03  0.9185847E+01 -0.2777549E-01 -0.6090973E-01 -0.1456648E+01
   04  0.1093641E+03  0.9185979E+01 -0.2806702E-01 -0.6244913E-01 -0.1456516E+01
   04  0.1123464E+03  0.9186116E+01 -0.2833399E-01 -0.6397574E-01 -0.1456379E+01
   04  0.1153287E+03  0.9186258E+01 -0.2857621E-01 -0.6548973E-01 -0.1456237E+01
   04  0.1183111E+03  0.9186405E+01 -0.2879348E-01 -0.6699123E-01 -0.1456090E+01
   04  0.1212934E+03  0.9186557E+01 -0.2898556E-01 -0.6848039E-01 -0.1455939E+01
   04  0.1242758E+03  0.9186713E+01 -0.2915295E-01 -0.6995732E-01 -0.1455782E+01
   04  0.1272581E+03  0.9186874E+01 -0.2929773E-01 -0.7142219E-01 -0.1455621E+01
   04  0.1302404E+03  0.9187040E+01 -0.2942155E-01 -0.7287514E-01 -0.1455456E+01
   04  0.1332228E+03  0.9187210E+01 -0.2952431E-01 -0.7431634E-01 -0.1455285E+01
   04  0.1362051E+03  0.9187386E+01 -0.2960603E-01 -0.7574596E-01 -0.1455110E+01
   04  0.1391874E+03  0.9187565E+01 -0.2966677E-01 -0.7716418E-01 -0.1454930E+01
   04  0.1421698E+03  0.9187750E+01 -0.2970670E-01 -0.7857120E-01 -0.1454746E+01
   04  0.1451521E+03  0.9187939E+01 -0.2972606E-01 -0.7996721E-01 -0.1454557E+01
   04  0.1481344E+03  0.9188132E+01 -0.2972516E-01 -0.8135238E-01 -0.1454363E+01
   04  0.1511168E+03  0.9188330E+01 -0.2970432E-01 -0.8272692E-01 -0.1454166E+01
   04  0.1540991E+03  0.9188531E+01 -0.2966394E-01 -0.8409103E-01 -0.1453964E+01
   04  0.1570814E+03  0.9188737E+01 -0.2960441E-01 -0.8544502E-01 -0.1453758E+01
   04  0.1600638E+03  0.9188947E+01 -0.2952611E-01 -0.8678915E-01 -0.1453548E+01
   04  0.1630461E+03  0.9189162E+01 -0.2942941E-01 -0.8812366E-01 -0.1453334E+01
   04  0.1660284E+03  0.9189380E+01 -0.2931486E-01 -0.8944965E-01 -0.1453116E+01
   04  0.1690108E+03  0.9189602E+01 -0.2918164E-01 -0.9076744E-01 -0.1452894E+01
   04  0.1719931E+03  0.9189828E+01 -0.2903006E-01 -0.9207715E-01 -0.1452668E+01
   04  0.1749755E+03  0.9190057E+01 -0.2886058E-01 -0.9337885E-01 -0.1452438E+01
   04  0.1779578E+03  0.9190291E+01 -0.2867370E-01 -0.9467262E-01 -0.1452204E+01
   04  0.1809401E+03  0.9190528E+01 -0.2846991E-01 -0.9595853E-01 -0.1451967E+01
   04  0.1824313E+03  0.9190648E+01 -0.2836924E-01 -0.9659858E-01 -0.1451847E+01
   04  0.1839225E+03  0.9190769E+01 -0.2826454E-01 -0.9723657E-01 -0.1451726E+01
   04  0.1854136E+03  0.9190891E+01 -0.2815586E-01 -0.9787250E-01 -0.1451604E+01
   04  0.1869048E+03  0.9191014E+01 -0.2804327E-01 -0.9850641E-01 -0.1451481E+01
   04  0.1883960E+03  0.9191138E+01 -0.2792683E-01 -0.9913830E-01 -0.1451357E+01
   04  0.1898871E+03  0.9191263E+01 -0.2780660E-01 -0.9976821E-01 -0.1451233E+01
   04  0.1913783E+03  0.9191388E+01 -0.2768263E-01 -0.1003962E+00 -0.1451107E+01
   04  0.1928695E+03  0.9191515E+01 -0.2755497E-01 -0.1010222E+00 -0.1450980E+01
   04  0.1943606E+03  0.9191642E+01 -0.2742367E-01 -0.1016463E+00 -0.1450853E+01
   04  0.1958518E+03  0.9191771E+01 -0.2728879E-01 -0.1022685E+00 -0.1450725E+01
   04  0.1973430E+03  0.9191900E+01 -0.2715035E-01 -0.1028888E+00 -0.1450596E+01
   04  0.1988341E+03  0.9192030E+01 -0.2700839E-01 -0.1035074E+00 -0.1450466E+01
   04  0.2003253E+03  0.9192161E+01 -0.2686295E-01 -0.1041241E+00 -0.1450335E+01
   04  0.2018165E+03  0.9192292E+01 -0.2671407E-01 -0.1047391E+00 -0.1450203E+01
   04  0.2033076E+03  0.9192425E+01 -0.2656179E-01 -0.1053523E+00 -0.1450070E+01
   04  0.2047988E+03  0.9192558E+01 -0.2640616E-01 -0.1059638E+00 -0.1449937E+01
   04  0.2062900E+03  0.9192692E+01 -0.2624722E-01 -0.1065735E+00 -0.1449803E+01
   04  0.2077811E+03  0.9192828E+01 -0.2608501E-01 -0.1071817E+00 -0.1449668E+01
   04  0.2092723E+03  0.9192963E+01 -0.2591956E-01 -0.1077882E+00 -0.1449532E+01
   04  0.2107635E+03  0.9193100E+01 -0.2575065E-01 -0.1083931E+00 -0.1449395E+01
   04  0.2122546E+03  0.9193238E+01 -0.2557832E-01 -0.1089964E+00 -0.1449258E+01
   04  0.2137458E+03  0.9193376E+01 -0.2540249E-01 -0.1095983E+00 -0.1449119E+01
   04  0.2152370E+03  0.9193515E+01 -0.2522315E-01 -0.1101986E+00 -0.1448980E+01
   04  0.2167281E+03  0.9193655E+01 -0.2504035E-01 -0.1107975E+00 -0.1448840E+01
   04  0.2182193E+03  0.9193796E+01 -0.2485412E-01 -0.1113950E+00 -0.1448699E+01
   04  0.2197105E+03  0.9193938E+01 -0.2466453E-01 -0.1119911E+00 -0.1448557E+01
   04  0.2212017E+03  0.9194080E+01 -0.2447162E-01 -0.1125859E+00 -0.1448415E+01
   04  0.2226928E+03  0.9194223E+01 -0.2427543E-01 -0.1131794E+00 -0.1448272E+01
   04  0.2241840E+03  0.9194367E+01 -0.2407600E-01 -0.1137717E+00 -0.1448128E+01
   04  0.2256752E+03  0.9194512E+01 -0.2387339E-01 -0.1143627E+00 -0.1447983E+01
   04  0.2271663E+03  0.9194658E+01 -0.2366764E-01 -0.1149526E+00 -0.1447838E+01
   04  0.2286575E+03  0.9194804E+01 -0.2345878E-01 -0.1155413E+00 -0.1447691E+01
   04  0.2301487E+03  0.9194951E+01 -0.2324686E-01 -0.1161289E+00 -0.1447544E+01
   04  0.2316398E+03  0.9195099E+01 -0.2303192E-01 -0.1167155E+00 -0.1447396E+01
   04  0.2331310E+03  0.9195248E+01 -0.2281401E-01 -0.1173010E+00 -0.1447248E+01
   04  0.2346222E+03  0.9195397E+01 -0.2259315E-01 -0.1178856E+00 -0.1447098E+01
   04  0.2361133E+03  0.9195547E+01 -0.2236941E-01 -0.1184691E+00 -0.1446948E+01
   04  0.2376045E+03  0.9195698E+01 -0.2214281E-01 -0.1190517E+00 -0.1446797E+01
   04  0.2390957E+03  0.9195850E+01 -0.2191341E-01 -0.1196334E+00 -0.1446646E+01
   04  0.2405868E+03  0.9196002E+01 -0.2168124E-01 -0.1202141E+00 -0.1446493E+01
   04  0.2420780E+03  0.9196155E+01 -0.2144635E-01 -0.1207937E+00 -0.1446340E+01
   04  0.2435692E+03  0.9196309E+01 -0.2120879E-01 -0.1213723E+00 -0.1446187E+01
   04  0.2450603E+03  0.9196463E+01 -0.2096861E-01 -0.1219498E+00 -0.1446032E+01
   04  0.2465515E+03  0.9196618E+01 -0.2072584E-01 -0.1225262E+00 -0.1445877E+01
   04  0.2480427E+03  0.9196774E+01 -0.2048062E-01 -0.1231014E+00 -0.1445721E+01
   04  0.2495338E+03  0.9196931E+01 -0.2023304E-01 -0.1236755E+00 -0.1445564E+01
   04  0.2510250E+03  0.9197088E+01 -0.1998323E-01 -0.1242483E+00 -0.1445407E+01
   04  0.2525162E+03  0.9197246E+01 -0.1973116E-01 -0.1248199E+00 -0.1445249E+01
   04  0.2540073E+03  0.9197404E+01 -0.1947706E-01 -0.1253903E+00 -0.1445091E+01
   04  0.2554985E+03  0.9197563E+01 -0.1922105E-01 -0.1259595E+00 -0.1444932E+01
   04  0.2569897E+03  0.9197723E+01 -0.1896324E-01 -0.1265274E+00 -0.1444772E+01
   04  0.2584808E+03  0.9197883E+01 -0.1870372E-01 -0.1270941E+00 -0.1444612E+01
   04  0.2599720E+03  0.9198044E+01 -0.1844261E-01 -0.1276594E+00 -0.1444452E+01
   04  0.2614632E+03  0.9198205E+01 -0.1817999E-01 -0.1282234E+00 -0.1444290E+01
   04  0.2629543E+03  0.9198367E+01 -0.1791597E-01 -0.1287862E+00 -0.1444128E+01
   04  0.2644455E+03  0.9198529E+01 -0.1765063E-01 -0.1293475E+00 -0.1443966E+01
   04  0.2659367E+03  0.9198692E+01 -0.1738409E-01 -0.1299076E+00 -0.1443803E+01
   04  0.2674278E+03  0.9198855E+01 -0.1711643E-01 -0.1304662E+00 -0.1443640E+01
   04  0.2689190E+03  0.9199019E+01 -0.1684775E-01 -0.1310235E+00 -0.1443476E+01
   04  0.2704102E+03  0.9199183E+01 -0.1657815E-01 -0.1315793E+00 -0.1443312E+01
   04  0.2719014E+03  0.9199348E+01 -0.1630773E-01 -0.1321337E+00 -0.1443147E+01
   04  0.2733925E+03  0.9199513E+01 -0.1603659E-01 -0.1326866E+00 -0.1442982E+01
   04  0.2748837E+03  0.9199679E+01 -0.1576483E-01 -0.1332381E+00 -0.1442816E+01
   04  0.2763749E+03  0.9199845E+01 -0.1549255E-01 -0.1337880E+00 -0.1442650E+01
   04  0.2778660E+03  0.9200011E+01 -0.1521985E-01 -0.1343364E+00 -0.1442484E+01
   04  0.2793572E+03  0.9200178E+01 -0.1494685E-01 -0.1348832E+00 -0.1442317E+01
   04  0.2808484E+03  0.9200345E+01 -0.1467364E-01 -0.1354284E+00 -0.1442150E+01
   04  0.2823395E+03  0.9200513E+01 -0.1440033E-01 -0.1359719E+00 -0.1441982E+01
   04  0.2838307E+03  0.9200681E+01 -0.1412704E-01 -0.1365138E+00 -0.1441814E+01
   04  0.2853219E+03  0.9200849E+01 -0.1385387E-01 -0.1370544E+00 -0.1441646E+01
   04  0.2868130E+03  0.9201018E+01 -0.1358092E-01 -0.1375936E+00 -0.1441477E+01
   04  0.2883042E+03  0.9201187E+01 -0.1330830E-01 -0.1381314E+00 -0.1441309E+01
   04  0.2897954E+03  0.9201356E+01 -0.1303613E-01 -0.1386677E+00 -0.1441139E+01
   04  0.2912865E+03  0.9201526E+01 -0.1276451E-01 -0.1392024E+00 -0.1440970E+01
   04  0.2927777E+03  0.9201695E+01 -0.1249357E-01 -0.1397356E+00 -0.1440800E+01
   04  0.2942689E+03  0.9201865E+01 -0.1222343E-01 -0.1402671E+00 -0.1440630E+01
   04  0.2957600E+03  0.9202036E+01 -0.1195488E-01 -0.1407969E+00 -0.1440460E+01
   04  0.2972512E+03  0.9202206E+01 -0.1168811E-01 -0.1413248E+00 -0.1440289E+01
   04  0.2987424E+03  0.9202377E+01 -0.1142323E-01 -0.1418510E+00 -0.1440119E+01
   04  0.3002335E+03  0.9202548E+01 -0.1116036E-01 -0.1423753E+00 -0.1439948E+01
   04  0.3017247E+03  0.9202719E+01 -0.1089961E-01 -0.1428976E+00 -0.1439777E+01
   04  0.3032159E+03  0.9202890E+01 -0.1064110E-01 -0.1434179E+00 -0.1439606E+01
   04  0.3047070E+03  0.9203061E+01 -0.1038494E-01 -0.1439362E+00 -0.1439434E+01
   04  0.3061982E+03  0.9203233E+01 -0.1013124E-01 -0.1444523E+00 -0.1439263E+01
   04  0.3076894E+03  0.9203404E+01 -0.9880142E-02 -0.1449662E+00 -0.1439091E+01
   04  0.3091805E+03  0.9203576E+01 -0.9631745E-02 -0.1454779E+00 -0.1438919E+01
   04  0.3106717E+03  0.9203748E+01 -0.9386177E-02 -0.1459872E+00 -0.1438748E+01
   04  0.3121629E+03  0.9203920E+01 -0.9143559E-02 -0.1464941E+00 -0.1438576E+01
   04  0.3136540E+03  0.9204092E+01 -0.8903955E-02 -0.1469985E+00 -0.1438404E+01
   04  0.3151452E+03  0.9204264E+01 -0.8667309E-02 -0.1475002E+00 -0.1438232E+01
   04  0.3165017E+03  0.9204420E+01 -0.8455514E-02 -0.1479539E+00 -0.1438075E+01
   04  0.3178581E+03  0.9204577E+01 -0.8246336E-02 -0.1484053E+00 -0.1437918E+01
   04  0.3192146E+03  0.9204734E+01 -0.8039871E-02 -0.1488543E+00 -0.1437762E+01
   04  0.3205710E+03  0.9204890E+01 -0.7836214E-02 -0.1493007E+00 -0.1437605E+01
   04  0.3219275E+03  0.9205047E+01 -0.7635463E-02 -0.1497446E+00 -0.1437448E+01
   04  0.3232839E+03  0.9205204E+01 -0.7437718E-02 -0.1501858E+00 -0.1437291E+01
   04  0.3246404E+03  0.9205361E+01 -0.7243077E-02 -0.1506243E+00 -0.1437134E+01
   04  0.3259968E+03  0.9205518E+01 -0.7051644E-02 -0.1510601E+00 -0.1436978E+01
   04  0.3273533E+03  0.9205675E+01 -0.6863520E-02 -0.1514930E+00 -0.1436821E+01
   04  0.3287097E+03  0.9205832E+01 -0.6678808E-02 -0.1519231E+00 -0.1436664E+01
   04  0.3300662E+03  0.9205988E+01 -0.6497616E-02 -0.1523503E+00 -0.1436507E+01
   04  0.3314226E+03  0.9206145E+01 -0.6320047E-02 -0.1527744E+00 -0.1436350E+01
   04  0.3327791E+03  0.9206302E+01 -0.6146212E-02 -0.1531956E+00 -0.1436193E+01
   04  0.3341355E+03  0.9206459E+01 -0.5976218E-02 -0.1536136E+00 -0.1436036E+01
   04  0.3354920E+03  0.9206616E+01 -0.5810177E-02 -0.1540285E+00 -0.1435879E+01
   04  0.3368484E+03  0.9206773E+01 -0.5648201E-02 -0.1544401E+00 -0.1435722E+01
   04  0.3382049E+03  0.9206930E+01 -0.5490405E-02 -0.1548486E+00 -0.1435565E+01
   04  0.3395613E+03  0.9207087E+01 -0.5336904E-02 -0.1552537E+00 -0.1435408E+01
   04  0.3409178E+03  0.9207244E+01 -0.5187816E-02 -0.1556554E+00 -0.1435252E+01
   04  0.3422742E+03  0.9207401E+01 -0.5043260E-02 -0.1560538E+00 -0.1435095E+01
   04  0.3436307E+03  0.9207557E+01 -0.4903355E-02 -0.1564487E+00 -0.1434938E+01
   04  0.3449871E+03  0.9207714E+01 -0.4768224E-02 -0.1568401E+00 -0.1434781E+01
   04  0.3463436E+03  0.9207871E+01 -0.4637991E-02 -0.1572279E+00 -0.1434624E+01
   04  0.3477000E+03  0.9208028E+01 -0.4512782E-02 -0.1576122E+00 -0.1434468E+01
   04  0.3490565E+03  0.9208185E+01 -0.4392724E-02 -0.1579928E+00 -0.1434311E+01
   04  0.3504130E+03  0.9208341E+01 -0.4277946E-02 -0.1583698E+00 -0.1434154E+01
   04  0.3517694E+03  0.9208498E+01 -0.4168580E-02 -0.1587431E+00 -0.1433997E+01
   04  0.3531259E+03  0.9208655E+01 -0.4064759E-02 -0.1591127E+00 -0.1433841E+01
   04  0.3544823E+03  0.9208811E+01 -0.3966619E-02 -0.1594785E+00 -0.1433684E+01
   04  0.3558388E+03  0.9208968E+01 -0.3874297E-02 -0.1598406E+00 -0.1433527E+01
   04  0.3574665E+03  0.9209156E+01 -0.3769479E-02 -0.1602703E+00 -0.1433339E+01
   04  0.3590942E+03  0.9209344E+01 -0.3673489E-02 -0.1606945E+00 -0.1433151E+01
   04  0.3607220E+03  0.9209532E+01 -0.3586574E-02 -0.1611131E+00 -0.1432964E+01
   04  0.3623497E+03  0.9209720E+01 -0.3508989E-02 -0.1615254E+00 -0.1432776E+01
   04  0.3639775E+03  0.9209907E+01 -0.3440992E-02 -0.1619313E+00 -0.1432588E+01
   04  0.3656052E+03  0.9210095E+01 -0.3382842E-02 -0.1623311E+00 -0.1432400E+01
   04  0.3672329E+03  0.9210283E+01 -0.3334802E-02 -0.1627248E+00 -0.1432213E+01
   04  0.3688607E+03  0.9210470E+01 -0.3297136E-02 -0.1631125E+00 -0.1432025E+01
   04  0.3704884E+03  0.9210658E+01 -0.3270112E-02 -0.1634944E+00 -0.1431837E+01
   04  0.3721162E+03  0.9210845E+01 -0.3253998E-02 -0.1638704E+00 -0.1431650E+01
   04  0.3737439E+03  0.9211033E+01 -0.3249064E-02 -0.1642409E+00 -0.1431462E+01
   04  0.3753717E+03  0.9211221E+01 -0.3255583E-02 -0.1646059E+00 -0.1431275E+01
   04  0.3769994E+03  0.9211408E+01 -0.3273826E-02 -0.1649656E+00 -0.1431087E+01
   04  0.3786271E+03  0.9211596E+01 -0.3304064E-02 -0.1653201E+00 -0.1430899E+01
   04  0.3802549E+03  0.9211784E+01 -0.3346570E-02 -0.1656696E+00 -0.1430711E+01
   04  0.3818826E+03  0.9211972E+01 -0.3401614E-02 -0.1660143E+00 -0.1430523E+01
   04  0.3835104E+03  0.9212160E+01 -0.3469467E-02 -0.1663544E+00 -0.1430335E+01
   04  0.3851381E+03  0.9212349E+01 -0.3550397E-02 -0.1666900E+00 -0.1430147E+01
   04  0.3867658E+03  0.9212537E+01 -0.3644671E-02 -0.1670214E+00 -0.1429958E+01
   04  0.3883936E+03  0.9212726E+01 -0.3752554E-02 -0.1673487E+00 -0.1429769E+01
   04  0.3900213E+03  0.9212915E+01 -0.3874307E-02 -0.1676723E+00 -0.1429580E+01
   04  0.3916491E+03  0.9213104E+01 -0.4010191E-02 -0.1679922E+00 -0.1429391E+01
   04  0.3932768E+03  0.9213294E+01 -0.4160462E-02 -0.1683088E+00 -0.1429202E+01
   04  0.3949046E+03  0.9213484E+01 -0.4325375E-02 -0.1686222E+00 -0.1429012E+01
   04  0.3965323E+03  0.9213674E+01 -0.4505182E-02 -0.1689328E+00 -0.1428822E+01
   04  0.3981600E+03  0.9213864E+01 -0.4700131E-02 -0.1692406E+00 -0.1428631E+01
   04  0.3997878E+03  0.9214055E+01 -0.4910477E-02 -0.1695460E+00 -0.1428441E+01
   04  0.4014155E+03  0.9214246E+01 -0.5136491E-02 -0.1698493E+00 -0.1428250E+01
   04  0.4030433E+03  0.9214437E+01 -0.5378439E-02 -0.1701505E+00 -0.1428058E+01
   04  0.4046710E+03  0.9214629E+01 -0.5636581E-02 -0.1704501E+00 -0.1427867E+01
   04  0.4062987E+03  0.9214821E+01 -0.5911178E-02 -0.1707481E+00 -0.1427675E+01
   04  0.4079265E+03  0.9215013E+01 -0.6202488E-02 -0.1710450E+00 -0.1427483E+01
   04  0.4095542E+03  0.9215205E+01 -0.6510770E-02 -0.1713408E+00 -0.1427290E+01
   04  0.4111820E+03  0.9215398E+01 -0.6836277E-02 -0.1716358E+00 -0.1427097E+01
   04  0.4128097E+03  0.9215591E+01 -0.7179280E-02 -0.1719290E+00 -0.1426904E+01
   04  0.4144375E+03  0.9215785E+01 -0.7540075E-02 -0.1722205E+00 -0.1426711E+01
   04  0.4160652E+03  0.9215978E+01 -0.7918989E-02 -0.1725106E+00 -0.1426517E+01
   04  0.4176929E+03  0.9216172E+01 -0.8314376E-02 -0.1727997E+00 -0.1426324E+01
   04  0.4193207E+03  0.9216366E+01 -0.8725183E-02 -0.1730883E+00 -0.1426129E+01
   04  0.4209484E+03  0.9216561E+01 -0.9150738E-02 -0.1733769E+00 -0.1425934E+01
   04  0.4225762E+03  0.9216757E+01 -0.9589136E-02 -0.1736658E+00 -0.1425739E+01
   04  0.4242039E+03  0.9216953E+01 -0.1004042E-01 -0.1739554E+00 -0.1425542E+01
   04  0.4258316E+03  0.9217151E+01 -0.1050463E-01 -0.1742459E+00 -0.1425344E+01
   04  0.4274594E+03  0.9217350E+01 -0.1098179E-01 -0.1745378E+00 -0.1425146E+01
   04  0.4290871E+03  0.9217549E+01 -0.1147189E-01 -0.1748312E+00 -0.1424946E+01
   04  0.4307149E+03  0.9217750E+01 -0.1197494E-01 -0.1751265E+00 -0.1424746E+01
   04  0.4323426E+03  0.9217951E+01 -0.1249092E-01 -0.1754239E+00 -0.1424544E+01
   04  0.4339704E+03  0.9218154E+01 -0.1301977E-01 -0.1757236E+00 -0.1424342E+01
   04  0.4355981E+03  0.9218357E+01 -0.1356167E-01 -0.1760257E+00 -0.1424138E+01
   04  0.4372258E+03  0.9218562E+01 -0.1411678E-01 -0.1763305E+00 -0.1423934E+01
   04  0.4388536E+03  0.9218767E+01 -0.1468526E-01 -0.1766381E+00 -0.1423728E+01
   04  0.4404813E+03  0.9218973E+01 -0.1526722E-01 -0.1769486E+00 -0.1423522E+01
   04  0.4421091E+03  0.9219181E+01 -0.1586279E-01 -0.1772622E+00 -0.1423315E+01
   04  0.4437368E+03  0.9219389E+01 -0.1647206E-01 -0.1775788E+00 -0.1423107E+01
   04  0.4453645E+03  0.9219598E+01 -0.1709510E-01 -0.1778987E+00 -0.1422898E+01
   04  0.4469923E+03  0.9219808E+01 -0.1773197E-01 -0.1782219E+00 -0.1422688E+01
   04  0.4486200E+03  0.9220018E+01 -0.1838404E-01 -0.1785484E+00 -0.1422477E+01
   04  0.4502478E+03  0.9220229E+01 -0.1905171E-01 -0.1788782E+00 -0.1422266E+01
   04  0.4518755E+03  0.9220441E+01 -0.1973483E-01 -0.1792113E+00 -0.1422054E+01
   04  0.4535033E+03  0.9220653E+01 -0.2043325E-01 -0.1795477E+00 -0.1421842E+01
   04  0.4551310E+03  0.9220866E+01 -0.2114685E-01 -0.1798875E+00 -0.1421629E+01
   04  0.4567587E+03  0.9221080E+01 -0.2187548E-01 -0.1802306E+00 -0.1421415E+01
   04  0.4583865E+03  0.9221294E+01 -0.2261905E-01 -0.1805769E+00 -0.1421201E+01
   04  0.4600142E+03  0.9221509E+01 -0.2337860E-01 -0.1809263E+00 -0.1420986E+01
   04  0.4616420E+03  0.9221725E+01 -0.2415482E-01 -0.1812787E+00 -0.1420770E+01
   04  0.4632697E+03  0.9221941E+01 -0.2494796E-01 -0.1816342E+00 -0.1420554E+01
   04  0.4648974E+03  0.9222159E+01 -0.2575921E-01 -0.1819925E+00 -0.1420337E+01
   04  0.4665252E+03  0.9222377E+01 -0.2658853E-01 -0.1823536E+00 -0.1420119E+01
   04  0.4681529E+03  0.9222595E+01 -0.2743724E-01 -0.1827173E+00 -0.1419900E+01
   04  0.4697807E+03  0.9222814E+01 -0.2830529E-01 -0.1830835E+00 -0.1419681E+01
   04  0.4714084E+03  0.9223033E+01 -0.2919262E-01 -0.1834520E+00 -0.1419462E+01
   04  0.4730362E+03  0.9223254E+01 -0.3009916E-01 -0.1838228E+00 -0.1419242E+01
   04  0.4746639E+03  0.9223474E+01 -0.3102486E-01 -0.1841958E+00 -0.1419021E+01
   04  0.4762916E+03  0.9223695E+01 -0.3196971E-01 -0.1845707E+00 -0.1418800E+01
   04  0.4779194E+03  0.9223917E+01 -0.3293368E-01 -0.1849475E+00 -0.1418578E+01
   04  0.4795471E+03  0.9224140E+01 -0.3391678E-01 -0.1853261E+00 -0.1418355E+01
   04  0.4811749E+03  0.9224363E+01 -0.3491905E-01 -0.1857063E+00 -0.1418132E+01
   04  0.4828026E+03  0.9224587E+01 -0.3594048E-01 -0.1860874E+00 -0.1417908E+01
   04  0.4844303E+03  0.9224812E+01 -0.3698112E-01 -0.1864687E+00 -0.1417684E+01
   04  0.4860581E+03  0.9225037E+01 -0.3804106E-01 -0.1868501E+00 -0.1417459E+01
   04  0.4876858E+03  0.9225263E+01 -0.3912042E-01 -0.1872317E+00 -0.1417233E+01
   04  0.4893136E+03  0.9225489E+01 -0.4021938E-01 -0.1876134E+00 -0.1417006E+01
   04  0.4909413E+03  0.9225717E+01 -0.4133638E-01 -0.1879951E+00 -0.1416778E+01
   04  0.4925691E+03  0.9225946E+01 -0.4247161E-01 -0.1883768E+00 -0.1416550E+01
   04  0.4941968E+03  0.9226175E+01 -0.4362555E-01 -0.1887587E+00 -0.1416320E+01
   04  0.4958245E+03  0.9226406E+01 -0.4479876E-01 -0.1891406E+00 -0.1416089E+01
   04  0.4974523E+03  0.9226638E+01 -0.4599185E-01 -0.1895227E+00 -0.1415857E+01
   04  0.4990800E+03  0.9226872E+01 -0.4720554E-01 -0.1899051E+00 -0.1415624E+01
   04  0.5007078E+03  0.9227107E+01 -0.4844061E-01 -0.1902879E+00 -0.1415389E+01
   04  0.5023355E+03  0.9227343E+01 -0.4969792E-01 -0.1906714E+00 -0.1415152E+01
   04  0.5039632E+03  0.9227581E+01 -0.5097845E-01 -0.1910556E+00 -0.1414915E+01
   04  0.5055910E+03  0.9227820E+01 -0.5228323E-01 -0.1914410E+00 -0.1414675E+01
   04  0.5072187E+03  0.9228062E+01 -0.5361339E-01 -0.1918278E+00 -0.1414433E+01
   04  0.5088465E+03  0.9228306E+01 -0.5496986E-01 -0.1922162E+00 -0.1414190E+01
   04  0.5104742E+03  0.9228551E+01 -0.5635412E-01 -0.1926054E+00 -0.1413944E+01
   04  0.5121020E+03  0.9228800E+01 -0.5776757E-01 -0.1929955E+00 -0.1413695E+01
   04  0.5137297E+03  0.9229051E+01 -0.5921138E-01 -0.1933870E+00 -0.1413444E+01
   04  0.5153574E+03  0.9229306E+01 -0.6068745E-01 -0.1937803E+00 -0.1413190E+01
   04  0.5169852E+03  0.9229563E+01 -0.6219778E-01 -0.1941759E+00 -0.1412932E+01
   04  0.5186129E+03  0.9229824E+01 -0.6374454E-01 -0.1945742E+00 -0.1412671E+01
   04  0.5202407E+03  0.9230089E+01 -0.6533001E-01 -0.1949758E+00 -0.1412406E+01
   04  0.5218684E+03  0.9230358E+01 -0.6695664E-01 -0.1953813E+00 -0.1412137E+01
   04  0.5234961E+03  0.9230632E+01 -0.6862702E-01 -0.1957914E+00 -0.1411864E+01
   04  0.5251239E+03  0.9230910E+01 -0.7034386E-01 -0.1962069E+00 -0.1411586E+01
   04  0.5267516E+03  0.9231193E+01 -0.7211008E-01 -0.1966285E+00 -0.1411303E+01
   04  0.5283794E+03  0.9231481E+01 -0.7392876E-01 -0.1970570E+00 -0.1411014E+01
   04  0.5300071E+03  0.9231775E+01 -0.7580313E-01 -0.1974934E+00 -0.1410720E+01
   04  0.5316349E+03  0.9232075E+01 -0.7773657E-01 -0.1979387E+00 -0.1410420E+01
   04  0.5332626E+03  0.9232382E+01 -0.7973261E-01 -0.1983938E+00 -0.1410113E+01
   04  0.5348903E+03  0.9232696E+01 -0.8179593E-01 -0.1988599E+00 -0.1409800E+01
   04  0.5365181E+03  0.9233017E+01 -0.8393043E-01 -0.1993380E+00 -0.1409479E+01
   04  0.5381458E+03  0.9233346E+01 -0.8614000E-01 -0.1998295E+00 -0.1409150E+01
   04  0.5397736E+03  0.9233683E+01 -0.8842870E-01 -0.2003355E+00 -0.1408812E+01
   04  0.5414013E+03  0.9234029E+01 -0.9080075E-01 -0.2008525E+00 -0.1408467E+01
   04  0.5430290E+03  0.9234383E+01 -0.9326052E-01 -0.2013810E+00 -0.1408112E+01
   04  0.5446568E+03  0.9234747E+01 -0.9581246E-01 -0.2019233E+00 -0.1407748E+01
   04  0.5462845E+03  0.9235121E+01 -0.9846112E-01 -0.2024812E+00 -0.1407375E+01
   04  0.5479123E+03  0.9235505E+01 -0.1012112E+00 -0.2030568E+00 -0.1406990E+01
   04  0.5495400E+03  0.9235900E+01 -0.1040674E+00 -0.2036522E+00 -0.1406595E+01
   04  0.5511678E+03  0.9236307E+01 -0.1070346E+00 -0.2042693E+00 -0.1406188E+01
   04  0.5527955E+03  0.9236727E+01 -0.1101178E+00 -0.2049102E+00 -0.1405769E+01
   04  0.5544232E+03  0.9237159E+01 -0.1133221E+00 -0.2055772E+00 -0.1405336E+01
   04  0.5560510E+03  0.9237605E+01 -0.1166525E+00 -0.2062724E+00 -0.1404891E+01
   04  0.5576787E+03  0.9238064E+01 -0.1201142E+00 -0.2069981E+00 -0.1404431E+01
   04  0.5593065E+03  0.9238539E+01 -0.1237125E+00 -0.2077566E+00 -0.1403956E+01
   04  0.5609342E+03  0.9239029E+01 -0.1274526E+00 -0.2085503E+00 -0.1403466E+01
   04  0.5625619E+03  0.9239535E+01 -0.1313400E+00 -0.2093816E+00 -0.1402961E+01
   04  0.5641897E+03  0.9240057E+01 -0.1353799E+00 -0.2102530E+00 -0.1402438E+01
   04  0.5658174E+03  0.9240597E+01 -0.1395779E+00 -0.2111672E+00 -0.1401899E+01
   04  0.5674452E+03  0.9241154E+01 -0.1439393E+00 -0.2121266E+00 -0.1401341E+01
   04  0.5690729E+03  0.9241730E+01 -0.1484697E+00 -0.2131339E+00 -0.1400765E+01
   04  0.5707007E+03  0.9242325E+01 -0.1531746E+00 -0.2141919E+00 -0.1400170E+01
   04  0.5723284E+03  0.9242939E+01 -0.1580595E+00 -0.2153032E+00 -0.1399556E+01
   04  0.5739561E+03  0.9243574E+01 -0.1631296E+00 -0.2164705E+00 -0.1398921E+01
   04  0.5755839E+03  0.9244229E+01 -0.1683899E+00 -0.2176968E+00 -0.1398266E+01
   04  0.5772116E+03  0.9244906E+01 -0.1738456E+00 -0.2189848E+00 -0.1397589E+01
   04  0.5788394E+03  0.9245604E+01 -0.1795016E+00 -0.2203375E+00 -0.1396891E+01
   04  0.5804671E+03  0.9246325E+01 -0.1853626E+00 -0.2217578E+00 -0.1396170E+01
   04  0.5820948E+03  0.9247069E+01 -0.1914333E+00 -0.2232485E+00 -0.1395427E+01
   04  0.5837226E+03  0.9247835E+01 -0.1977180E+00 -0.2248154E+00 -0.1394660E+01
   04  0.5853503E+03  0.9248625E+01 -0.2042208E+00 -0.2264636E+00 -0.1393871E+01
   04  0.5869781E+03  0.9249438E+01 -0.2109456E+00 -0.2281954E+00 -0.1393058E+01
   04  0.5886058E+03  0.9250275E+01 -0.2178961E+00 -0.2300133E+00 -0.1392220E+01
   04  0.5902336E+03  0.9251136E+01 -0.2250759E+00 -0.2319196E+00 -0.1391359E+01
   04  0.5918613E+03  0.9252023E+01 -0.2324891E+00 -0.2339164E+00 -0.1390473E+01
   04  0.5934890E+03  0.9252933E+01 -0.2401385E+00 -0.2360124E+00 -0.1389562E+01
   04  0.5951168E+03  0.9253869E+01 -0.2480270E+00 -0.2382096E+00 -0.1388627E+01
   04  0.5967445E+03  0.9254829E+01 -0.2561570E+00 -0.2405088E+00 -0.1387667E+01
   04  0.5983723E+03  0.9255814E+01 -0.2645310E+00 -0.2429112E+00 -0.1386682E+01
