# gauge_id= 606 location=( -0.1242062325E+03  0.4175453827E+02 ) num_var=  4
# Stationary gauge
# level, time, q[  1  2  3], eta, aux[]
# file format ascii, time series follow in this file
   04  0.0000000E+00  0.1212489E+02  0.0000000E+00  0.0000000E+00  0.0000000E+00
   04  0.1000000E+01  0.1212489E+02  0.5223243E-16 -0.9408602E-16 -0.1464397E+01
   04  0.1015873E+01  0.1212489E+02 -0.4872382E-05 -0.8738231E-05 -0.1464397E+01
   04  0.1031746E+01  0.1212489E+02 -0.9744124E-05 -0.1747554E-04 -0.1464397E+01
   04  0.1047619E+01  0.1212489E+02 -0.1461523E-04 -0.2621193E-04 -0.1464397E+01
   04  0.1063492E+01  0.1212489E+02 -0.1948569E-04 -0.3494740E-04 -0.1464397E+01
   04  0.1079365E+01  0.1212489E+02 -0.2435550E-04 -0.4368195E-04 -0.1464397E+01
   04  0.1095238E+01  0.1212489E+02 -0.2922468E-04 -0.5241558E-04 -0.1464397E+01
   04  0.1111111E+01  0.1212489E+02 -0.3409322E-04 -0.6114828E-04 -0.1464397E+01
   04  0.1126984E+01  0.1212489E+02 -0.3896111E-04 -0.6988007E-04 -0.1464397E+01
   04  0.1142857E+01  0.1212489E+02 -0.4382835E-04 -0.7861093E-04 -0.1464397E+01
   04  0.1158730E+01  0.1212489E+02 -0.4869495E-04 -0.8734088E-04 -0.1464397E+01
   04  0.1174603E+01  0.1212489E+02 -0.5356091E-04 -0.9606990E-04 -0.1464397E+01
   04  0.1190476E+01  0.1212489E+02 -0.5842622E-04 -0.1047980E-03 -0.1464397E+01
   04  0.1206349E+01  0.1212489E+02 -0.6329089E-04 -0.1135252E-03 -0.1464397E+01
   04  0.1222222E+01  0.1212489E+02 -0.6815490E-04 -0.1222514E-03 -0.1464397E+01
   04  0.1238095E+01  0.1212489E+02 -0.7301827E-04 -0.1309768E-03 -0.1464397E+01
   04  0.1253968E+01  0.1212489E+02 -0.7788100E-04 -0.1397012E-03 -0.1464397E+01
   04  0.1269841E+01  0.1212489E+02 -0.8274307E-04 -0.1484247E-03 -0.1464397E+01
   04  0.1285714E+01  0.1212489E+02 -0.8760449E-04 -0.1571473E-03 -0.1464397E+01
   04  0.1301587E+01  0.1212489E+02 -0.9246527E-04 -0.1658689E-03 -0.1464397E+01
   04  0.1317460E+01  0.1212489E+02 -0.9732539E-04 -0.1745897E-03 -0.1464397E+01
   04  0.1333333E+01  0.1212489E+02 -0.1021849E-03 -0.1833095E-03 -0.1464397E+01
   04  0.1349206E+01  0.1212489E+02 -0.1070437E-03 -0.1920284E-03 -0.1464397E+01
   04  0.1365079E+01  0.1212489E+02 -0.1119019E-03 -0.2007463E-03 -0.1464397E+01
   04  0.1380952E+01  0.1212489E+02 -0.1167594E-03 -0.2094634E-03 -0.1464397E+01
   04  0.1396825E+01  0.1212489E+02 -0.1216162E-03 -0.2181795E-03 -0.1464397E+01
   04  0.1412698E+01  0.1212489E+02 -0.1264724E-03 -0.2268947E-03 -0.1464397E+01
   04  0.1428571E+01  0.1212489E+02 -0.1313280E-03 -0.2356090E-03 -0.1464397E+01
   04  0.1476190E+01  0.1212489E+02 -0.1458921E-03 -0.2617490E-03 -0.1464397E+01
   04  0.1523810E+01  0.1212489E+02 -0.1604503E-03 -0.2878808E-03 -0.1464397E+01
   04  0.1571429E+01  0.1212489E+02 -0.1750026E-03 -0.3140042E-03 -0.1464397E+01
   04  0.1619048E+01  0.1212489E+02 -0.1895489E-03 -0.3401194E-03 -0.1464397E+01
   04  0.1666667E+01  0.1212489E+02 -0.2040892E-03 -0.3662262E-03 -0.1464397E+01
   04  0.1714286E+01  0.1212489E+02 -0.2186236E-03 -0.3923248E-03 -0.1464397E+01
   04  0.1761905E+01  0.1212489E+02 -0.2331521E-03 -0.4184150E-03 -0.1464397E+01
   04  0.1809524E+01  0.1212489E+02 -0.2476745E-03 -0.4444969E-03 -0.1464397E+01
   04  0.1857143E+01  0.1212489E+02 -0.2621909E-03 -0.4705706E-03 -0.1464397E+01
   04  0.1904762E+01  0.1212489E+02 -0.2767012E-03 -0.4966359E-03 -0.1464397E+01
   04  0.1952381E+01  0.1212489E+02 -0.2912055E-03 -0.5226929E-03 -0.1464397E+01
   04  0.2000000E+01  0.1212489E+02 -0.3057038E-03 -0.5487416E-03 -0.1464397E+01
   04  0.5727919E+01  0.1212490E+02 -0.1433017E-02 -0.2588467E-02 -0.1464388E+01
   04  0.9455838E+01  0.1212493E+02 -0.2518088E-02 -0.4577815E-02 -0.1464364E+01
   04  0.1318376E+02  0.1212496E+02 -0.3554991E-02 -0.6516760E-02 -0.1464326E+01
   04  0.1691168E+02  0.1212502E+02 -0.4538973E-02 -0.8405681E-02 -0.1464273E+01
   04  0.2063960E+02  0.1212508E+02 -0.5466188E-02 -0.1024523E-01 -0.1464206E+01
   04  0.2436752E+02  0.1212517E+02 -0.6333535E-02 -0.1203626E-01 -0.1464125E+01
   04  0.2809543E+02  0.1212526E+02 -0.7138555E-02 -0.1377975E-01 -0.1464031E+01
   04  0.2995939E+02  0.1212531E+02 -0.7513533E-02 -0.1462276E-01 -0.1463979E+01
   04  0.3182335E+02  0.1212537E+02 -0.7872305E-02 -0.1545457E-01 -0.1463923E+01
   04  0.3348021E+02  0.1212542E+02 -0.8177137E-02 -0.1618352E-01 -0.1463872E+01
   04  0.3513706E+02  0.1212547E+02 -0.8468978E-02 -0.1690388E-01 -0.1463818E+01
   04  0.3679391E+02  0.1212553E+02 -0.8748469E-02 -0.1761572E-01 -0.1463761E+01
   04  0.3845077E+02  0.1212559E+02 -0.9016380E-02 -0.1831911E-01 -0.1463703E+01
   04  0.4010762E+02  0.1212565E+02 -0.9272592E-02 -0.1901410E-01 -0.1463643E+01
   04  0.4176447E+02  0.1212571E+02 -0.9516998E-02 -0.1970075E-01 -0.1463580E+01
   04  0.4342132E+02  0.1212577E+02 -0.9749495E-02 -0.2037914E-01 -0.1463516E+01
   04  0.4507818E+02  0.1212584E+02 -0.9969991E-02 -0.2104938E-01 -0.1463450E+01
   04  0.4673503E+02  0.1212591E+02 -0.1017840E-01 -0.2171155E-01 -0.1463382E+01
   04  0.4839188E+02  0.1212598E+02 -0.1037463E-01 -0.2236577E-01 -0.1463312E+01
   04  0.5004874E+02  0.1212605E+02 -0.1055861E-01 -0.2301213E-01 -0.1463240E+01
   04  0.5170559E+02  0.1212612E+02 -0.1073025E-01 -0.2365075E-01 -0.1463166E+01
   04  0.5336244E+02  0.1212620E+02 -0.1088941E-01 -0.2428174E-01 -0.1463091E+01
   04  0.5501930E+02  0.1212628E+02 -0.1103642E-01 -0.2490518E-01 -0.1463014E+01
   04  0.5667615E+02  0.1212635E+02 -0.1117317E-01 -0.2552117E-01 -0.1462935E+01
   04  0.5833300E+02  0.1212643E+02 -0.1129990E-01 -0.2612983E-01 -0.1462856E+01
   04  0.5998985E+02  0.1212652E+02 -0.1141659E-01 -0.2673129E-01 -0.1462774E+01
   04  0.6164671E+02  0.1212660E+02 -0.1152321E-01 -0.2732571E-01 -0.1462692E+01
   04  0.6330356E+02  0.1212668E+02 -0.1162046E-01 -0.2791321E-01 -0.1462608E+01
   04  0.6496041E+02  0.1212677E+02 -0.1170827E-01 -0.2849372E-01 -0.1462523E+01
   04  0.6661727E+02  0.1212685E+02 -0.1178660E-01 -0.2906724E-01 -0.1462437E+01
   04  0.6827412E+02  0.1212694E+02 -0.1185543E-01 -0.2963386E-01 -0.1462350E+01
   04  0.6993097E+02  0.1212703E+02 -0.1191474E-01 -0.3019369E-01 -0.1462262E+01
   04  0.7158783E+02  0.1212712E+02 -0.1196451E-01 -0.3074686E-01 -0.1462172E+01
   04  0.7324468E+02  0.1212721E+02 -0.1200470E-01 -0.3129349E-01 -0.1462081E+01
   04  0.7490153E+02  0.1212730E+02 -0.1203530E-01 -0.3183373E-01 -0.1461990E+01
   04  0.7655838E+02  0.1212739E+02 -0.1205625E-01 -0.3236772E-01 -0.1461897E+01
   04  0.7821524E+02  0.1212749E+02 -0.1206752E-01 -0.3289562E-01 -0.1461803E+01
   04  0.7987209E+02  0.1212758E+02 -0.1206904E-01 -0.3341761E-01 -0.1461708E+01
   04  0.8152894E+02  0.1212768E+02 -0.1206072E-01 -0.3393385E-01 -0.1461612E+01
   04  0.8318580E+02  0.1212777E+02 -0.1204323E-01 -0.3444454E-01 -0.1461515E+01
   04  0.8484265E+02  0.1212787E+02 -0.1201786E-01 -0.3494983E-01 -0.1461417E+01
   04  0.8649950E+02  0.1212797E+02 -0.1198472E-01 -0.3544987E-01 -0.1461318E+01
   04  0.8815636E+02  0.1212807E+02 -0.1194395E-01 -0.3594483E-01 -0.1461218E+01
   04  0.8981321E+02  0.1212817E+02 -0.1189565E-01 -0.3643485E-01 -0.1461116E+01
   04  0.9147006E+02  0.1212828E+02 -0.1183992E-01 -0.3692009E-01 -0.1461014E+01
   04  0.9445240E+02  0.1212846E+02 -0.1171734E-01 -0.3779953E-01 -0.1460827E+01
   04  0.9743473E+02  0.1212865E+02 -0.1156813E-01 -0.3866366E-01 -0.1460636E+01
   04  0.1004171E+03  0.1212885E+02 -0.1139318E-01 -0.3951330E-01 -0.1460441E+01
   04  0.1033994E+03  0.1212905E+02 -0.1119323E-01 -0.4035084E-01 -0.1460243E+01
   04  0.1063817E+03  0.1212925E+02 -0.1096889E-01 -0.4117899E-01 -0.1460041E+01
   04  0.1093641E+03  0.1212945E+02 -0.1072071E-01 -0.4199848E-01 -0.1459837E+01
   04  0.1123464E+03  0.1212966E+02 -0.1044926E-01 -0.4281001E-01 -0.1459630E+01
   04  0.1153287E+03  0.1212987E+02 -0.1015510E-01 -0.4361422E-01 -0.1459419E+01
   04  0.1183111E+03  0.1213008E+02 -0.9838780E-02 -0.4441166E-01 -0.1459206E+01
   04  0.1212934E+03  0.1213030E+02 -0.9500866E-02 -0.4520283E-01 -0.1458990E+01
   04  0.1242758E+03  0.1213052E+02 -0.9140785E-02 -0.4598823E-01 -0.1458772E+01
   04  0.1272581E+03  0.1213074E+02 -0.8759332E-02 -0.4676840E-01 -0.1458550E+01
   04  0.1302404E+03  0.1213096E+02 -0.8358037E-02 -0.4754387E-01 -0.1458326E+01
   04  0.1332228E+03  0.1213119E+02 -0.7937885E-02 -0.4831513E-01 -0.1458099E+01
   04  0.1362051E+03  0.1213142E+02 -0.7499905E-02 -0.4908263E-01 -0.1457869E+01
   04  0.1391874E+03  0.1213165E+02 -0.7043343E-02 -0.4984673E-01 -0.1457637E+01
   04  0.1421698E+03  0.1213189E+02 -0.6564933E-02 -0.5060780E-01 -0.1457403E+01
   04  0.1451521E+03  0.1213212E+02 -0.6066143E-02 -0.5136644E-01 -0.1457167E+01
   04  0.1481344E+03  0.1213236E+02 -0.5548566E-02 -0.5212317E-01 -0.1456929E+01
   04  0.1511168E+03  0.1213260E+02 -0.5012840E-02 -0.5287840E-01 -0.1456689E+01
   04  0.1540991E+03  0.1213284E+02 -0.4459825E-02 -0.5363243E-01 -0.1456448E+01
   04  0.1570814E+03  0.1213309E+02 -0.3891412E-02 -0.5438551E-01 -0.1456205E+01
   04  0.1600638E+03  0.1213333E+02 -0.3309361E-02 -0.5513791E-01 -0.1455960E+01
   04  0.1630461E+03  0.1213358E+02 -0.2715239E-02 -0.5588985E-01 -0.1455714E+01
   04  0.1660284E+03  0.1213382E+02 -0.2110509E-02 -0.5664156E-01 -0.1455465E+01
   04  0.1690108E+03  0.1213408E+02 -0.1496632E-02 -0.5739221E-01 -0.1455215E+01
   04  0.1719931E+03  0.1213433E+02 -0.8749443E-03 -0.5814117E-01 -0.1454963E+01
   04  0.1749755E+03  0.1213458E+02 -0.2467667E-03 -0.5888847E-01 -0.1454708E+01
   04  0.1779578E+03  0.1213484E+02  0.3866821E-03 -0.5963417E-01 -0.1454452E+01
   04  0.1809401E+03  0.1213510E+02  0.1024332E-02 -0.6037832E-01 -0.1454193E+01
   04  0.1824313E+03  0.1213523E+02  0.1340425E-02 -0.6073966E-01 -0.1454063E+01
   04  0.1839225E+03  0.1213536E+02  0.1657269E-02 -0.6110101E-01 -0.1453932E+01
   04  0.1854136E+03  0.1213549E+02  0.1974339E-02 -0.6146237E-01 -0.1453801E+01
   04  0.1869048E+03  0.1213562E+02  0.2291429E-02 -0.6182373E-01 -0.1453669E+01
   04  0.1883960E+03  0.1213575E+02  0.2608457E-02 -0.6218510E-01 -0.1453536E+01
   04  0.1898871E+03  0.1213589E+02  0.2925343E-02 -0.6254646E-01 -0.1453403E+01
   04  0.1913783E+03  0.1213602E+02  0.3242009E-02 -0.6290783E-01 -0.1453269E+01
   04  0.1928695E+03  0.1213616E+02  0.3558379E-02 -0.6326920E-01 -0.1453135E+01
   04  0.1943606E+03  0.1213629E+02  0.3874377E-02 -0.6363058E-01 -0.1453000E+01
   04  0.1958518E+03  0.1213643E+02  0.4189928E-02 -0.6399198E-01 -0.1452865E+01
   04  0.1973430E+03  0.1213656E+02  0.4505025E-02 -0.6435341E-01 -0.1452729E+01
   04  0.1988341E+03  0.1213670E+02  0.4820450E-02 -0.6471488E-01 -0.1452592E+01
   04  0.2003253E+03  0.1213684E+02  0.5135939E-02 -0.6507639E-01 -0.1452455E+01
   04  0.2018165E+03  0.1213697E+02  0.5451299E-02 -0.6543791E-01 -0.1452317E+01
   04  0.2033076E+03  0.1213711E+02  0.5766371E-02 -0.6579947E-01 -0.1452178E+01
   04  0.2047988E+03  0.1213725E+02  0.6081018E-02 -0.6616105E-01 -0.1452039E+01
   04  0.2062900E+03  0.1213739E+02  0.6395116E-02 -0.6652265E-01 -0.1451899E+01
   04  0.2077811E+03  0.1213753E+02  0.6708555E-02 -0.6688428E-01 -0.1451759E+01
   04  0.2092723E+03  0.1213767E+02  0.7021230E-02 -0.6724595E-01 -0.1451618E+01
   04  0.2107635E+03  0.1213781E+02  0.7333043E-02 -0.6760767E-01 -0.1451476E+01
   04  0.2122546E+03  0.1213796E+02  0.7643903E-02 -0.6796944E-01 -0.1451334E+01
   04  0.2137458E+03  0.1213810E+02  0.7953772E-02 -0.6833127E-01 -0.1451191E+01
   04  0.2152370E+03  0.1213824E+02  0.8262589E-02 -0.6869318E-01 -0.1451048E+01
   04  0.2167281E+03  0.1213839E+02  0.8570283E-02 -0.6905517E-01 -0.1450904E+01
   04  0.2182193E+03  0.1213853E+02  0.8876786E-02 -0.6941725E-01 -0.1450759E+01
   04  0.2197105E+03  0.1213868E+02  0.9182033E-02 -0.6977944E-01 -0.1450614E+01
   04  0.2212017E+03  0.1213882E+02  0.9485965E-02 -0.7014175E-01 -0.1450468E+01
   04  0.2226928E+03  0.1213897E+02  0.9788523E-02 -0.7050420E-01 -0.1450322E+01
   04  0.2241840E+03  0.1213911E+02  0.1008965E-01 -0.7086680E-01 -0.1450175E+01
   04  0.2256752E+03  0.1213926E+02  0.1038931E-01 -0.7122958E-01 -0.1450028E+01
   04  0.2271663E+03  0.1213941E+02  0.1068743E-01 -0.7159255E-01 -0.1449880E+01
   04  0.2286575E+03  0.1213956E+02  0.1098399E-01 -0.7195573E-01 -0.1449732E+01
   04  0.2301487E+03  0.1213971E+02  0.1127894E-01 -0.7231914E-01 -0.1449583E+01
   04  0.2316398E+03  0.1213986E+02  0.1157225E-01 -0.7268281E-01 -0.1449433E+01
   04  0.2331310E+03  0.1214001E+02  0.1186387E-01 -0.7304674E-01 -0.1449283E+01
   04  0.2346222E+03  0.1214016E+02  0.1215378E-01 -0.7341097E-01 -0.1449133E+01
   04  0.2361133E+03  0.1214031E+02  0.1244195E-01 -0.7377551E-01 -0.1448981E+01
   04  0.2376045E+03  0.1214046E+02  0.1272836E-01 -0.7414038E-01 -0.1448830E+01
   04  0.2390957E+03  0.1214061E+02  0.1301298E-01 -0.7450561E-01 -0.1448677E+01
   04  0.2405868E+03  0.1214077E+02  0.1329579E-01 -0.7487120E-01 -0.1448525E+01
   04  0.2420780E+03  0.1214092E+02  0.1357679E-01 -0.7523719E-01 -0.1448371E+01
   04  0.2435692E+03  0.1214107E+02  0.1385595E-01 -0.7560358E-01 -0.1448218E+01
   04  0.2450603E+03  0.1214123E+02  0.1413327E-01 -0.7597040E-01 -0.1448063E+01
   04  0.2465515E+03  0.1214138E+02  0.1440837E-01 -0.7633764E-01 -0.1447908E+01
   04  0.2480427E+03  0.1214154E+02  0.1468125E-01 -0.7670530E-01 -0.1447753E+01
   04  0.2495338E+03  0.1214169E+02  0.1495194E-01 -0.7707339E-01 -0.1447597E+01
   04  0.2510250E+03  0.1214185E+02  0.1522048E-01 -0.7744189E-01 -0.1447441E+01
   04  0.2525162E+03  0.1214201E+02  0.1548682E-01 -0.7781081E-01 -0.1447284E+01
   04  0.2540073E+03  0.1214216E+02  0.1575105E-01 -0.7818014E-01 -0.1447126E+01
   04  0.2554985E+03  0.1214232E+02  0.1601322E-01 -0.7854986E-01 -0.1446968E+01
   04  0.2569897E+03  0.1214248E+02  0.1627334E-01 -0.7891996E-01 -0.1446810E+01
   04  0.2584808E+03  0.1214264E+02  0.1653145E-01 -0.7929042E-01 -0.1446651E+01
   04  0.2599720E+03  0.1214280E+02  0.1678757E-01 -0.7966122E-01 -0.1446491E+01
   04  0.2614632E+03  0.1214296E+02  0.1704174E-01 -0.8003234E-01 -0.1446331E+01
   04  0.2629543E+03  0.1214312E+02  0.1729397E-01 -0.8040375E-01 -0.1446170E+01
   04  0.2644455E+03  0.1214328E+02  0.1754430E-01 -0.8077542E-01 -0.1446009E+01
   04  0.2659367E+03  0.1214344E+02  0.1779276E-01 -0.8114731E-01 -0.1445848E+01
   04  0.2674278E+03  0.1214360E+02  0.1803936E-01 -0.8151940E-01 -0.1445686E+01
   04  0.2689190E+03  0.1214377E+02  0.1828414E-01 -0.8189165E-01 -0.1445523E+01
   04  0.2704102E+03  0.1214393E+02  0.1852711E-01 -0.8226400E-01 -0.1445360E+01
   04  0.2719014E+03  0.1214409E+02  0.1876831E-01 -0.8263641E-01 -0.1445196E+01
   04  0.2733925E+03  0.1214426E+02  0.1900775E-01 -0.8300884E-01 -0.1445031E+01
   04  0.2748837E+03  0.1214442E+02  0.1924547E-01 -0.8338124E-01 -0.1444867E+01
   04  0.2763749E+03  0.1214459E+02  0.1948148E-01 -0.8375354E-01 -0.1444701E+01
   04  0.2778660E+03  0.1214475E+02  0.1971581E-01 -0.8412570E-01 -0.1444535E+01
   04  0.2793572E+03  0.1214492E+02  0.1994848E-01 -0.8449764E-01 -0.1444369E+01
   04  0.2808484E+03  0.1214509E+02  0.2017951E-01 -0.8486931E-01 -0.1444202E+01
   04  0.2823395E+03  0.1214526E+02  0.2040893E-01 -0.8524064E-01 -0.1444034E+01
   04  0.2838307E+03  0.1214542E+02  0.2063675E-01 -0.8561155E-01 -0.1443866E+01
   04  0.2853219E+03  0.1214559E+02  0.2086299E-01 -0.8598184E-01 -0.1443698E+01
   04  0.2868130E+03  0.1214576E+02  0.2108766E-01 -0.8635144E-01 -0.1443529E+01
   04  0.2883042E+03  0.1214593E+02  0.2131076E-01 -0.8672031E-01 -0.1443359E+01
   04  0.2897954E+03  0.1214610E+02  0.2153231E-01 -0.8708836E-01 -0.1443189E+01
   04  0.2912865E+03  0.1214627E+02  0.2175231E-01 -0.8745553E-01 -0.1443019E+01
   04  0.2927777E+03  0.1214644E+02  0.2197076E-01 -0.8782174E-01 -0.1442847E+01
   04  0.2942689E+03  0.1214661E+02  0.2218766E-01 -0.8818691E-01 -0.1442676E+01
   04  0.2957600E+03  0.1214679E+02  0.2240358E-01 -0.8855096E-01 -0.1442504E+01
   04  0.2972512E+03  0.1214696E+02  0.2261859E-01 -0.8891381E-01 -0.1442331E+01
   04  0.2987424E+03  0.1214713E+02  0.2283271E-01 -0.8927530E-01 -0.1442158E+01
   04  0.3002335E+03  0.1214731E+02  0.2304595E-01 -0.8963532E-01 -0.1441984E+01
   04  0.3017247E+03  0.1214748E+02  0.2325830E-01 -0.8999373E-01 -0.1441809E+01
   04  0.3032159E+03  0.1214766E+02  0.2346976E-01 -0.9035037E-01 -0.1441635E+01
   04  0.3047070E+03  0.1214783E+02  0.2368031E-01 -0.9070512E-01 -0.1441459E+01
   04  0.3061982E+03  0.1214801E+02  0.2388993E-01 -0.9105782E-01 -0.1441284E+01
   04  0.3076894E+03  0.1214818E+02  0.2409859E-01 -0.9140833E-01 -0.1441107E+01
   04  0.3091805E+03  0.1214836E+02  0.2430627E-01 -0.9175650E-01 -0.1440930E+01
   04  0.3106717E+03  0.1214854E+02  0.2451292E-01 -0.9210219E-01 -0.1440753E+01
   04  0.3121629E+03  0.1214871E+02  0.2471850E-01 -0.9244525E-01 -0.1440576E+01
   04  0.3136540E+03  0.1214889E+02  0.2492304E-01 -0.9278553E-01 -0.1440398E+01
   04  0.3151452E+03  0.1214907E+02  0.2512652E-01 -0.9312291E-01 -0.1440219E+01
   04  0.3165017E+03  0.1214923E+02  0.2531006E-01 -0.9342602E-01 -0.1440057E+01
   04  0.3178581E+03  0.1214940E+02  0.2549270E-01 -0.9372650E-01 -0.1439894E+01
   04  0.3192146E+03  0.1214956E+02  0.2567440E-01 -0.9402427E-01 -0.1439730E+01
   04  0.3205710E+03  0.1214972E+02  0.2585513E-01 -0.9431919E-01 -0.1439567E+01
   04  0.3219275E+03  0.1214989E+02  0.2603484E-01 -0.9461118E-01 -0.1439403E+01
   04  0.3232839E+03  0.1215005E+02  0.2621351E-01 -0.9490014E-01 -0.1439239E+01
   04  0.3246404E+03  0.1215022E+02  0.2639108E-01 -0.9518595E-01 -0.1439074E+01
   04  0.3259968E+03  0.1215038E+02  0.2656752E-01 -0.9546854E-01 -0.1438910E+01
   04  0.3273533E+03  0.1215055E+02  0.2674278E-01 -0.9574780E-01 -0.1438745E+01
   04  0.3287097E+03  0.1215071E+02  0.2691682E-01 -0.9602364E-01 -0.1438580E+01
   04  0.3300662E+03  0.1215088E+02  0.2708959E-01 -0.9629598E-01 -0.1438415E+01
   04  0.3314226E+03  0.1215104E+02  0.2726106E-01 -0.9656474E-01 -0.1438249E+01
   04  0.3327791E+03  0.1215121E+02  0.2743116E-01 -0.9682982E-01 -0.1438084E+01
   04  0.3341355E+03  0.1215137E+02  0.2759986E-01 -0.9709116E-01 -0.1437918E+01
   04  0.3354920E+03  0.1215154E+02  0.2776711E-01 -0.9734868E-01 -0.1437752E+01
   04  0.3368484E+03  0.1215170E+02  0.2793285E-01 -0.9760231E-01 -0.1437586E+01
   04  0.3382049E+03  0.1215187E+02  0.2809704E-01 -0.9785197E-01 -0.1437420E+01
   04  0.3395613E+03  0.1215204E+02  0.2825963E-01 -0.9809761E-01 -0.1437253E+01
   04  0.3409178E+03  0.1215220E+02  0.2842057E-01 -0.9833915E-01 -0.1437087E+01
   04  0.3422742E+03  0.1215237E+02  0.2857979E-01 -0.9857653E-01 -0.1436920E+01
   04  0.3436307E+03  0.1215254E+02  0.2873725E-01 -0.9880970E-01 -0.1436754E+01
   04  0.3449871E+03  0.1215270E+02  0.2889290E-01 -0.9903858E-01 -0.1436587E+01
   04  0.3463436E+03  0.1215287E+02  0.2904667E-01 -0.9926314E-01 -0.1436420E+01
   04  0.3477000E+03  0.1215304E+02  0.2919851E-01 -0.9948330E-01 -0.1436253E+01
   04  0.3490565E+03  0.1215320E+02  0.2934836E-01 -0.9969902E-01 -0.1436086E+01
   04  0.3504130E+03  0.1215337E+02  0.2949616E-01 -0.9991025E-01 -0.1435919E+01
   04  0.3517694E+03  0.1215354E+02  0.2964185E-01 -0.1001169E+00 -0.1435752E+01
   04  0.3531259E+03  0.1215371E+02  0.2978537E-01 -0.1003190E+00 -0.1435585E+01
   04  0.3544823E+03  0.1215387E+02  0.2992665E-01 -0.1005165E+00 -0.1435418E+01
   04  0.3558388E+03  0.1215404E+02  0.3006563E-01 -0.1007092E+00 -0.1435251E+01
   04  0.3574665E+03  0.1215424E+02  0.3023080E-01 -0.1009371E+00 -0.1435051E+01
   04  0.3590942E+03  0.1215444E+02  0.3039232E-01 -0.1011580E+00 -0.1434850E+01
   04  0.3607220E+03  0.1215464E+02  0.3055010E-01 -0.1013718E+00 -0.1434650E+01
   04  0.3623497E+03  0.1215484E+02  0.3070401E-01 -0.1015785E+00 -0.1434449E+01
   04  0.3639775E+03  0.1215504E+02  0.3085395E-01 -0.1017781E+00 -0.1434249E+01
   04  0.3656052E+03  0.1215524E+02  0.3099979E-01 -0.1019703E+00 -0.1434049E+01
   04  0.3672329E+03  0.1215544E+02  0.3114143E-01 -0.1021552E+00 -0.1433849E+01
   04  0.3688607E+03  0.1215564E+02  0.3127874E-01 -0.1023326E+00 -0.1433649E+01
   04  0.3704884E+03  0.1215584E+02  0.3141160E-01 -0.1025026E+00 -0.1433450E+01
   04  0.3721162E+03  0.1215604E+02  0.3153989E-01 -0.1026649E+00 -0.1433250E+01
   04  0.3737439E+03  0.1215624E+02  0.3166349E-01 -0.1028196E+00 -0.1433051E+01
   04  0.3753717E+03  0.1215644E+02  0.3178225E-01 -0.1029665E+00 -0.1432852E+01
   04  0.3769994E+03  0.1215664E+02  0.3189607E-01 -0.1031056E+00 -0.1432653E+01
   04  0.3786271E+03  0.1215684E+02  0.3200481E-01 -0.1032369E+00 -0.1432454E+01
   04  0.3802549E+03  0.1215703E+02  0.3210833E-01 -0.1033603E+00 -0.1432256E+01
   04  0.3818826E+03  0.1215723E+02  0.3220650E-01 -0.1034757E+00 -0.1432058E+01
   04  0.3835104E+03  0.1215743E+02  0.3229920E-01 -0.1035831E+00 -0.1431860E+01
   04  0.3851381E+03  0.1215763E+02  0.3238627E-01 -0.1036824E+00 -0.1431663E+01
   04  0.3867658E+03  0.1215782E+02  0.3246760E-01 -0.1037736E+00 -0.1431465E+01
   04  0.3883936E+03  0.1215802E+02  0.3254303E-01 -0.1038567E+00 -0.1431269E+01
   04  0.3900213E+03  0.1215822E+02  0.3261243E-01 -0.1039316E+00 -0.1431072E+01
   04  0.3916491E+03  0.1215841E+02  0.3267566E-01 -0.1039984E+00 -0.1430876E+01
   04  0.3932768E+03  0.1215861E+02  0.3273258E-01 -0.1040570E+00 -0.1430680E+01
   04  0.3949046E+03  0.1215881E+02  0.3278303E-01 -0.1041073E+00 -0.1430485E+01
   04  0.3965323E+03  0.1215900E+02  0.3282688E-01 -0.1041495E+00 -0.1430290E+01
   04  0.3981600E+03  0.1215919E+02  0.3286397E-01 -0.1041835E+00 -0.1430096E+01
   04  0.3997878E+03  0.1215939E+02  0.3289414E-01 -0.1042094E+00 -0.1429902E+01
   04  0.4014155E+03  0.1215958E+02  0.3291721E-01 -0.1042270E+00 -0.1429709E+01
   04  0.4030433E+03  0.1215977E+02  0.3293301E-01 -0.1042366E+00 -0.1429516E+01
   04  0.4046710E+03  0.1215997E+02  0.3294135E-01 -0.1042381E+00 -0.1429323E+01
   04  0.4062987E+03  0.1216016E+02  0.3294206E-01 -0.1042315E+00 -0.1429132E+01
   04  0.4079265E+03  0.1216035E+02  0.3293497E-01 -0.1042170E+00 -0.1428940E+01
   04  0.4095542E+03  0.1216054E+02  0.3291989E-01 -0.1041946E+00 -0.1428749E+01
   04  0.4111820E+03  0.1216073E+02  0.3289666E-01 -0.1041643E+00 -0.1428559E+01
   04  0.4128097E+03  0.1216092E+02  0.3286507E-01 -0.1041263E+00 -0.1428369E+01
   04  0.4144375E+03  0.1216111E+02  0.3282494E-01 -0.1040806E+00 -0.1428180E+01
   04  0.4160652E+03  0.1216130E+02  0.3277612E-01 -0.1040273E+00 -0.1427992E+01
   04  0.4176929E+03  0.1216149E+02  0.3271871E-01 -0.1039665E+00 -0.1427804E+01
   04  0.4193207E+03  0.1216167E+02  0.3265246E-01 -0.1038982E+00 -0.1427617E+01
   04  0.4209484E+03  0.1216186E+02  0.3257745E-01 -0.1038226E+00 -0.1427430E+01
   04  0.4225762E+03  0.1216205E+02  0.3249418E-01 -0.1037398E+00 -0.1427244E+01
   04  0.4242039E+03  0.1216223E+02  0.3240242E-01 -0.1036500E+00 -0.1427059E+01
   04  0.4258316E+03  0.1216242E+02  0.3230193E-01 -0.1035535E+00 -0.1426874E+01
   04  0.4274594E+03  0.1216260E+02  0.3219250E-01 -0.1034503E+00 -0.1426689E+01
   04  0.4290871E+03  0.1216279E+02  0.3207390E-01 -0.1033408E+00 -0.1426505E+01
   04  0.4307149E+03  0.1216297E+02  0.3194592E-01 -0.1032252E+00 -0.1426322E+01
   04  0.4323426E+03  0.1216315E+02  0.3180838E-01 -0.1031036E+00 -0.1426139E+01
   04  0.4339704E+03  0.1216333E+02  0.3166107E-01 -0.1029764E+00 -0.1425957E+01
   04  0.4355981E+03  0.1216351E+02  0.3150382E-01 -0.1028436E+00 -0.1425776E+01
   04  0.4372258E+03  0.1216370E+02  0.3133646E-01 -0.1027055E+00 -0.1425595E+01
   04  0.4388536E+03  0.1216388E+02  0.3115883E-01 -0.1025623E+00 -0.1425415E+01
   04  0.4404813E+03  0.1216406E+02  0.3097076E-01 -0.1024143E+00 -0.1425235E+01
   04  0.4421091E+03  0.1216423E+02  0.3077212E-01 -0.1022617E+00 -0.1425056E+01
   04  0.4437368E+03  0.1216441E+02  0.3056277E-01 -0.1021048E+00 -0.1424877E+01
   04  0.4453645E+03  0.1216459E+02  0.3034259E-01 -0.1019437E+00 -0.1424700E+01
   04  0.4469923E+03  0.1216477E+02  0.3011145E-01 -0.1017788E+00 -0.1424522E+01
   04  0.4486200E+03  0.1216494E+02  0.2986923E-01 -0.1016103E+00 -0.1424346E+01
   04  0.4502478E+03  0.1216512E+02  0.2961580E-01 -0.1014386E+00 -0.1424170E+01
   04  0.4518755E+03  0.1216530E+02  0.2935104E-01 -0.1012637E+00 -0.1423994E+01
   04  0.4535033E+03  0.1216547E+02  0.2907483E-01 -0.1010861E+00 -0.1423819E+01
   04  0.4551310E+03  0.1216565E+02  0.2878713E-01 -0.1009061E+00 -0.1423644E+01
   04  0.4567587E+03  0.1216582E+02  0.2848785E-01 -0.1007238E+00 -0.1423470E+01
   04  0.4583865E+03  0.1216599E+02  0.2817694E-01 -0.1005397E+00 -0.1423297E+01
   04  0.4600142E+03  0.1216617E+02  0.2785538E-01 -0.1003539E+00 -0.1423124E+01
   04  0.4616420E+03  0.1216634E+02  0.2752376E-01 -0.1001667E+00 -0.1422952E+01
   04  0.4632697E+03  0.1216651E+02  0.2718203E-01 -0.9997834E-01 -0.1422780E+01
   04  0.4648974E+03  0.1216668E+02  0.2683018E-01 -0.9978941E-01 -0.1422608E+01
   04  0.4665252E+03  0.1216685E+02  0.2646826E-01 -0.9959981E-01 -0.1422437E+01
   04  0.4681529E+03  0.1216702E+02  0.2609619E-01 -0.9940981E-01 -0.1422267E+01
   04  0.4697807E+03  0.1216719E+02  0.2571306E-01 -0.9921970E-01 -0.1422097E+01
   04  0.4714084E+03  0.1216736E+02  0.2531884E-01 -0.9902978E-01 -0.1421928E+01
   04  0.4730362E+03  0.1216753E+02  0.2491350E-01 -0.9884036E-01 -0.1421760E+01
   04  0.4746639E+03  0.1216770E+02  0.2449702E-01 -0.9865176E-01 -0.1421591E+01
   04  0.4762916E+03  0.1216787E+02  0.2406934E-01 -0.9846426E-01 -0.1421424E+01
   04  0.4779194E+03  0.1216803E+02  0.2363045E-01 -0.9827816E-01 -0.1421257E+01
   04  0.4795471E+03  0.1216820E+02  0.2318005E-01 -0.9809375E-01 -0.1421090E+01
   04  0.4811749E+03  0.1216837E+02  0.2271712E-01 -0.9791137E-01 -0.1420924E+01
   04  0.4828026E+03  0.1216853E+02  0.2224166E-01 -0.9773130E-01 -0.1420758E+01
   04  0.4844303E+03  0.1216870E+02  0.2175370E-01 -0.9755384E-01 -0.1420592E+01
   04  0.4860581E+03  0.1216886E+02  0.2125323E-01 -0.9737923E-01 -0.1420426E+01
   04  0.4876858E+03  0.1216903E+02  0.2074025E-01 -0.9720769E-01 -0.1420261E+01
   04  0.4893136E+03  0.1216919E+02  0.2021475E-01 -0.9703943E-01 -0.1420096E+01
   04  0.4909413E+03  0.1216936E+02  0.1967494E-01 -0.9687456E-01 -0.1419932E+01
   04  0.4925691E+03  0.1216952E+02  0.1912065E-01 -0.9671315E-01 -0.1419767E+01
   04  0.4941968E+03  0.1216969E+02  0.1855193E-01 -0.9655528E-01 -0.1419603E+01
   04  0.4958245E+03  0.1216985E+02  0.1796884E-01 -0.9640100E-01 -0.1419439E+01
   04  0.4974523E+03  0.1217001E+02  0.1737140E-01 -0.9625035E-01 -0.1419276E+01
   04  0.4990800E+03  0.1217018E+02  0.1675967E-01 -0.9610338E-01 -0.1419113E+01
   04  0.5007078E+03  0.1217034E+02  0.1613366E-01 -0.9596012E-01 -0.1418950E+01
   04  0.5023355E+03  0.1217050E+02  0.1549340E-01 -0.9582058E-01 -0.1418787E+01
   04  0.5039632E+03  0.1217067E+02  0.1483892E-01 -0.9568478E-01 -0.1418624E+01
   04  0.5055910E+03  0.1217083E+02  0.1417020E-01 -0.9555270E-01 -0.1418461E+01
   04  0.5072187E+03  0.1217099E+02  0.1348725E-01 -0.9542434E-01 -0.1418299E+01
   04  0.5088465E+03  0.1217115E+02  0.1279004E-01 -0.9529967E-01 -0.1418136E+01
   04  0.5104742E+03  0.1217132E+02  0.1207851E-01 -0.9517866E-01 -0.1417973E+01
   04  0.5121020E+03  0.1217148E+02  0.1135292E-01 -0.9506118E-01 -0.1417810E+01
   04  0.5137297E+03  0.1217164E+02  0.1061433E-01 -0.9494724E-01 -0.1417648E+01
   04  0.5153574E+03  0.1217181E+02  0.9860063E-02 -0.9483680E-01 -0.1417485E+01
   04  0.5169852E+03  0.1217197E+02  0.9091513E-02 -0.9472943E-01 -0.1417321E+01
   04  0.5186129E+03  0.1217213E+02  0.8309155E-02 -0.9462532E-01 -0.1417158E+01
   04  0.5202407E+03  0.1217230E+02  0.7512999E-02 -0.9452437E-01 -0.1416994E+01
   04  0.5218684E+03  0.1217246E+02  0.6703047E-02 -0.9442649E-01 -0.1416831E+01
   04  0.5234961E+03  0.1217262E+02  0.5879297E-02 -0.9433160E-01 -0.1416667E+01
   04  0.5251239E+03  0.1217279E+02  0.5041734E-02 -0.9423961E-01 -0.1416502E+01
   04  0.5267516E+03  0.1217295E+02  0.4190332E-02 -0.9415045E-01 -0.1416338E+01
   04  0.5283794E+03  0.1217312E+02  0.3325046E-02 -0.9406405E-01 -0.1416173E+01
   04  0.5300071E+03  0.1217328E+02  0.2445810E-02 -0.9398035E-01 -0.1416007E+01
   04  0.5316349E+03  0.1217345E+02  0.1553141E-02 -0.9389929E-01 -0.1415842E+01
   04  0.5332626E+03  0.1217362E+02  0.6478522E-03 -0.9382084E-01 -0.1415675E+01
   04  0.5348903E+03  0.1217378E+02 -0.2702436E-03 -0.9374492E-01 -0.1415508E+01
   04  0.5365181E+03  0.1217395E+02 -0.1201370E-02 -0.9367149E-01 -0.1415340E+01
   04  0.5381458E+03  0.1217412E+02 -0.2145785E-02 -0.9360053E-01 -0.1415171E+01
   04  0.5397736E+03  0.1217429E+02 -0.3103785E-02 -0.9353201E-01 -0.1415002E+01
   04  0.5414013E+03  0.1217446E+02 -0.4075711E-02 -0.9346596E-01 -0.1414832E+01
   04  0.5430290E+03  0.1217463E+02 -0.5061945E-02 -0.9340232E-01 -0.1414660E+01
   04  0.5446568E+03  0.1217480E+02 -0.6062903E-02 -0.9334102E-01 -0.1414488E+01
   04  0.5462845E+03  0.1217498E+02 -0.7079042E-02 -0.9328206E-01 -0.1414314E+01
   04  0.5479123E+03  0.1217515E+02 -0.8110864E-02 -0.9322542E-01 -0.1414140E+01
   04  0.5495400E+03  0.1217533E+02 -0.9158918E-02 -0.9317115E-01 -0.1413964E+01
   04  0.5511678E+03  0.1217550E+02 -0.1022380E-01 -0.9311931E-01 -0.1413787E+01
   04  0.5527955E+03  0.1217568E+02 -0.1130617E-01 -0.9306999E-01 -0.1413608E+01
   04  0.5544232E+03  0.1217586E+02 -0.1240672E-01 -0.9302334E-01 -0.1413428E+01
   04  0.5560510E+03  0.1217604E+02 -0.1352620E-01 -0.9297950E-01 -0.1413246E+01
   04  0.5576787E+03  0.1217623E+02 -0.1466545E-01 -0.9293870E-01 -0.1413062E+01
   04  0.5593065E+03  0.1217641E+02 -0.1582536E-01 -0.9290116E-01 -0.1412877E+01
   04  0.5609342E+03  0.1217660E+02 -0.1700690E-01 -0.9286718E-01 -0.1412689E+01
   04  0.5625619E+03  0.1217679E+02 -0.1821110E-01 -0.9283706E-01 -0.1412499E+01
   04  0.5641897E+03  0.1217698E+02 -0.1943910E-01 -0.9281117E-01 -0.1412307E+01
   04  0.5658174E+03  0.1217718E+02 -0.2069209E-01 -0.9278991E-01 -0.1412113E+01
   04  0.5674452E+03  0.1217737E+02 -0.2197137E-01 -0.9277372E-01 -0.1411916E+01
   04  0.5690729E+03  0.1217757E+02 -0.2327831E-01 -0.9276310E-01 -0.1411716E+01
   04  0.5707007E+03  0.1217778E+02 -0.2461438E-01 -0.9275857E-01 -0.1411513E+01
   04  0.5723284E+03  0.1217798E+02 -0.2598114E-01 -0.9276071E-01 -0.1411307E+01
   04  0.5739561E+03  0.1217819E+02 -0.2738023E-01 -0.9277016E-01 -0.1411097E+01
   04  0.5755839E+03  0.1217841E+02 -0.2881342E-01 -0.9278762E-01 -0.1410884E+01
   04  0.5772116E+03  0.1217862E+02 -0.3028255E-01 -0.9281385E-01 -0.1410667E+01
   04  0.5788394E+03  0.1217884E+02 -0.3178957E-01 -0.9284968E-01 -0.1410446E+01
   04  0.5804671E+03  0.1217907E+02 -0.3333653E-01 -0.9289598E-01 -0.1410221E+01
   04  0.5820948E+03  0.1217930E+02 -0.3492558E-01 -0.9295368E-01 -0.1409991E+01
   04  0.5837226E+03  0.1217953E+02 -0.3655898E-01 -0.9302381E-01 -0.1409756E+01
   04  0.5853503E+03  0.1217977E+02 -0.3823915E-01 -0.9310744E-01 -0.1409517E+01
   04  0.5869781E+03  0.1218002E+02 -0.3996861E-01 -0.9320575E-01 -0.1409271E+01
   04  0.5886058E+03  0.1218027E+02 -0.4174997E-01 -0.9332000E-01 -0.1409021E+01
   04  0.5902336E+03  0.1218053E+02 -0.4358597E-01 -0.9345156E-01 -0.1408764E+01
   04  0.5918613E+03  0.1218079E+02 -0.4547942E-01 -0.9360195E-01 -0.1408501E+01
   04  0.5934890E+03  0.1218106E+02 -0.4743336E-01 -0.9376974E-01 -0.1408231E+01
   04  0.5951168E+03  0.1218134E+02 -0.4945102E-01 -0.9395589E-01 -0.1407954E+01
   04  0.5967445E+03  0.1218162E+02 -0.5153577E-01 -0.9416180E-01 -0.1407669E+01
   04  0.5983723E+03  0.1218191E+02 -0.5369100E-01 -0.9438865E-01 -0.1407376E+01
