# gauge_id= 608 location=( -0.1242042364E+03  0.4174837307E+02 ) num_var=  4
# Stationary gauge
# level, time, q[  1  2  3], eta, aux[]
# file format ascii, time series follow in this file
   04  0.0000000E+00  0.2309275E+01  0.0000000E+00  0.0000000E+00  0.0000000E+00
   04  0.1000000E+01  0.2309275E+01  0.0000000E+00  0.4297923E-16 -0.1469042E+01
   04  0.1015873E+01  0.2309275E+01 -0.9084637E-27 -0.1096412E-05 -0.1469042E+01
   04  0.1031746E+01  0.2309276E+01 -0.5930527E-16 -0.2192920E-05 -0.1469041E+01
   04  0.1047619E+01  0.2309276E+01 -0.1779001E-15 -0.3289526E-05 -0.1469041E+01
   04  0.1063492E+01  0.2309276E+01 -0.3557688E-15 -0.4386228E-05 -0.1469041E+01
   04  0.1079365E+01  0.2309276E+01 -0.5928956E-15 -0.5483029E-05 -0.1469041E+01
   04  0.1095238E+01  0.2309276E+01 -0.8892647E-15 -0.6579926E-05 -0.1469041E+01
   04  0.1111111E+01  0.2309276E+01 -0.1244860E-14 -0.7676921E-05 -0.1469041E+01
   04  0.1126984E+01  0.2309277E+01 -0.1659667E-14 -0.8774014E-05 -0.1469041E+01
   04  0.1142857E+01  0.2309277E+01 -0.2133668E-14 -0.9871205E-05 -0.1469040E+01
   04  0.1158730E+01  0.2309277E+01 -0.2666848E-14 -0.1096849E-04 -0.1469040E+01
   04  0.1174603E+01  0.2309277E+01 -0.3259191E-14 -0.1206588E-04 -0.1469040E+01
   04  0.1190476E+01  0.2309277E+01 -0.3910681E-14 -0.1316337E-04 -0.1469040E+01
   04  0.1206349E+01  0.2309277E+01 -0.4621302E-14 -0.1426095E-04 -0.1469040E+01
   04  0.1222222E+01  0.2309277E+01 -0.5391038E-14 -0.1535863E-04 -0.1469040E+01
   04  0.1238095E+01  0.2309278E+01 -0.6219873E-14 -0.1645641E-04 -0.1469039E+01
   04  0.1253968E+01  0.2309278E+01 -0.7107791E-14 -0.1755429E-04 -0.1469039E+01
   04  0.1269841E+01  0.2309278E+01 -0.8054776E-14 -0.1865227E-04 -0.1469039E+01
   04  0.1285714E+01  0.2309278E+01 -0.9060811E-14 -0.1975035E-04 -0.1469039E+01
   04  0.1301587E+01  0.2309278E+01 -0.1012588E-13 -0.2084853E-04 -0.1469039E+01
   04  0.1317460E+01  0.2309278E+01 -0.1124997E-13 -0.2194681E-04 -0.1469039E+01
   04  0.1333333E+01  0.2309278E+01 -0.1243306E-13 -0.2304518E-04 -0.1469039E+01
   04  0.1349206E+01  0.2309279E+01 -0.1367514E-13 -0.2414366E-04 -0.1469038E+01
   04  0.1365079E+01  0.2309279E+01 -0.1497618E-13 -0.2524224E-04 -0.1469038E+01
   04  0.1380952E+01  0.2309279E+01 -0.1633618E-13 -0.2634091E-04 -0.1469038E+01
   04  0.1396825E+01  0.2309279E+01 -0.1775512E-13 -0.2743969E-04 -0.1469038E+01
   04  0.1412698E+01  0.2309279E+01 -0.1923298E-13 -0.2853857E-04 -0.1469038E+01
   04  0.1428571E+01  0.2309279E+01 -0.2076974E-13 -0.2963754E-04 -0.1469038E+01
   04  0.1476190E+01  0.2309280E+01 -0.3517097E-13 -0.3293703E-04 -0.1469037E+01
   04  0.1523810E+01  0.2309280E+01 -0.5116171E-13 -0.3623742E-04 -0.1469037E+01
   04  0.1571429E+01  0.2309281E+01 -0.6874062E-13 -0.3953872E-04 -0.1469036E+01
   04  0.1619048E+01  0.2309281E+01 -0.8790637E-13 -0.4284094E-04 -0.1469036E+01
   04  0.1666667E+01  0.2309282E+01 -0.1086576E-12 -0.4614408E-04 -0.1469035E+01
   04  0.1714286E+01  0.2309282E+01 -0.1309930E-12 -0.4944814E-04 -0.1469035E+01
   04  0.1761905E+01  0.2309283E+01 -0.1549111E-12 -0.5275312E-04 -0.1469034E+01
   04  0.1809524E+01  0.2309283E+01 -0.1804106E-12 -0.5605904E-04 -0.1469034E+01
   04  0.1857143E+01  0.2309284E+01 -0.2074901E-12 -0.5936589E-04 -0.1469034E+01
   04  0.1904762E+01  0.2309284E+01 -0.2361483E-12 -0.6267368E-04 -0.1469033E+01
   04  0.1952381E+01  0.2309284E+01 -0.2663837E-12 -0.6598241E-04 -0.1469033E+01
   04  0.2000000E+01  0.2309285E+01 -0.2981950E-12 -0.6929208E-04 -0.1469032E+01
   04  0.5727919E+01  0.2309324E+01 -0.2058147E-09 -0.3490238E-03 -0.1468993E+01
   04  0.9455838E+01  0.2309366E+01 -0.1162691E-08 -0.6351976E-03 -0.1468951E+01
   04  0.1318376E+02  0.2309413E+01 -0.2798301E-08 -0.9293816E-03 -0.1468904E+01
   04  0.1691168E+02  0.2309464E+01 -0.5024641E-08 -0.1232865E-02 -0.1468853E+01
   04  0.2063960E+02  0.2309519E+01 -0.7741229E-08 -0.1546679E-02 -0.1468798E+01
   04  0.2436752E+02  0.2309579E+01 -0.1083792E-07 -0.1871623E-02 -0.1468738E+01
   04  0.2809543E+02  0.2309643E+01 -0.1419771E-07 -0.2208275E-02 -0.1468674E+01
   04  0.2995939E+02  0.2309677E+01 -0.1480658E-07 -0.2375993E-02 -0.1468640E+01
   04  0.3182335E+02  0.2309712E+01 -0.1543213E-07 -0.2546819E-02 -0.1468605E+01
   04  0.3348021E+02  0.2309745E+01 -0.1587526E-07 -0.2700757E-02 -0.1468572E+01
   04  0.3513706E+02  0.2309778E+01 -0.1632134E-07 -0.2857164E-02 -0.1468539E+01
   04  0.3679391E+02  0.2309812E+01 -0.1676547E-07 -0.3016038E-02 -0.1468505E+01
   04  0.3845077E+02  0.2309848E+01 -0.1720280E-07 -0.3177364E-02 -0.1468469E+01
   04  0.4010762E+02  0.2309884E+01 -0.1762863E-07 -0.3341121E-02 -0.1468433E+01
   04  0.4176447E+02  0.2309922E+01 -0.1803839E-07 -0.3507286E-02 -0.1468395E+01
   04  0.4342132E+02  0.2309960E+01 -0.1842763E-07 -0.3675839E-02 -0.1468357E+01
   04  0.4507818E+02  0.2310000E+01 -0.1879202E-07 -0.3846757E-02 -0.1468317E+01
   04  0.4673503E+02  0.2310041E+01 -0.1912741E-07 -0.4020017E-02 -0.1468276E+01
   04  0.4839188E+02  0.2310082E+01 -0.1942978E-07 -0.4195597E-02 -0.1468235E+01
   04  0.5004874E+02  0.2310125E+01 -0.1969535E-07 -0.4373473E-02 -0.1468192E+01
   04  0.5170559E+02  0.2310169E+01 -0.1992074E-07 -0.4553619E-02 -0.1468148E+01
   04  0.5336244E+02  0.2310214E+01 -0.2010369E-07 -0.4736008E-02 -0.1468103E+01
   04  0.5501930E+02  0.2310260E+01 -0.2024697E-07 -0.4920601E-02 -0.1468057E+01
   04  0.5667615E+02  0.2310308E+01 -0.2035832E-07 -0.5107371E-02 -0.1468009E+01
   04  0.5833300E+02  0.2310356E+01 -0.2043545E-07 -0.5296288E-02 -0.1467961E+01
   04  0.5998985E+02  0.2310406E+01 -0.2047621E-07 -0.5487312E-02 -0.1467911E+01
   04  0.6164671E+02  0.2310456E+01 -0.2047849E-07 -0.5680393E-02 -0.1467861E+01
   04  0.6330356E+02  0.2310508E+01 -0.2045857E-07 -0.5875451E-02 -0.1467809E+01
   04  0.6496041E+02  0.2310561E+01 -0.2041285E-07 -0.6072407E-02 -0.1467756E+01
   04  0.6661727E+02  0.2310615E+01 -0.2033717E-07 -0.6271182E-02 -0.1467702E+01
   04  0.6827412E+02  0.2310670E+01 -0.2022757E-07 -0.6471696E-02 -0.1467647E+01
   04  0.6993097E+02  0.2310727E+01 -0.2008034E-07 -0.6673866E-02 -0.1467591E+01
   04  0.7158783E+02  0.2310784E+01 -0.1989169E-07 -0.6877611E-02 -0.1467533E+01
   04  0.7324468E+02  0.2310842E+01 -0.1965761E-07 -0.7082845E-02 -0.1467475E+01
   04  0.7490153E+02  0.2310902E+01 -0.1937378E-07 -0.7289483E-02 -0.1467415E+01
   04  0.7655838E+02  0.2310963E+01 -0.1903546E-07 -0.7497441E-02 -0.1467354E+01
   04  0.7821524E+02  0.2311024E+01 -0.1863724E-07 -0.7706631E-02 -0.1467293E+01
   04  0.7987209E+02  0.2311087E+01 -0.1817290E-07 -0.7916965E-02 -0.1467230E+01
   04  0.8152894E+02  0.2311151E+01 -0.1763506E-07 -0.8128352E-02 -0.1467166E+01
   04  0.8318580E+02  0.2311216E+01 -0.1704443E-07 -0.8340727E-02 -0.1467101E+01
   04  0.8484265E+02  0.2311282E+01 -0.1644790E-07 -0.8554065E-02 -0.1467035E+01
   04  0.8649950E+02  0.2311350E+01 -0.1584434E-07 -0.8768338E-02 -0.1466968E+01
   04  0.8815636E+02  0.2311418E+01 -0.1523268E-07 -0.8983518E-02 -0.1466899E+01
   04  0.8981321E+02  0.2311487E+01 -0.1461222E-07 -0.9199581E-02 -0.1466830E+01
   04  0.9147006E+02  0.2311557E+01 -0.1398222E-07 -0.9416507E-02 -0.1466760E+01
   04  0.9445240E+02  0.2311687E+01 -0.1256239E-07 -0.9818464E-02 -0.1466630E+01
   04  0.9743473E+02  0.2311821E+01 -0.1074025E-07 -0.1022325E-01 -0.1466496E+01
   04  0.1004171E+03  0.2311958E+01 -0.8520444E-08 -0.1063109E-01 -0.1466359E+01
   04  0.1033994E+03  0.2312099E+01 -0.6576642E-08 -0.1103761E-01 -0.1466218E+01
   04  0.1063817E+03  0.2312246E+01 -0.5625362E-08 -0.1143759E-01 -0.1466072E+01
   04  0.1093641E+03  0.2312396E+01 -0.5480677E-08 -0.1183161E-01 -0.1465921E+01
   04  0.1123464E+03  0.2312552E+01 -0.5958580E-08 -0.1222020E-01 -0.1465765E+01
   04  0.1153287E+03  0.2312712E+01 -0.6878662E-08 -0.1260387E-01 -0.1465605E+01
   04  0.1183111E+03  0.2312877E+01 -0.8065420E-08 -0.1298311E-01 -0.1465440E+01
   04  0.1212934E+03  0.2313047E+01 -0.9349296E-08 -0.1335833E-01 -0.1465270E+01
   04  0.1242758E+03  0.2313221E+01 -0.1056750E-07 -0.1372992E-01 -0.1465096E+01
   04  0.1272581E+03  0.2313400E+01 -0.1156390E-07 -0.1409817E-01 -0.1464917E+01
   04  0.1302404E+03  0.2313583E+01 -0.1218979E-07 -0.1446325E-01 -0.1464734E+01
   04  0.1332228E+03  0.2313771E+01 -0.1230452E-07 -0.1482531E-01 -0.1464546E+01
   04  0.1362051E+03  0.2313963E+01 -0.1177555E-07 -0.1518446E-01 -0.1464354E+01
   04  0.1391874E+03  0.2314160E+01 -0.1047851E-07 -0.1554083E-01 -0.1464157E+01
   04  0.1421698E+03  0.2314361E+01 -0.8297182E-08 -0.1589452E-01 -0.1463956E+01
   04  0.1451521E+03  0.2314566E+01 -0.5125040E-08 -0.1624562E-01 -0.1463751E+01
   04  0.1481344E+03  0.2314775E+01 -0.8734169E-09 -0.1659421E-01 -0.1463542E+01
   04  0.1511168E+03  0.2314989E+01  0.4537957E-08 -0.1694036E-01 -0.1463328E+01
   04  0.1540991E+03  0.2315207E+01  0.1118117E-07 -0.1728410E-01 -0.1463110E+01
   04  0.1570814E+03  0.2315429E+01  0.1912060E-07 -0.1762548E-01 -0.1462888E+01
   04  0.1600638E+03  0.2315655E+01  0.2841372E-07 -0.1796451E-01 -0.1462662E+01
   04  0.1630461E+03  0.2315885E+01  0.3911188E-07 -0.1830120E-01 -0.1462432E+01
   04  0.1660284E+03  0.2316119E+01  0.5126118E-07 -0.1863552E-01 -0.1462198E+01
   04  0.1690108E+03  0.2316358E+01  0.6490338E-07 -0.1896746E-01 -0.1461959E+01
   04  0.1719931E+03  0.2316600E+01  0.8007656E-07 -0.1929699E-01 -0.1461717E+01
   04  0.1749755E+03  0.2316846E+01  0.9681567E-07 -0.1962403E-01 -0.1461471E+01
   04  0.1779578E+03  0.2317097E+01  0.1151533E-06 -0.1994852E-01 -0.1461220E+01
   04  0.1809401E+03  0.2317351E+01  0.1351209E-06 -0.2027038E-01 -0.1460966E+01
   04  0.1824313E+03  0.2317479E+01  0.1408354E-06 -0.2041845E-01 -0.1460838E+01
   04  0.1839225E+03  0.2317608E+01  0.1470338E-06 -0.2056600E-01 -0.1460709E+01
   04  0.1854136E+03  0.2317738E+01  0.1536726E-06 -0.2071301E-01 -0.1460579E+01
   04  0.1869048E+03  0.2317869E+01  0.1607396E-06 -0.2085944E-01 -0.1460448E+01
   04  0.1883960E+03  0.2318001E+01  0.1682321E-06 -0.2100525E-01 -0.1460317E+01
   04  0.1898871E+03  0.2318133E+01  0.1761475E-06 -0.2115041E-01 -0.1460184E+01
   04  0.1913783E+03  0.2318267E+01  0.1844831E-06 -0.2129489E-01 -0.1460050E+01
   04  0.1928695E+03  0.2318401E+01  0.1932359E-06 -0.2143865E-01 -0.1459916E+01
   04  0.1943606E+03  0.2318537E+01  0.2024028E-06 -0.2158167E-01 -0.1459780E+01
   04  0.1958518E+03  0.2318673E+01  0.2119808E-06 -0.2172391E-01 -0.1459644E+01
   04  0.1973430E+03  0.2318810E+01  0.2219665E-06 -0.2186536E-01 -0.1459507E+01
   04  0.1988341E+03  0.2318948E+01  0.2323566E-06 -0.2200598E-01 -0.1459369E+01
   04  0.2003253E+03  0.2319087E+01  0.2431489E-06 -0.2214576E-01 -0.1459230E+01
   04  0.2018165E+03  0.2319226E+01  0.2543409E-06 -0.2228468E-01 -0.1459091E+01
   04  0.2033076E+03  0.2319367E+01  0.2659298E-06 -0.2242273E-01 -0.1458950E+01
   04  0.2047988E+03  0.2319508E+01  0.2779125E-06 -0.2255988E-01 -0.1458809E+01
   04  0.2062900E+03  0.2319650E+01  0.2902859E-06 -0.2269612E-01 -0.1458667E+01
   04  0.2077811E+03  0.2319793E+01  0.3030465E-06 -0.2283145E-01 -0.1458524E+01
   04  0.2092723E+03  0.2319937E+01  0.3161907E-06 -0.2296586E-01 -0.1458380E+01
   04  0.2107635E+03  0.2320081E+01  0.3297148E-06 -0.2309934E-01 -0.1458236E+01
   04  0.2122546E+03  0.2320227E+01  0.3436147E-06 -0.2323188E-01 -0.1458090E+01
   04  0.2137458E+03  0.2320373E+01  0.3578863E-06 -0.2336348E-01 -0.1457944E+01
   04  0.2152370E+03  0.2320520E+01  0.3725255E-06 -0.2349414E-01 -0.1457797E+01
   04  0.2167281E+03  0.2320667E+01  0.3875278E-06 -0.2362385E-01 -0.1457650E+01
   04  0.2182193E+03  0.2320816E+01  0.4028886E-06 -0.2375263E-01 -0.1457501E+01
   04  0.2197105E+03  0.2320965E+01  0.4186032E-06 -0.2388046E-01 -0.1457352E+01
   04  0.2212017E+03  0.2321115E+01  0.4346669E-06 -0.2400736E-01 -0.1457202E+01
   04  0.2226928E+03  0.2321266E+01  0.4510746E-06 -0.2413332E-01 -0.1457051E+01
   04  0.2241840E+03  0.2321417E+01  0.4678210E-06 -0.2425835E-01 -0.1456900E+01
   04  0.2256752E+03  0.2321570E+01  0.4849010E-06 -0.2438244E-01 -0.1456747E+01
   04  0.2271663E+03  0.2321723E+01  0.5023091E-06 -0.2450561E-01 -0.1456594E+01
   04  0.2286575E+03  0.2321876E+01  0.5200398E-06 -0.2462786E-01 -0.1456441E+01
   04  0.2301487E+03  0.2322031E+01  0.5380875E-06 -0.2474918E-01 -0.1456286E+01
   04  0.2316398E+03  0.2322186E+01  0.5564466E-06 -0.2486959E-01 -0.1456131E+01
   04  0.2331310E+03  0.2322342E+01  0.5751113E-06 -0.2498908E-01 -0.1455975E+01
   04  0.2346222E+03  0.2322499E+01  0.5940757E-06 -0.2510767E-01 -0.1455818E+01
   04  0.2361133E+03  0.2322656E+01  0.6133340E-06 -0.2522535E-01 -0.1455661E+01
   04  0.2376045E+03  0.2322814E+01  0.6328803E-06 -0.2534213E-01 -0.1455503E+01
   04  0.2390957E+03  0.2322973E+01  0.6527085E-06 -0.2545801E-01 -0.1455344E+01
   04  0.2405868E+03  0.2323132E+01  0.6728128E-06 -0.2557300E-01 -0.1455185E+01
   04  0.2420780E+03  0.2323293E+01  0.6931870E-06 -0.2568711E-01 -0.1455024E+01
   04  0.2435692E+03  0.2323453E+01  0.7138251E-06 -0.2580033E-01 -0.1454864E+01
   04  0.2450603E+03  0.2323615E+01  0.7347210E-06 -0.2591267E-01 -0.1454702E+01
   04  0.2465515E+03  0.2323777E+01  0.7558688E-06 -0.2602413E-01 -0.1454540E+01
   04  0.2480427E+03  0.2323940E+01  0.7772626E-06 -0.2613473E-01 -0.1454377E+01
   04  0.2495338E+03  0.2324104E+01  0.7988963E-06 -0.2624446E-01 -0.1454213E+01
   04  0.2510250E+03  0.2324268E+01  0.8207640E-06 -0.2635334E-01 -0.1454049E+01
   04  0.2525162E+03  0.2324433E+01  0.8428598E-06 -0.2646137E-01 -0.1453884E+01
   04  0.2540073E+03  0.2324598E+01  0.8651771E-06 -0.2656857E-01 -0.1453719E+01
   04  0.2554985E+03  0.2324765E+01  0.8877100E-06 -0.2667494E-01 -0.1453552E+01
   04  0.2569897E+03  0.2324931E+01  0.9104525E-06 -0.2678049E-01 -0.1453386E+01
   04  0.2584808E+03  0.2325099E+01  0.9333989E-06 -0.2688524E-01 -0.1453218E+01
   04  0.2599720E+03  0.2325267E+01  0.9565436E-06 -0.2698921E-01 -0.1453050E+01
   04  0.2614632E+03  0.2325436E+01  0.9798810E-06 -0.2709239E-01 -0.1452881E+01
   04  0.2629543E+03  0.2325605E+01  0.1003406E-05 -0.2719482E-01 -0.1452712E+01
   04  0.2644455E+03  0.2325775E+01  0.1027112E-05 -0.2729649E-01 -0.1452542E+01
   04  0.2659367E+03  0.2325946E+01  0.1050996E-05 -0.2739742E-01 -0.1452371E+01
   04  0.2674278E+03  0.2326117E+01  0.1075050E-05 -0.2749764E-01 -0.1452200E+01
   04  0.2689190E+03  0.2326289E+01  0.1099272E-05 -0.2759714E-01 -0.1452028E+01
   04  0.2704102E+03  0.2326462E+01  0.1123655E-05 -0.2769596E-01 -0.1451855E+01
   04  0.2719014E+03  0.2326635E+01  0.1148196E-05 -0.2779409E-01 -0.1451682E+01
   04  0.2733925E+03  0.2326809E+01  0.1172889E-05 -0.2789157E-01 -0.1451508E+01
   04  0.2748837E+03  0.2326983E+01  0.1197731E-05 -0.2798839E-01 -0.1451334E+01
   04  0.2763749E+03  0.2327158E+01  0.1222716E-05 -0.2808459E-01 -0.1451159E+01
   04  0.2778660E+03  0.2327334E+01  0.1247841E-05 -0.2818017E-01 -0.1450983E+01
   04  0.2793572E+03  0.2327510E+01  0.1273102E-05 -0.2827515E-01 -0.1450807E+01
   04  0.2808484E+03  0.2327687E+01  0.1298495E-05 -0.2836956E-01 -0.1450630E+01
   04  0.2823395E+03  0.2327864E+01  0.1324017E-05 -0.2846340E-01 -0.1450453E+01
   04  0.2838307E+03  0.2328042E+01  0.1349664E-05 -0.2855669E-01 -0.1450275E+01
   04  0.2853219E+03  0.2328221E+01  0.1375433E-05 -0.2864945E-01 -0.1450096E+01
   04  0.2868130E+03  0.2328400E+01  0.1401321E-05 -0.2874171E-01 -0.1449917E+01
   04  0.2883042E+03  0.2328580E+01  0.1427324E-05 -0.2883347E-01 -0.1449737E+01
   04  0.2897954E+03  0.2328761E+01  0.1453440E-05 -0.2892475E-01 -0.1449556E+01
   04  0.2912865E+03  0.2328942E+01  0.1479667E-05 -0.2901558E-01 -0.1449375E+01
   04  0.2927777E+03  0.2329123E+01  0.1506002E-05 -0.2910597E-01 -0.1449194E+01
   04  0.2942689E+03  0.2329306E+01  0.1532442E-05 -0.2919594E-01 -0.1449012E+01
   04  0.2957600E+03  0.2329488E+01  0.1558986E-05 -0.2928551E-01 -0.1448829E+01
   04  0.2972512E+03  0.2329672E+01  0.1585632E-05 -0.2937471E-01 -0.1448645E+01
   04  0.2987424E+03  0.2329856E+01  0.1612378E-05 -0.2946356E-01 -0.1448461E+01
   04  0.3002335E+03  0.2330040E+01  0.1639222E-05 -0.2955208E-01 -0.1448277E+01
   04  0.3017247E+03  0.2330225E+01  0.1666163E-05 -0.2964030E-01 -0.1448092E+01
   04  0.3032159E+03  0.2330411E+01  0.1693201E-05 -0.2972825E-01 -0.1447906E+01
   04  0.3047070E+03  0.2330597E+01  0.1720333E-05 -0.2981593E-01 -0.1447720E+01
   04  0.3061982E+03  0.2330784E+01  0.1747559E-05 -0.2990338E-01 -0.1447533E+01
   04  0.3076894E+03  0.2330972E+01  0.1774878E-05 -0.2999061E-01 -0.1447345E+01
   04  0.3091805E+03  0.2331160E+01  0.1802289E-05 -0.3007765E-01 -0.1447157E+01
   04  0.3106717E+03  0.2331349E+01  0.1829791E-05 -0.3016450E-01 -0.1446968E+01
   04  0.3121629E+03  0.2331538E+01  0.1857384E-05 -0.3025118E-01 -0.1446779E+01
   04  0.3136540E+03  0.2331728E+01  0.1885067E-05 -0.3033772E-01 -0.1446589E+01
   04  0.3151452E+03  0.2331918E+01  0.1912838E-05 -0.3042414E-01 -0.1446399E+01
   04  0.3165017E+03  0.2332092E+01  0.1937870E-05 -0.3050146E-01 -0.1446225E+01
   04  0.3178581E+03  0.2332266E+01  0.1962980E-05 -0.3057872E-01 -0.1446051E+01
   04  0.3192146E+03  0.2332441E+01  0.1988167E-05 -0.3065594E-01 -0.1445876E+01
   04  0.3205710E+03  0.2332616E+01  0.2013431E-05 -0.3073314E-01 -0.1445701E+01
   04  0.3219275E+03  0.2332792E+01  0.2038771E-05 -0.3081032E-01 -0.1445525E+01
   04  0.3232839E+03  0.2332968E+01  0.2064185E-05 -0.3088749E-01 -0.1445349E+01
   04  0.3246404E+03  0.2333145E+01  0.2089673E-05 -0.3096467E-01 -0.1445172E+01
   04  0.3259968E+03  0.2333322E+01  0.2115233E-05 -0.3104187E-01 -0.1444995E+01
   04  0.3273533E+03  0.2333500E+01  0.2140864E-05 -0.3111910E-01 -0.1444817E+01
   04  0.3287097E+03  0.2333678E+01  0.2166564E-05 -0.3119637E-01 -0.1444639E+01
   04  0.3300662E+03  0.2333857E+01  0.2192332E-05 -0.3127368E-01 -0.1444460E+01
   04  0.3314226E+03  0.2334036E+01  0.2218166E-05 -0.3135104E-01 -0.1444281E+01
   04  0.3327791E+03  0.2334216E+01  0.2244064E-05 -0.3142846E-01 -0.1444101E+01
   04  0.3341355E+03  0.2334396E+01  0.2270024E-05 -0.3150594E-01 -0.1443921E+01
   04  0.3354920E+03  0.2334576E+01  0.2296044E-05 -0.3158349E-01 -0.1443741E+01
   04  0.3368484E+03  0.2334758E+01  0.2322121E-05 -0.3166111E-01 -0.1443559E+01
   04  0.3382049E+03  0.2334939E+01  0.2348253E-05 -0.3173880E-01 -0.1443378E+01
   04  0.3395613E+03  0.2335121E+01  0.2374437E-05 -0.3181657E-01 -0.1443196E+01
   04  0.3409178E+03  0.2335304E+01  0.2400671E-05 -0.3189441E-01 -0.1443013E+01
   04  0.3422742E+03  0.2335487E+01  0.2426950E-05 -0.3197232E-01 -0.1442830E+01
   04  0.3436307E+03  0.2335671E+01  0.2453272E-05 -0.3205031E-01 -0.1442646E+01
   04  0.3449871E+03  0.2335855E+01  0.2479633E-05 -0.3212837E-01 -0.1442462E+01
   04  0.3463436E+03  0.2336039E+01  0.2506030E-05 -0.3220650E-01 -0.1442278E+01
   04  0.3477000E+03  0.2336224E+01  0.2532458E-05 -0.3228469E-01 -0.1442093E+01
   04  0.3490565E+03  0.2336410E+01  0.2558914E-05 -0.3236293E-01 -0.1441907E+01
   04  0.3504130E+03  0.2336596E+01  0.2585394E-05 -0.3244123E-01 -0.1441721E+01
   04  0.3517694E+03  0.2336782E+01  0.2611892E-05 -0.3251958E-01 -0.1441535E+01
   04  0.3531259E+03  0.2336969E+01  0.2638404E-05 -0.3259796E-01 -0.1441348E+01
   04  0.3544823E+03  0.2337157E+01  0.2664926E-05 -0.3267637E-01 -0.1441160E+01
   04  0.3558388E+03  0.2337345E+01  0.2691452E-05 -0.3275480E-01 -0.1440972E+01
   04  0.3574665E+03  0.2337571E+01  0.2723831E-05 -0.3285182E-01 -0.1440746E+01
   04  0.3590942E+03  0.2337798E+01  0.2756180E-05 -0.3294877E-01 -0.1440519E+01
   04  0.3607220E+03  0.2338026E+01  0.2788489E-05 -0.3304564E-01 -0.1440291E+01
   04  0.3623497E+03  0.2338254E+01  0.2820748E-05 -0.3314239E-01 -0.1440063E+01
   04  0.3639775E+03  0.2338483E+01  0.2852945E-05 -0.3323900E-01 -0.1439834E+01
   04  0.3656052E+03  0.2338712E+01  0.2885070E-05 -0.3333545E-01 -0.1439605E+01
   04  0.3672329E+03  0.2338943E+01  0.2917110E-05 -0.3343172E-01 -0.1439374E+01
   04  0.3688607E+03  0.2339174E+01  0.2949055E-05 -0.3352777E-01 -0.1439143E+01
   04  0.3704884E+03  0.2339405E+01  0.2980892E-05 -0.3362357E-01 -0.1438912E+01
   04  0.3721162E+03  0.2339637E+01  0.3012609E-05 -0.3371911E-01 -0.1438680E+01
   04  0.3737439E+03  0.2339870E+01  0.3044193E-05 -0.3381435E-01 -0.1438447E+01
   04  0.3753717E+03  0.2340104E+01  0.3075632E-05 -0.3390926E-01 -0.1438213E+01
   04  0.3769994E+03  0.2340338E+01  0.3106913E-05 -0.3400380E-01 -0.1437979E+01
   04  0.3786271E+03  0.2340573E+01  0.3138023E-05 -0.3409794E-01 -0.1437744E+01
   04  0.3802549E+03  0.2340808E+01  0.3168948E-05 -0.3419163E-01 -0.1437509E+01
   04  0.3818826E+03  0.2341044E+01  0.3199674E-05 -0.3428484E-01 -0.1437273E+01
   04  0.3835104E+03  0.2341280E+01  0.3230188E-05 -0.3437751E-01 -0.1437037E+01
   04  0.3851381E+03  0.2341518E+01  0.3260476E-05 -0.3446959E-01 -0.1436800E+01
   04  0.3867658E+03  0.2341755E+01  0.3290524E-05 -0.3456104E-01 -0.1436562E+01
   04  0.3883936E+03  0.2341993E+01  0.3320315E-05 -0.3465179E-01 -0.1436324E+01
   04  0.3900213E+03  0.2342232E+01  0.3349837E-05 -0.3474178E-01 -0.1436085E+01
   04  0.3916491E+03  0.2342471E+01  0.3379074E-05 -0.3483096E-01 -0.1435846E+01
   04  0.3932768E+03  0.2342711E+01  0.3408010E-05 -0.3491926E-01 -0.1435606E+01
   04  0.3949046E+03  0.2342951E+01  0.3436629E-05 -0.3500661E-01 -0.1435366E+01
   04  0.3965323E+03  0.2343192E+01  0.3464915E-05 -0.3509293E-01 -0.1435125E+01
   04  0.3981600E+03  0.2343433E+01  0.3492852E-05 -0.3517815E-01 -0.1434884E+01
   04  0.3997878E+03  0.2343675E+01  0.3520423E-05 -0.3526220E-01 -0.1434642E+01
   04  0.4014155E+03  0.2343917E+01  0.3547610E-05 -0.3534499E-01 -0.1434400E+01
   04  0.4030433E+03  0.2344160E+01  0.3574396E-05 -0.3542643E-01 -0.1434158E+01
   04  0.4046710E+03  0.2344402E+01  0.3600761E-05 -0.3550645E-01 -0.1433915E+01
   04  0.4062987E+03  0.2344646E+01  0.3626686E-05 -0.3558496E-01 -0.1433671E+01
   04  0.4079265E+03  0.2344889E+01  0.3652151E-05 -0.3566187E-01 -0.1433428E+01
   04  0.4095542E+03  0.2345133E+01  0.3677134E-05 -0.3573708E-01 -0.1433184E+01
   04  0.4111820E+03  0.2345377E+01  0.3701614E-05 -0.3581050E-01 -0.1432940E+01
   04  0.4128097E+03  0.2345622E+01  0.3725567E-05 -0.3588204E-01 -0.1432695E+01
   04  0.4144375E+03  0.2345866E+01  0.3748967E-05 -0.3595161E-01 -0.1432451E+01
   04  0.4160652E+03  0.2346111E+01  0.3771824E-05 -0.3601911E-01 -0.1432206E+01
   04  0.4176929E+03  0.2346356E+01  0.3794443E-05 -0.3608454E-01 -0.1431961E+01
   04  0.4193207E+03  0.2346602E+01  0.3816829E-05 -0.3614794E-01 -0.1431715E+01
   04  0.4209484E+03  0.2346847E+01  0.3838987E-05 -0.3620930E-01 -0.1431470E+01
   04  0.4225762E+03  0.2347093E+01  0.3860919E-05 -0.3626862E-01 -0.1431224E+01
   04  0.4242039E+03  0.2347339E+01  0.3882626E-05 -0.3632585E-01 -0.1430978E+01
   04  0.4258316E+03  0.2347585E+01  0.3904109E-05 -0.3638092E-01 -0.1430732E+01
   04  0.4274594E+03  0.2347831E+01  0.3925364E-05 -0.3643378E-01 -0.1430486E+01
   04  0.4290871E+03  0.2348077E+01  0.3946388E-05 -0.3648436E-01 -0.1430240E+01
   04  0.4307149E+03  0.2348323E+01  0.3967176E-05 -0.3653260E-01 -0.1429994E+01
   04  0.4323426E+03  0.2348569E+01  0.3987719E-05 -0.3657843E-01 -0.1429748E+01
   04  0.4339704E+03  0.2348815E+01  0.4008009E-05 -0.3662178E-01 -0.1429502E+01
   04  0.4355981E+03  0.2349062E+01  0.4028034E-05 -0.3666258E-01 -0.1429255E+01
   04  0.4372258E+03  0.2349308E+01  0.4047780E-05 -0.3670076E-01 -0.1429009E+01
   04  0.4388536E+03  0.2349554E+01  0.4067231E-05 -0.3673625E-01 -0.1428763E+01
   04  0.4404813E+03  0.2349800E+01  0.4086370E-05 -0.3676896E-01 -0.1428517E+01
   04  0.4421091E+03  0.2350046E+01  0.4105176E-05 -0.3679883E-01 -0.1428271E+01
   04  0.4437368E+03  0.2350291E+01  0.4123629E-05 -0.3682578E-01 -0.1428026E+01
   04  0.4453645E+03  0.2350537E+01  0.4141704E-05 -0.3684974E-01 -0.1427780E+01
   04  0.4469923E+03  0.2350782E+01  0.4159376E-05 -0.3687063E-01 -0.1427535E+01
   04  0.4486200E+03  0.2351027E+01  0.4176618E-05 -0.3688839E-01 -0.1427290E+01
   04  0.4502478E+03  0.2351272E+01  0.4193401E-05 -0.3690295E-01 -0.1427045E+01
   04  0.4518755E+03  0.2351516E+01  0.4209695E-05 -0.3691424E-01 -0.1426801E+01
   04  0.4535033E+03  0.2351760E+01  0.4225468E-05 -0.3692220E-01 -0.1426557E+01
   04  0.4551310E+03  0.2352004E+01  0.4240687E-05 -0.3692677E-01 -0.1426313E+01
   04  0.4567587E+03  0.2352247E+01  0.4255319E-05 -0.3692790E-01 -0.1426070E+01
   04  0.4583865E+03  0.2352490E+01  0.4269328E-05 -0.3692553E-01 -0.1425827E+01
   04  0.4600142E+03  0.2352733E+01  0.4282679E-05 -0.3691961E-01 -0.1425584E+01
   04  0.4616420E+03  0.2352975E+01  0.4295335E-05 -0.3691009E-01 -0.1425342E+01
   04  0.4632697E+03  0.2353216E+01  0.4307262E-05 -0.3689690E-01 -0.1425101E+01
   04  0.4648974E+03  0.2353457E+01  0.4318477E-05 -0.3687999E-01 -0.1424860E+01
   04  0.4665252E+03  0.2353697E+01  0.4328969E-05 -0.3685926E-01 -0.1424620E+01
   04  0.4681529E+03  0.2353937E+01  0.4338687E-05 -0.3683463E-01 -0.1424380E+01
   04  0.4697807E+03  0.2354176E+01  0.4347409E-05 -0.3680600E-01 -0.1424141E+01
   04  0.4714084E+03  0.2354415E+01  0.4355078E-05 -0.3677323E-01 -0.1423902E+01
   04  0.4730362E+03  0.2354653E+01  0.4361634E-05 -0.3673623E-01 -0.1423665E+01
   04  0.4746639E+03  0.2354889E+01  0.4367019E-05 -0.3669490E-01 -0.1423428E+01
   04  0.4762916E+03  0.2355126E+01  0.4371175E-05 -0.3664918E-01 -0.1423191E+01
   04  0.4779194E+03  0.2355361E+01  0.4374046E-05 -0.3659901E-01 -0.1422956E+01
   04  0.4795471E+03  0.2355595E+01  0.4375578E-05 -0.3654434E-01 -0.1422722E+01
   04  0.4811749E+03  0.2355829E+01  0.4375716E-05 -0.3648514E-01 -0.1422488E+01
   04  0.4828026E+03  0.2356062E+01  0.4374407E-05 -0.3642141E-01 -0.1422255E+01
   04  0.4844303E+03  0.2356293E+01  0.4371602E-05 -0.3635314E-01 -0.1422024E+01
   04  0.4860581E+03  0.2356524E+01  0.4367252E-05 -0.3628034E-01 -0.1421793E+01
   04  0.4876858E+03  0.2356754E+01  0.4361310E-05 -0.3620307E-01 -0.1421563E+01
   04  0.4893136E+03  0.2356983E+01  0.4353731E-05 -0.3612136E-01 -0.1421334E+01
   04  0.4909413E+03  0.2357210E+01  0.4344474E-05 -0.3603530E-01 -0.1421107E+01
   04  0.4925691E+03  0.2357437E+01  0.4333496E-05 -0.3594496E-01 -0.1420880E+01
   04  0.4941968E+03  0.2357663E+01  0.4320759E-05 -0.3585045E-01 -0.1420654E+01
   04  0.4958245E+03  0.2357887E+01  0.4306228E-05 -0.3575189E-01 -0.1420430E+01
   04  0.4974523E+03  0.2358111E+01  0.4289866E-05 -0.3564940E-01 -0.1420206E+01
   04  0.4990800E+03  0.2358333E+01  0.4271641E-05 -0.3554312E-01 -0.1419984E+01
   04  0.5007078E+03  0.2358555E+01  0.4251521E-05 -0.3543319E-01 -0.1419762E+01
   04  0.5023355E+03  0.2358775E+01  0.4229476E-05 -0.3531976E-01 -0.1419542E+01
   04  0.5039632E+03  0.2358994E+01  0.4205478E-05 -0.3520299E-01 -0.1419323E+01
   04  0.5055910E+03  0.2359212E+01  0.4179501E-05 -0.3508305E-01 -0.1419105E+01
   04  0.5072187E+03  0.2359429E+01  0.4151516E-05 -0.3496012E-01 -0.1418888E+01
   04  0.5088465E+03  0.2359645E+01  0.4121496E-05 -0.3483437E-01 -0.1418672E+01
   04  0.5104742E+03  0.2359860E+01  0.4089404E-05 -0.3470599E-01 -0.1418457E+01
   04  0.5121020E+03  0.2360074E+01  0.4055189E-05 -0.3457519E-01 -0.1418243E+01
   04  0.5137297E+03  0.2360287E+01  0.4018946E-05 -0.3444214E-01 -0.1418030E+01
   04  0.5153574E+03  0.2360499E+01  0.3980668E-05 -0.3430700E-01 -0.1417818E+01
   04  0.5169852E+03  0.2360710E+01  0.3940344E-05 -0.3416993E-01 -0.1417607E+01
   04  0.5186129E+03  0.2360919E+01  0.3897999E-05 -0.3403109E-01 -0.1417398E+01
   04  0.5202407E+03  0.2361128E+01  0.3853644E-05 -0.3389062E-01 -0.1417189E+01
   04  0.5218684E+03  0.2361336E+01  0.3807291E-05 -0.3374868E-01 -0.1416981E+01
   04  0.5234961E+03  0.2361543E+01  0.3758953E-05 -0.3360542E-01 -0.1416775E+01
   04  0.5251239E+03  0.2361748E+01  0.3708645E-05 -0.3346099E-01 -0.1416569E+01
   04  0.5267516E+03  0.2361953E+01  0.3656383E-05 -0.3331553E-01 -0.1416364E+01
   04  0.5283794E+03  0.2362157E+01  0.3602186E-05 -0.3316920E-01 -0.1416160E+01
   04  0.5300071E+03  0.2362360E+01  0.3546074E-05 -0.3302214E-01 -0.1415957E+01
   04  0.5316349E+03  0.2362562E+01  0.3488068E-05 -0.3287448E-01 -0.1415755E+01
   04  0.5332626E+03  0.2362763E+01  0.3428192E-05 -0.3272637E-01 -0.1415554E+01
   04  0.5348903E+03  0.2362963E+01  0.3366479E-05 -0.3257794E-01 -0.1415354E+01
   04  0.5365181E+03  0.2363162E+01  0.3302961E-05 -0.3242932E-01 -0.1415155E+01
   04  0.5381458E+03  0.2363360E+01  0.3237672E-05 -0.3228065E-01 -0.1414957E+01
   04  0.5397736E+03  0.2363558E+01  0.3170644E-05 -0.3213206E-01 -0.1414759E+01
   04  0.5414013E+03  0.2363754E+01  0.3101909E-05 -0.3198369E-01 -0.1414563E+01
   04  0.5430290E+03  0.2363950E+01  0.3031501E-05 -0.3183564E-01 -0.1414367E+01
   04  0.5446568E+03  0.2364145E+01  0.2959447E-05 -0.3168806E-01 -0.1414172E+01
   04  0.5462845E+03  0.2364339E+01  0.2885778E-05 -0.3154109E-01 -0.1413978E+01
   04  0.5479123E+03  0.2364532E+01  0.2810520E-05 -0.3139487E-01 -0.1413785E+01
   04  0.5495400E+03  0.2364725E+01  0.2733696E-05 -0.3124955E-01 -0.1413592E+01
   04  0.5511678E+03  0.2364917E+01  0.2655328E-05 -0.3110526E-01 -0.1413400E+01
   04  0.5527955E+03  0.2365108E+01  0.2575434E-05 -0.3096216E-01 -0.1413209E+01
   04  0.5544232E+03  0.2365298E+01  0.2494031E-05 -0.3082037E-01 -0.1413019E+01
   04  0.5560510E+03  0.2365488E+01  0.2411131E-05 -0.3068003E-01 -0.1412829E+01
   04  0.5576787E+03  0.2365677E+01  0.2326740E-05 -0.3054127E-01 -0.1412640E+01
   04  0.5593065E+03  0.2365865E+01  0.2240863E-05 -0.3040422E-01 -0.1412452E+01
   04  0.5609342E+03  0.2366053E+01  0.2153496E-05 -0.3026900E-01 -0.1412264E+01
   04  0.5625619E+03  0.2366241E+01  0.2064629E-05 -0.3013572E-01 -0.1412076E+01
   04  0.5641897E+03  0.2366427E+01  0.1974248E-05 -0.3000451E-01 -0.1411890E+01
   04  0.5658174E+03  0.2366614E+01  0.1882330E-05 -0.2987549E-01 -0.1411703E+01
   04  0.5674452E+03  0.2366799E+01  0.1788844E-05 -0.2974878E-01 -0.1411518E+01
   04  0.5690729E+03  0.2366985E+01  0.1693753E-05 -0.2962448E-01 -0.1411333E+01
   04  0.5707007E+03  0.2367169E+01  0.1597010E-05 -0.2950274E-01 -0.1411148E+01
   04  0.5723284E+03  0.2367354E+01  0.1498559E-05 -0.2938367E-01 -0.1410963E+01
   04  0.5739561E+03  0.2367538E+01  0.1398335E-05 -0.2926742E-01 -0.1410779E+01
   04  0.5755839E+03  0.2367721E+01  0.1296263E-05 -0.2915412E-01 -0.1410596E+01
   04  0.5772116E+03  0.2367905E+01  0.1192254E-05 -0.2904393E-01 -0.1410412E+01
   04  0.5788394E+03  0.2368088E+01  0.1086211E-05 -0.2893702E-01 -0.1410229E+01
   04  0.5804671E+03  0.2368271E+01  0.9780238E-06 -0.2883355E-01 -0.1410046E+01
   04  0.5820948E+03  0.2368453E+01  0.8675692E-06 -0.2873371E-01 -0.1409864E+01
   04  0.5837226E+03  0.2368636E+01  0.7547119E-06 -0.2863772E-01 -0.1409681E+01
   04  0.5853503E+03  0.2368818E+01  0.6393026E-06 -0.2854580E-01 -0.1409499E+01
   04  0.5869781E+03  0.2369001E+01  0.5211783E-06 -0.2845817E-01 -0.1409316E+01
   04  0.5886058E+03  0.2369183E+01  0.4001610E-06 -0.2837509E-01 -0.1409134E+01
   04  0.5902336E+03  0.2369365E+01  0.2760577E-06 -0.2829684E-01 -0.1408952E+01
   04  0.5918613E+03  0.2369548E+01  0.1486602E-06 -0.2822370E-01 -0.1408769E+01
   04  0.5934890E+03  0.2369731E+01  0.1774384E-07 -0.2815599E-01 -0.1408586E+01
   04  0.5951168E+03  0.2369914E+01 -0.1169321E-06 -0.2809403E-01 -0.1408403E+01
   04  0.5967445E+03  0.2370097E+01 -0.2556249E-06 -0.2803819E-01 -0.1408220E+01
   04  0.5983723E+03  0.2370281E+01 -0.3986088E-06 -0.2798883E-01 -0.1408036E+01
