# gauge_id= 609 location=( -0.1242117435E+03  0.4175235224E+02 ) num_var=  4
# Stationary gauge
# level, time, q[  1  2  3], eta, aux[]
# file format ascii, time series follow in this file
   04  0.0000000E+00  0.8914793E+01  0.0000000E+00  0.0000000E+00  0.0000000E+00
   04  0.1000000E+01  0.8914793E+01  0.5363657E-16 -0.1431859E-19 -0.1467043E+01
   04  0.1015873E+01  0.8914794E+01 -0.9200687E-06 -0.2961604E-05 -0.1467043E+01
   04  0.1031746E+01  0.8914794E+01 -0.1840172E-05 -0.5923192E-05 -0.1467043E+01
   04  0.1047619E+01  0.8914795E+01 -0.2760309E-05 -0.8884762E-05 -0.1467042E+01
   04  0.1063492E+01  0.8914795E+01 -0.3680480E-05 -0.1184632E-04 -0.1467042E+01
   04  0.1079365E+01  0.8914795E+01 -0.4600684E-05 -0.1480785E-04 -0.1467042E+01
   04  0.1095238E+01  0.8914796E+01 -0.5520922E-05 -0.1776937E-04 -0.1467041E+01
   04  0.1111111E+01  0.8914796E+01 -0.6441194E-05 -0.2073088E-04 -0.1467041E+01
   04  0.1126984E+01  0.8914796E+01 -0.7361499E-05 -0.2369236E-04 -0.1467041E+01
   04  0.1142857E+01  0.8914797E+01 -0.8281837E-05 -0.2665383E-04 -0.1467040E+01
   04  0.1158730E+01  0.8914797E+01 -0.9202207E-05 -0.2961529E-04 -0.1467040E+01
   04  0.1174603E+01  0.8914797E+01 -0.1012261E-04 -0.3257673E-04 -0.1467039E+01
   04  0.1190476E+01  0.8914798E+01 -0.1104305E-04 -0.3553815E-04 -0.1467039E+01
   04  0.1206349E+01  0.8914798E+01 -0.1196351E-04 -0.3849956E-04 -0.1467039E+01
   04  0.1222222E+01  0.8914799E+01 -0.1288402E-04 -0.4146095E-04 -0.1467038E+01
   04  0.1238095E+01  0.8914799E+01 -0.1380455E-04 -0.4442233E-04 -0.1467038E+01
   04  0.1253968E+01  0.8914799E+01 -0.1472511E-04 -0.4738369E-04 -0.1467038E+01
   04  0.1269841E+01  0.8914800E+01 -0.1564571E-04 -0.5034503E-04 -0.1467037E+01
   04  0.1285714E+01  0.8914800E+01 -0.1656633E-04 -0.5330636E-04 -0.1467037E+01
   04  0.1301587E+01  0.8914800E+01 -0.1748699E-04 -0.5626768E-04 -0.1467037E+01
   04  0.1317460E+01  0.8914801E+01 -0.1840768E-04 -0.5922898E-04 -0.1467036E+01
   04  0.1333333E+01  0.8914801E+01 -0.1932840E-04 -0.6219026E-04 -0.1467036E+01
   04  0.1349206E+01  0.8914801E+01 -0.2024915E-04 -0.6515154E-04 -0.1467035E+01
   04  0.1365079E+01  0.8914802E+01 -0.2116994E-04 -0.6811279E-04 -0.1467035E+01
   04  0.1380952E+01  0.8914802E+01 -0.2209075E-04 -0.7107404E-04 -0.1467035E+01
   04  0.1396825E+01  0.8914803E+01 -0.2301159E-04 -0.7403526E-04 -0.1467034E+01
   04  0.1412698E+01  0.8914803E+01 -0.2393246E-04 -0.7699648E-04 -0.1467034E+01
   04  0.1428571E+01  0.8914803E+01 -0.2485337E-04 -0.7995768E-04 -0.1467034E+01
   04  0.1476190E+01  0.8914804E+01 -0.2761800E-04 -0.8884715E-04 -0.1467033E+01
   04  0.1523810E+01  0.8914805E+01 -0.3038290E-04 -0.9773650E-04 -0.1467031E+01
   04  0.1571429E+01  0.8914807E+01 -0.3314807E-04 -0.1066257E-03 -0.1467030E+01
   04  0.1619048E+01  0.8914808E+01 -0.3591348E-04 -0.1155148E-03 -0.1467029E+01
   04  0.1666667E+01  0.8914809E+01 -0.3867915E-04 -0.1244038E-03 -0.1467028E+01
   04  0.1714286E+01  0.8914810E+01 -0.4144507E-04 -0.1332927E-03 -0.1467027E+01
   04  0.1761905E+01  0.8914811E+01 -0.4421123E-04 -0.1421815E-03 -0.1467026E+01
   04  0.1809524E+01  0.8914812E+01 -0.4697763E-04 -0.1510701E-03 -0.1467025E+01
   04  0.1857143E+01  0.8914813E+01 -0.4974426E-04 -0.1599587E-03 -0.1467024E+01
   04  0.1904762E+01  0.8914814E+01 -0.5251111E-04 -0.1688472E-03 -0.1467023E+01
   04  0.1952381E+01  0.8914815E+01 -0.5527820E-04 -0.1777356E-03 -0.1467021E+01
   04  0.2000000E+01  0.8914817E+01 -0.5804550E-04 -0.1866238E-03 -0.1467020E+01
   04  0.5727919E+01  0.8914912E+01 -0.2961679E-03 -0.9380598E-03 -0.1466925E+01
   04  0.9455838E+01  0.8915018E+01 -0.5350154E-03 -0.1687580E-02 -0.1466819E+01
   04  0.1318376E+02  0.8915136E+01 -0.7725378E-03 -0.2435858E-02 -0.1466701E+01
   04  0.1691168E+02  0.8915266E+01 -0.1007198E-02 -0.3183121E-02 -0.1466571E+01
   04  0.2063960E+02  0.8915406E+01 -0.1237909E-02 -0.3929227E-02 -0.1466431E+01
   04  0.2436752E+02  0.8915558E+01 -0.1463944E-02 -0.4673661E-02 -0.1466279E+01
   04  0.2809543E+02  0.8915720E+01 -0.1684839E-02 -0.5415551E-02 -0.1466117E+01
   04  0.2995939E+02  0.8915804E+01 -0.1781307E-02 -0.5766867E-02 -0.1466033E+01
   04  0.3182335E+02  0.8915891E+01 -0.1876640E-02 -0.6117588E-02 -0.1465946E+01
   04  0.3348021E+02  0.8915970E+01 -0.1959247E-02 -0.6426886E-02 -0.1465866E+01
   04  0.3513706E+02  0.8916052E+01 -0.2040967E-02 -0.6735490E-02 -0.1465785E+01
   04  0.3679391E+02  0.8916135E+01 -0.2121797E-02 -0.7043304E-02 -0.1465702E+01
   04  0.3845077E+02  0.8916220E+01 -0.2201728E-02 -0.7350271E-02 -0.1465617E+01
   04  0.4010762E+02  0.8916307E+01 -0.2280745E-02 -0.7656314E-02 -0.1465530E+01
   04  0.4176447E+02  0.8916395E+01 -0.2358825E-02 -0.7961346E-02 -0.1465442E+01
   04  0.4342132E+02  0.8916486E+01 -0.2435939E-02 -0.8265266E-02 -0.1465351E+01
   04  0.4507818E+02  0.8916578E+01 -0.2512055E-02 -0.8567966E-02 -0.1465259E+01
   04  0.4673503E+02  0.8916672E+01 -0.2587134E-02 -0.8869331E-02 -0.1465165E+01
   04  0.4839188E+02  0.8916768E+01 -0.2661135E-02 -0.9169241E-02 -0.1465069E+01
   04  0.5004874E+02  0.8916866E+01 -0.2734013E-02 -0.9467563E-02 -0.1464971E+01
   04  0.5170559E+02  0.8916965E+01 -0.2805722E-02 -0.9764141E-02 -0.1464872E+01
   04  0.5336244E+02  0.8917066E+01 -0.2876217E-02 -0.1005882E-01 -0.1464771E+01
   04  0.5501930E+02  0.8917169E+01 -0.2945452E-02 -0.1035147E-01 -0.1464668E+01
   04  0.5667615E+02  0.8917273E+01 -0.3013391E-02 -0.1064194E-01 -0.1464564E+01
   04  0.5833300E+02  0.8917378E+01 -0.3080015E-02 -0.1093019E-01 -0.1464458E+01
   04  0.5998985E+02  0.8917486E+01 -0.3145309E-02 -0.1121616E-01 -0.1464351E+01
   04  0.6164671E+02  0.8917594E+01 -0.3209261E-02 -0.1149978E-01 -0.1464242E+01
   04  0.6330356E+02  0.8917705E+01 -0.3269293E-02 -0.1178104E-01 -0.1464132E+01
   04  0.6496041E+02  0.8917817E+01 -0.3325664E-02 -0.1205986E-01 -0.1464020E+01
   04  0.6661727E+02  0.8917931E+01 -0.3378916E-02 -0.1232864E-01 -0.1463906E+01
   04  0.6827412E+02  0.8918048E+01 -0.3429342E-02 -0.1258552E-01 -0.1463789E+01
   04  0.6993097E+02  0.8918167E+01 -0.3477139E-02 -0.1283071E-01 -0.1463670E+01
   04  0.7158783E+02  0.8918288E+01 -0.3522505E-02 -0.1306443E-01 -0.1463549E+01
   04  0.7324468E+02  0.8918412E+01 -0.3565645E-02 -0.1328697E-01 -0.1463425E+01
   04  0.7490153E+02  0.8918537E+01 -0.3606771E-02 -0.1349860E-01 -0.1463300E+01
   04  0.7655838E+02  0.8918665E+01 -0.3646115E-02 -0.1369966E-01 -0.1463172E+01
   04  0.7821524E+02  0.8918795E+01 -0.3683931E-02 -0.1389047E-01 -0.1463042E+01
   04  0.7987209E+02  0.8918926E+01 -0.3720517E-02 -0.1407137E-01 -0.1462911E+01
   04  0.8152894E+02  0.8919060E+01 -0.3756224E-02 -0.1424272E-01 -0.1462777E+01
   04  0.8318580E+02  0.8919195E+01 -0.3788840E-02 -0.1440481E-01 -0.1462642E+01
   04  0.8484265E+02  0.8919332E+01 -0.3814152E-02 -0.1455796E-01 -0.1462505E+01
   04  0.8649950E+02  0.8919469E+01 -0.3832444E-02 -0.1470265E-01 -0.1462368E+01
   04  0.8815636E+02  0.8919608E+01 -0.3844001E-02 -0.1483938E-01 -0.1462229E+01
   04  0.8981321E+02  0.8919747E+01 -0.3849110E-02 -0.1496861E-01 -0.1462090E+01
   04  0.9147006E+02  0.8919887E+01 -0.3848053E-02 -0.1509083E-01 -0.1461949E+01
   04  0.9445240E+02  0.8920143E+01 -0.3863283E-02 -0.1533308E-01 -0.1461694E+01
   04  0.9743473E+02  0.8920401E+01 -0.3858520E-02 -0.1555373E-01 -0.1461436E+01
   04  0.1004171E+03  0.8920661E+01 -0.3835279E-02 -0.1575527E-01 -0.1461176E+01
   04  0.1033994E+03  0.8920923E+01 -0.3795072E-02 -0.1594016E-01 -0.1460914E+01
   04  0.1063817E+03  0.8921186E+01 -0.3739368E-02 -0.1611074E-01 -0.1460650E+01
   04  0.1093641E+03  0.8921451E+01 -0.3669562E-02 -0.1626927E-01 -0.1460386E+01
   04  0.1123464E+03  0.8921717E+01 -0.3586978E-02 -0.1641786E-01 -0.1460120E+01
   04  0.1153287E+03  0.8921983E+01 -0.3492863E-02 -0.1655845E-01 -0.1459854E+01
   04  0.1183111E+03  0.8922250E+01 -0.3388395E-02 -0.1669286E-01 -0.1459587E+01
   04  0.1212934E+03  0.8922518E+01 -0.3274682E-02 -0.1682273E-01 -0.1459319E+01
   04  0.1242758E+03  0.8922786E+01 -0.3152759E-02 -0.1694957E-01 -0.1459051E+01
   04  0.1272581E+03  0.8923054E+01 -0.3023589E-02 -0.1707457E-01 -0.1458783E+01
   04  0.1302404E+03  0.8923323E+01 -0.2888072E-02 -0.1719856E-01 -0.1458514E+01
   04  0.1332228E+03  0.8923592E+01 -0.2747047E-02 -0.1732224E-01 -0.1458245E+01
   04  0.1362051E+03  0.8923860E+01 -0.2601301E-02 -0.1744623E-01 -0.1457977E+01
   04  0.1391874E+03  0.8924129E+01 -0.2455850E-02 -0.1757116E-01 -0.1457708E+01
   04  0.1421698E+03  0.8924400E+01 -0.2321087E-02 -0.1769759E-01 -0.1457437E+01
   04  0.1451521E+03  0.8924671E+01 -0.2195014E-02 -0.1782549E-01 -0.1457166E+01
   04  0.1481344E+03  0.8924944E+01 -0.2075699E-02 -0.1795482E-01 -0.1456893E+01
   04  0.1511168E+03  0.8925217E+01 -0.1961324E-02 -0.1808574E-01 -0.1456620E+01
   04  0.1540991E+03  0.8925491E+01 -0.1850221E-02 -0.1821845E-01 -0.1456346E+01
   04  0.1570814E+03  0.8925766E+01 -0.1740895E-02 -0.1835305E-01 -0.1456071E+01
   04  0.1600638E+03  0.8926042E+01 -0.1632054E-02 -0.1848955E-01 -0.1455795E+01
   04  0.1630461E+03  0.8926318E+01 -0.1522620E-02 -0.1862792E-01 -0.1455519E+01
   04  0.1660284E+03  0.8926594E+01 -0.1411741E-02 -0.1876814E-01 -0.1455243E+01
   04  0.1690108E+03  0.8926871E+01 -0.1298805E-02 -0.1891009E-01 -0.1454966E+01
   04  0.1719931E+03  0.8927147E+01 -0.1183445E-02 -0.1905366E-01 -0.1454690E+01
   04  0.1749755E+03  0.8927423E+01 -0.1065551E-02 -0.1919872E-01 -0.1454414E+01
   04  0.1779578E+03  0.8927699E+01 -0.9453088E-03 -0.1934517E-01 -0.1454138E+01
   04  0.1809401E+03  0.8927975E+01 -0.8233048E-03 -0.1949291E-01 -0.1453862E+01
   04  0.1824313E+03  0.8928112E+01 -0.7421437E-03 -0.1954468E-01 -0.1453725E+01
   04  0.1839225E+03  0.8928249E+01 -0.6620696E-03 -0.1959780E-01 -0.1453588E+01
   04  0.1854136E+03  0.8928386E+01 -0.5814037E-03 -0.1965227E-01 -0.1453451E+01
   04  0.1869048E+03  0.8928522E+01 -0.4997432E-03 -0.1970806E-01 -0.1453315E+01
   04  0.1883960E+03  0.8928659E+01 -0.4171511E-03 -0.1976513E-01 -0.1453178E+01
   04  0.1898871E+03  0.8928795E+01 -0.3336940E-03 -0.1982345E-01 -0.1453042E+01
   04  0.1913783E+03  0.8928932E+01 -0.2494417E-03 -0.1988297E-01 -0.1452905E+01
   04  0.1928695E+03  0.8929068E+01 -0.1644662E-03 -0.1994368E-01 -0.1452769E+01
   04  0.1943606E+03  0.8929205E+01 -0.7884206E-04 -0.2000553E-01 -0.1452632E+01
   04  0.1958518E+03  0.8929341E+01  0.7354790E-05 -0.2006847E-01 -0.1452496E+01
   04  0.1973430E+03  0.8929477E+01  0.9383382E-04 -0.2013246E-01 -0.1452360E+01
   04  0.1988341E+03  0.8929613E+01  0.1784551E-03 -0.2019743E-01 -0.1452223E+01
   04  0.2003253E+03  0.8929749E+01  0.2615260E-03 -0.2026338E-01 -0.1452088E+01
   04  0.2018165E+03  0.8929885E+01  0.3432049E-03 -0.2033032E-01 -0.1451952E+01
   04  0.2033076E+03  0.8930021E+01  0.4235742E-03 -0.2039825E-01 -0.1451816E+01
   04  0.2047988E+03  0.8930156E+01  0.5026735E-03 -0.2046717E-01 -0.1451681E+01
   04  0.2062900E+03  0.8930292E+01  0.5805182E-03 -0.2053709E-01 -0.1451545E+01
   04  0.2077811E+03  0.8930427E+01  0.6571091E-03 -0.2060803E-01 -0.1451410E+01
   04  0.2092723E+03  0.8930562E+01  0.7324384E-03 -0.2068001E-01 -0.1451275E+01
   04  0.2107635E+03  0.8930697E+01  0.8064933E-03 -0.2075304E-01 -0.1451140E+01
   04  0.2122546E+03  0.8930833E+01  0.8792584E-03 -0.2082717E-01 -0.1451004E+01
   04  0.2137458E+03  0.8930968E+01  0.9507177E-03 -0.2090240E-01 -0.1450869E+01
   04  0.2152370E+03  0.8931103E+01  0.1020855E-02 -0.2097880E-01 -0.1450734E+01
   04  0.2167281E+03  0.8931238E+01  0.1089656E-02 -0.2105638E-01 -0.1450599E+01
   04  0.2182193E+03  0.8931374E+01  0.1157106E-02 -0.2113520E-01 -0.1450463E+01
   04  0.2197105E+03  0.8931509E+01  0.1223194E-02 -0.2121529E-01 -0.1450328E+01
   04  0.2212017E+03  0.8931645E+01  0.1287910E-02 -0.2129670E-01 -0.1450192E+01
   04  0.2226928E+03  0.8931780E+01  0.1351247E-02 -0.2137950E-01 -0.1450056E+01
   04  0.2241840E+03  0.8931916E+01  0.1413200E-02 -0.2146373E-01 -0.1449921E+01
   04  0.2256752E+03  0.8932052E+01  0.1473768E-02 -0.2154946E-01 -0.1449784E+01
   04  0.2271663E+03  0.8932189E+01  0.1532952E-02 -0.2163675E-01 -0.1449648E+01
   04  0.2286575E+03  0.8932325E+01  0.1590754E-02 -0.2172568E-01 -0.1449512E+01
   04  0.2301487E+03  0.8932462E+01  0.1647182E-02 -0.2181630E-01 -0.1449375E+01
   04  0.2316398E+03  0.8932599E+01  0.1702245E-02 -0.2190867E-01 -0.1449238E+01
   04  0.2331310E+03  0.8932736E+01  0.1755954E-02 -0.2200285E-01 -0.1449100E+01
   04  0.2346222E+03  0.8932874E+01  0.1808323E-02 -0.2209890E-01 -0.1448963E+01
   04  0.2361133E+03  0.8933012E+01  0.1859369E-02 -0.2219687E-01 -0.1448825E+01
   04  0.2376045E+03  0.8933151E+01  0.1909110E-02 -0.2229679E-01 -0.1448686E+01
   04  0.2390957E+03  0.8933290E+01  0.1957567E-02 -0.2239871E-01 -0.1448547E+01
   04  0.2405868E+03  0.8933429E+01  0.2004762E-02 -0.2250266E-01 -0.1448408E+01
   04  0.2420780E+03  0.8933569E+01  0.2050719E-02 -0.2260866E-01 -0.1448268E+01
   04  0.2435692E+03  0.8933710E+01  0.2095463E-02 -0.2271674E-01 -0.1448127E+01
   04  0.2450603E+03  0.8933851E+01  0.2139022E-02 -0.2282690E-01 -0.1447986E+01
   04  0.2465515E+03  0.8933992E+01  0.2181423E-02 -0.2293922E-01 -0.1447845E+01
   04  0.2480427E+03  0.8934134E+01  0.2222696E-02 -0.2305376E-01 -0.1447703E+01
   04  0.2495338E+03  0.8934277E+01  0.2262874E-02 -0.2317057E-01 -0.1447560E+01
   04  0.2510250E+03  0.8934420E+01  0.2301990E-02 -0.2328971E-01 -0.1447417E+01
   04  0.2525162E+03  0.8934564E+01  0.2340079E-02 -0.2341119E-01 -0.1447273E+01
   04  0.2540073E+03  0.8934709E+01  0.2377180E-02 -0.2353503E-01 -0.1447128E+01
   04  0.2554985E+03  0.8934854E+01  0.2413330E-02 -0.2366123E-01 -0.1446983E+01
   04  0.2569897E+03  0.8935000E+01  0.2448566E-02 -0.2378979E-01 -0.1446837E+01
   04  0.2584808E+03  0.8935147E+01  0.2482926E-02 -0.2392067E-01 -0.1446690E+01
   04  0.2599720E+03  0.8935294E+01  0.2516446E-02 -0.2405385E-01 -0.1446543E+01
   04  0.2614632E+03  0.8935443E+01  0.2549163E-02 -0.2418929E-01 -0.1446394E+01
   04  0.2629543E+03  0.8935592E+01  0.2581113E-02 -0.2432694E-01 -0.1446245E+01
   04  0.2644455E+03  0.8935742E+01  0.2612333E-02 -0.2446674E-01 -0.1446095E+01
   04  0.2659367E+03  0.8935892E+01  0.2642856E-02 -0.2460863E-01 -0.1445945E+01
   04  0.2674278E+03  0.8936044E+01  0.2672717E-02 -0.2475254E-01 -0.1445793E+01
   04  0.2689190E+03  0.8936196E+01  0.2701949E-02 -0.2489840E-01 -0.1445641E+01
   04  0.2704102E+03  0.8936349E+01  0.2730586E-02 -0.2504612E-01 -0.1445488E+01
   04  0.2719014E+03  0.8936503E+01  0.2758657E-02 -0.2519563E-01 -0.1445334E+01
   04  0.2733925E+03  0.8936658E+01  0.2786196E-02 -0.2534683E-01 -0.1445179E+01
   04  0.2748837E+03  0.8936814E+01  0.2813230E-02 -0.2549964E-01 -0.1445023E+01
   04  0.2763749E+03  0.8936971E+01  0.2839788E-02 -0.2565397E-01 -0.1444866E+01
   04  0.2778660E+03  0.8937128E+01  0.2865900E-02 -0.2580971E-01 -0.1444709E+01
   04  0.2793572E+03  0.8937286E+01  0.2891591E-02 -0.2596678E-01 -0.1444550E+01
   04  0.2808484E+03  0.8937446E+01  0.2916888E-02 -0.2612507E-01 -0.1444391E+01
   04  0.2823395E+03  0.8937606E+01  0.2941815E-02 -0.2628449E-01 -0.1444231E+01
   04  0.2838307E+03  0.8937767E+01  0.2966398E-02 -0.2644496E-01 -0.1444070E+01
   04  0.2853219E+03  0.8937929E+01  0.2990657E-02 -0.2660642E-01 -0.1443908E+01
   04  0.2868130E+03  0.8938092E+01  0.3014618E-02 -0.2676882E-01 -0.1443745E+01
   04  0.2883042E+03  0.8938255E+01  0.3038302E-02 -0.2693207E-01 -0.1443582E+01
   04  0.2897954E+03  0.8938420E+01  0.3061731E-02 -0.2709606E-01 -0.1443417E+01
   04  0.2912865E+03  0.8938585E+01  0.3084927E-02 -0.2726067E-01 -0.1443251E+01
   04  0.2927777E+03  0.8938752E+01  0.3107911E-02 -0.2742578E-01 -0.1443085E+01
   04  0.2942689E+03  0.8938919E+01  0.3130701E-02 -0.2759123E-01 -0.1442918E+01
   04  0.2957600E+03  0.8939087E+01  0.3153316E-02 -0.2775685E-01 -0.1442750E+01
   04  0.2972512E+03  0.8939256E+01  0.3175771E-02 -0.2792243E-01 -0.1442581E+01
   04  0.2987424E+03  0.8939426E+01  0.3198075E-02 -0.2808779E-01 -0.1442411E+01
   04  0.3002335E+03  0.8939596E+01  0.3220234E-02 -0.2825271E-01 -0.1442240E+01
   04  0.3017247E+03  0.8939768E+01  0.3242254E-02 -0.2841699E-01 -0.1442069E+01
   04  0.3032159E+03  0.8939940E+01  0.3264134E-02 -0.2858043E-01 -0.1441897E+01
   04  0.3047070E+03  0.8940113E+01  0.3285875E-02 -0.2874283E-01 -0.1441724E+01
   04  0.3061982E+03  0.8940287E+01  0.3307476E-02 -0.2890398E-01 -0.1441550E+01
   04  0.3076894E+03  0.8940461E+01  0.3328933E-02 -0.2906371E-01 -0.1441376E+01
   04  0.3091805E+03  0.8940636E+01  0.3350244E-02 -0.2922181E-01 -0.1441201E+01
   04  0.3106717E+03  0.8940812E+01  0.3371405E-02 -0.2937811E-01 -0.1441025E+01
   04  0.3121629E+03  0.8940988E+01  0.3392413E-02 -0.2953243E-01 -0.1440848E+01
   04  0.3136540E+03  0.8941165E+01  0.3413262E-02 -0.2968460E-01 -0.1440671E+01
   04  0.3151452E+03  0.8941343E+01  0.3433951E-02 -0.2983446E-01 -0.1440494E+01
   04  0.3165017E+03  0.8941505E+01  0.3455045E-02 -0.2996669E-01 -0.1440332E+01
   04  0.3178581E+03  0.8941668E+01  0.3475871E-02 -0.3009686E-01 -0.1440169E+01
   04  0.3192146E+03  0.8941831E+01  0.3496433E-02 -0.3022487E-01 -0.1440006E+01
   04  0.3205710E+03  0.8941994E+01  0.3516733E-02 -0.3035061E-01 -0.1439843E+01
   04  0.3219275E+03  0.8942158E+01  0.3536775E-02 -0.3047400E-01 -0.1439679E+01
   04  0.3232839E+03  0.8942322E+01  0.3556562E-02 -0.3059493E-01 -0.1439515E+01
   04  0.3246404E+03  0.8942487E+01  0.3576098E-02 -0.3071333E-01 -0.1439350E+01
   04  0.3259968E+03  0.8942652E+01  0.3595386E-02 -0.3082912E-01 -0.1439185E+01
   04  0.3273533E+03  0.8942817E+01  0.3614429E-02 -0.3094221E-01 -0.1439020E+01
   04  0.3287097E+03  0.8942982E+01  0.3633231E-02 -0.3105256E-01 -0.1438854E+01
   04  0.3300662E+03  0.8943148E+01  0.3651796E-02 -0.3116009E-01 -0.1438689E+01
   04  0.3314226E+03  0.8943314E+01  0.3670127E-02 -0.3126475E-01 -0.1438522E+01
   04  0.3327791E+03  0.8943481E+01  0.3688227E-02 -0.3136649E-01 -0.1438356E+01
   04  0.3341355E+03  0.8943647E+01  0.3706099E-02 -0.3146527E-01 -0.1438190E+01
   04  0.3354920E+03  0.8943814E+01  0.3723747E-02 -0.3156104E-01 -0.1438023E+01
   04  0.3368484E+03  0.8943981E+01  0.3741173E-02 -0.3165378E-01 -0.1437856E+01
   04  0.3382049E+03  0.8944148E+01  0.3758380E-02 -0.3174343E-01 -0.1437689E+01
   04  0.3395613E+03  0.8944316E+01  0.3775372E-02 -0.3182999E-01 -0.1437521E+01
   04  0.3409178E+03  0.8944483E+01  0.3792148E-02 -0.3191340E-01 -0.1437354E+01
   04  0.3422742E+03  0.8944651E+01  0.3808712E-02 -0.3199367E-01 -0.1437186E+01
   04  0.3436307E+03  0.8944818E+01  0.3825065E-02 -0.3207075E-01 -0.1437018E+01
   04  0.3449871E+03  0.8944986E+01  0.3841207E-02 -0.3214463E-01 -0.1436851E+01
   04  0.3463436E+03  0.8945154E+01  0.3857138E-02 -0.3221529E-01 -0.1436683E+01
   04  0.3477000E+03  0.8945322E+01  0.3872859E-02 -0.3228271E-01 -0.1436515E+01
   04  0.3490565E+03  0.8945490E+01  0.3888367E-02 -0.3234688E-01 -0.1436347E+01
   04  0.3504130E+03  0.8945658E+01  0.3903662E-02 -0.3240777E-01 -0.1436179E+01
   04  0.3517694E+03  0.8945826E+01  0.3918742E-02 -0.3246539E-01 -0.1436011E+01
   04  0.3531259E+03  0.8945994E+01  0.3933602E-02 -0.3251970E-01 -0.1435843E+01
   04  0.3544823E+03  0.8946162E+01  0.3948239E-02 -0.3257071E-01 -0.1435675E+01
   04  0.3558388E+03  0.8946330E+01  0.3962650E-02 -0.3261839E-01 -0.1435507E+01
   04  0.3574665E+03  0.8946531E+01  0.3973094E-02 -0.3267554E-01 -0.1435306E+01
   04  0.3590942E+03  0.8946732E+01  0.3983632E-02 -0.3272759E-01 -0.1435105E+01
   04  0.3607220E+03  0.8946933E+01  0.3994229E-02 -0.3277455E-01 -0.1434904E+01
   04  0.3623497E+03  0.8947134E+01  0.4004850E-02 -0.3281642E-01 -0.1434703E+01
   04  0.3639775E+03  0.8947335E+01  0.4015462E-02 -0.3285319E-01 -0.1434502E+01
   04  0.3656052E+03  0.8947536E+01  0.4026028E-02 -0.3288487E-01 -0.1434301E+01
   04  0.3672329E+03  0.8947736E+01  0.4036513E-02 -0.3291148E-01 -0.1434101E+01
   04  0.3688607E+03  0.8947936E+01  0.4046881E-02 -0.3293301E-01 -0.1433901E+01
   04  0.3704884E+03  0.8948135E+01  0.4057095E-02 -0.3294949E-01 -0.1433702E+01
   04  0.3721162E+03  0.8948335E+01  0.4067119E-02 -0.3296093E-01 -0.1433502E+01
   04  0.3737439E+03  0.8948533E+01  0.4076915E-02 -0.3296735E-01 -0.1433303E+01
   04  0.3753717E+03  0.8948732E+01  0.4086448E-02 -0.3296877E-01 -0.1433105E+01
   04  0.3769994E+03  0.8948930E+01  0.4095679E-02 -0.3296522E-01 -0.1432907E+01
   04  0.3786271E+03  0.8949127E+01  0.4104574E-02 -0.3295674E-01 -0.1432709E+01
   04  0.3802549E+03  0.8949325E+01  0.4113094E-02 -0.3294334E-01 -0.1432512E+01
   04  0.3818826E+03  0.8949521E+01  0.4121206E-02 -0.3292508E-01 -0.1432316E+01
   04  0.3835104E+03  0.8949717E+01  0.4128873E-02 -0.3290199E-01 -0.1432120E+01
   04  0.3851381E+03  0.8949912E+01  0.4136062E-02 -0.3287410E-01 -0.1431924E+01
   04  0.3867658E+03  0.8950107E+01  0.4142740E-02 -0.3284147E-01 -0.1431730E+01
   04  0.3883936E+03  0.8950302E+01  0.4148875E-02 -0.3280415E-01 -0.1431535E+01
   04  0.3900213E+03  0.8950495E+01  0.4154435E-02 -0.3276217E-01 -0.1431342E+01
   04  0.3916491E+03  0.8950688E+01  0.4159392E-02 -0.3271560E-01 -0.1431149E+01
   04  0.3932768E+03  0.8950880E+01  0.4163716E-02 -0.3266449E-01 -0.1430957E+01
   04  0.3949046E+03  0.8951072E+01  0.4167381E-02 -0.3260890E-01 -0.1430765E+01
   04  0.3965323E+03  0.8951263E+01  0.4170363E-02 -0.3254888E-01 -0.1430574E+01
   04  0.3981600E+03  0.8951453E+01  0.4172636E-02 -0.3248450E-01 -0.1430384E+01
   04  0.3997878E+03  0.8951642E+01  0.4174179E-02 -0.3241574E-01 -0.1430194E+01
   04  0.4014155E+03  0.8951831E+01  0.4174976E-02 -0.3234232E-01 -0.1430006E+01
   04  0.4030433E+03  0.8952019E+01  0.4175004E-02 -0.3226398E-01 -0.1429818E+01
   04  0.4046710E+03  0.8952206E+01  0.4174237E-02 -0.3218056E-01 -0.1429631E+01
   04  0.4062987E+03  0.8952392E+01  0.4172646E-02 -0.3209191E-01 -0.1429445E+01
   04  0.4079265E+03  0.8952577E+01  0.4170201E-02 -0.3199794E-01 -0.1429260E+01
   04  0.4095542E+03  0.8952761E+01  0.4166871E-02 -0.3189861E-01 -0.1429076E+01
   04  0.4111820E+03  0.8952944E+01  0.4162621E-02 -0.3179390E-01 -0.1428893E+01
   04  0.4128097E+03  0.8953126E+01  0.4157421E-02 -0.3168383E-01 -0.1428711E+01
   04  0.4144375E+03  0.8953306E+01  0.4151236E-02 -0.3156844E-01 -0.1428531E+01
   04  0.4160652E+03  0.8953486E+01  0.4144035E-02 -0.3144780E-01 -0.1428351E+01
   04  0.4176929E+03  0.8953665E+01  0.4135788E-02 -0.3132200E-01 -0.1428172E+01
   04  0.4193207E+03  0.8953842E+01  0.4126480E-02 -0.3119115E-01 -0.1427995E+01
   04  0.4209484E+03  0.8954019E+01  0.4116094E-02 -0.3105538E-01 -0.1427818E+01
   04  0.4225762E+03  0.8954194E+01  0.4104608E-02 -0.3091481E-01 -0.1427643E+01
   04  0.4242039E+03  0.8954368E+01  0.4092001E-02 -0.3076960E-01 -0.1427469E+01
   04  0.4258316E+03  0.8954541E+01  0.4078251E-02 -0.3061991E-01 -0.1427296E+01
   04  0.4274594E+03  0.8954713E+01  0.4063337E-02 -0.3046590E-01 -0.1427124E+01
   04  0.4290871E+03  0.8954883E+01  0.4047234E-02 -0.3030774E-01 -0.1426954E+01
   04  0.4307149E+03  0.8955053E+01  0.4029922E-02 -0.3014562E-01 -0.1426784E+01
   04  0.4323426E+03  0.8955221E+01  0.4011379E-02 -0.2997973E-01 -0.1426616E+01
   04  0.4339704E+03  0.8955388E+01  0.3991584E-02 -0.2981025E-01 -0.1426449E+01
   04  0.4355981E+03  0.8955554E+01  0.3970517E-02 -0.2963727E-01 -0.1426283E+01
   04  0.4372258E+03  0.8955719E+01  0.3948158E-02 -0.2946087E-01 -0.1426118E+01
   04  0.4388536E+03  0.8955882E+01  0.3924482E-02 -0.2928119E-01 -0.1425954E+01
   04  0.4404813E+03  0.8956045E+01  0.3899467E-02 -0.2909837E-01 -0.1425792E+01
   04  0.4421091E+03  0.8956206E+01  0.3873091E-02 -0.2891263E-01 -0.1425631E+01
   04  0.4437368E+03  0.8956366E+01  0.3845331E-02 -0.2872422E-01 -0.1425471E+01
   04  0.4453645E+03  0.8956525E+01  0.3816171E-02 -0.2853316E-01 -0.1425312E+01
   04  0.4469923E+03  0.8956683E+01  0.3785591E-02 -0.2833938E-01 -0.1425154E+01
   04  0.4486200E+03  0.8956840E+01  0.3753573E-02 -0.2814285E-01 -0.1424997E+01
   04  0.4502478E+03  0.8956996E+01  0.3720097E-02 -0.2794354E-01 -0.1424841E+01
   04  0.4518755E+03  0.8957150E+01  0.3685138E-02 -0.2774144E-01 -0.1424687E+01
   04  0.4535033E+03  0.8957303E+01  0.3648671E-02 -0.2753663E-01 -0.1424534E+01
   04  0.4551310E+03  0.8957455E+01  0.3610672E-02 -0.2732927E-01 -0.1424382E+01
   04  0.4567587E+03  0.8957606E+01  0.3571114E-02 -0.2711946E-01 -0.1424231E+01
   04  0.4583865E+03  0.8957756E+01  0.3529968E-02 -0.2690734E-01 -0.1424081E+01
   04  0.4600142E+03  0.8957905E+01  0.3487209E-02 -0.2669307E-01 -0.1423932E+01
   04  0.4616420E+03  0.8958053E+01  0.3442812E-02 -0.2647689E-01 -0.1423784E+01
   04  0.4632697E+03  0.8958199E+01  0.3396759E-02 -0.2625904E-01 -0.1423638E+01
   04  0.4648974E+03  0.8958345E+01  0.3349041E-02 -0.2603964E-01 -0.1423492E+01
   04  0.4665252E+03  0.8958489E+01  0.3299593E-02 -0.2581887E-01 -0.1423347E+01
   04  0.4681529E+03  0.8958633E+01  0.3248324E-02 -0.2559687E-01 -0.1423204E+01
   04  0.4697807E+03  0.8958776E+01  0.3195169E-02 -0.2537378E-01 -0.1423061E+01
   04  0.4714084E+03  0.8958917E+01  0.3140070E-02 -0.2514974E-01 -0.1422919E+01
   04  0.4730362E+03  0.8959058E+01  0.3082991E-02 -0.2492485E-01 -0.1422779E+01
   04  0.4746639E+03  0.8959198E+01  0.3023911E-02 -0.2469925E-01 -0.1422639E+01
   04  0.4762916E+03  0.8959337E+01  0.2962821E-02 -0.2447303E-01 -0.1422499E+01
   04  0.4779194E+03  0.8959476E+01  0.2899722E-02 -0.2424630E-01 -0.1422361E+01
   04  0.4795471E+03  0.8959613E+01  0.2834622E-02 -0.2401915E-01 -0.1422223E+01
   04  0.4811749E+03  0.8959750E+01  0.2767534E-02 -0.2379169E-01 -0.1422087E+01
   04  0.4828026E+03  0.8959886E+01  0.2698472E-02 -0.2356402E-01 -0.1421951E+01
   04  0.4844303E+03  0.8960022E+01  0.2627449E-02 -0.2333625E-01 -0.1421815E+01
   04  0.4860581E+03  0.8960156E+01  0.2554480E-02 -0.2310851E-01 -0.1421681E+01
   04  0.4876858E+03  0.8960290E+01  0.2479580E-02 -0.2288089E-01 -0.1421547E+01
   04  0.4893136E+03  0.8960424E+01  0.2402764E-02 -0.2265353E-01 -0.1421413E+01
   04  0.4909413E+03  0.8960557E+01  0.2324048E-02 -0.2242653E-01 -0.1421280E+01
   04  0.4925691E+03  0.8960689E+01  0.2243452E-02 -0.2220000E-01 -0.1421148E+01
   04  0.4941968E+03  0.8960821E+01  0.2161002E-02 -0.2197407E-01 -0.1421016E+01
   04  0.4958245E+03  0.8960952E+01  0.2076729E-02 -0.2174885E-01 -0.1420885E+01
   04  0.4974523E+03  0.8961083E+01  0.1990664E-02 -0.2152446E-01 -0.1420754E+01
   04  0.4990800E+03  0.8961213E+01  0.1902845E-02 -0.2130100E-01 -0.1420624E+01
   04  0.5007078E+03  0.8961343E+01  0.1813313E-02 -0.2107861E-01 -0.1420494E+01
   04  0.5023355E+03  0.8961473E+01  0.1722113E-02 -0.2085740E-01 -0.1420364E+01
   04  0.5039632E+03  0.8961602E+01  0.1629297E-02 -0.2063749E-01 -0.1420235E+01
   04  0.5055910E+03  0.8961731E+01  0.1534925E-02 -0.2041901E-01 -0.1420106E+01
   04  0.5072187E+03  0.8961860E+01  0.1439073E-02 -0.2020208E-01 -0.1419977E+01
   04  0.5088465E+03  0.8961988E+01  0.1341861E-02 -0.1998684E-01 -0.1419849E+01
   04  0.5104742E+03  0.8962117E+01  0.1243547E-02 -0.1977343E-01 -0.1419720E+01
   04  0.5121020E+03  0.8962245E+01  0.1143724E-02 -0.1956198E-01 -0.1419592E+01
   04  0.5137297E+03  0.8962373E+01  0.1038624E-02 -0.1935269E-01 -0.1419464E+01
   04  0.5153574E+03  0.8962501E+01  0.9347639E-03 -0.1914556E-01 -0.1419335E+01
   04  0.5169852E+03  0.8962630E+01  0.8301620E-03 -0.1894077E-01 -0.1419207E+01
   04  0.5186129E+03  0.8962758E+01  0.7245354E-03 -0.1873749E-01 -0.1419079E+01
   04  0.5202407E+03  0.8962886E+01  0.6178249E-03 -0.1853505E-01 -0.1418951E+01
   04  0.5218684E+03  0.8963014E+01  0.5100184E-03 -0.1833301E-01 -0.1418823E+01
   04  0.5234961E+03  0.8963141E+01  0.4011245E-03 -0.1813114E-01 -0.1418695E+01
   04  0.5251239E+03  0.8963269E+01  0.2911650E-03 -0.1792933E-01 -0.1418568E+01
   04  0.5267516E+03  0.8963397E+01  0.1801729E-03 -0.1772761E-01 -0.1418440E+01
   04  0.5283794E+03  0.8963524E+01  0.6819271E-04 -0.1752607E-01 -0.1418313E+01
   04  0.5300071E+03  0.8963652E+01 -0.4472020E-04 -0.1732487E-01 -0.1418185E+01
   04  0.5316349E+03  0.8963779E+01 -0.1599304E-03 -0.1712420E-01 -0.1418057E+01
   04  0.5332626E+03  0.8963907E+01 -0.2795785E-03 -0.1692429E-01 -0.1417930E+01
   04  0.5348903E+03  0.8964034E+01 -0.4035636E-03 -0.1672547E-01 -0.1417803E+01
   04  0.5365181E+03  0.8964161E+01 -0.5317772E-03 -0.1652803E-01 -0.1417676E+01
   04  0.5381458E+03  0.8964287E+01 -0.6641041E-03 -0.1633229E-01 -0.1417550E+01
   04  0.5397736E+03  0.8964414E+01 -0.8004228E-03 -0.1613858E-01 -0.1417423E+01
   04  0.5414013E+03  0.8964541E+01 -0.9406057E-03 -0.1594718E-01 -0.1417296E+01
   04  0.5430290E+03  0.8964668E+01 -0.1084520E-02 -0.1575839E-01 -0.1417169E+01
   04  0.5446568E+03  0.8964795E+01 -0.1232027E-02 -0.1557250E-01 -0.1417042E+01
   04  0.5462845E+03  0.8964922E+01 -0.1382984E-02 -0.1538977E-01 -0.1416915E+01
   04  0.5479123E+03  0.8965049E+01 -0.1537243E-02 -0.1521045E-01 -0.1416788E+01
   04  0.5495400E+03  0.8965177E+01 -0.1694655E-02 -0.1503476E-01 -0.1416660E+01
   04  0.5511678E+03  0.8965305E+01 -0.1855068E-02 -0.1486292E-01 -0.1416532E+01
   04  0.5527955E+03  0.8965433E+01 -0.2018327E-02 -0.1469512E-01 -0.1416403E+01
   04  0.5544232E+03  0.8965562E+01 -0.2184279E-02 -0.1453155E-01 -0.1416275E+01
   04  0.5560510E+03  0.8965692E+01 -0.2352769E-02 -0.1437236E-01 -0.1416145E+01
   04  0.5576787E+03  0.8965821E+01 -0.2523642E-02 -0.1421770E-01 -0.1416015E+01
   04  0.5593065E+03  0.8965952E+01 -0.2696746E-02 -0.1406770E-01 -0.1415885E+01
   04  0.5609342E+03  0.8966083E+01 -0.2871928E-02 -0.1392245E-01 -0.1415754E+01
   04  0.5625619E+03  0.8966215E+01 -0.3049036E-02 -0.1378207E-01 -0.1415622E+01
   04  0.5641897E+03  0.8966347E+01 -0.3227921E-02 -0.1364662E-01 -0.1415490E+01
   04  0.5658174E+03  0.8966480E+01 -0.3408438E-02 -0.1351618E-01 -0.1415357E+01
   04  0.5674452E+03  0.8966614E+01 -0.3590442E-02 -0.1339080E-01 -0.1415223E+01
   04  0.5690729E+03  0.8966748E+01 -0.3773793E-02 -0.1327053E-01 -0.1415088E+01
   04  0.5707007E+03  0.8966884E+01 -0.3958355E-02 -0.1315541E-01 -0.1414953E+01
   04  0.5723284E+03  0.8967020E+01 -0.4143997E-02 -0.1304547E-01 -0.1414817E+01
   04  0.5739561E+03  0.8967158E+01 -0.4330594E-02 -0.1294073E-01 -0.1414679E+01
   04  0.5755839E+03  0.8967296E+01 -0.4518027E-02 -0.1284120E-01 -0.1414541E+01
   04  0.5772116E+03  0.8967435E+01 -0.4706184E-02 -0.1274690E-01 -0.1414402E+01
   04  0.5788394E+03  0.8967575E+01 -0.4894962E-02 -0.1265784E-01 -0.1414262E+01
   04  0.5804671E+03  0.8967716E+01 -0.5084267E-02 -0.1257402E-01 -0.1414121E+01
   04  0.5820948E+03  0.8967859E+01 -0.5274017E-02 -0.1249544E-01 -0.1413978E+01
   04  0.5837226E+03  0.8968002E+01 -0.5464140E-02 -0.1242210E-01 -0.1413835E+01
   04  0.5853503E+03  0.8968146E+01 -0.5654578E-02 -0.1235401E-01 -0.1413691E+01
   04  0.5869781E+03  0.8968292E+01 -0.5845288E-02 -0.1229116E-01 -0.1413545E+01
   04  0.5886058E+03  0.8968439E+01 -0.6036241E-02 -0.1223357E-01 -0.1413398E+01
   04  0.5902336E+03  0.8968587E+01 -0.6227426E-02 -0.1218125E-01 -0.1413250E+01
   04  0.5918613E+03  0.8968736E+01 -0.6418848E-02 -0.1213419E-01 -0.1413101E+01
   04  0.5934890E+03  0.8968886E+01 -0.6610535E-02 -0.1209243E-01 -0.1412950E+01
   04  0.5951168E+03  0.8969038E+01 -0.6802531E-02 -0.1205598E-01 -0.1412799E+01
   04  0.5967445E+03  0.8969192E+01 -0.6994909E-02 -0.1202486E-01 -0.1412645E+01
   04  0.5983723E+03  0.8969346E+01 -0.7187768E-02 -0.1199911E-01 -0.1412491E+01
