# gauge_id= 206 location=( -0.1242120000E+03  0.4176625000E+02 ) num_var=  4
# Stationary gauge
# level, time, q[  1  2  3], eta, aux[]
# file format ascii, time series follow in this file
   04  0.0000000E+00  0.1381399E+02  0.0000000E+00  0.0000000E+00  0.0000000E+00
   04  0.1000000E+01  0.1381399E+02  0.4809421E-16  0.5912611E-17 -0.1457003E+01
   04  0.1015873E+01  0.1381399E+02 -0.2646812E-05 -0.1418384E-04 -0.1457003E+01
   04  0.1031746E+01  0.1381399E+02 -0.5293287E-05 -0.2836868E-04 -0.1457003E+01
   04  0.1047619E+01  0.1381399E+02 -0.7939427E-05 -0.4255452E-04 -0.1457003E+01
   04  0.1063492E+01  0.1381399E+02 -0.1058523E-04 -0.5674136E-04 -0.1457003E+01
   04  0.1079365E+01  0.1381399E+02 -0.1323070E-04 -0.7092920E-04 -0.1457003E+01
   04  0.1095238E+01  0.1381399E+02 -0.1587583E-04 -0.8511804E-04 -0.1457003E+01
   04  0.1111111E+01  0.1381399E+02 -0.1852063E-04 -0.9930788E-04 -0.1457003E+01
   04  0.1126984E+01  0.1381399E+02 -0.2116509E-04 -0.1134987E-03 -0.1457003E+01
   04  0.1142857E+01  0.1381399E+02 -0.2380921E-04 -0.1276906E-03 -0.1457003E+01
   04  0.1158730E+01  0.1381399E+02 -0.2645300E-04 -0.1418834E-03 -0.1457003E+01
   04  0.1174603E+01  0.1381399E+02 -0.2909645E-04 -0.1560772E-03 -0.1457003E+01
   04  0.1190476E+01  0.1381399E+02 -0.3173957E-04 -0.1702720E-03 -0.1457003E+01
   04  0.1206349E+01  0.1381399E+02 -0.3438235E-04 -0.1844679E-03 -0.1457003E+01
   04  0.1222222E+01  0.1381399E+02 -0.3702480E-04 -0.1986647E-03 -0.1457003E+01
   04  0.1238095E+01  0.1381399E+02 -0.3966691E-04 -0.2128625E-03 -0.1457003E+01
   04  0.1253968E+01  0.1381399E+02 -0.4230868E-04 -0.2270613E-03 -0.1457003E+01
   04  0.1269841E+01  0.1381399E+02 -0.4495012E-04 -0.2412611E-03 -0.1457003E+01
   04  0.1285714E+01  0.1381399E+02 -0.4759123E-04 -0.2554619E-03 -0.1457003E+01
   04  0.1301587E+01  0.1381399E+02 -0.5023200E-04 -0.2696637E-03 -0.1457003E+01
   04  0.1317460E+01  0.1381399E+02 -0.5287243E-04 -0.2838665E-03 -0.1457003E+01
   04  0.1333333E+01  0.1381399E+02 -0.5551253E-04 -0.2980703E-03 -0.1457003E+01
   04  0.1349206E+01  0.1381399E+02 -0.5815229E-04 -0.3122750E-03 -0.1457003E+01
   04  0.1365079E+01  0.1381399E+02 -0.6079172E-04 -0.3264808E-03 -0.1457003E+01
   04  0.1380952E+01  0.1381399E+02 -0.6343081E-04 -0.3406876E-03 -0.1457003E+01
   04  0.1396825E+01  0.1381399E+02 -0.6606957E-04 -0.3548953E-03 -0.1457003E+01
   04  0.1412698E+01  0.1381399E+02 -0.6870799E-04 -0.3691040E-03 -0.1457003E+01
   04  0.1428571E+01  0.1381399E+02 -0.7134608E-04 -0.3833138E-03 -0.1457003E+01
   04  0.1476190E+01  0.1381399E+02 -0.7926150E-04 -0.4259457E-03 -0.1457003E+01
   04  0.1523810E+01  0.1381399E+02 -0.8717391E-04 -0.4685866E-03 -0.1457003E+01
   04  0.1571429E+01  0.1381399E+02 -0.9508330E-04 -0.5112363E-03 -0.1457003E+01
   04  0.1619048E+01  0.1381399E+02 -0.1029897E-03 -0.5538950E-03 -0.1457003E+01
   04  0.1666667E+01  0.1381399E+02 -0.1108930E-03 -0.5965625E-03 -0.1457003E+01
   04  0.1714286E+01  0.1381399E+02 -0.1187934E-03 -0.6392389E-03 -0.1457003E+01
   04  0.1761905E+01  0.1381399E+02 -0.1266907E-03 -0.6819241E-03 -0.1457003E+01
   04  0.1809524E+01  0.1381399E+02 -0.1345850E-03 -0.7246182E-03 -0.1457002E+01
   04  0.1857143E+01  0.1381399E+02 -0.1424764E-03 -0.7673211E-03 -0.1457002E+01
   04  0.1904762E+01  0.1381399E+02 -0.1503647E-03 -0.8100328E-03 -0.1457002E+01
   04  0.1952381E+01  0.1381399E+02 -0.1582500E-03 -0.8527533E-03 -0.1457002E+01
   04  0.2000000E+01  0.1381399E+02 -0.1661323E-03 -0.8954826E-03 -0.1457002E+01
   04  0.5727919E+01  0.1381400E+02 -0.8017223E-03 -0.4238979E-02 -0.1456996E+01
   04  0.9455838E+01  0.1381401E+02 -0.1428196E-02 -0.7631685E-02 -0.1456989E+01
   04  0.1318376E+02  0.1381402E+02 -0.2052689E-02 -0.1106731E-01 -0.1456979E+01
   04  0.1691168E+02  0.1381403E+02 -0.2671699E-02 -0.1453879E-01 -0.1456967E+01
   04  0.2063960E+02  0.1381405E+02 -0.3281725E-02 -0.1803842E-01 -0.1456950E+01
   04  0.2436752E+02  0.1381407E+02 -0.3879124E-02 -0.2155812E-01 -0.1456930E+01
   04  0.2809543E+02  0.1381409E+02 -0.4460017E-02 -0.2508968E-01 -0.1456904E+01
   04  0.2995939E+02  0.1381411E+02 -0.4740676E-02 -0.2686284E-01 -0.1456889E+01
   04  0.3182335E+02  0.1381412E+02 -0.5015717E-02 -0.2863541E-01 -0.1456873E+01
   04  0.3348021E+02  0.1381414E+02 -0.5254826E-02 -0.3021021E-01 -0.1456857E+01
   04  0.3513706E+02  0.1381416E+02 -0.5488697E-02 -0.3178301E-01 -0.1456839E+01
   04  0.3679391E+02  0.1381418E+02 -0.5716967E-02 -0.3335315E-01 -0.1456820E+01
   04  0.3845077E+02  0.1381420E+02 -0.5939278E-02 -0.3491998E-01 -0.1456800E+01
   04  0.4010762E+02  0.1381422E+02 -0.6155277E-02 -0.3648290E-01 -0.1456777E+01
   04  0.4176447E+02  0.1381424E+02 -0.6364618E-02 -0.3804132E-01 -0.1456753E+01
   04  0.4342132E+02  0.1381427E+02 -0.6567004E-02 -0.3959466E-01 -0.1456728E+01
   04  0.4507818E+02  0.1381430E+02 -0.6762225E-02 -0.4114239E-01 -0.1456700E+01
   04  0.4673503E+02  0.1381433E+02 -0.6950086E-02 -0.4268398E-01 -0.1456671E+01
   04  0.4839188E+02  0.1381436E+02 -0.7130315E-02 -0.4421896E-01 -0.1456639E+01
   04  0.5004874E+02  0.1381439E+02 -0.7302784E-02 -0.4574686E-01 -0.1456606E+01
   04  0.5170559E+02  0.1381443E+02 -0.7467130E-02 -0.4726728E-01 -0.1456571E+01
   04  0.5336244E+02  0.1381446E+02 -0.7623028E-02 -0.4877983E-01 -0.1456534E+01
   04  0.5501930E+02  0.1381450E+02 -0.7770192E-02 -0.5028413E-01 -0.1456495E+01
   04  0.5667615E+02  0.1381454E+02 -0.7908369E-02 -0.5177980E-01 -0.1456453E+01
   04  0.5833300E+02  0.1381459E+02 -0.8037347E-02 -0.5326647E-01 -0.1456410E+01
   04  0.5998985E+02  0.1381463E+02 -0.8156943E-02 -0.5474380E-01 -0.1456365E+01
   04  0.6164671E+02  0.1381468E+02 -0.8267011E-02 -0.5621148E-01 -0.1456318E+01
   04  0.6330356E+02  0.1381473E+02 -0.8367434E-02 -0.5766924E-01 -0.1456268E+01
   04  0.6496041E+02  0.1381478E+02 -0.8458177E-02 -0.5911565E-01 -0.1456217E+01
   04  0.6661727E+02  0.1381483E+02 -0.8539251E-02 -0.6054693E-01 -0.1456162E+01
   04  0.6827412E+02  0.1381489E+02 -0.8610685E-02 -0.6196242E-01 -0.1456106E+01
   04  0.6993097E+02  0.1381495E+02 -0.8672520E-02 -0.6336233E-01 -0.1456047E+01
   04  0.7158783E+02  0.1381501E+02 -0.8724808E-02 -0.6474687E-01 -0.1455986E+01
   04  0.7324468E+02  0.1381508E+02 -0.8767614E-02 -0.6611629E-01 -0.1455922E+01
   04  0.7490153E+02  0.1381514E+02 -0.8801014E-02 -0.6747083E-01 -0.1455856E+01
   04  0.7655838E+02  0.1381521E+02 -0.8825087E-02 -0.6881071E-01 -0.1455788E+01
   04  0.7821524E+02  0.1381528E+02 -0.8839911E-02 -0.7013620E-01 -0.1455717E+01
   04  0.7987209E+02  0.1381535E+02 -0.8845573E-02 -0.7144753E-01 -0.1455645E+01
   04  0.8152894E+02  0.1381543E+02 -0.8842171E-02 -0.7274496E-01 -0.1455570E+01
   04  0.8318580E+02  0.1381550E+02 -0.8829813E-02 -0.7402876E-01 -0.1455494E+01
   04  0.8484265E+02  0.1381558E+02 -0.8807835E-02 -0.7529917E-01 -0.1455415E+01
   04  0.8649950E+02  0.1381566E+02 -0.8775875E-02 -0.7655644E-01 -0.1455334E+01
   04  0.8815636E+02  0.1381575E+02 -0.8734194E-02 -0.7780079E-01 -0.1455252E+01
   04  0.8981321E+02  0.1381583E+02 -0.8683092E-02 -0.7903249E-01 -0.1455167E+01
   04  0.9147006E+02  0.1381592E+02 -0.8622872E-02 -0.8025176E-01 -0.1455081E+01
   04  0.9445240E+02  0.1381608E+02 -0.8498478E-02 -0.8241522E-01 -0.1454922E+01
   04  0.9743473E+02  0.1381624E+02 -0.8347371E-02 -0.8454125E-01 -0.1454757E+01
   04  0.1004171E+03  0.1381641E+02 -0.8171117E-02 -0.8663129E-01 -0.1454587E+01
   04  0.1033994E+03  0.1381658E+02 -0.7971210E-02 -0.8868678E-01 -0.1454413E+01
   04  0.1063817E+03  0.1381676E+02 -0.7749064E-02 -0.9070916E-01 -0.1454235E+01
   04  0.1093641E+03  0.1381695E+02 -0.7506017E-02 -0.9269984E-01 -0.1454052E+01
   04  0.1123464E+03  0.1381713E+02 -0.7242806E-02 -0.9466024E-01 -0.1453865E+01
   04  0.1153287E+03  0.1381732E+02 -0.6957668E-02 -0.9659185E-01 -0.1453674E+01
   04  0.1183111E+03  0.1381752E+02 -0.6651384E-02 -0.9849626E-01 -0.1453479E+01
   04  0.1212934E+03  0.1381772E+02 -0.6324711E-02 -0.1003750E+00 -0.1453281E+01
   04  0.1242758E+03  0.1381792E+02 -0.5978383E-02 -0.1022296E+00 -0.1453079E+01
   04  0.1272581E+03  0.1381812E+02 -0.5613108E-02 -0.1040615E+00 -0.1452873E+01
   04  0.1302404E+03  0.1381833E+02 -0.5229578E-02 -0.1058725E+00 -0.1452664E+01
   04  0.1332228E+03  0.1381855E+02 -0.4828462E-02 -0.1076640E+00 -0.1452451E+01
   04  0.1362051E+03  0.1381876E+02 -0.4410412E-02 -0.1094375E+00 -0.1452235E+01
   04  0.1391874E+03  0.1381898E+02 -0.3976063E-02 -0.1111947E+00 -0.1452016E+01
   04  0.1421698E+03  0.1381920E+02 -0.3526029E-02 -0.1129369E+00 -0.1451793E+01
   04  0.1451521E+03  0.1381943E+02 -0.3060911E-02 -0.1146656E+00 -0.1451567E+01
   04  0.1481344E+03  0.1381966E+02 -0.2581281E-02 -0.1163817E+00 -0.1451338E+01
   04  0.1511168E+03  0.1381989E+02 -0.2087678E-02 -0.1180864E+00 -0.1451105E+01
   04  0.1540991E+03  0.1382013E+02 -0.1580601E-02 -0.1197804E+00 -0.1450869E+01
   04  0.1570814E+03  0.1382037E+02 -0.1060501E-02 -0.1214647E+00 -0.1450630E+01
   04  0.1600638E+03  0.1382061E+02 -0.5278297E-03 -0.1231424E+00 -0.1450387E+01
   04  0.1630461E+03  0.1382085E+02  0.1692164E-04 -0.1248201E+00 -0.1450143E+01
   04  0.1660284E+03  0.1382110E+02  0.5733739E-03 -0.1264990E+00 -0.1449895E+01
   04  0.1690108E+03  0.1382135E+02  0.1141382E-02 -0.1281814E+00 -0.1449646E+01
   04  0.1719931E+03  0.1382160E+02  0.1720869E-02 -0.1298694E+00 -0.1449394E+01
   04  0.1749755E+03  0.1382186E+02  0.2311932E-02 -0.1315639E+00 -0.1449140E+01
   04  0.1779578E+03  0.1382211E+02  0.2914753E-02 -0.1332656E+00 -0.1448884E+01
   04  0.1809401E+03  0.1382237E+02  0.3521435E-02 -0.1349748E+00 -0.1448626E+01
   04  0.1824313E+03  0.1382250E+02  0.3831178E-02 -0.1358309E+00 -0.1448495E+01
   04  0.1839225E+03  0.1382263E+02  0.4140947E-02 -0.1366887E+00 -0.1448364E+01
   04  0.1854136E+03  0.1382276E+02  0.4450661E-02 -0.1375482E+00 -0.1448233E+01
   04  0.1869048E+03  0.1382290E+02  0.4760241E-02 -0.1384092E+00 -0.1448100E+01
   04  0.1883960E+03  0.1382303E+02  0.5069606E-02 -0.1392717E+00 -0.1447967E+01
   04  0.1898871E+03  0.1382316E+02  0.5378678E-02 -0.1401356E+00 -0.1447834E+01
   04  0.1913783E+03  0.1382330E+02  0.5687378E-02 -0.1410009E+00 -0.1447700E+01
   04  0.1928695E+03  0.1382343E+02  0.5995627E-02 -0.1418673E+00 -0.1447565E+01
   04  0.1943606E+03  0.1382357E+02  0.6303354E-02 -0.1427346E+00 -0.1447429E+01
   04  0.1958518E+03  0.1382370E+02  0.6610499E-02 -0.1436024E+00 -0.1447293E+01
   04  0.1973430E+03  0.1382384E+02  0.6917002E-02 -0.1444708E+00 -0.1447157E+01
   04  0.1988341E+03  0.1382398E+02  0.7222732E-02 -0.1453394E+00 -0.1447019E+01
   04  0.2003253E+03  0.1382412E+02  0.7527546E-02 -0.1462083E+00 -0.1446882E+01
   04  0.2018165E+03  0.1382425E+02  0.7831305E-02 -0.1470771E+00 -0.1446743E+01
   04  0.2033076E+03  0.1382439E+02  0.8133873E-02 -0.1479458E+00 -0.1446605E+01
   04  0.2047988E+03  0.1382453E+02  0.8435123E-02 -0.1488139E+00 -0.1446465E+01
   04  0.2062900E+03  0.1382467E+02  0.8734929E-02 -0.1496812E+00 -0.1446325E+01
   04  0.2077811E+03  0.1382481E+02  0.9033171E-02 -0.1505475E+00 -0.1446185E+01
   04  0.2092723E+03  0.1382495E+02  0.9329732E-02 -0.1514126E+00 -0.1446044E+01
   04  0.2107635E+03  0.1382509E+02  0.9624499E-02 -0.1522761E+00 -0.1445903E+01
   04  0.2122546E+03  0.1382524E+02  0.9917364E-02 -0.1531377E+00 -0.1445762E+01
   04  0.2137458E+03  0.1382538E+02  0.1020822E-01 -0.1539973E+00 -0.1445620E+01
   04  0.2152370E+03  0.1382552E+02  0.1049697E-01 -0.1548546E+00 -0.1445478E+01
   04  0.2167281E+03  0.1382566E+02  0.1078350E-01 -0.1557093E+00 -0.1445335E+01
   04  0.2182193E+03  0.1382580E+02  0.1106772E-01 -0.1565605E+00 -0.1445192E+01
   04  0.2197105E+03  0.1382595E+02  0.1134952E-01 -0.1574067E+00 -0.1445049E+01
   04  0.2212017E+03  0.1382609E+02  0.1162881E-01 -0.1582478E+00 -0.1444906E+01
   04  0.2226928E+03  0.1382623E+02  0.1190547E-01 -0.1590834E+00 -0.1444763E+01
   04  0.2241840E+03  0.1382638E+02  0.1217941E-01 -0.1599133E+00 -0.1444619E+01
   04  0.2256752E+03  0.1382652E+02  0.1245050E-01 -0.1607373E+00 -0.1444476E+01
   04  0.2271663E+03  0.1382667E+02  0.1271864E-01 -0.1615551E+00 -0.1444332E+01
   04  0.2286575E+03  0.1382681E+02  0.1298372E-01 -0.1623664E+00 -0.1444188E+01
   04  0.2301487E+03  0.1382695E+02  0.1324564E-01 -0.1631710E+00 -0.1444045E+01
   04  0.2316398E+03  0.1382710E+02  0.1350430E-01 -0.1639687E+00 -0.1443901E+01
   04  0.2331310E+03  0.1382724E+02  0.1375961E-01 -0.1647593E+00 -0.1443757E+01
   04  0.2346222E+03  0.1382738E+02  0.1401149E-01 -0.1655424E+00 -0.1443613E+01
   04  0.2361133E+03  0.1382753E+02  0.1425986E-01 -0.1663180E+00 -0.1443470E+01
   04  0.2376045E+03  0.1382767E+02  0.1450464E-01 -0.1670859E+00 -0.1443326E+01
   04  0.2390957E+03  0.1382781E+02  0.1474578E-01 -0.1678457E+00 -0.1443182E+01
   04  0.2405868E+03  0.1382796E+02  0.1498321E-01 -0.1685973E+00 -0.1443039E+01
   04  0.2420780E+03  0.1382810E+02  0.1521688E-01 -0.1693405E+00 -0.1442895E+01
   04  0.2435692E+03  0.1382825E+02  0.1544675E-01 -0.1700752E+00 -0.1442752E+01
   04  0.2450603E+03  0.1382839E+02  0.1567264E-01 -0.1708010E+00 -0.1442608E+01
   04  0.2465515E+03  0.1382853E+02  0.1589393E-01 -0.1715180E+00 -0.1442465E+01
   04  0.2480427E+03  0.1382867E+02  0.1611062E-01 -0.1722258E+00 -0.1442322E+01
   04  0.2495338E+03  0.1382882E+02  0.1632271E-01 -0.1729243E+00 -0.1442180E+01
   04  0.2510250E+03  0.1382896E+02  0.1653021E-01 -0.1736133E+00 -0.1442037E+01
   04  0.2525162E+03  0.1382910E+02  0.1673314E-01 -0.1742927E+00 -0.1441895E+01
   04  0.2540073E+03  0.1382924E+02  0.1693151E-01 -0.1749624E+00 -0.1441752E+01
   04  0.2554985E+03  0.1382939E+02  0.1712537E-01 -0.1756220E+00 -0.1441611E+01
   04  0.2569897E+03  0.1382953E+02  0.1731476E-01 -0.1762716E+00 -0.1441469E+01
   04  0.2584808E+03  0.1382967E+02  0.1749971E-01 -0.1769109E+00 -0.1441327E+01
   04  0.2599720E+03  0.1382981E+02  0.1768026E-01 -0.1775399E+00 -0.1441186E+01
   04  0.2614632E+03  0.1382995E+02  0.1785645E-01 -0.1781583E+00 -0.1441045E+01
   04  0.2629543E+03  0.1383009E+02  0.1802832E-01 -0.1787660E+00 -0.1440905E+01
   04  0.2644455E+03  0.1383023E+02  0.1819591E-01 -0.1793629E+00 -0.1440764E+01
   04  0.2659367E+03  0.1383037E+02  0.1835925E-01 -0.1799489E+00 -0.1440624E+01
   04  0.2674278E+03  0.1383051E+02  0.1851839E-01 -0.1805239E+00 -0.1440485E+01
   04  0.2689190E+03  0.1383065E+02  0.1867335E-01 -0.1810876E+00 -0.1440345E+01
   04  0.2704102E+03  0.1383079E+02  0.1882419E-01 -0.1816401E+00 -0.1440206E+01
   04  0.2719014E+03  0.1383093E+02  0.1897092E-01 -0.1821812E+00 -0.1440067E+01
   04  0.2733925E+03  0.1383107E+02  0.1911359E-01 -0.1827108E+00 -0.1439929E+01
   04  0.2748837E+03  0.1383121E+02  0.1925219E-01 -0.1832289E+00 -0.1439791E+01
   04  0.2763749E+03  0.1383134E+02  0.1938675E-01 -0.1837352E+00 -0.1439653E+01
   04  0.2778660E+03  0.1383148E+02  0.1951729E-01 -0.1842298E+00 -0.1439516E+01
   04  0.2793572E+03  0.1383162E+02  0.1964386E-01 -0.1847125E+00 -0.1439379E+01
   04  0.2808484E+03  0.1383175E+02  0.1976650E-01 -0.1851833E+00 -0.1439243E+01
   04  0.2823395E+03  0.1383189E+02  0.1988525E-01 -0.1856424E+00 -0.1439106E+01
   04  0.2838307E+03  0.1383203E+02  0.2000016E-01 -0.1860905E+00 -0.1438971E+01
   04  0.2853219E+03  0.1383216E+02  0.2011124E-01 -0.1865276E+00 -0.1438835E+01
   04  0.2868130E+03  0.1383230E+02  0.2021853E-01 -0.1869539E+00 -0.1438700E+01
   04  0.2883042E+03  0.1383243E+02  0.2032205E-01 -0.1873695E+00 -0.1438566E+01
   04  0.2897954E+03  0.1383257E+02  0.2042183E-01 -0.1877744E+00 -0.1438431E+01
   04  0.2912865E+03  0.1383270E+02  0.2051790E-01 -0.1881687E+00 -0.1438297E+01
   04  0.2927777E+03  0.1383283E+02  0.2061028E-01 -0.1885526E+00 -0.1438164E+01
   04  0.2942689E+03  0.1383297E+02  0.2069900E-01 -0.1889259E+00 -0.1438030E+01
   04  0.2957600E+03  0.1383310E+02  0.2078405E-01 -0.1892892E+00 -0.1437897E+01
   04  0.2972512E+03  0.1383323E+02  0.2086544E-01 -0.1896426E+00 -0.1437765E+01
   04  0.2987424E+03  0.1383336E+02  0.2094316E-01 -0.1899863E+00 -0.1437632E+01
   04  0.3002335E+03  0.1383350E+02  0.2101718E-01 -0.1903203E+00 -0.1437500E+01
   04  0.3017247E+03  0.1383363E+02  0.2108749E-01 -0.1906448E+00 -0.1437369E+01
   04  0.3032159E+03  0.1383376E+02  0.2115403E-01 -0.1909599E+00 -0.1437237E+01
   04  0.3047070E+03  0.1383389E+02  0.2121679E-01 -0.1912655E+00 -0.1437107E+01
   04  0.3061982E+03  0.1383402E+02  0.2127570E-01 -0.1915618E+00 -0.1436976E+01
   04  0.3076894E+03  0.1383415E+02  0.2133072E-01 -0.1918488E+00 -0.1436846E+01
   04  0.3091805E+03  0.1383428E+02  0.2138180E-01 -0.1921266E+00 -0.1436716E+01
   04  0.3106717E+03  0.1383441E+02  0.2142887E-01 -0.1923951E+00 -0.1436586E+01
   04  0.3121629E+03  0.1383454E+02  0.2147188E-01 -0.1926543E+00 -0.1436457E+01
   04  0.3136540E+03  0.1383467E+02  0.2151075E-01 -0.1929044E+00 -0.1436329E+01
   04  0.3151452E+03  0.1383480E+02  0.2154542E-01 -0.1931451E+00 -0.1436201E+01
   04  0.3165017E+03  0.1383491E+02  0.2157349E-01 -0.1933559E+00 -0.1436084E+01
   04  0.3178581E+03  0.1383503E+02  0.2159792E-01 -0.1935589E+00 -0.1435968E+01
   04  0.3192146E+03  0.1383514E+02  0.2161867E-01 -0.1937543E+00 -0.1435853E+01
   04  0.3205710E+03  0.1383526E+02  0.2163568E-01 -0.1939420E+00 -0.1435738E+01
   04  0.3219275E+03  0.1383537E+02  0.2164890E-01 -0.1941219E+00 -0.1435623E+01
   04  0.3232839E+03  0.1383549E+02  0.2165827E-01 -0.1942941E+00 -0.1435509E+01
   04  0.3246404E+03  0.1383560E+02  0.2166374E-01 -0.1944584E+00 -0.1435395E+01
   04  0.3259968E+03  0.1383572E+02  0.2166441E-01 -0.1946148E+00 -0.1435282E+01
   04  0.3273533E+03  0.1383583E+02  0.2165974E-01 -0.1947632E+00 -0.1435169E+01
   04  0.3287097E+03  0.1383594E+02  0.2164974E-01 -0.1949036E+00 -0.1435057E+01
   04  0.3300662E+03  0.1383605E+02  0.2163444E-01 -0.1950357E+00 -0.1434945E+01
   04  0.3314226E+03  0.1383616E+02  0.2161387E-01 -0.1951597E+00 -0.1434834E+01
   04  0.3327791E+03  0.1383627E+02  0.2158804E-01 -0.1952752E+00 -0.1434724E+01
   04  0.3341355E+03  0.1383638E+02  0.2155698E-01 -0.1953823E+00 -0.1434614E+01
   04  0.3354920E+03  0.1383649E+02  0.2152070E-01 -0.1954809E+00 -0.1434505E+01
   04  0.3368484E+03  0.1383660E+02  0.2147923E-01 -0.1955709E+00 -0.1434396E+01
   04  0.3382049E+03  0.1383671E+02  0.2143259E-01 -0.1956523E+00 -0.1434288E+01
   04  0.3395613E+03  0.1383682E+02  0.2138081E-01 -0.1957249E+00 -0.1434181E+01
   04  0.3409178E+03  0.1383692E+02  0.2132393E-01 -0.1957887E+00 -0.1434074E+01
   04  0.3422742E+03  0.1383703E+02  0.2126196E-01 -0.1958436E+00 -0.1433968E+01
   04  0.3436307E+03  0.1383714E+02  0.2119494E-01 -0.1958897E+00 -0.1433862E+01
   04  0.3449871E+03  0.1383724E+02  0.2112288E-01 -0.1959267E+00 -0.1433757E+01
   04  0.3463436E+03  0.1383734E+02  0.2104581E-01 -0.1959548E+00 -0.1433652E+01
   04  0.3477000E+03  0.1383745E+02  0.2096373E-01 -0.1959738E+00 -0.1433548E+01
   04  0.3490565E+03  0.1383755E+02  0.2087665E-01 -0.1959837E+00 -0.1433445E+01
   04  0.3504130E+03  0.1383765E+02  0.2078458E-01 -0.1959845E+00 -0.1433342E+01
   04  0.3517694E+03  0.1383776E+02  0.2068750E-01 -0.1959762E+00 -0.1433240E+01
   04  0.3531259E+03  0.1383786E+02  0.2058542E-01 -0.1959586E+00 -0.1433138E+01
   04  0.3544823E+03  0.1383796E+02  0.2047832E-01 -0.1959318E+00 -0.1433037E+01
   04  0.3558388E+03  0.1383806E+02  0.2036617E-01 -0.1958958E+00 -0.1432937E+01
   04  0.3574665E+03  0.1383818E+02  0.2022463E-01 -0.1958409E+00 -0.1432817E+01
   04  0.3590942E+03  0.1383830E+02  0.2007576E-01 -0.1957724E+00 -0.1432698E+01
   04  0.3607220E+03  0.1383842E+02  0.1991949E-01 -0.1956905E+00 -0.1432580E+01
   04  0.3623497E+03  0.1383853E+02  0.1975571E-01 -0.1955951E+00 -0.1432463E+01
   04  0.3639775E+03  0.1383865E+02  0.1958434E-01 -0.1954862E+00 -0.1432346E+01
   04  0.3656052E+03  0.1383877E+02  0.1940524E-01 -0.1953637E+00 -0.1432230E+01
   04  0.3672329E+03  0.1383888E+02  0.1921828E-01 -0.1952278E+00 -0.1432116E+01
   04  0.3688607E+03  0.1383900E+02  0.1902331E-01 -0.1950783E+00 -0.1432002E+01
   04  0.3704884E+03  0.1383911E+02  0.1882016E-01 -0.1949154E+00 -0.1431889E+01
   04  0.3721162E+03  0.1383922E+02  0.1860866E-01 -0.1947390E+00 -0.1431776E+01
   04  0.3737439E+03  0.1383933E+02  0.1838860E-01 -0.1945492E+00 -0.1431665E+01
   04  0.3753717E+03  0.1383944E+02  0.1815978E-01 -0.1943460E+00 -0.1431554E+01
   04  0.3769994E+03  0.1383955E+02  0.1792197E-01 -0.1941293E+00 -0.1431444E+01
   04  0.3786271E+03  0.1383966E+02  0.1767494E-01 -0.1938994E+00 -0.1431335E+01
   04  0.3802549E+03  0.1383977E+02  0.1741843E-01 -0.1936561E+00 -0.1431226E+01
   04  0.3818826E+03  0.1383988E+02  0.1715218E-01 -0.1933996E+00 -0.1431119E+01
   04  0.3835104E+03  0.1383999E+02  0.1687592E-01 -0.1931299E+00 -0.1431012E+01
   04  0.3851381E+03  0.1384009E+02  0.1658936E-01 -0.1928471E+00 -0.1430906E+01
   04  0.3867658E+03  0.1384020E+02  0.1629221E-01 -0.1925512E+00 -0.1430800E+01
   04  0.3883936E+03  0.1384030E+02  0.1598416E-01 -0.1922422E+00 -0.1430695E+01
   04  0.3900213E+03  0.1384041E+02  0.1566490E-01 -0.1919203E+00 -0.1430591E+01
   04  0.3916491E+03  0.1384051E+02  0.1533411E-01 -0.1915856E+00 -0.1430488E+01
   04  0.3932768E+03  0.1384061E+02  0.1499146E-01 -0.1912381E+00 -0.1430385E+01
   04  0.3949046E+03  0.1384071E+02  0.1463661E-01 -0.1908779E+00 -0.1430283E+01
   04  0.3965323E+03  0.1384082E+02  0.1426923E-01 -0.1905051E+00 -0.1430181E+01
   04  0.3981600E+03  0.1384092E+02  0.1388896E-01 -0.1901207E+00 -0.1430080E+01
   04  0.3997878E+03  0.1384102E+02  0.1349547E-01 -0.1897267E+00 -0.1429979E+01
   04  0.4014155E+03  0.1384112E+02  0.1308847E-01 -0.1893230E+00 -0.1429879E+01
   04  0.4030433E+03  0.1384122E+02  0.1266765E-01 -0.1889097E+00 -0.1429779E+01
   04  0.4046710E+03  0.1384132E+02  0.1223267E-01 -0.1884867E+00 -0.1429679E+01
   04  0.4062987E+03  0.1384142E+02  0.1178320E-01 -0.1880543E+00 -0.1429579E+01
   04  0.4079265E+03  0.1384152E+02  0.1131889E-01 -0.1876123E+00 -0.1429480E+01
   04  0.4095542E+03  0.1384162E+02  0.1083938E-01 -0.1871610E+00 -0.1429381E+01
   04  0.4111820E+03  0.1384171E+02  0.1034433E-01 -0.1867005E+00 -0.1429282E+01
   04  0.4128097E+03  0.1384181E+02  0.9833371E-02 -0.1862309E+00 -0.1429184E+01
   04  0.4144375E+03  0.1384191E+02  0.9306126E-02 -0.1857523E+00 -0.1429085E+01
   04  0.4160652E+03  0.1384201E+02  0.8762219E-02 -0.1852648E+00 -0.1428987E+01
   04  0.4176929E+03  0.1384211E+02  0.8201254E-02 -0.1847685E+00 -0.1428888E+01
   04  0.4193207E+03  0.1384221E+02  0.7622828E-02 -0.1842636E+00 -0.1428790E+01
   04  0.4209484E+03  0.1384231E+02  0.7026532E-02 -0.1837503E+00 -0.1428691E+01
   04  0.4225762E+03  0.1384240E+02  0.6411952E-02 -0.1832286E+00 -0.1428593E+01
   04  0.4242039E+03  0.1384250E+02  0.5778672E-02 -0.1826988E+00 -0.1428494E+01
   04  0.4258316E+03  0.1384260E+02  0.5126273E-02 -0.1821611E+00 -0.1428395E+01
   04  0.4274594E+03  0.1384270E+02  0.4454328E-02 -0.1816157E+00 -0.1428296E+01
   04  0.4290871E+03  0.1384280E+02  0.3762407E-02 -0.1810629E+00 -0.1428196E+01
   04  0.4307149E+03  0.1384290E+02  0.3050064E-02 -0.1805029E+00 -0.1428097E+01
   04  0.4323426E+03  0.1384300E+02  0.2316844E-02 -0.1799360E+00 -0.1427996E+01
   04  0.4339704E+03  0.1384310E+02  0.1565632E-02 -0.1793625E+00 -0.1427896E+01
   04  0.4355981E+03  0.1384320E+02  0.7966421E-03 -0.1787827E+00 -0.1427794E+01
   04  0.4372258E+03  0.1384331E+02  0.9720007E-05 -0.1781968E+00 -0.1427691E+01
   04  0.4388536E+03  0.1384341E+02 -0.7953127E-03 -0.1776050E+00 -0.1427588E+01
   04  0.4404813E+03  0.1384351E+02 -0.1618649E-02 -0.1770076E+00 -0.1427483E+01
   04  0.4421091E+03  0.1384362E+02 -0.2460495E-02 -0.1764049E+00 -0.1427377E+01
   04  0.4437368E+03  0.1384373E+02 -0.3321070E-02 -0.1757971E+00 -0.1427270E+01
   04  0.4453645E+03  0.1384383E+02 -0.4200604E-02 -0.1751847E+00 -0.1427162E+01
   04  0.4469923E+03  0.1384394E+02 -0.5099339E-02 -0.1745679E+00 -0.1427053E+01
   04  0.4486200E+03  0.1384405E+02 -0.6017528E-02 -0.1739472E+00 -0.1426943E+01
   04  0.4502478E+03  0.1384417E+02 -0.6955429E-02 -0.1733229E+00 -0.1426831E+01
   04  0.4518755E+03  0.1384428E+02 -0.7913306E-02 -0.1726955E+00 -0.1426718E+01
   04  0.4535033E+03  0.1384439E+02 -0.8891425E-02 -0.1720652E+00 -0.1426604E+01
   04  0.4551310E+03  0.1384451E+02 -0.9890046E-02 -0.1714325E+00 -0.1426488E+01
   04  0.4567587E+03  0.1384463E+02 -0.1090942E-01 -0.1707978E+00 -0.1426371E+01
   04  0.4583865E+03  0.1384474E+02 -0.1194981E-01 -0.1701614E+00 -0.1426253E+01
   04  0.4600142E+03  0.1384486E+02 -0.1301143E-01 -0.1695237E+00 -0.1426133E+01
   04  0.4616420E+03  0.1384498E+02 -0.1409474E-01 -0.1688851E+00 -0.1426012E+01
   04  0.4632697E+03  0.1384511E+02 -0.1520271E-01 -0.1682459E+00 -0.1425890E+01
   04  0.4648974E+03  0.1384523E+02 -0.1633538E-01 -0.1676066E+00 -0.1425765E+01
   04  0.4665252E+03  0.1384536E+02 -0.1749296E-01 -0.1669674E+00 -0.1425639E+01
   04  0.4681529E+03  0.1384549E+02 -0.1867564E-01 -0.1663287E+00 -0.1425512E+01
   04  0.4697807E+03  0.1384561E+02 -0.1988354E-01 -0.1656907E+00 -0.1425382E+01
   04  0.4714084E+03  0.1384575E+02 -0.2111674E-01 -0.1650539E+00 -0.1425252E+01
   04  0.4730362E+03  0.1384588E+02 -0.2237526E-01 -0.1644185E+00 -0.1425119E+01
   04  0.4746639E+03  0.1384601E+02 -0.2365908E-01 -0.1637849E+00 -0.1424986E+01
   04  0.4762916E+03  0.1384615E+02 -0.2496812E-01 -0.1631534E+00 -0.1424850E+01
   04  0.4779194E+03  0.1384628E+02 -0.2630224E-01 -0.1625244E+00 -0.1424714E+01
   04  0.4795471E+03  0.1384642E+02 -0.2766123E-01 -0.1618980E+00 -0.1424576E+01
   04  0.4811749E+03  0.1384656E+02 -0.2904486E-01 -0.1612746E+00 -0.1424436E+01
   04  0.4828026E+03  0.1384670E+02 -0.3045283E-01 -0.1606545E+00 -0.1424296E+01
   04  0.4844303E+03  0.1384684E+02 -0.3188481E-01 -0.1600378E+00 -0.1424154E+01
   04  0.4860581E+03  0.1384699E+02 -0.3334039E-01 -0.1594249E+00 -0.1424010E+01
   04  0.4876858E+03  0.1384713E+02 -0.3481916E-01 -0.1588159E+00 -0.1423866E+01
   04  0.4893136E+03  0.1384728E+02 -0.3632064E-01 -0.1582110E+00 -0.1423720E+01
   04  0.4909413E+03  0.1384742E+02 -0.3784430E-01 -0.1576105E+00 -0.1423574E+01
   04  0.4925691E+03  0.1384757E+02 -0.3938961E-01 -0.1570145E+00 -0.1423426E+01
   04  0.4941968E+03  0.1384772E+02 -0.4095596E-01 -0.1564233E+00 -0.1423277E+01
   04  0.4958245E+03  0.1384787E+02 -0.4254272E-01 -0.1558370E+00 -0.1423127E+01
   04  0.4974523E+03  0.1384802E+02 -0.4414923E-01 -0.1552557E+00 -0.1422976E+01
   04  0.4990800E+03  0.1384817E+02 -0.4577472E-01 -0.1546795E+00 -0.1422824E+01
   04  0.5007078E+03  0.1384833E+02 -0.4741845E-01 -0.1541086E+00 -0.1422672E+01
   04  0.5023355E+03  0.1384848E+02 -0.4907964E-01 -0.1535431E+00 -0.1422518E+01
   04  0.5039632E+03  0.1384863E+02 -0.5075752E-01 -0.1529829E+00 -0.1422364E+01
   04  0.5055910E+03  0.1384879E+02 -0.5245129E-01 -0.1524282E+00 -0.1422209E+01
   04  0.5072187E+03  0.1384894E+02 -0.5416017E-01 -0.1518790E+00 -0.1422053E+01
   04  0.5088465E+03  0.1384910E+02 -0.5588337E-01 -0.1513352E+00 -0.1421897E+01
   04  0.5104742E+03  0.1384926E+02 -0.5762010E-01 -0.1507969E+00 -0.1421740E+01
   04  0.5121020E+03  0.1384941E+02 -0.5937010E-01 -0.1502641E+00 -0.1421583E+01
   04  0.5137297E+03  0.1384957E+02 -0.6113311E-01 -0.1497366E+00 -0.1421425E+01
   04  0.5153574E+03  0.1384973E+02 -0.6290828E-01 -0.1492144E+00 -0.1421266E+01
   04  0.5169852E+03  0.1384989E+02 -0.6469439E-01 -0.1487034E+00 -0.1421107E+01
   04  0.5186129E+03  0.1385005E+02 -0.6649042E-01 -0.1482033E+00 -0.1420947E+01
   04  0.5202407E+03  0.1385021E+02 -0.6829558E-01 -0.1477132E+00 -0.1420786E+01
   04  0.5218684E+03  0.1385037E+02 -0.7010916E-01 -0.1472324E+00 -0.1420624E+01
   04  0.5234961E+03  0.1385054E+02 -0.7193046E-01 -0.1467602E+00 -0.1420462E+01
   04  0.5251239E+03  0.1385070E+02 -0.7375885E-01 -0.1462960E+00 -0.1420299E+01
   04  0.5267516E+03  0.1385086E+02 -0.7559376E-01 -0.1458393E+00 -0.1420135E+01
   04  0.5283794E+03  0.1385103E+02 -0.7743466E-01 -0.1453896E+00 -0.1419972E+01
   04  0.5300071E+03  0.1385119E+02 -0.7928112E-01 -0.1449466E+00 -0.1419808E+01
   04  0.5316349E+03  0.1385135E+02 -0.8113273E-01 -0.1445098E+00 -0.1419643E+01
   04  0.5332626E+03  0.1385152E+02 -0.8298915E-01 -0.1440789E+00 -0.1419478E+01
   04  0.5348903E+03  0.1385168E+02 -0.8485016E-01 -0.1436536E+00 -0.1419313E+01
   04  0.5365181E+03  0.1385185E+02 -0.8671562E-01 -0.1432335E+00 -0.1419147E+01
   04  0.5381458E+03  0.1385202E+02 -0.8858548E-01 -0.1428185E+00 -0.1418982E+01
   04  0.5397736E+03  0.1385218E+02 -0.9045976E-01 -0.1424083E+00 -0.1418815E+01
   04  0.5414013E+03  0.1385235E+02 -0.9233864E-01 -0.1420026E+00 -0.1418649E+01
   04  0.5430290E+03  0.1385252E+02 -0.9422232E-01 -0.1416013E+00 -0.1418482E+01
   04  0.5446568E+03  0.1385268E+02 -0.9611107E-01 -0.1412042E+00 -0.1418315E+01
   04  0.5462845E+03  0.1385285E+02 -0.9800531E-01 -0.1408112E+00 -0.1418147E+01
   04  0.5479123E+03  0.1385302E+02 -0.9990551E-01 -0.1404222E+00 -0.1417978E+01
   04  0.5495400E+03  0.1385319E+02 -0.1018123E+00 -0.1400371E+00 -0.1417809E+01
   04  0.5511678E+03  0.1385336E+02 -0.1037264E+00 -0.1396560E+00 -0.1417640E+01
   04  0.5527955E+03  0.1385353E+02 -0.1056487E+00 -0.1392789E+00 -0.1417470E+01
   04  0.5544232E+03  0.1385370E+02 -0.1075800E+00 -0.1389058E+00 -0.1417298E+01
   04  0.5560510E+03  0.1385387E+02 -0.1095211E+00 -0.1385368E+00 -0.1417126E+01
   04  0.5576787E+03  0.1385404E+02 -0.1114725E+00 -0.1381724E+00 -0.1416953E+01
   04  0.5593065E+03  0.1385422E+02 -0.1134357E+00 -0.1378124E+00 -0.1416778E+01
   04  0.5609342E+03  0.1385440E+02 -0.1154121E+00 -0.1374571E+00 -0.1416602E+01
   04  0.5625619E+03  0.1385457E+02 -0.1174036E+00 -0.1371068E+00 -0.1416424E+01
   04  0.5641897E+03  0.1385475E+02 -0.1194120E+00 -0.1367619E+00 -0.1416244E+01
   04  0.5658174E+03  0.1385493E+02 -0.1214397E+00 -0.1364228E+00 -0.1416063E+01
   04  0.5674452E+03  0.1385512E+02 -0.1234878E+00 -0.1360898E+00 -0.1415879E+01
   04  0.5690729E+03  0.1385530E+02 -0.1255584E+00 -0.1357636E+00 -0.1415693E+01
   04  0.5707007E+03  0.1385549E+02 -0.1276540E+00 -0.1354448E+00 -0.1415505E+01
   04  0.5723284E+03  0.1385568E+02 -0.1297770E+00 -0.1351344E+00 -0.1415313E+01
   04  0.5739561E+03  0.1385588E+02 -0.1319300E+00 -0.1348343E+00 -0.1415119E+01
   04  0.5755839E+03  0.1385608E+02 -0.1341158E+00 -0.1345449E+00 -0.1414921E+01
   04  0.5772116E+03  0.1385628E+02 -0.1363376E+00 -0.1342667E+00 -0.1414719E+01
   04  0.5788394E+03  0.1385648E+02 -0.1385984E+00 -0.1340003E+00 -0.1414514E+01
   04  0.5804671E+03  0.1385669E+02 -0.1409017E+00 -0.1337463E+00 -0.1414304E+01
   04  0.5820948E+03  0.1385691E+02 -0.1432513E+00 -0.1335055E+00 -0.1414090E+01
   04  0.5837226E+03  0.1385713E+02 -0.1456508E+00 -0.1332788E+00 -0.1413870E+01
   04  0.5853503E+03  0.1385735E+02 -0.1481044E+00 -0.1330669E+00 -0.1413645E+01
   04  0.5869781E+03  0.1385758E+02 -0.1506164E+00 -0.1328708E+00 -0.1413414E+01
   04  0.5886058E+03  0.1385782E+02 -0.1531913E+00 -0.1326916E+00 -0.1413177E+01
   04  0.5902336E+03  0.1385806E+02 -0.1558337E+00 -0.1325301E+00 -0.1412934E+01
   04  0.5918613E+03  0.1385831E+02 -0.1585484E+00 -0.1323874E+00 -0.1412683E+01
   04  0.5934890E+03  0.1385857E+02 -0.1613405E+00 -0.1322644E+00 -0.1412424E+01
   04  0.5951168E+03  0.1385884E+02 -0.1642149E+00 -0.1321622E+00 -0.1412158E+01
   04  0.5967445E+03  0.1385911E+02 -0.1671772E+00 -0.1320850E+00 -0.1411883E+01
   04  0.5983723E+03  0.1385940E+02 -0.1702329E+00 -0.1320372E+00 -0.1411598E+01
