# gauge_id= 607 location=( -0.1242042291E+03  0.4176285853E+02 ) num_var=  4
# Stationary gauge
# level, time, q[  1  2  3], eta, aux[]
# file format ascii, time series follow in this file
   04  0.0000000E+00  0.1110772E+02  0.0000000E+00  0.0000000E+00  0.0000000E+00
   04  0.1000000E+01  0.1110772E+02 -0.5140276E-16  0.6810771E-16 -0.1458045E+01
   04  0.1015873E+01  0.1110772E+02 -0.5127931E-05 -0.1185542E-04 -0.1458045E+01
   04  0.1031746E+01  0.1110772E+02 -0.1025644E-04 -0.2371134E-04 -0.1458045E+01
   04  0.1047619E+01  0.1110772E+02 -0.1538554E-04 -0.3556778E-04 -0.1458045E+01
   04  0.1063492E+01  0.1110772E+02 -0.2051521E-04 -0.4742472E-04 -0.1458045E+01
   04  0.1079365E+01  0.1110772E+02 -0.2564547E-04 -0.5928217E-04 -0.1458045E+01
   04  0.1095238E+01  0.1110772E+02 -0.3077630E-04 -0.7114013E-04 -0.1458045E+01
   04  0.1111111E+01  0.1110772E+02 -0.3590772E-04 -0.8299859E-04 -0.1458045E+01
   04  0.1126984E+01  0.1110772E+02 -0.4103971E-04 -0.9485756E-04 -0.1458045E+01
   04  0.1142857E+01  0.1110772E+02 -0.4617229E-04 -0.1067170E-03 -0.1458045E+01
   04  0.1158730E+01  0.1110772E+02 -0.5130544E-04 -0.1185770E-03 -0.1458045E+01
   04  0.1174603E+01  0.1110772E+02 -0.5643917E-04 -0.1304375E-03 -0.1458045E+01
   04  0.1190476E+01  0.1110772E+02 -0.6157347E-04 -0.1422985E-03 -0.1458045E+01
   04  0.1206349E+01  0.1110772E+02 -0.6670835E-04 -0.1541600E-03 -0.1458045E+01
   04  0.1222222E+01  0.1110772E+02 -0.7184381E-04 -0.1660220E-03 -0.1458045E+01
   04  0.1238095E+01  0.1110772E+02 -0.7697985E-04 -0.1778845E-03 -0.1458045E+01
   04  0.1253968E+01  0.1110772E+02 -0.8211646E-04 -0.1897476E-03 -0.1458045E+01
   04  0.1269841E+01  0.1110772E+02 -0.8725364E-04 -0.2016111E-03 -0.1458045E+01
   04  0.1285714E+01  0.1110772E+02 -0.9239140E-04 -0.2134751E-03 -0.1458045E+01
   04  0.1301587E+01  0.1110772E+02 -0.9752973E-04 -0.2253397E-03 -0.1458045E+01
   04  0.1317460E+01  0.1110772E+02 -0.1026686E-03 -0.2372047E-03 -0.1458046E+01
   04  0.1333333E+01  0.1110772E+02 -0.1078081E-03 -0.2490703E-03 -0.1458046E+01
   04  0.1349206E+01  0.1110772E+02 -0.1129482E-03 -0.2609363E-03 -0.1458046E+01
   04  0.1365079E+01  0.1110772E+02 -0.1180888E-03 -0.2728029E-03 -0.1458046E+01
   04  0.1380952E+01  0.1110772E+02 -0.1232300E-03 -0.2846700E-03 -0.1458046E+01
   04  0.1396825E+01  0.1110772E+02 -0.1283717E-03 -0.2965375E-03 -0.1458046E+01
   04  0.1412698E+01  0.1110772E+02 -0.1335141E-03 -0.3084056E-03 -0.1458046E+01
   04  0.1428571E+01  0.1110772E+02 -0.1386570E-03 -0.3202742E-03 -0.1458046E+01
   04  0.1476190E+01  0.1110772E+02 -0.1540875E-03 -0.3558806E-03 -0.1458046E+01
   04  0.1523810E+01  0.1110772E+02 -0.1695231E-03 -0.3914916E-03 -0.1458046E+01
   04  0.1571429E+01  0.1110772E+02 -0.1849638E-03 -0.4271071E-03 -0.1458046E+01
   04  0.1619048E+01  0.1110772E+02 -0.2004096E-03 -0.4627272E-03 -0.1458046E+01
   04  0.1666667E+01  0.1110772E+02 -0.2158605E-03 -0.4983518E-03 -0.1458046E+01
   04  0.1714286E+01  0.1110772E+02 -0.2313165E-03 -0.5339809E-03 -0.1458046E+01
   04  0.1761905E+01  0.1110772E+02 -0.2467775E-03 -0.5696145E-03 -0.1458046E+01
   04  0.1809524E+01  0.1110772E+02 -0.2622435E-03 -0.6052527E-03 -0.1458046E+01
   04  0.1857143E+01  0.1110772E+02 -0.2777146E-03 -0.6408954E-03 -0.1458047E+01
   04  0.1904762E+01  0.1110772E+02 -0.2931907E-03 -0.6765426E-03 -0.1458047E+01
   04  0.1952381E+01  0.1110772E+02 -0.3086718E-03 -0.7121944E-03 -0.1458047E+01
   04  0.2000000E+01  0.1110772E+02 -0.3241579E-03 -0.7478506E-03 -0.1458047E+01
   04  0.5727919E+01  0.1110771E+02 -0.1537424E-02 -0.3532263E-02 -0.1458053E+01
   04  0.9455838E+01  0.1110770E+02 -0.2779733E-02 -0.6344280E-02 -0.1458059E+01
   04  0.1318376E+02  0.1110770E+02 -0.4044082E-02 -0.9181478E-02 -0.1458064E+01
   04  0.1691168E+02  0.1110770E+02 -0.5322988E-02 -0.1204066E-01 -0.1458068E+01
   04  0.2063960E+02  0.1110769E+02 -0.6608605E-02 -0.1491796E-01 -0.1458070E+01
   04  0.2436752E+02  0.1110770E+02 -0.7892884E-02 -0.1780900E-01 -0.1458068E+01
   04  0.2809543E+02  0.1110770E+02 -0.9167754E-02 -0.2070903E-01 -0.1458062E+01
   04  0.2995939E+02  0.1110771E+02 -0.9798256E-02 -0.2216456E-01 -0.1458057E+01
   04  0.3182335E+02  0.1110771E+02 -0.1042290E-01 -0.2362008E-01 -0.1458050E+01
   04  0.3348021E+02  0.1110772E+02 -0.1097233E-01 -0.2491366E-01 -0.1458043E+01
   04  0.3513706E+02  0.1110773E+02 -0.1151575E-01 -0.2620621E-01 -0.1458034E+01
   04  0.3679391E+02  0.1110774E+02 -0.1205246E-01 -0.2749727E-01 -0.1458024E+01
   04  0.3845077E+02  0.1110775E+02 -0.1258178E-01 -0.2878639E-01 -0.1458013E+01
   04  0.4010762E+02  0.1110776E+02 -0.1310326E-01 -0.3007313E-01 -0.1458000E+01
   04  0.4176447E+02  0.1110778E+02 -0.1361649E-01 -0.3135708E-01 -0.1457985E+01
   04  0.4342132E+02  0.1110779E+02 -0.1412105E-01 -0.3263783E-01 -0.1457969E+01
   04  0.4507818E+02  0.1110781E+02 -0.1461655E-01 -0.3391500E-01 -0.1457950E+01
   04  0.4673503E+02  0.1110783E+02 -0.1510262E-01 -0.3518820E-01 -0.1457931E+01
   04  0.4839188E+02  0.1110785E+02 -0.1557860E-01 -0.3645707E-01 -0.1457909E+01
   04  0.5004874E+02  0.1110788E+02 -0.1604312E-01 -0.3772126E-01 -0.1457885E+01
   04  0.5170559E+02  0.1110790E+02 -0.1649627E-01 -0.3898040E-01 -0.1457859E+01
   04  0.5336244E+02  0.1110793E+02 -0.1693811E-01 -0.4023415E-01 -0.1457832E+01
   04  0.5501930E+02  0.1110796E+02 -0.1737089E-01 -0.4148231E-01 -0.1457802E+01
   04  0.5667615E+02  0.1110799E+02 -0.1779437E-01 -0.4272476E-01 -0.1457771E+01
   04  0.5833300E+02  0.1110803E+02 -0.1820835E-01 -0.4396134E-01 -0.1457739E+01
   04  0.5998985E+02  0.1110806E+02 -0.1861265E-01 -0.4519189E-01 -0.1457704E+01
   04  0.6164671E+02  0.1110810E+02 -0.1900707E-01 -0.4641625E-01 -0.1457668E+01
   04  0.6330356E+02  0.1110813E+02 -0.1939145E-01 -0.4763428E-01 -0.1457630E+01
   04  0.6496041E+02  0.1110817E+02 -0.1976554E-01 -0.4884509E-01 -0.1457590E+01
   04  0.6661727E+02  0.1110822E+02 -0.2012905E-01 -0.5004829E-01 -0.1457548E+01
   04  0.6827412E+02  0.1110826E+02 -0.2048167E-01 -0.5124398E-01 -0.1457504E+01
   04  0.6993097E+02  0.1110830E+02 -0.2082314E-01 -0.5243227E-01 -0.1457459E+01
   04  0.7158783E+02  0.1110835E+02 -0.2115321E-01 -0.5361326E-01 -0.1457411E+01
   04  0.7324468E+02  0.1110840E+02 -0.2147167E-01 -0.5478705E-01 -0.1457362E+01
   04  0.7490153E+02  0.1110845E+02 -0.2177831E-01 -0.5595374E-01 -0.1457311E+01
   04  0.7655838E+02  0.1110851E+02 -0.2207296E-01 -0.5711341E-01 -0.1457258E+01
   04  0.7821524E+02  0.1110856E+02 -0.2235545E-01 -0.5826616E-01 -0.1457203E+01
   04  0.7987209E+02  0.1110862E+02 -0.2262563E-01 -0.5941208E-01 -0.1457146E+01
   04  0.8152894E+02  0.1110868E+02 -0.2288335E-01 -0.6055125E-01 -0.1457088E+01
   04  0.8318580E+02  0.1110874E+02 -0.2312846E-01 -0.6168377E-01 -0.1457027E+01
   04  0.8484265E+02  0.1110880E+02 -0.2336483E-01 -0.6280970E-01 -0.1456965E+01
   04  0.8649950E+02  0.1110886E+02 -0.2359504E-01 -0.6392909E-01 -0.1456902E+01
   04  0.8815636E+02  0.1110893E+02 -0.2381892E-01 -0.6504200E-01 -0.1456838E+01
   04  0.8981321E+02  0.1110899E+02 -0.2403625E-01 -0.6614847E-01 -0.1456772E+01
   04  0.9147006E+02  0.1110906E+02 -0.2424688E-01 -0.6724856E-01 -0.1456705E+01
   04  0.9445240E+02  0.1110918E+02 -0.2460248E-01 -0.6921078E-01 -0.1456582E+01
   04  0.9743473E+02  0.1110931E+02 -0.2493513E-01 -0.7115276E-01 -0.1456454E+01
   04  0.1004171E+03  0.1110944E+02 -0.2524415E-01 -0.7307500E-01 -0.1456322E+01
   04  0.1033994E+03  0.1110958E+02 -0.2552900E-01 -0.7497763E-01 -0.1456186E+01
   04  0.1063817E+03  0.1110972E+02 -0.2578931E-01 -0.7686059E-01 -0.1456045E+01
   04  0.1093641E+03  0.1110986E+02 -0.2602493E-01 -0.7872413E-01 -0.1455899E+01
   04  0.1123464E+03  0.1111001E+02 -0.2623580E-01 -0.8056855E-01 -0.1455749E+01
   04  0.1153287E+03  0.1111017E+02 -0.2642204E-01 -0.8239373E-01 -0.1455594E+01
   04  0.1183111E+03  0.1111033E+02 -0.2658384E-01 -0.8419949E-01 -0.1455434E+01
   04  0.1212934E+03  0.1111049E+02 -0.2672151E-01 -0.8598581E-01 -0.1455269E+01
   04  0.1242758E+03  0.1111066E+02 -0.2683412E-01 -0.8775262E-01 -0.1455100E+01
   04  0.1272581E+03  0.1111084E+02 -0.2692236E-01 -0.8949968E-01 -0.1454926E+01
   04  0.1302404E+03  0.1111102E+02 -0.2698757E-01 -0.9122670E-01 -0.1454747E+01
   04  0.1332228E+03  0.1111120E+02 -0.2703040E-01 -0.9293347E-01 -0.1454564E+01
   04  0.1362051E+03  0.1111139E+02 -0.2705158E-01 -0.9461991E-01 -0.1454375E+01
   04  0.1391874E+03  0.1111158E+02 -0.2705182E-01 -0.9628613E-01 -0.1454182E+01
   04  0.1421698E+03  0.1111178E+02 -0.2703190E-01 -0.9793235E-01 -0.1453985E+01
   04  0.1451521E+03  0.1111198E+02 -0.2699258E-01 -0.9955893E-01 -0.1453783E+01
   04  0.1481344E+03  0.1111219E+02 -0.2693461E-01 -0.1011664E+00 -0.1453577E+01
   04  0.1511168E+03  0.1111240E+02 -0.2685847E-01 -0.1027555E+00 -0.1453366E+01
   04  0.1540991E+03  0.1111261E+02 -0.2676468E-01 -0.1043270E+00 -0.1453152E+01
   04  0.1570814E+03  0.1111283E+02 -0.2665398E-01 -0.1058818E+00 -0.1452933E+01
   04  0.1600638E+03  0.1111305E+02 -0.2652716E-01 -0.1074208E+00 -0.1452711E+01
   04  0.1630461E+03  0.1111328E+02 -0.2638510E-01 -0.1089448E+00 -0.1452485E+01
   04  0.1660284E+03  0.1111351E+02 -0.2622626E-01 -0.1104546E+00 -0.1452255E+01
   04  0.1690108E+03  0.1111374E+02 -0.2604621E-01 -0.1119529E+00 -0.1452021E+01
   04  0.1719931E+03  0.1111398E+02 -0.2584558E-01 -0.1134420E+00 -0.1451783E+01
   04  0.1749755E+03  0.1111422E+02 -0.2562504E-01 -0.1149228E+00 -0.1451541E+01
   04  0.1779578E+03  0.1111447E+02 -0.2538530E-01 -0.1163961E+00 -0.1451295E+01
   04  0.1809401E+03  0.1111472E+02 -0.2512712E-01 -0.1178627E+00 -0.1451046E+01
   04  0.1824313E+03  0.1111484E+02 -0.2499962E-01 -0.1185953E+00 -0.1450920E+01
   04  0.1839225E+03  0.1111497E+02 -0.2486759E-01 -0.1193264E+00 -0.1450794E+01
   04  0.1854136E+03  0.1111510E+02 -0.2473110E-01 -0.1200561E+00 -0.1450666E+01
   04  0.1869048E+03  0.1111523E+02 -0.2459025E-01 -0.1207845E+00 -0.1450538E+01
   04  0.1883960E+03  0.1111536E+02 -0.2444513E-01 -0.1215117E+00 -0.1450408E+01
   04  0.1898871E+03  0.1111549E+02 -0.2429582E-01 -0.1222377E+00 -0.1450278E+01
   04  0.1913783E+03  0.1111562E+02 -0.2414240E-01 -0.1229627E+00 -0.1450147E+01
   04  0.1928695E+03  0.1111575E+02 -0.2398497E-01 -0.1236867E+00 -0.1450015E+01
   04  0.1943606E+03  0.1111588E+02 -0.2382361E-01 -0.1244099E+00 -0.1449882E+01
   04  0.1958518E+03  0.1111601E+02 -0.2365841E-01 -0.1251322E+00 -0.1449749E+01
   04  0.1973430E+03  0.1111615E+02 -0.2348946E-01 -0.1258538E+00 -0.1449614E+01
   04  0.1988341E+03  0.1111628E+02 -0.2331684E-01 -0.1265746E+00 -0.1449479E+01
   04  0.2003253E+03  0.1111642E+02 -0.2314066E-01 -0.1272948E+00 -0.1449343E+01
   04  0.2018165E+03  0.1111656E+02 -0.2296100E-01 -0.1280143E+00 -0.1449206E+01
   04  0.2033076E+03  0.1111669E+02 -0.2277796E-01 -0.1287333E+00 -0.1449069E+01
   04  0.2047988E+03  0.1111683E+02 -0.2259161E-01 -0.1294516E+00 -0.1448930E+01
   04  0.2062900E+03  0.1111697E+02 -0.2240205E-01 -0.1301695E+00 -0.1448791E+01
   04  0.2077811E+03  0.1111711E+02 -0.2220935E-01 -0.1308869E+00 -0.1448651E+01
   04  0.2092723E+03  0.1111725E+02 -0.2201359E-01 -0.1316040E+00 -0.1448510E+01
   04  0.2107635E+03  0.1111739E+02 -0.2181486E-01 -0.1323206E+00 -0.1448369E+01
   04  0.2122546E+03  0.1111754E+02 -0.2161324E-01 -0.1330369E+00 -0.1448227E+01
   04  0.2137458E+03  0.1111768E+02 -0.2140876E-01 -0.1337530E+00 -0.1448084E+01
   04  0.2152370E+03  0.1111782E+02 -0.2120150E-01 -0.1344688E+00 -0.1447940E+01
   04  0.2167281E+03  0.1111797E+02 -0.2099152E-01 -0.1351845E+00 -0.1447796E+01
   04  0.2182193E+03  0.1111811E+02 -0.2077890E-01 -0.1359000E+00 -0.1447651E+01
   04  0.2197105E+03  0.1111826E+02 -0.2056373E-01 -0.1366155E+00 -0.1447505E+01
   04  0.2212017E+03  0.1111841E+02 -0.2034605E-01 -0.1373309E+00 -0.1447358E+01
   04  0.2226928E+03  0.1111855E+02 -0.2012594E-01 -0.1380463E+00 -0.1447211E+01
   04  0.2241840E+03  0.1111870E+02 -0.1990347E-01 -0.1387618E+00 -0.1447063E+01
   04  0.2256752E+03  0.1111885E+02 -0.1967869E-01 -0.1394773E+00 -0.1446915E+01
   04  0.2271663E+03  0.1111900E+02 -0.1945168E-01 -0.1401928E+00 -0.1446766E+01
   04  0.2286575E+03  0.1111915E+02 -0.1922250E-01 -0.1409084E+00 -0.1446616E+01
   04  0.2301487E+03  0.1111930E+02 -0.1899122E-01 -0.1416241E+00 -0.1446465E+01
   04  0.2316398E+03  0.1111945E+02 -0.1875790E-01 -0.1423399E+00 -0.1446314E+01
   04  0.2331310E+03  0.1111960E+02 -0.1852262E-01 -0.1430557E+00 -0.1446162E+01
   04  0.2346222E+03  0.1111975E+02 -0.1828544E-01 -0.1437716E+00 -0.1446010E+01
   04  0.2361133E+03  0.1111991E+02 -0.1804644E-01 -0.1444876E+00 -0.1445857E+01
   04  0.2376045E+03  0.1112006E+02 -0.1780568E-01 -0.1452036E+00 -0.1445703E+01
   04  0.2390957E+03  0.1112022E+02 -0.1756324E-01 -0.1459195E+00 -0.1445548E+01
   04  0.2405868E+03  0.1112037E+02 -0.1731919E-01 -0.1466351E+00 -0.1445394E+01
   04  0.2420780E+03  0.1112053E+02 -0.1707359E-01 -0.1473504E+00 -0.1445238E+01
   04  0.2435692E+03  0.1112068E+02 -0.1682653E-01 -0.1480651E+00 -0.1445082E+01
   04  0.2450603E+03  0.1112084E+02 -0.1657807E-01 -0.1487792E+00 -0.1444926E+01
   04  0.2465515E+03  0.1112099E+02 -0.1632837E-01 -0.1494924E+00 -0.1444769E+01
   04  0.2480427E+03  0.1112115E+02 -0.1607756E-01 -0.1502047E+00 -0.1444611E+01
   04  0.2495338E+03  0.1112131E+02 -0.1582573E-01 -0.1509160E+00 -0.1444453E+01
   04  0.2510250E+03  0.1112147E+02 -0.1557300E-01 -0.1516260E+00 -0.1444295E+01
   04  0.2525162E+03  0.1112163E+02 -0.1531941E-01 -0.1523347E+00 -0.1444136E+01
   04  0.2540073E+03  0.1112179E+02 -0.1506512E-01 -0.1530419E+00 -0.1443977E+01
   04  0.2554985E+03  0.1112195E+02 -0.1481026E-01 -0.1537475E+00 -0.1443817E+01
   04  0.2569897E+03  0.1112211E+02 -0.1455492E-01 -0.1544514E+00 -0.1443657E+01
   04  0.2584808E+03  0.1112227E+02 -0.1429922E-01 -0.1551533E+00 -0.1443497E+01
   04  0.2599720E+03  0.1112243E+02 -0.1404325E-01 -0.1558534E+00 -0.1443337E+01
   04  0.2614632E+03  0.1112259E+02 -0.1378713E-01 -0.1565513E+00 -0.1443176E+01
   04  0.2629543E+03  0.1112275E+02 -0.1353097E-01 -0.1572470E+00 -0.1443015E+01
   04  0.2644455E+03  0.1112291E+02 -0.1327487E-01 -0.1579403E+00 -0.1442853E+01
   04  0.2659367E+03  0.1112307E+02 -0.1301895E-01 -0.1586312E+00 -0.1442692E+01
   04  0.2674278E+03  0.1112323E+02 -0.1276330E-01 -0.1593195E+00 -0.1442530E+01
   04  0.2689190E+03  0.1112340E+02 -0.1250805E-01 -0.1600052E+00 -0.1442368E+01
   04  0.2704102E+03  0.1112356E+02 -0.1225329E-01 -0.1606879E+00 -0.1442206E+01
   04  0.2719014E+03  0.1112372E+02 -0.1199914E-01 -0.1613677E+00 -0.1442044E+01
   04  0.2733925E+03  0.1112388E+02 -0.1174570E-01 -0.1620444E+00 -0.1441882E+01
   04  0.2748837E+03  0.1112404E+02 -0.1149310E-01 -0.1627178E+00 -0.1441719E+01
   04  0.2763749E+03  0.1112421E+02 -0.1124143E-01 -0.1633878E+00 -0.1441557E+01
   04  0.2778660E+03  0.1112437E+02 -0.1099081E-01 -0.1640543E+00 -0.1441394E+01
   04  0.2793572E+03  0.1112453E+02 -0.1074135E-01 -0.1647172E+00 -0.1441232E+01
   04  0.2808484E+03  0.1112469E+02 -0.1049316E-01 -0.1653762E+00 -0.1441069E+01
   04  0.2823395E+03  0.1112486E+02 -0.1024636E-01 -0.1660313E+00 -0.1440906E+01
   04  0.2838307E+03  0.1112502E+02 -0.1000108E-01 -0.1666824E+00 -0.1440743E+01
   04  0.2853219E+03  0.1112518E+02 -0.9757444E-02 -0.1673306E+00 -0.1440581E+01
   04  0.2868130E+03  0.1112534E+02 -0.9515558E-02 -0.1679758E+00 -0.1440419E+01
   04  0.2883042E+03  0.1112551E+02 -0.9275535E-02 -0.1686176E+00 -0.1440256E+01
   04  0.2897954E+03  0.1112567E+02 -0.9037488E-02 -0.1692559E+00 -0.1440094E+01
   04  0.2912865E+03  0.1112583E+02 -0.8801531E-02 -0.1698905E+00 -0.1439932E+01
   04  0.2927777E+03  0.1112599E+02 -0.8567779E-02 -0.1705212E+00 -0.1439770E+01
   04  0.2942689E+03  0.1112615E+02 -0.8336346E-02 -0.1711479E+00 -0.1439609E+01
   04  0.2957600E+03  0.1112632E+02 -0.8107474E-02 -0.1717695E+00 -0.1439448E+01
   04  0.2972512E+03  0.1112648E+02 -0.7881322E-02 -0.1723857E+00 -0.1439287E+01
   04  0.2987424E+03  0.1112664E+02 -0.7658035E-02 -0.1729965E+00 -0.1439126E+01
   04  0.3002335E+03  0.1112680E+02 -0.7437747E-02 -0.1736017E+00 -0.1438966E+01
   04  0.3017247E+03  0.1112696E+02 -0.7220584E-02 -0.1742014E+00 -0.1438805E+01
   04  0.3032159E+03  0.1112712E+02 -0.7006667E-02 -0.1747953E+00 -0.1438646E+01
   04  0.3047070E+03  0.1112728E+02 -0.6796108E-02 -0.1753835E+00 -0.1438486E+01
   04  0.3061982E+03  0.1112744E+02 -0.6589014E-02 -0.1759659E+00 -0.1438327E+01
   04  0.3076894E+03  0.1112760E+02 -0.6385485E-02 -0.1765424E+00 -0.1438168E+01
   04  0.3091805E+03  0.1112775E+02 -0.6185618E-02 -0.1771130E+00 -0.1438010E+01
   04  0.3106717E+03  0.1112791E+02 -0.5989504E-02 -0.1776775E+00 -0.1437851E+01
   04  0.3121629E+03  0.1112807E+02 -0.5797230E-02 -0.1782359E+00 -0.1437694E+01
   04  0.3136540E+03  0.1112823E+02 -0.5608799E-02 -0.1787882E+00 -0.1437536E+01
   04  0.3151452E+03  0.1112838E+02 -0.5424271E-02 -0.1793342E+00 -0.1437379E+01
   04  0.3165017E+03  0.1112853E+02 -0.5260534E-02 -0.1798254E+00 -0.1437236E+01
   04  0.3178581E+03  0.1112867E+02 -0.5100147E-02 -0.1803113E+00 -0.1437094E+01
   04  0.3192146E+03  0.1112881E+02 -0.4943173E-02 -0.1807919E+00 -0.1436951E+01
   04  0.3205710E+03  0.1112895E+02 -0.4789672E-02 -0.1812671E+00 -0.1436809E+01
   04  0.3219275E+03  0.1112910E+02 -0.4639706E-02 -0.1817369E+00 -0.1436668E+01
   04  0.3232839E+03  0.1112924E+02 -0.4493334E-02 -0.1822011E+00 -0.1436527E+01
   04  0.3246404E+03  0.1112938E+02 -0.4350618E-02 -0.1826599E+00 -0.1436386E+01
   04  0.3259968E+03  0.1112952E+02 -0.4211618E-02 -0.1831130E+00 -0.1436245E+01
   04  0.3273533E+03  0.1112966E+02 -0.4076396E-02 -0.1835605E+00 -0.1436104E+01
   04  0.3287097E+03  0.1112980E+02 -0.3945014E-02 -0.1840023E+00 -0.1435964E+01
   04  0.3300662E+03  0.1112994E+02 -0.3817537E-02 -0.1844383E+00 -0.1435824E+01
   04  0.3314226E+03  0.1113008E+02 -0.3694030E-02 -0.1848685E+00 -0.1435685E+01
   04  0.3327791E+03  0.1113022E+02 -0.3574563E-02 -0.1852928E+00 -0.1435546E+01
   04  0.3341355E+03  0.1113036E+02 -0.3459203E-02 -0.1857112E+00 -0.1435407E+01
   04  0.3354920E+03  0.1113050E+02 -0.3348025E-02 -0.1861235E+00 -0.1435268E+01
   04  0.3368484E+03  0.1113063E+02 -0.3241102E-02 -0.1865298E+00 -0.1435130E+01
   04  0.3382049E+03  0.1113077E+02 -0.3138511E-02 -0.1869300E+00 -0.1434992E+01
   04  0.3395613E+03  0.1113091E+02 -0.3040328E-02 -0.1873240E+00 -0.1434854E+01
   04  0.3409178E+03  0.1113105E+02 -0.2946632E-02 -0.1877117E+00 -0.1434717E+01
   04  0.3422742E+03  0.1113118E+02 -0.2857506E-02 -0.1880931E+00 -0.1434580E+01
   04  0.3436307E+03  0.1113132E+02 -0.2773035E-02 -0.1884681E+00 -0.1434443E+01
   04  0.3449871E+03  0.1113146E+02 -0.2693308E-02 -0.1888367E+00 -0.1434307E+01
   04  0.3463436E+03  0.1113159E+02 -0.2618417E-02 -0.1891987E+00 -0.1434171E+01
   04  0.3477000E+03  0.1113173E+02 -0.2548457E-02 -0.1895542E+00 -0.1434036E+01
   04  0.3490565E+03  0.1113186E+02 -0.2483525E-02 -0.1899030E+00 -0.1433900E+01
   04  0.3504130E+03  0.1113200E+02 -0.2423723E-02 -0.1902452E+00 -0.1433765E+01
   04  0.3517694E+03  0.1113213E+02 -0.2369155E-02 -0.1905806E+00 -0.1433631E+01
   04  0.3531259E+03  0.1113227E+02 -0.2319930E-02 -0.1909092E+00 -0.1433497E+01
   04  0.3544823E+03  0.1113240E+02 -0.2276159E-02 -0.1912310E+00 -0.1433363E+01
   04  0.3558388E+03  0.1113253E+02 -0.2237955E-02 -0.1915458E+00 -0.1433229E+01
   04  0.3574665E+03  0.1113269E+02 -0.2198432E-02 -0.1919145E+00 -0.1433069E+01
   04  0.3590942E+03  0.1113285E+02 -0.2167301E-02 -0.1922731E+00 -0.1432910E+01
   04  0.3607220E+03  0.1113301E+02 -0.2144777E-02 -0.1926215E+00 -0.1432751E+01
   04  0.3623497E+03  0.1113317E+02 -0.2131073E-02 -0.1929582E+00 -0.1432593E+01
   04  0.3639775E+03  0.1113333E+02 -0.2126394E-02 -0.1932834E+00 -0.1432435E+01
   04  0.3656052E+03  0.1113349E+02 -0.2130960E-02 -0.1935973E+00 -0.1432278E+01
   04  0.3672329E+03  0.1113364E+02 -0.2145006E-02 -0.1939003E+00 -0.1432121E+01
   04  0.3688607E+03  0.1113380E+02 -0.2168775E-02 -0.1941924E+00 -0.1431965E+01
   04  0.3704884E+03  0.1113395E+02 -0.2202525E-02 -0.1944739E+00 -0.1431810E+01
   04  0.3721162E+03  0.1113411E+02 -0.2246525E-02 -0.1947451E+00 -0.1431655E+01
   04  0.3737439E+03  0.1113426E+02 -0.2301054E-02 -0.1950061E+00 -0.1431500E+01
   04  0.3753717E+03  0.1113442E+02 -0.2366404E-02 -0.1952572E+00 -0.1431346E+01
   04  0.3769994E+03  0.1113457E+02 -0.2442873E-02 -0.1954987E+00 -0.1431192E+01
   04  0.3786271E+03  0.1113473E+02 -0.2530775E-02 -0.1957308E+00 -0.1431038E+01
   04  0.3802549E+03  0.1113488E+02 -0.2630427E-02 -0.1959537E+00 -0.1430885E+01
   04  0.3818826E+03  0.1113503E+02 -0.2742161E-02 -0.1961677E+00 -0.1430731E+01
   04  0.3835104E+03  0.1113519E+02 -0.2866313E-02 -0.1963730E+00 -0.1430578E+01
   04  0.3851381E+03  0.1113534E+02 -0.3003231E-02 -0.1965699E+00 -0.1430426E+01
   04  0.3867658E+03  0.1113549E+02 -0.3153268E-02 -0.1967587E+00 -0.1430273E+01
   04  0.3883936E+03  0.1113564E+02 -0.3316788E-02 -0.1969396E+00 -0.1430120E+01
   04  0.3900213E+03  0.1113580E+02 -0.3494159E-02 -0.1971129E+00 -0.1429968E+01
   04  0.3916491E+03  0.1113595E+02 -0.3685760E-02 -0.1972789E+00 -0.1429815E+01
   04  0.3932768E+03  0.1113610E+02 -0.3891973E-02 -0.1974379E+00 -0.1429663E+01
   04  0.3949046E+03  0.1113625E+02 -0.4113190E-02 -0.1975901E+00 -0.1429511E+01
   04  0.3965323E+03  0.1113641E+02 -0.4349807E-02 -0.1977358E+00 -0.1429358E+01
   04  0.3981600E+03  0.1113656E+02 -0.4602212E-02 -0.1978753E+00 -0.1429205E+01
   04  0.3997878E+03  0.1113671E+02 -0.4870770E-02 -0.1980090E+00 -0.1429053E+01
   04  0.4014155E+03  0.1113686E+02 -0.5155861E-02 -0.1981371E+00 -0.1428900E+01
   04  0.4030433E+03  0.1113702E+02 -0.5457863E-02 -0.1982598E+00 -0.1428746E+01
   04  0.4046710E+03  0.1113717E+02 -0.5777154E-02 -0.1983776E+00 -0.1428593E+01
   04  0.4062987E+03  0.1113732E+02 -0.6114117E-02 -0.1984906E+00 -0.1428440E+01
   04  0.4079265E+03  0.1113748E+02 -0.6469140E-02 -0.1985992E+00 -0.1428286E+01
   04  0.4095542E+03  0.1113763E+02 -0.6842607E-02 -0.1987036E+00 -0.1428132E+01
   04  0.4111820E+03  0.1113779E+02 -0.7234888E-02 -0.1988037E+00 -0.1427977E+01
   04  0.4128097E+03  0.1113794E+02 -0.7646347E-02 -0.1988974E+00 -0.1427823E+01
   04  0.4144375E+03  0.1113810E+02 -0.8077348E-02 -0.1989848E+00 -0.1427668E+01
   04  0.4160652E+03  0.1113825E+02 -0.8528273E-02 -0.1990665E+00 -0.1427513E+01
   04  0.4176929E+03  0.1113841E+02 -0.8995546E-02 -0.1991436E+00 -0.1427358E+01
   04  0.4193207E+03  0.1113856E+02 -0.9476929E-02 -0.1992167E+00 -0.1427201E+01
   04  0.4209484E+03  0.1113872E+02 -0.9972323E-02 -0.1992866E+00 -0.1427044E+01
   04  0.4225762E+03  0.1113888E+02 -0.1048111E-01 -0.1993540E+00 -0.1426885E+01
   04  0.4242039E+03  0.1113904E+02 -0.1100353E-01 -0.1994195E+00 -0.1426725E+01
   04  0.4258316E+03  0.1113920E+02 -0.1153978E-01 -0.1994836E+00 -0.1426564E+01
   04  0.4274594E+03  0.1113936E+02 -0.1209005E-01 -0.1995468E+00 -0.1426401E+01
   04  0.4290871E+03  0.1113953E+02 -0.1265450E-01 -0.1996097E+00 -0.1426238E+01
   04  0.4307149E+03  0.1113969E+02 -0.1323324E-01 -0.1996727E+00 -0.1426072E+01
   04  0.4323426E+03  0.1113986E+02 -0.1382634E-01 -0.1997362E+00 -0.1425906E+01
   04  0.4339704E+03  0.1114003E+02 -0.1443514E-01 -0.1998007E+00 -0.1425738E+01
   04  0.4355981E+03  0.1114020E+02 -0.1506006E-01 -0.1998666E+00 -0.1425568E+01
   04  0.4372258E+03  0.1114037E+02 -0.1570134E-01 -0.1999343E+00 -0.1425398E+01
   04  0.4388536E+03  0.1114054E+02 -0.1635917E-01 -0.2000042E+00 -0.1425226E+01
   04  0.4404813E+03  0.1114071E+02 -0.1703370E-01 -0.2000766E+00 -0.1425053E+01
   04  0.4421091E+03  0.1114088E+02 -0.1772503E-01 -0.2001519E+00 -0.1424879E+01
   04  0.4437368E+03  0.1114106E+02 -0.1843323E-01 -0.2002303E+00 -0.1424703E+01
   04  0.4453645E+03  0.1114124E+02 -0.1915832E-01 -0.2003122E+00 -0.1424527E+01
   04  0.4469923E+03  0.1114141E+02 -0.1990029E-01 -0.2003976E+00 -0.1424349E+01
   04  0.4486200E+03  0.1114159E+02 -0.2065910E-01 -0.2004868E+00 -0.1424170E+01
   04  0.4502478E+03  0.1114177E+02 -0.2143467E-01 -0.2005800E+00 -0.1423990E+01
   04  0.4518755E+03  0.1114196E+02 -0.2222687E-01 -0.2006772E+00 -0.1423809E+01
   04  0.4535033E+03  0.1114214E+02 -0.2303559E-01 -0.2007787E+00 -0.1423626E+01
   04  0.4551310E+03  0.1114232E+02 -0.2386062E-01 -0.2008843E+00 -0.1423443E+01
   04  0.4567587E+03  0.1114250E+02 -0.2470179E-01 -0.2009944E+00 -0.1423259E+01
   04  0.4583865E+03  0.1114269E+02 -0.2555886E-01 -0.2011088E+00 -0.1423074E+01
   04  0.4600142E+03  0.1114288E+02 -0.2643175E-01 -0.2012276E+00 -0.1422887E+01
   04  0.4616420E+03  0.1114306E+02 -0.2732031E-01 -0.2013508E+00 -0.1422700E+01
   04  0.4632697E+03  0.1114325E+02 -0.2822444E-01 -0.2014783E+00 -0.1422513E+01
   04  0.4648974E+03  0.1114344E+02 -0.2914465E-01 -0.2016102E+00 -0.1422324E+01
   04  0.4665252E+03  0.1114363E+02 -0.3008049E-01 -0.2017464E+00 -0.1422134E+01
   04  0.4681529E+03  0.1114382E+02 -0.3103155E-01 -0.2018866E+00 -0.1421944E+01
   04  0.4697807E+03  0.1114401E+02 -0.3199740E-01 -0.2020308E+00 -0.1421754E+01
   04  0.4714084E+03  0.1114420E+02 -0.3297766E-01 -0.2021789E+00 -0.1421562E+01
   04  0.4730362E+03  0.1114439E+02 -0.3397196E-01 -0.2023306E+00 -0.1421370E+01
   04  0.4746639E+03  0.1114459E+02 -0.3497993E-01 -0.2024859E+00 -0.1421178E+01
   04  0.4762916E+03  0.1114478E+02 -0.3600124E-01 -0.2026444E+00 -0.1420984E+01
   04  0.4779194E+03  0.1114497E+02 -0.3703560E-01 -0.2028060E+00 -0.1420791E+01
   04  0.4795471E+03  0.1114517E+02 -0.3808276E-01 -0.2029705E+00 -0.1420597E+01
   04  0.4811749E+03  0.1114536E+02 -0.3914272E-01 -0.2031377E+00 -0.1420402E+01
   04  0.4828026E+03  0.1114556E+02 -0.4021521E-01 -0.2033059E+00 -0.1420208E+01
   04  0.4844303E+03  0.1114575E+02 -0.4129994E-01 -0.2034740E+00 -0.1420013E+01
   04  0.4860581E+03  0.1114595E+02 -0.4239670E-01 -0.2036419E+00 -0.1419818E+01
   04  0.4876858E+03  0.1114614E+02 -0.4350526E-01 -0.2038095E+00 -0.1419623E+01
   04  0.4893136E+03  0.1114634E+02 -0.4462547E-01 -0.2039766E+00 -0.1419428E+01
   04  0.4909413E+03  0.1114653E+02 -0.4575765E-01 -0.2041434E+00 -0.1419233E+01
   04  0.4925691E+03  0.1114673E+02 -0.4690176E-01 -0.2043098E+00 -0.1419038E+01
   04  0.4941968E+03  0.1114692E+02 -0.4805779E-01 -0.2044757E+00 -0.1418843E+01
   04  0.4958245E+03  0.1114712E+02 -0.4922575E-01 -0.2046413E+00 -0.1418648E+01
   04  0.4974523E+03  0.1114731E+02 -0.5040573E-01 -0.2048064E+00 -0.1418453E+01
   04  0.4990800E+03  0.1114750E+02 -0.5159786E-01 -0.2049712E+00 -0.1418259E+01
   04  0.5007078E+03  0.1114770E+02 -0.5280235E-01 -0.2051356E+00 -0.1418064E+01
   04  0.5023355E+03  0.1114789E+02 -0.5401944E-01 -0.2052998E+00 -0.1417870E+01
   04  0.5039632E+03  0.1114809E+02 -0.5524944E-01 -0.2054638E+00 -0.1417676E+01
   04  0.5055910E+03  0.1114828E+02 -0.5649272E-01 -0.2056276E+00 -0.1417481E+01
   04  0.5072187E+03  0.1114848E+02 -0.5774972E-01 -0.2057915E+00 -0.1417287E+01
   04  0.5088465E+03  0.1114867E+02 -0.5902091E-01 -0.2059554E+00 -0.1417093E+01
   04  0.5104742E+03  0.1114886E+02 -0.6030692E-01 -0.2061196E+00 -0.1416899E+01
   04  0.5121020E+03  0.1114906E+02 -0.6160899E-01 -0.2062842E+00 -0.1416705E+01
   04  0.5137297E+03  0.1114925E+02 -0.6292858E-01 -0.2064494E+00 -0.1416510E+01
   04  0.5153574E+03  0.1114945E+02 -0.6426663E-01 -0.2066154E+00 -0.1416316E+01
   04  0.5169852E+03  0.1114964E+02 -0.6562404E-01 -0.2067825E+00 -0.1416122E+01
   04  0.5186129E+03  0.1114984E+02 -0.6700179E-01 -0.2069510E+00 -0.1415927E+01
   04  0.5202407E+03  0.1115003E+02 -0.6840092E-01 -0.2071213E+00 -0.1415732E+01
   04  0.5218684E+03  0.1115023E+02 -0.6982255E-01 -0.2072936E+00 -0.1415536E+01
   04  0.5234961E+03  0.1115042E+02 -0.7126787E-01 -0.2074684E+00 -0.1415340E+01
   04  0.5251239E+03  0.1115062E+02 -0.7273817E-01 -0.2076460E+00 -0.1415143E+01
   04  0.5267516E+03  0.1115082E+02 -0.7423485E-01 -0.2078271E+00 -0.1414946E+01
   04  0.5283794E+03  0.1115102E+02 -0.7575940E-01 -0.2080120E+00 -0.1414747E+01
   04  0.5300071E+03  0.1115122E+02 -0.7731338E-01 -0.2082013E+00 -0.1414547E+01
   04  0.5316349E+03  0.1115142E+02 -0.7889851E-01 -0.2083957E+00 -0.1414345E+01
   04  0.5332626E+03  0.1115162E+02 -0.8051659E-01 -0.2085957E+00 -0.1414142E+01
   04  0.5348903E+03  0.1115183E+02 -0.8216956E-01 -0.2088020E+00 -0.1413937E+01
   04  0.5365181E+03  0.1115203E+02 -0.8385951E-01 -0.2090155E+00 -0.1413729E+01
   04  0.5381458E+03  0.1115224E+02 -0.8558864E-01 -0.2092368E+00 -0.1413519E+01
   04  0.5397736E+03  0.1115246E+02 -0.8735931E-01 -0.2094668E+00 -0.1413307E+01
   04  0.5414013E+03  0.1115267E+02 -0.8917398E-01 -0.2096964E+00 -0.1413092E+01
   04  0.5430290E+03  0.1115289E+02 -0.9103498E-01 -0.2099258E+00 -0.1412875E+01
   04  0.5446568E+03  0.1115311E+02 -0.9294483E-01 -0.2101578E+00 -0.1412655E+01
   04  0.5462845E+03  0.1115333E+02 -0.9490628E-01 -0.2103948E+00 -0.1412432E+01
   04  0.5479123E+03  0.1115356E+02 -0.9692229E-01 -0.2106391E+00 -0.1412205E+01
   04  0.5495400E+03  0.1115379E+02 -0.9899603E-01 -0.2108930E+00 -0.1411974E+01
   04  0.5511678E+03  0.1115403E+02 -0.1011309E+00 -0.2111587E+00 -0.1411738E+01
   04  0.5527955E+03  0.1115427E+02 -0.1033306E+00 -0.2114384E+00 -0.1411496E+01
   04  0.5544232E+03  0.1115451E+02 -0.1055989E+00 -0.2117340E+00 -0.1411249E+01
   04  0.5560510E+03  0.1115477E+02 -0.1079399E+00 -0.2120479E+00 -0.1410995E+01
   04  0.5576787E+03  0.1115503E+02 -0.1103578E+00 -0.2123821E+00 -0.1410735E+01
   04  0.5593065E+03  0.1115530E+02 -0.1128573E+00 -0.2127389E+00 -0.1410467E+01
   04  0.5609342E+03  0.1115557E+02 -0.1154430E+00 -0.2131206E+00 -0.1410191E+01
   04  0.5625619E+03  0.1115586E+02 -0.1181199E+00 -0.2135295E+00 -0.1409906E+01
   04  0.5641897E+03  0.1115615E+02 -0.1208932E+00 -0.2139682E+00 -0.1409612E+01
   04  0.5658174E+03  0.1115646E+02 -0.1237684E+00 -0.2144392E+00 -0.1409308E+01
   04  0.5674452E+03  0.1115677E+02 -0.1267510E+00 -0.2149451E+00 -0.1408993E+01
   04  0.5690729E+03  0.1115710E+02 -0.1298470E+00 -0.2154886E+00 -0.1408668E+01
   04  0.5707007E+03  0.1115743E+02 -0.1330625E+00 -0.2160726E+00 -0.1408330E+01
   04  0.5723284E+03  0.1115778E+02 -0.1364037E+00 -0.2166992E+00 -0.1407980E+01
   04  0.5739561E+03  0.1115815E+02 -0.1398771E+00 -0.2173684E+00 -0.1407616E+01
   04  0.5755839E+03  0.1115853E+02 -0.1434890E+00 -0.2180832E+00 -0.1407238E+01
   04  0.5772116E+03  0.1115892E+02 -0.1472461E+00 -0.2188464E+00 -0.1406845E+01
   04  0.5788394E+03  0.1115933E+02 -0.1511553E+00 -0.2196614E+00 -0.1406436E+01
   04  0.5804671E+03  0.1115975E+02 -0.1552234E+00 -0.2205311E+00 -0.1406010E+01
   04  0.5820948E+03  0.1116020E+02 -0.1594576E+00 -0.2214589E+00 -0.1405566E+01
   04  0.5837226E+03  0.1116066E+02 -0.1638650E+00 -0.2224481E+00 -0.1405104E+01
   04  0.5853503E+03  0.1116114E+02 -0.1684524E+00 -0.2235020E+00 -0.1404622E+01
   04  0.5869781E+03  0.1116164E+02 -0.1732268E+00 -0.2246239E+00 -0.1404121E+01
   04  0.5886058E+03  0.1116217E+02 -0.1781952E+00 -0.2258171E+00 -0.1403598E+01
   04  0.5902336E+03  0.1116271E+02 -0.1833646E+00 -0.2270847E+00 -0.1403053E+01
   04  0.5918613E+03  0.1116328E+02 -0.1887422E+00 -0.2284291E+00 -0.1402486E+01
   04  0.5934890E+03  0.1116387E+02 -0.1943347E+00 -0.2298781E+00 -0.1401898E+01
   04  0.5951168E+03  0.1116448E+02 -0.2001483E+00 -0.2314368E+00 -0.1401288E+01
   04  0.5967445E+03  0.1116511E+02 -0.2061894E+00 -0.2331000E+00 -0.1400656E+01
   04  0.5983723E+03  0.1116576E+02 -0.2124647E+00 -0.2348678E+00 -0.1400002E+01
