# gauge_id= 305 location=( -0.1241963333E+03  0.4175583333E+02 ) num_var=  4
# Stationary gauge
# level, time, q[  1  2  3], eta, aux[]
# file format ascii, time series follow in this file
   04  0.0000000E+00  0.4596900E+01  0.0000000E+00  0.0000000E+00  0.0000000E+00
   04  0.1000000E+01  0.4596900E+01 -0.2774021E-16  0.2074411E-17 -0.1460281E+01
   04  0.1015873E+01  0.4596900E+01 -0.4490502E-05 -0.3823110E-05 -0.1460281E+01
   04  0.1031746E+01  0.4596900E+01 -0.8980579E-05 -0.7645906E-05 -0.1460281E+01
   04  0.1047619E+01  0.4596900E+01 -0.1347023E-04 -0.1146839E-04 -0.1460281E+01
   04  0.1063492E+01  0.4596899E+01 -0.1795946E-04 -0.1529056E-04 -0.1460281E+01
   04  0.1079365E+01  0.4596899E+01 -0.2244826E-04 -0.1911241E-04 -0.1460282E+01
   04  0.1095238E+01  0.4596899E+01 -0.2693664E-04 -0.2293395E-04 -0.1460282E+01
   04  0.1111111E+01  0.4596899E+01 -0.3142459E-04 -0.2675518E-04 -0.1460282E+01
   04  0.1126984E+01  0.4596899E+01 -0.3591213E-04 -0.3057609E-04 -0.1460282E+01
   04  0.1142857E+01  0.4596899E+01 -0.4039924E-04 -0.3439669E-04 -0.1460282E+01
   04  0.1158730E+01  0.4596899E+01 -0.4488593E-04 -0.3821698E-04 -0.1460282E+01
   04  0.1174603E+01  0.4596899E+01 -0.4937221E-04 -0.4203695E-04 -0.1460282E+01
   04  0.1190476E+01  0.4596899E+01 -0.5385806E-04 -0.4585661E-04 -0.1460282E+01
   04  0.1206349E+01  0.4596899E+01 -0.5834350E-04 -0.4967595E-04 -0.1460282E+01
   04  0.1222222E+01  0.4596899E+01 -0.6282852E-04 -0.5349499E-04 -0.1460282E+01
   04  0.1238095E+01  0.4596899E+01 -0.6731313E-04 -0.5731371E-04 -0.1460282E+01
   04  0.1253968E+01  0.4596899E+01 -0.7179731E-04 -0.6113212E-04 -0.1460282E+01
   04  0.1269841E+01  0.4596899E+01 -0.7628109E-04 -0.6495021E-04 -0.1460282E+01
   04  0.1285714E+01  0.4596899E+01 -0.8076445E-04 -0.6876799E-04 -0.1460282E+01
   04  0.1301587E+01  0.4596899E+01 -0.8524740E-04 -0.7258547E-04 -0.1460282E+01
   04  0.1317460E+01  0.4596899E+01 -0.8972993E-04 -0.7640262E-04 -0.1460282E+01
   04  0.1333333E+01  0.4596899E+01 -0.9421205E-04 -0.8021947E-04 -0.1460282E+01
   04  0.1349206E+01  0.4596898E+01 -0.9869376E-04 -0.8403600E-04 -0.1460282E+01
   04  0.1365079E+01  0.4596898E+01 -0.1031751E-03 -0.8785222E-04 -0.1460283E+01
   04  0.1380952E+01  0.4596898E+01 -0.1076560E-03 -0.9166813E-04 -0.1460283E+01
   04  0.1396825E+01  0.4596898E+01 -0.1121364E-03 -0.9548373E-04 -0.1460283E+01
   04  0.1412698E+01  0.4596898E+01 -0.1166165E-03 -0.9929902E-04 -0.1460283E+01
   04  0.1428571E+01  0.4596898E+01 -0.1210962E-03 -0.1031140E-03 -0.1460283E+01
   04  0.1476190E+01  0.4596898E+01 -0.1345339E-03 -0.1145580E-03 -0.1460283E+01
   04  0.1523810E+01  0.4596898E+01 -0.1479680E-03 -0.1259991E-03 -0.1460283E+01
   04  0.1571429E+01  0.4596898E+01 -0.1613985E-03 -0.1374375E-03 -0.1460283E+01
   04  0.1619048E+01  0.4596898E+01 -0.1748253E-03 -0.1488731E-03 -0.1460283E+01
   04  0.1666667E+01  0.4596897E+01 -0.1882486E-03 -0.1603059E-03 -0.1460284E+01
   04  0.1714286E+01  0.4596897E+01 -0.2016683E-03 -0.1717359E-03 -0.1460284E+01
   04  0.1761905E+01  0.4596897E+01 -0.2150844E-03 -0.1831631E-03 -0.1460284E+01
   04  0.1809524E+01  0.4596897E+01 -0.2284970E-03 -0.1945875E-03 -0.1460284E+01
   04  0.1857143E+01  0.4596897E+01 -0.2419062E-03 -0.2060091E-03 -0.1460284E+01
   04  0.1904762E+01  0.4596897E+01 -0.2553118E-03 -0.2174280E-03 -0.1460284E+01
   04  0.1952381E+01  0.4596896E+01 -0.2687139E-03 -0.2288441E-03 -0.1460285E+01
   04  0.2000000E+01  0.4596896E+01 -0.2821126E-03 -0.2402574E-03 -0.1460285E+01
   04  0.5727919E+01  0.4596885E+01 -0.1329634E-02 -0.1133380E-02 -0.1460296E+01
   04  0.9455838E+01  0.4596877E+01 -0.2358273E-02 -0.2010130E-02 -0.1460304E+01
   04  0.1318376E+02  0.4596871E+01 -0.3374747E-02 -0.2871570E-02 -0.1460310E+01
   04  0.1691168E+02  0.4596866E+01 -0.4383618E-02 -0.3718619E-02 -0.1460315E+01
   04  0.2063960E+02  0.4596863E+01 -0.5387880E-02 -0.4552063E-02 -0.1460318E+01
   04  0.2436752E+02  0.4596862E+01 -0.6389290E-02 -0.5372568E-02 -0.1460319E+01
   04  0.2809543E+02  0.4596861E+01 -0.7388579E-02 -0.6180695E-02 -0.1460320E+01
   04  0.2995939E+02  0.4596861E+01 -0.7889159E-02 -0.6578356E-02 -0.1460320E+01
   04  0.3182335E+02  0.4596861E+01 -0.8389315E-02 -0.6973175E-02 -0.1460320E+01
   04  0.3348021E+02  0.4596862E+01 -0.8833591E-02 -0.7321589E-02 -0.1460319E+01
   04  0.3513706E+02  0.4596863E+01 -0.9277229E-02 -0.7667826E-02 -0.1460318E+01
   04  0.3679391E+02  0.4596864E+01 -0.9720048E-02 -0.8011911E-02 -0.1460317E+01
   04  0.3845077E+02  0.4596866E+01 -0.1016174E-01 -0.8353868E-02 -0.1460315E+01
   04  0.4010762E+02  0.4596868E+01 -0.1060183E-01 -0.8693722E-02 -0.1460313E+01
   04  0.4176447E+02  0.4596871E+01 -0.1103988E-01 -0.9031496E-02 -0.1460310E+01
   04  0.4342132E+02  0.4596874E+01 -0.1147543E-01 -0.9367216E-02 -0.1460307E+01
   04  0.4507818E+02  0.4596878E+01 -0.1190808E-01 -0.9700907E-02 -0.1460303E+01
   04  0.4673503E+02  0.4596882E+01 -0.1233744E-01 -0.1003260E-01 -0.1460299E+01
   04  0.4839188E+02  0.4596887E+01 -0.1276313E-01 -0.1036231E-01 -0.1460293E+01
   04  0.5004874E+02  0.4596894E+01 -0.1318485E-01 -0.1069006E-01 -0.1460287E+01
   04  0.5170559E+02  0.4596901E+01 -0.1360228E-01 -0.1101590E-01 -0.1460280E+01
   04  0.5336244E+02  0.4596908E+01 -0.1401515E-01 -0.1133983E-01 -0.1460273E+01
   04  0.5501930E+02  0.4596918E+01 -0.1441839E-01 -0.1166193E-01 -0.1460263E+01
   04  0.5667615E+02  0.4596929E+01 -0.1481018E-01 -0.1198228E-01 -0.1460252E+01
   04  0.5833300E+02  0.4596941E+01 -0.1519039E-01 -0.1230089E-01 -0.1460240E+01
   04  0.5998985E+02  0.4596956E+01 -0.1555916E-01 -0.1261779E-01 -0.1460225E+01
   04  0.6164671E+02  0.4596972E+01 -0.1591660E-01 -0.1293299E-01 -0.1460209E+01
   04  0.6330356E+02  0.4596989E+01 -0.1626280E-01 -0.1324651E-01 -0.1460191E+01
   04  0.6496041E+02  0.4597009E+01 -0.1659788E-01 -0.1355836E-01 -0.1460172E+01
   04  0.6661727E+02  0.4597030E+01 -0.1692194E-01 -0.1386855E-01 -0.1460151E+01
   04  0.6827412E+02  0.4597053E+01 -0.1723508E-01 -0.1417710E-01 -0.1460128E+01
   04  0.6993097E+02  0.4597078E+01 -0.1753738E-01 -0.1448401E-01 -0.1460103E+01
   04  0.7158783E+02  0.4597104E+01 -0.1782893E-01 -0.1478929E-01 -0.1460077E+01
   04  0.7324468E+02  0.4597133E+01 -0.1810982E-01 -0.1509296E-01 -0.1460048E+01
   04  0.7490153E+02  0.4597162E+01 -0.1838014E-01 -0.1539502E-01 -0.1460019E+01
   04  0.7655838E+02  0.4597194E+01 -0.1863995E-01 -0.1569547E-01 -0.1459987E+01
   04  0.7821524E+02  0.4597228E+01 -0.1888935E-01 -0.1599432E-01 -0.1459953E+01
   04  0.7987209E+02  0.4597263E+01 -0.1912840E-01 -0.1629156E-01 -0.1459918E+01
   04  0.8152894E+02  0.4597300E+01 -0.1935719E-01 -0.1658718E-01 -0.1459881E+01
   04  0.8318580E+02  0.4597338E+01 -0.1957580E-01 -0.1688118E-01 -0.1459843E+01
   04  0.8484265E+02  0.4597379E+01 -0.1978428E-01 -0.1717355E-01 -0.1459802E+01
   04  0.8649950E+02  0.4597421E+01 -0.1998272E-01 -0.1746470E-01 -0.1459760E+01
   04  0.8815636E+02  0.4597465E+01 -0.2017117E-01 -0.1775608E-01 -0.1459716E+01
   04  0.8981321E+02  0.4597510E+01 -0.2034967E-01 -0.1804767E-01 -0.1459671E+01
   04  0.9147006E+02  0.4597557E+01 -0.2051824E-01 -0.1833942E-01 -0.1459624E+01
   04  0.9445240E+02  0.4597645E+01 -0.2079884E-01 -0.1886768E-01 -0.1459536E+01
   04  0.9743473E+02  0.4597737E+01 -0.2105730E-01 -0.1939635E-01 -0.1459444E+01
   04  0.1004171E+03  0.4597834E+01 -0.2129342E-01 -0.1992569E-01 -0.1459347E+01
   04  0.1033994E+03  0.4597934E+01 -0.2150707E-01 -0.2045593E-01 -0.1459247E+01
   04  0.1063817E+03  0.4598039E+01 -0.2169818E-01 -0.2098727E-01 -0.1459142E+01
   04  0.1093641E+03  0.4598148E+01 -0.2186665E-01 -0.2151991E-01 -0.1459033E+01
   04  0.1123464E+03  0.4598262E+01 -0.2201249E-01 -0.2205400E-01 -0.1458919E+01
   04  0.1153287E+03  0.4598380E+01 -0.2213575E-01 -0.2258968E-01 -0.1458801E+01
   04  0.1183111E+03  0.4598503E+01 -0.2223650E-01 -0.2312705E-01 -0.1458678E+01
   04  0.1212934E+03  0.4598631E+01 -0.2231473E-01 -0.2366617E-01 -0.1458550E+01
   04  0.1242758E+03  0.4598763E+01 -0.2237823E-01 -0.2420722E-01 -0.1458418E+01
   04  0.1272581E+03  0.4598899E+01 -0.2243041E-01 -0.2475024E-01 -0.1458282E+01
   04  0.1302404E+03  0.4599038E+01 -0.2247090E-01 -0.2529516E-01 -0.1458143E+01
   04  0.1332228E+03  0.4599181E+01 -0.2249925E-01 -0.2584192E-01 -0.1458000E+01
   04  0.1362051E+03  0.4599327E+01 -0.2251502E-01 -0.2639045E-01 -0.1457853E+01
   04  0.1391874E+03  0.4599478E+01 -0.2251771E-01 -0.2694073E-01 -0.1457703E+01
   04  0.1421698E+03  0.4599633E+01 -0.2250654E-01 -0.2749268E-01 -0.1457548E+01
   04  0.1451521E+03  0.4599792E+01 -0.2247892E-01 -0.2804624E-01 -0.1457389E+01
   04  0.1481344E+03  0.4599956E+01 -0.2243447E-01 -0.2860118E-01 -0.1457225E+01
   04  0.1511168E+03  0.4600125E+01 -0.2237285E-01 -0.2915730E-01 -0.1457056E+01
   04  0.1540991E+03  0.4600299E+01 -0.2229379E-01 -0.2971438E-01 -0.1456882E+01
   04  0.1570814E+03  0.4600477E+01 -0.2219705E-01 -0.3027222E-01 -0.1456704E+01
   04  0.1600638E+03  0.4600661E+01 -0.2208247E-01 -0.3083061E-01 -0.1456520E+01
   04  0.1630461E+03  0.4600849E+01 -0.2194995E-01 -0.3138936E-01 -0.1456332E+01
   04  0.1660284E+03  0.4601043E+01 -0.2179971E-01 -0.3194595E-01 -0.1456138E+01
   04  0.1690108E+03  0.4601243E+01 -0.2162891E-01 -0.3249946E-01 -0.1455938E+01
   04  0.1719931E+03  0.4601448E+01 -0.2143744E-01 -0.3304929E-01 -0.1455733E+01
   04  0.1749755E+03  0.4601659E+01 -0.2122545E-01 -0.3359490E-01 -0.1455522E+01
   04  0.1779578E+03  0.4601876E+01 -0.2099321E-01 -0.3413584E-01 -0.1455305E+01
   04  0.1809401E+03  0.4602099E+01 -0.2074107E-01 -0.3467170E-01 -0.1455082E+01
   04  0.1824313E+03  0.4602212E+01 -0.2061288E-01 -0.3493377E-01 -0.1454969E+01
   04  0.1839225E+03  0.4602327E+01 -0.2047987E-01 -0.3519445E-01 -0.1454854E+01
   04  0.1854136E+03  0.4602443E+01 -0.2034212E-01 -0.3545369E-01 -0.1454738E+01
   04  0.1869048E+03  0.4602561E+01 -0.2019970E-01 -0.3571146E-01 -0.1454620E+01
   04  0.1883960E+03  0.4602680E+01 -0.2005270E-01 -0.3596773E-01 -0.1454501E+01
   04  0.1898871E+03  0.4602800E+01 -0.1990124E-01 -0.3622245E-01 -0.1454381E+01
   04  0.1913783E+03  0.4602922E+01 -0.1974539E-01 -0.3647561E-01 -0.1454259E+01
   04  0.1928695E+03  0.4603045E+01 -0.1958527E-01 -0.3672717E-01 -0.1454136E+01
   04  0.1943606E+03  0.4603169E+01 -0.1942098E-01 -0.3697708E-01 -0.1454012E+01
   04  0.1958518E+03  0.4603294E+01 -0.1925262E-01 -0.3722528E-01 -0.1453887E+01
   04  0.1973430E+03  0.4603421E+01 -0.1908029E-01 -0.3747174E-01 -0.1453760E+01
   04  0.1988341E+03  0.4603549E+01 -0.1890410E-01 -0.3771645E-01 -0.1453632E+01
   04  0.2003253E+03  0.4603678E+01 -0.1872417E-01 -0.3795939E-01 -0.1453503E+01
   04  0.2018165E+03  0.4603808E+01 -0.1854060E-01 -0.3820057E-01 -0.1453373E+01
   04  0.2033076E+03  0.4603940E+01 -0.1835349E-01 -0.3843996E-01 -0.1453241E+01
   04  0.2047988E+03  0.4604072E+01 -0.1816294E-01 -0.3867756E-01 -0.1453109E+01
   04  0.2062900E+03  0.4604206E+01 -0.1796906E-01 -0.3891336E-01 -0.1452975E+01
   04  0.2077811E+03  0.4604341E+01 -0.1777192E-01 -0.3914736E-01 -0.1452840E+01
   04  0.2092723E+03  0.4604477E+01 -0.1757163E-01 -0.3937956E-01 -0.1452704E+01
   04  0.2107635E+03  0.4604613E+01 -0.1736827E-01 -0.3960996E-01 -0.1452567E+01
   04  0.2122546E+03  0.4604752E+01 -0.1716193E-01 -0.3983865E-01 -0.1452429E+01
   04  0.2137458E+03  0.4604891E+01 -0.1695272E-01 -0.4006557E-01 -0.1452290E+01
   04  0.2152370E+03  0.4605031E+01 -0.1674075E-01 -0.4029073E-01 -0.1452150E+01
   04  0.2167281E+03  0.4605172E+01 -0.1652610E-01 -0.4051414E-01 -0.1452009E+01
   04  0.2182193E+03  0.4605314E+01 -0.1630884E-01 -0.4073582E-01 -0.1451867E+01
   04  0.2197105E+03  0.4605457E+01 -0.1608903E-01 -0.4095581E-01 -0.1451724E+01
   04  0.2212017E+03  0.4605601E+01 -0.1586674E-01 -0.4117411E-01 -0.1451580E+01
   04  0.2226928E+03  0.4605745E+01 -0.1564204E-01 -0.4139074E-01 -0.1451435E+01
   04  0.2241840E+03  0.4605891E+01 -0.1541502E-01 -0.4160571E-01 -0.1451290E+01
   04  0.2256752E+03  0.4606038E+01 -0.1518576E-01 -0.4181904E-01 -0.1451143E+01
   04  0.2271663E+03  0.4606186E+01 -0.1495432E-01 -0.4203077E-01 -0.1450995E+01
   04  0.2286575E+03  0.4606334E+01 -0.1472078E-01 -0.4224091E-01 -0.1450847E+01
   04  0.2301487E+03  0.4606484E+01 -0.1448521E-01 -0.4244949E-01 -0.1450697E+01
   04  0.2316398E+03  0.4606634E+01 -0.1424767E-01 -0.4265652E-01 -0.1450547E+01
   04  0.2331310E+03  0.4606785E+01 -0.1400824E-01 -0.4286204E-01 -0.1450396E+01
   04  0.2346222E+03  0.4606937E+01 -0.1376697E-01 -0.4306608E-01 -0.1450244E+01
   04  0.2361133E+03  0.4607090E+01 -0.1352393E-01 -0.4326865E-01 -0.1450091E+01
   04  0.2376045E+03  0.4607244E+01 -0.1327918E-01 -0.4346980E-01 -0.1449937E+01
   04  0.2390957E+03  0.4607398E+01 -0.1303278E-01 -0.4366954E-01 -0.1449783E+01
   04  0.2405868E+03  0.4607554E+01 -0.1278477E-01 -0.4386790E-01 -0.1449627E+01
   04  0.2420780E+03  0.4607710E+01 -0.1253522E-01 -0.4406491E-01 -0.1449471E+01
   04  0.2435692E+03  0.4607867E+01 -0.1228417E-01 -0.4426061E-01 -0.1449314E+01
   04  0.2450603E+03  0.4608024E+01 -0.1203167E-01 -0.4445502E-01 -0.1449157E+01
   04  0.2465515E+03  0.4608182E+01 -0.1177778E-01 -0.4464816E-01 -0.1448999E+01
   04  0.2480427E+03  0.4608341E+01 -0.1152255E-01 -0.4484007E-01 -0.1448839E+01
   04  0.2495338E+03  0.4608501E+01 -0.1126601E-01 -0.4503078E-01 -0.1448680E+01
   04  0.2510250E+03  0.4608662E+01 -0.1100821E-01 -0.4522031E-01 -0.1448519E+01
   04  0.2525162E+03  0.4608823E+01 -0.1074908E-01 -0.4540869E-01 -0.1448358E+01
   04  0.2540073E+03  0.4608985E+01 -0.1048864E-01 -0.4559595E-01 -0.1448196E+01
   04  0.2554985E+03  0.4609148E+01 -0.1022694E-01 -0.4578211E-01 -0.1448033E+01
   04  0.2569897E+03  0.4609311E+01 -0.9964065E-02 -0.4596721E-01 -0.1447870E+01
   04  0.2584808E+03  0.4609475E+01 -0.9700061E-02 -0.4615126E-01 -0.1447706E+01
   04  0.2599720E+03  0.4609640E+01 -0.9434994E-02 -0.4633430E-01 -0.1447541E+01
   04  0.2614632E+03  0.4609806E+01 -0.9168926E-02 -0.4651634E-01 -0.1447375E+01
   04  0.2629543E+03  0.4609972E+01 -0.8901915E-02 -0.4669740E-01 -0.1447209E+01
   04  0.2644455E+03  0.4610139E+01 -0.8634025E-02 -0.4687750E-01 -0.1447042E+01
   04  0.2659367E+03  0.4610306E+01 -0.8365314E-02 -0.4705665E-01 -0.1446875E+01
   04  0.2674278E+03  0.4610474E+01 -0.8095842E-02 -0.4723489E-01 -0.1446707E+01
   04  0.2689190E+03  0.4610643E+01 -0.7825667E-02 -0.4741222E-01 -0.1446538E+01
   04  0.2704102E+03  0.4610812E+01 -0.7554847E-02 -0.4758866E-01 -0.1446368E+01
   04  0.2719014E+03  0.4610983E+01 -0.7283465E-02 -0.4776424E-01 -0.1446198E+01
   04  0.2733925E+03  0.4611153E+01 -0.7011582E-02 -0.4793896E-01 -0.1446028E+01
   04  0.2748837E+03  0.4611324E+01 -0.6739256E-02 -0.4811284E-01 -0.1445856E+01
   04  0.2763749E+03  0.4611496E+01 -0.6466547E-02 -0.4828590E-01 -0.1445685E+01
   04  0.2778660E+03  0.4611669E+01 -0.6193512E-02 -0.4845816E-01 -0.1445512E+01
   04  0.2793572E+03  0.4611842E+01 -0.5920207E-02 -0.4862964E-01 -0.1445339E+01
   04  0.2808484E+03  0.4612016E+01 -0.5646689E-02 -0.4880034E-01 -0.1445165E+01
   04  0.2823395E+03  0.4612190E+01 -0.5373013E-02 -0.4897028E-01 -0.1444991E+01
   04  0.2838307E+03  0.4612365E+01 -0.5099234E-02 -0.4913949E-01 -0.1444816E+01
   04  0.2853219E+03  0.4612540E+01 -0.4825396E-02 -0.4930798E-01 -0.1444641E+01
   04  0.2868130E+03  0.4612716E+01 -0.4551545E-02 -0.4947577E-01 -0.1444465E+01
   04  0.2883042E+03  0.4612893E+01 -0.4277731E-02 -0.4964287E-01 -0.1444288E+01
   04  0.2897954E+03  0.4613070E+01 -0.4004003E-02 -0.4980930E-01 -0.1444111E+01
   04  0.2912865E+03  0.4613247E+01 -0.3730409E-02 -0.4997507E-01 -0.1443933E+01
   04  0.2927777E+03  0.4613426E+01 -0.3457000E-02 -0.5014021E-01 -0.1443755E+01
   04  0.2942689E+03  0.4613605E+01 -0.3183827E-02 -0.5030474E-01 -0.1443576E+01
   04  0.2957600E+03  0.4613784E+01 -0.2910940E-02 -0.5046866E-01 -0.1443397E+01
   04  0.2972512E+03  0.4613964E+01 -0.2638429E-02 -0.5063199E-01 -0.1443217E+01
   04  0.2987424E+03  0.4614145E+01 -0.2366384E-02 -0.5079476E-01 -0.1443036E+01
   04  0.3002335E+03  0.4614326E+01 -0.2094893E-02 -0.5095698E-01 -0.1442855E+01
   04  0.3017247E+03  0.4614507E+01 -0.1824040E-02 -0.5111867E-01 -0.1442674E+01
   04  0.3032159E+03  0.4614689E+01 -0.1553908E-02 -0.5127984E-01 -0.1442491E+01
   04  0.3047070E+03  0.4614872E+01 -0.1284577E-02 -0.5144050E-01 -0.1442309E+01
   04  0.3061982E+03  0.4615056E+01 -0.1016127E-02 -0.5160069E-01 -0.1442125E+01
   04  0.3076894E+03  0.4615239E+01 -0.7486326E-03 -0.5176039E-01 -0.1441941E+01
   04  0.3091805E+03  0.4615424E+01 -0.4821713E-03 -0.5191965E-01 -0.1441757E+01
   04  0.3106717E+03  0.4615609E+01 -0.2168176E-03 -0.5207846E-01 -0.1441572E+01
   04  0.3121629E+03  0.4615795E+01  0.4735457E-04 -0.5223684E-01 -0.1441386E+01
   04  0.3136540E+03  0.4615981E+01  0.3102169E-03 -0.5239476E-01 -0.1441200E+01
   04  0.3151452E+03  0.4616167E+01  0.5716749E-03 -0.5255228E-01 -0.1441014E+01
   04  0.3165017E+03  0.4616338E+01  0.8075524E-03 -0.5269469E-01 -0.1440843E+01
   04  0.3178581E+03  0.4616508E+01  0.1042118E-02 -0.5283680E-01 -0.1440673E+01
   04  0.3192146E+03  0.4616680E+01  0.1275310E-02 -0.5297860E-01 -0.1440501E+01
   04  0.3205710E+03  0.4616851E+01  0.1507067E-02 -0.5312010E-01 -0.1440330E+01
   04  0.3219275E+03  0.4617024E+01  0.1737324E-02 -0.5326131E-01 -0.1440157E+01
   04  0.3232839E+03  0.4617196E+01  0.1966021E-02 -0.5340224E-01 -0.1439985E+01
   04  0.3246404E+03  0.4617369E+01  0.2193092E-02 -0.5354289E-01 -0.1439812E+01
   04  0.3259968E+03  0.4617543E+01  0.2418475E-02 -0.5368327E-01 -0.1439638E+01
   04  0.3273533E+03  0.4617717E+01  0.2642105E-02 -0.5382337E-01 -0.1439464E+01
   04  0.3287097E+03  0.4617892E+01  0.2863917E-02 -0.5396321E-01 -0.1439289E+01
   04  0.3300662E+03  0.4618067E+01  0.3083846E-02 -0.5410277E-01 -0.1439114E+01
   04  0.3314226E+03  0.4618242E+01  0.3301828E-02 -0.5424207E-01 -0.1438938E+01
   04  0.3327791E+03  0.4618419E+01  0.3517796E-02 -0.5438110E-01 -0.1438762E+01
   04  0.3341355E+03  0.4618595E+01  0.3731684E-02 -0.5451987E-01 -0.1438586E+01
   04  0.3354920E+03  0.4618772E+01  0.3943427E-02 -0.5465836E-01 -0.1438409E+01
   04  0.3368484E+03  0.4618950E+01  0.4152959E-02 -0.5479659E-01 -0.1438231E+01
   04  0.3382049E+03  0.4619128E+01  0.4360214E-02 -0.5493453E-01 -0.1438053E+01
   04  0.3395613E+03  0.4619307E+01  0.4565125E-02 -0.5507221E-01 -0.1437874E+01
   04  0.3409178E+03  0.4619486E+01  0.4767627E-02 -0.5520959E-01 -0.1437695E+01
   04  0.3422742E+03  0.4619665E+01  0.4967655E-02 -0.5534669E-01 -0.1437516E+01
   04  0.3436307E+03  0.4619846E+01  0.5165142E-02 -0.5548350E-01 -0.1437335E+01
   04  0.3449871E+03  0.4620026E+01  0.5360023E-02 -0.5562001E-01 -0.1437155E+01
   04  0.3463436E+03  0.4620207E+01  0.5552235E-02 -0.5575621E-01 -0.1436974E+01
   04  0.3477000E+03  0.4620389E+01  0.5741714E-02 -0.5589209E-01 -0.1436792E+01
   04  0.3490565E+03  0.4620571E+01  0.5928395E-02 -0.5602766E-01 -0.1436610E+01
   04  0.3504130E+03  0.4620754E+01  0.6112215E-02 -0.5616289E-01 -0.1436427E+01
   04  0.3517694E+03  0.4620937E+01  0.6293110E-02 -0.5629779E-01 -0.1436244E+01
   04  0.3531259E+03  0.4621121E+01  0.6471018E-02 -0.5643234E-01 -0.1436060E+01
   04  0.3544823E+03  0.4621305E+01  0.6645878E-02 -0.5656654E-01 -0.1435876E+01
   04  0.3558388E+03  0.4621490E+01  0.6817628E-02 -0.5670038E-01 -0.1435691E+01
   04  0.3574665E+03  0.4621712E+01  0.7021371E-02 -0.5686186E-01 -0.1435469E+01
   04  0.3590942E+03  0.4621935E+01  0.7220500E-02 -0.5702277E-01 -0.1435246E+01
   04  0.3607220E+03  0.4622159E+01  0.7414905E-02 -0.5718311E-01 -0.1435022E+01
   04  0.3623497E+03  0.4622383E+01  0.7604480E-02 -0.5734284E-01 -0.1434798E+01
   04  0.3639775E+03  0.4622608E+01  0.7789121E-02 -0.5750196E-01 -0.1434573E+01
   04  0.3656052E+03  0.4622834E+01  0.7968725E-02 -0.5766046E-01 -0.1434347E+01
   04  0.3672329E+03  0.4623060E+01  0.8143192E-02 -0.5781832E-01 -0.1434120E+01
   04  0.3688607E+03  0.4623288E+01  0.8312424E-02 -0.5797553E-01 -0.1433893E+01
   04  0.3704884E+03  0.4623515E+01  0.8476325E-02 -0.5813209E-01 -0.1433666E+01
   04  0.3721162E+03  0.4623744E+01  0.8634801E-02 -0.5828799E-01 -0.1433437E+01
   04  0.3737439E+03  0.4623973E+01  0.8787763E-02 -0.5844322E-01 -0.1433208E+01
   04  0.3753717E+03  0.4624202E+01  0.8935122E-02 -0.5859778E-01 -0.1432979E+01
   04  0.3769994E+03  0.4624433E+01  0.9076796E-02 -0.5875167E-01 -0.1432748E+01
   04  0.3786271E+03  0.4624663E+01  0.9212702E-02 -0.5890491E-01 -0.1432518E+01
   04  0.3802549E+03  0.4624895E+01  0.9342764E-02 -0.5905749E-01 -0.1432286E+01
   04  0.3818826E+03  0.4625126E+01  0.9466908E-02 -0.5920943E-01 -0.1432054E+01
   04  0.3835104E+03  0.4625359E+01  0.9585064E-02 -0.5936074E-01 -0.1431822E+01
   04  0.3851381E+03  0.4625592E+01  0.9697168E-02 -0.5951144E-01 -0.1431589E+01
   04  0.3867658E+03  0.4625825E+01  0.9803156E-02 -0.5966156E-01 -0.1431356E+01
   04  0.3883936E+03  0.4626059E+01  0.9902973E-02 -0.5981112E-01 -0.1431122E+01
   04  0.3900213E+03  0.4626293E+01  0.9996565E-02 -0.5996015E-01 -0.1430888E+01
   04  0.3916491E+03  0.4626528E+01  0.1008388E-01 -0.6010869E-01 -0.1430653E+01
   04  0.3932768E+03  0.4626763E+01  0.1016488E-01 -0.6025679E-01 -0.1430418E+01
   04  0.3949046E+03  0.4626998E+01  0.1023952E-01 -0.6040447E-01 -0.1430183E+01
   04  0.3965323E+03  0.4627234E+01  0.1030776E-01 -0.6055179E-01 -0.1429947E+01
   04  0.3981600E+03  0.4627470E+01  0.1036956E-01 -0.6069881E-01 -0.1429711E+01
   04  0.3997878E+03  0.4627706E+01  0.1042491E-01 -0.6084558E-01 -0.1429475E+01
   04  0.4014155E+03  0.4627943E+01  0.1047376E-01 -0.6099216E-01 -0.1429238E+01
   04  0.4030433E+03  0.4628180E+01  0.1051609E-01 -0.6113862E-01 -0.1429001E+01
   04  0.4046710E+03  0.4628417E+01  0.1055189E-01 -0.6128503E-01 -0.1428764E+01
   04  0.4062987E+03  0.4628655E+01  0.1058111E-01 -0.6143146E-01 -0.1428526E+01
   04  0.4079265E+03  0.4628892E+01  0.1060375E-01 -0.6157798E-01 -0.1428289E+01
   04  0.4095542E+03  0.4629130E+01  0.1061975E-01 -0.6172468E-01 -0.1428051E+01
   04  0.4111820E+03  0.4629368E+01  0.1062908E-01 -0.6187164E-01 -0.1427813E+01
   04  0.4128097E+03  0.4629607E+01  0.1063169E-01 -0.6201893E-01 -0.1427574E+01
   04  0.4144375E+03  0.4629845E+01  0.1062755E-01 -0.6216665E-01 -0.1427336E+01
   04  0.4160652E+03  0.4630084E+01  0.1061643E-01 -0.6231487E-01 -0.1427097E+01
   04  0.4176929E+03  0.4630323E+01  0.1059702E-01 -0.6246367E-01 -0.1426858E+01
   04  0.4193207E+03  0.4630561E+01  0.1056928E-01 -0.6261316E-01 -0.1426620E+01
   04  0.4209484E+03  0.4630800E+01  0.1053287E-01 -0.6276346E-01 -0.1426381E+01
   04  0.4225762E+03  0.4631039E+01  0.1048725E-01 -0.6291469E-01 -0.1426142E+01
   04  0.4242039E+03  0.4631278E+01  0.1043250E-01 -0.6306696E-01 -0.1425903E+01
   04  0.4258316E+03  0.4631517E+01  0.1036866E-01 -0.6322040E-01 -0.1425664E+01
   04  0.4274594E+03  0.4631756E+01  0.1029580E-01 -0.6337510E-01 -0.1425425E+01
   04  0.4290871E+03  0.4631996E+01  0.1021393E-01 -0.6353120E-01 -0.1425185E+01
   04  0.4307149E+03  0.4632235E+01  0.1012307E-01 -0.6368880E-01 -0.1424946E+01
   04  0.4323426E+03  0.4632475E+01  0.1002321E-01 -0.6384802E-01 -0.1424706E+01
   04  0.4339704E+03  0.4632716E+01  0.9914311E-02 -0.6400898E-01 -0.1424465E+01
   04  0.4355981E+03  0.4632956E+01  0.9796337E-02 -0.6417180E-01 -0.1424224E+01
   04  0.4372258E+03  0.4633198E+01  0.9669217E-02 -0.6433661E-01 -0.1423983E+01
   04  0.4388536E+03  0.4633439E+01  0.9532858E-02 -0.6450351E-01 -0.1423742E+01
   04  0.4404813E+03  0.4633681E+01  0.9387146E-02 -0.6467263E-01 -0.1423500E+01
   04  0.4421091E+03  0.4633924E+01  0.9231939E-02 -0.6484408E-01 -0.1423257E+01
   04  0.4437368E+03  0.4634167E+01  0.9067071E-02 -0.6501797E-01 -0.1423014E+01
   04  0.4453645E+03  0.4634411E+01  0.8892349E-02 -0.6519441E-01 -0.1422770E+01
   04  0.4469923E+03  0.4634656E+01  0.8707552E-02 -0.6537350E-01 -0.1422525E+01
   04  0.4486200E+03  0.4634901E+01  0.8512426E-02 -0.6555530E-01 -0.1422280E+01
   04  0.4502478E+03  0.4635147E+01  0.8306688E-02 -0.6573987E-01 -0.1422034E+01
   04  0.4518755E+03  0.4635394E+01  0.8090023E-02 -0.6592724E-01 -0.1421787E+01
   04  0.4535033E+03  0.4635642E+01  0.7862080E-02 -0.6611746E-01 -0.1421539E+01
   04  0.4551310E+03  0.4635891E+01  0.7622471E-02 -0.6631059E-01 -0.1421290E+01
   04  0.4567587E+03  0.4636141E+01  0.7370770E-02 -0.6650667E-01 -0.1421040E+01
   04  0.4583865E+03  0.4636392E+01  0.7106513E-02 -0.6670578E-01 -0.1420788E+01
   04  0.4600142E+03  0.4636645E+01  0.6829191E-02 -0.6690797E-01 -0.1420536E+01
   04  0.4616420E+03  0.4636899E+01  0.6538257E-02 -0.6711330E-01 -0.1420282E+01
   04  0.4632697E+03  0.4637154E+01  0.6233117E-02 -0.6732181E-01 -0.1420027E+01
   04  0.4648974E+03  0.4637411E+01  0.5912917E-02 -0.6753300E-01 -0.1419770E+01
   04  0.4665252E+03  0.4637669E+01  0.5576775E-02 -0.6774753E-01 -0.1419512E+01
   04  0.4681529E+03  0.4637929E+01  0.5222228E-02 -0.6796540E-01 -0.1419252E+01
   04  0.4697807E+03  0.4638191E+01  0.4850996E-02 -0.6818664E-01 -0.1418990E+01
   04  0.4714084E+03  0.4638455E+01  0.4462390E-02 -0.6841120E-01 -0.1418726E+01
   04  0.4730362E+03  0.4638721E+01  0.4055665E-02 -0.6863902E-01 -0.1418460E+01
   04  0.4746639E+03  0.4638990E+01  0.3630025E-02 -0.6887007E-01 -0.1418191E+01
   04  0.4762916E+03  0.4639262E+01  0.3184630E-02 -0.6910428E-01 -0.1417919E+01
   04  0.4779194E+03  0.4639537E+01  0.2718597E-02 -0.6934160E-01 -0.1417644E+01
   04  0.4795471E+03  0.4639815E+01  0.2230997E-02 -0.6958197E-01 -0.1417366E+01
   04  0.4811749E+03  0.4640096E+01  0.1720858E-02 -0.6982533E-01 -0.1417085E+01
   04  0.4828026E+03  0.4640380E+01  0.1187164E-02 -0.7007162E-01 -0.1416801E+01
   04  0.4844303E+03  0.4640668E+01  0.6288536E-03 -0.7032076E-01 -0.1416513E+01
   04  0.4860581E+03  0.4640960E+01  0.4481932E-04 -0.7057269E-01 -0.1416220E+01
   04  0.4876858E+03  0.4641257E+01 -0.5660910E-03 -0.7082733E-01 -0.1415924E+01
   04  0.4893136E+03  0.4641557E+01 -0.1205075E-02 -0.7108460E-01 -0.1415624E+01
   04  0.4909413E+03  0.4641863E+01 -0.1869192E-02 -0.7134446E-01 -0.1415318E+01
   04  0.4925691E+03  0.4642174E+01 -0.2559494E-02 -0.7160685E-01 -0.1415007E+01
   04  0.4941968E+03  0.4642491E+01 -0.3277559E-02 -0.7187170E-01 -0.1414690E+01
   04  0.4958245E+03  0.4642813E+01 -0.4025005E-02 -0.7213893E-01 -0.1414368E+01
   04  0.4974523E+03  0.4643141E+01 -0.4803489E-02 -0.7240848E-01 -0.1414040E+01
   04  0.4990800E+03  0.4643476E+01 -0.5614712E-02 -0.7268028E-01 -0.1413705E+01
   04  0.5007078E+03  0.4643817E+01 -0.6460417E-02 -0.7295424E-01 -0.1413364E+01
   04  0.5023355E+03  0.4644164E+01 -0.7342390E-02 -0.7323030E-01 -0.1413017E+01
   04  0.5039632E+03  0.4644519E+01 -0.8262466E-02 -0.7350839E-01 -0.1412662E+01
   04  0.5055910E+03  0.4644881E+01 -0.9222525E-02 -0.7378845E-01 -0.1412300E+01
   04  0.5072187E+03  0.4645250E+01 -0.1022450E-01 -0.7407041E-01 -0.1411931E+01
   04  0.5088465E+03  0.4645627E+01 -0.1127038E-01 -0.7435422E-01 -0.1411554E+01
   04  0.5104742E+03  0.4646012E+01 -0.1236220E-01 -0.7463984E-01 -0.1411169E+01
   04  0.5121020E+03  0.4646406E+01 -0.1350211E-01 -0.7492727E-01 -0.1410775E+01
   04  0.5137297E+03  0.4646808E+01 -0.1469229E-01 -0.7521654E-01 -0.1410373E+01
   04  0.5153574E+03  0.4647219E+01 -0.1593499E-01 -0.7550770E-01 -0.1409962E+01
   04  0.5169852E+03  0.4647639E+01 -0.1723319E-01 -0.7580123E-01 -0.1409542E+01
   04  0.5186129E+03  0.4648069E+01 -0.1859024E-01 -0.7609701E-01 -0.1409112E+01
   04  0.5202407E+03  0.4648509E+01 -0.2000881E-01 -0.7639515E-01 -0.1408672E+01
   04  0.5218684E+03  0.4648959E+01 -0.2149160E-01 -0.7669580E-01 -0.1408222E+01
   04  0.5234961E+03  0.4649421E+01 -0.2304229E-01 -0.7699895E-01 -0.1407760E+01
   04  0.5251239E+03  0.4649893E+01 -0.2466282E-01 -0.7730483E-01 -0.1407288E+01
   04  0.5267516E+03  0.4650377E+01 -0.2635619E-01 -0.7761359E-01 -0.1406804E+01
   04  0.5283794E+03  0.4650873E+01 -0.2812551E-01 -0.7792535E-01 -0.1406308E+01
   04  0.5300071E+03  0.4651381E+01 -0.2997466E-01 -0.7824028E-01 -0.1405800E+01
   04  0.5316349E+03  0.4651901E+01 -0.3190733E-01 -0.7855857E-01 -0.1405280E+01
   04  0.5332626E+03  0.4652434E+01 -0.3392703E-01 -0.7888046E-01 -0.1404746E+01
   04  0.5348903E+03  0.4652981E+01 -0.3603926E-01 -0.7920620E-01 -0.1404200E+01
   04  0.5365181E+03  0.4653541E+01 -0.3824780E-01 -0.7953610E-01 -0.1403640E+01
   04  0.5381458E+03  0.4654116E+01 -0.4055634E-01 -0.7987051E-01 -0.1403065E+01
   04  0.5397736E+03  0.4654704E+01 -0.4296864E-01 -0.8020981E-01 -0.1402477E+01
   04  0.5414013E+03  0.4655308E+01 -0.4548848E-01 -0.8055446E-01 -0.1401873E+01
   04  0.5430290E+03  0.4655927E+01 -0.4811972E-01 -0.8090491E-01 -0.1401254E+01
   04  0.5446568E+03  0.4656562E+01 -0.5086625E-01 -0.8126167E-01 -0.1400619E+01
   04  0.5462845E+03  0.4657212E+01 -0.5373205E-01 -0.8162528E-01 -0.1399969E+01
   04  0.5479123E+03  0.4657879E+01 -0.5672111E-01 -0.8199630E-01 -0.1399302E+01
   04  0.5495400E+03  0.4658563E+01 -0.5983748E-01 -0.8237534E-01 -0.1398618E+01
   04  0.5511678E+03  0.4659265E+01 -0.6308548E-01 -0.8276303E-01 -0.1397916E+01
   04  0.5527955E+03  0.4659983E+01 -0.6647133E-01 -0.8316007E-01 -0.1397198E+01
   04  0.5544232E+03  0.4660719E+01 -0.6999911E-01 -0.8356727E-01 -0.1396462E+01
   04  0.5560510E+03  0.4661473E+01 -0.7367291E-01 -0.8398546E-01 -0.1395708E+01
   04  0.5576787E+03  0.4662245E+01 -0.7749673E-01 -0.8441556E-01 -0.1394936E+01
   04  0.5593065E+03  0.4663036E+01 -0.8147458E-01 -0.8485848E-01 -0.1394145E+01
   04  0.5609342E+03  0.4663846E+01 -0.8561035E-01 -0.8531521E-01 -0.1393335E+01
   04  0.5625619E+03  0.4664674E+01 -0.8990792E-01 -0.8578677E-01 -0.1392507E+01
   04  0.5641897E+03  0.4665523E+01 -0.9437104E-01 -0.8627422E-01 -0.1391658E+01
   04  0.5658174E+03  0.4666390E+01 -0.9900339E-01 -0.8677869E-01 -0.1390790E+01
   04  0.5674452E+03  0.4667278E+01 -0.1038085E+00 -0.8730135E-01 -0.1389903E+01
   04  0.5690729E+03  0.4668186E+01 -0.1087899E+00 -0.8784343E-01 -0.1388995E+01
   04  0.5707007E+03  0.4669115E+01 -0.1139509E+00 -0.8840622E-01 -0.1388066E+01
   04  0.5723284E+03  0.4670064E+01 -0.1192947E+00 -0.8899107E-01 -0.1387117E+01
   04  0.5739561E+03  0.4671034E+01 -0.1248242E+00 -0.8959941E-01 -0.1386147E+01
   04  0.5755839E+03  0.4672025E+01 -0.1305422E+00 -0.9023277E-01 -0.1385156E+01
   04  0.5772116E+03  0.4673036E+01 -0.1364503E+00 -0.9089278E-01 -0.1384145E+01
   04  0.5788394E+03  0.4674068E+01 -0.1425504E+00 -0.9158116E-01 -0.1383113E+01
   04  0.5804671E+03  0.4675122E+01 -0.1488441E+00 -0.9229982E-01 -0.1382059E+01
   04  0.5820948E+03  0.4676195E+01 -0.1553320E+00 -0.9305097E-01 -0.1380986E+01
   04  0.5837226E+03  0.4677291E+01 -0.1620128E+00 -0.9382873E-01 -0.1379890E+01
   04  0.5853503E+03  0.4678408E+01 -0.1688912E+00 -0.9462740E-01 -0.1378773E+01
   04  0.5869781E+03  0.4679548E+01 -0.1759678E+00 -0.9544777E-01 -0.1377633E+01
   04  0.5886058E+03  0.4680710E+01 -0.1832433E+00 -0.9629068E-01 -0.1376471E+01
   04  0.5902336E+03  0.4681893E+01 -0.1907186E+00 -0.9715695E-01 -0.1375288E+01
   04  0.5918613E+03  0.4683098E+01 -0.1983951E+00 -0.9804737E-01 -0.1374083E+01
   04  0.5934890E+03  0.4684324E+01 -0.2062721E+00 -0.9896278E-01 -0.1372857E+01
   04  0.5951168E+03  0.4685571E+01 -0.2143485E+00 -0.9990398E-01 -0.1371610E+01
   04  0.5967445E+03  0.4686839E+01 -0.2226230E+00 -0.1008718E+00 -0.1370342E+01
   04  0.5983723E+03  0.4688127E+01 -0.2310938E+00 -0.1018669E+00 -0.1369054E+01
