# gauge_id= 516 location=( -0.1253000000E+03  0.4170000000E+02 ) num_var=  4
# Stationary gauge
# level, time, q[  1  2  3], eta, aux[]
# file format ascii, time series follow in this file
   02  0.0000000E+00  0.3099757E+04  0.0000000E+00  0.0000000E+00  0.0000000E+00
   02  0.1000000E+01  0.3099757E+04 -0.2402277E-12  0.1112490E-12 -0.9105603E-01
   02  0.1142857E+01  0.3099760E+04 -0.3219497E+00  0.1557404E-01 -0.8861782E-01
   02  0.1285714E+01  0.3099762E+04 -0.6437768E+00  0.3112091E-01 -0.8618178E-01
   02  0.1428571E+01  0.3099764E+04 -0.9654865E+00  0.4664086E-01 -0.8374786E-01
   02  0.1571429E+01  0.3099767E+04 -0.1287085E+01  0.6213415E-01 -0.8131603E-01
   02  0.1714286E+01  0.3099769E+04 -0.1608581E+01  0.7760106E-01 -0.7888622E-01
   02  0.1857143E+01  0.3099772E+04 -0.1929985E+01  0.9304189E-01 -0.7645838E-01
   02  0.2000000E+01  0.3099774E+04 -0.2251309E+01  0.1084569E+00 -0.7403242E-01
   02  0.4673503E+02  0.3100529E+04 -0.1027308E+03  0.4121980E+01  0.6804974E+00
   03  0.9147006E+02  0.3118448E+04 -0.2493758E+03  0.9605180E+01  0.1448869E+01
   03  0.1004171E+03  0.3118460E+04 -0.2540487E+03  0.9799807E+01  0.1461300E+01
   03  0.1093641E+03  0.3118476E+04 -0.2566338E+03  0.9726542E+01  0.1477263E+01
   03  0.1183111E+03  0.3118489E+04 -0.2584024E+03  0.9310791E+01  0.1490039E+01
   03  0.1272581E+03  0.3118500E+04 -0.2602030E+03  0.8394121E+01  0.1501473E+01
   03  0.1362051E+03  0.3118507E+04 -0.2613702E+03  0.7063048E+01  0.1507956E+01
   03  0.1451521E+03  0.3118505E+04 -0.2613719E+03  0.5561001E+01  0.1506515E+01
   03  0.1540991E+03  0.3118494E+04 -0.2596880E+03  0.4013467E+01  0.1495301E+01
   03  0.1630461E+03  0.3118471E+04 -0.2559363E+03  0.2345749E+01  0.1472381E+01
   03  0.1719931E+03  0.3118433E+04 -0.2496492E+03  0.2668594E+00  0.1434521E+01
   04  0.1809401E+03  0.3115721E+04 -0.2416177E+03 -0.1731936E+01  0.1392064E+01
   04  0.1824313E+03  0.3115704E+04 -0.2391733E+03 -0.2284302E+01  0.1375870E+01
   04  0.1839225E+03  0.3115691E+04 -0.2370864E+03 -0.2841721E+01  0.1362178E+01
   04  0.1854136E+03  0.3115679E+04 -0.2353031E+03 -0.3399836E+01  0.1350806E+01
   04  0.1869048E+03  0.3115669E+04 -0.2336699E+03 -0.3959736E+01  0.1340733E+01
   04  0.1883960E+03  0.3115660E+04 -0.2320820E+03 -0.4524290E+01  0.1331304E+01
   04  0.1898871E+03  0.3115651E+04 -0.2304924E+03 -0.5088519E+01  0.1322204E+01
   04  0.1913783E+03  0.3115642E+04 -0.2288935E+03 -0.5647428E+01  0.1313252E+01
   04  0.1928695E+03  0.3115633E+04 -0.2272939E+03 -0.6211777E+01  0.1304296E+01
   04  0.1943606E+03  0.3115624E+04 -0.2256994E+03 -0.6810527E+01  0.1295124E+01
   04  0.1958518E+03  0.3115614E+04 -0.2241058E+03 -0.7486052E+01  0.1285452E+01
   04  0.1973430E+03  0.3115604E+04 -0.2225020E+03 -0.8282924E+01  0.1274988E+01
   04  0.1988341E+03  0.3115592E+04 -0.2208760E+03 -0.9233188E+01  0.1263531E+01
   04  0.2003253E+03  0.3115580E+04 -0.2192207E+03 -0.1034319E+02  0.1251049E+01
   04  0.2018165E+03  0.3115566E+04 -0.2175377E+03 -0.1158793E+02  0.1237718E+01
   04  0.2033076E+03  0.3115552E+04 -0.2158361E+03 -0.1291621E+02  0.1223885E+01
   04  0.2047988E+03  0.3115539E+04 -0.2141283E+03 -0.1426530E+02  0.1209979E+01
   04  0.2062900E+03  0.3115525E+04 -0.2124227E+03 -0.1557935E+02  0.1196376E+01
   04  0.2077811E+03  0.3115512E+04 -0.2107181E+03 -0.1682449E+02  0.1183282E+01
   04  0.2092723E+03  0.3115499E+04 -0.2090031E+03 -0.1799520E+02  0.1170675E+01
   04  0.2107635E+03  0.3115487E+04 -0.2072617E+03 -0.1911180E+02  0.1158337E+01
   04  0.2122546E+03  0.3115475E+04 -0.2054827E+03 -0.2021298E+02  0.1145949E+01
   04  0.2137458E+03  0.3115462E+04 -0.2036684E+03 -0.2134682E+02  0.1133196E+01
   04  0.2152370E+03  0.3115448E+04 -0.2018336E+03 -0.2256129E+02  0.1119848E+01
   04  0.2167281E+03  0.3115434E+04 -0.1999970E+03 -0.2389324E+02  0.1105776E+01
   04  0.2182193E+03  0.3115420E+04 -0.1981652E+03 -0.2535695E+02  0.1090935E+01
   04  0.2197105E+03  0.3115404E+04 -0.1963197E+03 -0.2693569E+02  0.1075318E+01
   04  0.2212017E+03  0.3115388E+04 -0.1944127E+03 -0.2858107E+02  0.1058935E+01
   04  0.2226928E+03  0.3115370E+04 -0.1923749E+03 -0.3022293E+02  0.1041787E+01
   04  0.2241840E+03  0.3115352E+04 -0.1901330E+03 -0.3178699E+02  0.1023872E+01
   04  0.2256752E+03  0.3115334E+04 -0.1876356E+03 -0.3321390E+02  0.1005224E+01
   04  0.2271663E+03  0.3115315E+04 -0.1848793E+03 -0.3447234E+02  0.9859847E+00
   04  0.2286575E+03  0.3115295E+04 -0.1819217E+03 -0.3556185E+02  0.9664672E+00
   04  0.2301487E+03  0.3115276E+04 -0.1788692E+03 -0.3650640E+02  0.9471211E+00
   04  0.2316398E+03  0.3115257E+04 -0.1758393E+03 -0.3734333E+02  0.9283877E+00
   04  0.2331310E+03  0.3115239E+04 -0.1729148E+03 -0.3811296E+02  0.9105078E+00
   04  0.2346222E+03  0.3115222E+04 -0.1701138E+03 -0.3885101E+02  0.8933919E+00
   04  0.2361133E+03  0.3115205E+04 -0.1673847E+03 -0.3958377E+02  0.8766178E+00
   04  0.2376045E+03  0.3115188E+04 -0.1646245E+03 -0.4032514E+02  0.8595362E+00
   04  0.2390957E+03  0.3115170E+04 -0.1617052E+03 -0.4107531E+02  0.8414240E+00
   04  0.2405868E+03  0.3115150E+04 -0.1585053E+03 -0.4182222E+02  0.8216501E+00
   04  0.2420780E+03  0.3115128E+04 -0.1549428E+03 -0.4254601E+02  0.7998424E+00
   04  0.2435692E+03  0.3115105E+04 -0.1510042E+03 -0.4322553E+02  0.7760316E+00
   04  0.2450603E+03  0.3115079E+04 -0.1467585E+03 -0.4384443E+02  0.7507014E+00
   04  0.2465515E+03  0.3115053E+04 -0.1423401E+03 -0.4439491E+02  0.7246807E+00
   04  0.2480427E+03  0.3115027E+04 -0.1379050E+03 -0.4487839E+02  0.6988849E+00
   04  0.2495338E+03  0.3115003E+04 -0.1335773E+03 -0.4530377E+02  0.6740154E+00
   04  0.2510250E+03  0.3114979E+04 -0.1294130E+03 -0.4568465E+02  0.6503542E+00
   04  0.2525162E+03  0.3114956E+04 -0.1253922E+03 -0.4603686E+02  0.6277293E+00
   04  0.2540073E+03  0.3114934E+04 -0.1214372E+03 -0.4637646E+02  0.6056283E+00
   04  0.2554985E+03  0.3114912E+04 -0.1174433E+03 -0.4671813E+02  0.5833862E+00
   04  0.2569897E+03  0.3114889E+04 -0.1133111E+03 -0.4707367E+02  0.5603843E+00
   04  0.2584808E+03  0.3114865E+04 -0.1089758E+03 -0.4745061E+02  0.5362246E+00
   04  0.2599720E+03  0.3114839E+04 -0.1044295E+03 -0.4785133E+02  0.5108565E+00
   04  0.2614632E+03  0.3114813E+04 -0.9972911E+02 -0.4827305E+02  0.4846163E+00
   04  0.2629543E+03  0.3114787E+04 -0.9498439E+02 -0.4870895E+02  0.4581504E+00
   04  0.2644455E+03  0.3114761E+04 -0.9032724E+02 -0.4915036E+02  0.4322275E+00
   04  0.2659367E+03  0.3114736E+04 -0.8587269E+02 -0.4958952E+02  0.4075087E+00
   04  0.2674278E+03  0.3114713E+04 -0.8168795E+02 -0.5002192E+02  0.3843660E+00
   04  0.2689190E+03  0.3114691E+04 -0.7778033E+02 -0.5044751E+02  0.3628152E+00
   04  0.2704102E+03  0.3114671E+04 -0.7410473E+02 -0.5087044E+02  0.3425648E+00
   04  0.2719014E+03  0.3114652E+04 -0.7058324E+02 -0.5129768E+02  0.3231390E+00
   04  0.2733925E+03  0.3114633E+04 -0.6712818E+02 -0.5173713E+02  0.3040165E+00
   04  0.2748837E+03  0.3114613E+04 -0.6366327E+02 -0.5219579E+02  0.2847561E+00
   04  0.2763749E+03  0.3114594E+04 -0.6014072E+02 -0.5267829E+02  0.2650923E+00
   04  0.2778660E+03  0.3114574E+04 -0.5655243E+02 -0.5318600E+02  0.2449961E+00
   04  0.2793572E+03  0.3114553E+04 -0.5293261E+02 -0.5371664E+02  0.2246834E+00
   04  0.2808484E+03  0.3114533E+04 -0.4934902E+02 -0.5426486E+02  0.2045598E+00
   04  0.2823395E+03  0.3114514E+04 -0.4588368E+02 -0.5482334E+02  0.1851051E+00
   04  0.2838307E+03  0.3114495E+04 -0.4260886E+02 -0.5538436E+02  0.1667311E+00
   04  0.2853219E+03  0.3114478E+04 -0.3956702E+02 -0.5594132E+02  0.1496649E+00
   04  0.2868130E+03  0.3114462E+04 -0.3676201E+02 -0.5649010E+02  0.1338979E+00
   04  0.2883042E+03  0.3114448E+04 -0.3416271E+02 -0.5702995E+02  0.1192092E+00
   04  0.2897954E+03  0.3114434E+04 -0.3171485E+02 -0.5756409E+02  0.1052387E+00
   04  0.2912865E+03  0.3114420E+04 -0.2935496E+02 -0.5809990E+02  0.9157245E-01
   04  0.2927777E+03  0.3114406E+04 -0.2702188E+02 -0.5864844E+02  0.7781706E-01
   04  0.2942689E+03  0.3114392E+04 -0.2466501E+02 -0.5922312E+02  0.6365187E-01
   04  0.2957600E+03  0.3114377E+04 -0.2224982E+02 -0.5983748E+02  0.4886541E-01
   04  0.2972512E+03  0.3114362E+04 -0.1976212E+02 -0.6050250E+02  0.3338057E-01
   04  0.2987424E+03  0.3114346E+04 -0.1721084E+02 -0.6122448E+02  0.1726957E-01
   04  0.3002335E+03  0.3114329E+04 -0.1462761E+02 -0.6200423E+02  0.7523559E-03
   04  0.3017247E+03  0.3114313E+04 -0.1206150E+02 -0.6283770E+02 -0.1583230E-01
   04  0.3032159E+03  0.3114296E+04 -0.9568909E+01 -0.6371703E+02 -0.3208601E-01
   04  0.3047070E+03  0.3114281E+04 -0.7201095E+01 -0.6463188E+02 -0.4762786E-01
   04  0.3061982E+03  0.3114266E+04 -0.4993199E+01 -0.6557068E+02 -0.6216708E-01
   04  0.3076894E+03  0.3114253E+04 -0.2957740E+01 -0.6652164E+02 -0.7555205E-01
   04  0.3091805E+03  0.3114241E+04 -0.1083591E+01 -0.6747349E+02 -0.8778805E-01
   04  0.3106717E+03  0.3114230E+04  0.6606838E+00 -0.6841606E+02 -0.9902772E-01
   04  0.3121629E+03  0.3114219E+04  0.2321146E+01 -0.6934058E+02 -0.1095430E+00
   04  0.3136540E+03  0.3114209E+04  0.3952086E+01 -0.7023979E+02 -0.1196860E+00
   04  0.3151452E+03  0.3114199E+04  0.5609620E+01 -0.7110766E+02 -0.1298431E+00
   04  0.3165017E+03  0.3114189E+04  0.7184281E+01 -0.7186566E+02 -0.1394066E+00
   04  0.3178581E+03  0.3114179E+04  0.8854046E+01 -0.7258864E+02 -0.1495097E+00
   04  0.3192146E+03  0.3114168E+04  0.1063544E+02 -0.7327026E+02 -0.1602728E+00
   04  0.3205710E+03  0.3114157E+04  0.1252640E+02 -0.7390183E+02 -0.1716819E+00
   04  0.3219275E+03  0.3114145E+04  0.1450305E+02 -0.7447227E+02 -0.1835682E+00
   04  0.3232839E+03  0.3114133E+04  0.1651971E+02 -0.7496983E+02 -0.1956156E+00
   04  0.3246404E+03  0.3114121E+04  0.1851306E+02 -0.7538353E+02 -0.2073961E+00
   04  0.3259968E+03  0.3114110E+04  0.2041123E+02 -0.7570499E+02 -0.2184359E+00
   04  0.3273533E+03  0.3114100E+04  0.2214635E+02 -0.7593029E+02 -0.2283016E+00
   04  0.3287097E+03  0.3114092E+04  0.2366952E+02 -0.7606426E+02 -0.2366982E+00
   04  0.3300662E+03  0.3114085E+04  0.2496057E+02 -0.7612534E+02 -0.2435186E+00
   04  0.3314226E+03  0.3114080E+04  0.2602383E+02 -0.7613219E+02 -0.2488340E+00
   04  0.3327791E+03  0.3114076E+04  0.2687932E+02 -0.7609757E+02 -0.2527776E+00
   04  0.3341355E+03  0.3114073E+04  0.2755154E+02 -0.7601666E+02 -0.2554603E+00
   04  0.3354920E+03  0.3114072E+04  0.2806144E+02 -0.7586600E+02 -0.2569192E+00
   04  0.3368484E+03  0.3114071E+04  0.2842898E+02 -0.7561217E+02 -0.2571539E+00
   04  0.3382049E+03  0.3114072E+04  0.2867909E+02 -0.7522438E+02 -0.2561784E+00
   04  0.3395613E+03  0.3114074E+04  0.2883937E+02 -0.7468537E+02 -0.2540782E+00
   04  0.3409178E+03  0.3114078E+04  0.2894305E+02 -0.7399083E+02 -0.2509835E+00
   04  0.3422742E+03  0.3114081E+04  0.2902146E+02 -0.7314585E+02 -0.2471040E+00
   04  0.3436307E+03  0.3114086E+04  0.2910822E+02 -0.7216343E+02 -0.2426790E+00
   04  0.3449871E+03  0.3114091E+04  0.2924258E+02 -0.7105876E+02 -0.2380011E+00
   04  0.3463436E+03  0.3114095E+04  0.2945823E+02 -0.6984857E+02 -0.2333425E+00
   04  0.3477000E+03  0.3114100E+04  0.2978248E+02 -0.6854800E+02 -0.2289212E+00
   04  0.3490565E+03  0.3114104E+04  0.3022269E+02 -0.6716923E+02 -0.2248340E+00
   04  0.3504130E+03  0.3114108E+04  0.3076120E+02 -0.6572082E+02 -0.2210225E+00
   04  0.3517694E+03  0.3114111E+04  0.3135609E+02 -0.6420888E+02 -0.2172726E+00
   04  0.3531259E+03  0.3114115E+04  0.3195035E+02 -0.6263786E+02 -0.2132757E+00
   04  0.3544823E+03  0.3114120E+04  0.3248184E+02 -0.6101008E+02 -0.2086952E+00
   04  0.3558388E+03  0.3114125E+04  0.3288771E+02 -0.5932587E+02 -0.2031829E+00
   04  0.3574665E+03  0.3114134E+04  0.3314335E+02 -0.5722738E+02 -0.1949693E+00
   04  0.3590942E+03  0.3114144E+04  0.3312480E+02 -0.5504631E+02 -0.1849040E+00
   04  0.3607220E+03  0.3114155E+04  0.3288757E+02 -0.5280116E+02 -0.1733118E+00
   04  0.3623497E+03  0.3114168E+04  0.3251841E+02 -0.5051844E+02 -0.1606962E+00
   04  0.3639775E+03  0.3114181E+04  0.3207298E+02 -0.4821579E+02 -0.1473931E+00
   04  0.3656052E+03  0.3114195E+04  0.3156292E+02 -0.4590214E+02 -0.1335102E+00
   04  0.3672329E+03  0.3114209E+04  0.3103737E+02 -0.4358706E+02 -0.1193719E+00
   04  0.3688607E+03  0.3114223E+04  0.3055297E+02 -0.4128402E+02 -0.1053627E+00
   04  0.3704884E+03  0.3114237E+04  0.3013450E+02 -0.3900583E+02 -0.9169188E-01
   04  0.3721162E+03  0.3114250E+04  0.2979487E+02 -0.3675718E+02 -0.7851006E-01
   04  0.3737439E+03  0.3114263E+04  0.2956489E+02 -0.3453669E+02 -0.6605659E-01
   04  0.3753717E+03  0.3114274E+04  0.2949721E+02 -0.3234055E+02 -0.5468312E-01
   04  0.3769994E+03  0.3114284E+04  0.2963715E+02 -0.3016696E+02 -0.4467559E-01
   04  0.3786271E+03  0.3114293E+04  0.2997647E+02 -0.2801761E+02 -0.3598916E-01
   04  0.3802549E+03  0.3114300E+04  0.3044681E+02 -0.2589402E+02 -0.2820924E-01
   04  0.3818826E+03  0.3114308E+04  0.3090945E+02 -0.2379082E+02 -0.2049347E-01
   04  0.3835104E+03  0.3114317E+04  0.3118731E+02 -0.2169306E+02 -0.1176155E-01
   04  0.3851381E+03  0.3114327E+04  0.3116740E+02 -0.1958389E+02 -0.1297798E-02
   04  0.3867658E+03  0.3114339E+04  0.3088212E+02 -0.1745519E+02  0.1077753E-01
   04  0.3883936E+03  0.3114352E+04  0.3043435E+02 -0.1530162E+02  0.2392770E-01
   04  0.3900213E+03  0.3114366E+04  0.2989038E+02 -0.1311195E+02  0.3780569E-01
   04  0.3916491E+03  0.3114381E+04  0.2922925E+02 -0.1086585E+02  0.5253346E-01
   04  0.3932768E+03  0.3114397E+04  0.2843438E+02 -0.8545190E+01  0.6818449E-01
   04  0.3949046E+03  0.3114413E+04  0.2751496E+02 -0.6139018E+01  0.8466478E-01
   04  0.3965323E+03  0.3114430E+04  0.2649381E+02 -0.3645071E+01  0.1017862E+00
   04  0.3981600E+03  0.3114448E+04  0.2539697E+02 -0.1068620E+01  0.1193249E+00
   04  0.3997878E+03  0.3114466E+04  0.2424661E+02  0.1579129E+01  0.1370585E+00
   04  0.4014155E+03  0.3114483E+04  0.2305898E+02  0.4287059E+01  0.1547565E+00
   04  0.4030433E+03  0.3114501E+04  0.2184597E+02  0.7046017E+01  0.1721814E+00
   04  0.4046710E+03  0.3114518E+04  0.2061609E+02  0.9826395E+01  0.1892105E+00
   04  0.4062987E+03  0.3114534E+04  0.1937671E+02  0.1259112E+02  0.2057719E+00
   04  0.4079265E+03  0.3114550E+04  0.1813924E+02  0.1530443E+02  0.2217860E+00
   04  0.4095542E+03  0.3114566E+04  0.1692099E+02  0.1794896E+02  0.2370902E+00
   04  0.4111820E+03  0.3114580E+04  0.1574301E+02  0.2051291E+02  0.2515386E+00
   04  0.4128097E+03  0.3114594E+04  0.1462612E+02  0.2298958E+02  0.2650369E+00
   04  0.4144375E+03  0.3114606E+04  0.1358534E+02  0.2538131E+02  0.2775722E+00
   04  0.4160652E+03  0.3114618E+04  0.1262514E+02  0.2770219E+02  0.2892277E+00
   04  0.4176929E+03  0.3114629E+04  0.1173729E+02  0.2997842E+02  0.3001826E+00
   04  0.4193207E+03  0.3114639E+04  0.1090286E+02  0.3224595E+02  0.3106898E+00
   04  0.4209484E+03  0.3114650E+04  0.1009683E+02  0.3454604E+02  0.3210363E+00
   04  0.4225762E+03  0.3114660E+04  0.9293141E+01  0.3692036E+02  0.3315011E+00
   04  0.4242039E+03  0.3114671E+04  0.8468700E+01  0.3940623E+02  0.3423264E+00
   04  0.4258316E+03  0.3114682E+04  0.7605510E+01  0.4203244E+02  0.3536980E+00
   04  0.4274594E+03  0.3114694E+04  0.6691580E+01  0.4481598E+02  0.3657354E+00
   04  0.4290871E+03  0.3114707E+04  0.5721093E+01  0.4775978E+02  0.3784885E+00
   04  0.4307149E+03  0.3114721E+04  0.4694015E+01  0.5085147E+02  0.3919445E+00
   04  0.4323426E+03  0.3114735E+04  0.3615143E+01  0.5406372E+02  0.4060405E+00
   04  0.4339704E+03  0.3114749E+04  0.2493131E+01  0.5735738E+02  0.4206757E+00
   04  0.4355981E+03  0.3114764E+04  0.1339162E+01  0.6068633E+02  0.4357246E+00
   04  0.4372258E+03  0.3114780E+04  0.1644887E+00  0.6400235E+02  0.4510525E+00
   04  0.4388536E+03  0.3114795E+04 -0.1020689E+01  0.6725955E+02  0.4665298E+00
   04  0.4404813E+03  0.3114811E+04 -0.2206122E+01  0.7042196E+02  0.4820206E+00
   04  0.4421091E+03  0.3114826E+04 -0.3381692E+01  0.7346778E+02  0.4973800E+00
   04  0.4437368E+03  0.3114841E+04 -0.4538909E+01  0.7638825E+02  0.5124704E+00
   04  0.4453645E+03  0.3114856E+04 -0.5671045E+01  0.7918384E+02  0.5271799E+00
   04  0.4469923E+03  0.3114870E+04 -0.6771934E+01  0.8186202E+02  0.5414329E+00
   04  0.4486200E+03  0.3114884E+04 -0.7839375E+01  0.8443457E+02  0.5551923E+00
   04  0.4502478E+03  0.3114897E+04 -0.8875770E+01  0.8691219E+02  0.5684799E+00
   04  0.4518755E+03  0.3114910E+04 -0.9888526E+01  0.8929906E+02  0.5813946E+00
   04  0.4535033E+03  0.3114923E+04 -0.1088492E+02  0.9159813E+02  0.5940675E+00
   04  0.4551310E+03  0.3114935E+04 -0.1187196E+02  0.9381562E+02  0.6066235E+00
   04  0.4567587E+03  0.3114948E+04 -0.1285567E+02  0.9595961E+02  0.6191741E+00
   04  0.4583865E+03  0.3114960E+04 -0.1384097E+02  0.9803949E+02  0.6318087E+00
   04  0.4600142E+03  0.3114973E+04 -0.1483146E+02  0.1000648E+03  0.6445899E+00
   04  0.4616420E+03  0.3114986E+04 -0.1582911E+02  0.1020438E+03  0.6575535E+00
   04  0.4632697E+03  0.3114999E+04 -0.1683417E+02  0.1039815E+03  0.6707135E+00
   04  0.4648974E+03  0.3115013E+04 -0.1784513E+02  0.1058791E+03  0.6840667E+00
   04  0.4665252E+03  0.3115026E+04 -0.1885883E+02  0.1077330E+03  0.6975983E+00
   04  0.4681529E+03  0.3115040E+04 -0.1987061E+02  0.1095351E+03  0.7112870E+00
   04  0.4697807E+03  0.3115054E+04 -0.2087458E+02  0.1112744E+03  0.7251102E+00
   04  0.4714084E+03  0.3115068E+04 -0.2186401E+02  0.1129373E+03  0.7390482E+00
   04  0.4730362E+03  0.3115082E+04 -0.2283203E+02  0.1145102E+03  0.7530878E+00
   04  0.4746639E+03  0.3115096E+04 -0.2377228E+02  0.1159806E+03  0.7672248E+00
   04  0.4762916E+03  0.3115110E+04 -0.2467974E+02  0.1173387E+03  0.7814635E+00
   04  0.4779194E+03  0.3115124E+04 -0.2555128E+02  0.1185784E+03  0.7958150E+00
   04  0.4795471E+03  0.3115139E+04 -0.2638639E+02  0.1196981E+03  0.8102952E+00
   04  0.4811749E+03  0.3115153E+04 -0.2718690E+02  0.1207003E+03  0.8249174E+00
   04  0.4828026E+03  0.3115168E+04 -0.2795577E+02  0.1215924E+03  0.8396819E+00
   04  0.4844303E+03  0.3115183E+04 -0.2869398E+02  0.1223863E+03  0.8545560E+00
   04  0.4860581E+03  0.3115198E+04 -0.2939854E+02  0.1230965E+03  0.8694633E+00
   04  0.4876858E+03  0.3115213E+04 -0.3007229E+02  0.1237366E+03  0.8843481E+00
   04  0.4893136E+03  0.3115228E+04 -0.3072628E+02  0.1243210E+03  0.8991888E+00
   04  0.4909413E+03  0.3115243E+04 -0.3136798E+02  0.1248653E+03  0.9139418E+00
   04  0.4925691E+03  0.3115257E+04 -0.3199748E+02  0.1253841E+03  0.9285201E+00
   04  0.4941968E+03  0.3115271E+04 -0.3261028E+02  0.1258893E+03  0.9428157E+00
   04  0.4958245E+03  0.3115285E+04 -0.3320271E+02  0.1263897E+03  0.9567353E+00
   04  0.4974523E+03  0.3115299E+04 -0.3377490E+02  0.1268923E+03  0.9702171E+00
   04  0.4990800E+03  0.3115312E+04 -0.3432938E+02  0.1274025E+03  0.9832268E+00
   04  0.5007078E+03  0.3115324E+04 -0.3486993E+02  0.1279245E+03  0.9957535E+00
   04  0.5023355E+03  0.3115336E+04 -0.3540082E+02  0.1284622E+03  0.1007804E+01
   04  0.5039632E+03  0.3115348E+04 -0.3592630E+02  0.1290188E+03  0.1019399E+01
   04  0.5055910E+03  0.3115359E+04 -0.3645025E+02  0.1295973E+03  0.1030568E+01
   04  0.5072187E+03  0.3115370E+04 -0.3697610E+02  0.1302002E+03  0.1041348E+01
   04  0.5088465E+03  0.3115380E+04 -0.3750670E+02  0.1308295E+03  0.1051780E+01
   04  0.5104742E+03  0.3115390E+04 -0.3804433E+02  0.1314870E+03  0.1061905E+01
   04  0.5121020E+03  0.3115400E+04 -0.3859068E+02  0.1321736E+03  0.1071765E+01
   04  0.5137297E+03  0.3115410E+04 -0.3914683E+02  0.1328902E+03  0.1081398E+01
   04  0.5153574E+03  0.3115419E+04 -0.3971338E+02  0.1336368E+03  0.1090840E+01
   04  0.5169852E+03  0.3115429E+04 -0.4029046E+02  0.1344135E+03  0.1100120E+01
   04  0.5186129E+03  0.3115438E+04 -0.4087784E+02  0.1352200E+03  0.1109260E+01
   04  0.5202407E+03  0.3115447E+04 -0.4147492E+02  0.1360558E+03  0.1118278E+01
   04  0.5218684E+03  0.3115456E+04 -0.4208082E+02  0.1369203E+03  0.1127178E+01
   04  0.5234961E+03  0.3115465E+04 -0.4269438E+02  0.1378126E+03  0.1135962E+01
   04  0.5251239E+03  0.3115473E+04 -0.4331415E+02  0.1387317E+03  0.1144622E+01
   04  0.5267516E+03  0.3115482E+04 -0.4393848E+02  0.1396763E+03  0.1153146E+01
   04  0.5283794E+03  0.3115490E+04 -0.4456552E+02  0.1406447E+03  0.1161517E+01
   04  0.5300071E+03  0.3115498E+04 -0.4519340E+02  0.1416349E+03  0.1169720E+01
   04  0.5316349E+03  0.3115506E+04 -0.4582035E+02  0.1426441E+03  0.1177739E+01
   04  0.5332626E+03  0.3115514E+04 -0.4644482E+02  0.1436690E+03  0.1185560E+01
   04  0.5348903E+03  0.3115522E+04 -0.4706557E+02  0.1447051E+03  0.1193177E+01
   04  0.5365181E+03  0.3115529E+04 -0.4768170E+02  0.1457475E+03  0.1200587E+01
   04  0.5381458E+03  0.3115536E+04 -0.4829262E+02  0.1467903E+03  0.1207793E+01
   04  0.5397736E+03  0.3115543E+04 -0.4889801E+02  0.1478270E+03  0.1214804E+01
   04  0.5414013E+03  0.3115550E+04 -0.4949769E+02  0.1488507E+03  0.1221632E+01
   04  0.5430290E+03  0.3115557E+04 -0.5009169E+02  0.1498544E+03  0.1228296E+01
   04  0.5446568E+03  0.3115563E+04 -0.5068020E+02  0.1508314E+03  0.1234816E+01
   04  0.5462845E+03  0.3115570E+04 -0.5126362E+02  0.1517754E+03  0.1241218E+01
   04  0.5479123E+03  0.3115576E+04 -0.5184262E+02  0.1526810E+03  0.1247531E+01
   04  0.5495400E+03  0.3115582E+04 -0.5241817E+02  0.1535437E+03  0.1253785E+01
   04  0.5511678E+03  0.3115589E+04 -0.5299149E+02  0.1543607E+03  0.1260013E+01
   04  0.5527955E+03  0.3115595E+04 -0.5356398E+02  0.1551300E+03  0.1266247E+01
   04  0.5544232E+03  0.3115601E+04 -0.5413710E+02  0.1558515E+03  0.1272516E+01
   04  0.5560510E+03  0.3115607E+04 -0.5471223E+02  0.1565258E+03  0.1278845E+01
   04  0.5576787E+03  0.3115614E+04 -0.5529045E+02  0.1571545E+03  0.1285253E+01
   04  0.5593065E+03  0.3115620E+04 -0.5587245E+02  0.1577398E+03  0.1291753E+01
   04  0.5609342E+03  0.3115627E+04 -0.5645838E+02  0.1582839E+03  0.1298348E+01
   04  0.5625619E+03  0.3115634E+04 -0.5704776E+02  0.1587888E+03  0.1305033E+01
   04  0.5641897E+03  0.3115640E+04 -0.5763942E+02  0.1592560E+03  0.1311798E+01
   04  0.5658174E+03  0.3115647E+04 -0.5823155E+02  0.1596865E+03  0.1318622E+01
   04  0.5674452E+03  0.3115654E+04 -0.5882177E+02  0.1600804E+03  0.1325484E+01
   04  0.5690729E+03  0.3115661E+04 -0.5940733E+02  0.1604376E+03  0.1332356E+01
   04  0.5707007E+03  0.3115668E+04 -0.5998527E+02  0.1607574E+03  0.1339211E+01
   04  0.5723284E+03  0.3115675E+04 -0.6055268E+02  0.1610389E+03  0.1346024E+01
   04  0.5739561E+03  0.3115681E+04 -0.6110695E+02  0.1612817E+03  0.1352772E+01
   04  0.5755839E+03  0.3115688E+04 -0.6164594E+02  0.1614855E+03  0.1359435E+01
   04  0.5772116E+03  0.3115695E+04 -0.6216805E+02  0.1616507E+03  0.1365996E+01
   04  0.5788394E+03  0.3115701E+04 -0.6267229E+02  0.1617780E+03  0.1372442E+01
   04  0.5804671E+03  0.3115707E+04 -0.6315811E+02  0.1618687E+03  0.1378756E+01
   04  0.5820948E+03  0.3115713E+04 -0.6362523E+02  0.1619242E+03  0.1384921E+01
   04  0.5837226E+03  0.3115719E+04 -0.6407345E+02  0.1619458E+03  0.1390915E+01
   04  0.5853503E+03  0.3115725E+04 -0.6450240E+02  0.1619342E+03  0.1396708E+01
   04  0.5869781E+03  0.3115731E+04 -0.6491148E+02  0.1618894E+03  0.1402262E+01
   04  0.5886058E+03  0.3115736E+04 -0.6529989E+02  0.1618104E+03  0.1407536E+01
   04  0.5902336E+03  0.3115741E+04 -0.6566682E+02  0.1616959E+03  0.1412491E+01
   04  0.5918613E+03  0.3115746E+04 -0.6601165E+02  0.1615442E+03  0.1417090E+01
   04  0.5934890E+03  0.3115750E+04 -0.6633408E+02  0.1613538E+03  0.1421306E+01
   04  0.5951168E+03  0.3115754E+04 -0.6663399E+02  0.1611235E+03  0.1425124E+01
   04  0.5967445E+03  0.3115757E+04 -0.6691110E+02  0.1608512E+03  0.1428533E+01
   04  0.5983723E+03  0.3115760E+04 -0.6716455E+02  0.1605338E+03  0.1431524E+01
