# gauge_id= 611 location=( -0.1242076147E+03  0.4175697547E+02 ) num_var=  4
# Stationary gauge
# level, time, q[  1  2  3], eta, aux[]
# file format ascii, time series follow in this file
   04  0.0000000E+00  0.1407448E+02  0.0000000E+00  0.0000000E+00  0.0000000E+00
   04  0.1000000E+01  0.1407448E+02  0.3731387E-15 -0.1896496E-15 -0.1462891E+01
   04  0.1015873E+01  0.1407448E+02 -0.5562408E-05 -0.1408294E-04 -0.1462892E+01
   04  0.1031746E+01  0.1407448E+02 -0.1112416E-04 -0.2816352E-04 -0.1462892E+01
   04  0.1047619E+01  0.1407448E+02 -0.1668525E-04 -0.4224175E-04 -0.1462892E+01
   04  0.1063492E+01  0.1407448E+02 -0.2224568E-04 -0.5631762E-04 -0.1462892E+01
   04  0.1079365E+01  0.1407448E+02 -0.2780544E-04 -0.7039114E-04 -0.1462893E+01
   04  0.1095238E+01  0.1407448E+02 -0.3336454E-04 -0.8446231E-04 -0.1462893E+01
   04  0.1111111E+01  0.1407448E+02 -0.3892298E-04 -0.9853112E-04 -0.1462893E+01
   04  0.1126984E+01  0.1407448E+02 -0.4448075E-04 -0.1125976E-03 -0.1462893E+01
   04  0.1142857E+01  0.1407448E+02 -0.5003785E-04 -0.1266617E-03 -0.1462894E+01
   04  0.1158730E+01  0.1407448E+02 -0.5559428E-04 -0.1407234E-03 -0.1462894E+01
   04  0.1174603E+01  0.1407448E+02 -0.6115004E-04 -0.1547828E-03 -0.1462894E+01
   04  0.1190476E+01  0.1407448E+02 -0.6670513E-04 -0.1688399E-03 -0.1462894E+01
   04  0.1206349E+01  0.1407448E+02 -0.7225954E-04 -0.1828946E-03 -0.1462894E+01
   04  0.1222222E+01  0.1407448E+02 -0.7781327E-04 -0.1969469E-03 -0.1462895E+01
   04  0.1238095E+01  0.1407448E+02 -0.8336633E-04 -0.2109969E-03 -0.1462895E+01
   04  0.1253968E+01  0.1407448E+02 -0.8891871E-04 -0.2250445E-03 -0.1462895E+01
   04  0.1269841E+01  0.1407448E+02 -0.9447041E-04 -0.2390897E-03 -0.1462895E+01
   04  0.1285714E+01  0.1407448E+02 -0.1000214E-03 -0.2531326E-03 -0.1462896E+01
   04  0.1301587E+01  0.1407448E+02 -0.1055718E-03 -0.2671732E-03 -0.1462896E+01
   04  0.1317460E+01  0.1407448E+02 -0.1111214E-03 -0.2812114E-03 -0.1462896E+01
   04  0.1333333E+01  0.1407448E+02 -0.1166704E-03 -0.2952472E-03 -0.1462896E+01
   04  0.1349206E+01  0.1407448E+02 -0.1222186E-03 -0.3092807E-03 -0.1462897E+01
   04  0.1365079E+01  0.1407448E+02 -0.1277662E-03 -0.3233119E-03 -0.1462897E+01
   04  0.1380952E+01  0.1407448E+02 -0.1333131E-03 -0.3373406E-03 -0.1462897E+01
   04  0.1396825E+01  0.1407448E+02 -0.1388593E-03 -0.3513671E-03 -0.1462897E+01
   04  0.1412698E+01  0.1407448E+02 -0.1444048E-03 -0.3653911E-03 -0.1462897E+01
   04  0.1428571E+01  0.1407448E+02 -0.1499497E-03 -0.3794128E-03 -0.1462898E+01
   04  0.1476190E+01  0.1407447E+02 -0.1665825E-03 -0.4214671E-03 -0.1462898E+01
   04  0.1523810E+01  0.1407447E+02 -0.1832090E-03 -0.4635003E-03 -0.1462899E+01
   04  0.1571429E+01  0.1407447E+02 -0.1998292E-03 -0.5055122E-03 -0.1462900E+01
   04  0.1619048E+01  0.1407447E+02 -0.2164430E-03 -0.5475029E-03 -0.1462900E+01
   04  0.1666667E+01  0.1407447E+02 -0.2330504E-03 -0.5894723E-03 -0.1462901E+01
   04  0.1714286E+01  0.1407447E+02 -0.2496514E-03 -0.6314206E-03 -0.1462902E+01
   04  0.1761905E+01  0.1407447E+02 -0.2662458E-03 -0.6733477E-03 -0.1462902E+01
   04  0.1809524E+01  0.1407447E+02 -0.2828338E-03 -0.7152535E-03 -0.1462903E+01
   04  0.1857143E+01  0.1407447E+02 -0.2994151E-03 -0.7571382E-03 -0.1462904E+01
   04  0.1904762E+01  0.1407447E+02 -0.3159899E-03 -0.7990016E-03 -0.1462904E+01
   04  0.1952381E+01  0.1407447E+02 -0.3325580E-03 -0.8408438E-03 -0.1462905E+01
   04  0.2000000E+01  0.1407447E+02 -0.3491194E-03 -0.8826648E-03 -0.1462905E+01
   04  0.5727919E+01  0.1407443E+02 -0.1646558E-02 -0.4122020E-02 -0.1462946E+01
   04  0.9455838E+01  0.1407441E+02 -0.2889791E-02 -0.7232793E-02 -0.1462962E+01
   04  0.1318376E+02  0.1407442E+02 -0.4066213E-02 -0.1021631E-01 -0.1462956E+01
   04  0.1691168E+02  0.1407445E+02 -0.5167423E-02 -0.1307543E-01 -0.1462927E+01
   04  0.2063960E+02  0.1407449E+02 -0.6188176E-02 -0.1581404E-01 -0.1462878E+01
   04  0.2436752E+02  0.1407456E+02 -0.7125593E-02 -0.1843673E-01 -0.1462811E+01
   04  0.2809543E+02  0.1407465E+02 -0.7978538E-02 -0.2094846E-01 -0.1462725E+01
   04  0.2995939E+02  0.1407470E+02 -0.8367908E-02 -0.2215351E-01 -0.1462675E+01
   04  0.3182335E+02  0.1407475E+02 -0.8736765E-02 -0.2333303E-01 -0.1462621E+01
   04  0.3348021E+02  0.1407480E+02 -0.9047027E-02 -0.2435949E-01 -0.1462570E+01
   04  0.3513706E+02  0.1407486E+02 -0.9341276E-02 -0.2536680E-01 -0.1462516E+01
   04  0.3679391E+02  0.1407491E+02 -0.9622762E-02 -0.2635540E-01 -0.1462459E+01
   04  0.3845077E+02  0.1407497E+02 -0.9895198E-02 -0.2732570E-01 -0.1462401E+01
   04  0.4010762E+02  0.1407503E+02 -0.1015810E-01 -0.2827806E-01 -0.1462340E+01
   04  0.4176447E+02  0.1407510E+02 -0.1041102E-01 -0.2921288E-01 -0.1462278E+01
   04  0.4342132E+02  0.1407516E+02 -0.1065354E-01 -0.3013055E-01 -0.1462213E+01
   04  0.4507818E+02  0.1407523E+02 -0.1088527E-01 -0.3103146E-01 -0.1462147E+01
   04  0.4673503E+02  0.1407529E+02 -0.1110586E-01 -0.3191604E-01 -0.1462078E+01
   04  0.4839188E+02  0.1407537E+02 -0.1131500E-01 -0.3278469E-01 -0.1462008E+01
   04  0.5004874E+02  0.1407544E+02 -0.1151242E-01 -0.3363766E-01 -0.1461936E+01
   04  0.5170559E+02  0.1407551E+02 -0.1169787E-01 -0.3447520E-01 -0.1461861E+01
   04  0.5336244E+02  0.1407559E+02 -0.1187104E-01 -0.3529755E-01 -0.1461785E+01
   04  0.5501930E+02  0.1407567E+02 -0.1202770E-01 -0.3610495E-01 -0.1461707E+01
   04  0.5667615E+02  0.1407575E+02 -0.1216931E-01 -0.3689770E-01 -0.1461627E+01
   04  0.5833300E+02  0.1407583E+02 -0.1229650E-01 -0.3767614E-01 -0.1461545E+01
   04  0.5998985E+02  0.1407591E+02 -0.1240966E-01 -0.3844061E-01 -0.1461461E+01
   04  0.6164671E+02  0.1407600E+02 -0.1250918E-01 -0.3919144E-01 -0.1461376E+01
   04  0.6330356E+02  0.1407608E+02 -0.1259552E-01 -0.3992898E-01 -0.1461289E+01
   04  0.6496041E+02  0.1407617E+02 -0.1266904E-01 -0.4066051E-01 -0.1461200E+01
   04  0.6661727E+02  0.1407626E+02 -0.1273034E-01 -0.4139002E-01 -0.1461112E+01
   04  0.6827412E+02  0.1407635E+02 -0.1278006E-01 -0.4211732E-01 -0.1461022E+01
   04  0.6993097E+02  0.1407644E+02 -0.1281880E-01 -0.4284218E-01 -0.1460932E+01
   04  0.7158783E+02  0.1407653E+02 -0.1284713E-01 -0.4356442E-01 -0.1460841E+01
   04  0.7324468E+02  0.1407662E+02 -0.1286554E-01 -0.4428383E-01 -0.1460749E+01
   04  0.7490153E+02  0.1407672E+02 -0.1287451E-01 -0.4500025E-01 -0.1460657E+01
   04  0.7655838E+02  0.1407681E+02 -0.1287445E-01 -0.4571349E-01 -0.1460564E+01
   04  0.7821524E+02  0.1407690E+02 -0.1286573E-01 -0.4642340E-01 -0.1460470E+01
   04  0.7987209E+02  0.1407700E+02 -0.1284870E-01 -0.4712984E-01 -0.1460375E+01
   04  0.8152894E+02  0.1407709E+02 -0.1282365E-01 -0.4783266E-01 -0.1460280E+01
   04  0.8318580E+02  0.1407719E+02 -0.1279104E-01 -0.4853177E-01 -0.1460184E+01
   04  0.8484265E+02  0.1407729E+02 -0.1275146E-01 -0.4922706E-01 -0.1460087E+01
   04  0.8649950E+02  0.1407738E+02 -0.1270525E-01 -0.4991849E-01 -0.1459989E+01
   04  0.8815636E+02  0.1407748E+02 -0.1265268E-01 -0.5060602E-01 -0.1459890E+01
   04  0.8981321E+02  0.1407758E+02 -0.1259401E-01 -0.5128965E-01 -0.1459790E+01
   04  0.9147006E+02  0.1407768E+02 -0.1252945E-01 -0.5196935E-01 -0.1459690E+01
   04  0.9445240E+02  0.1407787E+02 -0.1239290E-01 -0.5318857E-01 -0.1459507E+01
   04  0.9743473E+02  0.1407805E+02 -0.1223878E-01 -0.5439464E-01 -0.1459321E+01
   04  0.1004171E+03  0.1407824E+02 -0.1206774E-01 -0.5558765E-01 -0.1459133E+01
   04  0.1033994E+03  0.1407843E+02 -0.1188019E-01 -0.5676766E-01 -0.1458940E+01
   04  0.1063817E+03  0.1407863E+02 -0.1167643E-01 -0.5793480E-01 -0.1458745E+01
   04  0.1093641E+03  0.1407883E+02 -0.1145655E-01 -0.5908938E-01 -0.1458546E+01
   04  0.1123464E+03  0.1407903E+02 -0.1122056E-01 -0.6023167E-01 -0.1458344E+01
   04  0.1153287E+03  0.1407924E+02 -0.1096835E-01 -0.6136189E-01 -0.1458138E+01
   04  0.1183111E+03  0.1407944E+02 -0.1069978E-01 -0.6248016E-01 -0.1457929E+01
   04  0.1212934E+03  0.1407966E+02 -0.1041458E-01 -0.6358659E-01 -0.1457717E+01
   04  0.1242758E+03  0.1407987E+02 -0.1011143E-01 -0.6468131E-01 -0.1457502E+01
   04  0.1272581E+03  0.1408009E+02 -0.9790095E-02 -0.6576450E-01 -0.1457283E+01
   04  0.1302404E+03  0.1408031E+02 -0.9451421E-02 -0.6683634E-01 -0.1457061E+01
   04  0.1332228E+03  0.1408054E+02 -0.9096029E-02 -0.6789705E-01 -0.1456837E+01
   04  0.1362051E+03  0.1408076E+02 -0.8724548E-02 -0.6894691E-01 -0.1456609E+01
   04  0.1391874E+03  0.1408099E+02 -0.8336714E-02 -0.6998624E-01 -0.1456378E+01
   04  0.1421698E+03  0.1408123E+02 -0.7931000E-02 -0.7101560E-01 -0.1456145E+01
   04  0.1451521E+03  0.1408146E+02 -0.7508233E-02 -0.7203569E-01 -0.1455910E+01
   04  0.1481344E+03  0.1408170E+02 -0.7069268E-02 -0.7304721E-01 -0.1455672E+01
   04  0.1511168E+03  0.1408194E+02 -0.6611720E-02 -0.7405086E-01 -0.1455432E+01
   04  0.1540991E+03  0.1408218E+02 -0.6133990E-02 -0.7504736E-01 -0.1455190E+01
   04  0.1570814E+03  0.1408243E+02 -0.5637987E-02 -0.7603746E-01 -0.1454947E+01
   04  0.1600638E+03  0.1408267E+02 -0.5125309E-02 -0.7702189E-01 -0.1454701E+01
   04  0.1630461E+03  0.1408292E+02 -0.4597029E-02 -0.7800137E-01 -0.1454454E+01
   04  0.1660284E+03  0.1408317E+02 -0.4053950E-02 -0.7897654E-01 -0.1454204E+01
   04  0.1690108E+03  0.1408342E+02 -0.3497090E-02 -0.7994455E-01 -0.1453952E+01
   04  0.1719931E+03  0.1408368E+02 -0.2927227E-02 -0.8090311E-01 -0.1453697E+01
   04  0.1749755E+03  0.1408393E+02 -0.2345380E-02 -0.8185229E-01 -0.1453440E+01
   04  0.1779578E+03  0.1408419E+02 -0.1752561E-02 -0.8279224E-01 -0.1453180E+01
   04  0.1809401E+03  0.1408446E+02 -0.1149743E-02 -0.8372315E-01 -0.1452917E+01
   04  0.1824313E+03  0.1408459E+02 -0.8497538E-03 -0.8418201E-01 -0.1452784E+01
   04  0.1839225E+03  0.1408472E+02 -0.5475822E-03 -0.8463879E-01 -0.1452651E+01
   04  0.1854136E+03  0.1408486E+02 -0.2432889E-03 -0.8509352E-01 -0.1452517E+01
   04  0.1869048E+03  0.1408499E+02  0.6306254E-04 -0.8554624E-01 -0.1452382E+01
   04  0.1883960E+03  0.1408513E+02  0.3714172E-03 -0.8599698E-01 -0.1452246E+01
   04  0.1898871E+03  0.1408526E+02  0.6817138E-03 -0.8644577E-01 -0.1452109E+01
   04  0.1913783E+03  0.1408540E+02  0.9938854E-03 -0.8689266E-01 -0.1451972E+01
   04  0.1928695E+03  0.1408554E+02  0.1307860E-02 -0.8733769E-01 -0.1451834E+01
   04  0.1943606E+03  0.1408568E+02  0.1623564E-02 -0.8778092E-01 -0.1451695E+01
   04  0.1958518E+03  0.1408582E+02  0.1940908E-02 -0.8822241E-01 -0.1451555E+01
   04  0.1973430E+03  0.1408596E+02  0.2259762E-02 -0.8866223E-01 -0.1451415E+01
   04  0.1988341E+03  0.1408610E+02  0.2580389E-02 -0.8910044E-01 -0.1451274E+01
   04  0.2003253E+03  0.1408624E+02  0.2902532E-02 -0.8953709E-01 -0.1451132E+01
   04  0.2018165E+03  0.1408638E+02  0.3225972E-02 -0.8997224E-01 -0.1450989E+01
   04  0.2033076E+03  0.1408653E+02  0.3550516E-02 -0.9040594E-01 -0.1450846E+01
   04  0.2047988E+03  0.1408667E+02  0.3875990E-02 -0.9083826E-01 -0.1450702E+01
   04  0.2062900E+03  0.1408682E+02  0.4202231E-02 -0.9126926E-01 -0.1450557E+01
   04  0.2077811E+03  0.1408696E+02  0.4529093E-02 -0.9169901E-01 -0.1450411E+01
   04  0.2092723E+03  0.1408711E+02  0.4856434E-02 -0.9212759E-01 -0.1450265E+01
   04  0.2107635E+03  0.1408726E+02  0.5184126E-02 -0.9255508E-01 -0.1450118E+01
   04  0.2122546E+03  0.1408740E+02  0.5512049E-02 -0.9298156E-01 -0.1449970E+01
   04  0.2137458E+03  0.1408755E+02  0.5840129E-02 -0.9340711E-01 -0.1449822E+01
   04  0.2152370E+03  0.1408770E+02  0.6168292E-02 -0.9383182E-01 -0.1449673E+01
   04  0.2167281E+03  0.1408785E+02  0.6496461E-02 -0.9425577E-01 -0.1449523E+01
   04  0.2182193E+03  0.1408800E+02  0.6824562E-02 -0.9467907E-01 -0.1449373E+01
   04  0.2197105E+03  0.1408815E+02  0.7152528E-02 -0.9510179E-01 -0.1449222E+01
   04  0.2212017E+03  0.1408830E+02  0.7480298E-02 -0.9552404E-01 -0.1449071E+01
   04  0.2226928E+03  0.1408845E+02  0.7807814E-02 -0.9594591E-01 -0.1448918E+01
   04  0.2241840E+03  0.1408861E+02  0.8135024E-02 -0.9636750E-01 -0.1448766E+01
   04  0.2256752E+03  0.1408876E+02  0.8461879E-02 -0.9678889E-01 -0.1448612E+01
   04  0.2271663E+03  0.1408891E+02  0.8788333E-02 -0.9721019E-01 -0.1448459E+01
   04  0.2286575E+03  0.1408907E+02  0.9114340E-02 -0.9763147E-01 -0.1448304E+01
   04  0.2301487E+03  0.1408922E+02  0.9439859E-02 -0.9805283E-01 -0.1448149E+01
   04  0.2316398E+03  0.1408938E+02  0.9764846E-02 -0.9847436E-01 -0.1447994E+01
   04  0.2331310E+03  0.1408954E+02  0.1008926E-01 -0.9889612E-01 -0.1447837E+01
   04  0.2346222E+03  0.1408969E+02  0.1041307E-01 -0.9931821E-01 -0.1447681E+01
   04  0.2361133E+03  0.1408985E+02  0.1073622E-01 -0.9974068E-01 -0.1447524E+01
   04  0.2376045E+03  0.1409001E+02  0.1105868E-01 -0.1001636E+00 -0.1447366E+01
   04  0.2390957E+03  0.1409017E+02  0.1138042E-01 -0.1005871E+00 -0.1447208E+01
   04  0.2405868E+03  0.1409032E+02  0.1170139E-01 -0.1010111E+00 -0.1447049E+01
   04  0.2420780E+03  0.1409048E+02  0.1202156E-01 -0.1014357E+00 -0.1446889E+01
   04  0.2435692E+03  0.1409064E+02  0.1234090E-01 -0.1018611E+00 -0.1446729E+01
   04  0.2450603E+03  0.1409080E+02  0.1265938E-01 -0.1022871E+00 -0.1446569E+01
   04  0.2465515E+03  0.1409096E+02  0.1297573E-01 -0.1027139E+00 -0.1446408E+01
   04  0.2480427E+03  0.1409113E+02  0.1328999E-01 -0.1031414E+00 -0.1446247E+01
   04  0.2495338E+03  0.1409129E+02  0.1360232E-01 -0.1035697E+00 -0.1446086E+01
   04  0.2510250E+03  0.1409145E+02  0.1391282E-01 -0.1039988E+00 -0.1445924E+01
   04  0.2525162E+03  0.1409161E+02  0.1422165E-01 -0.1044287E+00 -0.1445761E+01
   04  0.2540073E+03  0.1409177E+02  0.1452886E-01 -0.1048595E+00 -0.1445598E+01
   04  0.2554985E+03  0.1409194E+02  0.1483452E-01 -0.1052909E+00 -0.1445435E+01
   04  0.2569897E+03  0.1409210E+02  0.1513872E-01 -0.1057232E+00 -0.1445271E+01
   04  0.2584808E+03  0.1409227E+02  0.1544148E-01 -0.1061561E+00 -0.1445107E+01
   04  0.2599720E+03  0.1409243E+02  0.1574284E-01 -0.1065897E+00 -0.1444942E+01
   04  0.2614632E+03  0.1409260E+02  0.1604284E-01 -0.1070239E+00 -0.1444777E+01
   04  0.2629543E+03  0.1409276E+02  0.1634148E-01 -0.1074587E+00 -0.1444612E+01
   04  0.2644455E+03  0.1409293E+02  0.1663876E-01 -0.1078939E+00 -0.1444446E+01
   04  0.2659367E+03  0.1409309E+02  0.1693469E-01 -0.1083295E+00 -0.1444279E+01
   04  0.2674278E+03  0.1409326E+02  0.1722925E-01 -0.1087654E+00 -0.1444113E+01
   04  0.2689190E+03  0.1409343E+02  0.1752242E-01 -0.1092015E+00 -0.1443945E+01
   04  0.2704102E+03  0.1409360E+02  0.1781418E-01 -0.1096378E+00 -0.1443778E+01
   04  0.2719014E+03  0.1409376E+02  0.1810450E-01 -0.1100741E+00 -0.1443610E+01
   04  0.2733925E+03  0.1409393E+02  0.1839335E-01 -0.1105103E+00 -0.1443441E+01
   04  0.2748837E+03  0.1409410E+02  0.1868069E-01 -0.1109463E+00 -0.1443273E+01
   04  0.2763749E+03  0.1409427E+02  0.1896648E-01 -0.1113820E+00 -0.1443104E+01
   04  0.2778660E+03  0.1409444E+02  0.1925068E-01 -0.1118172E+00 -0.1442934E+01
   04  0.2793572E+03  0.1409461E+02  0.1953325E-01 -0.1122519E+00 -0.1442764E+01
   04  0.2808484E+03  0.1409478E+02  0.1981415E-01 -0.1126860E+00 -0.1442594E+01
   04  0.2823395E+03  0.1409495E+02  0.2009331E-01 -0.1131192E+00 -0.1442424E+01
   04  0.2838307E+03  0.1409512E+02  0.2037070E-01 -0.1135515E+00 -0.1442253E+01
   04  0.2853219E+03  0.1409529E+02  0.2064624E-01 -0.1139826E+00 -0.1442082E+01
   04  0.2868130E+03  0.1409546E+02  0.2091985E-01 -0.1144124E+00 -0.1441911E+01
   04  0.2883042E+03  0.1409563E+02  0.2119143E-01 -0.1148406E+00 -0.1441739E+01
   04  0.2897954E+03  0.1409581E+02  0.2146089E-01 -0.1152672E+00 -0.1441567E+01
   04  0.2912865E+03  0.1409598E+02  0.2172813E-01 -0.1156921E+00 -0.1441395E+01
   04  0.2927777E+03  0.1409615E+02  0.2199304E-01 -0.1161150E+00 -0.1441222E+01
   04  0.2942689E+03  0.1409632E+02  0.2225553E-01 -0.1165357E+00 -0.1441049E+01
   04  0.2957600E+03  0.1409650E+02  0.2251798E-01 -0.1169543E+00 -0.1440876E+01
   04  0.2972512E+03  0.1409667E+02  0.2278055E-01 -0.1173702E+00 -0.1440703E+01
   04  0.2987424E+03  0.1409684E+02  0.2304315E-01 -0.1177830E+00 -0.1440529E+01
   04  0.3002335E+03  0.1409702E+02  0.2330564E-01 -0.1181924E+00 -0.1440354E+01
   04  0.3017247E+03  0.1409719E+02  0.2356791E-01 -0.1185981E+00 -0.1440180E+01
   04  0.3032159E+03  0.1409737E+02  0.2382979E-01 -0.1189996E+00 -0.1440005E+01
   04  0.3047070E+03  0.1409754E+02  0.2409113E-01 -0.1193966E+00 -0.1439830E+01
   04  0.3061982E+03  0.1409772E+02  0.2435176E-01 -0.1197888E+00 -0.1439654E+01
   04  0.3076894E+03  0.1409789E+02  0.2461148E-01 -0.1201760E+00 -0.1439478E+01
   04  0.3091805E+03  0.1409807E+02  0.2487013E-01 -0.1205578E+00 -0.1439303E+01
   04  0.3106717E+03  0.1409825E+02  0.2512752E-01 -0.1209340E+00 -0.1439127E+01
   04  0.3121629E+03  0.1409842E+02  0.2538345E-01 -0.1213043E+00 -0.1438951E+01
   04  0.3136540E+03  0.1409860E+02  0.2563779E-01 -0.1216686E+00 -0.1438774E+01
   04  0.3151452E+03  0.1409878E+02  0.2589040E-01 -0.1220266E+00 -0.1438598E+01
   04  0.3165017E+03  0.1409894E+02  0.2611761E-01 -0.1223460E+00 -0.1438438E+01
   04  0.3178581E+03  0.1409910E+02  0.2634318E-01 -0.1226599E+00 -0.1438277E+01
   04  0.3192146E+03  0.1409926E+02  0.2656702E-01 -0.1229681E+00 -0.1438116E+01
   04  0.3205710E+03  0.1409942E+02  0.2678901E-01 -0.1232705E+00 -0.1437956E+01
   04  0.3219275E+03  0.1409958E+02  0.2700904E-01 -0.1235670E+00 -0.1437795E+01
   04  0.3232839E+03  0.1409974E+02  0.2722702E-01 -0.1238575E+00 -0.1437635E+01
   04  0.3246404E+03  0.1409990E+02  0.2744286E-01 -0.1241419E+00 -0.1437474E+01
   04  0.3259968E+03  0.1410006E+02  0.2765646E-01 -0.1244202E+00 -0.1437314E+01
   04  0.3273533E+03  0.1410022E+02  0.2786773E-01 -0.1246921E+00 -0.1437154E+01
   04  0.3287097E+03  0.1410038E+02  0.2807660E-01 -0.1249577E+00 -0.1436993E+01
   04  0.3300662E+03  0.1410054E+02  0.2828297E-01 -0.1252168E+00 -0.1436833E+01
   04  0.3314226E+03  0.1410070E+02  0.2848678E-01 -0.1254694E+00 -0.1436673E+01
   04  0.3327791E+03  0.1410086E+02  0.2868795E-01 -0.1257154E+00 -0.1436513E+01
   04  0.3341355E+03  0.1410102E+02  0.2888641E-01 -0.1259548E+00 -0.1436353E+01
   04  0.3354920E+03  0.1410118E+02  0.2908210E-01 -0.1261875E+00 -0.1436194E+01
   04  0.3368484E+03  0.1410134E+02  0.2927494E-01 -0.1264134E+00 -0.1436034E+01
   04  0.3382049E+03  0.1410150E+02  0.2946488E-01 -0.1266325E+00 -0.1435874E+01
   04  0.3395613E+03  0.1410166E+02  0.2965185E-01 -0.1268447E+00 -0.1435715E+01
   04  0.3409178E+03  0.1410182E+02  0.2983579E-01 -0.1270500E+00 -0.1435556E+01
   04  0.3422742E+03  0.1410198E+02  0.3001665E-01 -0.1272483E+00 -0.1435397E+01
   04  0.3436307E+03  0.1410214E+02  0.3019437E-01 -0.1274396E+00 -0.1435238E+01
   04  0.3449871E+03  0.1410229E+02  0.3036889E-01 -0.1276239E+00 -0.1435079E+01
   04  0.3463436E+03  0.1410245E+02  0.3054015E-01 -0.1278010E+00 -0.1434920E+01
   04  0.3477000E+03  0.1410261E+02  0.3070811E-01 -0.1279710E+00 -0.1434762E+01
   04  0.3490565E+03  0.1410277E+02  0.3087269E-01 -0.1281338E+00 -0.1434604E+01
   04  0.3504130E+03  0.1410293E+02  0.3103385E-01 -0.1282893E+00 -0.1434445E+01
   04  0.3517694E+03  0.1410309E+02  0.3119153E-01 -0.1284376E+00 -0.1434288E+01
   04  0.3531259E+03  0.1410324E+02  0.3134567E-01 -0.1285785E+00 -0.1434130E+01
   04  0.3544823E+03  0.1410340E+02  0.3149620E-01 -0.1287120E+00 -0.1433972E+01
   04  0.3558388E+03  0.1410356E+02  0.3164308E-01 -0.1288380E+00 -0.1433815E+01
   04  0.3574665E+03  0.1410375E+02  0.3181646E-01 -0.1289813E+00 -0.1433627E+01
   04  0.3590942E+03  0.1410393E+02  0.3198429E-01 -0.1291139E+00 -0.1433439E+01
   04  0.3607220E+03  0.1410412E+02  0.3214645E-01 -0.1292356E+00 -0.1433251E+01
   04  0.3623497E+03  0.1410431E+02  0.3230282E-01 -0.1293464E+00 -0.1433064E+01
   04  0.3639775E+03  0.1410450E+02  0.3245330E-01 -0.1294462E+00 -0.1432877E+01
   04  0.3656052E+03  0.1410468E+02  0.3259777E-01 -0.1295349E+00 -0.1432691E+01
   04  0.3672329E+03  0.1410487E+02  0.3273611E-01 -0.1296124E+00 -0.1432505E+01
   04  0.3688607E+03  0.1410505E+02  0.3286822E-01 -0.1296785E+00 -0.1432319E+01
   04  0.3704884E+03  0.1410524E+02  0.3299396E-01 -0.1297333E+00 -0.1432134E+01
   04  0.3721162E+03  0.1410542E+02  0.3311321E-01 -0.1297766E+00 -0.1431949E+01
   04  0.3737439E+03  0.1410561E+02  0.3322586E-01 -0.1298084E+00 -0.1431765E+01
   04  0.3753717E+03  0.1410579E+02  0.3333177E-01 -0.1298286E+00 -0.1431581E+01
   04  0.3769994E+03  0.1410598E+02  0.3343081E-01 -0.1298372E+00 -0.1431398E+01
   04  0.3786271E+03  0.1410616E+02  0.3352283E-01 -0.1298340E+00 -0.1431215E+01
   04  0.3802549E+03  0.1410634E+02  0.3360771E-01 -0.1298192E+00 -0.1431032E+01
   04  0.3818826E+03  0.1410652E+02  0.3368529E-01 -0.1297925E+00 -0.1430850E+01
   04  0.3835104E+03  0.1410670E+02  0.3375543E-01 -0.1297541E+00 -0.1430669E+01
   04  0.3851381E+03  0.1410688E+02  0.3381797E-01 -0.1297038E+00 -0.1430488E+01
   04  0.3867658E+03  0.1410707E+02  0.3387274E-01 -0.1296418E+00 -0.1430308E+01
   04  0.3883936E+03  0.1410725E+02  0.3391959E-01 -0.1295680E+00 -0.1430128E+01
   04  0.3900213E+03  0.1410742E+02  0.3395835E-01 -0.1294824E+00 -0.1429949E+01
   04  0.3916491E+03  0.1410760E+02  0.3398885E-01 -0.1293850E+00 -0.1429770E+01
   04  0.3932768E+03  0.1410778E+02  0.3401091E-01 -0.1292760E+00 -0.1429592E+01
   04  0.3949046E+03  0.1410796E+02  0.3402435E-01 -0.1291553E+00 -0.1429415E+01
   04  0.3965323E+03  0.1410814E+02  0.3402898E-01 -0.1290231E+00 -0.1429238E+01
   04  0.3981600E+03  0.1410831E+02  0.3402460E-01 -0.1288794E+00 -0.1429061E+01
   04  0.3997878E+03  0.1410849E+02  0.3401096E-01 -0.1287242E+00 -0.1428885E+01
   04  0.4014155E+03  0.1410866E+02  0.3398778E-01 -0.1285577E+00 -0.1428710E+01
   04  0.4030433E+03  0.1410884E+02  0.3395480E-01 -0.1283801E+00 -0.1428535E+01
   04  0.4046710E+03  0.1410901E+02  0.3391177E-01 -0.1281915E+00 -0.1428361E+01
   04  0.4062987E+03  0.1410919E+02  0.3385846E-01 -0.1279919E+00 -0.1428188E+01
   04  0.4079265E+03  0.1410936E+02  0.3379464E-01 -0.1277818E+00 -0.1428015E+01
   04  0.4095542E+03  0.1410953E+02  0.3372010E-01 -0.1275611E+00 -0.1427843E+01
   04  0.4111820E+03  0.1410970E+02  0.3363462E-01 -0.1273302E+00 -0.1427671E+01
   04  0.4128097E+03  0.1410987E+02  0.3353801E-01 -0.1270893E+00 -0.1427500E+01
   04  0.4144375E+03  0.1411004E+02  0.3343006E-01 -0.1268386E+00 -0.1427329E+01
   04  0.4160652E+03  0.1411021E+02  0.3331055E-01 -0.1265783E+00 -0.1427159E+01
   04  0.4176929E+03  0.1411038E+02  0.3317880E-01 -0.1263086E+00 -0.1426990E+01
   04  0.4193207E+03  0.1411055E+02  0.3303461E-01 -0.1260299E+00 -0.1426821E+01
   04  0.4209484E+03  0.1411072E+02  0.3287801E-01 -0.1257425E+00 -0.1426653E+01
   04  0.4225762E+03  0.1411089E+02  0.3270941E-01 -0.1254466E+00 -0.1426485E+01
   04  0.4242039E+03  0.1411106E+02  0.3252857E-01 -0.1251427E+00 -0.1426318E+01
   04  0.4258316E+03  0.1411122E+02  0.3233528E-01 -0.1248311E+00 -0.1426152E+01
   04  0.4274594E+03  0.1411139E+02  0.3212930E-01 -0.1245121E+00 -0.1425985E+01
   04  0.4290871E+03  0.1411155E+02  0.3191042E-01 -0.1241861E+00 -0.1425820E+01
   04  0.4307149E+03  0.1411172E+02  0.3167842E-01 -0.1238534E+00 -0.1425655E+01
   04  0.4323426E+03  0.1411188E+02  0.3143310E-01 -0.1235146E+00 -0.1425490E+01
   04  0.4339704E+03  0.1411205E+02  0.3117425E-01 -0.1231698E+00 -0.1425326E+01
   04  0.4355981E+03  0.1411221E+02  0.3090171E-01 -0.1228192E+00 -0.1425163E+01
   04  0.4372258E+03  0.1411237E+02  0.3061525E-01 -0.1224633E+00 -0.1425000E+01
   04  0.4388536E+03  0.1411254E+02  0.3031469E-01 -0.1221022E+00 -0.1424837E+01
   04  0.4404813E+03  0.1411270E+02  0.2999987E-01 -0.1217363E+00 -0.1424675E+01
   04  0.4421091E+03  0.1411286E+02  0.2967061E-01 -0.1213661E+00 -0.1424514E+01
   04  0.4437368E+03  0.1411302E+02  0.2932677E-01 -0.1209918E+00 -0.1424353E+01
   04  0.4453645E+03  0.1411318E+02  0.2896818E-01 -0.1206139E+00 -0.1424192E+01
   04  0.4469923E+03  0.1411334E+02  0.2859467E-01 -0.1202328E+00 -0.1424031E+01
   04  0.4486200E+03  0.1411350E+02  0.2820606E-01 -0.1198490E+00 -0.1423871E+01
   04  0.4502478E+03  0.1411366E+02  0.2780214E-01 -0.1194630E+00 -0.1423712E+01
   04  0.4518755E+03  0.1411382E+02  0.2738270E-01 -0.1190752E+00 -0.1423552E+01
   04  0.4535033E+03  0.1411398E+02  0.2694750E-01 -0.1186860E+00 -0.1423393E+01
   04  0.4551310E+03  0.1411414E+02  0.2649654E-01 -0.1182960E+00 -0.1423234E+01
   04  0.4567587E+03  0.1411430E+02  0.2602973E-01 -0.1179056E+00 -0.1423076E+01
   04  0.4583865E+03  0.1411446E+02  0.2554695E-01 -0.1175152E+00 -0.1422917E+01
   04  0.4600142E+03  0.1411461E+02  0.2505270E-01 -0.1171256E+00 -0.1422759E+01
   04  0.4616420E+03  0.1411477E+02  0.2454982E-01 -0.1167369E+00 -0.1422601E+01
   04  0.4632697E+03  0.1411493E+02  0.2403833E-01 -0.1163496E+00 -0.1422444E+01
   04  0.4648974E+03  0.1411509E+02  0.2351813E-01 -0.1159641E+00 -0.1422288E+01
   04  0.4665252E+03  0.1411524E+02  0.2298915E-01 -0.1155812E+00 -0.1422132E+01
   04  0.4681529E+03  0.1411540E+02  0.2245138E-01 -0.1152013E+00 -0.1421976E+01
   04  0.4697807E+03  0.1411555E+02  0.2190464E-01 -0.1148251E+00 -0.1421821E+01
   04  0.4714084E+03  0.1411571E+02  0.2134889E-01 -0.1144530E+00 -0.1421666E+01
   04  0.4730362E+03  0.1411586E+02  0.2078404E-01 -0.1140854E+00 -0.1421512E+01
   04  0.4746639E+03  0.1411602E+02  0.2020998E-01 -0.1137229E+00 -0.1421357E+01
   04  0.4762916E+03  0.1411617E+02  0.1962658E-01 -0.1133658E+00 -0.1421203E+01
   04  0.4779194E+03  0.1411632E+02  0.1903371E-01 -0.1130145E+00 -0.1421049E+01
   04  0.4795471E+03  0.1411648E+02  0.1843044E-01 -0.1126692E+00 -0.1420895E+01
   04  0.4811749E+03  0.1411663E+02  0.1781325E-01 -0.1123304E+00 -0.1420741E+01
   04  0.4828026E+03  0.1411679E+02  0.1718214E-01 -0.1119983E+00 -0.1420587E+01
   04  0.4844303E+03  0.1411694E+02  0.1653707E-01 -0.1116729E+00 -0.1420432E+01
   04  0.4860581E+03  0.1411710E+02  0.1587797E-01 -0.1113546E+00 -0.1420277E+01
   04  0.4876858E+03  0.1411725E+02  0.1520475E-01 -0.1110434E+00 -0.1420122E+01
   04  0.4893136E+03  0.1411741E+02  0.1451731E-01 -0.1107394E+00 -0.1419967E+01
   04  0.4909413E+03  0.1411756E+02  0.1380956E-01 -0.1104427E+00 -0.1419812E+01
   04  0.4925691E+03  0.1411772E+02  0.1308095E-01 -0.1101532E+00 -0.1419657E+01
   04  0.4941968E+03  0.1411787E+02  0.1233164E-01 -0.1098710E+00 -0.1419502E+01
   04  0.4958245E+03  0.1411803E+02  0.1156180E-01 -0.1095962E+00 -0.1419347E+01
   04  0.4974523E+03  0.1411818E+02  0.1077161E-01 -0.1093286E+00 -0.1419193E+01
   04  0.4990800E+03  0.1411833E+02  0.9961277E-02 -0.1090683E+00 -0.1419039E+01
   04  0.5007078E+03  0.1411849E+02  0.9131004E-02 -0.1088151E+00 -0.1418884E+01
   04  0.5023355E+03  0.1411864E+02  0.8281019E-02 -0.1085689E+00 -0.1418730E+01
   04  0.5039632E+03  0.1411880E+02  0.7411559E-02 -0.1083296E+00 -0.1418576E+01
   04  0.5055910E+03  0.1411895E+02  0.6522868E-02 -0.1080971E+00 -0.1418421E+01
   04  0.5072187E+03  0.1411911E+02  0.5615199E-02 -0.1078713E+00 -0.1418267E+01
   04  0.5088465E+03  0.1411926E+02  0.4688812E-02 -0.1076518E+00 -0.1418113E+01
   04  0.5104742E+03  0.1411941E+02  0.3743973E-02 -0.1074386E+00 -0.1417958E+01
   04  0.5121020E+03  0.1411957E+02  0.2781161E-02 -0.1072313E+00 -0.1417804E+01
   04  0.5137297E+03  0.1411972E+02  0.1800923E-02 -0.1070297E+00 -0.1417649E+01
   04  0.5153574E+03  0.1411988E+02  0.8022495E-03 -0.1068335E+00 -0.1417494E+01
   04  0.5169852E+03  0.1412003E+02 -0.2139844E-03 -0.1066421E+00 -0.1417339E+01
   04  0.5186129E+03  0.1412019E+02 -0.1247540E-02 -0.1064554E+00 -0.1417184E+01
   04  0.5202407E+03  0.1412035E+02 -0.2298298E-02 -0.1062728E+00 -0.1417028E+01
   04  0.5218684E+03  0.1412050E+02 -0.3366071E-02 -0.1060943E+00 -0.1416872E+01
   04  0.5234961E+03  0.1412066E+02 -0.4450623E-02 -0.1059193E+00 -0.1416716E+01
   04  0.5251239E+03  0.1412081E+02 -0.5551694E-02 -0.1057478E+00 -0.1416560E+01
   04  0.5267516E+03  0.1412097E+02 -0.6669009E-02 -0.1055793E+00 -0.1416404E+01
   04  0.5283794E+03  0.1412113E+02 -0.7802298E-02 -0.1054138E+00 -0.1416247E+01
   04  0.5300071E+03  0.1412128E+02 -0.8951302E-02 -0.1052510E+00 -0.1416090E+01
   04  0.5316349E+03  0.1412144E+02 -0.1011548E-01 -0.1050906E+00 -0.1415932E+01
   04  0.5332626E+03  0.1412160E+02 -0.1129417E-01 -0.1049325E+00 -0.1415774E+01
   04  0.5348903E+03  0.1412176E+02 -0.1248726E-01 -0.1047765E+00 -0.1415616E+01
   04  0.5365181E+03  0.1412192E+02 -0.1369466E-01 -0.1046224E+00 -0.1415456E+01
   04  0.5381458E+03  0.1412208E+02 -0.1491634E-01 -0.1044701E+00 -0.1415297E+01
   04  0.5397736E+03  0.1412224E+02 -0.1615234E-01 -0.1043194E+00 -0.1415136E+01
   04  0.5414013E+03  0.1412240E+02 -0.1740274E-01 -0.1041703E+00 -0.1414974E+01
   04  0.5430290E+03  0.1412256E+02 -0.1866770E-01 -0.1040226E+00 -0.1414812E+01
   04  0.5446568E+03  0.1412272E+02 -0.1994742E-01 -0.1038761E+00 -0.1414649E+01
   04  0.5462845E+03  0.1412289E+02 -0.2124210E-01 -0.1037309E+00 -0.1414485E+01
   04  0.5479123E+03  0.1412305E+02 -0.2255203E-01 -0.1035867E+00 -0.1414320E+01
   04  0.5495400E+03  0.1412322E+02 -0.2387755E-01 -0.1034436E+00 -0.1414153E+01
   04  0.5511678E+03  0.1412339E+02 -0.2521904E-01 -0.1033017E+00 -0.1413986E+01
   04  0.5527955E+03  0.1412356E+02 -0.2657699E-01 -0.1031610E+00 -0.1413817E+01
   04  0.5544232E+03  0.1412373E+02 -0.2795191E-01 -0.1030216E+00 -0.1413647E+01
   04  0.5560510E+03  0.1412390E+02 -0.2934444E-01 -0.1028837E+00 -0.1413475E+01
   04  0.5576787E+03  0.1412407E+02 -0.3075525E-01 -0.1027476E+00 -0.1413302E+01
   04  0.5593065E+03  0.1412425E+02 -0.3218514E-01 -0.1026134E+00 -0.1413127E+01
   04  0.5609342E+03  0.1412442E+02 -0.3363496E-01 -0.1024815E+00 -0.1412950E+01
   04  0.5625619E+03  0.1412460E+02 -0.3510567E-01 -0.1023523E+00 -0.1412772E+01
   04  0.5641897E+03  0.1412478E+02 -0.3659832E-01 -0.1022261E+00 -0.1412591E+01
   04  0.5658174E+03  0.1412497E+02 -0.3811405E-01 -0.1021033E+00 -0.1412408E+01
   04  0.5674452E+03  0.1412515E+02 -0.3965411E-01 -0.1019847E+00 -0.1412222E+01
   04  0.5690729E+03  0.1412534E+02 -0.4121982E-01 -0.1018705E+00 -0.1412034E+01
   04  0.5707007E+03  0.1412553E+02 -0.4281265E-01 -0.1017616E+00 -0.1411843E+01
   04  0.5723284E+03  0.1412572E+02 -0.4443413E-01 -0.1016584E+00 -0.1411649E+01
   04  0.5739561E+03  0.1412592E+02 -0.4608592E-01 -0.1015618E+00 -0.1411452E+01
   04  0.5755839E+03  0.1412612E+02 -0.4776978E-01 -0.1014726E+00 -0.1411252E+01
   04  0.5772116E+03  0.1412633E+02 -0.4948758E-01 -0.1013918E+00 -0.1411048E+01
   04  0.5788394E+03  0.1412653E+02 -0.5124130E-01 -0.1013204E+00 -0.1410840E+01
   04  0.5804671E+03  0.1412674E+02 -0.5303302E-01 -0.1012595E+00 -0.1410628E+01
   04  0.5820948E+03  0.1412696E+02 -0.5486495E-01 -0.1012103E+00 -0.1410412E+01
   04  0.5837226E+03  0.1412718E+02 -0.5673942E-01 -0.1011740E+00 -0.1410192E+01
   04  0.5853503E+03  0.1412741E+02 -0.5865889E-01 -0.1011520E+00 -0.1409967E+01
   04  0.5869781E+03  0.1412764E+02 -0.6062595E-01 -0.1011457E+00 -0.1409737E+01
   04  0.5886058E+03  0.1412787E+02 -0.6264329E-01 -0.1011569E+00 -0.1409501E+01
   04  0.5902336E+03  0.1412811E+02 -0.6471373E-01 -0.1011871E+00 -0.1409260E+01
   04  0.5918613E+03  0.1412836E+02 -0.6684021E-01 -0.1012382E+00 -0.1409013E+01
   04  0.5934890E+03  0.1412861E+02 -0.6902612E-01 -0.1013098E+00 -0.1408759E+01
   04  0.5951168E+03  0.1412887E+02 -0.7127512E-01 -0.1014033E+00 -0.1408499E+01
   04  0.5967445E+03  0.1412914E+02 -0.7359102E-01 -0.1015206E+00 -0.1408231E+01
   04  0.5983723E+03  0.1412942E+02 -0.7597762E-01 -0.1016622E+00 -0.1407956E+01
