# gauge_id= 605 location=( -0.1242015246E+03  0.4175949634E+02 ) num_var=  4
# Stationary gauge
# level, time, q[  1  2  3], eta, aux[]
# file format ascii, time series follow in this file
   04  0.0000000E+00  0.1045510E+02  0.0000000E+00  0.0000000E+00  0.0000000E+00
   04  0.1000000E+01  0.1045510E+02 -0.1379163E-15 -0.1786967E-16 -0.1459736E+01
   04  0.1015873E+01  0.1045510E+02 -0.5565338E-05 -0.1046284E-04 -0.1459736E+01
   04  0.1031746E+01  0.1045510E+02 -0.1113166E-04 -0.2092562E-04 -0.1459736E+01
   04  0.1047619E+01  0.1045510E+02 -0.1669897E-04 -0.3138833E-04 -0.1459736E+01
   04  0.1063492E+01  0.1045510E+02 -0.2226727E-04 -0.4185096E-04 -0.1459736E+01
   04  0.1079365E+01  0.1045510E+02 -0.2783654E-04 -0.5231354E-04 -0.1459736E+01
   04  0.1095238E+01  0.1045510E+02 -0.3340680E-04 -0.6277604E-04 -0.1459736E+01
   04  0.1111111E+01  0.1045510E+02 -0.3897804E-04 -0.7323847E-04 -0.1459736E+01
   04  0.1126984E+01  0.1045510E+02 -0.4455026E-04 -0.8370083E-04 -0.1459736E+01
   04  0.1142857E+01  0.1045510E+02 -0.5012345E-04 -0.9416313E-04 -0.1459736E+01
   04  0.1158730E+01  0.1045510E+02 -0.5569763E-04 -0.1046254E-03 -0.1459736E+01
   04  0.1174603E+01  0.1045510E+02 -0.6127278E-04 -0.1150875E-03 -0.1459736E+01
   04  0.1190476E+01  0.1045510E+02 -0.6684890E-04 -0.1255496E-03 -0.1459736E+01
   04  0.1206349E+01  0.1045510E+02 -0.7242600E-04 -0.1360116E-03 -0.1459736E+01
   04  0.1222222E+01  0.1045510E+02 -0.7800407E-04 -0.1464735E-03 -0.1459736E+01
   04  0.1238095E+01  0.1045510E+02 -0.8358311E-04 -0.1569354E-03 -0.1459736E+01
   04  0.1253968E+01  0.1045510E+02 -0.8916312E-04 -0.1673972E-03 -0.1459736E+01
   04  0.1269841E+01  0.1045510E+02 -0.9474410E-04 -0.1778589E-03 -0.1459736E+01
   04  0.1285714E+01  0.1045510E+02 -0.1003261E-03 -0.1883206E-03 -0.1459736E+01
   04  0.1301587E+01  0.1045510E+02 -0.1059090E-03 -0.1987822E-03 -0.1459736E+01
   04  0.1317460E+01  0.1045510E+02 -0.1114928E-03 -0.2092437E-03 -0.1459736E+01
   04  0.1333333E+01  0.1045510E+02 -0.1170777E-03 -0.2197051E-03 -0.1459736E+01
   04  0.1349206E+01  0.1045510E+02 -0.1226635E-03 -0.2301665E-03 -0.1459736E+01
   04  0.1365079E+01  0.1045510E+02 -0.1282503E-03 -0.2406278E-03 -0.1459736E+01
   04  0.1380952E+01  0.1045510E+02 -0.1338380E-03 -0.2510890E-03 -0.1459736E+01
   04  0.1396825E+01  0.1045510E+02 -0.1394267E-03 -0.2615501E-03 -0.1459736E+01
   04  0.1412698E+01  0.1045510E+02 -0.1450163E-03 -0.2720112E-03 -0.1459736E+01
   04  0.1428571E+01  0.1045510E+02 -0.1506069E-03 -0.2824722E-03 -0.1459736E+01
   04  0.1476190E+01  0.1045510E+02 -0.1673834E-03 -0.3138543E-03 -0.1459736E+01
   04  0.1523810E+01  0.1045510E+02 -0.1841684E-03 -0.3452358E-03 -0.1459736E+01
   04  0.1571429E+01  0.1045510E+02 -0.2009620E-03 -0.3766165E-03 -0.1459736E+01
   04  0.1619048E+01  0.1045510E+02 -0.2177641E-03 -0.4079966E-03 -0.1459736E+01
   04  0.1666667E+01  0.1045510E+02 -0.2345746E-03 -0.4393759E-03 -0.1459736E+01
   04  0.1714286E+01  0.1045510E+02 -0.2513937E-03 -0.4707546E-03 -0.1459736E+01
   04  0.1761905E+01  0.1045510E+02 -0.2682211E-03 -0.5021325E-03 -0.1459736E+01
   04  0.1809524E+01  0.1045510E+02 -0.2850570E-03 -0.5335097E-03 -0.1459736E+01
   04  0.1857143E+01  0.1045510E+02 -0.3019012E-03 -0.5648861E-03 -0.1459736E+01
   04  0.1904762E+01  0.1045510E+02 -0.3187538E-03 -0.5962618E-03 -0.1459736E+01
   04  0.1952381E+01  0.1045510E+02 -0.3356146E-03 -0.6276368E-03 -0.1459736E+01
   04  0.2000000E+01  0.1045510E+02 -0.3524837E-03 -0.6590110E-03 -0.1459736E+01
   04  0.5727919E+01  0.1045509E+02 -0.1687312E-02 -0.3109498E-02 -0.1459737E+01
   04  0.9455838E+01  0.1045509E+02 -0.3063344E-02 -0.5552925E-02 -0.1459742E+01
   04  0.1318376E+02  0.1045508E+02 -0.4465750E-02 -0.7985778E-02 -0.1459749E+01
   04  0.1691168E+02  0.1045508E+02 -0.5879503E-02 -0.1040472E-01 -0.1459756E+01
   04  0.2063960E+02  0.1045507E+02 -0.7289744E-02 -0.1280664E-01 -0.1459761E+01
   04  0.2436752E+02  0.1045507E+02 -0.8682216E-02 -0.1518865E-01 -0.1459764E+01
   04  0.2809543E+02  0.1045507E+02 -0.1004368E-01 -0.1754816E-01 -0.1459762E+01
   04  0.2995939E+02  0.1045507E+02 -0.1070891E-01 -0.1871812E-01 -0.1459759E+01
   04  0.3182335E+02  0.1045508E+02 -0.1136101E-01 -0.1988154E-01 -0.1459755E+01
   04  0.3348021E+02  0.1045508E+02 -0.1192865E-01 -0.2090994E-01 -0.1459749E+01
   04  0.3513706E+02  0.1045509E+02 -0.1248425E-01 -0.2193285E-01 -0.1459742E+01
   04  0.3679391E+02  0.1045510E+02 -0.1302559E-01 -0.2295013E-01 -0.1459733E+01
   04  0.3845077E+02  0.1045511E+02 -0.1355028E-01 -0.2396167E-01 -0.1459722E+01
   04  0.4010762E+02  0.1045512E+02 -0.1405841E-01 -0.2496735E-01 -0.1459710E+01
   04  0.4176447E+02  0.1045514E+02 -0.1455004E-01 -0.2596710E-01 -0.1459695E+01
   04  0.4342132E+02  0.1045515E+02 -0.1502523E-01 -0.2696083E-01 -0.1459678E+01
   04  0.4507818E+02  0.1045517E+02 -0.1548402E-01 -0.2794849E-01 -0.1459659E+01
   04  0.4673503E+02  0.1045519E+02 -0.1592645E-01 -0.2893003E-01 -0.1459638E+01
   04  0.4839188E+02  0.1045522E+02 -0.1635228E-01 -0.2990543E-01 -0.1459615E+01
   04  0.5004874E+02  0.1045524E+02 -0.1676062E-01 -0.3087470E-01 -0.1459590E+01
   04  0.5170559E+02  0.1045527E+02 -0.1715152E-01 -0.3183791E-01 -0.1459563E+01
   04  0.5336244E+02  0.1045530E+02 -0.1752517E-01 -0.3279511E-01 -0.1459534E+01
   04  0.5501930E+02  0.1045533E+02 -0.1789148E-01 -0.3374639E-01 -0.1459503E+01
   04  0.5667615E+02  0.1045536E+02 -0.1824925E-01 -0.3469185E-01 -0.1459471E+01
   04  0.5833300E+02  0.1045539E+02 -0.1859762E-01 -0.3563158E-01 -0.1459437E+01
   04  0.5998985E+02  0.1045543E+02 -0.1893588E-01 -0.3656570E-01 -0.1459402E+01
   04  0.6164671E+02  0.1045547E+02 -0.1926348E-01 -0.3749429E-01 -0.1459366E+01
   04  0.6330356E+02  0.1045550E+02 -0.1957994E-01 -0.3841748E-01 -0.1459328E+01
   04  0.6496041E+02  0.1045554E+02 -0.1988500E-01 -0.3933540E-01 -0.1459288E+01
   04  0.6661727E+02  0.1045558E+02 -0.2017859E-01 -0.4024819E-01 -0.1459246E+01
   04  0.6827412E+02  0.1045563E+02 -0.2046066E-01 -0.4115598E-01 -0.1459203E+01
   04  0.6993097E+02  0.1045567E+02 -0.2073120E-01 -0.4205889E-01 -0.1459158E+01
   04  0.7158783E+02  0.1045572E+02 -0.2099026E-01 -0.4295706E-01 -0.1459112E+01
   04  0.7324468E+02  0.1045577E+02 -0.2123791E-01 -0.4385062E-01 -0.1459064E+01
   04  0.7490153E+02  0.1045582E+02 -0.2147423E-01 -0.4473971E-01 -0.1459014E+01
   04  0.7655838E+02  0.1045587E+02 -0.2169934E-01 -0.4562446E-01 -0.1458962E+01
   04  0.7821524E+02  0.1045592E+02 -0.2191338E-01 -0.4650501E-01 -0.1458909E+01
   04  0.7987209E+02  0.1045598E+02 -0.2211649E-01 -0.4738150E-01 -0.1458854E+01
   04  0.8152894E+02  0.1045603E+02 -0.2230880E-01 -0.4825408E-01 -0.1458797E+01
   04  0.8318580E+02  0.1045609E+02 -0.2249048E-01 -0.4912289E-01 -0.1458738E+01
   04  0.8484265E+02  0.1045615E+02 -0.2266277E-01 -0.4998795E-01 -0.1458678E+01
   04  0.8649950E+02  0.1045621E+02 -0.2282656E-01 -0.5084944E-01 -0.1458617E+01
   04  0.8815636E+02  0.1045628E+02 -0.2298196E-01 -0.5170812E-01 -0.1458554E+01
   04  0.8981321E+02  0.1045634E+02 -0.2312899E-01 -0.5256388E-01 -0.1458489E+01
   04  0.9147006E+02  0.1045641E+02 -0.2326770E-01 -0.5341665E-01 -0.1458424E+01
   04  0.9445240E+02  0.1045653E+02 -0.2349013E-01 -0.5494429E-01 -0.1458302E+01
   04  0.9743473E+02  0.1045666E+02 -0.2368606E-01 -0.5646169E-01 -0.1458176E+01
   04  0.1004171E+03  0.1045679E+02 -0.2385562E-01 -0.5796804E-01 -0.1458045E+01
   04  0.1033994E+03  0.1045692E+02 -0.2399892E-01 -0.5946093E-01 -0.1457910E+01
   04  0.1063817E+03  0.1045706E+02 -0.2411609E-01 -0.6093817E-01 -0.1457771E+01
   04  0.1093641E+03  0.1045720E+02 -0.2420729E-01 -0.6240052E-01 -0.1457626E+01
   04  0.1123464E+03  0.1045735E+02 -0.2427264E-01 -0.6384875E-01 -0.1457477E+01
   04  0.1153287E+03  0.1045751E+02 -0.2431213E-01 -0.6528348E-01 -0.1457324E+01
   04  0.1183111E+03  0.1045767E+02 -0.2432570E-01 -0.6670534E-01 -0.1457166E+01
   04  0.1212934E+03  0.1045783E+02 -0.2431317E-01 -0.6811491E-01 -0.1457004E+01
   04  0.1242758E+03  0.1045799E+02 -0.2427210E-01 -0.6951272E-01 -0.1456838E+01
   04  0.1272581E+03  0.1045816E+02 -0.2420505E-01 -0.7089928E-01 -0.1456666E+01
   04  0.1302404E+03  0.1045834E+02 -0.2411551E-01 -0.7227520E-01 -0.1456490E+01
   04  0.1332228E+03  0.1045852E+02 -0.2400362E-01 -0.7364104E-01 -0.1456309E+01
   04  0.1362051E+03  0.1045871E+02 -0.2386961E-01 -0.7499731E-01 -0.1456123E+01
   04  0.1391874E+03  0.1045890E+02 -0.2371382E-01 -0.7634448E-01 -0.1455933E+01
   04  0.1421698E+03  0.1045909E+02 -0.2353672E-01 -0.7768297E-01 -0.1455738E+01
   04  0.1451521E+03  0.1045929E+02 -0.2333887E-01 -0.7901311E-01 -0.1455539E+01
   04  0.1481344E+03  0.1045950E+02 -0.2312092E-01 -0.8033523E-01 -0.1455335E+01
   04  0.1511168E+03  0.1045970E+02 -0.2288359E-01 -0.8164960E-01 -0.1455128E+01
   04  0.1540991E+03  0.1045992E+02 -0.2262759E-01 -0.8295647E-01 -0.1454916E+01
   04  0.1570814E+03  0.1046013E+02 -0.2235370E-01 -0.8425612E-01 -0.1454700E+01
   04  0.1600638E+03  0.1046035E+02 -0.2206264E-01 -0.8554879E-01 -0.1454480E+01
   04  0.1630461E+03  0.1046057E+02 -0.2175519E-01 -0.8683471E-01 -0.1454257E+01
   04  0.1660284E+03  0.1046080E+02 -0.2143202E-01 -0.8811370E-01 -0.1454030E+01
   04  0.1690108E+03  0.1046103E+02 -0.2109167E-01 -0.8938592E-01 -0.1453798E+01
   04  0.1719931E+03  0.1046127E+02 -0.2073488E-01 -0.9065157E-01 -0.1453563E+01
   04  0.1749755E+03  0.1046151E+02 -0.2036243E-01 -0.9191084E-01 -0.1453324E+01
   04  0.1779578E+03  0.1046175E+02 -0.1997507E-01 -0.9316388E-01 -0.1453081E+01
   04  0.1809401E+03  0.1046200E+02 -0.1957347E-01 -0.9441086E-01 -0.1452834E+01
   04  0.1824313E+03  0.1046212E+02 -0.1937533E-01 -0.9503196E-01 -0.1452709E+01
   04  0.1839225E+03  0.1046225E+02 -0.1917394E-01 -0.9565140E-01 -0.1452583E+01
   04  0.1854136E+03  0.1046238E+02 -0.1896939E-01 -0.9626922E-01 -0.1452456E+01
   04  0.1869048E+03  0.1046250E+02 -0.1876174E-01 -0.9688546E-01 -0.1452328E+01
   04  0.1883960E+03  0.1046263E+02 -0.1855106E-01 -0.9750018E-01 -0.1452199E+01
   04  0.1898871E+03  0.1046276E+02 -0.1833742E-01 -0.9811341E-01 -0.1452070E+01
   04  0.1913783E+03  0.1046289E+02 -0.1812086E-01 -0.9872520E-01 -0.1451939E+01
   04  0.1928695E+03  0.1046302E+02 -0.1790143E-01 -0.9933561E-01 -0.1451807E+01
   04  0.1943606E+03  0.1046316E+02 -0.1767918E-01 -0.9994465E-01 -0.1451675E+01
   04  0.1958518E+03  0.1046329E+02 -0.1745414E-01 -0.1005524E+00 -0.1451542E+01
   04  0.1973430E+03  0.1046342E+02 -0.1722633E-01 -0.1011588E+00 -0.1451407E+01
   04  0.1988341E+03  0.1046356E+02 -0.1699576E-01 -0.1017641E+00 -0.1451272E+01
   04  0.2003253E+03  0.1046370E+02 -0.1676244E-01 -0.1023681E+00 -0.1451136E+01
   04  0.2018165E+03  0.1046383E+02 -0.1652640E-01 -0.1029709E+00 -0.1450999E+01
   04  0.2033076E+03  0.1046397E+02 -0.1628766E-01 -0.1035727E+00 -0.1450861E+01
   04  0.2047988E+03  0.1046411E+02 -0.1604626E-01 -0.1041733E+00 -0.1450723E+01
   04  0.2062900E+03  0.1046425E+02 -0.1580223E-01 -0.1047728E+00 -0.1450583E+01
   04  0.2077811E+03  0.1046439E+02 -0.1555560E-01 -0.1053713E+00 -0.1450443E+01
   04  0.2092723E+03  0.1046453E+02 -0.1530641E-01 -0.1059688E+00 -0.1450302E+01
   04  0.2107635E+03  0.1046467E+02 -0.1505463E-01 -0.1065653E+00 -0.1450160E+01
   04  0.2122546E+03  0.1046481E+02 -0.1480031E-01 -0.1071609E+00 -0.1450017E+01
   04  0.2137458E+03  0.1046496E+02 -0.1454322E-01 -0.1077556E+00 -0.1449873E+01
   04  0.2152370E+03  0.1046510E+02 -0.1428335E-01 -0.1083494E+00 -0.1449729E+01
   04  0.2167281E+03  0.1046525E+02 -0.1402075E-01 -0.1089423E+00 -0.1449583E+01
   04  0.2182193E+03  0.1046539E+02 -0.1375546E-01 -0.1095344E+00 -0.1449437E+01
   04  0.2197105E+03  0.1046554E+02 -0.1348754E-01 -0.1101257E+00 -0.1449291E+01
   04  0.2212017E+03  0.1046569E+02 -0.1321705E-01 -0.1107162E+00 -0.1449143E+01
   04  0.2226928E+03  0.1046584E+02 -0.1294404E-01 -0.1113060E+00 -0.1448995E+01
   04  0.2241840E+03  0.1046598E+02 -0.1266856E-01 -0.1118951E+00 -0.1448846E+01
   04  0.2256752E+03  0.1046613E+02 -0.1239066E-01 -0.1124835E+00 -0.1448697E+01
   04  0.2271663E+03  0.1046628E+02 -0.1211041E-01 -0.1130713E+00 -0.1448546E+01
   04  0.2286575E+03  0.1046644E+02 -0.1182784E-01 -0.1136585E+00 -0.1448395E+01
   04  0.2301487E+03  0.1046659E+02 -0.1154301E-01 -0.1142451E+00 -0.1448243E+01
   04  0.2316398E+03  0.1046674E+02 -0.1125596E-01 -0.1148312E+00 -0.1448091E+01
   04  0.2331310E+03  0.1046689E+02 -0.1096675E-01 -0.1154168E+00 -0.1447938E+01
   04  0.2346222E+03  0.1046705E+02 -0.1067543E-01 -0.1160019E+00 -0.1447784E+01
   04  0.2361133E+03  0.1046720E+02 -0.1038202E-01 -0.1165866E+00 -0.1447629E+01
   04  0.2376045E+03  0.1046736E+02 -0.1008659E-01 -0.1171708E+00 -0.1447474E+01
   04  0.2390957E+03  0.1046751E+02 -0.9789179E-02 -0.1177547E+00 -0.1447318E+01
   04  0.2405868E+03  0.1046767E+02 -0.9489823E-02 -0.1183382E+00 -0.1447161E+01
   04  0.2420780E+03  0.1046783E+02 -0.9188567E-02 -0.1189214E+00 -0.1447004E+01
   04  0.2435692E+03  0.1046799E+02 -0.8885454E-02 -0.1195041E+00 -0.1446846E+01
   04  0.2450603E+03  0.1046814E+02 -0.8580523E-02 -0.1200865E+00 -0.1446687E+01
   04  0.2465515E+03  0.1046830E+02 -0.8273810E-02 -0.1206685E+00 -0.1446528E+01
   04  0.2480427E+03  0.1046846E+02 -0.7965496E-02 -0.1212501E+00 -0.1446368E+01
   04  0.2495338E+03  0.1046862E+02 -0.7655755E-02 -0.1218313E+00 -0.1446207E+01
   04  0.2510250E+03  0.1046879E+02 -0.7344744E-02 -0.1224121E+00 -0.1446046E+01
   04  0.2525162E+03  0.1046895E+02 -0.7032332E-02 -0.1229925E+00 -0.1445884E+01
   04  0.2540073E+03  0.1046911E+02 -0.6718900E-02 -0.1235726E+00 -0.1445722E+01
   04  0.2554985E+03  0.1046927E+02 -0.6404595E-02 -0.1241525E+00 -0.1445559E+01
   04  0.2569897E+03  0.1046944E+02 -0.6089527E-02 -0.1247320E+00 -0.1445396E+01
   04  0.2584808E+03  0.1046960E+02 -0.5773797E-02 -0.1253113E+00 -0.1445232E+01
   04  0.2599720E+03  0.1046976E+02 -0.5457496E-02 -0.1258902E+00 -0.1445068E+01
   04  0.2614632E+03  0.1046993E+02 -0.5140710E-02 -0.1264688E+00 -0.1444903E+01
   04  0.2629543E+03  0.1047009E+02 -0.4823517E-02 -0.1270471E+00 -0.1444738E+01
   04  0.2644455E+03  0.1047026E+02 -0.4505991E-02 -0.1276250E+00 -0.1444572E+01
   04  0.2659367E+03  0.1047043E+02 -0.4188204E-02 -0.1282024E+00 -0.1444406E+01
   04  0.2674278E+03  0.1047059E+02 -0.3870221E-02 -0.1287795E+00 -0.1444239E+01
   04  0.2689190E+03  0.1047076E+02 -0.3552108E-02 -0.1293561E+00 -0.1444072E+01
   04  0.2704102E+03  0.1047093E+02 -0.3233929E-02 -0.1299322E+00 -0.1443904E+01
   04  0.2719014E+03  0.1047109E+02 -0.2915748E-02 -0.1305078E+00 -0.1443736E+01
   04  0.2733925E+03  0.1047126E+02 -0.2597626E-02 -0.1310828E+00 -0.1443568E+01
   04  0.2748837E+03  0.1047143E+02 -0.2279628E-02 -0.1316572E+00 -0.1443399E+01
   04  0.2763749E+03  0.1047160E+02 -0.1961817E-02 -0.1322310E+00 -0.1443230E+01
   04  0.2778660E+03  0.1047177E+02 -0.1644259E-02 -0.1328041E+00 -0.1443061E+01
   04  0.2793572E+03  0.1047194E+02 -0.1327019E-02 -0.1333765E+00 -0.1442891E+01
   04  0.2808484E+03  0.1047211E+02 -0.1010165E-02 -0.1339482E+00 -0.1442721E+01
   04  0.2823395E+03  0.1047228E+02 -0.6937663E-03 -0.1345190E+00 -0.1442550E+01
   04  0.2838307E+03  0.1047245E+02 -0.3778933E-03 -0.1350890E+00 -0.1442379E+01
   04  0.2853219E+03  0.1047262E+02 -0.6261153E-04 -0.1356577E+00 -0.1442208E+01
   04  0.2868130E+03  0.1047279E+02  0.2520110E-03 -0.1362252E+00 -0.1442037E+01
   04  0.2883042E+03  0.1047297E+02  0.5659053E-03 -0.1367914E+00 -0.1441865E+01
   04  0.2897954E+03  0.1047314E+02  0.8790011E-03 -0.1373563E+00 -0.1441693E+01
   04  0.2912865E+03  0.1047331E+02  0.1191226E-02 -0.1379199E+00 -0.1441520E+01
   04  0.2927777E+03  0.1047348E+02  0.1502504E-02 -0.1384821E+00 -0.1441347E+01
   04  0.2942689E+03  0.1047366E+02  0.1812756E-02 -0.1390428E+00 -0.1441174E+01
   04  0.2957600E+03  0.1047383E+02  0.2120621E-02 -0.1396021E+00 -0.1441001E+01
   04  0.2972512E+03  0.1047400E+02  0.2425960E-02 -0.1401598E+00 -0.1440827E+01
   04  0.2987424E+03  0.1047418E+02  0.2728765E-02 -0.1407158E+00 -0.1440654E+01
   04  0.3002335E+03  0.1047435E+02  0.3029016E-02 -0.1412702E+00 -0.1440480E+01
   04  0.3017247E+03  0.1047453E+02  0.3326685E-02 -0.1418229E+00 -0.1440306E+01
   04  0.3032159E+03  0.1047470E+02  0.3621739E-02 -0.1423737E+00 -0.1440132E+01
   04  0.3047070E+03  0.1047487E+02  0.3914133E-02 -0.1429226E+00 -0.1439958E+01
   04  0.3061982E+03  0.1047505E+02  0.4203817E-02 -0.1434696E+00 -0.1439784E+01
   04  0.3076894E+03  0.1047522E+02  0.4490734E-02 -0.1440145E+00 -0.1439609E+01
   04  0.3091805E+03  0.1047540E+02  0.4774817E-02 -0.1445572E+00 -0.1439434E+01
   04  0.3106717E+03  0.1047557E+02  0.5055995E-02 -0.1450978E+00 -0.1439260E+01
   04  0.3121629E+03  0.1047575E+02  0.5334189E-02 -0.1456360E+00 -0.1439085E+01
   04  0.3136540E+03  0.1047592E+02  0.5609675E-02 -0.1461718E+00 -0.1438910E+01
   04  0.3151452E+03  0.1047610E+02  0.5882519E-02 -0.1467051E+00 -0.1438735E+01
   04  0.3165017E+03  0.1047626E+02  0.6127354E-02 -0.1471878E+00 -0.1438576E+01
   04  0.3178581E+03  0.1047641E+02  0.6369887E-02 -0.1476683E+00 -0.1438417E+01
   04  0.3192146E+03  0.1047657E+02  0.6610054E-02 -0.1481464E+00 -0.1438258E+01
   04  0.3205710E+03  0.1047673E+02  0.6847789E-02 -0.1486222E+00 -0.1438099E+01
   04  0.3219275E+03  0.1047689E+02  0.7083023E-02 -0.1490956E+00 -0.1437939E+01
   04  0.3232839E+03  0.1047705E+02  0.7315685E-02 -0.1495665E+00 -0.1437780E+01
   04  0.3246404E+03  0.1047721E+02  0.7545699E-02 -0.1500349E+00 -0.1437621E+01
   04  0.3259968E+03  0.1047737E+02  0.7772990E-02 -0.1505006E+00 -0.1437462E+01
   04  0.3273533E+03  0.1047753E+02  0.7997479E-02 -0.1509637E+00 -0.1437303E+01
   04  0.3287097E+03  0.1047769E+02  0.8219087E-02 -0.1514240E+00 -0.1437144E+01
   04  0.3300662E+03  0.1047785E+02  0.8437731E-02 -0.1518815E+00 -0.1436985E+01
   04  0.3314226E+03  0.1047801E+02  0.8653328E-02 -0.1523361E+00 -0.1436826E+01
   04  0.3327791E+03  0.1047816E+02  0.8865793E-02 -0.1527878E+00 -0.1436667E+01
   04  0.3341355E+03  0.1047832E+02  0.9075040E-02 -0.1532365E+00 -0.1436508E+01
   04  0.3354920E+03  0.1047848E+02  0.9280981E-02 -0.1536820E+00 -0.1436349E+01
   04  0.3368484E+03  0.1047864E+02  0.9483527E-02 -0.1541245E+00 -0.1436190E+01
   04  0.3382049E+03  0.1047880E+02  0.9682587E-02 -0.1545637E+00 -0.1436032E+01
   04  0.3395613E+03  0.1047896E+02  0.9878070E-02 -0.1549997E+00 -0.1435873E+01
   04  0.3409178E+03  0.1047912E+02  0.1006988E-01 -0.1554323E+00 -0.1435715E+01
   04  0.3422742E+03  0.1047928E+02  0.1025793E-01 -0.1558615E+00 -0.1435556E+01
   04  0.3436307E+03  0.1047943E+02  0.1044212E-01 -0.1562872E+00 -0.1435398E+01
   04  0.3449871E+03  0.1047959E+02  0.1062235E-01 -0.1567094E+00 -0.1435239E+01
   04  0.3463436E+03  0.1047975E+02  0.1079852E-01 -0.1571280E+00 -0.1435081E+01
   04  0.3477000E+03  0.1047991E+02  0.1097053E-01 -0.1575429E+00 -0.1434923E+01
   04  0.3490565E+03  0.1048007E+02  0.1113829E-01 -0.1579541E+00 -0.1434765E+01
   04  0.3504130E+03  0.1048022E+02  0.1130169E-01 -0.1583615E+00 -0.1434607E+01
   04  0.3517694E+03  0.1048038E+02  0.1146062E-01 -0.1587651E+00 -0.1434449E+01
   04  0.3531259E+03  0.1048054E+02  0.1161497E-01 -0.1591647E+00 -0.1434292E+01
   04  0.3544823E+03  0.1048070E+02  0.1176465E-01 -0.1595603E+00 -0.1434134E+01
   04  0.3558388E+03  0.1048085E+02  0.1190953E-01 -0.1599519E+00 -0.1433976E+01
   04  0.3574665E+03  0.1048104E+02  0.1207928E-01 -0.1604169E+00 -0.1433788E+01
   04  0.3590942E+03  0.1048123E+02  0.1224176E-01 -0.1608758E+00 -0.1433599E+01
   04  0.3607220E+03  0.1048142E+02  0.1239677E-01 -0.1613286E+00 -0.1433410E+01
   04  0.3623497E+03  0.1048161E+02  0.1254409E-01 -0.1617747E+00 -0.1433222E+01
   04  0.3639775E+03  0.1048180E+02  0.1268352E-01 -0.1622140E+00 -0.1433034E+01
   04  0.3656052E+03  0.1048199E+02  0.1281484E-01 -0.1626465E+00 -0.1432846E+01
   04  0.3672329E+03  0.1048217E+02  0.1293783E-01 -0.1630721E+00 -0.1432658E+01
   04  0.3688607E+03  0.1048236E+02  0.1305226E-01 -0.1634906E+00 -0.1432470E+01
   04  0.3704884E+03  0.1048255E+02  0.1315792E-01 -0.1639021E+00 -0.1432283E+01
   04  0.3721162E+03  0.1048274E+02  0.1325456E-01 -0.1643065E+00 -0.1432096E+01
   04  0.3737439E+03  0.1048292E+02  0.1334195E-01 -0.1647037E+00 -0.1431909E+01
   04  0.3753717E+03  0.1048311E+02  0.1341984E-01 -0.1650939E+00 -0.1431722E+01
   04  0.3769994E+03  0.1048330E+02  0.1348800E-01 -0.1654769E+00 -0.1431536E+01
   04  0.3786271E+03  0.1048348E+02  0.1354617E-01 -0.1658528E+00 -0.1431349E+01
   04  0.3802549E+03  0.1048367E+02  0.1359410E-01 -0.1662216E+00 -0.1431163E+01
   04  0.3818826E+03  0.1048385E+02  0.1363155E-01 -0.1665835E+00 -0.1430977E+01
   04  0.3835104E+03  0.1048404E+02  0.1365825E-01 -0.1669383E+00 -0.1430791E+01
   04  0.3851381E+03  0.1048423E+02  0.1367394E-01 -0.1672863E+00 -0.1430605E+01
   04  0.3867658E+03  0.1048441E+02  0.1367836E-01 -0.1676276E+00 -0.1430420E+01
   04  0.3883936E+03  0.1048460E+02  0.1367126E-01 -0.1679621E+00 -0.1430234E+01
   04  0.3900213E+03  0.1048478E+02  0.1365236E-01 -0.1682900E+00 -0.1430048E+01
   04  0.3916491E+03  0.1048497E+02  0.1362139E-01 -0.1686116E+00 -0.1429863E+01
   04  0.3932768E+03  0.1048515E+02  0.1357810E-01 -0.1689268E+00 -0.1429677E+01
   04  0.3949046E+03  0.1048534E+02  0.1352220E-01 -0.1692358E+00 -0.1429492E+01
   04  0.3965323E+03  0.1048552E+02  0.1345343E-01 -0.1695388E+00 -0.1429307E+01
   04  0.3981600E+03  0.1048571E+02  0.1337151E-01 -0.1698360E+00 -0.1429121E+01
   04  0.3997878E+03  0.1048590E+02  0.1327615E-01 -0.1701275E+00 -0.1428936E+01
   04  0.4014155E+03  0.1048608E+02  0.1316707E-01 -0.1704135E+00 -0.1428751E+01
   04  0.4030433E+03  0.1048627E+02  0.1304396E-01 -0.1706941E+00 -0.1428566E+01
   04  0.4046710E+03  0.1048645E+02  0.1290653E-01 -0.1709697E+00 -0.1428380E+01
   04  0.4062987E+03  0.1048664E+02  0.1275446E-01 -0.1712404E+00 -0.1428195E+01
   04  0.4079265E+03  0.1048682E+02  0.1258746E-01 -0.1715063E+00 -0.1428010E+01
   04  0.4095542E+03  0.1048701E+02  0.1240519E-01 -0.1717677E+00 -0.1427825E+01
   04  0.4111820E+03  0.1048719E+02  0.1220736E-01 -0.1720248E+00 -0.1427639E+01
   04  0.4128097E+03  0.1048738E+02  0.1199363E-01 -0.1722772E+00 -0.1427454E+01
   04  0.4144375E+03  0.1048756E+02  0.1176365E-01 -0.1725249E+00 -0.1427269E+01
   04  0.4160652E+03  0.1048775E+02  0.1151705E-01 -0.1727680E+00 -0.1427084E+01
   04  0.4176929E+03  0.1048793E+02  0.1125453E-01 -0.1730068E+00 -0.1426899E+01
   04  0.4193207E+03  0.1048812E+02  0.1097638E-01 -0.1732415E+00 -0.1426714E+01
   04  0.4209484E+03  0.1048830E+02  0.1068390E-01 -0.1734727E+00 -0.1426529E+01
   04  0.4225762E+03  0.1048849E+02  0.1038068E-01 -0.1737007E+00 -0.1426343E+01
   04  0.4242039E+03  0.1048867E+02  0.1006652E-01 -0.1739257E+00 -0.1426156E+01
   04  0.4258316E+03  0.1048886E+02  0.9741202E-02 -0.1741482E+00 -0.1425969E+01
   04  0.4274594E+03  0.1048905E+02  0.9404546E-02 -0.1743684E+00 -0.1425781E+01
   04  0.4290871E+03  0.1048924E+02  0.9056376E-02 -0.1745867E+00 -0.1425592E+01
   04  0.4307149E+03  0.1048943E+02  0.8696535E-02 -0.1748034E+00 -0.1425403E+01
   04  0.4323426E+03  0.1048962E+02  0.8324879E-02 -0.1750188E+00 -0.1425212E+01
   04  0.4339704E+03  0.1048981E+02  0.7941284E-02 -0.1752333E+00 -0.1425021E+01
   04  0.4355981E+03  0.1049000E+02  0.7545517E-02 -0.1754473E+00 -0.1424829E+01
   04  0.4372258E+03  0.1049019E+02  0.7137354E-02 -0.1756609E+00 -0.1424637E+01
   04  0.4388536E+03  0.1049039E+02  0.6716588E-02 -0.1758745E+00 -0.1424443E+01
   04  0.4404813E+03  0.1049058E+02  0.6283025E-02 -0.1760884E+00 -0.1424249E+01
   04  0.4421091E+03  0.1049078E+02  0.5836492E-02 -0.1763028E+00 -0.1424054E+01
   04  0.4437368E+03  0.1049097E+02  0.5376834E-02 -0.1765180E+00 -0.1423858E+01
   04  0.4453645E+03  0.1049117E+02  0.4903912E-02 -0.1767343E+00 -0.1423662E+01
   04  0.4469923E+03  0.1049137E+02  0.4417604E-02 -0.1769518E+00 -0.1423465E+01
   04  0.4486200E+03  0.1049156E+02  0.3917476E-02 -0.1771708E+00 -0.1423267E+01
   04  0.4502478E+03  0.1049176E+02  0.3403339E-02 -0.1773914E+00 -0.1423069E+01
   04  0.4518755E+03  0.1049196E+02  0.2875171E-02 -0.1776138E+00 -0.1422870E+01
   04  0.4535033E+03  0.1049216E+02  0.2332956E-02 -0.1778381E+00 -0.1422670E+01
   04  0.4551310E+03  0.1049236E+02  0.1776683E-02 -0.1780646E+00 -0.1422469E+01
   04  0.4567587E+03  0.1049256E+02  0.1206359E-02 -0.1782933E+00 -0.1422268E+01
   04  0.4583865E+03  0.1049276E+02  0.6220004E-03 -0.1785244E+00 -0.1422067E+01
   04  0.4600142E+03  0.1049297E+02  0.2137236E-04 -0.1787576E+00 -0.1421864E+01
   04  0.4616420E+03  0.1049317E+02 -0.5970277E-03 -0.1789935E+00 -0.1421661E+01
   04  0.4632697E+03  0.1049337E+02 -0.1233517E-02 -0.1792321E+00 -0.1421457E+01
   04  0.4648974E+03  0.1049358E+02 -0.1888892E-02 -0.1794734E+00 -0.1421252E+01
   04  0.4665252E+03  0.1049379E+02 -0.2563239E-02 -0.1797175E+00 -0.1421046E+01
   04  0.4681529E+03  0.1049399E+02 -0.3257865E-02 -0.1799643E+00 -0.1420839E+01
   04  0.4697807E+03  0.1049420E+02 -0.3972769E-02 -0.1802140E+00 -0.1420632E+01
   04  0.4714084E+03  0.1049441E+02 -0.4707900E-02 -0.1804665E+00 -0.1420423E+01
   04  0.4730362E+03  0.1049462E+02 -0.5463188E-02 -0.1807220E+00 -0.1420215E+01
   04  0.4746639E+03  0.1049483E+02 -0.6238543E-02 -0.1809804E+00 -0.1420005E+01
   04  0.4762916E+03  0.1049504E+02 -0.7033865E-02 -0.1812418E+00 -0.1419795E+01
   04  0.4779194E+03  0.1049525E+02 -0.7849045E-02 -0.1815063E+00 -0.1419584E+01
   04  0.4795471E+03  0.1049546E+02 -0.8683967E-02 -0.1817738E+00 -0.1419372E+01
   04  0.4811749E+03  0.1049567E+02 -0.9538496E-02 -0.1820444E+00 -0.1419160E+01
   04  0.4828026E+03  0.1049588E+02 -0.1041242E-01 -0.1823177E+00 -0.1418947E+01
   04  0.4844303E+03  0.1049610E+02 -0.1130553E-01 -0.1825935E+00 -0.1418733E+01
   04  0.4860581E+03  0.1049631E+02 -0.1221767E-01 -0.1828717E+00 -0.1418519E+01
   04  0.4876858E+03  0.1049653E+02 -0.1314868E-01 -0.1831522E+00 -0.1418304E+01
   04  0.4893136E+03  0.1049674E+02 -0.1409844E-01 -0.1834350E+00 -0.1418089E+01
   04  0.4909413E+03  0.1049696E+02 -0.1506521E-01 -0.1837200E+00 -0.1417873E+01
   04  0.4925691E+03  0.1049718E+02 -0.1604887E-01 -0.1840071E+00 -0.1417656E+01
   04  0.4941968E+03  0.1049739E+02 -0.1704956E-01 -0.1842964E+00 -0.1417438E+01
   04  0.4958245E+03  0.1049761E+02 -0.1806748E-01 -0.1845877E+00 -0.1417220E+01
   04  0.4974523E+03  0.1049783E+02 -0.1910289E-01 -0.1848812E+00 -0.1417001E+01
   04  0.4990800E+03  0.1049805E+02 -0.2015611E-01 -0.1851767E+00 -0.1416781E+01
   04  0.5007078E+03  0.1049827E+02 -0.2122753E-01 -0.1854744E+00 -0.1416561E+01
   04  0.5023355E+03  0.1049849E+02 -0.2231760E-01 -0.1857741E+00 -0.1416339E+01
   04  0.5039632E+03  0.1049871E+02 -0.2342684E-01 -0.1860760E+00 -0.1416117E+01
   04  0.5055910E+03  0.1049894E+02 -0.2455586E-01 -0.1863801E+00 -0.1415894E+01
   04  0.5072187E+03  0.1049916E+02 -0.2570532E-01 -0.1866864E+00 -0.1415670E+01
   04  0.5088465E+03  0.1049939E+02 -0.2687590E-01 -0.1869950E+00 -0.1415445E+01
   04  0.5104742E+03  0.1049961E+02 -0.2806846E-01 -0.1873056E+00 -0.1415219E+01
   04  0.5121020E+03  0.1049984E+02 -0.2928395E-01 -0.1876184E+00 -0.1414992E+01
   04  0.5137297E+03  0.1050007E+02 -0.3052328E-01 -0.1879334E+00 -0.1414763E+01
   04  0.5153574E+03  0.1050030E+02 -0.3178764E-01 -0.1882508E+00 -0.1414533E+01
   04  0.5169852E+03  0.1050053E+02 -0.3307830E-01 -0.1885708E+00 -0.1414302E+01
   04  0.5186129E+03  0.1050076E+02 -0.3439666E-01 -0.1888935E+00 -0.1414068E+01
   04  0.5202407E+03  0.1050100E+02 -0.3574418E-01 -0.1892192E+00 -0.1413833E+01
   04  0.5218684E+03  0.1050124E+02 -0.3712246E-01 -0.1895482E+00 -0.1413596E+01
   04  0.5234961E+03  0.1050148E+02 -0.3853321E-01 -0.1898807E+00 -0.1413356E+01
   04  0.5251239E+03  0.1050172E+02 -0.3997826E-01 -0.1902172E+00 -0.1413114E+01
   04  0.5267516E+03  0.1050196E+02 -0.4145954E-01 -0.1905578E+00 -0.1412870E+01
   04  0.5283794E+03  0.1050221E+02 -0.4297911E-01 -0.1909032E+00 -0.1412622E+01
   04  0.5300071E+03  0.1050246E+02 -0.4453918E-01 -0.1912537E+00 -0.1412372E+01
   04  0.5316349E+03  0.1050271E+02 -0.4614201E-01 -0.1916098E+00 -0.1412118E+01
   04  0.5332626E+03  0.1050297E+02 -0.4779004E-01 -0.1919722E+00 -0.1411861E+01
   04  0.5348903E+03  0.1050323E+02 -0.4948670E-01 -0.1923413E+00 -0.1411600E+01
   04  0.5365181E+03  0.1050350E+02 -0.5123472E-01 -0.1927179E+00 -0.1411335E+01
   04  0.5381458E+03  0.1050377E+02 -0.5303684E-01 -0.1931026E+00 -0.1411065E+01
   04  0.5397736E+03  0.1050404E+02 -0.5489589E-01 -0.1934962E+00 -0.1410791E+01
   04  0.5414013E+03  0.1050432E+02 -0.5681487E-01 -0.1938968E+00 -0.1410511E+01
   04  0.5430290E+03  0.1050460E+02 -0.5879685E-01 -0.1943046E+00 -0.1410227E+01
   04  0.5446568E+03  0.1050489E+02 -0.6084501E-01 -0.1947201E+00 -0.1409937E+01
   04  0.5462845E+03  0.1050519E+02 -0.6296265E-01 -0.1951444E+00 -0.1409641E+01
   04  0.5479123E+03  0.1050549E+02 -0.6515317E-01 -0.1955784E+00 -0.1409338E+01
   04  0.5495400E+03  0.1050580E+02 -0.6742009E-01 -0.1960230E+00 -0.1409029E+01
   04  0.5511678E+03  0.1050612E+02 -0.6976705E-01 -0.1964796E+00 -0.1408713E+01
   04  0.5527955E+03  0.1050644E+02 -0.7219779E-01 -0.1969493E+00 -0.1408389E+01
   04  0.5544232E+03  0.1050677E+02 -0.7471619E-01 -0.1974336E+00 -0.1408057E+01
   04  0.5560510E+03  0.1050711E+02 -0.7732620E-01 -0.1979340E+00 -0.1407717E+01
   04  0.5576787E+03  0.1050746E+02 -0.8003192E-01 -0.1984521E+00 -0.1407367E+01
   04  0.5593065E+03  0.1050782E+02 -0.8283754E-01 -0.1989895E+00 -0.1407008E+01
   04  0.5609342E+03  0.1050819E+02 -0.8574736E-01 -0.1995481E+00 -0.1406639E+01
   04  0.5625619E+03  0.1050857E+02 -0.8876578E-01 -0.2001297E+00 -0.1406260E+01
   04  0.5641897E+03  0.1050896E+02 -0.9189729E-01 -0.2007364E+00 -0.1405869E+01
   04  0.5658174E+03  0.1050936E+02 -0.9514648E-01 -0.2013701E+00 -0.1405467E+01
   04  0.5674452E+03  0.1050978E+02 -0.9851806E-01 -0.2020332E+00 -0.1405053E+01
   04  0.5690729E+03  0.1051021E+02 -0.1020168E+00 -0.2027279E+00 -0.1404626E+01
   04  0.5707007E+03  0.1051065E+02 -0.1056476E+00 -0.2034565E+00 -0.1404186E+01
   04  0.5723284E+03  0.1051110E+02 -0.1094154E+00 -0.2042216E+00 -0.1403732E+01
   04  0.5739561E+03  0.1051157E+02 -0.1133250E+00 -0.2050257E+00 -0.1403264E+01
   04  0.5755839E+03  0.1051205E+02 -0.1173814E+00 -0.2058715E+00 -0.1402781E+01
   04  0.5772116E+03  0.1051255E+02 -0.1215895E+00 -0.2067620E+00 -0.1402282E+01
   04  0.5788394E+03  0.1051306E+02 -0.1259542E+00 -0.2077000E+00 -0.1401768E+01
   04  0.5804671E+03  0.1051359E+02 -0.1304806E+00 -0.2086887E+00 -0.1401237E+01
   04  0.5820948E+03  0.1051414E+02 -0.1351733E+00 -0.2097315E+00 -0.1400690E+01
   04  0.5837226E+03  0.1051471E+02 -0.1400366E+00 -0.2108302E+00 -0.1400125E+01
   04  0.5853503E+03  0.1051529E+02 -0.1450765E+00 -0.2119868E+00 -0.1399541E+01
   04  0.5869781E+03  0.1051589E+02 -0.1502981E+00 -0.2132046E+00 -0.1398939E+01
   04  0.5886058E+03  0.1051651E+02 -0.1557062E+00 -0.2144869E+00 -0.1398318E+01
   04  0.5902336E+03  0.1051715E+02 -0.1613062E+00 -0.2158374E+00 -0.1397677E+01
   04  0.5918613E+03  0.1051782E+02 -0.1671034E+00 -0.2172599E+00 -0.1397015E+01
   04  0.5934890E+03  0.1051850E+02 -0.1731024E+00 -0.2187509E+00 -0.1396333E+01
   04  0.5951168E+03  0.1051920E+02 -0.1793080E+00 -0.2203114E+00 -0.1395628E+01
   04  0.5967445E+03  0.1051993E+02 -0.1857248E+00 -0.2219435E+00 -0.1394901E+01
   04  0.5983723E+03  0.1052068E+02 -0.1923574E+00 -0.2236491E+00 -0.1394152E+01
