# gauge_id= 602 location=( -0.1242122490E+03  0.4176223506E+02 ) num_var=  4
# Stationary gauge
# level, time, q[  1  2  3], eta, aux[]
# file format ascii, time series follow in this file
   04  0.0000000E+00  0.1436268E+02  0.0000000E+00  0.0000000E+00  0.0000000E+00
   04  0.1000000E+01  0.1436268E+02  0.3774759E-16 -0.5152844E-16 -0.1459939E+01
   04  0.1015873E+01  0.1436268E+02 -0.2531783E-05 -0.1514406E-04 -0.1459939E+01
   04  0.1031746E+01  0.1436268E+02 -0.5063055E-05 -0.3028840E-04 -0.1459939E+01
   04  0.1047619E+01  0.1436268E+02 -0.7593816E-05 -0.4543303E-04 -0.1459939E+01
   04  0.1063492E+01  0.1436268E+02 -0.1012407E-04 -0.6057794E-04 -0.1459939E+01
   04  0.1079365E+01  0.1436268E+02 -0.1265381E-04 -0.7572314E-04 -0.1459939E+01
   04  0.1095238E+01  0.1436268E+02 -0.1518304E-04 -0.9086862E-04 -0.1459939E+01
   04  0.1111111E+01  0.1436268E+02 -0.1771176E-04 -0.1060144E-03 -0.1459939E+01
   04  0.1126984E+01  0.1436268E+02 -0.2023997E-04 -0.1211604E-03 -0.1459939E+01
   04  0.1142857E+01  0.1436268E+02 -0.2276767E-04 -0.1363067E-03 -0.1459940E+01
   04  0.1158730E+01  0.1436268E+02 -0.2529486E-04 -0.1514533E-03 -0.1459940E+01
   04  0.1174603E+01  0.1436268E+02 -0.2782154E-04 -0.1666002E-03 -0.1459940E+01
   04  0.1190476E+01  0.1436268E+02 -0.3034772E-04 -0.1817474E-03 -0.1459940E+01
   04  0.1206349E+01  0.1436268E+02 -0.3287338E-04 -0.1968948E-03 -0.1459940E+01
   04  0.1222222E+01  0.1436268E+02 -0.3539854E-04 -0.2120425E-03 -0.1459940E+01
   04  0.1238095E+01  0.1436268E+02 -0.3792319E-04 -0.2271905E-03 -0.1459940E+01
   04  0.1253968E+01  0.1436268E+02 -0.4044733E-04 -0.2423387E-03 -0.1459940E+01
   04  0.1269841E+01  0.1436268E+02 -0.4297096E-04 -0.2574873E-03 -0.1459940E+01
   04  0.1285714E+01  0.1436268E+02 -0.4549408E-04 -0.2726361E-03 -0.1459940E+01
   04  0.1301587E+01  0.1436268E+02 -0.4801670E-04 -0.2877851E-03 -0.1459940E+01
   04  0.1317460E+01  0.1436268E+02 -0.5053881E-04 -0.3029345E-03 -0.1459940E+01
   04  0.1333333E+01  0.1436268E+02 -0.5306041E-04 -0.3180840E-03 -0.1459940E+01
   04  0.1349206E+01  0.1436268E+02 -0.5558151E-04 -0.3332339E-03 -0.1459940E+01
   04  0.1365079E+01  0.1436268E+02 -0.5810210E-04 -0.3483840E-03 -0.1459940E+01
   04  0.1380952E+01  0.1436267E+02 -0.6062218E-04 -0.3635344E-03 -0.1459940E+01
   04  0.1396825E+01  0.1436267E+02 -0.6314176E-04 -0.3786851E-03 -0.1459940E+01
   04  0.1412698E+01  0.1436267E+02 -0.6566083E-04 -0.3938360E-03 -0.1459940E+01
   04  0.1428571E+01  0.1436267E+02 -0.6817939E-04 -0.4089872E-03 -0.1459941E+01
   04  0.1476190E+01  0.1436267E+02 -0.7573573E-04 -0.4544395E-03 -0.1459941E+01
   04  0.1523810E+01  0.1436267E+02 -0.8328751E-04 -0.4998942E-03 -0.1459941E+01
   04  0.1571429E+01  0.1436267E+02 -0.9083475E-04 -0.5453511E-03 -0.1459941E+01
   04  0.1619048E+01  0.1436267E+02 -0.9837745E-04 -0.5908104E-03 -0.1459941E+01
   04  0.1666667E+01  0.1436267E+02 -0.1059156E-03 -0.6362718E-03 -0.1459941E+01
   04  0.1714286E+01  0.1436267E+02 -0.1134493E-03 -0.6817355E-03 -0.1459942E+01
   04  0.1761905E+01  0.1436267E+02 -0.1209784E-03 -0.7272014E-03 -0.1459942E+01
   04  0.1809524E+01  0.1436267E+02 -0.1285030E-03 -0.7726694E-03 -0.1459942E+01
   04  0.1857143E+01  0.1436267E+02 -0.1360231E-03 -0.8181395E-03 -0.1459942E+01
   04  0.1904762E+01  0.1436267E+02 -0.1435386E-03 -0.8636118E-03 -0.1459942E+01
   04  0.1952381E+01  0.1436267E+02 -0.1510497E-03 -0.9090861E-03 -0.1459942E+01
   04  0.2000000E+01  0.1436267E+02 -0.1585563E-03 -0.9545624E-03 -0.1459942E+01
   04  0.5727919E+01  0.1436266E+02 -0.7644606E-03 -0.4496521E-02 -0.1459951E+01
   04  0.9455838E+01  0.1436266E+02 -0.1356394E-02 -0.8044690E-02 -0.1459953E+01
   04  0.1318376E+02  0.1436267E+02 -0.1936834E-02 -0.1158700E-01 -0.1459947E+01
   04  0.1691168E+02  0.1436268E+02 -0.2502190E-02 -0.1511201E-01 -0.1459933E+01
   04  0.2063960E+02  0.1436270E+02 -0.3049293E-02 -0.1860895E-01 -0.1459911E+01
   04  0.2436752E+02  0.1436274E+02 -0.3574955E-02 -0.2206794E-01 -0.1459879E+01
   04  0.2809543E+02  0.1436278E+02 -0.4075842E-02 -0.2548017E-01 -0.1459837E+01
   04  0.2995939E+02  0.1436280E+02 -0.4312603E-02 -0.2716708E-01 -0.1459813E+01
   04  0.3182335E+02  0.1436283E+02 -0.4541922E-02 -0.2883886E-01 -0.1459785E+01
   04  0.3348021E+02  0.1436286E+02 -0.4738837E-02 -0.3031161E-01 -0.1459758E+01
   04  0.3513706E+02  0.1436289E+02 -0.4929238E-02 -0.3177134E-01 -0.1459729E+01
   04  0.3679391E+02  0.1436292E+02 -0.5112769E-02 -0.3321763E-01 -0.1459697E+01
   04  0.3845077E+02  0.1436295E+02 -0.5289106E-02 -0.3465015E-01 -0.1459663E+01
   04  0.4010762E+02  0.1436299E+02 -0.5458028E-02 -0.3606858E-01 -0.1459626E+01
   04  0.4176447E+02  0.1436303E+02 -0.5619338E-02 -0.3747267E-01 -0.1459587E+01
   04  0.4342132E+02  0.1436307E+02 -0.5772918E-02 -0.3886221E-01 -0.1459546E+01
   04  0.4507818E+02  0.1436311E+02 -0.5918740E-02 -0.4023704E-01 -0.1459502E+01
   04  0.4673503E+02  0.1436316E+02 -0.6056785E-02 -0.4159704E-01 -0.1459455E+01
   04  0.4839188E+02  0.1436321E+02 -0.6186926E-02 -0.4294213E-01 -0.1459406E+01
   04  0.5004874E+02  0.1436326E+02 -0.6308877E-02 -0.4427228E-01 -0.1459354E+01
   04  0.5170559E+02  0.1436332E+02 -0.6422539E-02 -0.4558749E-01 -0.1459300E+01
   04  0.5336244E+02  0.1436337E+02 -0.6527840E-02 -0.4688780E-01 -0.1459243E+01
   04  0.5501930E+02  0.1436343E+02 -0.6623990E-02 -0.4817324E-01 -0.1459184E+01
   04  0.5667615E+02  0.1436349E+02 -0.6711428E-02 -0.4944388E-01 -0.1459122E+01
   04  0.5833300E+02  0.1436356E+02 -0.6790991E-02 -0.5069974E-01 -0.1459058E+01
   04  0.5998985E+02  0.1436362E+02 -0.6862866E-02 -0.5194089E-01 -0.1458991E+01
   04  0.6164671E+02  0.1436369E+02 -0.6927234E-02 -0.5316741E-01 -0.1458922E+01
   04  0.6330356E+02  0.1436377E+02 -0.6984280E-02 -0.5437942E-01 -0.1458850E+01
   04  0.6496041E+02  0.1436384E+02 -0.7034202E-02 -0.5557687E-01 -0.1458776E+01
   04  0.6661727E+02  0.1436392E+02 -0.7077194E-02 -0.5675928E-01 -0.1458699E+01
   04  0.6827412E+02  0.1436400E+02 -0.7113383E-02 -0.5792716E-01 -0.1458620E+01
   04  0.6993097E+02  0.1436408E+02 -0.7142877E-02 -0.5908125E-01 -0.1458539E+01
   04  0.7158783E+02  0.1436416E+02 -0.7165779E-02 -0.6022229E-01 -0.1458455E+01
   04  0.7324468E+02  0.1436425E+02 -0.7182190E-02 -0.6135094E-01 -0.1458370E+01
   04  0.7490153E+02  0.1436433E+02 -0.7192208E-02 -0.6246783E-01 -0.1458282E+01
   04  0.7655838E+02  0.1436442E+02 -0.7195926E-02 -0.6357355E-01 -0.1458193E+01
   04  0.7821524E+02  0.1436451E+02 -0.7193434E-02 -0.6466864E-01 -0.1458101E+01
   04  0.7987209E+02  0.1436461E+02 -0.7184817E-02 -0.6575359E-01 -0.1458008E+01
   04  0.8152894E+02  0.1436470E+02 -0.7170300E-02 -0.6682885E-01 -0.1457914E+01
   04  0.8318580E+02  0.1436480E+02 -0.7150139E-02 -0.6789487E-01 -0.1457818E+01
   04  0.8484265E+02  0.1436490E+02 -0.7123544E-02 -0.6895204E-01 -0.1457720E+01
   04  0.8649950E+02  0.1436499E+02 -0.7090063E-02 -0.7000076E-01 -0.1457621E+01
   04  0.8815636E+02  0.1436510E+02 -0.7049946E-02 -0.7104138E-01 -0.1457520E+01
   04  0.8981321E+02  0.1436520E+02 -0.7003483E-02 -0.7207419E-01 -0.1457418E+01
   04  0.9147006E+02  0.1436530E+02 -0.6950953E-02 -0.7309948E-01 -0.1457314E+01
   04  0.9445240E+02  0.1436549E+02 -0.6848926E-02 -0.7492686E-01 -0.1457125E+01
   04  0.9743473E+02  0.1436568E+02 -0.6729542E-02 -0.7673206E-01 -0.1456933E+01
   04  0.1004171E+03  0.1436588E+02 -0.6593934E-02 -0.7851599E-01 -0.1456736E+01
   04  0.1033994E+03  0.1436608E+02 -0.6443151E-02 -0.8027929E-01 -0.1456537E+01
   04  0.1063817E+03  0.1436628E+02 -0.6278227E-02 -0.8202228E-01 -0.1456335E+01
   04  0.1093641E+03  0.1436649E+02 -0.6100111E-02 -0.8374511E-01 -0.1456129E+01
   04  0.1123464E+03  0.1436669E+02 -0.5909627E-02 -0.8544780E-01 -0.1455921E+01
   04  0.1153287E+03  0.1436690E+02 -0.5707479E-02 -0.8713037E-01 -0.1455711E+01
   04  0.1183111E+03  0.1436712E+02 -0.5494285E-02 -0.8879284E-01 -0.1455497E+01
   04  0.1212934E+03  0.1436733E+02 -0.5270598E-02 -0.9043519E-01 -0.1455282E+01
   04  0.1242758E+03  0.1436755E+02 -0.5036931E-02 -0.9205738E-01 -0.1455063E+01
   04  0.1272581E+03  0.1436777E+02 -0.4792420E-02 -0.9365947E-01 -0.1454843E+01
   04  0.1302404E+03  0.1436800E+02 -0.4536163E-02 -0.9524168E-01 -0.1454620E+01
   04  0.1332228E+03  0.1436822E+02 -0.4268510E-02 -0.9680435E-01 -0.1454394E+01
   04  0.1362051E+03  0.1436845E+02 -0.3989770E-02 -0.9834783E-01 -0.1454167E+01
   04  0.1391874E+03  0.1436868E+02 -0.3700214E-02 -0.9987248E-01 -0.1453937E+01
   04  0.1421698E+03  0.1436891E+02 -0.3400074E-02 -0.1013787E+00 -0.1453704E+01
   04  0.1451521E+03  0.1436915E+02 -0.3089527E-02 -0.1028669E+00 -0.1453469E+01
   04  0.1481344E+03  0.1436938E+02 -0.2768675E-02 -0.1043377E+00 -0.1453232E+01
   04  0.1511168E+03  0.1436962E+02 -0.2438856E-02 -0.1057916E+00 -0.1452992E+01
   04  0.1540991E+03  0.1436987E+02 -0.2099664E-02 -0.1072290E+00 -0.1452750E+01
   04  0.1570814E+03  0.1437011E+02 -0.1750919E-02 -0.1086506E+00 -0.1452505E+01
   04  0.1600638E+03  0.1437036E+02 -0.1392392E-02 -0.1100611E+00 -0.1452257E+01
   04  0.1630461E+03  0.1437061E+02 -0.1023903E-02 -0.1114703E+00 -0.1452008E+01
   04  0.1660284E+03  0.1437086E+02 -0.6450649E-03 -0.1128783E+00 -0.1451757E+01
   04  0.1690108E+03  0.1437111E+02 -0.2552173E-03 -0.1142873E+00 -0.1451505E+01
   04  0.1719931E+03  0.1437136E+02  0.1464596E-03 -0.1156985E+00 -0.1451251E+01
   04  0.1749755E+03  0.1437162E+02  0.5609579E-03 -0.1171123E+00 -0.1450996E+01
   04  0.1779578E+03  0.1437188E+02  0.9894188E-03 -0.1185285E+00 -0.1450739E+01
   04  0.1809401E+03  0.1437214E+02  0.1422433E-02 -0.1199476E+00 -0.1450480E+01
   04  0.1824313E+03  0.1437227E+02  0.1645421E-02 -0.1206575E+00 -0.1450349E+01
   04  0.1839225E+03  0.1437240E+02  0.1868828E-02 -0.1213680E+00 -0.1450217E+01
   04  0.1854136E+03  0.1437253E+02  0.2092777E-02 -0.1220792E+00 -0.1450085E+01
   04  0.1869048E+03  0.1437266E+02  0.2317388E-02 -0.1227911E+00 -0.1449952E+01
   04  0.1883960E+03  0.1437280E+02  0.2542773E-02 -0.1235037E+00 -0.1449818E+01
   04  0.1898871E+03  0.1437293E+02  0.2769040E-02 -0.1242170E+00 -0.1449683E+01
   04  0.1913783E+03  0.1437307E+02  0.2996292E-02 -0.1249311E+00 -0.1449547E+01
   04  0.1928695E+03  0.1437320E+02  0.3224625E-02 -0.1256459E+00 -0.1449411E+01
   04  0.1943606E+03  0.1437334E+02  0.3454098E-02 -0.1263614E+00 -0.1449274E+01
   04  0.1958518E+03  0.1437348E+02  0.3684434E-02 -0.1270777E+00 -0.1449136E+01
   04  0.1973430E+03  0.1437362E+02  0.3915736E-02 -0.1277947E+00 -0.1448997E+01
   04  0.1988341E+03  0.1437376E+02  0.4148100E-02 -0.1285123E+00 -0.1448858E+01
   04  0.2003253E+03  0.1437390E+02  0.4381617E-02 -0.1292306E+00 -0.1448718E+01
   04  0.2018165E+03  0.1437404E+02  0.4616375E-02 -0.1299496E+00 -0.1448577E+01
   04  0.2033076E+03  0.1437418E+02  0.4852453E-02 -0.1306692E+00 -0.1448435E+01
   04  0.2047988E+03  0.1437432E+02  0.5089925E-02 -0.1313895E+00 -0.1448292E+01
   04  0.2062900E+03  0.1437447E+02  0.5328858E-02 -0.1321104E+00 -0.1448149E+01
   04  0.2077811E+03  0.1437461E+02  0.5569315E-02 -0.1328318E+00 -0.1448005E+01
   04  0.2092723E+03  0.1437476E+02  0.5811348E-02 -0.1335539E+00 -0.1447860E+01
   04  0.2107635E+03  0.1437490E+02  0.6055006E-02 -0.1342765E+00 -0.1447714E+01
   04  0.2122546E+03  0.1437505E+02  0.6300327E-02 -0.1349995E+00 -0.1447568E+01
   04  0.2137458E+03  0.1437519E+02  0.6547345E-02 -0.1357229E+00 -0.1447421E+01
   04  0.2152370E+03  0.1437534E+02  0.6796087E-02 -0.1364466E+00 -0.1447273E+01
   04  0.2167281E+03  0.1437549E+02  0.7046571E-02 -0.1371705E+00 -0.1447124E+01
   04  0.2182193E+03  0.1437564E+02  0.7298812E-02 -0.1378946E+00 -0.1446975E+01
   04  0.2197105E+03  0.1437579E+02  0.7552815E-02 -0.1386188E+00 -0.1446825E+01
   04  0.2212017E+03  0.1437594E+02  0.7808577E-02 -0.1393426E+00 -0.1446674E+01
   04  0.2226928E+03  0.1437609E+02  0.8066084E-02 -0.1400657E+00 -0.1446523E+01
   04  0.2241840E+03  0.1437624E+02  0.8325316E-02 -0.1407880E+00 -0.1446371E+01
   04  0.2256752E+03  0.1437640E+02  0.8586242E-02 -0.1415090E+00 -0.1446219E+01
   04  0.2271663E+03  0.1437655E+02  0.8848825E-02 -0.1422286E+00 -0.1446066E+01
   04  0.2286575E+03  0.1437670E+02  0.9113019E-02 -0.1429464E+00 -0.1445913E+01
   04  0.2301487E+03  0.1437686E+02  0.9378774E-02 -0.1436623E+00 -0.1445759E+01
   04  0.2316398E+03  0.1437701E+02  0.9646031E-02 -0.1443759E+00 -0.1445604E+01
   04  0.2331310E+03  0.1437717E+02  0.9914725E-02 -0.1450871E+00 -0.1445450E+01
   04  0.2346222E+03  0.1437732E+02  0.1018479E-01 -0.1457955E+00 -0.1445295E+01
   04  0.2361133E+03  0.1437748E+02  0.1045614E-01 -0.1465011E+00 -0.1445139E+01
   04  0.2376045E+03  0.1437763E+02  0.1072870E-01 -0.1472036E+00 -0.1444983E+01
   04  0.2390957E+03  0.1437779E+02  0.1100239E-01 -0.1479027E+00 -0.1444827E+01
   04  0.2405868E+03  0.1437794E+02  0.1127711E-01 -0.1485984E+00 -0.1444671E+01
   04  0.2420780E+03  0.1437810E+02  0.1155278E-01 -0.1492904E+00 -0.1444514E+01
   04  0.2435692E+03  0.1437826E+02  0.1182929E-01 -0.1499785E+00 -0.1444357E+01
   04  0.2450603E+03  0.1437842E+02  0.1210638E-01 -0.1506625E+00 -0.1444200E+01
   04  0.2465515E+03  0.1437857E+02  0.1238380E-01 -0.1513424E+00 -0.1444043E+01
   04  0.2480427E+03  0.1437873E+02  0.1266154E-01 -0.1520179E+00 -0.1443885E+01
   04  0.2495338E+03  0.1437889E+02  0.1293955E-01 -0.1526887E+00 -0.1443728E+01
   04  0.2510250E+03  0.1437905E+02  0.1321777E-01 -0.1533548E+00 -0.1443570E+01
   04  0.2525162E+03  0.1437920E+02  0.1349614E-01 -0.1540160E+00 -0.1443412E+01
   04  0.2540073E+03  0.1437936E+02  0.1377459E-01 -0.1546721E+00 -0.1443254E+01
   04  0.2554985E+03  0.1437952E+02  0.1405305E-01 -0.1553229E+00 -0.1443096E+01
   04  0.2569897E+03  0.1437968E+02  0.1433145E-01 -0.1559683E+00 -0.1442938E+01
   04  0.2584808E+03  0.1437984E+02  0.1460972E-01 -0.1566081E+00 -0.1442780E+01
   04  0.2599720E+03  0.1437999E+02  0.1488777E-01 -0.1572423E+00 -0.1442622E+01
   04  0.2614632E+03  0.1438015E+02  0.1516552E-01 -0.1578705E+00 -0.1442464E+01
   04  0.2629543E+03  0.1438031E+02  0.1544290E-01 -0.1584928E+00 -0.1442306E+01
   04  0.2644455E+03  0.1438047E+02  0.1571982E-01 -0.1591089E+00 -0.1442148E+01
   04  0.2659367E+03  0.1438063E+02  0.1599619E-01 -0.1597187E+00 -0.1441990E+01
   04  0.2674278E+03  0.1438078E+02  0.1627192E-01 -0.1603221E+00 -0.1441832E+01
   04  0.2689190E+03  0.1438094E+02  0.1654692E-01 -0.1609190E+00 -0.1441674E+01
   04  0.2704102E+03  0.1438110E+02  0.1682111E-01 -0.1615091E+00 -0.1441516E+01
   04  0.2719014E+03  0.1438126E+02  0.1709438E-01 -0.1620924E+00 -0.1441358E+01
   04  0.2733925E+03  0.1438141E+02  0.1736664E-01 -0.1626688E+00 -0.1441200E+01
   04  0.2748837E+03  0.1438157E+02  0.1763779E-01 -0.1632381E+00 -0.1441043E+01
   04  0.2763749E+03  0.1438173E+02  0.1790773E-01 -0.1638001E+00 -0.1440885E+01
   04  0.2778660E+03  0.1438189E+02  0.1817634E-01 -0.1643548E+00 -0.1440728E+01
   04  0.2793572E+03  0.1438204E+02  0.1844352E-01 -0.1649020E+00 -0.1440571E+01
   04  0.2808484E+03  0.1438220E+02  0.1870916E-01 -0.1654416E+00 -0.1440414E+01
   04  0.2823395E+03  0.1438236E+02  0.1897312E-01 -0.1659727E+00 -0.1440258E+01
   04  0.2838307E+03  0.1438251E+02  0.1923526E-01 -0.1664934E+00 -0.1440101E+01
   04  0.2853219E+03  0.1438267E+02  0.1949544E-01 -0.1670035E+00 -0.1439946E+01
   04  0.2868130E+03  0.1438282E+02  0.1975351E-01 -0.1675033E+00 -0.1439790E+01
   04  0.2883042E+03  0.1438298E+02  0.2000931E-01 -0.1679928E+00 -0.1439636E+01
   04  0.2897954E+03  0.1438313E+02  0.2026270E-01 -0.1684720E+00 -0.1439481E+01
   04  0.2912865E+03  0.1438329E+02  0.2051354E-01 -0.1689410E+00 -0.1439327E+01
   04  0.2927777E+03  0.1438344E+02  0.2076167E-01 -0.1693999E+00 -0.1439174E+01
   04  0.2942689E+03  0.1438359E+02  0.2100696E-01 -0.1698487E+00 -0.1439021E+01
   04  0.2957600E+03  0.1438375E+02  0.2124924E-01 -0.1702866E+00 -0.1438868E+01
   04  0.2972512E+03  0.1438390E+02  0.2148837E-01 -0.1707136E+00 -0.1438716E+01
   04  0.2987424E+03  0.1438405E+02  0.2172427E-01 -0.1711298E+00 -0.1438565E+01
   04  0.3002335E+03  0.1438420E+02  0.2195679E-01 -0.1715352E+00 -0.1438414E+01
   04  0.3017247E+03  0.1438435E+02  0.2218585E-01 -0.1719299E+00 -0.1438263E+01
   04  0.3032159E+03  0.1438450E+02  0.2241130E-01 -0.1723140E+00 -0.1438113E+01
   04  0.3047070E+03  0.1438465E+02  0.2263304E-01 -0.1726876E+00 -0.1437964E+01
   04  0.3061982E+03  0.1438480E+02  0.2285095E-01 -0.1730508E+00 -0.1437815E+01
   04  0.3076894E+03  0.1438495E+02  0.2306491E-01 -0.1734037E+00 -0.1437667E+01
   04  0.3091805E+03  0.1438510E+02  0.2327479E-01 -0.1737463E+00 -0.1437519E+01
   04  0.3106717E+03  0.1438524E+02  0.2348047E-01 -0.1740786E+00 -0.1437371E+01
   04  0.3121629E+03  0.1438539E+02  0.2368184E-01 -0.1744008E+00 -0.1437225E+01
   04  0.3136540E+03  0.1438554E+02  0.2387876E-01 -0.1747127E+00 -0.1437078E+01
   04  0.3151452E+03  0.1438568E+02  0.2407113E-01 -0.1750146E+00 -0.1436933E+01
   04  0.3165017E+03  0.1438581E+02  0.2424222E-01 -0.1752802E+00 -0.1436800E+01
   04  0.3178581E+03  0.1438595E+02  0.2440933E-01 -0.1755374E+00 -0.1436669E+01
   04  0.3192146E+03  0.1438608E+02  0.2457239E-01 -0.1757862E+00 -0.1436538E+01
   04  0.3205710E+03  0.1438621E+02  0.2473131E-01 -0.1760267E+00 -0.1436407E+01
   04  0.3219275E+03  0.1438634E+02  0.2488599E-01 -0.1762588E+00 -0.1436276E+01
   04  0.3232839E+03  0.1438647E+02  0.2503636E-01 -0.1764825E+00 -0.1436146E+01
   04  0.3246404E+03  0.1438660E+02  0.2518232E-01 -0.1766977E+00 -0.1436017E+01
   04  0.3259968E+03  0.1438673E+02  0.2532381E-01 -0.1769046E+00 -0.1435888E+01
   04  0.3273533E+03  0.1438686E+02  0.2546073E-01 -0.1771029E+00 -0.1435759E+01
   04  0.3287097E+03  0.1438698E+02  0.2559301E-01 -0.1772927E+00 -0.1435631E+01
   04  0.3300662E+03  0.1438711E+02  0.2572057E-01 -0.1774738E+00 -0.1435504E+01
   04  0.3314226E+03  0.1438724E+02  0.2584335E-01 -0.1776462E+00 -0.1435376E+01
   04  0.3327791E+03  0.1438737E+02  0.2596126E-01 -0.1778098E+00 -0.1435250E+01
   04  0.3341355E+03  0.1438749E+02  0.2607425E-01 -0.1779646E+00 -0.1435123E+01
   04  0.3354920E+03  0.1438762E+02  0.2618226E-01 -0.1781104E+00 -0.1434998E+01
   04  0.3368484E+03  0.1438774E+02  0.2628521E-01 -0.1782473E+00 -0.1434872E+01
   04  0.3382049E+03  0.1438787E+02  0.2638302E-01 -0.1783751E+00 -0.1434748E+01
   04  0.3395613E+03  0.1438799E+02  0.2647562E-01 -0.1784938E+00 -0.1434623E+01
   04  0.3409178E+03  0.1438812E+02  0.2656293E-01 -0.1786034E+00 -0.1434500E+01
   04  0.3422742E+03  0.1438824E+02  0.2664488E-01 -0.1787037E+00 -0.1434376E+01
   04  0.3436307E+03  0.1438836E+02  0.2672140E-01 -0.1787947E+00 -0.1434254E+01
   04  0.3449871E+03  0.1438848E+02  0.2679242E-01 -0.1788764E+00 -0.1434131E+01
   04  0.3463436E+03  0.1438861E+02  0.2685788E-01 -0.1789487E+00 -0.1434010E+01
   04  0.3477000E+03  0.1438873E+02  0.2691772E-01 -0.1790115E+00 -0.1433889E+01
   04  0.3490565E+03  0.1438885E+02  0.2697188E-01 -0.1790648E+00 -0.1433768E+01
   04  0.3504130E+03  0.1438897E+02  0.2702031E-01 -0.1791086E+00 -0.1433648E+01
   04  0.3517694E+03  0.1438909E+02  0.2706295E-01 -0.1791427E+00 -0.1433528E+01
   04  0.3531259E+03  0.1438921E+02  0.2709976E-01 -0.1791672E+00 -0.1433409E+01
   04  0.3544823E+03  0.1438932E+02  0.2713069E-01 -0.1791821E+00 -0.1433291E+01
   04  0.3558388E+03  0.1438944E+02  0.2715569E-01 -0.1791871E+00 -0.1433173E+01
   04  0.3574665E+03  0.1438958E+02  0.2717774E-01 -0.1791811E+00 -0.1433032E+01
   04  0.3590942E+03  0.1438972E+02  0.2719111E-01 -0.1791609E+00 -0.1432891E+01
   04  0.3607220E+03  0.1438986E+02  0.2719574E-01 -0.1791266E+00 -0.1432752E+01
   04  0.3623497E+03  0.1439000E+02  0.2719154E-01 -0.1790780E+00 -0.1432613E+01
   04  0.3639775E+03  0.1439014E+02  0.2717848E-01 -0.1790152E+00 -0.1432476E+01
   04  0.3656052E+03  0.1439028E+02  0.2715647E-01 -0.1789380E+00 -0.1432339E+01
   04  0.3672329E+03  0.1439041E+02  0.2712546E-01 -0.1788464E+00 -0.1432202E+01
   04  0.3688607E+03  0.1439055E+02  0.2708538E-01 -0.1787405E+00 -0.1432067E+01
   04  0.3704884E+03  0.1439068E+02  0.2703618E-01 -0.1786200E+00 -0.1431932E+01
   04  0.3721162E+03  0.1439082E+02  0.2697779E-01 -0.1784851E+00 -0.1431799E+01
   04  0.3737439E+03  0.1439095E+02  0.2691014E-01 -0.1783357E+00 -0.1431666E+01
   04  0.3753717E+03  0.1439108E+02  0.2683315E-01 -0.1781717E+00 -0.1431534E+01
   04  0.3769994E+03  0.1439121E+02  0.2674676E-01 -0.1779932E+00 -0.1431402E+01
   04  0.3786271E+03  0.1439134E+02  0.2665087E-01 -0.1778001E+00 -0.1431272E+01
   04  0.3802549E+03  0.1439147E+02  0.2654542E-01 -0.1775924E+00 -0.1431142E+01
   04  0.3818826E+03  0.1439160E+02  0.2643029E-01 -0.1773702E+00 -0.1431013E+01
   04  0.3835104E+03  0.1439173E+02  0.2630541E-01 -0.1771333E+00 -0.1430885E+01
   04  0.3851381E+03  0.1439186E+02  0.2617066E-01 -0.1768819E+00 -0.1430758E+01
   04  0.3867658E+03  0.1439198E+02  0.2602593E-01 -0.1766159E+00 -0.1430631E+01
   04  0.3883936E+03  0.1439211E+02  0.2587112E-01 -0.1763354E+00 -0.1430505E+01
   04  0.3900213E+03  0.1439224E+02  0.2570609E-01 -0.1760403E+00 -0.1430380E+01
   04  0.3916491E+03  0.1439236E+02  0.2553073E-01 -0.1757308E+00 -0.1430256E+01
   04  0.3932768E+03  0.1439248E+02  0.2534490E-01 -0.1754069E+00 -0.1430132E+01
   04  0.3949046E+03  0.1439261E+02  0.2514845E-01 -0.1750685E+00 -0.1430010E+01
   04  0.3965323E+03  0.1439273E+02  0.2494123E-01 -0.1747158E+00 -0.1429887E+01
   04  0.3981600E+03  0.1439285E+02  0.2472309E-01 -0.1743483E+00 -0.1429766E+01
   04  0.3997878E+03  0.1439297E+02  0.2449386E-01 -0.1739689E+00 -0.1429645E+01
   04  0.4014155E+03  0.1439309E+02  0.2425351E-01 -0.1735777E+00 -0.1429524E+01
   04  0.4030433E+03  0.1439321E+02  0.2400197E-01 -0.1731748E+00 -0.1429403E+01
   04  0.4046710E+03  0.1439333E+02  0.2373914E-01 -0.1727602E+00 -0.1429282E+01
   04  0.4062987E+03  0.1439345E+02  0.2346486E-01 -0.1723339E+00 -0.1429162E+01
   04  0.4079265E+03  0.1439357E+02  0.2317899E-01 -0.1718962E+00 -0.1429042E+01
   04  0.4095542E+03  0.1439369E+02  0.2288137E-01 -0.1714468E+00 -0.1428922E+01
   04  0.4111820E+03  0.1439381E+02  0.2257180E-01 -0.1709856E+00 -0.1428802E+01
   04  0.4128097E+03  0.1439393E+02  0.2225008E-01 -0.1705126E+00 -0.1428682E+01
   04  0.4144375E+03  0.1439405E+02  0.2191601E-01 -0.1700278E+00 -0.1428563E+01
   04  0.4160652E+03  0.1439417E+02  0.2156935E-01 -0.1695314E+00 -0.1428443E+01
   04  0.4176929E+03  0.1439429E+02  0.2120989E-01 -0.1690233E+00 -0.1428324E+01
   04  0.4193207E+03  0.1439441E+02  0.2083736E-01 -0.1685036E+00 -0.1428205E+01
   04  0.4209484E+03  0.1439453E+02  0.2045152E-01 -0.1679726E+00 -0.1428085E+01
   04  0.4225762E+03  0.1439465E+02  0.2005208E-01 -0.1674302E+00 -0.1427966E+01
   04  0.4242039E+03  0.1439477E+02  0.1963875E-01 -0.1668765E+00 -0.1427847E+01
   04  0.4258316E+03  0.1439489E+02  0.1921122E-01 -0.1663118E+00 -0.1427728E+01
   04  0.4274594E+03  0.1439501E+02  0.1876916E-01 -0.1657361E+00 -0.1427610E+01
   04  0.4290871E+03  0.1439512E+02  0.1831221E-01 -0.1651496E+00 -0.1427491E+01
   04  0.4307149E+03  0.1439524E+02  0.1783998E-01 -0.1645524E+00 -0.1427372E+01
   04  0.4323426E+03  0.1439536E+02  0.1735204E-01 -0.1639448E+00 -0.1427253E+01
   04  0.4339704E+03  0.1439548E+02  0.1685258E-01 -0.1633271E+00 -0.1427134E+01
   04  0.4355981E+03  0.1439560E+02  0.1634200E-01 -0.1626995E+00 -0.1427015E+01
   04  0.4372258E+03  0.1439572E+02  0.1582010E-01 -0.1620621E+00 -0.1426894E+01
   04  0.4388536E+03  0.1439584E+02  0.1528663E-01 -0.1614154E+00 -0.1426774E+01
   04  0.4404813E+03  0.1439596E+02  0.1474123E-01 -0.1607595E+00 -0.1426653E+01
   04  0.4421091E+03  0.1439608E+02  0.1418341E-01 -0.1600948E+00 -0.1426531E+01
   04  0.4437368E+03  0.1439621E+02  0.1361273E-01 -0.1594215E+00 -0.1426408E+01
   04  0.4453645E+03  0.1439633E+02  0.1303176E-01 -0.1587401E+00 -0.1426285E+01
   04  0.4469923E+03  0.1439645E+02  0.1244012E-01 -0.1580509E+00 -0.1426161E+01
   04  0.4486200E+03  0.1439658E+02  0.1183743E-01 -0.1573544E+00 -0.1426038E+01
   04  0.4502478E+03  0.1439670E+02  0.1122331E-01 -0.1566510E+00 -0.1425913E+01
   04  0.4518755E+03  0.1439683E+02  0.1059739E-01 -0.1559412E+00 -0.1425788E+01
   04  0.4535033E+03  0.1439695E+02  0.9960251E-02 -0.1552255E+00 -0.1425663E+01
   04  0.4551310E+03  0.1439708E+02  0.9311477E-02 -0.1545041E+00 -0.1425537E+01
   04  0.4567587E+03  0.1439720E+02  0.8650634E-02 -0.1537776E+00 -0.1425411E+01
   04  0.4583865E+03  0.1439733E+02  0.7977299E-02 -0.1530463E+00 -0.1425284E+01
   04  0.4600142E+03  0.1439746E+02  0.7290888E-02 -0.1523108E+00 -0.1425157E+01
   04  0.4616420E+03  0.1439759E+02  0.6590618E-02 -0.1515713E+00 -0.1425029E+01
   04  0.4632697E+03  0.1439771E+02  0.5872480E-02 -0.1508285E+00 -0.1424900E+01
   04  0.4648974E+03  0.1439784E+02  0.5135944E-02 -0.1500827E+00 -0.1424771E+01
   04  0.4665252E+03  0.1439797E+02  0.4380574E-02 -0.1493343E+00 -0.1424641E+01
   04  0.4681529E+03  0.1439810E+02  0.3605959E-02 -0.1485839E+00 -0.1424511E+01
   04  0.4697807E+03  0.1439824E+02  0.2811721E-02 -0.1478318E+00 -0.1424379E+01
   04  0.4714084E+03  0.1439837E+02  0.1997512E-02 -0.1470785E+00 -0.1424247E+01
   04  0.4730362E+03  0.1439850E+02  0.1163021E-02 -0.1463243E+00 -0.1424115E+01
   04  0.4746639E+03  0.1439863E+02  0.3079792E-03 -0.1455698E+00 -0.1423982E+01
   04  0.4762916E+03  0.1439877E+02 -0.5678421E-03 -0.1448153E+00 -0.1423848E+01
   04  0.4779194E+03  0.1439890E+02 -0.1464626E-02 -0.1440613E+00 -0.1423714E+01
   04  0.4795471E+03  0.1439904E+02 -0.2382619E-02 -0.1433080E+00 -0.1423580E+01
   04  0.4811749E+03  0.1439917E+02 -0.3322432E-02 -0.1425559E+00 -0.1423445E+01
   04  0.4828026E+03  0.1439931E+02 -0.4284195E-02 -0.1418053E+00 -0.1423309E+01
   04  0.4844303E+03  0.1439944E+02 -0.5267976E-02 -0.1410565E+00 -0.1423173E+01
   04  0.4860581E+03  0.1439958E+02 -0.6273792E-02 -0.1403099E+00 -0.1423036E+01
   04  0.4876858E+03  0.1439972E+02 -0.7301610E-02 -0.1395656E+00 -0.1422899E+01
   04  0.4893136E+03  0.1439985E+02 -0.8351352E-02 -0.1388239E+00 -0.1422762E+01
   04  0.4909413E+03  0.1439999E+02 -0.9423696E-02 -0.1380851E+00 -0.1422624E+01
   04  0.4925691E+03  0.1440013E+02 -0.1051853E-01 -0.1373495E+00 -0.1422486E+01
   04  0.4941968E+03  0.1440027E+02 -0.1163560E-01 -0.1366173E+00 -0.1422347E+01
   04  0.4958245E+03  0.1440041E+02 -0.1277463E-01 -0.1358887E+00 -0.1422208E+01
   04  0.4974523E+03  0.1440055E+02 -0.1393525E-01 -0.1351639E+00 -0.1422069E+01
   04  0.4990800E+03  0.1440069E+02 -0.1511703E-01 -0.1344430E+00 -0.1421929E+01
   04  0.5007078E+03  0.1440083E+02 -0.1631948E-01 -0.1337260E+00 -0.1421790E+01
   04  0.5023355E+03  0.1440097E+02 -0.1754213E-01 -0.1330132E+00 -0.1421649E+01
   04  0.5039632E+03  0.1440111E+02 -0.1878448E-01 -0.1323044E+00 -0.1421509E+01
   04  0.5055910E+03  0.1440125E+02 -0.2004598E-01 -0.1315997E+00 -0.1421368E+01
   04  0.5072187E+03  0.1440139E+02 -0.2132611E-01 -0.1308991E+00 -0.1421226E+01
   04  0.5088465E+03  0.1440153E+02 -0.2262431E-01 -0.1302025E+00 -0.1421085E+01
   04  0.5104742E+03  0.1440167E+02 -0.2394003E-01 -0.1295096E+00 -0.1420943E+01
   04  0.5121020E+03  0.1440181E+02 -0.2527322E-01 -0.1288203E+00 -0.1420801E+01
   04  0.5137297E+03  0.1440196E+02 -0.2662384E-01 -0.1281343E+00 -0.1420659E+01
   04  0.5153574E+03  0.1440210E+02 -0.2799088E-01 -0.1274513E+00 -0.1420516E+01
   04  0.5169852E+03  0.1440224E+02 -0.2937369E-01 -0.1267813E+00 -0.1420373E+01
   04  0.5186129E+03  0.1440239E+02 -0.3077160E-01 -0.1261248E+00 -0.1420228E+01
   04  0.5202407E+03  0.1440253E+02 -0.3218386E-01 -0.1254813E+00 -0.1420083E+01
   04  0.5218684E+03  0.1440268E+02 -0.3360973E-01 -0.1248504E+00 -0.1419937E+01
   04  0.5234961E+03  0.1440283E+02 -0.3504846E-01 -0.1242317E+00 -0.1419790E+01
   04  0.5251239E+03  0.1440297E+02 -0.3649934E-01 -0.1236247E+00 -0.1419642E+01
   04  0.5267516E+03  0.1440312E+02 -0.3796165E-01 -0.1230291E+00 -0.1419493E+01
   04  0.5283794E+03  0.1440327E+02 -0.3943474E-01 -0.1224445E+00 -0.1419343E+01
   04  0.5300071E+03  0.1440342E+02 -0.4091797E-01 -0.1218706E+00 -0.1419193E+01
   04  0.5316349E+03  0.1440357E+02 -0.4241071E-01 -0.1213070E+00 -0.1419041E+01
   04  0.5332626E+03  0.1440373E+02 -0.4391245E-01 -0.1207535E+00 -0.1418889E+01
   04  0.5348903E+03  0.1440388E+02 -0.4542276E-01 -0.1202095E+00 -0.1418737E+01
   04  0.5365181E+03  0.1440403E+02 -0.4694126E-01 -0.1196750E+00 -0.1418583E+01
   04  0.5381458E+03  0.1440419E+02 -0.4846760E-01 -0.1191494E+00 -0.1418429E+01
   04  0.5397736E+03  0.1440434E+02 -0.5000146E-01 -0.1186327E+00 -0.1418275E+01
   04  0.5414013E+03  0.1440450E+02 -0.5154251E-01 -0.1181244E+00 -0.1418119E+01
   04  0.5430290E+03  0.1440465E+02 -0.5309044E-01 -0.1176244E+00 -0.1417963E+01
   04  0.5446568E+03  0.1440481E+02 -0.5464500E-01 -0.1171324E+00 -0.1417807E+01
   04  0.5462845E+03  0.1440497E+02 -0.5620597E-01 -0.1166481E+00 -0.1417649E+01
   04  0.5479123E+03  0.1440512E+02 -0.5777318E-01 -0.1161714E+00 -0.1417491E+01
   04  0.5495400E+03  0.1440528E+02 -0.5934656E-01 -0.1157022E+00 -0.1417332E+01
   04  0.5511678E+03  0.1440544E+02 -0.6092604E-01 -0.1152402E+00 -0.1417173E+01
   04  0.5527955E+03  0.1440560E+02 -0.6251167E-01 -0.1147854E+00 -0.1417013E+01
   04  0.5544232E+03  0.1440576E+02 -0.6410352E-01 -0.1143377E+00 -0.1416852E+01
   04  0.5560510E+03  0.1440593E+02 -0.6570177E-01 -0.1138972E+00 -0.1416690E+01
   04  0.5576787E+03  0.1440609E+02 -0.6730666E-01 -0.1134637E+00 -0.1416527E+01
   04  0.5593065E+03  0.1440625E+02 -0.6891849E-01 -0.1130375E+00 -0.1416363E+01
   04  0.5609342E+03  0.1440642E+02 -0.7053765E-01 -0.1126187E+00 -0.1416199E+01
   04  0.5625619E+03  0.1440658E+02 -0.7216462E-01 -0.1122075E+00 -0.1416033E+01
   04  0.5641897E+03  0.1440675E+02 -0.7379996E-01 -0.1118040E+00 -0.1415866E+01
   04  0.5658174E+03  0.1440692E+02 -0.7544430E-01 -0.1114087E+00 -0.1415698E+01
   04  0.5674452E+03  0.1440709E+02 -0.7709839E-01 -0.1110218E+00 -0.1415528E+01
   04  0.5690729E+03  0.1440726E+02 -0.7876304E-01 -0.1106437E+00 -0.1415357E+01
   04  0.5707007E+03  0.1440743E+02 -0.8043916E-01 -0.1102752E+00 -0.1415184E+01
   04  0.5723284E+03  0.1440761E+02 -0.8212782E-01 -0.1099158E+00 -0.1415010E+01
   04  0.5739561E+03  0.1440778E+02 -0.8383031E-01 -0.1095633E+00 -0.1414834E+01
   04  0.5755839E+03  0.1440796E+02 -0.8554813E-01 -0.1092181E+00 -0.1414655E+01
   04  0.5772116E+03  0.1440814E+02 -0.8728285E-01 -0.1088806E+00 -0.1414474E+01
   04  0.5788394E+03  0.1440833E+02 -0.8903617E-01 -0.1085513E+00 -0.1414290E+01
   04  0.5804671E+03  0.1440851E+02 -0.9080995E-01 -0.1082309E+00 -0.1414103E+01
   04  0.5820948E+03  0.1440870E+02 -0.9260614E-01 -0.1079200E+00 -0.1413913E+01
   04  0.5837226E+03  0.1440890E+02 -0.9442685E-01 -0.1076193E+00 -0.1413720E+01
   04  0.5853503E+03  0.1440909E+02 -0.9627433E-01 -0.1073295E+00 -0.1413523E+01
   04  0.5869781E+03  0.1440929E+02 -0.9815098E-01 -0.1070516E+00 -0.1413323E+01
   04  0.5886058E+03  0.1440950E+02 -0.1000593E+00 -0.1067863E+00 -0.1413118E+01
   04  0.5902336E+03  0.1440971E+02 -0.1020021E+00 -0.1065346E+00 -0.1412909E+01
   04  0.5918613E+03  0.1440992E+02 -0.1039821E+00 -0.1062977E+00 -0.1412696E+01
   04  0.5934890E+03  0.1441014E+02 -0.1060023E+00 -0.1060765E+00 -0.1412478E+01
   04  0.5951168E+03  0.1441036E+02 -0.1080657E+00 -0.1058722E+00 -0.1412254E+01
   04  0.5967445E+03  0.1441059E+02 -0.1101751E+00 -0.1056792E+00 -0.1412025E+01
   04  0.5983723E+03  0.1441082E+02 -0.1123334E+00 -0.1054968E+00 -0.1411792E+01
