# gauge_id= 307 location=( -0.1242050000E+03  0.4176625000E+02 ) num_var=  4
# Stationary gauge
# level, time, q[  1  2  3], eta, aux[]
# file format ascii, time series follow in this file
   04  0.0000000E+00  0.1212376E+02  0.0000000E+00  0.0000000E+00  0.0000000E+00
   04  0.1000000E+01  0.1212376E+02 -0.5504518E-16  0.1491371E-15 -0.1455742E+01
   04  0.1015873E+01  0.1212376E+02 -0.5309587E-05 -0.1256644E-04 -0.1455742E+01
   04  0.1031746E+01  0.1212376E+02 -0.1061943E-04 -0.2513351E-04 -0.1455742E+01
   04  0.1047619E+01  0.1212376E+02 -0.1592952E-04 -0.3770122E-04 -0.1455742E+01
   04  0.1063492E+01  0.1212376E+02 -0.2123987E-04 -0.5026957E-04 -0.1455742E+01
   04  0.1079365E+01  0.1212376E+02 -0.2655046E-04 -0.6283856E-04 -0.1455742E+01
   04  0.1095238E+01  0.1212376E+02 -0.3186132E-04 -0.7540819E-04 -0.1455742E+01
   04  0.1111111E+01  0.1212376E+02 -0.3717242E-04 -0.8797845E-04 -0.1455742E+01
   04  0.1126984E+01  0.1212376E+02 -0.4248378E-04 -0.1005494E-03 -0.1455742E+01
   04  0.1142857E+01  0.1212376E+02 -0.4779538E-04 -0.1131209E-03 -0.1455742E+01
   04  0.1158730E+01  0.1212376E+02 -0.5310724E-04 -0.1256931E-03 -0.1455742E+01
   04  0.1174603E+01  0.1212376E+02 -0.5841936E-04 -0.1382659E-03 -0.1455742E+01
   04  0.1190476E+01  0.1212376E+02 -0.6373172E-04 -0.1508393E-03 -0.1455742E+01
   04  0.1206349E+01  0.1212376E+02 -0.6904433E-04 -0.1634134E-03 -0.1455742E+01
   04  0.1222222E+01  0.1212376E+02 -0.7435720E-04 -0.1759882E-03 -0.1455742E+01
   04  0.1238095E+01  0.1212376E+02 -0.7967032E-04 -0.1885635E-03 -0.1455742E+01
   04  0.1253968E+01  0.1212376E+02 -0.8498369E-04 -0.2011395E-03 -0.1455742E+01
   04  0.1269841E+01  0.1212376E+02 -0.9029731E-04 -0.2137162E-03 -0.1455742E+01
   04  0.1285714E+01  0.1212376E+02 -0.9561118E-04 -0.2262935E-03 -0.1455742E+01
   04  0.1301587E+01  0.1212376E+02 -0.1009253E-03 -0.2388714E-03 -0.1455742E+01
   04  0.1317460E+01  0.1212376E+02 -0.1062397E-03 -0.2514499E-03 -0.1455742E+01
   04  0.1333333E+01  0.1212376E+02 -0.1115543E-03 -0.2640291E-03 -0.1455743E+01
   04  0.1349206E+01  0.1212376E+02 -0.1168692E-03 -0.2766090E-03 -0.1455743E+01
   04  0.1365079E+01  0.1212376E+02 -0.1221843E-03 -0.2891894E-03 -0.1455743E+01
   04  0.1380952E+01  0.1212376E+02 -0.1274997E-03 -0.3017706E-03 -0.1455743E+01
   04  0.1396825E+01  0.1212376E+02 -0.1328153E-03 -0.3143523E-03 -0.1455743E+01
   04  0.1412698E+01  0.1212376E+02 -0.1381312E-03 -0.3269347E-03 -0.1455743E+01
   04  0.1428571E+01  0.1212376E+02 -0.1434473E-03 -0.3395177E-03 -0.1455743E+01
   04  0.1476190E+01  0.1212376E+02 -0.1593958E-03 -0.3772684E-03 -0.1455743E+01
   04  0.1523810E+01  0.1212376E+02 -0.1753465E-03 -0.4150249E-03 -0.1455743E+01
   04  0.1571429E+01  0.1212376E+02 -0.1912995E-03 -0.4527871E-03 -0.1455743E+01
   04  0.1619048E+01  0.1212376E+02 -0.2072547E-03 -0.4905550E-03 -0.1455743E+01
   04  0.1666667E+01  0.1212376E+02 -0.2232122E-03 -0.5283287E-03 -0.1455743E+01
   04  0.1714286E+01  0.1212376E+02 -0.2391719E-03 -0.5661081E-03 -0.1455743E+01
   04  0.1761905E+01  0.1212376E+02 -0.2551338E-03 -0.6038933E-03 -0.1455743E+01
   04  0.1809524E+01  0.1212376E+02 -0.2710980E-03 -0.6416843E-03 -0.1455743E+01
   04  0.1857143E+01  0.1212376E+02 -0.2870643E-03 -0.6794809E-03 -0.1455743E+01
   04  0.1904762E+01  0.1212376E+02 -0.3030329E-03 -0.7172834E-03 -0.1455743E+01
   04  0.1952381E+01  0.1212376E+02 -0.3190037E-03 -0.7550916E-03 -0.1455743E+01
   04  0.2000000E+01  0.1212376E+02 -0.3349766E-03 -0.7929055E-03 -0.1455743E+01
   04  0.5727919E+01  0.1212376E+02 -0.1580781E-02 -0.3751284E-02 -0.1455745E+01
   04  0.9455838E+01  0.1212376E+02 -0.2841657E-02 -0.6744579E-02 -0.1455744E+01
   04  0.1318376E+02  0.1212376E+02 -0.4114748E-02 -0.9771912E-02 -0.1455741E+01
   04  0.1691168E+02  0.1212377E+02 -0.5396753E-02 -0.1283137E-01 -0.1455735E+01
   04  0.2063960E+02  0.1212378E+02 -0.6684078E-02 -0.1592020E-01 -0.1455726E+01
   04  0.2436752E+02  0.1212379E+02 -0.7972839E-02 -0.1903494E-01 -0.1455713E+01
   04  0.2809543E+02  0.1212381E+02 -0.9258903E-02 -0.2217159E-01 -0.1455696E+01
   04  0.2995939E+02  0.1212382E+02 -0.9898541E-02 -0.2375135E-01 -0.1455686E+01
   04  0.3182335E+02  0.1212383E+02 -0.1053554E-01 -0.2533463E-01 -0.1455675E+01
   04  0.3348021E+02  0.1212384E+02 -0.1109893E-01 -0.2674491E-01 -0.1455664E+01
   04  0.3513706E+02  0.1212385E+02 -0.1165937E-01 -0.2815702E-01 -0.1455652E+01
   04  0.3679391E+02  0.1212386E+02 -0.1221649E-01 -0.2957053E-01 -0.1455639E+01
   04  0.3845077E+02  0.1212388E+02 -0.1276988E-01 -0.3098500E-01 -0.1455625E+01
   04  0.4010762E+02  0.1212389E+02 -0.1331915E-01 -0.3240003E-01 -0.1455609E+01
   04  0.4176447E+02  0.1212391E+02 -0.1386392E-01 -0.3381521E-01 -0.1455593E+01
   04  0.4342132E+02  0.1212393E+02 -0.1440381E-01 -0.3523010E-01 -0.1455575E+01
   04  0.4507818E+02  0.1212394E+02 -0.1493862E-01 -0.3664430E-01 -0.1455557E+01
   04  0.4673503E+02  0.1212396E+02 -0.1546830E-01 -0.3805735E-01 -0.1455537E+01
   04  0.4839188E+02  0.1212399E+02 -0.1599281E-01 -0.3946880E-01 -0.1455515E+01
   04  0.5004874E+02  0.1212401E+02 -0.1651249E-01 -0.4087822E-01 -0.1455493E+01
   04  0.5170559E+02  0.1212403E+02 -0.1702735E-01 -0.4228515E-01 -0.1455469E+01
   04  0.5336244E+02  0.1212406E+02 -0.1753737E-01 -0.4368917E-01 -0.1455444E+01
   04  0.5501930E+02  0.1212408E+02 -0.1804253E-01 -0.4508991E-01 -0.1455418E+01
   04  0.5667615E+02  0.1212411E+02 -0.1854274E-01 -0.4648703E-01 -0.1455391E+01
   04  0.5833300E+02  0.1212414E+02 -0.1903792E-01 -0.4788017E-01 -0.1455363E+01
   04  0.5998985E+02  0.1212417E+02 -0.1952792E-01 -0.4926897E-01 -0.1455333E+01
   04  0.6164671E+02  0.1212420E+02 -0.2001259E-01 -0.5065310E-01 -0.1455302E+01
   04  0.6330356E+02  0.1212423E+02 -0.2049175E-01 -0.5203221E-01 -0.1455270E+01
   04  0.6496041E+02  0.1212426E+02 -0.2096517E-01 -0.5340451E-01 -0.1455237E+01
   04  0.6661727E+02  0.1212430E+02 -0.2143248E-01 -0.5476896E-01 -0.1455202E+01
   04  0.6827412E+02  0.1212434E+02 -0.2189331E-01 -0.5612543E-01 -0.1455166E+01
   04  0.6993097E+02  0.1212437E+02 -0.2234730E-01 -0.5747379E-01 -0.1455128E+01
   04  0.7158783E+02  0.1212441E+02 -0.2279407E-01 -0.5881392E-01 -0.1455089E+01
   04  0.7324468E+02  0.1212445E+02 -0.2323326E-01 -0.6014569E-01 -0.1455048E+01
   04  0.7490153E+02  0.1212450E+02 -0.2366454E-01 -0.6146901E-01 -0.1455006E+01
   04  0.7655838E+02  0.1212454E+02 -0.2408754E-01 -0.6278377E-01 -0.1454962E+01
   04  0.7821524E+02  0.1212458E+02 -0.2450193E-01 -0.6408987E-01 -0.1454917E+01
   04  0.7987209E+02  0.1212463E+02 -0.2490738E-01 -0.6538722E-01 -0.1454870E+01
   04  0.8152894E+02  0.1212468E+02 -0.2530356E-01 -0.6667576E-01 -0.1454822E+01
   04  0.8318580E+02  0.1212473E+02 -0.2569017E-01 -0.6795539E-01 -0.1454772E+01
   04  0.8484265E+02  0.1212478E+02 -0.2606875E-01 -0.6922608E-01 -0.1454720E+01
   04  0.8649950E+02  0.1212483E+02 -0.2644027E-01 -0.7048782E-01 -0.1454667E+01
   04  0.8815636E+02  0.1212489E+02 -0.2680439E-01 -0.7174061E-01 -0.1454613E+01
   04  0.8981321E+02  0.1212494E+02 -0.2716081E-01 -0.7298448E-01 -0.1454558E+01
   04  0.9147006E+02  0.1212500E+02 -0.2750921E-01 -0.7421942E-01 -0.1454501E+01
   04  0.9445240E+02  0.1212511E+02 -0.2811397E-01 -0.7641888E-01 -0.1454395E+01
   04  0.9743473E+02  0.1212522E+02 -0.2869028E-01 -0.7858990E-01 -0.1454285E+01
   04  0.1004171E+03  0.1212533E+02 -0.2923707E-01 -0.8073287E-01 -0.1454170E+01
   04  0.1033994E+03  0.1212545E+02 -0.2975347E-01 -0.8284815E-01 -0.1454050E+01
   04  0.1063817E+03  0.1212558E+02 -0.3023878E-01 -0.8493592E-01 -0.1453925E+01
   04  0.1093641E+03  0.1212571E+02 -0.3069239E-01 -0.8699621E-01 -0.1453795E+01
   04  0.1123464E+03  0.1212584E+02 -0.3111492E-01 -0.8902918E-01 -0.1453660E+01
   04  0.1153287E+03  0.1212598E+02 -0.3151319E-01 -0.9103486E-01 -0.1453520E+01
   04  0.1183111E+03  0.1212613E+02 -0.3188711E-01 -0.9301347E-01 -0.1453376E+01
   04  0.1212934E+03  0.1212627E+02 -0.3223666E-01 -0.9496538E-01 -0.1453227E+01
   04  0.1242758E+03  0.1212643E+02 -0.3256191E-01 -0.9689099E-01 -0.1453074E+01
   04  0.1272581E+03  0.1212659E+02 -0.3286300E-01 -0.9879068E-01 -0.1452915E+01
   04  0.1302404E+03  0.1212675E+02 -0.3314008E-01 -0.1006649E+00 -0.1452753E+01
   04  0.1332228E+03  0.1212692E+02 -0.3339339E-01 -0.1025140E+00 -0.1452585E+01
   04  0.1362051E+03  0.1212709E+02 -0.3362319E-01 -0.1043387E+00 -0.1452412E+01
   04  0.1391874E+03  0.1212727E+02 -0.3382975E-01 -0.1061396E+00 -0.1452235E+01
   04  0.1421698E+03  0.1212745E+02 -0.3401341E-01 -0.1079176E+00 -0.1452053E+01
   04  0.1451521E+03  0.1212764E+02 -0.3417447E-01 -0.1096736E+00 -0.1451866E+01
   04  0.1481344E+03  0.1212783E+02 -0.3431329E-01 -0.1114084E+00 -0.1451674E+01
   04  0.1511168E+03  0.1212802E+02 -0.3443021E-01 -0.1131228E+00 -0.1451478E+01
   04  0.1540991E+03  0.1212822E+02 -0.3452559E-01 -0.1148178E+00 -0.1451277E+01
   04  0.1570814E+03  0.1212843E+02 -0.3459982E-01 -0.1164941E+00 -0.1451071E+01
   04  0.1600638E+03  0.1212864E+02 -0.3465330E-01 -0.1181523E+00 -0.1450860E+01
   04  0.1630461E+03  0.1212886E+02 -0.3468659E-01 -0.1197932E+00 -0.1450646E+01
   04  0.1660284E+03  0.1212907E+02 -0.3469892E-01 -0.1214176E+00 -0.1450426E+01
   04  0.1690108E+03  0.1212930E+02 -0.3468784E-01 -0.1230276E+00 -0.1450203E+01
   04  0.1719931E+03  0.1212953E+02 -0.3465285E-01 -0.1246257E+00 -0.1449974E+01
   04  0.1749755E+03  0.1212976E+02 -0.3459113E-01 -0.1262132E+00 -0.1449741E+01
   04  0.1779578E+03  0.1213000E+02 -0.3450267E-01 -0.1277916E+00 -0.1449504E+01
   04  0.1809401E+03  0.1213024E+02 -0.3438761E-01 -0.1293624E+00 -0.1449262E+01
   04  0.1824313E+03  0.1213036E+02 -0.3432522E-01 -0.1301455E+00 -0.1449139E+01
   04  0.1839225E+03  0.1213049E+02 -0.3425608E-01 -0.1309271E+00 -0.1449015E+01
   04  0.1854136E+03  0.1213061E+02 -0.3418021E-01 -0.1317074E+00 -0.1448890E+01
   04  0.1869048E+03  0.1213074E+02 -0.3409765E-01 -0.1324864E+00 -0.1448764E+01
   04  0.1883960E+03  0.1213086E+02 -0.3400845E-01 -0.1332644E+00 -0.1448636E+01
   04  0.1898871E+03  0.1213099E+02 -0.3391267E-01 -0.1340416E+00 -0.1448508E+01
   04  0.1913783E+03  0.1213112E+02 -0.3381038E-01 -0.1348180E+00 -0.1448379E+01
   04  0.1928695E+03  0.1213125E+02 -0.3370163E-01 -0.1355939E+00 -0.1448248E+01
   04  0.1943606E+03  0.1213138E+02 -0.3358653E-01 -0.1363690E+00 -0.1448117E+01
   04  0.1958518E+03  0.1213152E+02 -0.3346518E-01 -0.1371434E+00 -0.1447984E+01
   04  0.1973430E+03  0.1213165E+02 -0.3333769E-01 -0.1379170E+00 -0.1447851E+01
   04  0.1988341E+03  0.1213179E+02 -0.3320417E-01 -0.1386901E+00 -0.1447716E+01
   04  0.2003253E+03  0.1213192E+02 -0.3306475E-01 -0.1394628E+00 -0.1447581E+01
   04  0.2018165E+03  0.1213206E+02 -0.3291956E-01 -0.1402350E+00 -0.1447444E+01
   04  0.2033076E+03  0.1213219E+02 -0.3276873E-01 -0.1410070E+00 -0.1447307E+01
   04  0.2047988E+03  0.1213233E+02 -0.3261241E-01 -0.1417788E+00 -0.1447169E+01
   04  0.2062900E+03  0.1213247E+02 -0.3245075E-01 -0.1425504E+00 -0.1447029E+01
   04  0.2077811E+03  0.1213261E+02 -0.3228393E-01 -0.1433220E+00 -0.1446889E+01
   04  0.2092723E+03  0.1213275E+02 -0.3211210E-01 -0.1440936E+00 -0.1446749E+01
   04  0.2107635E+03  0.1213289E+02 -0.3193545E-01 -0.1448652E+00 -0.1446607E+01
   04  0.2122546E+03  0.1213304E+02 -0.3175416E-01 -0.1456369E+00 -0.1446464E+01
   04  0.2137458E+03  0.1213318E+02 -0.3156843E-01 -0.1464086E+00 -0.1446321E+01
   04  0.2152370E+03  0.1213332E+02 -0.3137847E-01 -0.1471805E+00 -0.1446177E+01
   04  0.2167281E+03  0.1213347E+02 -0.3118447E-01 -0.1479525E+00 -0.1446032E+01
   04  0.2182193E+03  0.1213362E+02 -0.3098665E-01 -0.1487247E+00 -0.1445886E+01
   04  0.2197105E+03  0.1213376E+02 -0.3078525E-01 -0.1494969E+00 -0.1445740E+01
   04  0.2212017E+03  0.1213391E+02 -0.3058049E-01 -0.1502692E+00 -0.1445593E+01
   04  0.2226928E+03  0.1213406E+02 -0.3037262E-01 -0.1510416E+00 -0.1445445E+01
   04  0.2241840E+03  0.1213420E+02 -0.3016187E-01 -0.1518139E+00 -0.1445296E+01
   04  0.2256752E+03  0.1213435E+02 -0.2994848E-01 -0.1525862E+00 -0.1445147E+01
   04  0.2271663E+03  0.1213450E+02 -0.2973270E-01 -0.1533584E+00 -0.1444998E+01
   04  0.2286575E+03  0.1213465E+02 -0.2951476E-01 -0.1541304E+00 -0.1444848E+01
   04  0.2301487E+03  0.1213480E+02 -0.2929490E-01 -0.1549020E+00 -0.1444697E+01
   04  0.2316398E+03  0.1213496E+02 -0.2907336E-01 -0.1556733E+00 -0.1444546E+01
   04  0.2331310E+03  0.1213511E+02 -0.2885035E-01 -0.1564441E+00 -0.1444394E+01
   04  0.2346222E+03  0.1213526E+02 -0.2862613E-01 -0.1572143E+00 -0.1444242E+01
   04  0.2361133E+03  0.1213541E+02 -0.2840091E-01 -0.1579838E+00 -0.1444089E+01
   04  0.2376045E+03  0.1213556E+02 -0.2817491E-01 -0.1587516E+00 -0.1443936E+01
   04  0.2390957E+03  0.1213572E+02 -0.2794835E-01 -0.1595177E+00 -0.1443783E+01
   04  0.2405868E+03  0.1213587E+02 -0.2772142E-01 -0.1602819E+00 -0.1443630E+01
   04  0.2420780E+03  0.1213603E+02 -0.2749433E-01 -0.1610440E+00 -0.1443476E+01
   04  0.2435692E+03  0.1213618E+02 -0.2726728E-01 -0.1618038E+00 -0.1443322E+01
   04  0.2450603E+03  0.1213633E+02 -0.2704047E-01 -0.1625613E+00 -0.1443168E+01
   04  0.2465515E+03  0.1213649E+02 -0.2681408E-01 -0.1633163E+00 -0.1443014E+01
   04  0.2480427E+03  0.1213664E+02 -0.2658834E-01 -0.1640685E+00 -0.1442859E+01
   04  0.2495338E+03  0.1213680E+02 -0.2636346E-01 -0.1648178E+00 -0.1442704E+01
   04  0.2510250E+03  0.1213695E+02 -0.2613963E-01 -0.1655641E+00 -0.1442550E+01
   04  0.2525162E+03  0.1213711E+02 -0.2591706E-01 -0.1663072E+00 -0.1442395E+01
   04  0.2540073E+03  0.1213726E+02 -0.2569594E-01 -0.1670468E+00 -0.1442240E+01
   04  0.2554985E+03  0.1213742E+02 -0.2547647E-01 -0.1677828E+00 -0.1442086E+01
   04  0.2569897E+03  0.1213757E+02 -0.2525883E-01 -0.1685150E+00 -0.1441931E+01
   04  0.2584808E+03  0.1213773E+02 -0.2504320E-01 -0.1692432E+00 -0.1441776E+01
   04  0.2599720E+03  0.1213788E+02 -0.2482976E-01 -0.1699672E+00 -0.1441622E+01
   04  0.2614632E+03  0.1213803E+02 -0.2461870E-01 -0.1706869E+00 -0.1441467E+01
   04  0.2629543E+03  0.1213819E+02 -0.2441018E-01 -0.1714020E+00 -0.1441313E+01
   04  0.2644455E+03  0.1213834E+02 -0.2420439E-01 -0.1721124E+00 -0.1441158E+01
   04  0.2659367E+03  0.1213850E+02 -0.2400149E-01 -0.1728179E+00 -0.1441004E+01
   04  0.2674278E+03  0.1213865E+02 -0.2380163E-01 -0.1735183E+00 -0.1440850E+01
   04  0.2689190E+03  0.1213880E+02 -0.2360499E-01 -0.1742133E+00 -0.1440697E+01
   04  0.2704102E+03  0.1213896E+02 -0.2341169E-01 -0.1749029E+00 -0.1440543E+01
   04  0.2719014E+03  0.1213911E+02 -0.2322190E-01 -0.1755868E+00 -0.1440390E+01
   04  0.2733925E+03  0.1213926E+02 -0.2303574E-01 -0.1762648E+00 -0.1440237E+01
   04  0.2748837E+03  0.1213942E+02 -0.2285335E-01 -0.1769367E+00 -0.1440085E+01
   04  0.2763749E+03  0.1213957E+02 -0.2267486E-01 -0.1776023E+00 -0.1439932E+01
   04  0.2778660E+03  0.1213972E+02 -0.2250039E-01 -0.1782615E+00 -0.1439780E+01
   04  0.2793572E+03  0.1213987E+02 -0.2233006E-01 -0.1789140E+00 -0.1439629E+01
   04  0.2808484E+03  0.1214002E+02 -0.2216397E-01 -0.1795596E+00 -0.1439477E+01
   04  0.2823395E+03  0.1214017E+02 -0.2200225E-01 -0.1801982E+00 -0.1439326E+01
   04  0.2838307E+03  0.1214033E+02 -0.2184497E-01 -0.1808295E+00 -0.1439176E+01
   04  0.2853219E+03  0.1214048E+02 -0.2169221E-01 -0.1814540E+00 -0.1439026E+01
   04  0.2868130E+03  0.1214063E+02 -0.2154404E-01 -0.1820714E+00 -0.1438876E+01
   04  0.2883042E+03  0.1214077E+02 -0.2140051E-01 -0.1826815E+00 -0.1438727E+01
   04  0.2897954E+03  0.1214092E+02 -0.2126165E-01 -0.1832841E+00 -0.1438578E+01
   04  0.2912865E+03  0.1214107E+02 -0.2112753E-01 -0.1838791E+00 -0.1438430E+01
   04  0.2927777E+03  0.1214122E+02 -0.2099817E-01 -0.1844662E+00 -0.1438283E+01
   04  0.2942689E+03  0.1214137E+02 -0.2087361E-01 -0.1850453E+00 -0.1438135E+01
   04  0.2957600E+03  0.1214151E+02 -0.2075385E-01 -0.1856167E+00 -0.1437989E+01
   04  0.2972512E+03  0.1214166E+02 -0.2063891E-01 -0.1861803E+00 -0.1437842E+01
   04  0.2987424E+03  0.1214180E+02 -0.2052878E-01 -0.1867363E+00 -0.1437697E+01
   04  0.3002335E+03  0.1214195E+02 -0.2042344E-01 -0.1872845E+00 -0.1437551E+01
   04  0.3017247E+03  0.1214209E+02 -0.2032288E-01 -0.1878249E+00 -0.1437406E+01
   04  0.3032159E+03  0.1214224E+02 -0.2022707E-01 -0.1883574E+00 -0.1437262E+01
   04  0.3047070E+03  0.1214238E+02 -0.2013600E-01 -0.1888821E+00 -0.1437118E+01
   04  0.3061982E+03  0.1214253E+02 -0.2004965E-01 -0.1893988E+00 -0.1436975E+01
   04  0.3076894E+03  0.1214267E+02 -0.1996799E-01 -0.1899075E+00 -0.1436831E+01
   04  0.3091805E+03  0.1214281E+02 -0.1989100E-01 -0.1904082E+00 -0.1436689E+01
   04  0.3106717E+03  0.1214295E+02 -0.1981866E-01 -0.1909007E+00 -0.1436547E+01
   04  0.3121629E+03  0.1214310E+02 -0.1975096E-01 -0.1913851E+00 -0.1436405E+01
   04  0.3136540E+03  0.1214324E+02 -0.1968787E-01 -0.1918613E+00 -0.1436264E+01
   04  0.3151452E+03  0.1214338E+02 -0.1962939E-01 -0.1923291E+00 -0.1436123E+01
   04  0.3165017E+03  0.1214351E+02 -0.1958037E-01 -0.1927472E+00 -0.1435995E+01
   04  0.3178581E+03  0.1214363E+02 -0.1953513E-01 -0.1931583E+00 -0.1435868E+01
   04  0.3192146E+03  0.1214376E+02 -0.1949367E-01 -0.1935624E+00 -0.1435741E+01
   04  0.3205710E+03  0.1214389E+02 -0.1945598E-01 -0.1939594E+00 -0.1435614E+01
   04  0.3219275E+03  0.1214401E+02 -0.1942208E-01 -0.1943494E+00 -0.1435488E+01
   04  0.3232839E+03  0.1214414E+02 -0.1939197E-01 -0.1947322E+00 -0.1435362E+01
   04  0.3246404E+03  0.1214427E+02 -0.1936566E-01 -0.1951079E+00 -0.1435236E+01
   04  0.3259968E+03  0.1214439E+02 -0.1934317E-01 -0.1954763E+00 -0.1435111E+01
   04  0.3273533E+03  0.1214452E+02 -0.1932456E-01 -0.1958375E+00 -0.1434986E+01
   04  0.3287097E+03  0.1214464E+02 -0.1930991E-01 -0.1961914E+00 -0.1434861E+01
   04  0.3300662E+03  0.1214476E+02 -0.1929931E-01 -0.1965379E+00 -0.1434737E+01
   04  0.3314226E+03  0.1214489E+02 -0.1929286E-01 -0.1968770E+00 -0.1434614E+01
   04  0.3327791E+03  0.1214501E+02 -0.1929065E-01 -0.1972087E+00 -0.1434490E+01
   04  0.3341355E+03  0.1214513E+02 -0.1929278E-01 -0.1975330E+00 -0.1434367E+01
   04  0.3354920E+03  0.1214526E+02 -0.1929937E-01 -0.1978497E+00 -0.1434245E+01
   04  0.3368484E+03  0.1214538E+02 -0.1931052E-01 -0.1981589E+00 -0.1434123E+01
   04  0.3382049E+03  0.1214550E+02 -0.1932635E-01 -0.1984605E+00 -0.1434001E+01
   04  0.3395613E+03  0.1214562E+02 -0.1934698E-01 -0.1987546E+00 -0.1433879E+01
   04  0.3409178E+03  0.1214574E+02 -0.1937254E-01 -0.1990410E+00 -0.1433758E+01
   04  0.3422742E+03  0.1214586E+02 -0.1940315E-01 -0.1993197E+00 -0.1433638E+01
   04  0.3436307E+03  0.1214598E+02 -0.1943896E-01 -0.1995909E+00 -0.1433518E+01
   04  0.3449871E+03  0.1214610E+02 -0.1948010E-01 -0.1998543E+00 -0.1433398E+01
   04  0.3463436E+03  0.1214622E+02 -0.1952672E-01 -0.2001100E+00 -0.1433278E+01
   04  0.3477000E+03  0.1214634E+02 -0.1957895E-01 -0.2003581E+00 -0.1433159E+01
   04  0.3490565E+03  0.1214646E+02 -0.1963696E-01 -0.2005985E+00 -0.1433040E+01
   04  0.3504130E+03  0.1214658E+02 -0.1970090E-01 -0.2008313E+00 -0.1432922E+01
   04  0.3517694E+03  0.1214670E+02 -0.1977092E-01 -0.2010564E+00 -0.1432804E+01
   04  0.3531259E+03  0.1214681E+02 -0.1984720E-01 -0.2012738E+00 -0.1432686E+01
   04  0.3544823E+03  0.1214693E+02 -0.1992990E-01 -0.2014837E+00 -0.1432569E+01
   04  0.3558388E+03  0.1214705E+02 -0.2001920E-01 -0.2016861E+00 -0.1432452E+01
   04  0.3574665E+03  0.1214719E+02 -0.2013487E-01 -0.2019194E+00 -0.1432312E+01
   04  0.3590942E+03  0.1214733E+02 -0.2026060E-01 -0.2021421E+00 -0.1432172E+01
   04  0.3607220E+03  0.1214747E+02 -0.2039673E-01 -0.2023542E+00 -0.1432033E+01
   04  0.3623497E+03  0.1214761E+02 -0.2054362E-01 -0.2025562E+00 -0.1431894E+01
   04  0.3639775E+03  0.1214775E+02 -0.2070161E-01 -0.2027483E+00 -0.1431756E+01
   04  0.3656052E+03  0.1214788E+02 -0.2087109E-01 -0.2029307E+00 -0.1431617E+01
   04  0.3672329E+03  0.1214802E+02 -0.2105243E-01 -0.2031036E+00 -0.1431479E+01
   04  0.3688607E+03  0.1214816E+02 -0.2124604E-01 -0.2032671E+00 -0.1431341E+01
   04  0.3704884E+03  0.1214830E+02 -0.2145234E-01 -0.2034215E+00 -0.1431204E+01
   04  0.3721162E+03  0.1214844E+02 -0.2167174E-01 -0.2035670E+00 -0.1431066E+01
   04  0.3737439E+03  0.1214857E+02 -0.2190469E-01 -0.2037038E+00 -0.1430928E+01
   04  0.3753717E+03  0.1214871E+02 -0.2215164E-01 -0.2038322E+00 -0.1430791E+01
   04  0.3769994E+03  0.1214885E+02 -0.2241307E-01 -0.2039523E+00 -0.1430654E+01
   04  0.3786271E+03  0.1214899E+02 -0.2268945E-01 -0.2040644E+00 -0.1430516E+01
   04  0.3802549E+03  0.1214912E+02 -0.2298127E-01 -0.2041687E+00 -0.1430378E+01
   04  0.3818826E+03  0.1214926E+02 -0.2328904E-01 -0.2042655E+00 -0.1430241E+01
   04  0.3835104E+03  0.1214940E+02 -0.2361327E-01 -0.2043551E+00 -0.1430103E+01
   04  0.3851381E+03  0.1214954E+02 -0.2395449E-01 -0.2044377E+00 -0.1429965E+01
   04  0.3867658E+03  0.1214967E+02 -0.2431324E-01 -0.2045135E+00 -0.1429826E+01
   04  0.3883936E+03  0.1214981E+02 -0.2469006E-01 -0.2045829E+00 -0.1429688E+01
   04  0.3900213E+03  0.1214995E+02 -0.2508551E-01 -0.2046460E+00 -0.1429549E+01
   04  0.3916491E+03  0.1215009E+02 -0.2550014E-01 -0.2047033E+00 -0.1429410E+01
   04  0.3932768E+03  0.1215023E+02 -0.2593451E-01 -0.2047550E+00 -0.1429270E+01
   04  0.3949046E+03  0.1215037E+02 -0.2638921E-01 -0.2048014E+00 -0.1429130E+01
   04  0.3965323E+03  0.1215051E+02 -0.2686481E-01 -0.2048427E+00 -0.1428989E+01
   04  0.3981600E+03  0.1215065E+02 -0.2736188E-01 -0.2048793E+00 -0.1428848E+01
   04  0.3997878E+03  0.1215080E+02 -0.2788098E-01 -0.2049115E+00 -0.1428706E+01
   04  0.4014155E+03  0.1215094E+02 -0.2842266E-01 -0.2049396E+00 -0.1428564E+01
   04  0.4030433E+03  0.1215108E+02 -0.2898749E-01 -0.2049638E+00 -0.1428421E+01
   04  0.4046710E+03  0.1215122E+02 -0.2957601E-01 -0.2049845E+00 -0.1428277E+01
   04  0.4062987E+03  0.1215137E+02 -0.3018877E-01 -0.2050020E+00 -0.1428133E+01
   04  0.4079265E+03  0.1215151E+02 -0.3082632E-01 -0.2050165E+00 -0.1427988E+01
   04  0.4095542E+03  0.1215166E+02 -0.3148920E-01 -0.2050283E+00 -0.1427842E+01
   04  0.4111820E+03  0.1215181E+02 -0.3217796E-01 -0.2050380E+00 -0.1427695E+01
   04  0.4128097E+03  0.1215195E+02 -0.3289316E-01 -0.2050464E+00 -0.1427548E+01
   04  0.4144375E+03  0.1215210E+02 -0.3363534E-01 -0.2050540E+00 -0.1427400E+01
   04  0.4160652E+03  0.1215225E+02 -0.3440191E-01 -0.2050613E+00 -0.1427251E+01
   04  0.4176929E+03  0.1215240E+02 -0.3519065E-01 -0.2050689E+00 -0.1427100E+01
   04  0.4193207E+03  0.1215255E+02 -0.3600053E-01 -0.2050771E+00 -0.1426948E+01
   04  0.4209484E+03  0.1215271E+02 -0.3683192E-01 -0.2050863E+00 -0.1426794E+01
   04  0.4225762E+03  0.1215286E+02 -0.3768516E-01 -0.2050967E+00 -0.1426638E+01
   04  0.4242039E+03  0.1215302E+02 -0.3856054E-01 -0.2051087E+00 -0.1426481E+01
   04  0.4258316E+03  0.1215318E+02 -0.3945829E-01 -0.2051225E+00 -0.1426322E+01
   04  0.4274594E+03  0.1215334E+02 -0.4037860E-01 -0.2051382E+00 -0.1426162E+01
   04  0.4290871E+03  0.1215350E+02 -0.4132159E-01 -0.2051562E+00 -0.1426000E+01
   04  0.4307149E+03  0.1215367E+02 -0.4228734E-01 -0.2051766E+00 -0.1425836E+01
   04  0.4323426E+03  0.1215383E+02 -0.4327584E-01 -0.2051996E+00 -0.1425670E+01
   04  0.4339704E+03  0.1215400E+02 -0.4428844E-01 -0.2052253E+00 -0.1425503E+01
   04  0.4355981E+03  0.1215417E+02 -0.4532525E-01 -0.2052540E+00 -0.1425335E+01
   04  0.4372258E+03  0.1215434E+02 -0.4638617E-01 -0.2052857E+00 -0.1425165E+01
   04  0.4388536E+03  0.1215451E+02 -0.4747102E-01 -0.2053207E+00 -0.1424994E+01
   04  0.4404813E+03  0.1215468E+02 -0.4857958E-01 -0.2053590E+00 -0.1424821E+01
   04  0.4421091E+03  0.1215485E+02 -0.4971159E-01 -0.2054007E+00 -0.1424647E+01
   04  0.4437368E+03  0.1215503E+02 -0.5086671E-01 -0.2054458E+00 -0.1424472E+01
   04  0.4453645E+03  0.1215521E+02 -0.5204459E-01 -0.2054945E+00 -0.1424296E+01
   04  0.4469923E+03  0.1215538E+02 -0.5324480E-01 -0.2055467E+00 -0.1424118E+01
   04  0.4486200E+03  0.1215556E+02 -0.5446689E-01 -0.2056025E+00 -0.1423939E+01
   04  0.4502478E+03  0.1215574E+02 -0.5571035E-01 -0.2056619E+00 -0.1423759E+01
   04  0.4518755E+03  0.1215592E+02 -0.5697466E-01 -0.2057248E+00 -0.1423578E+01
   04  0.4535033E+03  0.1215611E+02 -0.5825924E-01 -0.2057912E+00 -0.1423396E+01
   04  0.4551310E+03  0.1215629E+02 -0.5956351E-01 -0.2058610E+00 -0.1423213E+01
   04  0.4567587E+03  0.1215647E+02 -0.6088685E-01 -0.2059340E+00 -0.1423029E+01
   04  0.4583865E+03  0.1215666E+02 -0.6222863E-01 -0.2060103E+00 -0.1422845E+01
   04  0.4600142E+03  0.1215684E+02 -0.6358822E-01 -0.2060897E+00 -0.1422659E+01
   04  0.4616420E+03  0.1215703E+02 -0.6496495E-01 -0.2061719E+00 -0.1422473E+01
   04  0.4632697E+03  0.1215721E+02 -0.6635809E-01 -0.2062570E+00 -0.1422287E+01
   04  0.4648974E+03  0.1215740E+02 -0.6776659E-01 -0.2063446E+00 -0.1422099E+01
   04  0.4665252E+03  0.1215759E+02 -0.6918966E-01 -0.2064345E+00 -0.1421911E+01
   04  0.4681529E+03  0.1215778E+02 -0.7062655E-01 -0.2065267E+00 -0.1421723E+01
   04  0.4697807E+03  0.1215797E+02 -0.7207654E-01 -0.2066207E+00 -0.1421535E+01
   04  0.4714084E+03  0.1215816E+02 -0.7353893E-01 -0.2067163E+00 -0.1421346E+01
   04  0.4730362E+03  0.1215834E+02 -0.7501304E-01 -0.2068133E+00 -0.1421156E+01
   04  0.4746639E+03  0.1215853E+02 -0.7649825E-01 -0.2069115E+00 -0.1420967E+01
   04  0.4762916E+03  0.1215872E+02 -0.7799397E-01 -0.2070106E+00 -0.1420777E+01
   04  0.4779194E+03  0.1215891E+02 -0.7949965E-01 -0.2071102E+00 -0.1420587E+01
   04  0.4795471E+03  0.1215910E+02 -0.8101480E-01 -0.2072102E+00 -0.1420397E+01
   04  0.4811749E+03  0.1215929E+02 -0.8253895E-01 -0.2073102E+00 -0.1420207E+01
   04  0.4828026E+03  0.1215948E+02 -0.8407173E-01 -0.2074104E+00 -0.1420018E+01
   04  0.4844303E+03  0.1215967E+02 -0.8561280E-01 -0.2075108E+00 -0.1419828E+01
   04  0.4860581E+03  0.1215986E+02 -0.8716189E-01 -0.2076113E+00 -0.1419638E+01
   04  0.4876858E+03  0.1216005E+02 -0.8871880E-01 -0.2077117E+00 -0.1419448E+01
   04  0.4893136E+03  0.1216024E+02 -0.9028339E-01 -0.2078119E+00 -0.1419258E+01
   04  0.4909413E+03  0.1216043E+02 -0.9185559E-01 -0.2079117E+00 -0.1419068E+01
   04  0.4925691E+03  0.1216062E+02 -0.9343539E-01 -0.2080113E+00 -0.1418879E+01
   04  0.4941968E+03  0.1216081E+02 -0.9502289E-01 -0.2081103E+00 -0.1418689E+01
   04  0.4958245E+03  0.1216100E+02 -0.9661825E-01 -0.2082089E+00 -0.1418500E+01
   04  0.4974523E+03  0.1216119E+02 -0.9822170E-01 -0.2083069E+00 -0.1418311E+01
   04  0.4990800E+03  0.1216138E+02 -0.9983356E-01 -0.2084044E+00 -0.1418121E+01
   04  0.5007078E+03  0.1216157E+02 -0.1014543E+00 -0.2085013E+00 -0.1417932E+01
   04  0.5023355E+03  0.1216176E+02 -0.1030843E+00 -0.2085977E+00 -0.1417743E+01
   04  0.5039632E+03  0.1216195E+02 -0.1047243E+00 -0.2086935E+00 -0.1417554E+01
   04  0.5055910E+03  0.1216214E+02 -0.1063748E+00 -0.2087888E+00 -0.1417364E+01
   04  0.5072187E+03  0.1216233E+02 -0.1080367E+00 -0.2088838E+00 -0.1417175E+01
   04  0.5088465E+03  0.1216252E+02 -0.1097108E+00 -0.2089784E+00 -0.1416985E+01
   04  0.5104742E+03  0.1216271E+02 -0.1113981E+00 -0.2090729E+00 -0.1416795E+01
   04  0.5121020E+03  0.1216290E+02 -0.1131003E+00 -0.2091674E+00 -0.1416605E+01
   04  0.5137297E+03  0.1216309E+02 -0.1148190E+00 -0.2092621E+00 -0.1416414E+01
   04  0.5153574E+03  0.1216328E+02 -0.1165556E+00 -0.2093574E+00 -0.1416223E+01
   04  0.5169852E+03  0.1216347E+02 -0.1183115E+00 -0.2094534E+00 -0.1416031E+01
   04  0.5186129E+03  0.1216366E+02 -0.1200882E+00 -0.2095507E+00 -0.1415839E+01
   04  0.5202407E+03  0.1216386E+02 -0.1218873E+00 -0.2096495E+00 -0.1415646E+01
   04  0.5218684E+03  0.1216405E+02 -0.1237104E+00 -0.2097503E+00 -0.1415452E+01
   04  0.5234961E+03  0.1216425E+02 -0.1255596E+00 -0.2098535E+00 -0.1415256E+01
   04  0.5251239E+03  0.1216444E+02 -0.1274368E+00 -0.2099596E+00 -0.1415059E+01
   04  0.5267516E+03  0.1216464E+02 -0.1293441E+00 -0.2100691E+00 -0.1414860E+01
   04  0.5283794E+03  0.1216484E+02 -0.1312841E+00 -0.2101827E+00 -0.1414660E+01
   04  0.5300071E+03  0.1216504E+02 -0.1332591E+00 -0.2103009E+00 -0.1414457E+01
   04  0.5316349E+03  0.1216525E+02 -0.1352719E+00 -0.2104243E+00 -0.1414252E+01
   04  0.5332626E+03  0.1216546E+02 -0.1373254E+00 -0.2105537E+00 -0.1414044E+01
   04  0.5348903E+03  0.1216567E+02 -0.1394226E+00 -0.2106898E+00 -0.1413833E+01
   04  0.5365181E+03  0.1216588E+02 -0.1415669E+00 -0.2108332E+00 -0.1413619E+01
   04  0.5381458E+03  0.1216610E+02 -0.1437616E+00 -0.2109849E+00 -0.1413401E+01
   04  0.5397736E+03  0.1216632E+02 -0.1460106E+00 -0.2111454E+00 -0.1413179E+01
   04  0.5414013E+03  0.1216655E+02 -0.1483177E+00 -0.2113185E+00 -0.1412952E+01
   04  0.5430290E+03  0.1216678E+02 -0.1506870E+00 -0.2115067E+00 -0.1412721E+01
   04  0.5446568E+03  0.1216702E+02 -0.1531231E+00 -0.2117123E+00 -0.1412483E+01
   04  0.5462845E+03  0.1216726E+02 -0.1556306E+00 -0.2119373E+00 -0.1412239E+01
   04  0.5479123E+03  0.1216751E+02 -0.1582145E+00 -0.2121839E+00 -0.1411989E+01
   04  0.5495400E+03  0.1216777E+02 -0.1608801E+00 -0.2124543E+00 -0.1411731E+01
   04  0.5511678E+03  0.1216804E+02 -0.1636328E+00 -0.2127507E+00 -0.1411465E+01
   04  0.5527955E+03  0.1216831E+02 -0.1664784E+00 -0.2130755E+00 -0.1411191E+01
   04  0.5544232E+03  0.1216859E+02 -0.1694230E+00 -0.2134310E+00 -0.1410907E+01
   04  0.5560510E+03  0.1216889E+02 -0.1724731E+00 -0.2138199E+00 -0.1410614E+01
   04  0.5576787E+03  0.1216919E+02 -0.1756356E+00 -0.2142447E+00 -0.1410310E+01
   04  0.5593065E+03  0.1216951E+02 -0.1789173E+00 -0.2147080E+00 -0.1409994E+01
   04  0.5609342E+03  0.1216983E+02 -0.1823252E+00 -0.2152126E+00 -0.1409667E+01
   04  0.5625619E+03  0.1217017E+02 -0.1858666E+00 -0.2157615E+00 -0.1409327E+01
   04  0.5641897E+03  0.1217053E+02 -0.1895490E+00 -0.2163574E+00 -0.1408973E+01
   04  0.5658174E+03  0.1217090E+02 -0.1933802E+00 -0.2170036E+00 -0.1408605E+01
   04  0.5674452E+03  0.1217128E+02 -0.1973718E+00 -0.2177030E+00 -0.1408222E+01
   04  0.5690729E+03  0.1217168E+02 -0.2015317E+00 -0.2184589E+00 -0.1407824E+01
   04  0.5707007E+03  0.1217209E+02 -0.2058681E+00 -0.2192744E+00 -0.1407409E+01
   04  0.5723284E+03  0.1217252E+02 -0.2103895E+00 -0.2201533E+00 -0.1406977E+01
   04  0.5739561E+03  0.1217297E+02 -0.2151044E+00 -0.2211005E+00 -0.1406526E+01
   04  0.5755839E+03  0.1217344E+02 -0.2200217E+00 -0.2221187E+00 -0.1406057E+01
   04  0.5772116E+03  0.1217393E+02 -0.2251501E+00 -0.2232110E+00 -0.1405568E+01
   04  0.5788394E+03  0.1217444E+02 -0.2304984E+00 -0.2243805E+00 -0.1405058E+01
   04  0.5804671E+03  0.1217497E+02 -0.2360754E+00 -0.2256303E+00 -0.1404526E+01
   04  0.5820948E+03  0.1217553E+02 -0.2418899E+00 -0.2269632E+00 -0.1403972E+01
   04  0.5837226E+03  0.1217611E+02 -0.2479503E+00 -0.2283824E+00 -0.1403395E+01
   04  0.5853503E+03  0.1217671E+02 -0.2542650E+00 -0.2298906E+00 -0.1402793E+01
   04  0.5869781E+03  0.1217733E+02 -0.2608424E+00 -0.2314906E+00 -0.1402167E+01
   04  0.5886058E+03  0.1217799E+02 -0.2676902E+00 -0.2331850E+00 -0.1401515E+01
   04  0.5902336E+03  0.1217866E+02 -0.2748164E+00 -0.2349708E+00 -0.1400836E+01
   04  0.5918613E+03  0.1217937E+02 -0.2822280E+00 -0.2368440E+00 -0.1400132E+01
   04  0.5934890E+03  0.1218010E+02 -0.2899319E+00 -0.2388190E+00 -0.1399401E+01
   04  0.5951168E+03  0.1218086E+02 -0.2979345E+00 -0.2409013E+00 -0.1398643E+01
   04  0.5967445E+03  0.1218164E+02 -0.3062416E+00 -0.2430987E+00 -0.1397858E+01
   04  0.5983723E+03  0.1218246E+02 -0.3148586E+00 -0.2454188E+00 -0.1397044E+01
