# gauge_id= 609 location=( -0.1242117435E+03  0.4175235224E+02 ) num_var=  4
# Stationary gauge
# level, time, q[  1  2  3], eta, aux[]
# file format ascii, time series follow in this file
   06  0.0000000E+00  0.1498827E+02  0.0000000E+00  0.0000000E+00  0.0000000E+00
   06  0.1000000E+01  0.1498827E+02  0.6302659E-16  0.5295851E-15  0.2352599E+01
   06  0.1003968E+01  0.1498827E+02  0.1192693E-03  0.3081317E-05  0.2352599E+01
   06  0.1007937E+01  0.1498827E+02  0.2385368E-03  0.6162486E-05  0.2352599E+01
   06  0.1011905E+01  0.1498827E+02  0.3578024E-03  0.9243499E-05  0.2352599E+01
   06  0.1015873E+01  0.1498827E+02  0.4770663E-03  0.1232435E-04  0.2352599E+01
   06  0.1019841E+01  0.1498827E+02  0.5963283E-03  0.1540504E-04  0.2352599E+01
   06  0.1023810E+01  0.1498827E+02  0.7155886E-03  0.1848555E-04  0.2352599E+01
   06  0.1027778E+01  0.1498827E+02  0.8348469E-03  0.2156589E-04  0.2352599E+01
   06  0.1031746E+01  0.1498827E+02  0.9541035E-03  0.2464604E-04  0.2352600E+01
   06  0.1035714E+01  0.1498827E+02  0.1073358E-02  0.2772600E-04  0.2352600E+01
   06  0.1039683E+01  0.1498827E+02  0.1192611E-02  0.3080577E-04  0.2352600E+01
   06  0.1043651E+01  0.1498827E+02  0.1311862E-02  0.3388534E-04  0.2352600E+01
   06  0.1047619E+01  0.1498827E+02  0.1431111E-02  0.3696471E-04  0.2352600E+01
   06  0.1051587E+01  0.1498827E+02  0.1550358E-02  0.4004386E-04  0.2352600E+01
   06  0.1055556E+01  0.1498827E+02  0.1669603E-02  0.4312280E-04  0.2352600E+01
   06  0.1059524E+01  0.1498827E+02  0.1788847E-02  0.4620151E-04  0.2352600E+01
   06  0.1063492E+01  0.1498827E+02  0.1908088E-02  0.4928000E-04  0.2352600E+01
   06  0.1067460E+01  0.1498827E+02  0.2027327E-02  0.5235825E-04  0.2352600E+01
   06  0.1071429E+01  0.1498827E+02  0.2146565E-02  0.5543626E-04  0.2352600E+01
   06  0.1075397E+01  0.1498827E+02  0.2265800E-02  0.5851404E-04  0.2352600E+01
   06  0.1079365E+01  0.1498827E+02  0.2385034E-02  0.6159156E-04  0.2352600E+01
   06  0.1083333E+01  0.1498827E+02  0.2504266E-02  0.6466883E-04  0.2352600E+01
   06  0.1087302E+01  0.1498827E+02  0.2623495E-02  0.6774584E-04  0.2352601E+01
   06  0.1091270E+01  0.1498827E+02  0.2742723E-02  0.7082258E-04  0.2352601E+01
   06  0.1095238E+01  0.1498827E+02  0.2861949E-02  0.7389906E-04  0.2352601E+01
   06  0.1099206E+01  0.1498827E+02  0.2981172E-02  0.7697526E-04  0.2352601E+01
   06  0.1103175E+01  0.1498827E+02  0.3100394E-02  0.8005118E-04  0.2352601E+01
   06  0.1107143E+01  0.1498827E+02  0.3219613E-02  0.8312681E-04  0.2352601E+01
   06  0.1119048E+01  0.1498827E+02  0.3577261E-02  0.9235356E-04  0.2352601E+01
   06  0.1130952E+01  0.1498827E+02  0.3934890E-02  0.1015776E-03  0.2352601E+01
   06  0.1142857E+01  0.1498827E+02  0.4292501E-02  0.1107987E-03  0.2352602E+01
   06  0.1154762E+01  0.1498827E+02  0.4650092E-02  0.1200168E-03  0.2352602E+01
   06  0.1166667E+01  0.1498827E+02  0.5007664E-02  0.1292318E-03  0.2352602E+01
   06  0.1178571E+01  0.1498827E+02  0.5365217E-02  0.1384435E-03  0.2352603E+01
   06  0.1190476E+01  0.1498827E+02  0.5722750E-02  0.1476519E-03  0.2352603E+01
   06  0.1202381E+01  0.1498827E+02  0.6080264E-02  0.1568567E-03  0.2352603E+01
   06  0.1214286E+01  0.1498827E+02  0.6437757E-02  0.1660579E-03  0.2352603E+01
   06  0.1226190E+01  0.1498827E+02  0.6795230E-02  0.1752553E-03  0.2352604E+01
   06  0.1238095E+01  0.1498827E+02  0.7152682E-02  0.1844488E-03  0.2352604E+01
   06  0.1250000E+01  0.1498827E+02  0.7510113E-02  0.1936384E-03  0.2352604E+01
   06  0.1261905E+01  0.1498827E+02  0.7867524E-02  0.2028238E-03  0.2352605E+01
   06  0.1273810E+01  0.1498827E+02  0.8224913E-02  0.2120051E-03  0.2352605E+01
   06  0.1285714E+01  0.1498828E+02  0.8582281E-02  0.2211820E-03  0.2352606E+01
   06  0.1297619E+01  0.1498828E+02  0.8939627E-02  0.2303545E-03  0.2352606E+01
   06  0.1309524E+01  0.1498828E+02  0.9296951E-02  0.2395225E-03  0.2352606E+01
   06  0.1321429E+01  0.1498828E+02  0.9654253E-02  0.2486858E-03  0.2352607E+01
   06  0.1333333E+01  0.1498828E+02  0.1001153E-01  0.2578444E-03  0.2352607E+01
   06  0.1345238E+01  0.1498828E+02  0.1036879E-01  0.2669981E-03  0.2352607E+01
   06  0.1357143E+01  0.1498828E+02  0.1072602E-01  0.2761469E-03  0.2352608E+01
   06  0.1369048E+01  0.1498828E+02  0.1108324E-01  0.2852907E-03  0.2352608E+01
   06  0.1380952E+01  0.1498828E+02  0.1144043E-01  0.2944294E-03  0.2352609E+01
   06  0.1392857E+01  0.1498828E+02  0.1179759E-01  0.3035629E-03  0.2352609E+01
   06  0.1404762E+01  0.1498828E+02  0.1215473E-01  0.3126911E-03  0.2352610E+01
   06  0.1416667E+01  0.1498828E+02  0.1251185E-01  0.3218139E-03  0.2352610E+01
   06  0.1428571E+01  0.1498828E+02  0.1286894E-01  0.3309312E-03  0.2352611E+01
   06  0.1476190E+01  0.1498828E+02  0.1429712E-01  0.3673678E-03  0.2352612E+01
   06  0.1523810E+01  0.1498828E+02  0.1572491E-01  0.4037108E-03  0.2352614E+01
   06  0.1571429E+01  0.1498829E+02  0.1715229E-01  0.4399557E-03  0.2352617E+01
   06  0.1619048E+01  0.1498829E+02  0.1857926E-01  0.4760985E-03  0.2352619E+01
   06  0.1666667E+01  0.1498829E+02  0.2000580E-01  0.5121357E-03  0.2352621E+01
   06  0.1714286E+01  0.1498829E+02  0.2143191E-01  0.5480642E-03  0.2352624E+01
   06  0.1761905E+01  0.1498830E+02  0.2285757E-01  0.5838817E-03  0.2352626E+01
   06  0.1809524E+01  0.1498830E+02  0.2428277E-01  0.6195861E-03  0.2352629E+01
   06  0.1857143E+01  0.1498830E+02  0.2570752E-01  0.6551760E-03  0.2352632E+01
   06  0.1904762E+01  0.1498830E+02  0.2713180E-01  0.6906506E-03  0.2352635E+01
   06  0.1952381E+01  0.1498831E+02  0.2855559E-01  0.7260095E-03  0.2352638E+01
