# gauge_id= 615 location=( -0.1242106071E+03  0.4175726850E+02 ) num_var=  4
# Stationary gauge
# level, time, q[  1  2  3], eta, aux[]
# file format ascii, time series follow in this file
   06  0.0000000E+00  0.1509483E+02  0.0000000E+00  0.0000000E+00  0.0000000E+00
   06  0.1000000E+01  0.1509483E+02 -0.1564852E-14  0.6172834E-15  0.2330249E+01
   06  0.1003968E+01  0.1509483E+02  0.1214393E-03  0.3300122E-05  0.2330249E+01
   06  0.1007937E+01  0.1509483E+02  0.2428787E-03  0.6600267E-05  0.2330249E+01
   06  0.1011905E+01  0.1509483E+02  0.3643181E-03  0.9900435E-05  0.2330249E+01
   06  0.1015873E+01  0.1509483E+02  0.4857577E-03  0.1320063E-04  0.2330249E+01
   06  0.1019841E+01  0.1509483E+02  0.6071974E-03  0.1650084E-04  0.2330249E+01
   06  0.1023810E+01  0.1509483E+02  0.7286372E-03  0.1980109E-04  0.2330249E+01
   06  0.1027778E+01  0.1509483E+02  0.8500771E-03  0.2310136E-04  0.2330249E+01
   06  0.1031746E+01  0.1509483E+02  0.9715171E-03  0.2640165E-04  0.2330249E+01
   06  0.1035714E+01  0.1509483E+02  0.1092957E-02  0.2970197E-04  0.2330249E+01
   06  0.1039683E+01  0.1509483E+02  0.1214397E-02  0.3300232E-04  0.2330249E+01
   06  0.1043651E+01  0.1509483E+02  0.1335838E-02  0.3630270E-04  0.2330249E+01
   06  0.1047619E+01  0.1509483E+02  0.1457278E-02  0.3960310E-04  0.2330249E+01
   06  0.1051587E+01  0.1509483E+02  0.1578719E-02  0.4290353E-04  0.2330249E+01
   06  0.1055556E+01  0.1509483E+02  0.1700160E-02  0.4620399E-04  0.2330249E+01
   06  0.1059524E+01  0.1509483E+02  0.1821600E-02  0.4950449E-04  0.2330249E+01
   06  0.1063492E+01  0.1509483E+02  0.1943041E-02  0.5280501E-04  0.2330249E+01
   06  0.1067460E+01  0.1509483E+02  0.2064482E-02  0.5610556E-04  0.2330249E+01
   06  0.1071429E+01  0.1509483E+02  0.2185924E-02  0.5940615E-04  0.2330249E+01
   06  0.1075397E+01  0.1509483E+02  0.2307365E-02  0.6270676E-04  0.2330249E+01
   06  0.1079365E+01  0.1509483E+02  0.2428806E-02  0.6600741E-04  0.2330249E+01
   06  0.1083333E+01  0.1509483E+02  0.2550248E-02  0.6930809E-04  0.2330249E+01
   06  0.1087302E+01  0.1509483E+02  0.2671690E-02  0.7260880E-04  0.2330249E+01
   06  0.1091270E+01  0.1509483E+02  0.2793132E-02  0.7590955E-04  0.2330249E+01
   06  0.1095238E+01  0.1509483E+02  0.2914574E-02  0.7921033E-04  0.2330249E+01
   06  0.1099206E+01  0.1509483E+02  0.3036016E-02  0.8251115E-04  0.2330249E+01
   06  0.1103175E+01  0.1509483E+02  0.3157458E-02  0.8581200E-04  0.2330249E+01
   06  0.1107143E+01  0.1509483E+02  0.3278900E-02  0.8911289E-04  0.2330249E+01
   06  0.1119048E+01  0.1509483E+02  0.3643229E-02  0.9901569E-04  0.2330249E+01
   06  0.1130952E+01  0.1509483E+02  0.4007558E-02  0.1089188E-03  0.2330249E+01
   06  0.1142857E+01  0.1509483E+02  0.4371889E-02  0.1188223E-03  0.2330249E+01
   06  0.1154762E+01  0.1509483E+02  0.4736221E-02  0.1287262E-03  0.2330249E+01
   06  0.1166667E+01  0.1509483E+02  0.5100555E-02  0.1386304E-03  0.2330249E+01
   06  0.1178571E+01  0.1509483E+02  0.5464890E-02  0.1485350E-03  0.2330249E+01
   06  0.1190476E+01  0.1509483E+02  0.5829227E-02  0.1584400E-03  0.2330249E+01
   06  0.1202381E+01  0.1509483E+02  0.6193566E-02  0.1683455E-03  0.2330249E+01
   06  0.1214286E+01  0.1509483E+02  0.6557906E-02  0.1782514E-03  0.2330249E+01
   06  0.1226190E+01  0.1509483E+02  0.6922247E-02  0.1881577E-03  0.2330249E+01
   06  0.1238095E+01  0.1509483E+02  0.7286591E-02  0.1980644E-03  0.2330249E+01
   06  0.1250000E+01  0.1509483E+02  0.7650936E-02  0.2079717E-03  0.2330249E+01
   06  0.1261905E+01  0.1509483E+02  0.8015283E-02  0.2178794E-03  0.2330249E+01
   06  0.1273810E+01  0.1509483E+02  0.8379632E-02  0.2277876E-03  0.2330250E+01
   06  0.1285714E+01  0.1509483E+02  0.8743982E-02  0.2376963E-03  0.2330250E+01
   06  0.1297619E+01  0.1509483E+02  0.9108335E-02  0.2476055E-03  0.2330250E+01
   06  0.1309524E+01  0.1509483E+02  0.9472690E-02  0.2575153E-03  0.2330250E+01
   06  0.1321429E+01  0.1509483E+02  0.9837046E-02  0.2674256E-03  0.2330250E+01
   06  0.1333333E+01  0.1509483E+02  0.1020140E-01  0.2773364E-03  0.2330250E+01
   06  0.1345238E+01  0.1509483E+02  0.1056577E-01  0.2872478E-03  0.2330250E+01
   06  0.1357143E+01  0.1509483E+02  0.1093013E-01  0.2971598E-03  0.2330250E+01
   06  0.1369048E+01  0.1509483E+02  0.1129449E-01  0.3070724E-03  0.2330250E+01
   06  0.1380952E+01  0.1509483E+02  0.1165886E-01  0.3169856E-03  0.2330250E+01
   06  0.1392857E+01  0.1509483E+02  0.1202323E-01  0.3268994E-03  0.2330250E+01
   06  0.1404762E+01  0.1509483E+02  0.1238760E-01  0.3368138E-03  0.2330250E+01
   06  0.1416667E+01  0.1509483E+02  0.1275198E-01  0.3467289E-03  0.2330251E+01
   06  0.1428571E+01  0.1509483E+02  0.1311635E-01  0.3566446E-03  0.2330251E+01
   06  0.1476190E+01  0.1509483E+02  0.1457388E-01  0.3963126E-03  0.2330251E+01
   06  0.1523810E+01  0.1509483E+02  0.1603146E-01  0.4359918E-03  0.2330252E+01
   06  0.1571429E+01  0.1509483E+02  0.1748907E-01  0.4756830E-03  0.2330252E+01
   06  0.1619048E+01  0.1509483E+02  0.1894674E-01  0.5153867E-03  0.2330253E+01
   06  0.1666667E+01  0.1509483E+02  0.2040445E-01  0.5551037E-03  0.2330254E+01
   06  0.1714286E+01  0.1509483E+02  0.2186221E-01  0.5948347E-03  0.2330254E+01
   06  0.1761905E+01  0.1509483E+02  0.2332003E-01  0.6345802E-03  0.2330255E+01
   06  0.1809524E+01  0.1509483E+02  0.2477790E-01  0.6743409E-03  0.2330256E+01
   06  0.1857143E+01  0.1509483E+02  0.2623583E-01  0.7141173E-03  0.2330257E+01
   06  0.1904762E+01  0.1509483E+02  0.2769382E-01  0.7539101E-03  0.2330257E+01
   06  0.1952381E+01  0.1509484E+02  0.2915187E-01  0.7937197E-03  0.2330258E+01
