# gauge_id= 610 location=( -0.1242130909E+03  0.4175877177E+02 ) num_var=  4
# Stationary gauge
# level, time, q[  1  2  3], eta, aux[]
# file format ascii, time series follow in this file
   06  0.0000000E+00  0.1597009E+02  0.0000000E+00  0.0000000E+00  0.0000000E+00
   06  0.1000000E+01  0.1597009E+02 -0.4045495E-14 -0.1891460E-14  0.2371976E+01
   06  0.1003968E+01  0.1597009E+02  0.1288464E-03  0.3039875E-05  0.2371976E+01
   06  0.1007937E+01  0.1597009E+02  0.2576929E-03  0.6079741E-05  0.2371976E+01
   06  0.1011905E+01  0.1597009E+02  0.3865396E-03  0.9119596E-05  0.2371976E+01
   06  0.1015873E+01  0.1597009E+02  0.5153864E-03  0.1215944E-04  0.2371976E+01
   06  0.1019841E+01  0.1597009E+02  0.6442333E-03  0.1519927E-04  0.2371976E+01
   06  0.1023810E+01  0.1597009E+02  0.7730804E-03  0.1823910E-04  0.2371976E+01
   06  0.1027778E+01  0.1597009E+02  0.9019276E-03  0.2127891E-04  0.2371976E+01
   06  0.1031746E+01  0.1597009E+02  0.1030775E-02  0.2431871E-04  0.2371976E+01
   06  0.1035714E+01  0.1597009E+02  0.1159622E-02  0.2735850E-04  0.2371976E+01
   06  0.1039683E+01  0.1597009E+02  0.1288470E-02  0.3039828E-04  0.2371976E+01
   06  0.1043651E+01  0.1597009E+02  0.1417318E-02  0.3343805E-04  0.2371976E+01
   06  0.1047619E+01  0.1597009E+02  0.1546166E-02  0.3647781E-04  0.2371976E+01
   06  0.1051587E+01  0.1597009E+02  0.1675014E-02  0.3951755E-04  0.2371976E+01
   06  0.1055556E+01  0.1597009E+02  0.1803862E-02  0.4255728E-04  0.2371976E+01
   06  0.1059524E+01  0.1597009E+02  0.1932710E-02  0.4559701E-04  0.2371976E+01
   06  0.1063492E+01  0.1597009E+02  0.2061558E-02  0.4863671E-04  0.2371976E+01
   06  0.1067460E+01  0.1597009E+02  0.2190407E-02  0.5167641E-04  0.2371976E+01
   06  0.1071429E+01  0.1597009E+02  0.2319256E-02  0.5471610E-04  0.2371976E+01
   06  0.1075397E+01  0.1597009E+02  0.2448104E-02  0.5775577E-04  0.2371976E+01
   06  0.1079365E+01  0.1597009E+02  0.2576953E-02  0.6079543E-04  0.2371976E+01
   06  0.1083333E+01  0.1597009E+02  0.2705802E-02  0.6383507E-04  0.2371976E+01
   06  0.1087302E+01  0.1597009E+02  0.2834652E-02  0.6687471E-04  0.2371976E+01
   06  0.1091270E+01  0.1597009E+02  0.2963501E-02  0.6991433E-04  0.2371976E+01
   06  0.1095238E+01  0.1597009E+02  0.3092350E-02  0.7295393E-04  0.2371976E+01
   06  0.1099206E+01  0.1597009E+02  0.3221200E-02  0.7599353E-04  0.2371977E+01
   06  0.1103175E+01  0.1597009E+02  0.3350049E-02  0.7903310E-04  0.2371977E+01
   06  0.1107143E+01  0.1597009E+02  0.3478899E-02  0.8207267E-04  0.2371977E+01
   06  0.1119048E+01  0.1597009E+02  0.3865449E-02  0.9119142E-04  0.2371977E+01
   06  0.1130952E+01  0.1597009E+02  0.4251999E-02  0.1003100E-03  0.2371977E+01
   06  0.1142857E+01  0.1597009E+02  0.4638550E-02  0.1094285E-03  0.2371977E+01
   06  0.1154762E+01  0.1597009E+02  0.5025103E-02  0.1185468E-03  0.2371977E+01
   06  0.1166667E+01  0.1597009E+02  0.5411656E-02  0.1276650E-03  0.2371977E+01
   06  0.1178571E+01  0.1597009E+02  0.5798211E-02  0.1367830E-03  0.2371977E+01
   06  0.1190476E+01  0.1597009E+02  0.6184766E-02  0.1459009E-03  0.2371977E+01
   06  0.1202381E+01  0.1597009E+02  0.6571323E-02  0.1550185E-03  0.2371977E+01
   06  0.1214286E+01  0.1597009E+02  0.6957880E-02  0.1641360E-03  0.2371977E+01
   06  0.1226190E+01  0.1597009E+02  0.7344438E-02  0.1732533E-03  0.2371977E+01
   06  0.1238095E+01  0.1597009E+02  0.7730998E-02  0.1823705E-03  0.2371977E+01
   06  0.1250000E+01  0.1597009E+02  0.8117558E-02  0.1914874E-03  0.2371977E+01
   06  0.1261905E+01  0.1597009E+02  0.8504119E-02  0.2006041E-03  0.2371977E+01
   06  0.1273810E+01  0.1597009E+02  0.8890681E-02  0.2097206E-03  0.2371977E+01
   06  0.1285714E+01  0.1597009E+02  0.9277243E-02  0.2188368E-03  0.2371977E+01
   06  0.1297619E+01  0.1597009E+02  0.9663807E-02  0.2279529E-03  0.2371977E+01
   06  0.1309524E+01  0.1597009E+02  0.1005037E-01  0.2370686E-03  0.2371977E+01
   06  0.1321429E+01  0.1597009E+02  0.1043694E-01  0.2461842E-03  0.2371977E+01
   06  0.1333333E+01  0.1597009E+02  0.1082350E-01  0.2552994E-03  0.2371977E+01
   06  0.1345238E+01  0.1597009E+02  0.1121007E-01  0.2644144E-03  0.2371977E+01
   06  0.1357143E+01  0.1597009E+02  0.1159664E-01  0.2735292E-03  0.2371977E+01
   06  0.1369048E+01  0.1597009E+02  0.1198320E-01  0.2826436E-03  0.2371977E+01
   06  0.1380952E+01  0.1597009E+02  0.1236977E-01  0.2917577E-03  0.2371977E+01
   06  0.1392857E+01  0.1597009E+02  0.1275634E-01  0.3008715E-03  0.2371977E+01
   06  0.1404762E+01  0.1597009E+02  0.1314291E-01  0.3099850E-03  0.2371977E+01
   06  0.1416667E+01  0.1597009E+02  0.1352948E-01  0.3190982E-03  0.2371977E+01
   06  0.1428571E+01  0.1597009E+02  0.1391605E-01  0.3282110E-03  0.2371977E+01
   06  0.1476190E+01  0.1597009E+02  0.1546233E-01  0.3646601E-03  0.2371978E+01
   06  0.1523810E+01  0.1597009E+02  0.1700861E-01  0.4011027E-03  0.2371978E+01
   06  0.1571429E+01  0.1597009E+02  0.1855490E-01  0.4375380E-03  0.2371978E+01
   06  0.1619048E+01  0.1597009E+02  0.2010120E-01  0.4739653E-03  0.2371978E+01
   06  0.1666667E+01  0.1597009E+02  0.2164750E-01  0.5103835E-03  0.2371978E+01
   06  0.1714286E+01  0.1597009E+02  0.2319380E-01  0.5467919E-03  0.2371979E+01
   06  0.1761905E+01  0.1597009E+02  0.2474010E-01  0.5831893E-03  0.2371979E+01
   06  0.1809524E+01  0.1597009E+02  0.2628640E-01  0.6195749E-03  0.2371979E+01
   06  0.1857143E+01  0.1597010E+02  0.2783270E-01  0.6559475E-03  0.2371979E+01
   06  0.1904762E+01  0.1597010E+02  0.2937899E-01  0.6923061E-03  0.2371980E+01
   06  0.1952381E+01  0.1597010E+02  0.3092528E-01  0.7286494E-03  0.2371980E+01
