# gauge_id= 603 location=( -0.1241950425E+03  0.4175001983E+02 ) num_var=  4
# Stationary gauge
# level, time, q[  1  2  3], eta, aux[]
# file format ascii, time series follow in this file
   06  0.0000000E+00  0.1986658E+01  0.0000000E+00  0.0000000E+00  0.0000000E+00
   06  0.1000000E+01  0.1986658E+01  0.3082880E-16  0.1200120E-16  0.2058524E+01
   06  0.1003968E+01  0.1986658E+01  0.1830476E-04  0.7682389E-06  0.2058524E+01
   06  0.1007937E+01  0.1986658E+01  0.3660891E-04  0.1536444E-05  0.2058524E+01
   06  0.1011905E+01  0.1986658E+01  0.5491245E-04  0.2304615E-05  0.2058524E+01
   06  0.1015873E+01  0.1986658E+01  0.7321539E-04  0.3072752E-05  0.2058524E+01
   06  0.1019841E+01  0.1986658E+01  0.9151773E-04  0.3840855E-05  0.2058524E+01
   06  0.1023810E+01  0.1986658E+01  0.1098195E-03  0.4608923E-05  0.2058524E+01
   06  0.1027778E+01  0.1986658E+01  0.1281206E-03  0.5376958E-05  0.2058524E+01
   06  0.1031746E+01  0.1986658E+01  0.1464212E-03  0.6144958E-05  0.2058524E+01
   06  0.1035714E+01  0.1986658E+01  0.1647212E-03  0.6912923E-05  0.2058524E+01
   06  0.1039683E+01  0.1986658E+01  0.1830206E-03  0.7680855E-05  0.2058524E+01
   06  0.1043651E+01  0.1986658E+01  0.2013194E-03  0.8448751E-05  0.2058524E+01
   06  0.1047619E+01  0.1986658E+01  0.2196176E-03  0.9216613E-05  0.2058524E+01
   06  0.1051587E+01  0.1986659E+01  0.2379153E-03  0.9984440E-05  0.2058524E+01
   06  0.1055556E+01  0.1986659E+01  0.2562125E-03  0.1075223E-04  0.2058524E+01
   06  0.1059524E+01  0.1986659E+01  0.2745090E-03  0.1151999E-04  0.2058524E+01
   06  0.1063492E+01  0.1986659E+01  0.2928050E-03  0.1228771E-04  0.2058524E+01
   06  0.1067460E+01  0.1986659E+01  0.3111005E-03  0.1305540E-04  0.2058524E+01
   06  0.1071429E+01  0.1986659E+01  0.3293954E-03  0.1382305E-04  0.2058524E+01
   06  0.1075397E+01  0.1986659E+01  0.3476898E-03  0.1459067E-04  0.2058524E+01
   06  0.1079365E+01  0.1986659E+01  0.3659837E-03  0.1535825E-04  0.2058524E+01
   06  0.1083333E+01  0.1986659E+01  0.3842770E-03  0.1612579E-04  0.2058524E+01
   06  0.1087302E+01  0.1986659E+01  0.4025698E-03  0.1689330E-04  0.2058524E+01
   06  0.1091270E+01  0.1986659E+01  0.4208620E-03  0.1766078E-04  0.2058524E+01
   06  0.1095238E+01  0.1986659E+01  0.4391538E-03  0.1842822E-04  0.2058524E+01
   06  0.1099206E+01  0.1986659E+01  0.4574450E-03  0.1919562E-04  0.2058524E+01
   06  0.1103175E+01  0.1986659E+01  0.4757357E-03  0.1996299E-04  0.2058524E+01
   06  0.1107143E+01  0.1986659E+01  0.4940259E-03  0.2073032E-04  0.2058524E+01
   06  0.1119048E+01  0.1986659E+01  0.5488952E-03  0.2303225E-04  0.2058525E+01
   06  0.1130952E+01  0.1986659E+01  0.6037600E-03  0.2533385E-04  0.2058525E+01
   06  0.1142857E+01  0.1986659E+01  0.6586205E-03  0.2763511E-04  0.2058525E+01
   06  0.1154762E+01  0.1986659E+01  0.7134767E-03  0.2993605E-04  0.2058525E+01
   06  0.1166667E+01  0.1986659E+01  0.7683287E-03  0.3223665E-04  0.2058525E+01
   06  0.1178571E+01  0.1986659E+01  0.8231767E-03  0.3453691E-04  0.2058525E+01
   06  0.1190476E+01  0.1986659E+01  0.8780208E-03  0.3683683E-04  0.2058525E+01
   06  0.1202381E+01  0.1986659E+01  0.9328611E-03  0.3913641E-04  0.2058525E+01
   06  0.1214286E+01  0.1986660E+01  0.9876977E-03  0.4143563E-04  0.2058525E+01
   06  0.1226190E+01  0.1986660E+01  0.1042525E-02  0.4373451E-04  0.2058525E+01
   06  0.1238095E+01  0.1986660E+01  0.1097349E-02  0.4603304E-04  0.2058525E+01
   06  0.1250000E+01  0.1986660E+01  0.1152170E-02  0.4833121E-04  0.2058525E+01
   06  0.1261905E+01  0.1986660E+01  0.1206987E-02  0.5062901E-04  0.2058525E+01
   06  0.1273810E+01  0.1986660E+01  0.1261801E-02  0.5292646E-04  0.2058526E+01
   06  0.1285714E+01  0.1986660E+01  0.1316612E-02  0.5522354E-04  0.2058526E+01
   06  0.1297619E+01  0.1986660E+01  0.1371420E-02  0.5752025E-04  0.2058526E+01
   06  0.1309524E+01  0.1986660E+01  0.1426226E-02  0.5981659E-04  0.2058526E+01
   06  0.1321429E+01  0.1986660E+01  0.1481028E-02  0.6211255E-04  0.2058526E+01
   06  0.1333333E+01  0.1986660E+01  0.1535828E-02  0.6440813E-04  0.2058526E+01
   06  0.1345238E+01  0.1986661E+01  0.1590626E-02  0.6670333E-04  0.2058526E+01
   06  0.1357143E+01  0.1986661E+01  0.1645421E-02  0.6899814E-04  0.2058526E+01
   06  0.1369048E+01  0.1986661E+01  0.1700213E-02  0.7129256E-04  0.2058526E+01
   06  0.1380952E+01  0.1986661E+01  0.1755004E-02  0.7358658E-04  0.2058526E+01
   06  0.1392857E+01  0.1986661E+01  0.1809792E-02  0.7588021E-04  0.2058527E+01
   06  0.1404762E+01  0.1986661E+01  0.1864579E-02  0.7817344E-04  0.2058527E+01
   06  0.1416667E+01  0.1986661E+01  0.1919363E-02  0.8046626E-04  0.2058527E+01
   06  0.1428571E+01  0.1986661E+01  0.1974146E-02  0.8275867E-04  0.2058527E+01
   06  0.1476190E+01  0.1986662E+01  0.2193275E-02  0.9192706E-04  0.2058527E+01
   06  0.1523810E+01  0.1986662E+01  0.2412379E-02  0.1010886E-03  0.2058528E+01
   06  0.1571429E+01  0.1986663E+01  0.2631465E-02  0.1102430E-03  0.2058528E+01
   06  0.1619048E+01  0.1986663E+01  0.2850539E-02  0.1193900E-03  0.2058529E+01
   06  0.1666667E+01  0.1986664E+01  0.3069605E-02  0.1285293E-03  0.2058529E+01
   06  0.1714286E+01  0.1986664E+01  0.3288672E-02  0.1376607E-03  0.2058530E+01
   06  0.1761905E+01  0.1986665E+01  0.3507744E-02  0.1467837E-03  0.2058530E+01
   06  0.1809524E+01  0.1986665E+01  0.3726828E-02  0.1558981E-03  0.2058531E+01
   06  0.1857143E+01  0.1986666E+01  0.3945928E-02  0.1650037E-03  0.2058531E+01
   06  0.1904762E+01  0.1986666E+01  0.4165051E-02  0.1740999E-03  0.2058532E+01
   06  0.1952381E+01  0.1986667E+01  0.4384202E-02  0.1831865E-03  0.2058532E+01
