# gauge_id= 307 location=( -0.1242050000E+03  0.4176625000E+02 ) num_var=  4
# Stationary gauge
# level, time, q[  1  2  3], eta, aux[]
# file format ascii, time series follow in this file
   06  0.0000000E+00  0.4403900E+01  0.0000000E+00  0.0000000E+00  0.0000000E+00
   06  0.1000000E+01  0.4403900E+01 -0.1048975E-16 -0.5646345E-16  0.2226116E+01
   06  0.1003968E+01  0.4403900E+01  0.3743773E-04  0.1557965E-05  0.2226116E+01
   06  0.1007937E+01  0.4403900E+01  0.7487836E-04  0.3116685E-05  0.2226116E+01
   06  0.1011905E+01  0.4403901E+01  0.1123219E-03  0.4676162E-05  0.2226116E+01
   06  0.1015873E+01  0.4403901E+01  0.1497684E-03  0.6236400E-05  0.2226116E+01
   06  0.1019841E+01  0.4403901E+01  0.1872177E-03  0.7797402E-05  0.2226116E+01
   06  0.1023810E+01  0.4403901E+01  0.2246701E-03  0.9359168E-05  0.2226116E+01
   06  0.1027778E+01  0.4403901E+01  0.2621253E-03  0.1092170E-04  0.2226117E+01
   06  0.1031746E+01  0.4403901E+01  0.2995835E-03  0.1248501E-04  0.2226117E+01
   06  0.1035714E+01  0.4403901E+01  0.3370447E-03  0.1404909E-04  0.2226117E+01
   06  0.1039683E+01  0.4403901E+01  0.3745089E-03  0.1561394E-04  0.2226117E+01
   06  0.1043651E+01  0.4403901E+01  0.4119760E-03  0.1717958E-04  0.2226117E+01
   06  0.1047619E+01  0.4403902E+01  0.4494461E-03  0.1874599E-04  0.2226117E+01
   06  0.1051587E+01  0.4403902E+01  0.4869193E-03  0.2031319E-04  0.2226117E+01
   06  0.1055556E+01  0.4403902E+01  0.5243954E-03  0.2188117E-04  0.2226117E+01
   06  0.1059524E+01  0.4403902E+01  0.5618745E-03  0.2344994E-04  0.2226117E+01
   06  0.1063492E+01  0.4403902E+01  0.5993567E-03  0.2501951E-04  0.2226117E+01
   06  0.1067460E+01  0.4403902E+01  0.6368419E-03  0.2658987E-04  0.2226118E+01
   06  0.1071429E+01  0.4403902E+01  0.6743302E-03  0.2816102E-04  0.2226118E+01
   06  0.1075397E+01  0.4403902E+01  0.7118215E-03  0.2973298E-04  0.2226118E+01
   06  0.1079365E+01  0.4403902E+01  0.7493159E-03  0.3130573E-04  0.2226118E+01
   06  0.1083333E+01  0.4403902E+01  0.7868133E-03  0.3287929E-04  0.2226118E+01
   06  0.1087302E+01  0.4403903E+01  0.8243138E-03  0.3445366E-04  0.2226118E+01
   06  0.1091270E+01  0.4403903E+01  0.8618175E-03  0.3602884E-04  0.2226118E+01
   06  0.1095238E+01  0.4403903E+01  0.8993242E-03  0.3760482E-04  0.2226118E+01
   06  0.1099206E+01  0.4403903E+01  0.9368340E-03  0.3918163E-04  0.2226119E+01
   06  0.1103175E+01  0.4403903E+01  0.9743470E-03  0.4075925E-04  0.2226119E+01
   06  0.1107143E+01  0.4403903E+01  0.1011863E-02  0.4233769E-04  0.2226119E+01
   06  0.1119048E+01  0.4403904E+01  0.1124433E-02  0.4707560E-04  0.2226119E+01
   06  0.1130952E+01  0.4403904E+01  0.1237032E-02  0.5182099E-04  0.2226119E+01
   06  0.1142857E+01  0.4403904E+01  0.1349659E-02  0.5657393E-04  0.2226120E+01
   06  0.1154762E+01  0.4403905E+01  0.1462316E-02  0.6133448E-04  0.2226120E+01
   06  0.1166667E+01  0.4403905E+01  0.1575002E-02  0.6610271E-04  0.2226121E+01
   06  0.1178571E+01  0.4403905E+01  0.1687717E-02  0.7087870E-04  0.2226121E+01
   06  0.1190476E+01  0.4403906E+01  0.1800462E-02  0.7566250E-04  0.2226121E+01
   06  0.1202381E+01  0.4403906E+01  0.1913237E-02  0.8045420E-04  0.2226122E+01
   06  0.1214286E+01  0.4403907E+01  0.2026042E-02  0.8525386E-04  0.2226122E+01
   06  0.1226190E+01  0.4403907E+01  0.2138878E-02  0.9006155E-04  0.2226123E+01
   06  0.1238095E+01  0.4403908E+01  0.2251745E-02  0.9487734E-04  0.2226123E+01
   06  0.1250000E+01  0.4403908E+01  0.2364642E-02  0.9970130E-04  0.2226124E+01
   06  0.1261905E+01  0.4403908E+01  0.2477571E-02  0.1045335E-03  0.2226124E+01
   06  0.1273810E+01  0.4403909E+01  0.2590531E-02  0.1093740E-03  0.2226124E+01
   06  0.1285714E+01  0.4403909E+01  0.2703523E-02  0.1142229E-03  0.2226125E+01
   06  0.1297619E+01  0.4403910E+01  0.2816548E-02  0.1190802E-03  0.2226125E+01
   06  0.1309524E+01  0.4403910E+01  0.2929604E-02  0.1239460E-03  0.2226126E+01
   06  0.1321429E+01  0.4403911E+01  0.3042693E-02  0.1288205E-03  0.2226126E+01
   06  0.1333333E+01  0.4403911E+01  0.3155815E-02  0.1337035E-03  0.2226127E+01
   06  0.1345238E+01  0.4403912E+01  0.3268970E-02  0.1385953E-03  0.2226127E+01
   06  0.1357143E+01  0.4403912E+01  0.3382158E-02  0.1434959E-03  0.2226128E+01
   06  0.1369048E+01  0.4403913E+01  0.3495380E-02  0.1484054E-03  0.2226128E+01
   06  0.1380952E+01  0.4403913E+01  0.3608636E-02  0.1533238E-03  0.2226129E+01
   06  0.1392857E+01  0.4403914E+01  0.3721926E-02  0.1582511E-03  0.2226129E+01
   06  0.1404762E+01  0.4403914E+01  0.3835250E-02  0.1631876E-03  0.2226130E+01
   06  0.1416667E+01  0.4403915E+01  0.3948609E-02  0.1681332E-03  0.2226130E+01
   06  0.1428571E+01  0.4403915E+01  0.4062003E-02  0.1730880E-03  0.2226131E+01
   06  0.1476190E+01  0.4403918E+01  0.4515990E-02  0.1929572E-03  0.2226133E+01
   06  0.1523810E+01  0.4403920E+01  0.4970557E-02  0.2129796E-03  0.2226136E+01
   06  0.1571429E+01  0.4403923E+01  0.5425722E-02  0.2331598E-03  0.2226138E+01
   06  0.1619048E+01  0.4403926E+01  0.5881501E-02  0.2535020E-03  0.2226141E+01
   06  0.1666667E+01  0.4403928E+01  0.6337911E-02  0.2740109E-03  0.2226144E+01
   06  0.1714286E+01  0.4403931E+01  0.6794970E-02  0.2946909E-03  0.2226147E+01
   06  0.1761905E+01  0.4403934E+01  0.7252695E-02  0.3155464E-03  0.2226150E+01
   06  0.1809524E+01  0.4403938E+01  0.7711103E-02  0.3365821E-03  0.2226153E+01
   06  0.1857143E+01  0.4403941E+01  0.8170212E-02  0.3578025E-03  0.2226157E+01
   06  0.1904762E+01  0.4403944E+01  0.8630039E-02  0.3792122E-03  0.2226160E+01
   06  0.1952381E+01  0.4403948E+01  0.9090602E-02  0.4008156E-03  0.2226164E+01
