# gauge_id= 304 location=( -0.1241920000E+03  0.4175062500E+02 ) num_var=  4
# Stationary gauge
# level, time, q[  1  2  3], eta, aux[]
# file format ascii, time series follow in this file
   06  0.0000000E+00  0.1185211E+01  0.0000000E+00  0.0000000E+00  0.0000000E+00
   06  0.1000000E+01  0.1185211E+01 -0.2740377E-17  0.1278314E-16  0.1998602E+01
   06  0.1003968E+01  0.1185212E+01  0.1290403E-04  0.4976605E-06  0.1998603E+01
   06  0.1007937E+01  0.1185212E+01  0.2580573E-04  0.9955416E-06  0.1998603E+01
   06  0.1011905E+01  0.1185213E+01  0.3870512E-04  0.1493642E-05  0.1998604E+01
   06  0.1015873E+01  0.1185214E+01  0.5160218E-04  0.1991961E-05  0.1998604E+01
   06  0.1019841E+01  0.1185214E+01  0.6449692E-04  0.2490497E-05  0.1998605E+01
   06  0.1023810E+01  0.1185215E+01  0.7738934E-04  0.2989250E-05  0.1998605E+01
   06  0.1027778E+01  0.1185215E+01  0.9027944E-04  0.3488217E-05  0.1998606E+01
   06  0.1031746E+01  0.1185216E+01  0.1031672E-03  0.3987398E-05  0.1998607E+01
   06  0.1035714E+01  0.1185216E+01  0.1160527E-03  0.4486791E-05  0.1998607E+01
   06  0.1039683E+01  0.1185217E+01  0.1289358E-03  0.4986397E-05  0.1998608E+01
   06  0.1043651E+01  0.1185218E+01  0.1418166E-03  0.5486212E-05  0.1998608E+01
   06  0.1047619E+01  0.1185218E+01  0.1546951E-03  0.5986237E-05  0.1998609E+01
   06  0.1051587E+01  0.1185219E+01  0.1675712E-03  0.6486471E-05  0.1998609E+01
   06  0.1055556E+01  0.1185219E+01  0.1804451E-03  0.6986911E-05  0.1998610E+01
   06  0.1059524E+01  0.1185220E+01  0.1933166E-03  0.7487558E-05  0.1998611E+01
   06  0.1063492E+01  0.1185220E+01  0.2061858E-03  0.7988410E-05  0.1998611E+01
   06  0.1067460E+01  0.1185221E+01  0.2190526E-03  0.8489466E-05  0.1998612E+01
   06  0.1071429E+01  0.1185222E+01  0.2319171E-03  0.8990724E-05  0.1998612E+01
   06  0.1075397E+01  0.1185222E+01  0.2447793E-03  0.9492185E-05  0.1998613E+01
   06  0.1079365E+01  0.1185223E+01  0.2576392E-03  0.9993846E-05  0.1998613E+01
   06  0.1083333E+01  0.1185223E+01  0.2704968E-03  0.1049571E-04  0.1998614E+01
   06  0.1087302E+01  0.1185224E+01  0.2833520E-03  0.1099777E-04  0.1998614E+01
   06  0.1091270E+01  0.1185224E+01  0.2962049E-03  0.1150002E-04  0.1998615E+01
   06  0.1095238E+01  0.1185225E+01  0.3090554E-03  0.1200248E-04  0.1998616E+01
   06  0.1099206E+01  0.1185225E+01  0.3219036E-03  0.1250513E-04  0.1998616E+01
   06  0.1103175E+01  0.1185226E+01  0.3347495E-03  0.1300797E-04  0.1998617E+01
   06  0.1107143E+01  0.1185227E+01  0.3475931E-03  0.1351101E-04  0.1998617E+01
   06  0.1119048E+01  0.1185228E+01  0.3861116E-03  0.1502121E-04  0.1998619E+01
   06  0.1130952E+01  0.1185230E+01  0.4246091E-03  0.1653312E-04  0.1998620E+01
   06  0.1142857E+01  0.1185231E+01  0.4630856E-03  0.1804672E-04  0.1998622E+01
   06  0.1154762E+01  0.1185233E+01  0.5015410E-03  0.1956198E-04  0.1998624E+01
   06  0.1166667E+01  0.1185235E+01  0.5399755E-03  0.2107887E-04  0.1998625E+01
   06  0.1178571E+01  0.1185236E+01  0.5783890E-03  0.2259737E-04  0.1998627E+01
   06  0.1190476E+01  0.1185238E+01  0.6167814E-03  0.2411746E-04  0.1998629E+01
   06  0.1202381E+01  0.1185239E+01  0.6551528E-03  0.2563911E-04  0.1998630E+01
   06  0.1214286E+01  0.1185241E+01  0.6935031E-03  0.2716229E-04  0.1998632E+01
   06  0.1226190E+01  0.1185243E+01  0.7318324E-03  0.2868698E-04  0.1998633E+01
   06  0.1238095E+01  0.1185244E+01  0.7701405E-03  0.3021317E-04  0.1998635E+01
   06  0.1250000E+01  0.1185246E+01  0.8084276E-03  0.3174082E-04  0.1998636E+01
   06  0.1261905E+01  0.1185247E+01  0.8466936E-03  0.3326991E-04  0.1998638E+01
   06  0.1273810E+01  0.1185249E+01  0.8849385E-03  0.3480043E-04  0.1998639E+01
   06  0.1285714E+01  0.1185250E+01  0.9231623E-03  0.3633234E-04  0.1998641E+01
   06  0.1297619E+01  0.1185252E+01  0.9613650E-03  0.3786563E-04  0.1998643E+01
   06  0.1309524E+01  0.1185253E+01  0.9995465E-03  0.3940028E-04  0.1998644E+01
   06  0.1321429E+01  0.1185255E+01  0.1037707E-02  0.4093627E-04  0.1998646E+01
   06  0.1333333E+01  0.1185256E+01  0.1075846E-02  0.4247358E-04  0.1998647E+01
   06  0.1345238E+01  0.1185258E+01  0.1113964E-02  0.4401218E-04  0.1998649E+01
   06  0.1357143E+01  0.1185259E+01  0.1152061E-02  0.4555205E-04  0.1998650E+01
   06  0.1369048E+01  0.1185261E+01  0.1190137E-02  0.4709319E-04  0.1998651E+01
   06  0.1380952E+01  0.1185262E+01  0.1228191E-02  0.4863556E-04  0.1998653E+01
   06  0.1392857E+01  0.1185264E+01  0.1266225E-02  0.5017915E-04  0.1998654E+01
   06  0.1404762E+01  0.1185265E+01  0.1304237E-02  0.5172395E-04  0.1998656E+01
   06  0.1416667E+01  0.1185267E+01  0.1342228E-02  0.5326992E-04  0.1998657E+01
   06  0.1428571E+01  0.1185268E+01  0.1380198E-02  0.5481707E-04  0.1998659E+01
   06  0.1476190E+01  0.1185274E+01  0.1531898E-02  0.6101776E-04  0.1998664E+01
   06  0.1523810E+01  0.1185279E+01  0.1683259E-02  0.6723600E-04  0.1998670E+01
   06  0.1571429E+01  0.1185285E+01  0.1834280E-02  0.7347076E-04  0.1998675E+01
   06  0.1619048E+01  0.1185290E+01  0.1984961E-02  0.7972109E-04  0.1998680E+01
   06  0.1666667E+01  0.1185295E+01  0.2135300E-02  0.8598611E-04  0.1998686E+01
   06  0.1714286E+01  0.1185300E+01  0.2285299E-02  0.9226498E-04  0.1998691E+01
   06  0.1761905E+01  0.1185305E+01  0.2434956E-02  0.9855693E-04  0.1998695E+01
   06  0.1809524E+01  0.1185309E+01  0.2584270E-02  0.1048612E-03  0.1998700E+01
   06  0.1857143E+01  0.1185314E+01  0.2733243E-02  0.1111772E-03  0.1998705E+01
   06  0.1904762E+01  0.1185318E+01  0.2881872E-02  0.1175043E-03  0.1998709E+01
   06  0.1952381E+01  0.1185323E+01  0.3030159E-02  0.1238419E-03  0.1998713E+01
