# gauge_id= 607 location=( -0.1242042291E+03  0.4176285853E+02 ) num_var=  4
# Stationary gauge
# level, time, q[  1  2  3], eta, aux[]
# file format ascii, time series follow in this file
   06  0.0000000E+00  0.1288720E+02  0.0000000E+00  0.0000000E+00  0.0000000E+00
   06  0.1000000E+01  0.1288720E+02 -0.7331616E-15  0.2288548E-15  0.2216174E+01
   06  0.1003968E+01  0.1288720E+02  0.1052860E-03  0.4639368E-05  0.2216174E+01
   06  0.1007937E+01  0.1288720E+02  0.2105748E-03  0.9278952E-05  0.2216174E+01
   06  0.1011905E+01  0.1288720E+02  0.3158663E-03  0.1391875E-04  0.2216174E+01
   06  0.1015873E+01  0.1288720E+02  0.4211605E-03  0.1855875E-04  0.2216174E+01
   06  0.1019841E+01  0.1288720E+02  0.5264574E-03  0.2319896E-04  0.2216174E+01
   06  0.1023810E+01  0.1288720E+02  0.6317570E-03  0.2783937E-04  0.2216174E+01
   06  0.1027778E+01  0.1288720E+02  0.7370592E-03  0.3247998E-04  0.2216173E+01
   06  0.1031746E+01  0.1288720E+02  0.8423642E-03  0.3712078E-04  0.2216173E+01
   06  0.1035714E+01  0.1288720E+02  0.9476718E-03  0.4176177E-04  0.2216173E+01
   06  0.1039683E+01  0.1288720E+02  0.1052982E-02  0.4640294E-04  0.2216173E+01
   06  0.1043651E+01  0.1288720E+02  0.1158295E-02  0.5104430E-04  0.2216173E+01
   06  0.1047619E+01  0.1288720E+02  0.1263611E-02  0.5568583E-04  0.2216173E+01
   06  0.1051587E+01  0.1288720E+02  0.1368929E-02  0.6032753E-04  0.2216173E+01
   06  0.1055556E+01  0.1288720E+02  0.1474249E-02  0.6496941E-04  0.2216173E+01
   06  0.1059524E+01  0.1288720E+02  0.1579573E-02  0.6961144E-04  0.2216173E+01
   06  0.1063492E+01  0.1288720E+02  0.1684899E-02  0.7425364E-04  0.2216173E+01
   06  0.1067460E+01  0.1288720E+02  0.1790227E-02  0.7889600E-04  0.2216173E+01
   06  0.1071429E+01  0.1288720E+02  0.1895558E-02  0.8353851E-04  0.2216173E+01
   06  0.1075397E+01  0.1288720E+02  0.2000892E-02  0.8818117E-04  0.2216173E+01
   06  0.1079365E+01  0.1288720E+02  0.2106228E-02  0.9282398E-04  0.2216173E+01
   06  0.1083333E+01  0.1288720E+02  0.2211567E-02  0.9746692E-04  0.2216173E+01
   06  0.1087302E+01  0.1288720E+02  0.2316908E-02  0.1021100E-03  0.2216173E+01
   06  0.1091270E+01  0.1288720E+02  0.2422252E-02  0.1067532E-03  0.2216173E+01
   06  0.1095238E+01  0.1288720E+02  0.2527598E-02  0.1113966E-03  0.2216173E+01
   06  0.1099206E+01  0.1288720E+02  0.2632947E-02  0.1160400E-03  0.2216173E+01
   06  0.1103175E+01  0.1288720E+02  0.2738298E-02  0.1206836E-03  0.2216173E+01
   06  0.1107143E+01  0.1288720E+02  0.2843651E-02  0.1253273E-03  0.2216173E+01
   06  0.1119048E+01  0.1288720E+02  0.3159714E-02  0.1392610E-03  0.2216173E+01
   06  0.1130952E+01  0.1288720E+02  0.3475798E-02  0.1531957E-03  0.2216173E+01
   06  0.1142857E+01  0.1288720E+02  0.3791903E-02  0.1671311E-03  0.2216173E+01
   06  0.1154762E+01  0.1288720E+02  0.4108029E-02  0.1810672E-03  0.2216173E+01
   06  0.1166667E+01  0.1288720E+02  0.4424176E-02  0.1950038E-03  0.2216173E+01
   06  0.1178571E+01  0.1288720E+02  0.4740344E-02  0.2089410E-03  0.2216173E+01
   06  0.1190476E+01  0.1288720E+02  0.5056531E-02  0.2228784E-03  0.2216173E+01
   06  0.1202381E+01  0.1288720E+02  0.5372738E-02  0.2368161E-03  0.2216173E+01
   06  0.1214286E+01  0.1288720E+02  0.5688965E-02  0.2507540E-03  0.2216174E+01
   06  0.1226190E+01  0.1288720E+02  0.6005210E-02  0.2646918E-03  0.2216174E+01
   06  0.1238095E+01  0.1288720E+02  0.6321474E-02  0.2786295E-03  0.2216174E+01
   06  0.1250000E+01  0.1288720E+02  0.6637756E-02  0.2925670E-03  0.2216174E+01
   06  0.1261905E+01  0.1288720E+02  0.6954056E-02  0.3065042E-03  0.2216174E+01
   06  0.1273810E+01  0.1288720E+02  0.7270374E-02  0.3204409E-03  0.2216174E+01
   06  0.1285714E+01  0.1288720E+02  0.7586708E-02  0.3343770E-03  0.2216174E+01
   06  0.1297619E+01  0.1288720E+02  0.7903060E-02  0.3483124E-03  0.2216174E+01
   06  0.1309524E+01  0.1288720E+02  0.8219427E-02  0.3622470E-03  0.2216174E+01
   06  0.1321429E+01  0.1288720E+02  0.8535811E-02  0.3761807E-03  0.2216174E+01
   06  0.1333333E+01  0.1288720E+02  0.8852210E-02  0.3901133E-03  0.2216174E+01
   06  0.1345238E+01  0.1288720E+02  0.9168624E-02  0.4040448E-03  0.2216174E+01
   06  0.1357143E+01  0.1288720E+02  0.9485053E-02  0.4179750E-03  0.2216175E+01
   06  0.1369048E+01  0.1288720E+02  0.9801497E-02  0.4319037E-03  0.2216175E+01
   06  0.1380952E+01  0.1288720E+02  0.1011795E-01  0.4458309E-03  0.2216175E+01
   06  0.1392857E+01  0.1288721E+02  0.1043443E-01  0.4597564E-03  0.2216175E+01
   06  0.1404762E+01  0.1288721E+02  0.1075091E-01  0.4736801E-03  0.2216175E+01
   06  0.1416667E+01  0.1288721E+02  0.1106741E-01  0.4876020E-03  0.2216175E+01
   06  0.1428571E+01  0.1288721E+02  0.1138391E-01  0.5015218E-03  0.2216176E+01
   06  0.1476190E+01  0.1288721E+02  0.1264983E-01  0.5572098E-03  0.2216176E+01
   06  0.1523810E+01  0.1288721E+02  0.1391591E-01  0.6128551E-03  0.2216177E+01
   06  0.1571429E+01  0.1288721E+02  0.1518212E-01  0.6684495E-03  0.2216178E+01
   06  0.1619048E+01  0.1288721E+02  0.1644844E-01  0.7239844E-03  0.2216179E+01
   06  0.1666667E+01  0.1288721E+02  0.1771484E-01  0.7794513E-03  0.2216180E+01
   06  0.1714286E+01  0.1288721E+02  0.1898129E-01  0.8348414E-03  0.2216182E+01
   06  0.1761905E+01  0.1288721E+02  0.2024774E-01  0.8901457E-03  0.2216183E+01
   06  0.1809524E+01  0.1288721E+02  0.2151418E-01  0.9453551E-03  0.2216184E+01
   06  0.1857143E+01  0.1288722E+02  0.2278057E-01  0.1000460E-02  0.2216186E+01
   06  0.1904762E+01  0.1288722E+02  0.2404687E-01  0.1055452E-02  0.2216188E+01
   06  0.1952381E+01  0.1288722E+02  0.2531305E-01  0.1110321E-02  0.2216190E+01
