# gauge_id= 608 location=( -0.1242042364E+03  0.4174837307E+02 ) num_var=  4
# Stationary gauge
# level, time, q[  1  2  3], eta, aux[]
# file format ascii, time series follow in this file
   06  0.0000000E+00  0.5446985E+01  0.0000000E+00  0.0000000E+00  0.0000000E+00
   06  0.1000000E+01  0.5446985E+01 -0.5054751E-15  0.1894360E-15  0.2228508E+01
   06  0.1003968E+01  0.5446985E+01  0.4358241E-04  0.1580891E-05  0.2228508E+01
   06  0.1007937E+01  0.5446985E+01  0.8716508E-04  0.3161667E-05  0.2228508E+01
   06  0.1011905E+01  0.5446985E+01  0.1307480E-03  0.4742330E-05  0.2228508E+01
   06  0.1015873E+01  0.5446985E+01  0.1743312E-03  0.6322882E-05  0.2228508E+01
   06  0.1019841E+01  0.5446985E+01  0.2179147E-03  0.7903327E-05  0.2228508E+01
   06  0.1023810E+01  0.5446985E+01  0.2614984E-03  0.9483668E-05  0.2228508E+01
   06  0.1027778E+01  0.5446986E+01  0.3050824E-03  0.1106391E-04  0.2228508E+01
   06  0.1031746E+01  0.5446986E+01  0.3486666E-03  0.1264405E-04  0.2228508E+01
   06  0.1035714E+01  0.5446986E+01  0.3922511E-03  0.1422409E-04  0.2228508E+01
   06  0.1039683E+01  0.5446986E+01  0.4358359E-03  0.1580405E-04  0.2228508E+01
   06  0.1043651E+01  0.5446986E+01  0.4794210E-03  0.1738391E-04  0.2228508E+01
   06  0.1047619E+01  0.5446986E+01  0.5230063E-03  0.1896369E-04  0.2228509E+01
   06  0.1051587E+01  0.5446986E+01  0.5665919E-03  0.2054338E-04  0.2228509E+01
   06  0.1055556E+01  0.5446986E+01  0.6101778E-03  0.2212299E-04  0.2228509E+01
   06  0.1059524E+01  0.5446986E+01  0.6537639E-03  0.2370252E-04  0.2228509E+01
   06  0.1063492E+01  0.5446986E+01  0.6973503E-03  0.2528198E-04  0.2228509E+01
   06  0.1067460E+01  0.5446986E+01  0.7409370E-03  0.2686136E-04  0.2228509E+01
   06  0.1071429E+01  0.5446986E+01  0.7845240E-03  0.2844068E-04  0.2228509E+01
   06  0.1075397E+01  0.5446986E+01  0.8281113E-03  0.3001993E-04  0.2228509E+01
   06  0.1079365E+01  0.5446986E+01  0.8716988E-03  0.3159911E-04  0.2228509E+01
   06  0.1083333E+01  0.5446986E+01  0.9152866E-03  0.3317823E-04  0.2228509E+01
   06  0.1087302E+01  0.5446987E+01  0.9588747E-03  0.3475730E-04  0.2228509E+01
   06  0.1091270E+01  0.5446987E+01  0.1002463E-02  0.3633631E-04  0.2228509E+01
   06  0.1095238E+01  0.5446987E+01  0.1046052E-02  0.3791526E-04  0.2228509E+01
   06  0.1099206E+01  0.5446987E+01  0.1089641E-02  0.3949417E-04  0.2228509E+01
   06  0.1103175E+01  0.5446987E+01  0.1133230E-02  0.4107303E-04  0.2228510E+01
   06  0.1107143E+01  0.5446987E+01  0.1176819E-02  0.4265184E-04  0.2228510E+01
   06  0.1119048E+01  0.5446987E+01  0.1307589E-02  0.4738712E-04  0.2228510E+01
   06  0.1130952E+01  0.5446987E+01  0.1438360E-02  0.5212209E-04  0.2228510E+01
   06  0.1142857E+01  0.5446988E+01  0.1569135E-02  0.5685683E-04  0.2228510E+01
   06  0.1154762E+01  0.5446988E+01  0.1699912E-02  0.6159141E-04  0.2228511E+01
   06  0.1166667E+01  0.5446988E+01  0.1830691E-02  0.6632591E-04  0.2228511E+01
   06  0.1178571E+01  0.5446988E+01  0.1961474E-02  0.7106041E-04  0.2228511E+01
   06  0.1190476E+01  0.5446989E+01  0.2092259E-02  0.7579497E-04  0.2228511E+01
   06  0.1202381E+01  0.5446989E+01  0.2223047E-02  0.8052968E-04  0.2228512E+01
   06  0.1214286E+01  0.5446989E+01  0.2353838E-02  0.8526462E-04  0.2228512E+01
   06  0.1226190E+01  0.5446989E+01  0.2484632E-02  0.8999985E-04  0.2228512E+01
   06  0.1238095E+01  0.5446990E+01  0.2615428E-02  0.9473545E-04  0.2228512E+01
   06  0.1250000E+01  0.5446990E+01  0.2746228E-02  0.9947149E-04  0.2228513E+01
   06  0.1261905E+01  0.5446990E+01  0.2877030E-02  0.1042081E-03  0.2228513E+01
   06  0.1273810E+01  0.5446991E+01  0.3007835E-02  0.1089452E-03  0.2228513E+01
   06  0.1285714E+01  0.5446991E+01  0.3138643E-02  0.1136831E-03  0.2228514E+01
   06  0.1297619E+01  0.5446991E+01  0.3269455E-02  0.1184216E-03  0.2228514E+01
   06  0.1309524E+01  0.5446991E+01  0.3400269E-02  0.1231610E-03  0.2228514E+01
   06  0.1321429E+01  0.5446992E+01  0.3531086E-02  0.1279013E-03  0.2228514E+01
   06  0.1333333E+01  0.5446992E+01  0.3661907E-02  0.1326425E-03  0.2228515E+01
   06  0.1345238E+01  0.5446992E+01  0.3792730E-02  0.1373848E-03  0.2228515E+01
   06  0.1357143E+01  0.5446993E+01  0.3923557E-02  0.1421282E-03  0.2228515E+01
   06  0.1369048E+01  0.5446993E+01  0.4054386E-02  0.1468728E-03  0.2228516E+01
   06  0.1380952E+01  0.5446993E+01  0.4185219E-02  0.1516186E-03  0.2228516E+01
   06  0.1392857E+01  0.5446994E+01  0.4316055E-02  0.1563658E-03  0.2228517E+01
   06  0.1404762E+01  0.5446994E+01  0.4446895E-02  0.1611143E-03  0.2228517E+01
   06  0.1416667E+01  0.5446995E+01  0.4577737E-02  0.1658644E-03  0.2228517E+01
   06  0.1428571E+01  0.5446995E+01  0.4708583E-02  0.1706159E-03  0.2228518E+01
   06  0.1476190E+01  0.5446996E+01  0.5231978E-02  0.1896151E-03  0.2228519E+01
   06  0.1523810E+01  0.5446998E+01  0.5755428E-02  0.2086436E-03  0.2228521E+01
   06  0.1571429E+01  0.5447000E+01  0.6278933E-02  0.2277062E-03  0.2228523E+01
   06  0.1619048E+01  0.5447002E+01  0.6802494E-02  0.2468073E-03  0.2228524E+01
   06  0.1666667E+01  0.5447004E+01  0.7326114E-02  0.2659514E-03  0.2228526E+01
   06  0.1714286E+01  0.5447006E+01  0.7849793E-02  0.2851430E-03  0.2228528E+01
   06  0.1761905E+01  0.5447008E+01  0.8373533E-02  0.3043867E-03  0.2228530E+01
   06  0.1809524E+01  0.5447010E+01  0.8897334E-02  0.3236867E-03  0.2228533E+01
   06  0.1857143E+01  0.5447012E+01  0.9421198E-02  0.3430476E-03  0.2228535E+01
   06  0.1904762E+01  0.5447014E+01  0.9945126E-02  0.3624738E-03  0.2228537E+01
   06  0.1952381E+01  0.5447017E+01  0.1046912E-01  0.3819698E-03  0.2228540E+01
