# gauge_id= 612 location=( -0.1242043567E+03  0.4175754751E+02 ) num_var=  4
# Stationary gauge
# level, time, q[  1  2  3], eta, aux[]
# file format ascii, time series follow in this file
   06  0.0000000E+00  0.1315901E+02  0.0000000E+00  0.0000000E+00  0.0000000E+00
   06  0.1000000E+01  0.1315901E+02 -0.2198208E-15  0.1222750E-14  0.2222953E+01
   06  0.1003968E+01  0.1315901E+02  0.1059437E-03  0.3808961E-05  0.2222953E+01
   06  0.1007937E+01  0.1315901E+02  0.2118876E-03  0.7617947E-05  0.2222953E+01
   06  0.1011905E+01  0.1315901E+02  0.3178315E-03  0.1142696E-04  0.2222953E+01
   06  0.1015873E+01  0.1315901E+02  0.4237756E-03  0.1523600E-04  0.2222953E+01
   06  0.1019841E+01  0.1315901E+02  0.5297198E-03  0.1904507E-04  0.2222953E+01
   06  0.1023810E+01  0.1315901E+02  0.6356642E-03  0.2285417E-04  0.2222953E+01
   06  0.1027778E+01  0.1315901E+02  0.7416086E-03  0.2666329E-04  0.2222953E+01
   06  0.1031746E+01  0.1315901E+02  0.8475532E-03  0.3047245E-04  0.2222953E+01
   06  0.1035714E+01  0.1315901E+02  0.9534979E-03  0.3428164E-04  0.2222953E+01
   06  0.1039683E+01  0.1315901E+02  0.1059443E-02  0.3809086E-04  0.2222953E+01
   06  0.1043651E+01  0.1315901E+02  0.1165388E-02  0.4190011E-04  0.2222953E+01
   06  0.1047619E+01  0.1315901E+02  0.1271333E-02  0.4570939E-04  0.2222953E+01
   06  0.1051587E+01  0.1315901E+02  0.1377278E-02  0.4951870E-04  0.2222953E+01
   06  0.1055556E+01  0.1315901E+02  0.1483223E-02  0.5332805E-04  0.2222953E+01
   06  0.1059524E+01  0.1315901E+02  0.1589169E-02  0.5713744E-04  0.2222953E+01
   06  0.1063492E+01  0.1315901E+02  0.1695114E-02  0.6094685E-04  0.2222953E+01
   06  0.1067460E+01  0.1315901E+02  0.1801060E-02  0.6475631E-04  0.2222953E+01
   06  0.1071429E+01  0.1315901E+02  0.1907006E-02  0.6856580E-04  0.2222953E+01
   06  0.1075397E+01  0.1315901E+02  0.2012952E-02  0.7237532E-04  0.2222953E+01
   06  0.1079365E+01  0.1315901E+02  0.2118898E-02  0.7618489E-04  0.2222953E+01
   06  0.1083333E+01  0.1315901E+02  0.2224844E-02  0.7999449E-04  0.2222953E+01
   06  0.1087302E+01  0.1315901E+02  0.2330791E-02  0.8380413E-04  0.2222953E+01
   06  0.1091270E+01  0.1315901E+02  0.2436737E-02  0.8761381E-04  0.2222953E+01
   06  0.1095238E+01  0.1315901E+02  0.2542684E-02  0.9142353E-04  0.2222953E+01
   06  0.1099206E+01  0.1315901E+02  0.2648630E-02  0.9523329E-04  0.2222953E+01
   06  0.1103175E+01  0.1315901E+02  0.2754577E-02  0.9904310E-04  0.2222953E+01
   06  0.1107143E+01  0.1315901E+02  0.2860524E-02  0.1028529E-03  0.2222953E+01
   06  0.1119048E+01  0.1315901E+02  0.3178365E-02  0.1142825E-03  0.2222953E+01
   06  0.1130952E+01  0.1315901E+02  0.3496208E-02  0.1257124E-03  0.2222953E+01
   06  0.1142857E+01  0.1315901E+02  0.3814052E-02  0.1371428E-03  0.2222953E+01
   06  0.1154762E+01  0.1315901E+02  0.4131896E-02  0.1485736E-03  0.2222953E+01
   06  0.1166667E+01  0.1315901E+02  0.4449742E-02  0.1600048E-03  0.2222953E+01
   06  0.1178571E+01  0.1315901E+02  0.4767589E-02  0.1714365E-03  0.2222953E+01
   06  0.1190476E+01  0.1315901E+02  0.5085437E-02  0.1828687E-03  0.2222953E+01
   06  0.1202381E+01  0.1315901E+02  0.5403287E-02  0.1943014E-03  0.2222953E+01
   06  0.1214286E+01  0.1315901E+02  0.5721137E-02  0.2057345E-03  0.2222953E+01
   06  0.1226190E+01  0.1315901E+02  0.6038988E-02  0.2171683E-03  0.2222953E+01
   06  0.1238095E+01  0.1315901E+02  0.6356841E-02  0.2286025E-03  0.2222954E+01
   06  0.1250000E+01  0.1315901E+02  0.6674695E-02  0.2400374E-03  0.2222954E+01
   06  0.1261905E+01  0.1315901E+02  0.6992550E-02  0.2514728E-03  0.2222954E+01
   06  0.1273810E+01  0.1315901E+02  0.7310406E-02  0.2629088E-03  0.2222954E+01
   06  0.1285714E+01  0.1315901E+02  0.7628263E-02  0.2743454E-03  0.2222954E+01
   06  0.1297619E+01  0.1315901E+02  0.7946121E-02  0.2857826E-03  0.2222954E+01
   06  0.1309524E+01  0.1315901E+02  0.8263981E-02  0.2972205E-03  0.2222954E+01
   06  0.1321429E+01  0.1315901E+02  0.8581842E-02  0.3086591E-03  0.2222954E+01
   06  0.1333333E+01  0.1315901E+02  0.8899703E-02  0.3200983E-03  0.2222954E+01
   06  0.1345238E+01  0.1315901E+02  0.9217566E-02  0.3315382E-03  0.2222954E+01
   06  0.1357143E+01  0.1315901E+02  0.9535430E-02  0.3429788E-03  0.2222954E+01
   06  0.1369048E+01  0.1315901E+02  0.9853295E-02  0.3544202E-03  0.2222954E+01
   06  0.1380952E+01  0.1315901E+02  0.1017116E-01  0.3658623E-03  0.2222954E+01
   06  0.1392857E+01  0.1315901E+02  0.1048903E-01  0.3773051E-03  0.2222954E+01
   06  0.1404762E+01  0.1315901E+02  0.1080690E-01  0.3887487E-03  0.2222954E+01
   06  0.1416667E+01  0.1315901E+02  0.1112477E-01  0.4001931E-03  0.2222954E+01
   06  0.1428571E+01  0.1315901E+02  0.1144264E-01  0.4116383E-03  0.2222954E+01
   06  0.1476190E+01  0.1315902E+02  0.1271413E-01  0.4574228E-03  0.2222955E+01
   06  0.1523810E+01  0.1315902E+02  0.1398564E-01  0.5032213E-03  0.2222955E+01
   06  0.1571429E+01  0.1315902E+02  0.1525717E-01  0.5490347E-03  0.2222955E+01
   06  0.1619048E+01  0.1315902E+02  0.1652871E-01  0.5948641E-03  0.2222956E+01
   06  0.1666667E+01  0.1315902E+02  0.1780028E-01  0.6407104E-03  0.2222956E+01
   06  0.1714286E+01  0.1315902E+02  0.1907186E-01  0.6865745E-03  0.2222956E+01
   06  0.1761905E+01  0.1315902E+02  0.2034347E-01  0.7324573E-03  0.2222957E+01
   06  0.1809524E+01  0.1315902E+02  0.2161509E-01  0.7783599E-03  0.2222957E+01
   06  0.1857143E+01  0.1315902E+02  0.2288673E-01  0.8242831E-03  0.2222958E+01
   06  0.1904762E+01  0.1315902E+02  0.2415839E-01  0.8702277E-03  0.2222958E+01
   06  0.1952381E+01  0.1315902E+02  0.2543006E-01  0.9161947E-03  0.2222959E+01
