# gauge_id= 606 location=( -0.1242062325E+03  0.4175453827E+02 ) num_var=  4
# Stationary gauge
# level, time, q[  1  2  3], eta, aux[]
# file format ascii, time series follow in this file
   06  0.0000000E+00  0.1298148E+02  0.0000000E+00  0.0000000E+00  0.0000000E+00
   06  0.1000000E+01  0.1298148E+02 -0.6085573E-15 -0.1109071E-14  0.2257405E+01
   06  0.1003968E+01  0.1298148E+02  0.1038225E-03  0.3476977E-05  0.2257405E+01
   06  0.1007937E+01  0.1298148E+02  0.2076449E-03  0.6953939E-05  0.2257405E+01
   06  0.1011905E+01  0.1298148E+02  0.3114672E-03  0.1043089E-04  0.2257405E+01
   06  0.1015873E+01  0.1298148E+02  0.4152894E-03  0.1390782E-04  0.2257405E+01
   06  0.1019841E+01  0.1298148E+02  0.5191114E-03  0.1738474E-04  0.2257405E+01
   06  0.1023810E+01  0.1298148E+02  0.6229334E-03  0.2086165E-04  0.2257405E+01
   06  0.1027778E+01  0.1298148E+02  0.7267552E-03  0.2433855E-04  0.2257405E+01
   06  0.1031746E+01  0.1298148E+02  0.8305769E-03  0.2781543E-04  0.2257405E+01
   06  0.1035714E+01  0.1298148E+02  0.9343985E-03  0.3129230E-04  0.2257405E+01
   06  0.1039683E+01  0.1298148E+02  0.1038220E-02  0.3476916E-04  0.2257405E+01
   06  0.1043651E+01  0.1298148E+02  0.1142041E-02  0.3824601E-04  0.2257405E+01
   06  0.1047619E+01  0.1298148E+02  0.1245863E-02  0.4172285E-04  0.2257405E+01
   06  0.1051587E+01  0.1298148E+02  0.1349684E-02  0.4519967E-04  0.2257405E+01
   06  0.1055556E+01  0.1298148E+02  0.1453505E-02  0.4867649E-04  0.2257405E+01
   06  0.1059524E+01  0.1298148E+02  0.1557326E-02  0.5215329E-04  0.2257405E+01
   06  0.1063492E+01  0.1298148E+02  0.1661146E-02  0.5563008E-04  0.2257405E+01
   06  0.1067460E+01  0.1298148E+02  0.1764967E-02  0.5910687E-04  0.2257405E+01
   06  0.1071429E+01  0.1298148E+02  0.1868788E-02  0.6258364E-04  0.2257405E+01
   06  0.1075397E+01  0.1298148E+02  0.1972608E-02  0.6606041E-04  0.2257405E+01
   06  0.1079365E+01  0.1298148E+02  0.2076428E-02  0.6953716E-04  0.2257405E+01
   06  0.1083333E+01  0.1298148E+02  0.2180248E-02  0.7301391E-04  0.2257405E+01
   06  0.1087302E+01  0.1298148E+02  0.2284069E-02  0.7649065E-04  0.2257405E+01
   06  0.1091270E+01  0.1298148E+02  0.2387889E-02  0.7996738E-04  0.2257405E+01
   06  0.1095238E+01  0.1298148E+02  0.2491708E-02  0.8344410E-04  0.2257405E+01
   06  0.1099206E+01  0.1298148E+02  0.2595528E-02  0.8692082E-04  0.2257405E+01
   06  0.1103175E+01  0.1298148E+02  0.2699348E-02  0.9039753E-04  0.2257405E+01
   06  0.1107143E+01  0.1298148E+02  0.2803167E-02  0.9387423E-04  0.2257405E+01
   06  0.1119048E+01  0.1298148E+02  0.3114626E-02  0.1043042E-03  0.2257405E+01
   06  0.1130952E+01  0.1298148E+02  0.3426083E-02  0.1147341E-03  0.2257405E+01
   06  0.1142857E+01  0.1298148E+02  0.3737539E-02  0.1251640E-03  0.2257405E+01
   06  0.1154762E+01  0.1298148E+02  0.4048994E-02  0.1355939E-03  0.2257405E+01
   06  0.1166667E+01  0.1298148E+02  0.4360449E-02  0.1460237E-03  0.2257405E+01
   06  0.1178571E+01  0.1298148E+02  0.4671902E-02  0.1564535E-03  0.2257405E+01
   06  0.1190476E+01  0.1298148E+02  0.4983354E-02  0.1668832E-03  0.2257405E+01
   06  0.1202381E+01  0.1298148E+02  0.5294806E-02  0.1773130E-03  0.2257405E+01
   06  0.1214286E+01  0.1298148E+02  0.5606256E-02  0.1877428E-03  0.2257405E+01
   06  0.1226190E+01  0.1298148E+02  0.5917706E-02  0.1981726E-03  0.2257405E+01
   06  0.1238095E+01  0.1298148E+02  0.6229154E-02  0.2086023E-03  0.2257406E+01
   06  0.1250000E+01  0.1298148E+02  0.6540602E-02  0.2190322E-03  0.2257406E+01
   06  0.1261905E+01  0.1298148E+02  0.6852049E-02  0.2294620E-03  0.2257406E+01
   06  0.1273810E+01  0.1298148E+02  0.7163495E-02  0.2398919E-03  0.2257406E+01
   06  0.1285714E+01  0.1298148E+02  0.7474940E-02  0.2503218E-03  0.2257406E+01
   06  0.1297619E+01  0.1298148E+02  0.7786384E-02  0.2607518E-03  0.2257406E+01
   06  0.1309524E+01  0.1298148E+02  0.8097828E-02  0.2711818E-03  0.2257406E+01
   06  0.1321429E+01  0.1298148E+02  0.8409270E-02  0.2816119E-03  0.2257406E+01
   06  0.1333333E+01  0.1298148E+02  0.8720712E-02  0.2920421E-03  0.2257406E+01
   06  0.1345238E+01  0.1298148E+02  0.9032152E-02  0.3024723E-03  0.2257406E+01
   06  0.1357143E+01  0.1298148E+02  0.9343592E-02  0.3129027E-03  0.2257406E+01
   06  0.1369048E+01  0.1298148E+02  0.9655032E-02  0.3233331E-03  0.2257407E+01
   06  0.1380952E+01  0.1298148E+02  0.9966470E-02  0.3337636E-03  0.2257407E+01
   06  0.1392857E+01  0.1298148E+02  0.1027791E-01  0.3441943E-03  0.2257407E+01
   06  0.1404762E+01  0.1298148E+02  0.1058934E-01  0.3546251E-03  0.2257407E+01
   06  0.1416667E+01  0.1298148E+02  0.1090078E-01  0.3650560E-03  0.2257407E+01
   06  0.1428571E+01  0.1298148E+02  0.1121222E-01  0.3754870E-03  0.2257407E+01
   06  0.1476190E+01  0.1298148E+02  0.1245795E-01  0.4172111E-03  0.2257408E+01
   06  0.1523810E+01  0.1298148E+02  0.1370368E-01  0.4589379E-03  0.2257408E+01
   06  0.1571429E+01  0.1298148E+02  0.1494940E-01  0.5006678E-03  0.2257409E+01
   06  0.1619048E+01  0.1298148E+02  0.1619510E-01  0.5424013E-03  0.2257410E+01
   06  0.1666667E+01  0.1298148E+02  0.1744080E-01  0.5841389E-03  0.2257410E+01
   06  0.1714286E+01  0.1298148E+02  0.1868649E-01  0.6258811E-03  0.2257411E+01
   06  0.1761905E+01  0.1298148E+02  0.1993216E-01  0.6676282E-03  0.2257412E+01
   06  0.1809524E+01  0.1298148E+02  0.2117784E-01  0.7093807E-03  0.2257413E+01
   06  0.1857143E+01  0.1298149E+02  0.2242350E-01  0.7511392E-03  0.2257414E+01
   06  0.1904762E+01  0.1298149E+02  0.2366916E-01  0.7929040E-03  0.2257415E+01
   06  0.1952381E+01  0.1298149E+02  0.2491482E-01  0.8346757E-03  0.2257416E+01
