# gauge_id= 611 location=( -0.1242076147E+03  0.4175697547E+02 ) num_var=  4
# Stationary gauge
# level, time, q[  1  2  3], eta, aux[]
# file format ascii, time series follow in this file
   06  0.0000000E+00  0.1401419E+02  0.0000000E+00  0.0000000E+00  0.0000000E+00
   06  0.1000000E+01  0.1401419E+02 -0.3408127E-14 -0.3169466E-15  0.2279201E+01
   06  0.1003968E+01  0.1401419E+02  0.1126476E-03  0.3539674E-05  0.2279201E+01
   06  0.1007937E+01  0.1401419E+02  0.2252951E-03  0.7079400E-05  0.2279201E+01
   06  0.1011905E+01  0.1401419E+02  0.3379426E-03  0.1061918E-04  0.2279201E+01
   06  0.1015873E+01  0.1401419E+02  0.4505901E-03  0.1415901E-04  0.2279201E+01
   06  0.1019841E+01  0.1401419E+02  0.5632375E-03  0.1769889E-04  0.2279201E+01
   06  0.1023810E+01  0.1401419E+02  0.6758849E-03  0.2123883E-04  0.2279201E+01
   06  0.1027778E+01  0.1401419E+02  0.7885322E-03  0.2477882E-04  0.2279201E+01
   06  0.1031746E+01  0.1401419E+02  0.9011795E-03  0.2831886E-04  0.2279201E+01
   06  0.1035714E+01  0.1401419E+02  0.1013827E-02  0.3185897E-04  0.2279201E+01
   06  0.1039683E+01  0.1401419E+02  0.1126474E-02  0.3539913E-04  0.2279201E+01
   06  0.1043651E+01  0.1401419E+02  0.1239121E-02  0.3893934E-04  0.2279201E+01
   06  0.1047619E+01  0.1401419E+02  0.1351768E-02  0.4247962E-04  0.2279201E+01
   06  0.1051587E+01  0.1401419E+02  0.1464415E-02  0.4601996E-04  0.2279201E+01
   06  0.1055556E+01  0.1401419E+02  0.1577063E-02  0.4956035E-04  0.2279201E+01
   06  0.1059524E+01  0.1401419E+02  0.1689710E-02  0.5310081E-04  0.2279201E+01
   06  0.1063492E+01  0.1401419E+02  0.1802357E-02  0.5664132E-04  0.2279201E+01
   06  0.1067460E+01  0.1401419E+02  0.1915004E-02  0.6018190E-04  0.2279201E+01
   06  0.1071429E+01  0.1401419E+02  0.2027651E-02  0.6372255E-04  0.2279201E+01
   06  0.1075397E+01  0.1401419E+02  0.2140297E-02  0.6726325E-04  0.2279201E+01
   06  0.1079365E+01  0.1401419E+02  0.2252944E-02  0.7080402E-04  0.2279201E+01
   06  0.1083333E+01  0.1401419E+02  0.2365591E-02  0.7434486E-04  0.2279201E+01
   06  0.1087302E+01  0.1401419E+02  0.2478238E-02  0.7788576E-04  0.2279201E+01
   06  0.1091270E+01  0.1401419E+02  0.2590885E-02  0.8142673E-04  0.2279201E+01
   06  0.1095238E+01  0.1401419E+02  0.2703531E-02  0.8496777E-04  0.2279201E+01
   06  0.1099206E+01  0.1401419E+02  0.2816178E-02  0.8850887E-04  0.2279201E+01
   06  0.1103175E+01  0.1401419E+02  0.2928825E-02  0.9205005E-04  0.2279201E+01
   06  0.1107143E+01  0.1401419E+02  0.3041471E-02  0.9559129E-04  0.2279201E+01
   06  0.1119048E+01  0.1401419E+02  0.3379411E-02  0.1062152E-03  0.2279201E+01
   06  0.1130952E+01  0.1401419E+02  0.3717351E-02  0.1168397E-03  0.2279201E+01
   06  0.1142857E+01  0.1401419E+02  0.4055290E-02  0.1274649E-03  0.2279201E+01
   06  0.1154762E+01  0.1401419E+02  0.4393229E-02  0.1380907E-03  0.2279201E+01
   06  0.1166667E+01  0.1401419E+02  0.4731168E-02  0.1487173E-03  0.2279201E+01
   06  0.1178571E+01  0.1401419E+02  0.5069106E-02  0.1593447E-03  0.2279201E+01
   06  0.1190476E+01  0.1401419E+02  0.5407044E-02  0.1699727E-03  0.2279201E+01
   06  0.1202381E+01  0.1401419E+02  0.5744982E-02  0.1806016E-03  0.2279201E+01
   06  0.1214286E+01  0.1401419E+02  0.6082920E-02  0.1912313E-03  0.2279201E+01
   06  0.1226190E+01  0.1401419E+02  0.6420857E-02  0.2018617E-03  0.2279201E+01
   06  0.1238095E+01  0.1401419E+02  0.6758794E-02  0.2124930E-03  0.2279201E+01
   06  0.1250000E+01  0.1401419E+02  0.7096731E-02  0.2231252E-03  0.2279201E+01
   06  0.1261905E+01  0.1401419E+02  0.7434667E-02  0.2337582E-03  0.2279201E+01
   06  0.1273810E+01  0.1401419E+02  0.7772604E-02  0.2443921E-03  0.2279201E+01
   06  0.1285714E+01  0.1401419E+02  0.8110540E-02  0.2550269E-03  0.2279201E+01
   06  0.1297619E+01  0.1401419E+02  0.8448475E-02  0.2656626E-03  0.2279201E+01
   06  0.1309524E+01  0.1401419E+02  0.8786411E-02  0.2762993E-03  0.2279201E+01
   06  0.1321429E+01  0.1401419E+02  0.9124346E-02  0.2869370E-03  0.2279201E+01
   06  0.1333333E+01  0.1401419E+02  0.9462281E-02  0.2975756E-03  0.2279201E+01
   06  0.1345238E+01  0.1401419E+02  0.9800216E-02  0.3082153E-03  0.2279201E+01
   06  0.1357143E+01  0.1401419E+02  0.1013815E-01  0.3188560E-03  0.2279201E+01
   06  0.1369048E+01  0.1401419E+02  0.1047608E-01  0.3294977E-03  0.2279201E+01
   06  0.1380952E+01  0.1401419E+02  0.1081402E-01  0.3401405E-03  0.2279201E+01
   06  0.1392857E+01  0.1401419E+02  0.1115195E-01  0.3507844E-03  0.2279201E+01
   06  0.1404762E+01  0.1401419E+02  0.1148989E-01  0.3614294E-03  0.2279201E+01
   06  0.1416667E+01  0.1401419E+02  0.1182782E-01  0.3720755E-03  0.2279201E+01
   06  0.1428571E+01  0.1401419E+02  0.1216575E-01  0.3827227E-03  0.2279201E+01
   06  0.1476190E+01  0.1401419E+02  0.1351749E-01  0.4253184E-03  0.2279201E+01
   06  0.1523810E+01  0.1401419E+02  0.1486922E-01  0.4679339E-03  0.2279201E+01
   06  0.1571429E+01  0.1401419E+02  0.1622095E-01  0.5105703E-03  0.2279201E+01
   06  0.1619048E+01  0.1401419E+02  0.1757268E-01  0.5532287E-03  0.2279202E+01
   06  0.1666667E+01  0.1401419E+02  0.1892440E-01  0.5959104E-03  0.2279202E+01
   06  0.1714286E+01  0.1401419E+02  0.2027613E-01  0.6386165E-03  0.2279202E+01
   06  0.1761905E+01  0.1401419E+02  0.2162785E-01  0.6813481E-03  0.2279202E+01
   06  0.1809524E+01  0.1401419E+02  0.2297957E-01  0.7241063E-03  0.2279202E+01
   06  0.1857143E+01  0.1401419E+02  0.2433129E-01  0.7668923E-03  0.2279202E+01
   06  0.1904762E+01  0.1401419E+02  0.2568308E-01  0.8097071E-03  0.2279202E+01
   06  0.1952381E+01  0.1401419E+02  0.2703487E-01  0.8525518E-03  0.2279203E+01
