# gauge_id= 605 location=( -0.1242015246E+03  0.4175949634E+02 ) num_var=  4
# Stationary gauge
# level, time, q[  1  2  3], eta, aux[]
# file format ascii, time series follow in this file
   06  0.0000000E+00  0.1253674E+02  0.0000000E+00  0.0000000E+00  0.0000000E+00
   06  0.1000000E+01  0.1253674E+02 -0.3448609E-14 -0.6429130E-15  0.2172626E+01
   06  0.1003968E+01  0.1253674E+02  0.1013042E-03  0.4028203E-05  0.2172626E+01
   06  0.1007937E+01  0.1253674E+02  0.2026083E-03  0.8056349E-05  0.2172626E+01
   06  0.1011905E+01  0.1253674E+02  0.3039124E-03  0.1208444E-04  0.2172626E+01
   06  0.1015873E+01  0.1253674E+02  0.4052163E-03  0.1611247E-04  0.2172626E+01
   06  0.1019841E+01  0.1253674E+02  0.5065200E-03  0.2014044E-04  0.2172626E+01
   06  0.1023810E+01  0.1253674E+02  0.6078237E-03  0.2416836E-04  0.2172626E+01
   06  0.1027778E+01  0.1253674E+02  0.7091273E-03  0.2819621E-04  0.2172626E+01
   06  0.1031746E+01  0.1253674E+02  0.8104308E-03  0.3222401E-04  0.2172626E+01
   06  0.1035714E+01  0.1253674E+02  0.9117341E-03  0.3625174E-04  0.2172626E+01
   06  0.1039683E+01  0.1253674E+02  0.1013037E-02  0.4027941E-04  0.2172626E+01
   06  0.1043651E+01  0.1253674E+02  0.1114340E-02  0.4430702E-04  0.2172626E+01
   06  0.1047619E+01  0.1253674E+02  0.1215643E-02  0.4833457E-04  0.2172626E+01
   06  0.1051587E+01  0.1253674E+02  0.1316946E-02  0.5236205E-04  0.2172626E+01
   06  0.1055556E+01  0.1253674E+02  0.1418249E-02  0.5638947E-04  0.2172626E+01
   06  0.1059524E+01  0.1253674E+02  0.1519552E-02  0.6041682E-04  0.2172626E+01
   06  0.1063492E+01  0.1253674E+02  0.1620854E-02  0.6444410E-04  0.2172626E+01
   06  0.1067460E+01  0.1253674E+02  0.1722157E-02  0.6847132E-04  0.2172626E+01
   06  0.1071429E+01  0.1253674E+02  0.1823459E-02  0.7249847E-04  0.2172626E+01
   06  0.1075397E+01  0.1253674E+02  0.1924762E-02  0.7652555E-04  0.2172626E+01
   06  0.1079365E+01  0.1253674E+02  0.2026064E-02  0.8055256E-04  0.2172627E+01
   06  0.1083333E+01  0.1253674E+02  0.2127366E-02  0.8457950E-04  0.2172627E+01
   06  0.1087302E+01  0.1253674E+02  0.2228668E-02  0.8860637E-04  0.2172627E+01
   06  0.1091270E+01  0.1253674E+02  0.2329970E-02  0.9263317E-04  0.2172627E+01
   06  0.1095238E+01  0.1253674E+02  0.2431271E-02  0.9665990E-04  0.2172627E+01
   06  0.1099206E+01  0.1253674E+02  0.2532573E-02  0.1006866E-03  0.2172627E+01
   06  0.1103175E+01  0.1253674E+02  0.2633874E-02  0.1047131E-03  0.2172627E+01
   06  0.1107143E+01  0.1253674E+02  0.2735176E-02  0.1087396E-03  0.2172627E+01
   06  0.1119048E+01  0.1253674E+02  0.3039081E-02  0.1208192E-03  0.2172627E+01
   06  0.1130952E+01  0.1253674E+02  0.3342985E-02  0.1328980E-03  0.2172627E+01
   06  0.1142857E+01  0.1253674E+02  0.3646888E-02  0.1449761E-03  0.2172627E+01
   06  0.1154762E+01  0.1253674E+02  0.3950790E-02  0.1570535E-03  0.2172627E+01
   06  0.1166667E+01  0.1253674E+02  0.4254691E-02  0.1691301E-03  0.2172627E+01
   06  0.1178571E+01  0.1253674E+02  0.4558591E-02  0.1812060E-03  0.2172627E+01
   06  0.1190476E+01  0.1253674E+02  0.4862491E-02  0.1932810E-03  0.2172627E+01
   06  0.1202381E+01  0.1253674E+02  0.5166389E-02  0.2053553E-03  0.2172627E+01
   06  0.1214286E+01  0.1253674E+02  0.5470287E-02  0.2174287E-03  0.2172627E+01
   06  0.1226190E+01  0.1253674E+02  0.5774184E-02  0.2295013E-03  0.2172627E+01
   06  0.1238095E+01  0.1253674E+02  0.6078080E-02  0.2415730E-03  0.2172627E+01
   06  0.1250000E+01  0.1253674E+02  0.6381975E-02  0.2536439E-03  0.2172627E+01
   06  0.1261905E+01  0.1253674E+02  0.6685869E-02  0.2657138E-03  0.2172627E+01
   06  0.1273810E+01  0.1253674E+02  0.6989762E-02  0.2777829E-03  0.2172627E+01
   06  0.1285714E+01  0.1253674E+02  0.7293654E-02  0.2898510E-03  0.2172627E+01
   06  0.1297619E+01  0.1253674E+02  0.7597546E-02  0.3019181E-03  0.2172627E+01
   06  0.1309524E+01  0.1253674E+02  0.7901437E-02  0.3139843E-03  0.2172627E+01
   06  0.1321429E+01  0.1253674E+02  0.8205327E-02  0.3260495E-03  0.2172628E+01
   06  0.1333333E+01  0.1253674E+02  0.8509216E-02  0.3381137E-03  0.2172628E+01
   06  0.1345238E+01  0.1253674E+02  0.8813104E-02  0.3501769E-03  0.2172628E+01
   06  0.1357143E+01  0.1253674E+02  0.9116992E-02  0.3622390E-03  0.2172628E+01
   06  0.1369048E+01  0.1253674E+02  0.9420879E-02  0.3743001E-03  0.2172628E+01
   06  0.1380952E+01  0.1253674E+02  0.9724765E-02  0.3863601E-03  0.2172628E+01
   06  0.1392857E+01  0.1253674E+02  0.1002865E-01  0.3984190E-03  0.2172628E+01
   06  0.1404762E+01  0.1253674E+02  0.1033253E-01  0.4104769E-03  0.2172628E+01
   06  0.1416667E+01  0.1253674E+02  0.1063642E-01  0.4225336E-03  0.2172628E+01
   06  0.1428571E+01  0.1253674E+02  0.1094030E-01  0.4345892E-03  0.2172628E+01
   06  0.1476190E+01  0.1253674E+02  0.1215586E-01  0.4828063E-03  0.2172629E+01
   06  0.1523810E+01  0.1253674E+02  0.1337141E-01  0.5310037E-03  0.2172629E+01
   06  0.1571429E+01  0.1253674E+02  0.1458695E-01  0.5791804E-03  0.2172630E+01
   06  0.1619048E+01  0.1253674E+02  0.1580248E-01  0.6273355E-03  0.2172630E+01
   06  0.1666667E+01  0.1253674E+02  0.1701801E-01  0.6754679E-03  0.2172631E+01
   06  0.1714286E+01  0.1253674E+02  0.1823354E-01  0.7235768E-03  0.2172632E+01
   06  0.1761905E+01  0.1253675E+02  0.1944907E-01  0.7716615E-03  0.2172632E+01
   06  0.1809524E+01  0.1253675E+02  0.2066459E-01  0.8197210E-03  0.2172633E+01
   06  0.1857143E+01  0.1253675E+02  0.2188011E-01  0.8677547E-03  0.2172634E+01
   06  0.1904762E+01  0.1253675E+02  0.2309564E-01  0.9157617E-03  0.2172635E+01
   06  0.1952381E+01  0.1253675E+02  0.2431117E-01  0.9637414E-03  0.2172636E+01
