# gauge_id= 516 location=( -0.1253000000E+03  0.4170000000E+02 ) num_var=  4
# Stationary gauge
# level, time, q[  1  2  3], eta, aux[]
# file format ascii, time series follow in this file
   02  0.0000000E+00  0.3099757E+04  0.0000000E+00  0.0000000E+00  0.0000000E+00
   02  0.1000000E+01  0.3099757E+04 -0.2402277E-12  0.1112490E-12  0.1996311E+00
   02  0.1142857E+01  0.3099759E+04 -0.2499356E+00 -0.1260292E-02  0.2013824E+00
   02  0.1285714E+01  0.3099761E+04 -0.5000760E+00 -0.2588617E-02  0.2031330E+00
   02  0.1428571E+01  0.3099762E+04 -0.7504181E+00 -0.3985062E-02  0.2048830E+00
   02  0.1571429E+01  0.3099764E+04 -0.1000959E+01 -0.5449688E-02  0.2066323E+00
   02  0.1714286E+01  0.3099766E+04 -0.1251697E+01 -0.6982531E-02  0.2083809E+00
   02  0.1857143E+01  0.3099768E+04 -0.1502628E+01 -0.8583599E-02  0.2101288E+00
