# gauge_id= 206 location=( -0.1242120000E+03  0.4176625000E+02 ) num_var=  4
# Stationary gauge
# level, time, q[  1  2  3], eta, aux[]
# file format ascii, time series follow in this file
   06  0.0000000E+00  0.1605432E+02  0.0000000E+00  0.0000000E+00  0.0000000E+00
   06  0.1000000E+01  0.1605432E+02  0.4689072E-14  0.1790141E-14  0.2347948E+01
   06  0.1003968E+01  0.1605432E+02  0.1311832E-03  0.4505872E-05  0.2347948E+01
   06  0.1007937E+01  0.1605432E+02  0.2623664E-03  0.9011790E-05  0.2347948E+01
   06  0.1011905E+01  0.1605432E+02  0.3935496E-03  0.1351776E-04  0.2347948E+01
   06  0.1015873E+01  0.1605432E+02  0.5247327E-03  0.1802377E-04  0.2347948E+01
   06  0.1019841E+01  0.1605432E+02  0.6559158E-03  0.2252983E-04  0.2347948E+01
   06  0.1023810E+01  0.1605432E+02  0.7870989E-03  0.2703594E-04  0.2347948E+01
   06  0.1027778E+01  0.1605432E+02  0.9182819E-03  0.3154210E-04  0.2347948E+01
   06  0.1031746E+01  0.1605432E+02  0.1049465E-02  0.3604832E-04  0.2347948E+01
   06  0.1035714E+01  0.1605432E+02  0.1180648E-02  0.4055459E-04  0.2347948E+01
   06  0.1039683E+01  0.1605432E+02  0.1311831E-02  0.4506091E-04  0.2347948E+01
   06  0.1043651E+01  0.1605432E+02  0.1443014E-02  0.4956728E-04  0.2347948E+01
   06  0.1047619E+01  0.1605432E+02  0.1574197E-02  0.5407371E-04  0.2347948E+01
   06  0.1051587E+01  0.1605432E+02  0.1705380E-02  0.5858020E-04  0.2347948E+01
   06  0.1055556E+01  0.1605432E+02  0.1836562E-02  0.6308675E-04  0.2347948E+01
   06  0.1059524E+01  0.1605432E+02  0.1967745E-02  0.6759335E-04  0.2347948E+01
   06  0.1063492E+01  0.1605432E+02  0.2098928E-02  0.7210001E-04  0.2347948E+01
   06  0.1067460E+01  0.1605432E+02  0.2230111E-02  0.7660674E-04  0.2347948E+01
   06  0.1071429E+01  0.1605432E+02  0.2361293E-02  0.8111352E-04  0.2347948E+01
   06  0.1075397E+01  0.1605432E+02  0.2492476E-02  0.8562037E-04  0.2347948E+01
   06  0.1079365E+01  0.1605432E+02  0.2623659E-02  0.9012729E-04  0.2347948E+01
   06  0.1083333E+01  0.1605432E+02  0.2754841E-02  0.9463426E-04  0.2347948E+01
   06  0.1087302E+01  0.1605432E+02  0.2886024E-02  0.9914130E-04  0.2347948E+01
   06  0.1091270E+01  0.1605432E+02  0.3017206E-02  0.1036484E-03  0.2347948E+01
   06  0.1095238E+01  0.1605432E+02  0.3148389E-02  0.1081556E-03  0.2347948E+01
   06  0.1099206E+01  0.1605432E+02  0.3279571E-02  0.1126628E-03  0.2347948E+01
   06  0.1103175E+01  0.1605432E+02  0.3410754E-02  0.1171701E-03  0.2347948E+01
   06  0.1107143E+01  0.1605432E+02  0.3541936E-02  0.1216775E-03  0.2347948E+01
   06  0.1119048E+01  0.1605432E+02  0.3935483E-02  0.1351997E-03  0.2347948E+01
   06  0.1130952E+01  0.1605432E+02  0.4329029E-02  0.1487225E-03  0.2347948E+01
   06  0.1142857E+01  0.1605432E+02  0.4722576E-02  0.1622461E-03  0.2347948E+01
   06  0.1154762E+01  0.1605432E+02  0.5116121E-02  0.1757703E-03  0.2347948E+01
   06  0.1166667E+01  0.1605432E+02  0.5509667E-02  0.1892953E-03  0.2347948E+01
   06  0.1178571E+01  0.1605432E+02  0.5903212E-02  0.2028211E-03  0.2347948E+01
   06  0.1190476E+01  0.1605432E+02  0.6296757E-02  0.2163477E-03  0.2347948E+01
   06  0.1202381E+01  0.1605432E+02  0.6690301E-02  0.2298751E-03  0.2347948E+01
   06  0.1214286E+01  0.1605432E+02  0.7083845E-02  0.2434034E-03  0.2347948E+01
   06  0.1226190E+01  0.1605432E+02  0.7477388E-02  0.2569326E-03  0.2347948E+01
   06  0.1238095E+01  0.1605432E+02  0.7870931E-02  0.2704627E-03  0.2347948E+01
   06  0.1250000E+01  0.1605432E+02  0.8264474E-02  0.2839937E-03  0.2347948E+01
   06  0.1261905E+01  0.1605432E+02  0.8658016E-02  0.2975257E-03  0.2347948E+01
   06  0.1273810E+01  0.1605432E+02  0.9051558E-02  0.3110586E-03  0.2347948E+01
   06  0.1285714E+01  0.1605432E+02  0.9445099E-02  0.3245926E-03  0.2347947E+01
   06  0.1297619E+01  0.1605432E+02  0.9838639E-02  0.3381277E-03  0.2347947E+01
   06  0.1309524E+01  0.1605432E+02  0.1023218E-01  0.3516638E-03  0.2347947E+01
   06  0.1321429E+01  0.1605432E+02  0.1062572E-01  0.3652010E-03  0.2347947E+01
   06  0.1333333E+01  0.1605432E+02  0.1101926E-01  0.3787394E-03  0.2347947E+01
   06  0.1345238E+01  0.1605432E+02  0.1141280E-01  0.3922789E-03  0.2347947E+01
   06  0.1357143E+01  0.1605432E+02  0.1180634E-01  0.4058195E-03  0.2347947E+01
   06  0.1369048E+01  0.1605432E+02  0.1219987E-01  0.4193614E-03  0.2347947E+01
   06  0.1380952E+01  0.1605432E+02  0.1259341E-01  0.4329045E-03  0.2347947E+01
   06  0.1392857E+01  0.1605432E+02  0.1298695E-01  0.4464489E-03  0.2347947E+01
   06  0.1404762E+01  0.1605432E+02  0.1338048E-01  0.4599946E-03  0.2347947E+01
   06  0.1416667E+01  0.1605432E+02  0.1377402E-01  0.4735416E-03  0.2347947E+01
   06  0.1428571E+01  0.1605432E+02  0.1416755E-01  0.4870899E-03  0.2347947E+01
   06  0.1476190E+01  0.1605432E+02  0.1574169E-01  0.5412906E-03  0.2347946E+01
   06  0.1523810E+01  0.1605432E+02  0.1731581E-01  0.5955150E-03  0.2347946E+01
   06  0.1571429E+01  0.1605432E+02  0.1888992E-01  0.6497649E-03  0.2347945E+01
   06  0.1619048E+01  0.1605432E+02  0.2046403E-01  0.7040420E-03  0.2347945E+01
   06  0.1666667E+01  0.1605432E+02  0.2203812E-01  0.7583481E-03  0.2347944E+01
   06  0.1714286E+01  0.1605432E+02  0.2361220E-01  0.8126848E-03  0.2347943E+01
   06  0.1761905E+01  0.1605431E+02  0.2518626E-01  0.8670540E-03  0.2347943E+01
   06  0.1809524E+01  0.1605431E+02  0.2676032E-01  0.9214574E-03  0.2347942E+01
   06  0.1857143E+01  0.1605431E+02  0.2833435E-01  0.9758967E-03  0.2347941E+01
   06  0.1904762E+01  0.1605431E+02  0.2990838E-01  0.1030374E-02  0.2347940E+01
   06  0.1952381E+01  0.1605431E+02  0.3148239E-01  0.1084890E-02  0.2347939E+01
