# gauge_id= 513 location=( -0.1247000000E+03  0.4170000000E+02 ) num_var=  4
# Stationary gauge
# level, time, q[  1  2  3], eta, aux[]
# file format ascii, time series follow in this file
   02  0.0000000E+00  0.0000000E+00  0.0000000E+00  0.0000000E+00  0.8264149E+03
   02  0.1000000E+01  0.0000000E+00  0.0000000E+00  0.0000000E+00  0.8286526E+03
   02  0.1142857E+01  0.0000000E+00  0.0000000E+00  0.0000000E+00  0.8286526E+03
   02  0.1285714E+01  0.0000000E+00  0.0000000E+00  0.0000000E+00  0.8286526E+03
   02  0.1428571E+01  0.0000000E+00  0.0000000E+00  0.0000000E+00  0.8286526E+03
   02  0.1571429E+01  0.0000000E+00  0.0000000E+00  0.0000000E+00  0.8286526E+03
   02  0.1714286E+01  0.0000000E+00  0.0000000E+00  0.0000000E+00  0.8286526E+03
   02  0.1857143E+01  0.0000000E+00  0.0000000E+00  0.0000000E+00  0.8286526E+03
