# gauge_id= 515 location=( -0.1251000000E+03  0.4170000000E+02 ) num_var=  4
# Stationary gauge
# level, time, q[  1  2  3], eta, aux[]
# file format ascii, time series follow in this file
   02  0.0000000E+00  0.1974486E+04  0.0000000E+00  0.0000000E+00  0.0000000E+00
   02  0.1000000E+01  0.1974486E+04 -0.2753501E-13  0.1109535E-12  0.2877975E+01
   02  0.1142857E+01  0.1974484E+04 -0.3864880E+00 -0.7896382E-01  0.2875977E+01
   02  0.1285714E+01  0.1974482E+04 -0.7718344E+00 -0.1579031E+00  0.2873978E+01
   02  0.1428571E+01  0.1974480E+04 -0.1156042E+01 -0.2368180E+00  0.2871980E+01
   02  0.1571429E+01  0.1974478E+04 -0.1539114E+01 -0.3157084E+00  0.2869981E+01
   02  0.1714286E+01  0.1974476E+04 -0.1921052E+01 -0.3945744E+00  0.2867983E+01
   02  0.1857143E+01  0.1974474E+04 -0.2301860E+01 -0.4734160E+00  0.2865986E+01
