# gauge_id= 602 location=( -0.1242122490E+03  0.4176223506E+02 ) num_var=  4
# Stationary gauge
# level, time, q[  1  2  3], eta, aux[]
# file format ascii, time series follow in this file
   06  0.0000000E+00  0.1472056E+02  0.0000000E+00  0.0000000E+00  0.0000000E+00
   06  0.1000000E+01  0.1472056E+02  0.4675906E-15  0.1214170E-14  0.2355467E+01
   06  0.1003968E+01  0.1472056E+02  0.1195323E-03  0.3959766E-05  0.2355467E+01
   06  0.1007937E+01  0.1472056E+02  0.2390647E-03  0.7919369E-05  0.2355467E+01
   06  0.1011905E+01  0.1472056E+02  0.3585971E-03  0.1187881E-04  0.2355467E+01
   06  0.1015873E+01  0.1472056E+02  0.4781296E-03  0.1583808E-04  0.2355467E+01
   06  0.1019841E+01  0.1472056E+02  0.5976622E-03  0.1979719E-04  0.2355467E+01
   06  0.1023810E+01  0.1472056E+02  0.7171949E-03  0.2375614E-04  0.2355467E+01
   06  0.1027778E+01  0.1472056E+02  0.8367276E-03  0.2771492E-04  0.2355467E+01
   06  0.1031746E+01  0.1472056E+02  0.9562604E-03  0.3167354E-04  0.2355467E+01
   06  0.1035714E+01  0.1472056E+02  0.1075793E-02  0.3563200E-04  0.2355467E+01
   06  0.1039683E+01  0.1472056E+02  0.1195326E-02  0.3959029E-04  0.2355467E+01
   06  0.1043651E+01  0.1472056E+02  0.1314859E-02  0.4354841E-04  0.2355467E+01
   06  0.1047619E+01  0.1472056E+02  0.1434392E-02  0.4750638E-04  0.2355467E+01
   06  0.1051587E+01  0.1472056E+02  0.1553925E-02  0.5146418E-04  0.2355467E+01
   06  0.1055556E+01  0.1472056E+02  0.1673458E-02  0.5542181E-04  0.2355467E+01
   06  0.1059524E+01  0.1472056E+02  0.1792992E-02  0.5937928E-04  0.2355467E+01
   06  0.1063492E+01  0.1472056E+02  0.1912525E-02  0.6333658E-04  0.2355467E+01
   06  0.1067460E+01  0.1472056E+02  0.2032058E-02  0.6729373E-04  0.2355467E+01
   06  0.1071429E+01  0.1472056E+02  0.2151592E-02  0.7125070E-04  0.2355467E+01
   06  0.1075397E+01  0.1472056E+02  0.2271126E-02  0.7520751E-04  0.2355467E+01
   06  0.1079365E+01  0.1472056E+02  0.2390659E-02  0.7916416E-04  0.2355467E+01
   06  0.1083333E+01  0.1472056E+02  0.2510193E-02  0.8312065E-04  0.2355467E+01
   06  0.1087302E+01  0.1472056E+02  0.2629727E-02  0.8707696E-04  0.2355467E+01
   06  0.1091270E+01  0.1472056E+02  0.2749260E-02  0.9103312E-04  0.2355467E+01
   06  0.1095238E+01  0.1472056E+02  0.2868794E-02  0.9498911E-04  0.2355467E+01
   06  0.1099206E+01  0.1472056E+02  0.2988328E-02  0.9894493E-04  0.2355467E+01
   06  0.1103175E+01  0.1472056E+02  0.3107862E-02  0.1029006E-03  0.2355467E+01
   06  0.1107143E+01  0.1472056E+02  0.3227396E-02  0.1068561E-03  0.2355467E+01
   06  0.1119048E+01  0.1472056E+02  0.3585999E-02  0.1187216E-03  0.2355467E+01
   06  0.1130952E+01  0.1472056E+02  0.3944603E-02  0.1305855E-03  0.2355467E+01
   06  0.1142857E+01  0.1472056E+02  0.4303207E-02  0.1424480E-03  0.2355467E+01
   06  0.1154762E+01  0.1472056E+02  0.4661812E-02  0.1543090E-03  0.2355467E+01
   06  0.1166667E+01  0.1472056E+02  0.5020418E-02  0.1661686E-03  0.2355467E+01
   06  0.1178571E+01  0.1472056E+02  0.5379024E-02  0.1780266E-03  0.2355467E+01
   06  0.1190476E+01  0.1472056E+02  0.5737631E-02  0.1898832E-03  0.2355467E+01
   06  0.1202381E+01  0.1472056E+02  0.6096239E-02  0.2017383E-03  0.2355467E+01
   06  0.1214286E+01  0.1472056E+02  0.6454848E-02  0.2135919E-03  0.2355467E+01
   06  0.1226190E+01  0.1472056E+02  0.6813457E-02  0.2254440E-03  0.2355467E+01
   06  0.1238095E+01  0.1472056E+02  0.7172067E-02  0.2372946E-03  0.2355467E+01
   06  0.1250000E+01  0.1472056E+02  0.7530678E-02  0.2491438E-03  0.2355467E+01
   06  0.1261905E+01  0.1472056E+02  0.7889289E-02  0.2609914E-03  0.2355467E+01
   06  0.1273810E+01  0.1472056E+02  0.8247902E-02  0.2728376E-03  0.2355467E+01
   06  0.1285714E+01  0.1472056E+02  0.8606515E-02  0.2846823E-03  0.2355467E+01
   06  0.1297619E+01  0.1472056E+02  0.8965129E-02  0.2965255E-03  0.2355467E+01
   06  0.1309524E+01  0.1472056E+02  0.9323743E-02  0.3083672E-03  0.2355467E+01
   06  0.1321429E+01  0.1472056E+02  0.9682359E-02  0.3202074E-03  0.2355467E+01
   06  0.1333333E+01  0.1472056E+02  0.1004098E-01  0.3320461E-03  0.2355467E+01
   06  0.1345238E+01  0.1472056E+02  0.1039959E-01  0.3438834E-03  0.2355467E+01
   06  0.1357143E+01  0.1472056E+02  0.1075821E-01  0.3557191E-03  0.2355467E+01
   06  0.1369048E+01  0.1472056E+02  0.1111683E-01  0.3675534E-03  0.2355467E+01
   06  0.1380952E+01  0.1472056E+02  0.1147545E-01  0.3793862E-03  0.2355467E+01
   06  0.1392857E+01  0.1472056E+02  0.1183407E-01  0.3912174E-03  0.2355467E+01
   06  0.1404762E+01  0.1472056E+02  0.1219269E-01  0.4030472E-03  0.2355466E+01
   06  0.1416667E+01  0.1472056E+02  0.1255131E-01  0.4148756E-03  0.2355466E+01
   06  0.1428571E+01  0.1472056E+02  0.1290994E-01  0.4267024E-03  0.2355466E+01
   06  0.1476190E+01  0.1472056E+02  0.1434444E-01  0.4739946E-03  0.2355466E+01
   06  0.1523810E+01  0.1472056E+02  0.1577895E-01  0.5212633E-03  0.2355466E+01
   06  0.1571429E+01  0.1472056E+02  0.1721348E-01  0.5685083E-03  0.2355466E+01
   06  0.1619048E+01  0.1472056E+02  0.1864803E-01  0.6157297E-03  0.2355466E+01
   06  0.1666667E+01  0.1472056E+02  0.2008259E-01  0.6629277E-03  0.2355465E+01
   06  0.1714286E+01  0.1472056E+02  0.2151717E-01  0.7101022E-03  0.2355465E+01
   06  0.1761905E+01  0.1472056E+02  0.2295176E-01  0.7572533E-03  0.2355465E+01
   06  0.1809524E+01  0.1472056E+02  0.2438638E-01  0.8043811E-03  0.2355464E+01
   06  0.1857143E+01  0.1472056E+02  0.2582100E-01  0.8514858E-03  0.2355464E+01
   06  0.1904762E+01  0.1472055E+02  0.2725565E-01  0.8985673E-03  0.2355464E+01
   06  0.1952381E+01  0.1472055E+02  0.2869031E-01  0.9456259E-03  0.2355463E+01
