# gauge_id= 506 location=( -0.1253000000E+03  0.4150000000E+02 ) num_var=  4
# Stationary gauge
# level, time, q[  1  2  3], eta, aux[]
# file format ascii, time series follow in this file
   02  0.0000000E+00  0.3126981E+04  0.0000000E+00  0.0000000E+00  0.0000000E+00
   02  0.1000000E+01  0.3126981E+04 -0.2358721E-13  0.5426062E-14  0.1683571E+00
   02  0.1142857E+01  0.3126982E+04 -0.1533284E+00 -0.1291460E-01  0.1693283E+00
   02  0.1285714E+01  0.3126983E+04 -0.3068806E+00 -0.2604753E-01  0.1703002E+00
   02  0.1428571E+01  0.3126984E+04 -0.4606550E+00 -0.3939805E-01  0.1712728E+00
   02  0.1571429E+01  0.3126985E+04 -0.6146497E+00 -0.5296541E-01  0.1722460E+00
   02  0.1714286E+01  0.3126986E+04 -0.7688633E+00 -0.6674891E-01  0.1732198E+00
   02  0.1857143E+01  0.3126987E+04 -0.9232946E+00 -0.8074785E-01  0.1741942E+00
