# gauge_id= 305 location=( -0.1241963333E+03  0.4175583333E+02 ) num_var=  4
# Stationary gauge
# level, time, q[  1  2  3], eta, aux[]
# file format ascii, time series follow in this file
   06  0.0000000E+00  0.6066836E+01  0.0000000E+00  0.0000000E+00  0.0000000E+00
   06  0.1000000E+01  0.6066836E+01  0.1575464E-15 -0.4112918E-15  0.2077408E+01
   06  0.1003968E+01  0.6066836E+01  0.5594547E-04  0.2270914E-05  0.2077408E+01
   06  0.1007937E+01  0.6066836E+01  0.1118911E-03  0.4541766E-05  0.2077408E+01
   06  0.1011905E+01  0.6066836E+01  0.1678367E-03  0.6812556E-05  0.2077408E+01
   06  0.1015873E+01  0.6066836E+01  0.2237826E-03  0.9083283E-05  0.2077408E+01
   06  0.1019841E+01  0.6066836E+01  0.2797285E-03  0.1135395E-04  0.2077408E+01
   06  0.1023810E+01  0.6066836E+01  0.3356745E-03  0.1362455E-04  0.2077408E+01
   06  0.1027778E+01  0.6066836E+01  0.3916206E-03  0.1589508E-04  0.2077408E+01
   06  0.1031746E+01  0.6066836E+01  0.4475669E-03  0.1816555E-04  0.2077408E+01
   06  0.1035714E+01  0.6066836E+01  0.5035133E-03  0.2043595E-04  0.2077408E+01
   06  0.1039683E+01  0.6066836E+01  0.5594597E-03  0.2270628E-04  0.2077408E+01
   06  0.1043651E+01  0.6066836E+01  0.6154063E-03  0.2497654E-04  0.2077408E+01
   06  0.1047619E+01  0.6066836E+01  0.6713530E-03  0.2724673E-04  0.2077408E+01
   06  0.1051587E+01  0.6066836E+01  0.7272998E-03  0.2951686E-04  0.2077408E+01
   06  0.1055556E+01  0.6066836E+01  0.7832467E-03  0.3178691E-04  0.2077408E+01
   06  0.1059524E+01  0.6066836E+01  0.8391937E-03  0.3405689E-04  0.2077408E+01
   06  0.1063492E+01  0.6066836E+01  0.8951408E-03  0.3632680E-04  0.2077408E+01
   06  0.1067460E+01  0.6066836E+01  0.9510880E-03  0.3859663E-04  0.2077408E+01
   06  0.1071429E+01  0.6066836E+01  0.1007035E-02  0.4086639E-04  0.2077408E+01
   06  0.1075397E+01  0.6066836E+01  0.1062983E-02  0.4313607E-04  0.2077408E+01
   06  0.1079365E+01  0.6066836E+01  0.1118930E-02  0.4540568E-04  0.2077408E+01
   06  0.1083333E+01  0.6066836E+01  0.1174878E-02  0.4767521E-04  0.2077408E+01
   06  0.1087302E+01  0.6066836E+01  0.1230826E-02  0.4994466E-04  0.2077408E+01
   06  0.1091270E+01  0.6066836E+01  0.1286773E-02  0.5221403E-04  0.2077408E+01
   06  0.1095238E+01  0.6066836E+01  0.1342721E-02  0.5448332E-04  0.2077408E+01
   06  0.1099206E+01  0.6066836E+01  0.1398669E-02  0.5675254E-04  0.2077408E+01
   06  0.1103175E+01  0.6066836E+01  0.1454617E-02  0.5902167E-04  0.2077408E+01
   06  0.1107143E+01  0.6066836E+01  0.1510566E-02  0.6129072E-04  0.2077408E+01
   06  0.1119048E+01  0.6066837E+01  0.1678410E-02  0.6809780E-04  0.2077408E+01
   06  0.1130952E+01  0.6066837E+01  0.1846256E-02  0.7490412E-04  0.2077408E+01
   06  0.1142857E+01  0.6066837E+01  0.2014102E-02  0.8170964E-04  0.2077408E+01
   06  0.1154762E+01  0.6066837E+01  0.2181949E-02  0.8851436E-04  0.2077408E+01
   06  0.1166667E+01  0.6066837E+01  0.2349797E-02  0.9531823E-04  0.2077408E+01
   06  0.1178571E+01  0.6066837E+01  0.2517646E-02  0.1021213E-03  0.2077408E+01
   06  0.1190476E+01  0.6066837E+01  0.2685496E-02  0.1089234E-03  0.2077408E+01
   06  0.1202381E+01  0.6066837E+01  0.2853346E-02  0.1157246E-03  0.2077408E+01
   06  0.1214286E+01  0.6066837E+01  0.3021197E-02  0.1225249E-03  0.2077408E+01
   06  0.1226190E+01  0.6066837E+01  0.3189048E-02  0.1293243E-03  0.2077408E+01
   06  0.1238095E+01  0.6066837E+01  0.3356901E-02  0.1361227E-03  0.2077408E+01
   06  0.1250000E+01  0.6066837E+01  0.3524754E-02  0.1429201E-03  0.2077408E+01
   06  0.1261905E+01  0.6066837E+01  0.3692608E-02  0.1497165E-03  0.2077408E+01
   06  0.1273810E+01  0.6066837E+01  0.3860462E-02  0.1565119E-03  0.2077409E+01
   06  0.1285714E+01  0.6066837E+01  0.4028317E-02  0.1633062E-03  0.2077409E+01
   06  0.1297619E+01  0.6066838E+01  0.4196173E-02  0.1700995E-03  0.2077409E+01
   06  0.1309524E+01  0.6066838E+01  0.4364029E-02  0.1768916E-03  0.2077409E+01
   06  0.1321429E+01  0.6066838E+01  0.4531886E-02  0.1836826E-03  0.2077409E+01
   06  0.1333333E+01  0.6066838E+01  0.4699743E-02  0.1904725E-03  0.2077409E+01
   06  0.1345238E+01  0.6066838E+01  0.4867601E-02  0.1972613E-03  0.2077409E+01
   06  0.1357143E+01  0.6066838E+01  0.5035459E-02  0.2040488E-03  0.2077409E+01
   06  0.1369048E+01  0.6066838E+01  0.5203318E-02  0.2108351E-03  0.2077409E+01
   06  0.1380952E+01  0.6066838E+01  0.5371177E-02  0.2176203E-03  0.2077410E+01
   06  0.1392857E+01  0.6066838E+01  0.5539037E-02  0.2244041E-03  0.2077410E+01
   06  0.1404762E+01  0.6066839E+01  0.5706897E-02  0.2311867E-03  0.2077410E+01
   06  0.1416667E+01  0.6066839E+01  0.5874758E-02  0.2379681E-03  0.2077410E+01
   06  0.1428571E+01  0.6066839E+01  0.6042619E-02  0.2447481E-03  0.2077410E+01
   06  0.1476190E+01  0.6066839E+01  0.6714057E-02  0.2718604E-03  0.2077411E+01
   06  0.1523810E+01  0.6066840E+01  0.7385501E-02  0.2989500E-03  0.2077411E+01
   06  0.1571429E+01  0.6066841E+01  0.8056948E-02  0.3260155E-03  0.2077412E+01
   06  0.1619048E+01  0.6066842E+01  0.8728398E-02  0.3530558E-03  0.2077413E+01
   06  0.1666667E+01  0.6066843E+01  0.9399849E-02  0.3800694E-03  0.2077414E+01
   06  0.1714286E+01  0.6066844E+01  0.1007130E-01  0.4070551E-03  0.2077415E+01
   06  0.1761905E+01  0.6066845E+01  0.1074275E-01  0.4340116E-03  0.2077416E+01
   06  0.1809524E+01  0.6066846E+01  0.1141420E-01  0.4609377E-03  0.2077417E+01
   06  0.1857143E+01  0.6066847E+01  0.1208564E-01  0.4878321E-03  0.2077418E+01
   06  0.1904762E+01  0.6066848E+01  0.1275708E-01  0.5146936E-03  0.2077420E+01
   06  0.1952381E+01  0.6066850E+01  0.1342851E-01  0.5415211E-03  0.2077421E+01
