# gauge_id= 205 location=( -0.1242068000E+03  0.4176000000E+02 ) num_var=  4
# Stationary gauge
# level, time, q[  1  2  3], eta, aux[]
# file format ascii, time series follow in this file
   06  0.0000000E+00  0.1565069E+02  0.0000000E+00  0.0000000E+00  0.0000000E+00
   06  0.1000000E+01  0.1565069E+02 -0.8464369E-15  0.6228500E-15  0.2262995E+01
   06  0.1003968E+01  0.1565069E+02  0.1264860E-03  0.4094542E-05  0.2262995E+01
   06  0.1007937E+01  0.1565069E+02  0.2529719E-03  0.8189069E-05  0.2262995E+01
   06  0.1011905E+01  0.1565069E+02  0.3794578E-03  0.1228358E-04  0.2262995E+01
   06  0.1015873E+01  0.1565069E+02  0.5059436E-03  0.1637807E-04  0.2262995E+01
   06  0.1019841E+01  0.1565069E+02  0.6324293E-03  0.2047255E-04  0.2262995E+01
   06  0.1023810E+01  0.1565069E+02  0.7589150E-03  0.2456701E-04  0.2262995E+01
   06  0.1027778E+01  0.1565069E+02  0.8854005E-03  0.2866146E-04  0.2262995E+01
   06  0.1031746E+01  0.1565069E+02  0.1011886E-02  0.3275588E-04  0.2262995E+01
   06  0.1035714E+01  0.1565069E+02  0.1138371E-02  0.3685029E-04  0.2262995E+01
   06  0.1039683E+01  0.1565069E+02  0.1264857E-02  0.4094469E-04  0.2262995E+01
   06  0.1043651E+01  0.1565069E+02  0.1391342E-02  0.4503906E-04  0.2262995E+01
   06  0.1047619E+01  0.1565069E+02  0.1517827E-02  0.4913342E-04  0.2262995E+01
   06  0.1051587E+01  0.1565069E+02  0.1644312E-02  0.5322776E-04  0.2262995E+01
   06  0.1055556E+01  0.1565069E+02  0.1770797E-02  0.5732208E-04  0.2262995E+01
   06  0.1059524E+01  0.1565069E+02  0.1897282E-02  0.6141639E-04  0.2262995E+01
   06  0.1063492E+01  0.1565069E+02  0.2023767E-02  0.6551068E-04  0.2262995E+01
   06  0.1067460E+01  0.1565069E+02  0.2150252E-02  0.6960495E-04  0.2262995E+01
   06  0.1071429E+01  0.1565069E+02  0.2276737E-02  0.7369920E-04  0.2262995E+01
   06  0.1075397E+01  0.1565069E+02  0.2403221E-02  0.7779343E-04  0.2262995E+01
   06  0.1079365E+01  0.1565069E+02  0.2529706E-02  0.8188764E-04  0.2262995E+01
   06  0.1083333E+01  0.1565069E+02  0.2656190E-02  0.8598184E-04  0.2262995E+01
   06  0.1087302E+01  0.1565069E+02  0.2782675E-02  0.9007602E-04  0.2262995E+01
   06  0.1091270E+01  0.1565069E+02  0.2909159E-02  0.9417018E-04  0.2262995E+01
   06  0.1095238E+01  0.1565069E+02  0.3035643E-02  0.9826432E-04  0.2262995E+01
   06  0.1099206E+01  0.1565069E+02  0.3162127E-02  0.1023584E-03  0.2262995E+01
   06  0.1103175E+01  0.1565069E+02  0.3288611E-02  0.1064525E-03  0.2262995E+01
   06  0.1107143E+01  0.1565069E+02  0.3415095E-02  0.1105466E-03  0.2262995E+01
   06  0.1119048E+01  0.1565069E+02  0.3794546E-02  0.1228288E-03  0.2262995E+01
   06  0.1130952E+01  0.1565069E+02  0.4173996E-02  0.1351108E-03  0.2262995E+01
   06  0.1142857E+01  0.1565069E+02  0.4553446E-02  0.1473927E-03  0.2262995E+01
   06  0.1154762E+01  0.1565069E+02  0.4932894E-02  0.1596743E-03  0.2262995E+01
   06  0.1166667E+01  0.1565069E+02  0.5312342E-02  0.1719557E-03  0.2262995E+01
   06  0.1178571E+01  0.1565069E+02  0.5691788E-02  0.1842370E-03  0.2262995E+01
   06  0.1190476E+01  0.1565069E+02  0.6071234E-02  0.1965181E-03  0.2262995E+01
   06  0.1202381E+01  0.1565069E+02  0.6450678E-02  0.2087989E-03  0.2262995E+01
   06  0.1214286E+01  0.1565069E+02  0.6830122E-02  0.2210796E-03  0.2262995E+01
   06  0.1226190E+01  0.1565069E+02  0.7209564E-02  0.2333600E-03  0.2262995E+01
   06  0.1238095E+01  0.1565069E+02  0.7589005E-02  0.2456402E-03  0.2262995E+01
   06  0.1250000E+01  0.1565069E+02  0.7968445E-02  0.2579202E-03  0.2262995E+01
   06  0.1261905E+01  0.1565069E+02  0.8347884E-02  0.2702000E-03  0.2262995E+01
   06  0.1273810E+01  0.1565069E+02  0.8727322E-02  0.2824796E-03  0.2262995E+01
   06  0.1285714E+01  0.1565069E+02  0.9106758E-02  0.2947589E-03  0.2262995E+01
   06  0.1297619E+01  0.1565069E+02  0.9486194E-02  0.3070380E-03  0.2262995E+01
   06  0.1309524E+01  0.1565069E+02  0.9865628E-02  0.3193169E-03  0.2262995E+01
   06  0.1321429E+01  0.1565069E+02  0.1024506E-01  0.3315955E-03  0.2262995E+01
   06  0.1333333E+01  0.1565069E+02  0.1062449E-01  0.3438739E-03  0.2262995E+01
   06  0.1345238E+01  0.1565069E+02  0.1100392E-01  0.3561521E-03  0.2262995E+01
   06  0.1357143E+01  0.1565069E+02  0.1138335E-01  0.3684300E-03  0.2262995E+01
   06  0.1369048E+01  0.1565069E+02  0.1176278E-01  0.3807076E-03  0.2262995E+01
   06  0.1380952E+01  0.1565069E+02  0.1214220E-01  0.3929850E-03  0.2262995E+01
   06  0.1392857E+01  0.1565069E+02  0.1252163E-01  0.4052621E-03  0.2262995E+01
   06  0.1404762E+01  0.1565069E+02  0.1290105E-01  0.4175390E-03  0.2262995E+01
   06  0.1416667E+01  0.1565069E+02  0.1328047E-01  0.4298156E-03  0.2262995E+01
   06  0.1428571E+01  0.1565069E+02  0.1365989E-01  0.4420919E-03  0.2262995E+01
   06  0.1476190E+01  0.1565069E+02  0.1517756E-01  0.4911952E-03  0.2262995E+01
   06  0.1523810E+01  0.1565069E+02  0.1669520E-01  0.5402938E-03  0.2262995E+01
   06  0.1571429E+01  0.1565069E+02  0.1821281E-01  0.5893874E-03  0.2262995E+01
   06  0.1619048E+01  0.1565069E+02  0.1973040E-01  0.6384757E-03  0.2262995E+01
   06  0.1666667E+01  0.1565069E+02  0.2124795E-01  0.6875586E-03  0.2262995E+01
   06  0.1714286E+01  0.1565069E+02  0.2276547E-01  0.7366357E-03  0.2262996E+01
   06  0.1761905E+01  0.1565069E+02  0.2428296E-01  0.7857067E-03  0.2262996E+01
   06  0.1809524E+01  0.1565069E+02  0.2580041E-01  0.8347716E-03  0.2262996E+01
   06  0.1857143E+01  0.1565069E+02  0.2731783E-01  0.8838298E-03  0.2262996E+01
   06  0.1904762E+01  0.1565069E+02  0.2883521E-01  0.9328813E-03  0.2262996E+01
   06  0.1952381E+01  0.1565069E+02  0.3035255E-01  0.9819257E-03  0.2262997E+01
