# gauge_id= 604 location=( -0.1242128051E+03  0.4175523626E+02 ) num_var=  4
# Stationary gauge
# level, time, q[  1  2  3], eta, aux[]
# file format ascii, time series follow in this file
   06  0.0000000E+00  0.1519521E+02  0.0000000E+00  0.0000000E+00  0.0000000E+00
   06  0.1000000E+01  0.1519521E+02 -0.3756052E-15  0.4522956E-15  0.2369021E+01
   06  0.1003968E+01  0.1519521E+02  0.1216972E-03  0.2941869E-05  0.2369021E+01
   06  0.1007937E+01  0.1519521E+02  0.2433962E-03  0.5883121E-05  0.2369021E+01
   06  0.1011905E+01  0.1519521E+02  0.3650969E-03  0.8823755E-05  0.2369021E+01
   06  0.1015873E+01  0.1519521E+02  0.4867996E-03  0.1176377E-04  0.2369021E+01
   06  0.1019841E+01  0.1519521E+02  0.6085040E-03  0.1470317E-04  0.2369021E+01
   06  0.1023810E+01  0.1519521E+02  0.7302102E-03  0.1764194E-04  0.2369022E+01
   06  0.1027778E+01  0.1519521E+02  0.8519183E-03  0.2058009E-04  0.2369022E+01
   06  0.1031746E+01  0.1519521E+02  0.9736282E-03  0.2351762E-04  0.2369022E+01
   06  0.1035714E+01  0.1519521E+02  0.1095340E-02  0.2645452E-04  0.2369022E+01
   06  0.1039683E+01  0.1519521E+02  0.1217053E-02  0.2939080E-04  0.2369022E+01
   06  0.1043651E+01  0.1519521E+02  0.1338769E-02  0.3232645E-04  0.2369022E+01
   06  0.1047619E+01  0.1519521E+02  0.1460486E-02  0.3526148E-04  0.2369022E+01
   06  0.1051587E+01  0.1519521E+02  0.1582205E-02  0.3819587E-04  0.2369022E+01
   06  0.1055556E+01  0.1519521E+02  0.1703926E-02  0.4112964E-04  0.2369022E+01
   06  0.1059524E+01  0.1519521E+02  0.1825649E-02  0.4406278E-04  0.2369022E+01
   06  0.1063492E+01  0.1519521E+02  0.1947374E-02  0.4699528E-04  0.2369022E+01
   06  0.1067460E+01  0.1519521E+02  0.2069100E-02  0.4992715E-04  0.2369022E+01
   06  0.1071429E+01  0.1519521E+02  0.2190829E-02  0.5285839E-04  0.2369022E+01
   06  0.1075397E+01  0.1519521E+02  0.2312559E-02  0.5578899E-04  0.2369022E+01
   06  0.1079365E+01  0.1519521E+02  0.2434291E-02  0.5871895E-04  0.2369022E+01
   06  0.1083333E+01  0.1519521E+02  0.2556025E-02  0.6164828E-04  0.2369022E+01
   06  0.1087302E+01  0.1519521E+02  0.2677761E-02  0.6457697E-04  0.2369022E+01
   06  0.1091270E+01  0.1519521E+02  0.2799499E-02  0.6750503E-04  0.2369022E+01
   06  0.1095238E+01  0.1519521E+02  0.2921238E-02  0.7043244E-04  0.2369023E+01
   06  0.1099206E+01  0.1519521E+02  0.3042980E-02  0.7335921E-04  0.2369023E+01
   06  0.1103175E+01  0.1519521E+02  0.3164723E-02  0.7628534E-04  0.2369023E+01
   06  0.1107143E+01  0.1519521E+02  0.3286469E-02  0.7921083E-04  0.2369023E+01
   06  0.1119048E+01  0.1519521E+02  0.3651714E-02  0.8798388E-04  0.2369023E+01
   06  0.1130952E+01  0.1519521E+02  0.4016976E-02  0.9675110E-04  0.2369023E+01
   06  0.1142857E+01  0.1519521E+02  0.4382256E-02  0.1055125E-03  0.2369023E+01
   06  0.1154762E+01  0.1519521E+02  0.4747553E-02  0.1142680E-03  0.2369023E+01
   06  0.1166667E+01  0.1519521E+02  0.5112868E-02  0.1230176E-03  0.2369023E+01
   06  0.1178571E+01  0.1519521E+02  0.5478200E-02  0.1317613E-03  0.2369024E+01
   06  0.1190476E+01  0.1519521E+02  0.5843550E-02  0.1404991E-03  0.2369024E+01
   06  0.1202381E+01  0.1519521E+02  0.6208918E-02  0.1492309E-03  0.2369024E+01
   06  0.1214286E+01  0.1519521E+02  0.6574304E-02  0.1579568E-03  0.2369024E+01
   06  0.1226190E+01  0.1519521E+02  0.6939708E-02  0.1666766E-03  0.2369024E+01
   06  0.1238095E+01  0.1519521E+02  0.7305129E-02  0.1753905E-03  0.2369024E+01
   06  0.1250000E+01  0.1519521E+02  0.7670569E-02  0.1840983E-03  0.2369025E+01
   06  0.1261905E+01  0.1519521E+02  0.8036028E-02  0.1928000E-03  0.2369025E+01
   06  0.1273810E+01  0.1519521E+02  0.8401504E-02  0.2014957E-03  0.2369025E+01
   06  0.1285714E+01  0.1519521E+02  0.8766999E-02  0.2101853E-03  0.2369025E+01
   06  0.1297619E+01  0.1519521E+02  0.9132513E-02  0.2188688E-03  0.2369025E+01
   06  0.1309524E+01  0.1519521E+02  0.9498045E-02  0.2275462E-03  0.2369025E+01
   06  0.1321429E+01  0.1519521E+02  0.9863595E-02  0.2362174E-03  0.2369025E+01
   06  0.1333333E+01  0.1519521E+02  0.1022916E-01  0.2448825E-03  0.2369026E+01
   06  0.1345238E+01  0.1519521E+02  0.1059475E-01  0.2535414E-03  0.2369026E+01
   06  0.1357143E+01  0.1519521E+02  0.1096036E-01  0.2621942E-03  0.2369026E+01
   06  0.1369048E+01  0.1519521E+02  0.1132599E-01  0.2708408E-03  0.2369026E+01
   06  0.1380952E+01  0.1519521E+02  0.1169163E-01  0.2794812E-03  0.2369026E+01
   06  0.1392857E+01  0.1519522E+02  0.1205730E-01  0.2881153E-03  0.2369026E+01
   06  0.1404762E+01  0.1519522E+02  0.1242298E-01  0.2967433E-03  0.2369026E+01
   06  0.1416667E+01  0.1519522E+02  0.1278868E-01  0.3053650E-03  0.2369026E+01
   06  0.1428571E+01  0.1519522E+02  0.1315441E-01  0.3139805E-03  0.2369027E+01
   06  0.1476190E+01  0.1519522E+02  0.1461745E-01  0.3483861E-03  0.2369027E+01
   06  0.1523810E+01  0.1519522E+02  0.1608080E-01  0.3826911E-03  0.2369028E+01
   06  0.1571429E+01  0.1519522E+02  0.1754448E-01  0.4168949E-03  0.2369028E+01
   06  0.1619048E+01  0.1519522E+02  0.1900848E-01  0.4509975E-03  0.2369028E+01
   06  0.1666667E+01  0.1519522E+02  0.2047281E-01  0.4849988E-03  0.2369029E+01
   06  0.1714286E+01  0.1519522E+02  0.2193747E-01  0.5188988E-03  0.2369029E+01
   06  0.1761905E+01  0.1519522E+02  0.2340246E-01  0.5526978E-03  0.2369029E+01
   06  0.1809524E+01  0.1519522E+02  0.2486780E-01  0.5863961E-03  0.2369030E+01
   06  0.1857143E+01  0.1519522E+02  0.2633348E-01  0.6199942E-03  0.2369030E+01
   06  0.1904762E+01  0.1519522E+02  0.2779951E-01  0.6534928E-03  0.2369030E+01
   06  0.1952381E+01  0.1519522E+02  0.2926588E-01  0.6868926E-03  0.2369031E+01
