# gauge_id= 204 location=( -0.1242016000E+03  0.4175375000E+02 ) num_var=  4
# Stationary gauge
# level, time, q[  1  2  3], eta, aux[]
# file format ascii, time series follow in this file
   06  0.0000000E+00  0.6801339E+01  0.0000000E+00  0.0000000E+00  0.0000000E+00
   06  0.1000000E+01  0.6801339E+01  0.2512107E-15 -0.1728428E-15  0.2179185E+01
   06  0.1003968E+01  0.6801339E+01  0.5539805E-04  0.2181165E-05  0.2179185E+01
   06  0.1007937E+01  0.6801339E+01  0.1107972E-03  0.4362853E-05  0.2179185E+01
   06  0.1011905E+01  0.6801339E+01  0.1661976E-03  0.6545067E-05  0.2179185E+01
   06  0.1015873E+01  0.6801339E+01  0.2215991E-03  0.8727811E-05  0.2179185E+01
   06  0.1019841E+01  0.6801339E+01  0.2770017E-03  0.1091109E-04  0.2179185E+01
   06  0.1023810E+01  0.6801339E+01  0.3324055E-03  0.1309490E-04  0.2179185E+01
   06  0.1027778E+01  0.6801339E+01  0.3878105E-03  0.1527926E-04  0.2179185E+01
   06  0.1031746E+01  0.6801339E+01  0.4432166E-03  0.1746416E-04  0.2179185E+01
   06  0.1035714E+01  0.6801339E+01  0.4986239E-03  0.1964961E-04  0.2179185E+01
   06  0.1039683E+01  0.6801340E+01  0.5540324E-03  0.2183561E-04  0.2179186E+01
   06  0.1043651E+01  0.6801340E+01  0.6094421E-03  0.2402216E-04  0.2179186E+01
   06  0.1047619E+01  0.6801340E+01  0.6648529E-03  0.2620927E-04  0.2179186E+01
   06  0.1051587E+01  0.6801340E+01  0.7202649E-03  0.2839695E-04  0.2179186E+01
   06  0.1055556E+01  0.6801340E+01  0.7756782E-03  0.3058519E-04  0.2179186E+01
   06  0.1059524E+01  0.6801340E+01  0.8310926E-03  0.3277400E-04  0.2179186E+01
   06  0.1063492E+01  0.6801340E+01  0.8865082E-03  0.3496339E-04  0.2179186E+01
   06  0.1067460E+01  0.6801340E+01  0.9419251E-03  0.3715335E-04  0.2179186E+01
   06  0.1071429E+01  0.6801340E+01  0.9973431E-03  0.3934389E-04  0.2179186E+01
   06  0.1075397E+01  0.6801340E+01  0.1052762E-02  0.4153501E-04  0.2179186E+01
   06  0.1079365E+01  0.6801340E+01  0.1108183E-02  0.4372673E-04  0.2179186E+01
   06  0.1083333E+01  0.6801340E+01  0.1163605E-02  0.4591903E-04  0.2179186E+01
   06  0.1087302E+01  0.6801340E+01  0.1219027E-02  0.4811193E-04  0.2179186E+01
   06  0.1091270E+01  0.6801341E+01  0.1274452E-02  0.5030542E-04  0.2179187E+01
   06  0.1095238E+01  0.6801341E+01  0.1329877E-02  0.5249952E-04  0.2179187E+01
   06  0.1099206E+01  0.6801341E+01  0.1385304E-02  0.5469423E-04  0.2179187E+01
   06  0.1103175E+01  0.6801341E+01  0.1440732E-02  0.5688954E-04  0.2179187E+01
   06  0.1107143E+01  0.6801341E+01  0.1496161E-02  0.5908546E-04  0.2179187E+01
   06  0.1119048E+01  0.6801341E+01  0.1662455E-02  0.6567519E-04  0.2179187E+01
   06  0.1130952E+01  0.6801341E+01  0.1828760E-02  0.7227056E-04  0.2179187E+01
   06  0.1142857E+01  0.6801342E+01  0.1995077E-02  0.7887165E-04  0.2179188E+01
   06  0.1154762E+01  0.6801342E+01  0.2161405E-02  0.8547856E-04  0.2179188E+01
   06  0.1166667E+01  0.6801342E+01  0.2327745E-02  0.9209139E-04  0.2179188E+01
   06  0.1178571E+01  0.6801342E+01  0.2494097E-02  0.9871024E-04  0.2179188E+01
   06  0.1190476E+01  0.6801343E+01  0.2660461E-02  0.1053352E-03  0.2179189E+01
   06  0.1202381E+01  0.6801343E+01  0.2826837E-02  0.1119663E-03  0.2179189E+01
   06  0.1214286E+01  0.6801343E+01  0.2993226E-02  0.1186038E-03  0.2179189E+01
   06  0.1226190E+01  0.6801343E+01  0.3159626E-02  0.1252476E-03  0.2179189E+01
   06  0.1238095E+01  0.6801344E+01  0.3326039E-02  0.1318980E-03  0.2179190E+01
   06  0.1250000E+01  0.6801344E+01  0.3492464E-02  0.1385549E-03  0.2179190E+01
   06  0.1261905E+01  0.6801344E+01  0.3658902E-02  0.1452184E-03  0.2179190E+01
   06  0.1273810E+01  0.6801344E+01  0.3825353E-02  0.1518888E-03  0.2179190E+01
   06  0.1285714E+01  0.6801345E+01  0.3991817E-02  0.1585659E-03  0.2179191E+01
   06  0.1297619E+01  0.6801345E+01  0.4158293E-02  0.1652501E-03  0.2179191E+01
   06  0.1309524E+01  0.6801345E+01  0.4324783E-02  0.1719412E-03  0.2179191E+01
   06  0.1321429E+01  0.6801345E+01  0.4491286E-02  0.1786395E-03  0.2179191E+01
   06  0.1333333E+01  0.6801346E+01  0.4657802E-02  0.1853450E-03  0.2179192E+01
   06  0.1345238E+01  0.6801346E+01  0.4824331E-02  0.1920578E-03  0.2179192E+01
   06  0.1357143E+01  0.6801346E+01  0.4990874E-02  0.1987780E-03  0.2179192E+01
   06  0.1369048E+01  0.6801347E+01  0.5157431E-02  0.2055057E-03  0.2179193E+01
   06  0.1380952E+01  0.6801347E+01  0.5324001E-02  0.2122410E-03  0.2179193E+01
   06  0.1392857E+01  0.6801347E+01  0.5490585E-02  0.2189840E-03  0.2179193E+01
   06  0.1404762E+01  0.6801348E+01  0.5657183E-02  0.2257347E-03  0.2179194E+01
   06  0.1416667E+01  0.6801348E+01  0.5823795E-02  0.2324932E-03  0.2179194E+01
   06  0.1428571E+01  0.6801348E+01  0.5990421E-02  0.2392597E-03  0.2179194E+01
   06  0.1476190E+01  0.6801349E+01  0.6657052E-02  0.2663755E-03  0.2179195E+01
   06  0.1523810E+01  0.6801351E+01  0.7323918E-02  0.2936249E-03  0.2179197E+01
   06  0.1571429E+01  0.6801352E+01  0.7991027E-02  0.3210134E-03  0.2179198E+01
   06  0.1619048E+01  0.6801354E+01  0.8658383E-02  0.3485467E-03  0.2179200E+01
   06  0.1666667E+01  0.6801355E+01  0.9325995E-02  0.3762300E-03  0.2179201E+01
   06  0.1714286E+01  0.6801357E+01  0.9993868E-02  0.4040689E-03  0.2179203E+01
   06  0.1761905E+01  0.6801358E+01  0.1066201E-01  0.4320685E-03  0.2179204E+01
   06  0.1809524E+01  0.6801360E+01  0.1133043E-01  0.4602341E-03  0.2179206E+01
   06  0.1857143E+01  0.6801361E+01  0.1199912E-01  0.4885708E-03  0.2179207E+01
   06  0.1904762E+01  0.6801363E+01  0.1266811E-01  0.5170838E-03  0.2179209E+01
   06  0.1952381E+01  0.6801365E+01  0.1333738E-01  0.5457780E-03  0.2179211E+01
