# gauge_id= 601 location=( -0.1242093003E+03  0.4175447275E+02 ) num_var=  4
# Stationary gauge
# level, time, q[  1  2  3], eta, aux[]
# file format ascii, time series follow in this file
   06  0.0000000E+00  0.1471186E+02  0.0000000E+00  0.0000000E+00  0.0000000E+00
   06  0.1000000E+01  0.1471186E+02  0.1342859E-15  0.1397330E-14  0.2309725E+01
   06  0.1003968E+01  0.1471186E+02  0.1178559E-03  0.3428331E-05  0.2309725E+01
   06  0.1007937E+01  0.1471186E+02  0.2357120E-03  0.6856784E-05  0.2309725E+01
   06  0.1011905E+01  0.1471186E+02  0.3535683E-03  0.1028536E-04  0.2309725E+01
   06  0.1015873E+01  0.1471186E+02  0.4714249E-03  0.1371406E-04  0.2309725E+01
   06  0.1019841E+01  0.1471186E+02  0.5892817E-03  0.1714287E-04  0.2309725E+01
   06  0.1023810E+01  0.1471186E+02  0.7071388E-03  0.2057181E-04  0.2309725E+01
   06  0.1027778E+01  0.1471186E+02  0.8249961E-03  0.2400087E-04  0.2309725E+01
   06  0.1031746E+01  0.1471186E+02  0.9428536E-03  0.2743004E-04  0.2309725E+01
   06  0.1035714E+01  0.1471186E+02  0.1060711E-02  0.3085934E-04  0.2309725E+01
   06  0.1039683E+01  0.1471186E+02  0.1178569E-02  0.3428875E-04  0.2309725E+01
   06  0.1043651E+01  0.1471186E+02  0.1296427E-02  0.3771828E-04  0.2309725E+01
   06  0.1047619E+01  0.1471186E+02  0.1414286E-02  0.4114793E-04  0.2309725E+01
   06  0.1051587E+01  0.1471186E+02  0.1532144E-02  0.4457769E-04  0.2309725E+01
   06  0.1055556E+01  0.1471186E+02  0.1650003E-02  0.4800757E-04  0.2309725E+01
   06  0.1059524E+01  0.1471186E+02  0.1767862E-02  0.5143757E-04  0.2309725E+01
   06  0.1063492E+01  0.1471186E+02  0.1885722E-02  0.5486768E-04  0.2309725E+01
   06  0.1067460E+01  0.1471186E+02  0.2003581E-02  0.5829790E-04  0.2309725E+01
   06  0.1071429E+01  0.1471186E+02  0.2121441E-02  0.6172823E-04  0.2309725E+01
   06  0.1075397E+01  0.1471186E+02  0.2239301E-02  0.6515868E-04  0.2309725E+01
   06  0.1079365E+01  0.1471186E+02  0.2357161E-02  0.6858924E-04  0.2309725E+01
   06  0.1083333E+01  0.1471186E+02  0.2475021E-02  0.7201991E-04  0.2309725E+01
   06  0.1087302E+01  0.1471186E+02  0.2592882E-02  0.7545069E-04  0.2309725E+01
   06  0.1091270E+01  0.1471186E+02  0.2710743E-02  0.7888159E-04  0.2309725E+01
   06  0.1095238E+01  0.1471186E+02  0.2828604E-02  0.8231259E-04  0.2309725E+01
   06  0.1099206E+01  0.1471186E+02  0.2946465E-02  0.8574370E-04  0.2309725E+01
   06  0.1103175E+01  0.1471186E+02  0.3064327E-02  0.8917492E-04  0.2309725E+01
   06  0.1107143E+01  0.1471186E+02  0.3182188E-02  0.9260625E-04  0.2309725E+01
   06  0.1119048E+01  0.1471186E+02  0.3535774E-02  0.1029010E-03  0.2309725E+01
   06  0.1130952E+01  0.1471186E+02  0.3889361E-02  0.1131967E-03  0.2309725E+01
   06  0.1142857E+01  0.1471186E+02  0.4242949E-02  0.1234933E-03  0.2309725E+01
   06  0.1154762E+01  0.1471186E+02  0.4596540E-02  0.1337908E-03  0.2309725E+01
   06  0.1166667E+01  0.1471186E+02  0.4950133E-02  0.1440893E-03  0.2309725E+01
   06  0.1178571E+01  0.1471186E+02  0.5303727E-02  0.1543886E-03  0.2309725E+01
   06  0.1190476E+01  0.1471186E+02  0.5657323E-02  0.1646888E-03  0.2309725E+01
   06  0.1202381E+01  0.1471186E+02  0.6010921E-02  0.1749898E-03  0.2309725E+01
   06  0.1214286E+01  0.1471186E+02  0.6364521E-02  0.1852917E-03  0.2309725E+01
   06  0.1226190E+01  0.1471186E+02  0.6718122E-02  0.1955944E-03  0.2309725E+01
   06  0.1238095E+01  0.1471186E+02  0.7071725E-02  0.2058978E-03  0.2309725E+01
   06  0.1250000E+01  0.1471186E+02  0.7425330E-02  0.2162021E-03  0.2309725E+01
   06  0.1261905E+01  0.1471186E+02  0.7778936E-02  0.2265071E-03  0.2309725E+01
   06  0.1273810E+01  0.1471186E+02  0.8132544E-02  0.2368128E-03  0.2309725E+01
   06  0.1285714E+01  0.1471186E+02  0.8486153E-02  0.2471193E-03  0.2309725E+01
   06  0.1297619E+01  0.1471186E+02  0.8839764E-02  0.2574265E-03  0.2309725E+01
   06  0.1309524E+01  0.1471186E+02  0.9193377E-02  0.2677343E-03  0.2309725E+01
   06  0.1321429E+01  0.1471186E+02  0.9546991E-02  0.2780428E-03  0.2309725E+01
   06  0.1333333E+01  0.1471186E+02  0.9900606E-02  0.2883520E-03  0.2309725E+01
   06  0.1345238E+01  0.1471186E+02  0.1025422E-01  0.2986618E-03  0.2309725E+01
   06  0.1357143E+01  0.1471186E+02  0.1060784E-01  0.3089722E-03  0.2309725E+01
   06  0.1369048E+01  0.1471186E+02  0.1096146E-01  0.3192832E-03  0.2309725E+01
   06  0.1380952E+01  0.1471186E+02  0.1131508E-01  0.3295947E-03  0.2309725E+01
   06  0.1392857E+01  0.1471186E+02  0.1166871E-01  0.3399068E-03  0.2309725E+01
   06  0.1404762E+01  0.1471186E+02  0.1202233E-01  0.3502194E-03  0.2309725E+01
   06  0.1416667E+01  0.1471186E+02  0.1237595E-01  0.3605326E-03  0.2309725E+01
   06  0.1428571E+01  0.1471186E+02  0.1272958E-01  0.3708462E-03  0.2309725E+01
   06  0.1476190E+01  0.1471186E+02  0.1414408E-01  0.4121075E-03  0.2309725E+01
   06  0.1523810E+01  0.1471186E+02  0.1555860E-01  0.4533752E-03  0.2309725E+01
   06  0.1571429E+01  0.1471186E+02  0.1697314E-01  0.4946480E-03  0.2309725E+01
   06  0.1619048E+01  0.1471186E+02  0.1838769E-01  0.5359246E-03  0.2309724E+01
   06  0.1666667E+01  0.1471186E+02  0.1980226E-01  0.5772035E-03  0.2309724E+01
   06  0.1714286E+01  0.1471186E+02  0.2121684E-01  0.6184833E-03  0.2309724E+01
   06  0.1761905E+01  0.1471186E+02  0.2263143E-01  0.6597625E-03  0.2309724E+01
   06  0.1809524E+01  0.1471186E+02  0.2404604E-01  0.7010397E-03  0.2309724E+01
   06  0.1857143E+01  0.1471186E+02  0.2546065E-01  0.7423134E-03  0.2309724E+01
   06  0.1904762E+01  0.1471186E+02  0.2687527E-01  0.7835820E-03  0.2309724E+01
   06  0.1952381E+01  0.1471186E+02  0.2828989E-01  0.8248441E-03  0.2309724E+01
