# gauge_id= 613 location=( -0.1242110343E+03  0.4176499358E+02 ) num_var=  4
# Stationary gauge
# level, time, q[  1  2  3], eta, aux[]
# file format ascii, time series follow in this file
   06  0.0000000E+00  0.1560618E+02  0.0000000E+00  0.0000000E+00  0.0000000E+00
   06  0.1000000E+01  0.1560618E+02  0.2367942E-14 -0.1387562E-14  0.2332182E+01
   06  0.1003968E+01  0.1560618E+02  0.1272625E-03  0.4527007E-05  0.2332182E+01
   06  0.1007937E+01  0.1560618E+02  0.2545248E-03  0.9054009E-05  0.2332182E+01
   06  0.1011905E+01  0.1560618E+02  0.3817869E-03  0.1358100E-04  0.2332182E+01
   06  0.1015873E+01  0.1560618E+02  0.5090488E-03  0.1810799E-04  0.2332182E+01
   06  0.1019841E+01  0.1560618E+02  0.6363105E-03  0.2263497E-04  0.2332182E+01
   06  0.1023810E+01  0.1560618E+02  0.7635720E-03  0.2716193E-04  0.2332182E+01
   06  0.1027778E+01  0.1560618E+02  0.8908333E-03  0.3168889E-04  0.2332182E+01
   06  0.1031746E+01  0.1560618E+02  0.1018094E-02  0.3621583E-04  0.2332182E+01
   06  0.1035714E+01  0.1560618E+02  0.1145355E-02  0.4074276E-04  0.2332182E+01
   06  0.1039683E+01  0.1560618E+02  0.1272616E-02  0.4526967E-04  0.2332182E+01
   06  0.1043651E+01  0.1560618E+02  0.1399877E-02  0.4979656E-04  0.2332182E+01
   06  0.1047619E+01  0.1560618E+02  0.1527137E-02  0.5432344E-04  0.2332182E+01
   06  0.1051587E+01  0.1560618E+02  0.1654397E-02  0.5885029E-04  0.2332182E+01
   06  0.1055556E+01  0.1560618E+02  0.1781657E-02  0.6337713E-04  0.2332182E+01
   06  0.1059524E+01  0.1560618E+02  0.1908917E-02  0.6790394E-04  0.2332182E+01
   06  0.1063492E+01  0.1560618E+02  0.2036176E-02  0.7243074E-04  0.2332182E+01
   06  0.1067460E+01  0.1560618E+02  0.2163435E-02  0.7695750E-04  0.2332182E+01
   06  0.1071429E+01  0.1560618E+02  0.2290694E-02  0.8148424E-04  0.2332182E+01
   06  0.1075397E+01  0.1560618E+02  0.2417953E-02  0.8601096E-04  0.2332182E+01
   06  0.1079365E+01  0.1560618E+02  0.2545212E-02  0.9053764E-04  0.2332182E+01
   06  0.1083333E+01  0.1560618E+02  0.2672470E-02  0.9506430E-04  0.2332182E+01
   06  0.1087302E+01  0.1560618E+02  0.2799728E-02  0.9959092E-04  0.2332182E+01
   06  0.1091270E+01  0.1560618E+02  0.2926986E-02  0.1041175E-03  0.2332182E+01
   06  0.1095238E+01  0.1560618E+02  0.3054244E-02  0.1086441E-03  0.2332182E+01
   06  0.1099206E+01  0.1560618E+02  0.3181501E-02  0.1131706E-03  0.2332182E+01
   06  0.1103175E+01  0.1560618E+02  0.3308758E-02  0.1176971E-03  0.2332182E+01
   06  0.1107143E+01  0.1560618E+02  0.3436015E-02  0.1222236E-03  0.2332182E+01
   06  0.1119048E+01  0.1560618E+02  0.3817785E-02  0.1358031E-03  0.2332182E+01
   06  0.1130952E+01  0.1560618E+02  0.4199552E-02  0.1493824E-03  0.2332182E+01
   06  0.1142857E+01  0.1560618E+02  0.4581318E-02  0.1629612E-03  0.2332182E+01
   06  0.1154762E+01  0.1560618E+02  0.4963081E-02  0.1765395E-03  0.2332182E+01
   06  0.1166667E+01  0.1560618E+02  0.5344841E-02  0.1901174E-03  0.2332182E+01
   06  0.1178571E+01  0.1560618E+02  0.5726600E-02  0.2036948E-03  0.2332182E+01
   06  0.1190476E+01  0.1560618E+02  0.6108356E-02  0.2172717E-03  0.2332182E+01
   06  0.1202381E+01  0.1560618E+02  0.6490110E-02  0.2308480E-03  0.2332182E+01
   06  0.1214286E+01  0.1560618E+02  0.6871861E-02  0.2444236E-03  0.2332182E+01
   06  0.1226190E+01  0.1560618E+02  0.7253610E-02  0.2579987E-03  0.2332182E+01
   06  0.1238095E+01  0.1560618E+02  0.7635357E-02  0.2715730E-03  0.2332182E+01
   06  0.1250000E+01  0.1560618E+02  0.8017101E-02  0.2851467E-03  0.2332182E+01
   06  0.1261905E+01  0.1560618E+02  0.8398842E-02  0.2987196E-03  0.2332182E+01
   06  0.1273810E+01  0.1560618E+02  0.8780581E-02  0.3122917E-03  0.2332182E+01
   06  0.1285714E+01  0.1560618E+02  0.9162317E-02  0.3258631E-03  0.2332182E+01
   06  0.1297619E+01  0.1560618E+02  0.9544051E-02  0.3394336E-03  0.2332182E+01
   06  0.1309524E+01  0.1560618E+02  0.9925782E-02  0.3530032E-03  0.2332181E+01
   06  0.1321429E+01  0.1560618E+02  0.1030751E-01  0.3665719E-03  0.2332181E+01
   06  0.1333333E+01  0.1560618E+02  0.1068924E-01  0.3801397E-03  0.2332181E+01
   06  0.1345238E+01  0.1560618E+02  0.1107096E-01  0.3937065E-03  0.2332181E+01
   06  0.1357143E+01  0.1560618E+02  0.1145268E-01  0.4072724E-03  0.2332181E+01
   06  0.1369048E+01  0.1560618E+02  0.1183439E-01  0.4208372E-03  0.2332181E+01
   06  0.1380952E+01  0.1560618E+02  0.1221611E-01  0.4344009E-03  0.2332181E+01
   06  0.1392857E+01  0.1560618E+02  0.1259782E-01  0.4479635E-03  0.2332181E+01
   06  0.1404762E+01  0.1560618E+02  0.1297953E-01  0.4615250E-03  0.2332181E+01
   06  0.1416667E+01  0.1560618E+02  0.1336123E-01  0.4750853E-03  0.2332181E+01
   06  0.1428571E+01  0.1560618E+02  0.1374293E-01  0.4886444E-03  0.2332181E+01
   06  0.1476190E+01  0.1560618E+02  0.1526971E-01  0.5428776E-03  0.2332181E+01
   06  0.1523810E+01  0.1560618E+02  0.1679643E-01  0.5970893E-03  0.2332180E+01
   06  0.1571429E+01  0.1560618E+02  0.1832310E-01  0.6512775E-03  0.2332180E+01
   06  0.1619048E+01  0.1560618E+02  0.1984971E-01  0.7054400E-03  0.2332180E+01
   06  0.1666667E+01  0.1560618E+02  0.2137626E-01  0.7595751E-03  0.2332179E+01
   06  0.1714286E+01  0.1560618E+02  0.2290276E-01  0.8136805E-03  0.2332179E+01
   06  0.1761905E+01  0.1560617E+02  0.2442919E-01  0.8677545E-03  0.2332179E+01
   06  0.1809524E+01  0.1560617E+02  0.2595555E-01  0.9217950E-03  0.2332178E+01
   06  0.1857143E+01  0.1560617E+02  0.2748185E-01  0.9758002E-03  0.2332178E+01
   06  0.1904762E+01  0.1560617E+02  0.2900809E-01  0.1029768E-02  0.2332177E+01
   06  0.1952381E+01  0.1560617E+02  0.3053425E-01  0.1083697E-02  0.2332177E+01
