# gauge_id= 525 location=( -0.1251000000E+03  0.4200000000E+02 ) num_var=  4
# Stationary gauge
# level, time, q[  1  2  3], eta, aux[]
# file format ascii, time series follow in this file
   02  0.0000000E+00  0.1660376E+04  0.0000000E+00  0.0000000E+00  0.0000000E+00
   02  0.1000000E+01  0.1660376E+04  0.7289846E-13 -0.2150818E-13  0.3741568E+01
   02  0.1142857E+01  0.1660373E+04 -0.4630907E+00 -0.4606940E-01  0.3738991E+01
   02  0.1285714E+01  0.1660371E+04 -0.9248588E+00 -0.9212489E-01  0.3736415E+01
   02  0.1428571E+01  0.1660368E+04 -0.1385308E+01 -0.1381665E+00  0.3733840E+01
   02  0.1571429E+01  0.1660365E+04 -0.1844441E+01 -0.1841941E+00  0.3731266E+01
   02  0.1714286E+01  0.1660363E+04 -0.2302262E+01 -0.2302079E+00  0.3728694E+01
   02  0.1857143E+01  0.1660360E+04 -0.2758773E+01 -0.2762077E+00  0.3726123E+01
