# gauge_id= 526 location=( -0.1253000000E+03  0.4200000000E+02 ) num_var=  4
# Stationary gauge
# level, time, q[  1  2  3], eta, aux[]
# file format ascii, time series follow in this file
   02  0.0000000E+00  0.2923778E+04  0.0000000E+00  0.0000000E+00  0.0000000E+00
   02  0.1000000E+01  0.2923778E+04 -0.4277515E-15 -0.7736769E-13  0.1867222E+00
   02  0.1142857E+01  0.2923780E+04 -0.2884401E+00  0.3877444E-02  0.1889611E+00
   02  0.1285714E+01  0.2923782E+04 -0.5771996E+00  0.7711399E-02  0.1911989E+00
   02  0.1428571E+01  0.2923784E+04 -0.8662758E+00  0.1150137E-01  0.1934355E+00
   02  0.1571429E+01  0.2923787E+04 -0.1155666E+01  0.1524683E-01  0.1956710E+00
   02  0.1714286E+01  0.2923789E+04 -0.1445367E+01  0.1894726E-01  0.1979054E+00
   02  0.1857143E+01  0.2923791E+04 -0.1735377E+01  0.2260213E-01  0.2001386E+00
