# gauge_id= 526 location=( -0.1253000000E+03  0.4200000000E+02 ) num_var=  4
# Stationary gauge
# level, time, q[  1  2  3], eta, aux[]
# file format ascii, time series follow in this file
   02  0.0000000E+00  0.2923778E+04  0.0000000E+00  0.0000000E+00  0.0000000E+00
   02  0.1000000E+01  0.2923778E+04 -0.4277515E-15 -0.7736769E-13  0.4371063E-01
   02  0.1142857E+01  0.2923779E+04 -0.1788179E+00  0.3342909E-02  0.4516821E-01
   02  0.1285714E+01  0.2923781E+04 -0.3576154E+00  0.6696039E-02  0.4662463E-01
   02  0.1428571E+01  0.2923782E+04 -0.5363973E+00  0.1005919E-01  0.4807994E-01
   02  0.1571429E+01  0.2923783E+04 -0.7151694E+00  0.1343218E-01  0.4953415E-01
   02  0.1714286E+01  0.2923785E+04 -0.8939384E+00  0.1681487E-01  0.5098733E-01
   02  0.1857143E+01  0.2923786E+04 -0.1072713E+01  0.2020714E-01  0.5243952E-01
