# gauge_id= 609 location=( -0.1242117435E+03  0.4175235224E+02 ) num_var=  4
# Stationary gauge
# level, time, q[  1  2  3], eta, aux[]
# file format ascii, time series follow in this file
   06  0.0000000E+00  0.1498827E+02  0.0000000E+00  0.0000000E+00  0.0000000E+00
   06  0.1000000E+01  0.1498827E+02  0.6302659E-16  0.5295851E-15  0.2942633E+01
   06  0.1003968E+01  0.1498827E+02  0.6957967E-04  0.6931479E-05  0.2942633E+01
   06  0.1007937E+01  0.1498827E+02  0.1391583E-03  0.1386290E-04  0.2942633E+01
   06  0.1011905E+01  0.1498827E+02  0.2087358E-03  0.2079427E-04  0.2942633E+01
   06  0.1015873E+01  0.1498827E+02  0.2783123E-03  0.2772558E-04  0.2942634E+01
   06  0.1019841E+01  0.1498827E+02  0.3478877E-03  0.3465682E-04  0.2942634E+01
   06  0.1023810E+01  0.1498827E+02  0.4174621E-03  0.4158800E-04  0.2942634E+01
   06  0.1027778E+01  0.1498827E+02  0.4870354E-03  0.4851911E-04  0.2942634E+01
   06  0.1031746E+01  0.1498827E+02  0.5566075E-03  0.5545014E-04  0.2942634E+01
   06  0.1035714E+01  0.1498827E+02  0.6261786E-03  0.6238110E-04  0.2942634E+01
   06  0.1039683E+01  0.1498827E+02  0.6957486E-03  0.6931198E-04  0.2942634E+01
   06  0.1043651E+01  0.1498827E+02  0.7653175E-03  0.7624278E-04  0.2942634E+01
   06  0.1047619E+01  0.1498827E+02  0.8348853E-03  0.8317350E-04  0.2942634E+01
   06  0.1051587E+01  0.1498827E+02  0.9044519E-03  0.9010412E-04  0.2942634E+01
   06  0.1055556E+01  0.1498827E+02  0.9740175E-03  0.9703465E-04  0.2942634E+01
   06  0.1059524E+01  0.1498827E+02  0.1043582E-02  0.1039651E-03  0.2942634E+01
   06  0.1063492E+01  0.1498827E+02  0.1113145E-02  0.1108954E-03  0.2942634E+01
   06  0.1067460E+01  0.1498827E+02  0.1182707E-02  0.1178257E-03  0.2942634E+01
   06  0.1071429E+01  0.1498827E+02  0.1252268E-02  0.1247558E-03  0.2942634E+01
   06  0.1075397E+01  0.1498827E+02  0.1321828E-02  0.1316858E-03  0.2942634E+01
   06  0.1079365E+01  0.1498827E+02  0.1391387E-02  0.1386158E-03  0.2942634E+01
   06  0.1083333E+01  0.1498827E+02  0.1460944E-02  0.1455456E-03  0.2942634E+01
   06  0.1087302E+01  0.1498827E+02  0.1530501E-02  0.1524753E-03  0.2942634E+01
   06  0.1091270E+01  0.1498827E+02  0.1600056E-02  0.1594049E-03  0.2942634E+01
   06  0.1095238E+01  0.1498827E+02  0.1669610E-02  0.1663343E-03  0.2942634E+01
   06  0.1099206E+01  0.1498827E+02  0.1739163E-02  0.1732636E-03  0.2942634E+01
   06  0.1103175E+01  0.1498827E+02  0.1808714E-02  0.1801928E-03  0.2942634E+01
   06  0.1107143E+01  0.1498827E+02  0.1878265E-02  0.1871219E-03  0.2942634E+01
   06  0.1119048E+01  0.1498827E+02  0.2086910E-02  0.2079091E-03  0.2942635E+01
   06  0.1130952E+01  0.1498827E+02  0.2295544E-02  0.2286951E-03  0.2942635E+01
   06  0.1142857E+01  0.1498827E+02  0.2504166E-02  0.2494797E-03  0.2942635E+01
   06  0.1154762E+01  0.1498827E+02  0.2712778E-02  0.2702629E-03  0.2942635E+01
   06  0.1166667E+01  0.1498827E+02  0.2921379E-02  0.2910446E-03  0.2942635E+01
   06  0.1178571E+01  0.1498827E+02  0.3129967E-02  0.3118247E-03  0.2942635E+01
   06  0.1190476E+01  0.1498827E+02  0.3338545E-02  0.3326033E-03  0.2942635E+01
   06  0.1202381E+01  0.1498827E+02  0.3547110E-02  0.3533801E-03  0.2942636E+01
   06  0.1214286E+01  0.1498827E+02  0.3755664E-02  0.3741552E-03  0.2942636E+01
   06  0.1226190E+01  0.1498827E+02  0.3964206E-02  0.3949285E-03  0.2942636E+01
   06  0.1238095E+01  0.1498827E+02  0.4172735E-02  0.4156998E-03  0.2942636E+01
   06  0.1250000E+01  0.1498827E+02  0.4381252E-02  0.4364693E-03  0.2942636E+01
   06  0.1261905E+01  0.1498827E+02  0.4589757E-02  0.4572367E-03  0.2942637E+01
   06  0.1273810E+01  0.1498827E+02  0.4798249E-02  0.4780020E-03  0.2942637E+01
   06  0.1285714E+01  0.1498827E+02  0.5006729E-02  0.4987652E-03  0.2942637E+01
   06  0.1297619E+01  0.1498827E+02  0.5215195E-02  0.5195263E-03  0.2942637E+01
   06  0.1309524E+01  0.1498827E+02  0.5423649E-02  0.5402850E-03  0.2942637E+01
   06  0.1321429E+01  0.1498827E+02  0.5632090E-02  0.5610415E-03  0.2942638E+01
   06  0.1333333E+01  0.1498827E+02  0.5840517E-02  0.5817956E-03  0.2942638E+01
   06  0.1345238E+01  0.1498827E+02  0.6048931E-02  0.6025473E-03  0.2942638E+01
   06  0.1357143E+01  0.1498827E+02  0.6257332E-02  0.6232965E-03  0.2942638E+01
   06  0.1369048E+01  0.1498827E+02  0.6465719E-02  0.6440432E-03  0.2942638E+01
   06  0.1380952E+01  0.1498827E+02  0.6674093E-02  0.6647874E-03  0.2942639E+01
   06  0.1392857E+01  0.1498827E+02  0.6882452E-02  0.6855289E-03  0.2942639E+01
   06  0.1404762E+01  0.1498827E+02  0.7090798E-02  0.7062678E-03  0.2942639E+01
   06  0.1416667E+01  0.1498827E+02  0.7299130E-02  0.7270040E-03  0.2942639E+01
   06  0.1428571E+01  0.1498828E+02  0.7507447E-02  0.7477374E-03  0.2942640E+01
   06  0.1476190E+01  0.1498828E+02  0.8340601E-02  0.8306524E-03  0.2942641E+01
   06  0.1523810E+01  0.1498828E+02  0.9173522E-02  0.9135199E-03  0.2942642E+01
   06  0.1571429E+01  0.1498828E+02  0.1000620E-01  0.9963373E-03  0.2942643E+01
   06  0.1619048E+01  0.1498828E+02  0.1083864E-01  0.1079103E-02  0.2942644E+01
   06  0.1666667E+01  0.1498828E+02  0.1167082E-01  0.1161814E-02  0.2942646E+01
   06  0.1714286E+01  0.1498828E+02  0.1250275E-01  0.1244469E-02  0.2942647E+01
   06  0.1761905E+01  0.1498828E+02  0.1333441E-01  0.1327067E-02  0.2942649E+01
   06  0.1809524E+01  0.1498829E+02  0.1416580E-01  0.1409607E-02  0.2942650E+01
   06  0.1857143E+01  0.1498829E+02  0.1499692E-01  0.1492088E-02  0.2942652E+01
   06  0.1904762E+01  0.1498829E+02  0.1582776E-01  0.1574510E-02  0.2942653E+01
   06  0.1952381E+01  0.1498829E+02  0.1665832E-01  0.1656871E-02  0.2942655E+01
