# gauge_id= 610 location=( -0.1242130909E+03  0.4175877177E+02 ) num_var=  4
# Stationary gauge
# level, time, q[  1  2  3], eta, aux[]
# file format ascii, time series follow in this file
   06  0.0000000E+00  0.1597009E+02  0.0000000E+00  0.0000000E+00  0.0000000E+00
   06  0.1000000E+01  0.1597009E+02 -0.4045495E-14 -0.1891460E-14  0.2947499E+01
   06  0.1003968E+01  0.1597009E+02  0.7425709E-04  0.7386364E-05  0.2947499E+01
   06  0.1007937E+01  0.1597009E+02  0.1485143E-03  0.1477273E-04  0.2947499E+01
   06  0.1011905E+01  0.1597009E+02  0.2227715E-03  0.2215908E-04  0.2947499E+01
   06  0.1015873E+01  0.1597009E+02  0.2970288E-03  0.2954544E-04  0.2947499E+01
   06  0.1019841E+01  0.1597009E+02  0.3712862E-03  0.3693179E-04  0.2947499E+01
   06  0.1023810E+01  0.1597009E+02  0.4455437E-03  0.4431814E-04  0.2947499E+01
   06  0.1027778E+01  0.1597009E+02  0.5198012E-03  0.5170449E-04  0.2947499E+01
   06  0.1031746E+01  0.1597009E+02  0.5940588E-03  0.5909083E-04  0.2947499E+01
   06  0.1035714E+01  0.1597009E+02  0.6683165E-03  0.6647717E-04  0.2947499E+01
   06  0.1039683E+01  0.1597009E+02  0.7425743E-03  0.7386351E-04  0.2947499E+01
   06  0.1043651E+01  0.1597009E+02  0.8168322E-03  0.8124984E-04  0.2947499E+01
   06  0.1047619E+01  0.1597009E+02  0.8910901E-03  0.8863618E-04  0.2947499E+01
   06  0.1051587E+01  0.1597009E+02  0.9653481E-03  0.9602250E-04  0.2947499E+01
   06  0.1055556E+01  0.1597009E+02  0.1039606E-02  0.1034088E-03  0.2947499E+01
   06  0.1059524E+01  0.1597009E+02  0.1113864E-02  0.1107951E-03  0.2947499E+01
   06  0.1063492E+01  0.1597009E+02  0.1188122E-02  0.1181815E-03  0.2947499E+01
   06  0.1067460E+01  0.1597009E+02  0.1262381E-02  0.1255678E-03  0.2947499E+01
   06  0.1071429E+01  0.1597009E+02  0.1336639E-02  0.1329541E-03  0.2947499E+01
   06  0.1075397E+01  0.1597009E+02  0.1410898E-02  0.1403404E-03  0.2947499E+01
   06  0.1079365E+01  0.1597009E+02  0.1485156E-02  0.1477267E-03  0.2947499E+01
   06  0.1083333E+01  0.1597009E+02  0.1559415E-02  0.1551130E-03  0.2947499E+01
   06  0.1087302E+01  0.1597009E+02  0.1633673E-02  0.1624993E-03  0.2947499E+01
   06  0.1091270E+01  0.1597009E+02  0.1707932E-02  0.1698856E-03  0.2947499E+01
   06  0.1095238E+01  0.1597009E+02  0.1782191E-02  0.1772718E-03  0.2947499E+01
   06  0.1099206E+01  0.1597009E+02  0.1856450E-02  0.1846581E-03  0.2947499E+01
   06  0.1103175E+01  0.1597009E+02  0.1930709E-02  0.1920444E-03  0.2947499E+01
   06  0.1107143E+01  0.1597009E+02  0.2004968E-02  0.1994307E-03  0.2947499E+01
   06  0.1119048E+01  0.1597009E+02  0.2227744E-02  0.2215895E-03  0.2947499E+01
   06  0.1130952E+01  0.1597009E+02  0.2450522E-02  0.2437483E-03  0.2947499E+01
   06  0.1142857E+01  0.1597009E+02  0.2673300E-02  0.2659070E-03  0.2947499E+01
   06  0.1154762E+01  0.1597009E+02  0.2896079E-02  0.2880656E-03  0.2947499E+01
   06  0.1166667E+01  0.1597009E+02  0.3118858E-02  0.3102242E-03  0.2947499E+01
   06  0.1178571E+01  0.1597009E+02  0.3341638E-02  0.3323828E-03  0.2947499E+01
   06  0.1190476E+01  0.1597009E+02  0.3564418E-02  0.3545413E-03  0.2947499E+01
   06  0.1202381E+01  0.1597009E+02  0.3787199E-02  0.3766997E-03  0.2947499E+01
   06  0.1214286E+01  0.1597009E+02  0.4009981E-02  0.3988580E-03  0.2947499E+01
   06  0.1226190E+01  0.1597009E+02  0.4232763E-02  0.4210162E-03  0.2947499E+01
   06  0.1238095E+01  0.1597009E+02  0.4455545E-02  0.4431744E-03  0.2947499E+01
   06  0.1250000E+01  0.1597009E+02  0.4678328E-02  0.4653325E-03  0.2947499E+01
   06  0.1261905E+01  0.1597009E+02  0.4901112E-02  0.4874904E-03  0.2947499E+01
   06  0.1273810E+01  0.1597009E+02  0.5123896E-02  0.5096483E-03  0.2947499E+01
   06  0.1285714E+01  0.1597009E+02  0.5346680E-02  0.5318061E-03  0.2947499E+01
   06  0.1297619E+01  0.1597009E+02  0.5569465E-02  0.5539638E-03  0.2947499E+01
   06  0.1309524E+01  0.1597009E+02  0.5792250E-02  0.5761213E-03  0.2947499E+01
   06  0.1321429E+01  0.1597009E+02  0.6015036E-02  0.5982788E-03  0.2947499E+01
   06  0.1333333E+01  0.1597009E+02  0.6237822E-02  0.6204361E-03  0.2947499E+01
   06  0.1345238E+01  0.1597009E+02  0.6460609E-02  0.6425933E-03  0.2947499E+01
   06  0.1357143E+01  0.1597009E+02  0.6683395E-02  0.6647503E-03  0.2947499E+01
   06  0.1369048E+01  0.1597009E+02  0.6906183E-02  0.6869072E-03  0.2947499E+01
   06  0.1380952E+01  0.1597009E+02  0.7128970E-02  0.7090640E-03  0.2947499E+01
   06  0.1392857E+01  0.1597009E+02  0.7351758E-02  0.7312206E-03  0.2947499E+01
   06  0.1404762E+01  0.1597009E+02  0.7574547E-02  0.7533770E-03  0.2947499E+01
   06  0.1416667E+01  0.1597009E+02  0.7797335E-02  0.7755333E-03  0.2947499E+01
   06  0.1428571E+01  0.1597009E+02  0.8020124E-02  0.7976893E-03  0.2947499E+01
   06  0.1476190E+01  0.1597009E+02  0.8911276E-02  0.8863120E-03  0.2947499E+01
   06  0.1523810E+01  0.1597009E+02  0.9802431E-02  0.9749313E-03  0.2947499E+01
   06  0.1571429E+01  0.1597009E+02  0.1069359E-01  0.1063547E-02  0.2947500E+01
   06  0.1619048E+01  0.1597009E+02  0.1158475E-01  0.1152158E-02  0.2947500E+01
   06  0.1666667E+01  0.1597009E+02  0.1247591E-01  0.1240764E-02  0.2947500E+01
   06  0.1714286E+01  0.1597009E+02  0.1336708E-01  0.1329364E-02  0.2947500E+01
   06  0.1761905E+01  0.1597009E+02  0.1425824E-01  0.1417959E-02  0.2947500E+01
   06  0.1809524E+01  0.1597009E+02  0.1514940E-01  0.1506547E-02  0.2947500E+01
   06  0.1857143E+01  0.1597009E+02  0.1604056E-01  0.1595127E-02  0.2947501E+01
   06  0.1904762E+01  0.1597009E+02  0.1693171E-01  0.1683700E-02  0.2947501E+01
   06  0.1952381E+01  0.1597009E+02  0.1782287E-01  0.1772263E-02  0.2947501E+01
