# gauge_id= 525 location=( -0.1251000000E+03  0.4200000000E+02 ) num_var=  4
# Stationary gauge
# level, time, q[  1  2  3], eta, aux[]
# file format ascii, time series follow in this file
   02  0.0000000E+00  0.1660376E+04  0.0000000E+00  0.0000000E+00  0.0000000E+00
   02  0.1000000E+01  0.1660376E+04  0.7289846E-13 -0.2150818E-13  0.2321840E+01
   02  0.1142857E+01  0.1660374E+04 -0.2982473E+00 -0.1496025E-02  0.2320222E+01
   02  0.1285714E+01  0.1660372E+04 -0.5956489E+00 -0.2997682E-02  0.2318605E+01
   02  0.1428571E+01  0.1660371E+04 -0.8922065E+00 -0.4504996E-02  0.2316987E+01
   02  0.1571429E+01  0.1660369E+04 -0.1187922E+01 -0.6017990E-02  0.2315370E+01
   02  0.1714286E+01  0.1660368E+04 -0.1482797E+01 -0.7536687E-02  0.2313753E+01
   02  0.1857143E+01  0.1660366E+04 -0.1776833E+01 -0.9061101E-02  0.2312136E+01
