# gauge_id= 603 location=( -0.1241950425E+03  0.4175001983E+02 ) num_var=  4
# Stationary gauge
# level, time, q[  1  2  3], eta, aux[]
# file format ascii, time series follow in this file
   06  0.0000000E+00  0.1986658E+01  0.0000000E+00  0.0000000E+00  0.0000000E+00
   06  0.1000000E+01  0.1986658E+01  0.3082880E-16  0.1200120E-16  0.2768148E+01
   06  0.1003968E+01  0.1986658E+01  0.1153124E-04  0.9271002E-06  0.2768148E+01
   06  0.1007937E+01  0.1986658E+01  0.2306210E-04  0.1854179E-05  0.2768148E+01
   06  0.1011905E+01  0.1986658E+01  0.3459257E-04  0.2781238E-05  0.2768148E+01
   06  0.1015873E+01  0.1986658E+01  0.4612267E-04  0.3708275E-05  0.2768148E+01
   06  0.1019841E+01  0.1986658E+01  0.5765238E-04  0.4635291E-05  0.2768148E+01
   06  0.1023810E+01  0.1986658E+01  0.6918171E-04  0.5562286E-05  0.2768148E+01
   06  0.1027778E+01  0.1986658E+01  0.8071067E-04  0.6489261E-05  0.2768148E+01
   06  0.1031746E+01  0.1986658E+01  0.9223927E-04  0.7416214E-05  0.2768148E+01
   06  0.1035714E+01  0.1986658E+01  0.1037675E-03  0.8343146E-05  0.2768148E+01
   06  0.1039683E+01  0.1986658E+01  0.1152953E-03  0.9270056E-05  0.2768148E+01
   06  0.1043651E+01  0.1986658E+01  0.1268228E-03  0.1019695E-04  0.2768148E+01
   06  0.1047619E+01  0.1986658E+01  0.1383500E-03  0.1112381E-04  0.2768148E+01
   06  0.1051587E+01  0.1986658E+01  0.1498767E-03  0.1205066E-04  0.2768148E+01
   06  0.1055556E+01  0.1986658E+01  0.1614032E-03  0.1297749E-04  0.2768148E+01
   06  0.1059524E+01  0.1986658E+01  0.1729292E-03  0.1390429E-04  0.2768148E+01
   06  0.1063492E+01  0.1986658E+01  0.1844550E-03  0.1483108E-04  0.2768148E+01
   06  0.1067460E+01  0.1986658E+01  0.1959803E-03  0.1575784E-04  0.2768148E+01
   06  0.1071429E+01  0.1986658E+01  0.2075054E-03  0.1668458E-04  0.2768148E+01
   06  0.1075397E+01  0.1986658E+01  0.2190300E-03  0.1761130E-04  0.2768148E+01
   06  0.1079365E+01  0.1986659E+01  0.2305544E-03  0.1853800E-04  0.2768148E+01
   06  0.1083333E+01  0.1986659E+01  0.2420784E-03  0.1946467E-04  0.2768148E+01
   06  0.1087302E+01  0.1986659E+01  0.2536021E-03  0.2039133E-04  0.2768148E+01
   06  0.1091270E+01  0.1986659E+01  0.2651254E-03  0.2131796E-04  0.2768148E+01
   06  0.1095238E+01  0.1986659E+01  0.2766484E-03  0.2224457E-04  0.2768148E+01
   06  0.1099206E+01  0.1986659E+01  0.2881711E-03  0.2317116E-04  0.2768148E+01
   06  0.1103175E+01  0.1986659E+01  0.2996935E-03  0.2409773E-04  0.2768148E+01
   06  0.1107143E+01  0.1986659E+01  0.3112155E-03  0.2502428E-04  0.2768148E+01
   06  0.1119048E+01  0.1986659E+01  0.3457808E-03  0.2780389E-04  0.2768148E+01
   06  0.1130952E+01  0.1986659E+01  0.3803433E-03  0.3058331E-04  0.2768148E+01
   06  0.1142857E+01  0.1986659E+01  0.4149030E-03  0.3336252E-04  0.2768148E+01
   06  0.1154762E+01  0.1986659E+01  0.4494600E-03  0.3614154E-04  0.2768148E+01
   06  0.1166667E+01  0.1986659E+01  0.4840144E-03  0.3892036E-04  0.2768148E+01
   06  0.1178571E+01  0.1986659E+01  0.5185662E-03  0.4169898E-04  0.2768148E+01
   06  0.1190476E+01  0.1986659E+01  0.5531155E-03  0.4447740E-04  0.2768148E+01
   06  0.1202381E+01  0.1986659E+01  0.5876624E-03  0.4725562E-04  0.2768148E+01
   06  0.1214286E+01  0.1986659E+01  0.6222070E-03  0.5003363E-04  0.2768148E+01
   06  0.1226190E+01  0.1986659E+01  0.6567493E-03  0.5281144E-04  0.2768149E+01
   06  0.1238095E+01  0.1986659E+01  0.6912894E-03  0.5558904E-04  0.2768149E+01
   06  0.1250000E+01  0.1986659E+01  0.7258273E-03  0.5836643E-04  0.2768149E+01
   06  0.1261905E+01  0.1986659E+01  0.7603632E-03  0.6114362E-04  0.2768149E+01
   06  0.1273810E+01  0.1986659E+01  0.7948970E-03  0.6392059E-04  0.2768149E+01
   06  0.1285714E+01  0.1986659E+01  0.8294289E-03  0.6669736E-04  0.2768149E+01
   06  0.1297619E+01  0.1986659E+01  0.8639589E-03  0.6947391E-04  0.2768149E+01
   06  0.1309524E+01  0.1986659E+01  0.8984871E-03  0.7225025E-04  0.2768149E+01
   06  0.1321429E+01  0.1986660E+01  0.9330136E-03  0.7502637E-04  0.2768149E+01
   06  0.1333333E+01  0.1986660E+01  0.9675383E-03  0.7780227E-04  0.2768149E+01
   06  0.1345238E+01  0.1986660E+01  0.1002061E-02  0.8057795E-04  0.2768149E+01
   06  0.1357143E+01  0.1986660E+01  0.1036580E-02  0.8335342E-04  0.2768149E+01
   06  0.1369048E+01  0.1986660E+01  0.1071096E-02  0.8612866E-04  0.2768149E+01
   06  0.1380952E+01  0.1986660E+01  0.1105611E-02  0.8890368E-04  0.2768149E+01
   06  0.1392857E+01  0.1986660E+01  0.1140125E-02  0.9167847E-04  0.2768149E+01
   06  0.1404762E+01  0.1986660E+01  0.1174638E-02  0.9445303E-04  0.2768149E+01
   06  0.1416667E+01  0.1986660E+01  0.1209149E-02  0.9722737E-04  0.2768150E+01
   06  0.1428571E+01  0.1986660E+01  0.1243659E-02  0.1000015E-03  0.2768150E+01
   06  0.1476190E+01  0.1986660E+01  0.1381699E-02  0.1110974E-03  0.2768150E+01
   06  0.1523810E+01  0.1986661E+01  0.1519723E-02  0.1221894E-03  0.2768150E+01
   06  0.1571429E+01  0.1986661E+01  0.1657735E-02  0.1332775E-03  0.2768150E+01
   06  0.1619048E+01  0.1986661E+01  0.1795738E-02  0.1443614E-03  0.2768151E+01
   06  0.1666667E+01  0.1986662E+01  0.1933737E-02  0.1554411E-03  0.2768151E+01
   06  0.1714286E+01  0.1986662E+01  0.2071735E-02  0.1665164E-03  0.2768151E+01
   06  0.1761905E+01  0.1986662E+01  0.2209736E-02  0.1775870E-03  0.2768152E+01
   06  0.1809524E+01  0.1986663E+01  0.2347744E-02  0.1886530E-03  0.2768152E+01
   06  0.1857143E+01  0.1986663E+01  0.2485763E-02  0.1997139E-03  0.2768152E+01
   06  0.1904762E+01  0.1986663E+01  0.2623795E-02  0.2107698E-03  0.2768153E+01
   06  0.1952381E+01  0.1986664E+01  0.2761844E-02  0.2218204E-03  0.2768153E+01
