# gauge_id= 516 location=( -0.1253000000E+03  0.4170000000E+02 ) num_var=  4
# Stationary gauge
# level, time, q[  1  2  3], eta, aux[]
# file format ascii, time series follow in this file
   02  0.0000000E+00  0.3099757E+04  0.0000000E+00  0.0000000E+00  0.0000000E+00
   02  0.1000000E+01  0.3099757E+04 -0.2402277E-12  0.1112490E-12  0.1231688E+00
   02  0.1142857E+01  0.3099759E+04 -0.2223373E+00  0.1624275E-01  0.1247723E+00
   02  0.1285714E+01  0.3099760E+04 -0.4446824E+00  0.3248110E-01  0.1263747E+00
   02  0.1428571E+01  0.3099762E+04 -0.6670427E+00  0.4871535E-01  0.1279761E+00
   02  0.1571429E+01  0.3099763E+04 -0.8894306E+00  0.6494584E-01  0.1295766E+00
   02  0.1714286E+01  0.3099765E+04 -0.1111867E+01  0.8117288E-01  0.1311764E+00
   02  0.1857143E+01  0.3099767E+04 -0.1334395E+01  0.9739678E-01  0.1327757E+00
