# gauge_id= 506 location=( -0.1253000000E+03  0.4150000000E+02 ) num_var=  4
# Stationary gauge
# level, time, q[  1  2  3], eta, aux[]
# file format ascii, time series follow in this file
   02  0.0000000E+00  0.3126981E+04  0.0000000E+00  0.0000000E+00  0.0000000E+00
   02  0.1000000E+01  0.3126981E+04 -0.2358721E-13  0.5426062E-14  0.1872644E+00
   02  0.1142857E+01  0.3126983E+04 -0.1901572E+00  0.3599946E-02  0.1884163E+00
   02  0.1285714E+01  0.3126984E+04 -0.3805655E+00  0.7000648E-02  0.1895687E+00
   02  0.1428571E+01  0.3126985E+04 -0.5712226E+00  0.1020148E-01  0.1907213E+00
   02  0.1571429E+01  0.3126986E+04 -0.7621260E+00  0.1320177E-01  0.1918742E+00
   02  0.1714286E+01  0.3126987E+04 -0.9532737E+00  0.1600080E-01  0.1930274E+00
   02  0.1857143E+01  0.3126988E+04 -0.1144664E+01  0.1859779E-01  0.1941808E+00
