# gauge_id= 611 location=( -0.1242076147E+03  0.4175697547E+02 ) num_var=  4
# Stationary gauge
# level, time, q[  1  2  3], eta, aux[]
# file format ascii, time series follow in this file
   06  0.0000000E+00  0.1401419E+02  0.0000000E+00  0.0000000E+00  0.0000000E+00
   06  0.1000000E+01  0.1401419E+02 -0.3408127E-14 -0.3169466E-15  0.2895655E+01
   06  0.1003968E+01  0.1401419E+02  0.6514188E-04  0.6483310E-05  0.2895655E+01
   06  0.1007937E+01  0.1401419E+02  0.1302837E-03  0.1296666E-04  0.2895655E+01
   06  0.1011905E+01  0.1401419E+02  0.1954256E-03  0.1945004E-04  0.2895655E+01
   06  0.1015873E+01  0.1401419E+02  0.2605674E-03  0.2593347E-04  0.2895655E+01
   06  0.1019841E+01  0.1401419E+02  0.3257092E-03  0.3241693E-04  0.2895655E+01
   06  0.1023810E+01  0.1401419E+02  0.3908510E-03  0.3890044E-04  0.2895655E+01
   06  0.1027778E+01  0.1401419E+02  0.4559928E-03  0.4538398E-04  0.2895655E+01
   06  0.1031746E+01  0.1401419E+02  0.5211345E-03  0.5186756E-04  0.2895655E+01
   06  0.1035714E+01  0.1401419E+02  0.5862763E-03  0.5835119E-04  0.2895655E+01
   06  0.1039683E+01  0.1401419E+02  0.6514180E-03  0.6483485E-04  0.2895655E+01
   06  0.1043651E+01  0.1401419E+02  0.7165597E-03  0.7131856E-04  0.2895655E+01
   06  0.1047619E+01  0.1401419E+02  0.7817013E-03  0.7780231E-04  0.2895655E+01
   06  0.1051587E+01  0.1401419E+02  0.8468430E-03  0.8428610E-04  0.2895655E+01
   06  0.1055556E+01  0.1401419E+02  0.9119846E-03  0.9076994E-04  0.2895655E+01
   06  0.1059524E+01  0.1401419E+02  0.9771262E-03  0.9725382E-04  0.2895655E+01
   06  0.1063492E+01  0.1401419E+02  0.1042268E-02  0.1037377E-03  0.2895655E+01
   06  0.1067460E+01  0.1401419E+02  0.1107409E-02  0.1102217E-03  0.2895655E+01
   06  0.1071429E+01  0.1401419E+02  0.1172551E-02  0.1167057E-03  0.2895655E+01
   06  0.1075397E+01  0.1401419E+02  0.1237693E-02  0.1231898E-03  0.2895655E+01
   06  0.1079365E+01  0.1401419E+02  0.1302834E-02  0.1296739E-03  0.2895655E+01
   06  0.1083333E+01  0.1401419E+02  0.1367976E-02  0.1361581E-03  0.2895655E+01
   06  0.1087302E+01  0.1401419E+02  0.1433117E-02  0.1426423E-03  0.2895655E+01
   06  0.1091270E+01  0.1401419E+02  0.1498259E-02  0.1491265E-03  0.2895655E+01
   06  0.1095238E+01  0.1401419E+02  0.1563400E-02  0.1556108E-03  0.2895655E+01
   06  0.1099206E+01  0.1401419E+02  0.1628541E-02  0.1620951E-03  0.2895655E+01
   06  0.1103175E+01  0.1401419E+02  0.1693683E-02  0.1685795E-03  0.2895655E+01
   06  0.1107143E+01  0.1401419E+02  0.1758824E-02  0.1750640E-03  0.2895655E+01
   06  0.1119048E+01  0.1401419E+02  0.1954249E-02  0.1945175E-03  0.2895655E+01
   06  0.1130952E+01  0.1401419E+02  0.2149673E-02  0.2139714E-03  0.2895655E+01
   06  0.1142857E+01  0.1401419E+02  0.2345097E-02  0.2334258E-03  0.2895655E+01
   06  0.1154762E+01  0.1401419E+02  0.2540520E-02  0.2528807E-03  0.2895655E+01
   06  0.1166667E+01  0.1401419E+02  0.2735944E-02  0.2723361E-03  0.2895655E+01
   06  0.1178571E+01  0.1401419E+02  0.2931368E-02  0.2917920E-03  0.2895655E+01
   06  0.1190476E+01  0.1401419E+02  0.3126791E-02  0.3112485E-03  0.2895655E+01
   06  0.1202381E+01  0.1401419E+02  0.3322214E-02  0.3307054E-03  0.2895655E+01
   06  0.1214286E+01  0.1401419E+02  0.3517637E-02  0.3501630E-03  0.2895655E+01
   06  0.1226190E+01  0.1401419E+02  0.3713060E-02  0.3696211E-03  0.2895655E+01
   06  0.1238095E+01  0.1401419E+02  0.3908483E-02  0.3890797E-03  0.2895655E+01
   06  0.1250000E+01  0.1401419E+02  0.4103906E-02  0.4085390E-03  0.2895655E+01
   06  0.1261905E+01  0.1401419E+02  0.4299329E-02  0.4279989E-03  0.2895655E+01
   06  0.1273810E+01  0.1401419E+02  0.4494751E-02  0.4474594E-03  0.2895655E+01
   06  0.1285714E+01  0.1401419E+02  0.4690174E-02  0.4669205E-03  0.2895655E+01
   06  0.1297619E+01  0.1401419E+02  0.4885596E-02  0.4863822E-03  0.2895655E+01
   06  0.1309524E+01  0.1401419E+02  0.5081018E-02  0.5058446E-03  0.2895655E+01
   06  0.1321429E+01  0.1401419E+02  0.5276440E-02  0.5253077E-03  0.2895655E+01
   06  0.1333333E+01  0.1401419E+02  0.5471863E-02  0.5447714E-03  0.2895655E+01
   06  0.1345238E+01  0.1401419E+02  0.5667285E-02  0.5642358E-03  0.2895655E+01
   06  0.1357143E+01  0.1401419E+02  0.5862706E-02  0.5837010E-03  0.2895655E+01
   06  0.1369048E+01  0.1401419E+02  0.6058128E-02  0.6031668E-03  0.2895655E+01
   06  0.1380952E+01  0.1401419E+02  0.6253550E-02  0.6226334E-03  0.2895655E+01
   06  0.1392857E+01  0.1401419E+02  0.6448972E-02  0.6421007E-03  0.2895655E+01
   06  0.1404762E+01  0.1401419E+02  0.6644393E-02  0.6615687E-03  0.2895655E+01
   06  0.1416667E+01  0.1401419E+02  0.6839815E-02  0.6810376E-03  0.2895655E+01
   06  0.1428571E+01  0.1401419E+02  0.7035236E-02  0.7005072E-03  0.2895655E+01
   06  0.1476190E+01  0.1401419E+02  0.7816923E-02  0.7783907E-03  0.2895655E+01
   06  0.1523810E+01  0.1401419E+02  0.8598609E-02  0.8562875E-03  0.2895655E+01
   06  0.1571429E+01  0.1401419E+02  0.9380294E-02  0.9341984E-03  0.2895655E+01
   06  0.1619048E+01  0.1401419E+02  0.1016198E-01  0.1012124E-02  0.2895655E+01
   06  0.1666667E+01  0.1401419E+02  0.1094366E-01  0.1090065E-02  0.2895655E+01
   06  0.1714286E+01  0.1401419E+02  0.1172535E-01  0.1168023E-02  0.2895655E+01
   06  0.1761905E+01  0.1401419E+02  0.1250703E-01  0.1245998E-02  0.2895656E+01
   06  0.1809524E+01  0.1401419E+02  0.1328872E-01  0.1323990E-02  0.2895656E+01
   06  0.1857143E+01  0.1401419E+02  0.1407040E-01  0.1402001E-02  0.2895656E+01
   06  0.1904762E+01  0.1401419E+02  0.1485209E-01  0.1480031E-02  0.2895656E+01
   06  0.1952381E+01  0.1401419E+02  0.1563378E-01  0.1558082E-02  0.2895656E+01
