# gauge_id= 608 location=( -0.1242042364E+03  0.4174837307E+02 ) num_var=  4
# Stationary gauge
# level, time, q[  1  2  3], eta, aux[]
# file format ascii, time series follow in this file
   06  0.0000000E+00  0.5446985E+01  0.0000000E+00  0.0000000E+00  0.0000000E+00
   06  0.1000000E+01  0.5446985E+01 -0.5054751E-15  0.1894360E-15  0.2873566E+01
   06  0.1003968E+01  0.5446985E+01  0.2561974E-04  0.2514186E-05  0.2873566E+01
   06  0.1007937E+01  0.5446985E+01  0.5123965E-04  0.5028569E-05  0.2873566E+01
   06  0.1011905E+01  0.5446985E+01  0.7685973E-04  0.7543151E-05  0.2873566E+01
   06  0.1015873E+01  0.5446985E+01  0.1024800E-03  0.1005793E-04  0.2873566E+01
   06  0.1019841E+01  0.5446985E+01  0.1281004E-03  0.1257292E-04  0.2873566E+01
   06  0.1023810E+01  0.5446985E+01  0.1537210E-03  0.1508810E-04  0.2873566E+01
   06  0.1027778E+01  0.5446985E+01  0.1793417E-03  0.1760349E-04  0.2873566E+01
   06  0.1031746E+01  0.5446985E+01  0.2049627E-03  0.2011909E-04  0.2873566E+01
   06  0.1035714E+01  0.5446985E+01  0.2305838E-03  0.2263489E-04  0.2873566E+01
   06  0.1039683E+01  0.5446985E+01  0.2562051E-03  0.2515089E-04  0.2873566E+01
   06  0.1043651E+01  0.5446986E+01  0.2818265E-03  0.2766711E-04  0.2873566E+01
   06  0.1047619E+01  0.5446986E+01  0.3074481E-03  0.3018353E-04  0.2873566E+01
   06  0.1051587E+01  0.5446986E+01  0.3330699E-03  0.3270017E-04  0.2873566E+01
   06  0.1055556E+01  0.5446986E+01  0.3586919E-03  0.3521702E-04  0.2873566E+01
   06  0.1059524E+01  0.5446986E+01  0.3843141E-03  0.3773408E-04  0.2873566E+01
   06  0.1063492E+01  0.5446986E+01  0.4099364E-03  0.4025135E-04  0.2873566E+01
   06  0.1067460E+01  0.5446986E+01  0.4355589E-03  0.4276884E-04  0.2873566E+01
   06  0.1071429E+01  0.5446986E+01  0.4611816E-03  0.4528655E-04  0.2873566E+01
   06  0.1075397E+01  0.5446986E+01  0.4868045E-03  0.4780447E-04  0.2873567E+01
   06  0.1079365E+01  0.5446986E+01  0.5124275E-03  0.5032261E-04  0.2873567E+01
   06  0.1083333E+01  0.5446986E+01  0.5380508E-03  0.5284097E-04  0.2873567E+01
   06  0.1087302E+01  0.5446986E+01  0.5636742E-03  0.5535955E-04  0.2873567E+01
   06  0.1091270E+01  0.5446986E+01  0.5892978E-03  0.5787836E-04  0.2873567E+01
   06  0.1095238E+01  0.5446986E+01  0.6149216E-03  0.6039738E-04  0.2873567E+01
   06  0.1099206E+01  0.5446986E+01  0.6405455E-03  0.6291664E-04  0.2873567E+01
   06  0.1103175E+01  0.5446986E+01  0.6661697E-03  0.6543611E-04  0.2873567E+01
   06  0.1107143E+01  0.5446986E+01  0.6917940E-03  0.6795582E-04  0.2873567E+01
   06  0.1119048E+01  0.5446986E+01  0.7686675E-03  0.7551502E-04  0.2873567E+01
   06  0.1130952E+01  0.5446987E+01  0.8455427E-03  0.8307629E-04  0.2873567E+01
   06  0.1142857E+01  0.5446987E+01  0.9224196E-03  0.9063967E-04  0.2873567E+01
   06  0.1154762E+01  0.5446987E+01  0.9992982E-03  0.9820519E-04  0.2873567E+01
   06  0.1166667E+01  0.5446987E+01  0.1076179E-02  0.1057729E-03  0.2873568E+01
   06  0.1178571E+01  0.5446987E+01  0.1153061E-02  0.1133428E-03  0.2873568E+01
   06  0.1190476E+01  0.5446987E+01  0.1229945E-02  0.1209149E-03  0.2873568E+01
   06  0.1202381E+01  0.5446987E+01  0.1306830E-02  0.1284893E-03  0.2873568E+01
   06  0.1214286E+01  0.5446988E+01  0.1383718E-02  0.1360659E-03  0.2873568E+01
   06  0.1226190E+01  0.5446988E+01  0.1460607E-02  0.1436449E-03  0.2873568E+01
   06  0.1238095E+01  0.5446988E+01  0.1537498E-02  0.1512263E-03  0.2873569E+01
   06  0.1250000E+01  0.5446988E+01  0.1614391E-02  0.1588100E-03  0.2873569E+01
   06  0.1261905E+01  0.5446988E+01  0.1691286E-02  0.1663961E-03  0.2873569E+01
   06  0.1273810E+01  0.5446989E+01  0.1768183E-02  0.1739847E-03  0.2873569E+01
   06  0.1285714E+01  0.5446989E+01  0.1845082E-02  0.1815758E-03  0.2873569E+01
   06  0.1297619E+01  0.5446989E+01  0.1921983E-02  0.1891693E-03  0.2873570E+01
   06  0.1309524E+01  0.5446989E+01  0.1998885E-02  0.1967654E-03  0.2873570E+01
   06  0.1321429E+01  0.5446989E+01  0.2075790E-02  0.2043641E-03  0.2873570E+01
   06  0.1333333E+01  0.5446989E+01  0.2152697E-02  0.2119653E-03  0.2873570E+01
   06  0.1345238E+01  0.5446990E+01  0.2229605E-02  0.2195691E-03  0.2873570E+01
   06  0.1357143E+01  0.5446990E+01  0.2306516E-02  0.2271756E-03  0.2873571E+01
   06  0.1369048E+01  0.5446990E+01  0.2383429E-02  0.2347848E-03  0.2873571E+01
   06  0.1380952E+01  0.5446990E+01  0.2460344E-02  0.2423967E-03  0.2873571E+01
   06  0.1392857E+01  0.5446991E+01  0.2537260E-02  0.2500113E-03  0.2873571E+01
   06  0.1404762E+01  0.5446991E+01  0.2614179E-02  0.2576287E-03  0.2873571E+01
   06  0.1416667E+01  0.5446991E+01  0.2691100E-02  0.2652489E-03  0.2873572E+01
   06  0.1428571E+01  0.5446991E+01  0.2768023E-02  0.2728719E-03  0.2873572E+01
   06  0.1476190E+01  0.5446992E+01  0.3075726E-02  0.3033668E-03  0.2873573E+01
   06  0.1523810E+01  0.5446993E+01  0.3383464E-02  0.3339088E-03  0.2873574E+01
   06  0.1571429E+01  0.5446994E+01  0.3691238E-02  0.3644999E-03  0.2873575E+01
   06  0.1619048E+01  0.5446995E+01  0.3999048E-02  0.3951417E-03  0.2873576E+01
   06  0.1666667E+01  0.5446996E+01  0.4306897E-02  0.4258360E-03  0.2873577E+01
   06  0.1714286E+01  0.5446998E+01  0.4614784E-02  0.4565846E-03  0.2873578E+01
   06  0.1761905E+01  0.5446999E+01  0.4922711E-02  0.4873892E-03  0.2873580E+01
   06  0.1809524E+01  0.5447000E+01  0.5230677E-02  0.5182515E-03  0.2873581E+01
   06  0.1857143E+01  0.5447002E+01  0.5538685E-02  0.5491731E-03  0.2873582E+01
   06  0.1904762E+01  0.5447003E+01  0.5846734E-02  0.5801556E-03  0.2873584E+01
   06  0.1952381E+01  0.5447004E+01  0.6154826E-02  0.6112008E-03  0.2873585E+01
