# gauge_id= 604 location=( -0.1242128051E+03  0.4175523626E+02 ) num_var=  4
# Stationary gauge
# level, time, q[  1  2  3], eta, aux[]
# file format ascii, time series follow in this file
   06  0.0000000E+00  0.1519521E+02  0.0000000E+00  0.0000000E+00  0.0000000E+00
   06  0.1000000E+01  0.1519521E+02 -0.3756052E-15  0.4522956E-15  0.2949337E+01
   06  0.1003968E+01  0.1519521E+02  0.7060762E-04  0.7028919E-05  0.2949337E+01
   06  0.1007937E+01  0.1519521E+02  0.1412163E-03  0.1405748E-04  0.2949337E+01
   06  0.1011905E+01  0.1519521E+02  0.2118260E-03  0.2108568E-04  0.2949337E+01
   06  0.1015873E+01  0.1519521E+02  0.2824367E-03  0.2811353E-04  0.2949337E+01
   06  0.1019841E+01  0.1519521E+02  0.3530484E-03  0.3514101E-04  0.2949337E+01
   06  0.1023810E+01  0.1519521E+02  0.4236612E-03  0.4216813E-04  0.2949337E+01
   06  0.1027778E+01  0.1519521E+02  0.4942750E-03  0.4919489E-04  0.2949337E+01
   06  0.1031746E+01  0.1519521E+02  0.5648899E-03  0.5622129E-04  0.2949337E+01
   06  0.1035714E+01  0.1519521E+02  0.6355058E-03  0.6324732E-04  0.2949337E+01
   06  0.1039683E+01  0.1519521E+02  0.7061228E-03  0.7027299E-04  0.2949337E+01
   06  0.1043651E+01  0.1519521E+02  0.7767408E-03  0.7729829E-04  0.2949337E+01
   06  0.1047619E+01  0.1519521E+02  0.8473598E-03  0.8432323E-04  0.2949337E+01
   06  0.1051587E+01  0.1519521E+02  0.9179799E-03  0.9134781E-04  0.2949337E+01
   06  0.1055556E+01  0.1519521E+02  0.9886011E-03  0.9837201E-04  0.2949337E+01
   06  0.1059524E+01  0.1519521E+02  0.1059223E-02  0.1053958E-03  0.2949337E+01
   06  0.1063492E+01  0.1519521E+02  0.1129847E-02  0.1124193E-03  0.2949337E+01
   06  0.1067460E+01  0.1519521E+02  0.1200471E-02  0.1194424E-03  0.2949337E+01
   06  0.1071429E+01  0.1519521E+02  0.1271096E-02  0.1264651E-03  0.2949337E+01
   06  0.1075397E+01  0.1519521E+02  0.1341723E-02  0.1334875E-03  0.2949337E+01
   06  0.1079365E+01  0.1519521E+02  0.1412350E-02  0.1405095E-03  0.2949337E+01
   06  0.1083333E+01  0.1519521E+02  0.1482979E-02  0.1475311E-03  0.2949337E+01
   06  0.1087302E+01  0.1519521E+02  0.1553609E-02  0.1545523E-03  0.2949337E+01
   06  0.1091270E+01  0.1519521E+02  0.1624239E-02  0.1615732E-03  0.2949337E+01
   06  0.1095238E+01  0.1519521E+02  0.1694871E-02  0.1685937E-03  0.2949337E+01
   06  0.1099206E+01  0.1519521E+02  0.1765504E-02  0.1756138E-03  0.2949337E+01
   06  0.1103175E+01  0.1519521E+02  0.1836138E-02  0.1826336E-03  0.2949337E+01
   06  0.1107143E+01  0.1519521E+02  0.1906773E-02  0.1896529E-03  0.2949337E+01
   06  0.1119048E+01  0.1519521E+02  0.2118683E-02  0.2107090E-03  0.2949338E+01
   06  0.1130952E+01  0.1519521E+02  0.2330603E-02  0.2317616E-03  0.2949338E+01
   06  0.1142857E+01  0.1519521E+02  0.2542533E-02  0.2528109E-03  0.2949338E+01
   06  0.1154762E+01  0.1519521E+02  0.2754473E-02  0.2738566E-03  0.2949338E+01
   06  0.1166667E+01  0.1519521E+02  0.2966423E-02  0.2948989E-03  0.2949338E+01
   06  0.1178571E+01  0.1519521E+02  0.3178383E-02  0.3159378E-03  0.2949338E+01
   06  0.1190476E+01  0.1519521E+02  0.3390353E-02  0.3369731E-03  0.2949338E+01
   06  0.1202381E+01  0.1519521E+02  0.3602333E-02  0.3580049E-03  0.2949338E+01
   06  0.1214286E+01  0.1519521E+02  0.3814323E-02  0.3790332E-03  0.2949338E+01
   06  0.1226190E+01  0.1519521E+02  0.4026323E-02  0.4000579E-03  0.2949338E+01
   06  0.1238095E+01  0.1519521E+02  0.4238334E-02  0.4210791E-03  0.2949338E+01
   06  0.1250000E+01  0.1519521E+02  0.4450355E-02  0.4420966E-03  0.2949339E+01
   06  0.1261905E+01  0.1519521E+02  0.4662386E-02  0.4631106E-03  0.2949339E+01
   06  0.1273810E+01  0.1519521E+02  0.4874428E-02  0.4841210E-03  0.2949339E+01
   06  0.1285714E+01  0.1519521E+02  0.5086480E-02  0.5051278E-03  0.2949339E+01
   06  0.1297619E+01  0.1519521E+02  0.5298543E-02  0.5261310E-03  0.2949339E+01
   06  0.1309524E+01  0.1519521E+02  0.5510616E-02  0.5471305E-03  0.2949339E+01
   06  0.1321429E+01  0.1519521E+02  0.5722700E-02  0.5681263E-03  0.2949339E+01
   06  0.1333333E+01  0.1519521E+02  0.5934794E-02  0.5891185E-03  0.2949339E+01
   06  0.1345238E+01  0.1519521E+02  0.6146899E-02  0.6101070E-03  0.2949339E+01
   06  0.1357143E+01  0.1519521E+02  0.6359015E-02  0.6310918E-03  0.2949339E+01
   06  0.1369048E+01  0.1519521E+02  0.6571142E-02  0.6520729E-03  0.2949339E+01
   06  0.1380952E+01  0.1519521E+02  0.6783279E-02  0.6730502E-03  0.2949339E+01
   06  0.1392857E+01  0.1519521E+02  0.6995428E-02  0.6940239E-03  0.2949339E+01
   06  0.1404762E+01  0.1519521E+02  0.7207587E-02  0.7149938E-03  0.2949340E+01
   06  0.1416667E+01  0.1519521E+02  0.7419757E-02  0.7359600E-03  0.2949340E+01
   06  0.1428571E+01  0.1519521E+02  0.7631939E-02  0.7569224E-03  0.2949340E+01
   06  0.1476190E+01  0.1519521E+02  0.8480748E-02  0.8407381E-03  0.2949340E+01
   06  0.1523810E+01  0.1519521E+02  0.9329736E-02  0.9244930E-03  0.2949340E+01
   06  0.1571429E+01  0.1519521E+02  0.1017890E-01  0.1008187E-02  0.2949341E+01
   06  0.1619048E+01  0.1519521E+02  0.1102826E-01  0.1091819E-02  0.2949341E+01
   06  0.1666667E+01  0.1519521E+02  0.1187780E-01  0.1175389E-02  0.2949341E+01
   06  0.1714286E+01  0.1519521E+02  0.1272752E-01  0.1258897E-02  0.2949341E+01
   06  0.1761905E+01  0.1519521E+02  0.1357744E-01  0.1342343E-02  0.2949341E+01
   06  0.1809524E+01  0.1519522E+02  0.1442755E-01  0.1425727E-02  0.2949342E+01
   06  0.1857143E+01  0.1519522E+02  0.1527785E-01  0.1509049E-02  0.2949342E+01
   06  0.1904762E+01  0.1519522E+02  0.1612835E-01  0.1592308E-02  0.2949342E+01
   06  0.1952381E+01  0.1519522E+02  0.1697905E-01  0.1675506E-02  0.2949342E+01
