# gauge_id= 612 location=( -0.1242043567E+03  0.4175754751E+02 ) num_var=  4
# Stationary gauge
# level, time, q[  1  2  3], eta, aux[]
# file format ascii, time series follow in this file
   06  0.0000000E+00  0.1315901E+02  0.0000000E+00  0.0000000E+00  0.0000000E+00
   06  0.1000000E+01  0.1315901E+02 -0.2198208E-15  0.1222750E-14  0.2862646E+01
   06  0.1003968E+01  0.1315901E+02  0.6119885E-04  0.6085468E-05  0.2862646E+01
   06  0.1007937E+01  0.1315901E+02  0.1223978E-03  0.1217095E-04  0.2862646E+01
   06  0.1011905E+01  0.1315901E+02  0.1835968E-03  0.1825645E-04  0.2862646E+01
   06  0.1015873E+01  0.1315901E+02  0.2447958E-03  0.2434196E-04  0.2862646E+01
   06  0.1019841E+01  0.1315901E+02  0.3059950E-03  0.3042748E-04  0.2862646E+01
   06  0.1023810E+01  0.1315901E+02  0.3671942E-03  0.3651302E-04  0.2862646E+01
   06  0.1027778E+01  0.1315901E+02  0.4283935E-03  0.4259858E-04  0.2862646E+01
   06  0.1031746E+01  0.1315901E+02  0.4895928E-03  0.4868416E-04  0.2862646E+01
   06  0.1035714E+01  0.1315901E+02  0.5507922E-03  0.5476975E-04  0.2862646E+01
   06  0.1039683E+01  0.1315901E+02  0.6119917E-03  0.6085535E-04  0.2862646E+01
   06  0.1043651E+01  0.1315901E+02  0.6731913E-03  0.6694098E-04  0.2862646E+01
   06  0.1047619E+01  0.1315901E+02  0.7343910E-03  0.7302662E-04  0.2862646E+01
   06  0.1051587E+01  0.1315901E+02  0.7955907E-03  0.7911228E-04  0.2862646E+01
   06  0.1055556E+01  0.1315901E+02  0.8567905E-03  0.8519796E-04  0.2862646E+01
   06  0.1059524E+01  0.1315901E+02  0.9179903E-03  0.9128366E-04  0.2862646E+01
   06  0.1063492E+01  0.1315901E+02  0.9791903E-03  0.9736937E-04  0.2862646E+01
   06  0.1067460E+01  0.1315901E+02  0.1040390E-02  0.1034551E-03  0.2862646E+01
   06  0.1071429E+01  0.1315901E+02  0.1101590E-02  0.1095409E-03  0.2862646E+01
   06  0.1075397E+01  0.1315901E+02  0.1162790E-02  0.1156266E-03  0.2862646E+01
   06  0.1079365E+01  0.1315901E+02  0.1223991E-02  0.1217124E-03  0.2862646E+01
   06  0.1083333E+01  0.1315901E+02  0.1285191E-02  0.1277983E-03  0.2862646E+01
   06  0.1087302E+01  0.1315901E+02  0.1346391E-02  0.1338841E-03  0.2862646E+01
   06  0.1091270E+01  0.1315901E+02  0.1407592E-02  0.1399700E-03  0.2862646E+01
   06  0.1095238E+01  0.1315901E+02  0.1468792E-02  0.1460558E-03  0.2862646E+01
   06  0.1099206E+01  0.1315901E+02  0.1529993E-02  0.1521417E-03  0.2862646E+01
   06  0.1103175E+01  0.1315901E+02  0.1591194E-02  0.1582277E-03  0.2862646E+01
   06  0.1107143E+01  0.1315901E+02  0.1652394E-02  0.1643136E-03  0.2862646E+01
   06  0.1119048E+01  0.1315901E+02  0.1835997E-02  0.1825715E-03  0.2862646E+01
   06  0.1130952E+01  0.1315901E+02  0.2019600E-02  0.2008295E-03  0.2862646E+01
   06  0.1142857E+01  0.1315901E+02  0.2203204E-02  0.2190878E-03  0.2862646E+01
   06  0.1154762E+01  0.1315901E+02  0.2386808E-02  0.2373463E-03  0.2862646E+01
   06  0.1166667E+01  0.1315901E+02  0.2570413E-02  0.2556051E-03  0.2862646E+01
   06  0.1178571E+01  0.1315901E+02  0.2754019E-02  0.2738641E-03  0.2862646E+01
   06  0.1190476E+01  0.1315901E+02  0.2937626E-02  0.2921234E-03  0.2862646E+01
   06  0.1202381E+01  0.1315901E+02  0.3121233E-02  0.3103830E-03  0.2862646E+01
   06  0.1214286E+01  0.1315901E+02  0.3304841E-02  0.3286428E-03  0.2862646E+01
   06  0.1226190E+01  0.1315901E+02  0.3488449E-02  0.3469029E-03  0.2862646E+01
   06  0.1238095E+01  0.1315901E+02  0.3672058E-02  0.3651634E-03  0.2862646E+01
   06  0.1250000E+01  0.1315901E+02  0.3855668E-02  0.3834241E-03  0.2862646E+01
   06  0.1261905E+01  0.1315901E+02  0.4039278E-02  0.4016852E-03  0.2862647E+01
   06  0.1273810E+01  0.1315901E+02  0.4222889E-02  0.4199466E-03  0.2862647E+01
   06  0.1285714E+01  0.1315901E+02  0.4406501E-02  0.4382083E-03  0.2862647E+01
   06  0.1297619E+01  0.1315901E+02  0.4590114E-02  0.4564704E-03  0.2862647E+01
   06  0.1309524E+01  0.1315901E+02  0.4773727E-02  0.4747328E-03  0.2862647E+01
   06  0.1321429E+01  0.1315901E+02  0.4957341E-02  0.4929956E-03  0.2862647E+01
   06  0.1333333E+01  0.1315901E+02  0.5140955E-02  0.5112588E-03  0.2862647E+01
   06  0.1345238E+01  0.1315901E+02  0.5324570E-02  0.5295223E-03  0.2862647E+01
   06  0.1357143E+01  0.1315901E+02  0.5508186E-02  0.5477863E-03  0.2862647E+01
   06  0.1369048E+01  0.1315901E+02  0.5691803E-02  0.5660506E-03  0.2862647E+01
   06  0.1380952E+01  0.1315901E+02  0.5875420E-02  0.5843154E-03  0.2862647E+01
   06  0.1392857E+01  0.1315901E+02  0.6059038E-02  0.6025806E-03  0.2862647E+01
   06  0.1404762E+01  0.1315901E+02  0.6242656E-02  0.6208462E-03  0.2862647E+01
   06  0.1416667E+01  0.1315901E+02  0.6426276E-02  0.6391122E-03  0.2862647E+01
   06  0.1428571E+01  0.1315901E+02  0.6609896E-02  0.6573787E-03  0.2862647E+01
   06  0.1476190E+01  0.1315901E+02  0.7344380E-02  0.7304464E-03  0.2862647E+01
   06  0.1523810E+01  0.1315901E+02  0.8078875E-02  0.8035218E-03  0.2862647E+01
   06  0.1571429E+01  0.1315901E+02  0.8813381E-02  0.8766055E-03  0.2862647E+01
   06  0.1619048E+01  0.1315902E+02  0.9547899E-02  0.9496981E-03  0.2862648E+01
   06  0.1666667E+01  0.1315902E+02  0.1028243E-01  0.1022800E-02  0.2862648E+01
   06  0.1714286E+01  0.1315902E+02  0.1101697E-01  0.1095912E-02  0.2862648E+01
   06  0.1761905E+01  0.1315902E+02  0.1175152E-01  0.1169034E-02  0.2862648E+01
   06  0.1809524E+01  0.1315902E+02  0.1248608E-01  0.1242167E-02  0.2862648E+01
   06  0.1857143E+01  0.1315902E+02  0.1322066E-01  0.1315311E-02  0.2862649E+01
   06  0.1904762E+01  0.1315902E+02  0.1395524E-01  0.1388468E-02  0.2862649E+01
   06  0.1952381E+01  0.1315902E+02  0.1468984E-01  0.1461636E-02  0.2862649E+01
