# gauge_id= 205 location=( -0.1242068000E+03  0.4176000000E+02 ) num_var=  4
# Stationary gauge
# level, time, q[  1  2  3], eta, aux[]
# file format ascii, time series follow in this file
   06  0.0000000E+00  0.1565069E+02  0.0000000E+00  0.0000000E+00  0.0000000E+00
   06  0.1000000E+01  0.1565069E+02 -0.8464369E-15  0.6228500E-15  0.2883598E+01
   06  0.1003968E+01  0.1565069E+02  0.7272805E-04  0.7234670E-05  0.2883598E+01
   06  0.1007937E+01  0.1565069E+02  0.1454561E-03  0.1446933E-04  0.2883598E+01
   06  0.1011905E+01  0.1565069E+02  0.2181840E-03  0.2170397E-04  0.2883598E+01
   06  0.1015873E+01  0.1565069E+02  0.2909119E-03  0.2893860E-04  0.2883598E+01
   06  0.1019841E+01  0.1565069E+02  0.3636398E-03  0.3617322E-04  0.2883598E+01
   06  0.1023810E+01  0.1565069E+02  0.4363677E-03  0.4340782E-04  0.2883598E+01
   06  0.1027778E+01  0.1565069E+02  0.5090955E-03  0.5064241E-04  0.2883598E+01
   06  0.1031746E+01  0.1565069E+02  0.5818232E-03  0.5787699E-04  0.2883598E+01
   06  0.1035714E+01  0.1565069E+02  0.6545509E-03  0.6511155E-04  0.2883598E+01
   06  0.1039683E+01  0.1565069E+02  0.7272786E-03  0.7234610E-04  0.2883598E+01
   06  0.1043651E+01  0.1565069E+02  0.8000062E-03  0.7958063E-04  0.2883598E+01
   06  0.1047619E+01  0.1565069E+02  0.8727338E-03  0.8681515E-04  0.2883598E+01
   06  0.1051587E+01  0.1565069E+02  0.9454613E-03  0.9404965E-04  0.2883598E+01
   06  0.1055556E+01  0.1565069E+02  0.1018189E-02  0.1012841E-03  0.2883598E+01
   06  0.1059524E+01  0.1565069E+02  0.1090916E-02  0.1085186E-03  0.2883598E+01
   06  0.1063492E+01  0.1565069E+02  0.1163644E-02  0.1157531E-03  0.2883598E+01
   06  0.1067460E+01  0.1565069E+02  0.1236371E-02  0.1229875E-03  0.2883598E+01
   06  0.1071429E+01  0.1565069E+02  0.1309098E-02  0.1302220E-03  0.2883598E+01
   06  0.1075397E+01  0.1565069E+02  0.1381825E-02  0.1374564E-03  0.2883598E+01
   06  0.1079365E+01  0.1565069E+02  0.1454553E-02  0.1446908E-03  0.2883598E+01
   06  0.1083333E+01  0.1565069E+02  0.1527280E-02  0.1519252E-03  0.2883598E+01
   06  0.1087302E+01  0.1565069E+02  0.1600007E-02  0.1591595E-03  0.2883598E+01
   06  0.1091270E+01  0.1565069E+02  0.1672734E-02  0.1663939E-03  0.2883598E+01
   06  0.1095238E+01  0.1565069E+02  0.1745461E-02  0.1736282E-03  0.2883598E+01
   06  0.1099206E+01  0.1565069E+02  0.1818188E-02  0.1808625E-03  0.2883598E+01
   06  0.1103175E+01  0.1565069E+02  0.1890915E-02  0.1880969E-03  0.2883598E+01
   06  0.1107143E+01  0.1565069E+02  0.1963641E-02  0.1953311E-03  0.2883598E+01
   06  0.1119048E+01  0.1565069E+02  0.2181822E-02  0.2170339E-03  0.2883598E+01
   06  0.1130952E+01  0.1565069E+02  0.2400001E-02  0.2387366E-03  0.2883598E+01
   06  0.1142857E+01  0.1565069E+02  0.2618180E-02  0.2604391E-03  0.2883598E+01
   06  0.1154762E+01  0.1565069E+02  0.2836359E-02  0.2821415E-03  0.2883598E+01
   06  0.1166667E+01  0.1565069E+02  0.3054537E-02  0.3038436E-03  0.2883598E+01
   06  0.1178571E+01  0.1565069E+02  0.3272714E-02  0.3255457E-03  0.2883598E+01
   06  0.1190476E+01  0.1565069E+02  0.3490891E-02  0.3472475E-03  0.2883598E+01
   06  0.1202381E+01  0.1565069E+02  0.3709068E-02  0.3689492E-03  0.2883598E+01
   06  0.1214286E+01  0.1565069E+02  0.3927243E-02  0.3906508E-03  0.2883598E+01
   06  0.1226190E+01  0.1565069E+02  0.4145418E-02  0.4123521E-03  0.2883598E+01
   06  0.1238095E+01  0.1565069E+02  0.4363592E-02  0.4340533E-03  0.2883598E+01
   06  0.1250000E+01  0.1565069E+02  0.4581766E-02  0.4557543E-03  0.2883598E+01
   06  0.1261905E+01  0.1565069E+02  0.4799939E-02  0.4774552E-03  0.2883598E+01
   06  0.1273810E+01  0.1565069E+02  0.5018111E-02  0.4991558E-03  0.2883598E+01
   06  0.1285714E+01  0.1565069E+02  0.5236283E-02  0.5208563E-03  0.2883598E+01
   06  0.1297619E+01  0.1565069E+02  0.5454454E-02  0.5425565E-03  0.2883598E+01
   06  0.1309524E+01  0.1565069E+02  0.5672624E-02  0.5642566E-03  0.2883598E+01
   06  0.1321429E+01  0.1565069E+02  0.5890793E-02  0.5859565E-03  0.2883598E+01
   06  0.1333333E+01  0.1565069E+02  0.6108962E-02  0.6076561E-03  0.2883598E+01
   06  0.1345238E+01  0.1565069E+02  0.6327129E-02  0.6293556E-03  0.2883598E+01
   06  0.1357143E+01  0.1565069E+02  0.6545296E-02  0.6510549E-03  0.2883598E+01
   06  0.1369048E+01  0.1565069E+02  0.6763463E-02  0.6727539E-03  0.2883598E+01
   06  0.1380952E+01  0.1565069E+02  0.6981628E-02  0.6944528E-03  0.2883598E+01
   06  0.1392857E+01  0.1565069E+02  0.7199792E-02  0.7161514E-03  0.2883598E+01
   06  0.1404762E+01  0.1565069E+02  0.7417956E-02  0.7378498E-03  0.2883598E+01
   06  0.1416667E+01  0.1565069E+02  0.7636119E-02  0.7595480E-03  0.2883598E+01
   06  0.1428571E+01  0.1565069E+02  0.7854281E-02  0.7812459E-03  0.2883598E+01
   06  0.1476190E+01  0.1565069E+02  0.8726921E-02  0.8680357E-03  0.2883598E+01
   06  0.1523810E+01  0.1565069E+02  0.9599547E-02  0.9548215E-03  0.2883598E+01
   06  0.1571429E+01  0.1565069E+02  0.1047216E-01  0.1041603E-02  0.2883598E+01
   06  0.1619048E+01  0.1565069E+02  0.1134475E-01  0.1128381E-02  0.2883598E+01
   06  0.1666667E+01  0.1565069E+02  0.1221732E-01  0.1215153E-02  0.2883598E+01
   06  0.1714286E+01  0.1565069E+02  0.1308988E-01  0.1301921E-02  0.2883598E+01
   06  0.1761905E+01  0.1565069E+02  0.1396242E-01  0.1388684E-02  0.2883598E+01
   06  0.1809524E+01  0.1565069E+02  0.1483493E-01  0.1475442E-02  0.2883598E+01
   06  0.1857143E+01  0.1565069E+02  0.1570743E-01  0.1562194E-02  0.2883598E+01
   06  0.1904762E+01  0.1565069E+02  0.1657990E-01  0.1648941E-02  0.2883598E+01
   06  0.1952381E+01  0.1565069E+02  0.1745235E-01  0.1735682E-02  0.2883599E+01
