# gauge_id= 307 location=( -0.1242050000E+03  0.4176625000E+02 ) num_var=  4
# Stationary gauge
# level, time, q[  1  2  3], eta, aux[]
# file format ascii, time series follow in this file
   06  0.0000000E+00  0.4403900E+01  0.0000000E+00  0.0000000E+00  0.0000000E+00
   06  0.1000000E+01  0.4403900E+01 -0.1048975E-16 -0.5646345E-16  0.2856229E+01
   06  0.1003968E+01  0.4403900E+01  0.2129520E-04  0.2517475E-05  0.2856230E+01
   06  0.1007937E+01  0.4403900E+01  0.4259206E-04  0.5035424E-05  0.2856230E+01
   06  0.1011905E+01  0.4403900E+01  0.6389061E-04  0.7553850E-05  0.2856230E+01
   06  0.1015873E+01  0.4403901E+01  0.8519083E-04  0.1007275E-04  0.2856230E+01
   06  0.1019841E+01  0.4403901E+01  0.1064927E-03  0.1259214E-04  0.2856230E+01
   06  0.1023810E+01  0.4403901E+01  0.1277964E-03  0.1511200E-04  0.2856230E+01
   06  0.1027778E+01  0.4403901E+01  0.1491017E-03  0.1763235E-04  0.2856230E+01
   06  0.1031746E+01  0.4403901E+01  0.1704087E-03  0.2015318E-04  0.2856230E+01
   06  0.1035714E+01  0.4403901E+01  0.1917174E-03  0.2267449E-04  0.2856230E+01
   06  0.1039683E+01  0.4403901E+01  0.2130278E-03  0.2519630E-04  0.2856230E+01
   06  0.1043651E+01  0.4403901E+01  0.2343399E-03  0.2771859E-04  0.2856230E+01
   06  0.1047619E+01  0.4403901E+01  0.2556538E-03  0.3024137E-04  0.2856230E+01
   06  0.1051587E+01  0.4403901E+01  0.2769694E-03  0.3276465E-04  0.2856230E+01
   06  0.1055556E+01  0.4403901E+01  0.2982867E-03  0.3528842E-04  0.2856230E+01
   06  0.1059524E+01  0.4403901E+01  0.3196058E-03  0.3781268E-04  0.2856230E+01
   06  0.1063492E+01  0.4403901E+01  0.3409266E-03  0.4033745E-04  0.2856230E+01
   06  0.1067460E+01  0.4403901E+01  0.3622492E-03  0.4286271E-04  0.2856230E+01
   06  0.1071429E+01  0.4403901E+01  0.3835735E-03  0.4538847E-04  0.2856231E+01
   06  0.1075397E+01  0.4403901E+01  0.4048996E-03  0.4791473E-04  0.2856231E+01
   06  0.1079365E+01  0.4403901E+01  0.4262274E-03  0.5044150E-04  0.2856231E+01
   06  0.1083333E+01  0.4403902E+01  0.4475570E-03  0.5296878E-04  0.2856231E+01
   06  0.1087302E+01  0.4403902E+01  0.4688884E-03  0.5549656E-04  0.2856231E+01
   06  0.1091270E+01  0.4403902E+01  0.4902216E-03  0.5802485E-04  0.2856231E+01
   06  0.1095238E+01  0.4403902E+01  0.5115566E-03  0.6055364E-04  0.2856231E+01
   06  0.1099206E+01  0.4403902E+01  0.5328933E-03  0.6308295E-04  0.2856231E+01
   06  0.1103175E+01  0.4403902E+01  0.5542319E-03  0.6561278E-04  0.2856231E+01
   06  0.1107143E+01  0.4403902E+01  0.5755723E-03  0.6814312E-04  0.2856231E+01
   06  0.1119048E+01  0.4403902E+01  0.6396059E-03  0.7573607E-04  0.2856231E+01
   06  0.1130952E+01  0.4403902E+01  0.7036560E-03  0.8333371E-04  0.2856231E+01
   06  0.1142857E+01  0.4403903E+01  0.7677226E-03  0.9093610E-04  0.2856232E+01
   06  0.1154762E+01  0.4403903E+01  0.8318060E-03  0.9854327E-04  0.2856232E+01
   06  0.1166667E+01  0.4403903E+01  0.8959062E-03  0.1061553E-03  0.2856232E+01
   06  0.1178571E+01  0.4403903E+01  0.9600235E-03  0.1137721E-03  0.2856232E+01
   06  0.1190476E+01  0.4403903E+01  0.1024158E-02  0.1213939E-03  0.2856233E+01
   06  0.1202381E+01  0.4403904E+01  0.1088310E-02  0.1290207E-03  0.2856233E+01
   06  0.1214286E+01  0.4403904E+01  0.1152479E-02  0.1366524E-03  0.2856233E+01
   06  0.1226190E+01  0.4403904E+01  0.1216666E-02  0.1442892E-03  0.2856233E+01
   06  0.1238095E+01  0.4403904E+01  0.1280870E-02  0.1519311E-03  0.2856233E+01
   06  0.1250000E+01  0.4403905E+01  0.1345093E-02  0.1595782E-03  0.2856234E+01
   06  0.1261905E+01  0.4403905E+01  0.1409333E-02  0.1672304E-03  0.2856234E+01
   06  0.1273810E+01  0.4403905E+01  0.1473592E-02  0.1748878E-03  0.2856234E+01
   06  0.1285714E+01  0.4403905E+01  0.1537869E-02  0.1825505E-03  0.2856234E+01
   06  0.1297619E+01  0.4403906E+01  0.1602165E-02  0.1902185E-03  0.2856235E+01
   06  0.1309524E+01  0.4403906E+01  0.1666479E-02  0.1978919E-03  0.2856235E+01
   06  0.1321429E+01  0.4403906E+01  0.1730812E-02  0.2055707E-03  0.2856235E+01
   06  0.1333333E+01  0.4403906E+01  0.1795164E-02  0.2132549E-03  0.2856236E+01
   06  0.1345238E+01  0.4403907E+01  0.1859535E-02  0.2209446E-03  0.2856236E+01
   06  0.1357143E+01  0.4403907E+01  0.1923925E-02  0.2286399E-03  0.2856236E+01
   06  0.1369048E+01  0.4403907E+01  0.1988335E-02  0.2363407E-03  0.2856236E+01
   06  0.1380952E+01  0.4403908E+01  0.2052764E-02  0.2440471E-03  0.2856237E+01
   06  0.1392857E+01  0.4403908E+01  0.2117213E-02  0.2517592E-03  0.2856237E+01
   06  0.1404762E+01  0.4403908E+01  0.2181682E-02  0.2594771E-03  0.2856237E+01
   06  0.1416667E+01  0.4403908E+01  0.2246171E-02  0.2672006E-03  0.2856238E+01
   06  0.1428571E+01  0.4403909E+01  0.2310680E-02  0.2749300E-03  0.2856238E+01
   06  0.1476190E+01  0.4403910E+01  0.2568952E-02  0.3058846E-03  0.2856239E+01
   06  0.1523810E+01  0.4403911E+01  0.2827559E-02  0.3369358E-03  0.2856241E+01
   06  0.1571429E+01  0.4403913E+01  0.3086512E-02  0.3680865E-03  0.2856242E+01
   06  0.1619048E+01  0.4403914E+01  0.3345819E-02  0.3993394E-03  0.2856243E+01
   06  0.1666667E+01  0.4403916E+01  0.3605492E-02  0.4306975E-03  0.2856245E+01
   06  0.1714286E+01  0.4403918E+01  0.3865540E-02  0.4621638E-03  0.2856247E+01
   06  0.1761905E+01  0.4403919E+01  0.4125972E-02  0.4937410E-03  0.2856248E+01
   06  0.1809524E+01  0.4403921E+01  0.4386800E-02  0.5254321E-03  0.2856250E+01
   06  0.1857143E+01  0.4403923E+01  0.4648034E-02  0.5572402E-03  0.2856252E+01
   06  0.1904762E+01  0.4403925E+01  0.4909683E-02  0.5891680E-03  0.2856254E+01
   06  0.1952381E+01  0.4403927E+01  0.5171759E-02  0.6212187E-03  0.2856256E+01
