# gauge_id= 602 location=( -0.1242122490E+03  0.4176223506E+02 ) num_var=  4
# Stationary gauge
# level, time, q[  1  2  3], eta, aux[]
# file format ascii, time series follow in this file
   06  0.0000000E+00  0.1472056E+02  0.0000000E+00  0.0000000E+00  0.0000000E+00
   06  0.1000000E+01  0.1472056E+02  0.4675906E-15  0.1214170E-14  0.2934496E+01
   06  0.1003968E+01  0.1472056E+02  0.6844671E-04  0.8175490E-05  0.2934496E+01
   06  0.1007937E+01  0.1472056E+02  0.1368935E-03  0.1635074E-04  0.2934496E+01
   06  0.1011905E+01  0.1472056E+02  0.2053403E-03  0.2452576E-04  0.2934496E+01
   06  0.1015873E+01  0.1472056E+02  0.2737871E-03  0.3270053E-04  0.2934496E+01
   06  0.1019841E+01  0.1472056E+02  0.3422339E-03  0.4087507E-04  0.2934496E+01
   06  0.1023810E+01  0.1472056E+02  0.4106808E-03  0.4904937E-04  0.2934496E+01
   06  0.1027778E+01  0.1472056E+02  0.4791278E-03  0.5722343E-04  0.2934496E+01
   06  0.1031746E+01  0.1472056E+02  0.5475747E-03  0.6539726E-04  0.2934496E+01
   06  0.1035714E+01  0.1472056E+02  0.6160218E-03  0.7357084E-04  0.2934496E+01
   06  0.1039683E+01  0.1472056E+02  0.6844688E-03  0.8174418E-04  0.2934496E+01
   06  0.1043651E+01  0.1472056E+02  0.7529159E-03  0.8991729E-04  0.2934496E+01
   06  0.1047619E+01  0.1472056E+02  0.8213630E-03  0.9809015E-04  0.2934496E+01
   06  0.1051587E+01  0.1472056E+02  0.8898102E-03  0.1062628E-03  0.2934496E+01
   06  0.1055556E+01  0.1472056E+02  0.9582574E-03  0.1144352E-03  0.2934496E+01
   06  0.1059524E+01  0.1472056E+02  0.1026705E-02  0.1226073E-03  0.2934496E+01
   06  0.1063492E+01  0.1472056E+02  0.1095152E-02  0.1307792E-03  0.2934496E+01
   06  0.1067460E+01  0.1472056E+02  0.1163599E-02  0.1389509E-03  0.2934496E+01
   06  0.1071429E+01  0.1472056E+02  0.1232047E-02  0.1471223E-03  0.2934496E+01
   06  0.1075397E+01  0.1472056E+02  0.1300494E-02  0.1552935E-03  0.2934496E+01
   06  0.1079365E+01  0.1472056E+02  0.1368941E-02  0.1634644E-03  0.2934496E+01
   06  0.1083333E+01  0.1472056E+02  0.1437389E-02  0.1716351E-03  0.2934496E+01
   06  0.1087302E+01  0.1472056E+02  0.1505837E-02  0.1798055E-03  0.2934496E+01
   06  0.1091270E+01  0.1472056E+02  0.1574284E-02  0.1879758E-03  0.2934496E+01
   06  0.1095238E+01  0.1472056E+02  0.1642732E-02  0.1961457E-03  0.2934496E+01
   06  0.1099206E+01  0.1472056E+02  0.1711179E-02  0.2043155E-03  0.2934496E+01
   06  0.1103175E+01  0.1472056E+02  0.1779627E-02  0.2124849E-03  0.2934496E+01
   06  0.1107143E+01  0.1472056E+02  0.1848075E-02  0.2206542E-03  0.2934496E+01
   06  0.1119048E+01  0.1472056E+02  0.2053418E-02  0.2451605E-03  0.2934496E+01
   06  0.1130952E+01  0.1472056E+02  0.2258762E-02  0.2696646E-03  0.2934496E+01
   06  0.1142857E+01  0.1472056E+02  0.2464106E-02  0.2941665E-03  0.2934496E+01
   06  0.1154762E+01  0.1472056E+02  0.2669451E-02  0.3186662E-03  0.2934496E+01
   06  0.1166667E+01  0.1472056E+02  0.2874796E-02  0.3431638E-03  0.2934496E+01
   06  0.1178571E+01  0.1472056E+02  0.3080142E-02  0.3676591E-03  0.2934496E+01
   06  0.1190476E+01  0.1472056E+02  0.3285487E-02  0.3921521E-03  0.2934496E+01
   06  0.1202381E+01  0.1472056E+02  0.3490834E-02  0.4166430E-03  0.2934496E+01
   06  0.1214286E+01  0.1472056E+02  0.3696180E-02  0.4411316E-03  0.2934496E+01
   06  0.1226190E+01  0.1472056E+02  0.3901528E-02  0.4656180E-03  0.2934496E+01
   06  0.1238095E+01  0.1472056E+02  0.4106875E-02  0.4901022E-03  0.2934496E+01
   06  0.1250000E+01  0.1472056E+02  0.4312223E-02  0.5145841E-03  0.2934496E+01
   06  0.1261905E+01  0.1472056E+02  0.4517572E-02  0.5390637E-03  0.2934496E+01
   06  0.1273810E+01  0.1472056E+02  0.4722921E-02  0.5635411E-03  0.2934496E+01
   06  0.1285714E+01  0.1472056E+02  0.4928270E-02  0.5880163E-03  0.2934496E+01
   06  0.1297619E+01  0.1472056E+02  0.5133620E-02  0.6124892E-03  0.2934496E+01
   06  0.1309524E+01  0.1472056E+02  0.5338970E-02  0.6369598E-03  0.2934496E+01
   06  0.1321429E+01  0.1472056E+02  0.5544321E-02  0.6614281E-03  0.2934496E+01
   06  0.1333333E+01  0.1472056E+02  0.5749672E-02  0.6858942E-03  0.2934496E+01
   06  0.1345238E+01  0.1472056E+02  0.5955024E-02  0.7103580E-03  0.2934496E+01
   06  0.1357143E+01  0.1472056E+02  0.6160376E-02  0.7348195E-03  0.2934496E+01
   06  0.1369048E+01  0.1472056E+02  0.6365729E-02  0.7592787E-03  0.2934496E+01
   06  0.1380952E+01  0.1472056E+02  0.6571082E-02  0.7837357E-03  0.2934496E+01
   06  0.1392857E+01  0.1472056E+02  0.6776435E-02  0.8081903E-03  0.2934496E+01
   06  0.1404762E+01  0.1472056E+02  0.6981790E-02  0.8326426E-03  0.2934496E+01
   06  0.1416667E+01  0.1472056E+02  0.7187144E-02  0.8570926E-03  0.2934496E+01
   06  0.1428571E+01  0.1472056E+02  0.7392499E-02  0.8815404E-03  0.2934496E+01
   06  0.1476190E+01  0.1472056E+02  0.8213926E-02  0.9793095E-03  0.2934496E+01
   06  0.1523810E+01  0.1472056E+02  0.9035361E-02  0.1077041E-02  0.2934495E+01
   06  0.1571429E+01  0.1472056E+02  0.9856805E-02  0.1174736E-02  0.2934495E+01
   06  0.1619048E+01  0.1472056E+02  0.1067826E-01  0.1272393E-02  0.2934495E+01
   06  0.1666667E+01  0.1472056E+02  0.1149972E-01  0.1370012E-02  0.2934495E+01
   06  0.1714286E+01  0.1472056E+02  0.1232119E-01  0.1467594E-02  0.2934495E+01
   06  0.1761905E+01  0.1472056E+02  0.1314267E-01  0.1565137E-02  0.2934494E+01
   06  0.1809524E+01  0.1472056E+02  0.1396417E-01  0.1662642E-02  0.2934494E+01
   06  0.1857143E+01  0.1472056E+02  0.1478567E-01  0.1760108E-02  0.2934494E+01
   06  0.1904762E+01  0.1472056E+02  0.1560718E-01  0.1857536E-02  0.2934494E+01
   06  0.1952381E+01  0.1472056E+02  0.1642871E-01  0.1954926E-02  0.2934493E+01
