# gauge_id= 601 location=( -0.1242093003E+03  0.4175447275E+02 ) num_var=  4
# Stationary gauge
# level, time, q[  1  2  3], eta, aux[]
# file format ascii, time series follow in this file
   06  0.0000000E+00  0.1471186E+02  0.0000000E+00  0.0000000E+00  0.0000000E+00
   06  0.1000000E+01  0.1471186E+02  0.1342859E-15  0.1397330E-14  0.2915646E+01
   06  0.1003968E+01  0.1471186E+02  0.6847749E-04  0.6793894E-05  0.2915646E+01
   06  0.1007937E+01  0.1471186E+02  0.1369551E-03  0.1358784E-04  0.2915646E+01
   06  0.1011905E+01  0.1471186E+02  0.2054329E-03  0.2038185E-04  0.2915646E+01
   06  0.1015873E+01  0.1471186E+02  0.2739107E-03  0.2717591E-04  0.2915646E+01
   06  0.1019841E+01  0.1471186E+02  0.3423887E-03  0.3397003E-04  0.2915646E+01
   06  0.1023810E+01  0.1471186E+02  0.4108669E-03  0.4076421E-04  0.2915646E+01
   06  0.1027778E+01  0.1471186E+02  0.4793451E-03  0.4755844E-04  0.2915646E+01
   06  0.1031746E+01  0.1471186E+02  0.5478235E-03  0.5435272E-04  0.2915646E+01
   06  0.1035714E+01  0.1471186E+02  0.6163020E-03  0.6114706E-04  0.2915646E+01
   06  0.1039683E+01  0.1471186E+02  0.6847806E-03  0.6794145E-04  0.2915646E+01
   06  0.1043651E+01  0.1471186E+02  0.7532594E-03  0.7473589E-04  0.2915646E+01
   06  0.1047619E+01  0.1471186E+02  0.8217382E-03  0.8153039E-04  0.2915646E+01
   06  0.1051587E+01  0.1471186E+02  0.8902172E-03  0.8832494E-04  0.2915646E+01
   06  0.1055556E+01  0.1471186E+02  0.9586963E-03  0.9511955E-04  0.2915646E+01
   06  0.1059524E+01  0.1471186E+02  0.1027176E-02  0.1019142E-03  0.2915646E+01
   06  0.1063492E+01  0.1471186E+02  0.1095655E-02  0.1087089E-03  0.2915646E+01
   06  0.1067460E+01  0.1471186E+02  0.1164134E-02  0.1155037E-03  0.2915646E+01
   06  0.1071429E+01  0.1471186E+02  0.1232614E-02  0.1222985E-03  0.2915646E+01
   06  0.1075397E+01  0.1471186E+02  0.1301094E-02  0.1290933E-03  0.2915646E+01
   06  0.1079365E+01  0.1471186E+02  0.1369574E-02  0.1358882E-03  0.2915646E+01
   06  0.1083333E+01  0.1471186E+02  0.1438054E-02  0.1426832E-03  0.2915646E+01
   06  0.1087302E+01  0.1471186E+02  0.1506534E-02  0.1494782E-03  0.2915646E+01
   06  0.1091270E+01  0.1471186E+02  0.1575014E-02  0.1562733E-03  0.2915646E+01
   06  0.1095238E+01  0.1471186E+02  0.1643494E-02  0.1630684E-03  0.2915646E+01
   06  0.1099206E+01  0.1471186E+02  0.1711975E-02  0.1698635E-03  0.2915646E+01
   06  0.1103175E+01  0.1471186E+02  0.1780455E-02  0.1766587E-03  0.2915646E+01
   06  0.1107143E+01  0.1471186E+02  0.1848936E-02  0.1834540E-03  0.2915646E+01
   06  0.1119048E+01  0.1471186E+02  0.2054378E-02  0.2038401E-03  0.2915646E+01
   06  0.1130952E+01  0.1471186E+02  0.2259821E-02  0.2242266E-03  0.2915646E+01
   06  0.1142857E+01  0.1471186E+02  0.2465265E-02  0.2446135E-03  0.2915646E+01
   06  0.1154762E+01  0.1471186E+02  0.2670710E-02  0.2650007E-03  0.2915646E+01
   06  0.1166667E+01  0.1471186E+02  0.2876156E-02  0.2853884E-03  0.2915646E+01
   06  0.1178571E+01  0.1471186E+02  0.3081603E-02  0.3057765E-03  0.2915646E+01
   06  0.1190476E+01  0.1471186E+02  0.3287051E-02  0.3261649E-03  0.2915646E+01
   06  0.1202381E+01  0.1471186E+02  0.3492500E-02  0.3465536E-03  0.2915646E+01
   06  0.1214286E+01  0.1471186E+02  0.3697950E-02  0.3669427E-03  0.2915646E+01
   06  0.1226190E+01  0.1471186E+02  0.3903401E-02  0.3873322E-03  0.2915646E+01
   06  0.1238095E+01  0.1471186E+02  0.4108852E-02  0.4077219E-03  0.2915646E+01
   06  0.1250000E+01  0.1471186E+02  0.4314305E-02  0.4281120E-03  0.2915646E+01
   06  0.1261905E+01  0.1471186E+02  0.4519759E-02  0.4485023E-03  0.2915646E+01
   06  0.1273810E+01  0.1471186E+02  0.4725213E-02  0.4688930E-03  0.2915646E+01
   06  0.1285714E+01  0.1471186E+02  0.4930668E-02  0.4892839E-03  0.2915646E+01
   06  0.1297619E+01  0.1471186E+02  0.5136124E-02  0.5096751E-03  0.2915646E+01
   06  0.1309524E+01  0.1471186E+02  0.5341581E-02  0.5300665E-03  0.2915646E+01
   06  0.1321429E+01  0.1471186E+02  0.5547039E-02  0.5504582E-03  0.2915646E+01
   06  0.1333333E+01  0.1471186E+02  0.5752497E-02  0.5708501E-03  0.2915646E+01
   06  0.1345238E+01  0.1471186E+02  0.5957956E-02  0.5912422E-03  0.2915646E+01
   06  0.1357143E+01  0.1471186E+02  0.6163416E-02  0.6116345E-03  0.2915646E+01
   06  0.1369048E+01  0.1471186E+02  0.6368877E-02  0.6320270E-03  0.2915646E+01
   06  0.1380952E+01  0.1471186E+02  0.6574339E-02  0.6524197E-03  0.2915646E+01
   06  0.1392857E+01  0.1471186E+02  0.6779801E-02  0.6728125E-03  0.2915646E+01
   06  0.1404762E+01  0.1471186E+02  0.6985264E-02  0.6932055E-03  0.2915646E+01
   06  0.1416667E+01  0.1471186E+02  0.7190727E-02  0.7135987E-03  0.2915646E+01
   06  0.1428571E+01  0.1471186E+02  0.7396192E-02  0.7339919E-03  0.2915646E+01
   06  0.1476190E+01  0.1471186E+02  0.8218045E-02  0.8155670E-03  0.2915646E+01
   06  0.1523810E+01  0.1471186E+02  0.9039908E-02  0.8971432E-03  0.2915646E+01
   06  0.1571429E+01  0.1471186E+02  0.9861780E-02  0.9787199E-03  0.2915646E+01
   06  0.1619048E+01  0.1471186E+02  0.1068366E-01  0.1060296E-02  0.2915645E+01
   06  0.1666667E+01  0.1471186E+02  0.1150555E-01  0.1141871E-02  0.2915645E+01
   06  0.1714286E+01  0.1471186E+02  0.1232744E-01  0.1223444E-02  0.2915645E+01
   06  0.1761905E+01  0.1471186E+02  0.1314935E-01  0.1305013E-02  0.2915645E+01
   06  0.1809524E+01  0.1471186E+02  0.1397125E-01  0.1386579E-02  0.2915645E+01
   06  0.1857143E+01  0.1471186E+02  0.1479316E-01  0.1468140E-02  0.2915645E+01
   06  0.1904762E+01  0.1471186E+02  0.1561507E-01  0.1549695E-02  0.2915645E+01
   06  0.1952381E+01  0.1471186E+02  0.1643699E-01  0.1631243E-02  0.2915645E+01
