# gauge_id= 615 location=( -0.1242106071E+03  0.4175726850E+02 ) num_var=  4
# Stationary gauge
# level, time, q[  1  2  3], eta, aux[]
# file format ascii, time series follow in this file
   06  0.0000000E+00  0.1509483E+02  0.0000000E+00  0.0000000E+00  0.0000000E+00
   06  0.1000000E+01  0.1509483E+02 -0.1564852E-14  0.6172834E-15  0.2924894E+01
   06  0.1003968E+01  0.1509483E+02  0.7018711E-04  0.6984445E-05  0.2924894E+01
   06  0.1007937E+01  0.1509483E+02  0.1403743E-03  0.1396891E-04  0.2924894E+01
   06  0.1011905E+01  0.1509483E+02  0.2105615E-03  0.2095339E-04  0.2924894E+01
   06  0.1015873E+01  0.1509483E+02  0.2807488E-03  0.2793790E-04  0.2924894E+01
   06  0.1019841E+01  0.1509483E+02  0.3509362E-03  0.3492242E-04  0.2924894E+01
   06  0.1023810E+01  0.1509483E+02  0.4211236E-03  0.4190697E-04  0.2924894E+01
   06  0.1027778E+01  0.1509483E+02  0.4913111E-03  0.4889154E-04  0.2924894E+01
   06  0.1031746E+01  0.1509483E+02  0.5614986E-03  0.5587613E-04  0.2924894E+01
   06  0.1035714E+01  0.1509483E+02  0.6316863E-03  0.6286074E-04  0.2924894E+01
   06  0.1039683E+01  0.1509483E+02  0.7018739E-03  0.6984537E-04  0.2924894E+01
   06  0.1043651E+01  0.1509483E+02  0.7720617E-03  0.7683003E-04  0.2924894E+01
   06  0.1047619E+01  0.1509483E+02  0.8422495E-03  0.8381471E-04  0.2924894E+01
   06  0.1051587E+01  0.1509483E+02  0.9124374E-03  0.9079941E-04  0.2924894E+01
   06  0.1055556E+01  0.1509483E+02  0.9826254E-03  0.9778414E-04  0.2924894E+01
   06  0.1059524E+01  0.1509483E+02  0.1052813E-02  0.1047689E-03  0.2924894E+01
   06  0.1063492E+01  0.1509483E+02  0.1123002E-02  0.1117537E-03  0.2924894E+01
   06  0.1067460E+01  0.1509483E+02  0.1193190E-02  0.1187385E-03  0.2924894E+01
   06  0.1071429E+01  0.1509483E+02  0.1263378E-02  0.1257233E-03  0.2924894E+01
   06  0.1075397E+01  0.1509483E+02  0.1333566E-02  0.1327081E-03  0.2924894E+01
   06  0.1079365E+01  0.1509483E+02  0.1403755E-02  0.1396930E-03  0.2924894E+01
   06  0.1083333E+01  0.1509483E+02  0.1473943E-02  0.1466779E-03  0.2924894E+01
   06  0.1087302E+01  0.1509483E+02  0.1544132E-02  0.1536628E-03  0.2924894E+01
   06  0.1091270E+01  0.1509483E+02  0.1614321E-02  0.1606478E-03  0.2924894E+01
   06  0.1095238E+01  0.1509483E+02  0.1684509E-02  0.1676328E-03  0.2924894E+01
   06  0.1099206E+01  0.1509483E+02  0.1754698E-02  0.1746178E-03  0.2924894E+01
   06  0.1103175E+01  0.1509483E+02  0.1824887E-02  0.1816028E-03  0.2924894E+01
   06  0.1107143E+01  0.1509483E+02  0.1895076E-02  0.1885878E-03  0.2924894E+01
   06  0.1119048E+01  0.1509483E+02  0.2105644E-02  0.2095431E-03  0.2924894E+01
   06  0.1130952E+01  0.1509483E+02  0.2316212E-02  0.2304987E-03  0.2924894E+01
   06  0.1142857E+01  0.1509483E+02  0.2526781E-02  0.2514545E-03  0.2924894E+01
   06  0.1154762E+01  0.1509483E+02  0.2737351E-02  0.2724106E-03  0.2924894E+01
   06  0.1166667E+01  0.1509483E+02  0.2947922E-02  0.2933670E-03  0.2924894E+01
   06  0.1178571E+01  0.1509483E+02  0.3158494E-02  0.3143236E-03  0.2924894E+01
   06  0.1190476E+01  0.1509483E+02  0.3369067E-02  0.3352806E-03  0.2924894E+01
   06  0.1202381E+01  0.1509483E+02  0.3579641E-02  0.3562378E-03  0.2924894E+01
   06  0.1214286E+01  0.1509483E+02  0.3790215E-02  0.3771954E-03  0.2924894E+01
   06  0.1226190E+01  0.1509483E+02  0.4000791E-02  0.3981533E-03  0.2924894E+01
   06  0.1238095E+01  0.1509483E+02  0.4211367E-02  0.4191115E-03  0.2924894E+01
   06  0.1250000E+01  0.1509483E+02  0.4421945E-02  0.4400701E-03  0.2924894E+01
   06  0.1261905E+01  0.1509483E+02  0.4632524E-02  0.4610290E-03  0.2924894E+01
   06  0.1273810E+01  0.1509483E+02  0.4843104E-02  0.4819882E-03  0.2924894E+01
   06  0.1285714E+01  0.1509483E+02  0.5053685E-02  0.5029479E-03  0.2924894E+01
   06  0.1297619E+01  0.1509483E+02  0.5264267E-02  0.5239078E-03  0.2924895E+01
   06  0.1309524E+01  0.1509483E+02  0.5474850E-02  0.5448682E-03  0.2924895E+01
   06  0.1321429E+01  0.1509483E+02  0.5685435E-02  0.5658289E-03  0.2924895E+01
   06  0.1333333E+01  0.1509483E+02  0.5896020E-02  0.5867901E-03  0.2924895E+01
   06  0.1345238E+01  0.1509483E+02  0.6106607E-02  0.6077516E-03  0.2924895E+01
   06  0.1357143E+01  0.1509483E+02  0.6317196E-02  0.6287135E-03  0.2924895E+01
   06  0.1369048E+01  0.1509483E+02  0.6527785E-02  0.6496758E-03  0.2924895E+01
   06  0.1380952E+01  0.1509483E+02  0.6738376E-02  0.6706386E-03  0.2924895E+01
   06  0.1392857E+01  0.1509483E+02  0.6948968E-02  0.6916018E-03  0.2924895E+01
   06  0.1404762E+01  0.1509483E+02  0.7159561E-02  0.7125654E-03  0.2924895E+01
   06  0.1416667E+01  0.1509483E+02  0.7370156E-02  0.7335295E-03  0.2924895E+01
   06  0.1428571E+01  0.1509483E+02  0.7580753E-02  0.7544940E-03  0.2924895E+01
   06  0.1476190E+01  0.1509483E+02  0.8423153E-02  0.8383556E-03  0.2924895E+01
   06  0.1523810E+01  0.1509483E+02  0.9265578E-02  0.9222250E-03  0.2924896E+01
   06  0.1571429E+01  0.1509483E+02  0.1010803E-01  0.1006102E-02  0.2924896E+01
   06  0.1619048E+01  0.1509483E+02  0.1095051E-01  0.1089989E-02  0.2924896E+01
   06  0.1666667E+01  0.1509483E+02  0.1179301E-01  0.1173883E-02  0.2924897E+01
   06  0.1714286E+01  0.1509483E+02  0.1263555E-01  0.1257788E-02  0.2924897E+01
   06  0.1761905E+01  0.1509483E+02  0.1347812E-01  0.1341702E-02  0.2924898E+01
   06  0.1809524E+01  0.1509483E+02  0.1432072E-01  0.1425626E-02  0.2924898E+01
   06  0.1857143E+01  0.1509483E+02  0.1516335E-01  0.1509561E-02  0.2924899E+01
   06  0.1904762E+01  0.1509483E+02  0.1600602E-01  0.1593506E-02  0.2924899E+01
   06  0.1952381E+01  0.1509483E+02  0.1684873E-01  0.1677463E-02  0.2924900E+01
