# gauge_id= 515 location=( -0.1251000000E+03  0.4170000000E+02 ) num_var=  4
# Stationary gauge
# level, time, q[  1  2  3], eta, aux[]
# file format ascii, time series follow in this file
   02  0.0000000E+00  0.1974486E+04  0.0000000E+00  0.0000000E+00  0.0000000E+00
   02  0.1000000E+01  0.1974486E+04 -0.2753501E-13  0.1109535E-12  0.2540707E+01
   02  0.1142857E+01  0.1974484E+04 -0.3513060E+00  0.2795510E-01  0.2538882E+01
   02  0.1285714E+01  0.1974482E+04 -0.7015596E+00  0.5582894E-01  0.2537058E+01
   02  0.1428571E+01  0.1974480E+04 -0.1050763E+01  0.8362154E-01  0.2535233E+01
   02  0.1571429E+01  0.1974478E+04 -0.1398919E+01  0.1113329E+00  0.2533408E+01
   02  0.1714286E+01  0.1974476E+04 -0.1746030E+01  0.1389632E+00  0.2531582E+01
   02  0.1857143E+01  0.1974475E+04 -0.2092108E+01  0.1665123E+00  0.2529757E+01
