# gauge_id= 614 location=( -0.1241981210E+03  0.4174777778E+02 ) num_var=  4
# Stationary gauge
# level, time, q[  1  2  3], eta, aux[]
# file format ascii, time series follow in this file
   06  0.0000000E+00  0.3179391E+01  0.0000000E+00  0.0000000E+00  0.0000000E+00
   06  0.1000000E+01  0.3179391E+01 -0.1005079E-15  0.2554692E-16  0.2808859E+01
   06  0.1003968E+01  0.3179391E+01  0.1824519E-04  0.1490434E-05  0.2808859E+01
   06  0.1007937E+01  0.3179391E+01  0.3649094E-04  0.2980769E-05  0.2808859E+01
   06  0.1011905E+01  0.3179391E+01  0.5473724E-04  0.4471006E-05  0.2808859E+01
   06  0.1015873E+01  0.3179391E+01  0.7298410E-04  0.5961146E-05  0.2808859E+01
   06  0.1019841E+01  0.3179391E+01  0.9123152E-04  0.7451190E-05  0.2808859E+01
   06  0.1023810E+01  0.3179391E+01  0.1094795E-03  0.8941139E-05  0.2808859E+01
   06  0.1027778E+01  0.3179391E+01  0.1277280E-03  0.1043099E-04  0.2808859E+01
   06  0.1031746E+01  0.3179391E+01  0.1459771E-03  0.1192076E-04  0.2808859E+01
   06  0.1035714E+01  0.3179391E+01  0.1642267E-03  0.1341043E-04  0.2808859E+01
   06  0.1039683E+01  0.3179391E+01  0.1824768E-03  0.1490001E-04  0.2808859E+01
   06  0.1043651E+01  0.3179391E+01  0.2007275E-03  0.1638949E-04  0.2808859E+01
   06  0.1047619E+01  0.3179391E+01  0.2189788E-03  0.1787889E-04  0.2808859E+01
   06  0.1051587E+01  0.3179391E+01  0.2372306E-03  0.1936821E-04  0.2808859E+01
   06  0.1055556E+01  0.3179391E+01  0.2554829E-03  0.2085743E-04  0.2808859E+01
   06  0.1059524E+01  0.3179391E+01  0.2737358E-03  0.2234657E-04  0.2808859E+01
   06  0.1063492E+01  0.3179391E+01  0.2919892E-03  0.2383563E-04  0.2808859E+01
   06  0.1067460E+01  0.3179391E+01  0.3102431E-03  0.2532459E-04  0.2808859E+01
   06  0.1071429E+01  0.3179391E+01  0.3284976E-03  0.2681348E-04  0.2808859E+01
   06  0.1075397E+01  0.3179391E+01  0.3467526E-03  0.2830229E-04  0.2808859E+01
   06  0.1079365E+01  0.3179391E+01  0.3650081E-03  0.2979101E-04  0.2808859E+01
   06  0.1083333E+01  0.3179391E+01  0.3832641E-03  0.3127965E-04  0.2808859E+01
   06  0.1087302E+01  0.3179391E+01  0.4015207E-03  0.3276821E-04  0.2808859E+01
   06  0.1091270E+01  0.3179391E+01  0.4197778E-03  0.3425670E-04  0.2808859E+01
   06  0.1095238E+01  0.3179391E+01  0.4380355E-03  0.3574511E-04  0.2808859E+01
   06  0.1099206E+01  0.3179390E+01  0.4562936E-03  0.3723344E-04  0.2808859E+01
   06  0.1103175E+01  0.3179390E+01  0.4745523E-03  0.3872169E-04  0.2808858E+01
   06  0.1107143E+01  0.3179390E+01  0.4928115E-03  0.4020987E-04  0.2808858E+01
   06  0.1119048E+01  0.3179390E+01  0.5475895E-03  0.4467231E-04  0.2808858E+01
   06  0.1130952E+01  0.3179390E+01  0.6023722E-03  0.4913411E-04  0.2808858E+01
   06  0.1142857E+01  0.3179390E+01  0.6571595E-03  0.5359529E-04  0.2808858E+01
   06  0.1154762E+01  0.3179390E+01  0.7119512E-03  0.5805588E-04  0.2808858E+01
   06  0.1166667E+01  0.3179390E+01  0.7667475E-03  0.6251591E-04  0.2808858E+01
   06  0.1178571E+01  0.3179390E+01  0.8215481E-03  0.6697540E-04  0.2808858E+01
   06  0.1190476E+01  0.3179390E+01  0.8763532E-03  0.7143438E-04  0.2808858E+01
   06  0.1202381E+01  0.3179390E+01  0.9311626E-03  0.7589287E-04  0.2808858E+01
   06  0.1214286E+01  0.3179390E+01  0.9859763E-03  0.8035090E-04  0.2808858E+01
   06  0.1226190E+01  0.3179390E+01  0.1040794E-02  0.8480848E-04  0.2808858E+01
   06  0.1238095E+01  0.3179390E+01  0.1095616E-02  0.8926565E-04  0.2808858E+01
   06  0.1250000E+01  0.3179390E+01  0.1150443E-02  0.9372243E-04  0.2808858E+01
   06  0.1261905E+01  0.3179390E+01  0.1205273E-02  0.9817884E-04  0.2808858E+01
   06  0.1273810E+01  0.3179390E+01  0.1260108E-02  0.1026349E-03  0.2808858E+01
   06  0.1285714E+01  0.3179390E+01  0.1314946E-02  0.1070907E-03  0.2808858E+01
   06  0.1297619E+01  0.3179390E+01  0.1369789E-02  0.1115461E-03  0.2808858E+01
   06  0.1309524E+01  0.3179390E+01  0.1424635E-02  0.1160013E-03  0.2808858E+01
   06  0.1321429E+01  0.3179390E+01  0.1479486E-02  0.1204562E-03  0.2808858E+01
   06  0.1333333E+01  0.3179390E+01  0.1534340E-02  0.1249109E-03  0.2808858E+01
   06  0.1345238E+01  0.3179389E+01  0.1589198E-02  0.1293654E-03  0.2808857E+01
   06  0.1357143E+01  0.3179389E+01  0.1644060E-02  0.1338198E-03  0.2808857E+01
   06  0.1369048E+01  0.3179389E+01  0.1698926E-02  0.1382739E-03  0.2808857E+01
   06  0.1380952E+01  0.3179389E+01  0.1753795E-02  0.1427280E-03  0.2808857E+01
   06  0.1392857E+01  0.3179389E+01  0.1808668E-02  0.1471819E-03  0.2808857E+01
   06  0.1404762E+01  0.3179389E+01  0.1863544E-02  0.1516357E-03  0.2808857E+01
   06  0.1416667E+01  0.3179389E+01  0.1918424E-02  0.1560895E-03  0.2808857E+01
   06  0.1428571E+01  0.3179389E+01  0.1973308E-02  0.1605433E-03  0.2808857E+01
   06  0.1476190E+01  0.3179389E+01  0.2192832E-02  0.1783275E-03  0.2808857E+01
   06  0.1523810E+01  0.3179389E+01  0.2412410E-02  0.1961128E-03  0.2808857E+01
   06  0.1571429E+01  0.3179388E+01  0.2632038E-02  0.2139007E-03  0.2808856E+01
   06  0.1619048E+01  0.3179388E+01  0.2851713E-02  0.2316926E-03  0.2808856E+01
   06  0.1666667E+01  0.3179388E+01  0.3071433E-02  0.2494898E-03  0.2808856E+01
   06  0.1714286E+01  0.3179388E+01  0.3291195E-02  0.2672939E-03  0.2808856E+01
   06  0.1761905E+01  0.3179387E+01  0.3510996E-02  0.2851061E-03  0.2808855E+01
   06  0.1809524E+01  0.3179387E+01  0.3730833E-02  0.3029280E-03  0.2808855E+01
   06  0.1857143E+01  0.3179387E+01  0.3950703E-02  0.3207609E-03  0.2808855E+01
   06  0.1904762E+01  0.3179387E+01  0.4170604E-02  0.3386061E-03  0.2808855E+01
   06  0.1952381E+01  0.3179386E+01  0.4390532E-02  0.3564652E-03  0.2808854E+01
