# gauge_id= 505 location=( -0.1251000000E+03  0.4150000000E+02 ) num_var=  4
# Stationary gauge
# level, time, q[  1  2  3], eta, aux[]
# file format ascii, time series follow in this file
   02  0.0000000E+00  0.2436365E+04  0.0000000E+00  0.0000000E+00  0.0000000E+00
   02  0.1000000E+01  0.2436365E+04  0.6962816E-14 -0.9739722E-13  0.2348017E+01
   02  0.1142857E+01  0.2436363E+04 -0.4846845E+00 -0.1893601E+00  0.2346429E+01
   02  0.1285714E+01  0.2436362E+04 -0.9682710E+00 -0.3783499E+00  0.2344840E+01
   02  0.1428571E+01  0.2436360E+04 -0.1450769E+01 -0.5669697E+00  0.2343251E+01
   02  0.1571429E+01  0.2436358E+04 -0.1932179E+01 -0.7552199E+00  0.2341661E+01
   02  0.1714286E+01  0.2436357E+04 -0.2412504E+01 -0.9431009E+00  0.2340070E+01
   02  0.1857143E+01  0.2436355E+04 -0.2891745E+01 -0.1130613E+01  0.2338479E+01
