# gauge_id= 605 location=( -0.1242015246E+03  0.4175949634E+02 ) num_var=  4
# Stationary gauge
# level, time, q[  1  2  3], eta, aux[]
# file format ascii, time series follow in this file
   06  0.0000000E+00  0.1253674E+02  0.0000000E+00  0.0000000E+00  0.0000000E+00
   06  0.1000000E+01  0.1253674E+02 -0.3448609E-14 -0.6429130E-15  0.2832036E+01
   06  0.1003968E+01  0.1253674E+02  0.5830427E-04  0.5792489E-05  0.2832036E+01
   06  0.1007937E+01  0.1253674E+02  0.1166084E-03  0.1158495E-04  0.2832036E+01
   06  0.1011905E+01  0.1253674E+02  0.1749123E-03  0.1737737E-04  0.2832036E+01
   06  0.1015873E+01  0.1253674E+02  0.2332161E-03  0.2316976E-04  0.2832036E+01
   06  0.1019841E+01  0.1253674E+02  0.2915198E-03  0.2896212E-04  0.2832036E+01
   06  0.1023810E+01  0.1253674E+02  0.3498232E-03  0.3475444E-04  0.2832036E+01
   06  0.1027778E+01  0.1253674E+02  0.4081266E-03  0.4054673E-04  0.2832036E+01
   06  0.1031746E+01  0.1253674E+02  0.4664297E-03  0.4633899E-04  0.2832036E+01
   06  0.1035714E+01  0.1253674E+02  0.5247327E-03  0.5213121E-04  0.2832036E+01
   06  0.1039683E+01  0.1253674E+02  0.5830355E-03  0.5792339E-04  0.2832036E+01
   06  0.1043651E+01  0.1253674E+02  0.6413382E-03  0.6371554E-04  0.2832036E+01
   06  0.1047619E+01  0.1253674E+02  0.6996407E-03  0.6950765E-04  0.2832036E+01
   06  0.1051587E+01  0.1253674E+02  0.7579431E-03  0.7529973E-04  0.2832036E+01
   06  0.1055556E+01  0.1253674E+02  0.8162453E-03  0.8109177E-04  0.2832036E+01
   06  0.1059524E+01  0.1253674E+02  0.8745473E-03  0.8688377E-04  0.2832036E+01
   06  0.1063492E+01  0.1253674E+02  0.9328491E-03  0.9267573E-04  0.2832036E+01
   06  0.1067460E+01  0.1253674E+02  0.9911508E-03  0.9846766E-04  0.2832036E+01
   06  0.1071429E+01  0.1253674E+02  0.1049452E-02  0.1042595E-03  0.2832036E+01
   06  0.1075397E+01  0.1253674E+02  0.1107754E-02  0.1100514E-03  0.2832036E+01
   06  0.1079365E+01  0.1253674E+02  0.1166055E-02  0.1158432E-03  0.2832036E+01
   06  0.1083333E+01  0.1253674E+02  0.1224356E-02  0.1216350E-03  0.2832036E+01
   06  0.1087302E+01  0.1253674E+02  0.1282657E-02  0.1274267E-03  0.2832036E+01
   06  0.1091270E+01  0.1253674E+02  0.1340957E-02  0.1332184E-03  0.2832036E+01
   06  0.1095238E+01  0.1253674E+02  0.1399258E-02  0.1390100E-03  0.2832036E+01
   06  0.1099206E+01  0.1253674E+02  0.1457558E-02  0.1448016E-03  0.2832036E+01
   06  0.1103175E+01  0.1253674E+02  0.1515859E-02  0.1505932E-03  0.2832036E+01
   06  0.1107143E+01  0.1253674E+02  0.1574159E-02  0.1563847E-03  0.2832036E+01
   06  0.1119048E+01  0.1253674E+02  0.1749059E-02  0.1737592E-03  0.2832036E+01
   06  0.1130952E+01  0.1253674E+02  0.1923957E-02  0.1911333E-03  0.2832036E+01
   06  0.1142857E+01  0.1253674E+02  0.2098854E-02  0.2085071E-03  0.2832036E+01
   06  0.1154762E+01  0.1253674E+02  0.2273750E-02  0.2258803E-03  0.2832036E+01
   06  0.1166667E+01  0.1253674E+02  0.2448644E-02  0.2432532E-03  0.2832036E+01
   06  0.1178571E+01  0.1253674E+02  0.2623536E-02  0.2606256E-03  0.2832036E+01
   06  0.1190476E+01  0.1253674E+02  0.2798427E-02  0.2779976E-03  0.2832036E+01
   06  0.1202381E+01  0.1253674E+02  0.2973316E-02  0.2953691E-03  0.2832036E+01
   06  0.1214286E+01  0.1253674E+02  0.3148204E-02  0.3127401E-03  0.2832036E+01
   06  0.1226190E+01  0.1253674E+02  0.3323090E-02  0.3301107E-03  0.2832036E+01
   06  0.1238095E+01  0.1253674E+02  0.3497974E-02  0.3474807E-03  0.2832036E+01
   06  0.1250000E+01  0.1253674E+02  0.3672857E-02  0.3648502E-03  0.2832036E+01
   06  0.1261905E+01  0.1253674E+02  0.3847738E-02  0.3822193E-03  0.2832036E+01
   06  0.1273810E+01  0.1253674E+02  0.4022617E-02  0.3995878E-03  0.2832036E+01
   06  0.1285714E+01  0.1253674E+02  0.4197495E-02  0.4169558E-03  0.2832036E+01
   06  0.1297619E+01  0.1253674E+02  0.4372371E-02  0.4343232E-03  0.2832036E+01
   06  0.1309524E+01  0.1253674E+02  0.4547245E-02  0.4516900E-03  0.2832036E+01
   06  0.1321429E+01  0.1253674E+02  0.4722118E-02  0.4690564E-03  0.2832036E+01
   06  0.1333333E+01  0.1253674E+02  0.4896989E-02  0.4864221E-03  0.2832036E+01
   06  0.1345238E+01  0.1253674E+02  0.5071858E-02  0.5037873E-03  0.2832037E+01
   06  0.1357143E+01  0.1253674E+02  0.5246725E-02  0.5211518E-03  0.2832037E+01
   06  0.1369048E+01  0.1253674E+02  0.5421591E-02  0.5385158E-03  0.2832037E+01
   06  0.1380952E+01  0.1253674E+02  0.5596455E-02  0.5558791E-03  0.2832037E+01
   06  0.1392857E+01  0.1253674E+02  0.5771317E-02  0.5732419E-03  0.2832037E+01
   06  0.1404762E+01  0.1253674E+02  0.5946178E-02  0.5906040E-03  0.2832037E+01
   06  0.1416667E+01  0.1253674E+02  0.6121036E-02  0.6079655E-03  0.2832037E+01
   06  0.1428571E+01  0.1253674E+02  0.6295893E-02  0.6253263E-03  0.2832037E+01
   06  0.1476190E+01  0.1253674E+02  0.6995331E-02  0.6947661E-03  0.2832037E+01
   06  0.1523810E+01  0.1253674E+02  0.7694741E-02  0.7641946E-03  0.2832038E+01
   06  0.1571429E+01  0.1253674E+02  0.8394125E-02  0.8336114E-03  0.2832038E+01
   06  0.1619048E+01  0.1253674E+02  0.9093482E-02  0.9030158E-03  0.2832038E+01
   06  0.1666667E+01  0.1253674E+02  0.9792812E-02  0.9724076E-03  0.2832039E+01
   06  0.1714286E+01  0.1253674E+02  0.1049211E-01  0.1041786E-02  0.2832039E+01
   06  0.1761905E+01  0.1253674E+02  0.1119139E-01  0.1111151E-02  0.2832040E+01
   06  0.1809524E+01  0.1253674E+02  0.1189064E-01  0.1180502E-02  0.2832040E+01
   06  0.1857143E+01  0.1253674E+02  0.1258987E-01  0.1249838E-02  0.2832041E+01
   06  0.1904762E+01  0.1253674E+02  0.1328906E-01  0.1319160E-02  0.2832041E+01
   06  0.1952381E+01  0.1253675E+02  0.1398824E-01  0.1388466E-02  0.2832042E+01
