# gauge_id= 305 location=( -0.1241963333E+03  0.4175583333E+02 ) num_var=  4
# Stationary gauge
# level, time, q[  1  2  3], eta, aux[]
# file format ascii, time series follow in this file
   06  0.0000000E+00  0.6066836E+01  0.0000000E+00  0.0000000E+00  0.0000000E+00
   06  0.1000000E+01  0.6066836E+01  0.1575464E-15 -0.4112918E-15  0.2776215E+01
   06  0.1003968E+01  0.6066836E+01  0.3500196E-04  0.2825939E-05  0.2776215E+01
   06  0.1007937E+01  0.6066836E+01  0.7000398E-04  0.5651838E-05  0.2776215E+01
   06  0.1011905E+01  0.6066836E+01  0.1050061E-03  0.8477697E-05  0.2776215E+01
   06  0.1015873E+01  0.6066836E+01  0.1400082E-03  0.1130351E-04  0.2776215E+01
   06  0.1019841E+01  0.6066836E+01  0.1750105E-03  0.1412929E-04  0.2776215E+01
   06  0.1023810E+01  0.6066836E+01  0.2100128E-03  0.1695503E-04  0.2776215E+01
   06  0.1027778E+01  0.6066836E+01  0.2450151E-03  0.1978072E-04  0.2776215E+01
   06  0.1031746E+01  0.6066836E+01  0.2800176E-03  0.2260637E-04  0.2776215E+01
   06  0.1035714E+01  0.6066836E+01  0.3150201E-03  0.2543197E-04  0.2776215E+01
   06  0.1039683E+01  0.6066836E+01  0.3500226E-03  0.2825753E-04  0.2776215E+01
   06  0.1043651E+01  0.6066836E+01  0.3850252E-03  0.3108305E-04  0.2776215E+01
   06  0.1047619E+01  0.6066836E+01  0.4200279E-03  0.3390852E-04  0.2776215E+01
   06  0.1051587E+01  0.6066836E+01  0.4550307E-03  0.3673395E-04  0.2776215E+01
   06  0.1055556E+01  0.6066836E+01  0.4900335E-03  0.3955933E-04  0.2776215E+01
   06  0.1059524E+01  0.6066836E+01  0.5250364E-03  0.4238467E-04  0.2776215E+01
   06  0.1063492E+01  0.6066836E+01  0.5600393E-03  0.4520995E-04  0.2776215E+01
   06  0.1067460E+01  0.6066836E+01  0.5950424E-03  0.4803519E-04  0.2776215E+01
   06  0.1071429E+01  0.6066836E+01  0.6300454E-03  0.5086039E-04  0.2776215E+01
   06  0.1075397E+01  0.6066836E+01  0.6650486E-03  0.5368553E-04  0.2776215E+01
   06  0.1079365E+01  0.6066836E+01  0.7000517E-03  0.5651062E-04  0.2776215E+01
   06  0.1083333E+01  0.6066836E+01  0.7350550E-03  0.5933567E-04  0.2776215E+01
   06  0.1087302E+01  0.6066836E+01  0.7700583E-03  0.6216066E-04  0.2776215E+01
   06  0.1091270E+01  0.6066836E+01  0.8050617E-03  0.6498561E-04  0.2776215E+01
   06  0.1095238E+01  0.6066836E+01  0.8400651E-03  0.6781050E-04  0.2776215E+01
   06  0.1099206E+01  0.6066836E+01  0.8750686E-03  0.7063534E-04  0.2776215E+01
   06  0.1103175E+01  0.6066836E+01  0.9100722E-03  0.7346013E-04  0.2776215E+01
   06  0.1107143E+01  0.6066836E+01  0.9450758E-03  0.7628487E-04  0.2776215E+01
   06  0.1119048E+01  0.6066836E+01  0.1050087E-02  0.8475905E-04  0.2776215E+01
   06  0.1130952E+01  0.6066837E+01  0.1155098E-02  0.9323273E-04  0.2776215E+01
   06  0.1142857E+01  0.6066837E+01  0.1260110E-02  0.1017059E-03  0.2776215E+01
   06  0.1154762E+01  0.6066837E+01  0.1365122E-02  0.1101786E-03  0.2776215E+01
   06  0.1166667E+01  0.6066837E+01  0.1470135E-02  0.1186507E-03  0.2776215E+01
   06  0.1178571E+01  0.6066837E+01  0.1575148E-02  0.1271223E-03  0.2776215E+01
   06  0.1190476E+01  0.6066837E+01  0.1680162E-02  0.1355933E-03  0.2776215E+01
   06  0.1202381E+01  0.6066837E+01  0.1785176E-02  0.1440638E-03  0.2776215E+01
   06  0.1214286E+01  0.6066837E+01  0.1890191E-02  0.1525336E-03  0.2776215E+01
   06  0.1226190E+01  0.6066837E+01  0.1995206E-02  0.1610029E-03  0.2776215E+01
   06  0.1238095E+01  0.6066837E+01  0.2100221E-02  0.1694715E-03  0.2776215E+01
   06  0.1250000E+01  0.6066837E+01  0.2205237E-02  0.1779396E-03  0.2776215E+01
   06  0.1261905E+01  0.6066837E+01  0.2310253E-02  0.1864070E-03  0.2776215E+01
   06  0.1273810E+01  0.6066837E+01  0.2415270E-02  0.1948737E-03  0.2776215E+01
   06  0.1285714E+01  0.6066837E+01  0.2520287E-02  0.2033398E-03  0.2776216E+01
   06  0.1297619E+01  0.6066837E+01  0.2625304E-02  0.2118052E-03  0.2776216E+01
   06  0.1309524E+01  0.6066837E+01  0.2730322E-02  0.2202699E-03  0.2776216E+01
   06  0.1321429E+01  0.6066837E+01  0.2835339E-02  0.2287339E-03  0.2776216E+01
   06  0.1333333E+01  0.6066837E+01  0.2940358E-02  0.2371972E-03  0.2776216E+01
   06  0.1345238E+01  0.6066837E+01  0.3045376E-02  0.2456597E-03  0.2776216E+01
   06  0.1357143E+01  0.6066837E+01  0.3150395E-02  0.2541216E-03  0.2776216E+01
   06  0.1369048E+01  0.6066838E+01  0.3255414E-02  0.2625826E-03  0.2776216E+01
   06  0.1380952E+01  0.6066838E+01  0.3360433E-02  0.2710429E-03  0.2776216E+01
   06  0.1392857E+01  0.6066838E+01  0.3465453E-02  0.2795024E-03  0.2776216E+01
   06  0.1404762E+01  0.6066838E+01  0.3570473E-02  0.2879612E-03  0.2776216E+01
   06  0.1416667E+01  0.6066838E+01  0.3675493E-02  0.2964191E-03  0.2776216E+01
   06  0.1428571E+01  0.6066838E+01  0.3780513E-02  0.3048762E-03  0.2776216E+01
   06  0.1476190E+01  0.6066838E+01  0.4200590E-02  0.3386998E-03  0.2776217E+01
   06  0.1523810E+01  0.6066839E+01  0.4620670E-02  0.3725093E-03  0.2776217E+01
   06  0.1571429E+01  0.6066839E+01  0.5040752E-02  0.4063039E-03  0.2776218E+01
   06  0.1619048E+01  0.6066840E+01  0.5460834E-02  0.4400826E-03  0.2776218E+01
   06  0.1666667E+01  0.6066840E+01  0.5880916E-02  0.4738448E-03  0.2776219E+01
   06  0.1714286E+01  0.6066841E+01  0.6300998E-02  0.5075897E-03  0.2776219E+01
   06  0.1761905E+01  0.6066842E+01  0.6721077E-02  0.5413165E-03  0.2776220E+01
   06  0.1809524E+01  0.6066842E+01  0.7141154E-02  0.5750245E-03  0.2776221E+01
   06  0.1857143E+01  0.6066843E+01  0.7561228E-02  0.6087129E-03  0.2776221E+01
   06  0.1904762E+01  0.6066844E+01  0.7981297E-02  0.6423810E-03  0.2776222E+01
   06  0.1952381E+01  0.6066845E+01  0.8401360E-02  0.6760282E-03  0.2776223E+01
