# gauge_id= 204 location=( -0.1242016000E+03  0.4175375000E+02 ) num_var=  4
# Stationary gauge
# level, time, q[  1  2  3], eta, aux[]
# file format ascii, time series follow in this file
   06  0.0000000E+00  0.6801339E+01  0.0000000E+00  0.0000000E+00  0.0000000E+00
   06  0.1000000E+01  0.6801339E+01  0.2512107E-15 -0.1728428E-15  0.2840368E+01
   06  0.1003968E+01  0.6801339E+01  0.3223131E-04  0.3144780E-05  0.2840368E+01
   06  0.1007937E+01  0.6801339E+01  0.6446330E-04  0.6289856E-05  0.2840368E+01
   06  0.1011905E+01  0.6801339E+01  0.9669596E-04  0.9435232E-05  0.2840368E+01
   06  0.1015873E+01  0.6801339E+01  0.1289293E-03  0.1258091E-04  0.2840368E+01
   06  0.1019841E+01  0.6801339E+01  0.1611633E-03  0.1572689E-04  0.2840368E+01
   06  0.1023810E+01  0.6801339E+01  0.1933980E-03  0.1887317E-04  0.2840368E+01
   06  0.1027778E+01  0.6801339E+01  0.2256334E-03  0.2201977E-04  0.2840368E+01
   06  0.1031746E+01  0.6801339E+01  0.2578695E-03  0.2516667E-04  0.2840368E+01
   06  0.1035714E+01  0.6801339E+01  0.2901063E-03  0.2831388E-04  0.2840368E+01
   06  0.1039683E+01  0.6801339E+01  0.3223438E-03  0.3146141E-04  0.2840368E+01
   06  0.1043651E+01  0.6801339E+01  0.3545819E-03  0.3460926E-04  0.2840368E+01
   06  0.1047619E+01  0.6801339E+01  0.3868208E-03  0.3775742E-04  0.2840368E+01
   06  0.1051587E+01  0.6801339E+01  0.4190603E-03  0.4090590E-04  0.2840368E+01
   06  0.1055556E+01  0.6801339E+01  0.4513006E-03  0.4405471E-04  0.2840368E+01
   06  0.1059524E+01  0.6801339E+01  0.4835416E-03  0.4720384E-04  0.2840368E+01
   06  0.1063492E+01  0.6801339E+01  0.5157833E-03  0.5035329E-04  0.2840368E+01
   06  0.1067460E+01  0.6801340E+01  0.5480257E-03  0.5350308E-04  0.2840368E+01
   06  0.1071429E+01  0.6801340E+01  0.5802688E-03  0.5665320E-04  0.2840368E+01
   06  0.1075397E+01  0.6801340E+01  0.6125126E-03  0.5980365E-04  0.2840368E+01
   06  0.1079365E+01  0.6801340E+01  0.6447571E-03  0.6295443E-04  0.2840368E+01
   06  0.1083333E+01  0.6801340E+01  0.6770024E-03  0.6610556E-04  0.2840368E+01
   06  0.1087302E+01  0.6801340E+01  0.7092483E-03  0.6925702E-04  0.2840368E+01
   06  0.1091270E+01  0.6801340E+01  0.7414950E-03  0.7240882E-04  0.2840368E+01
   06  0.1095238E+01  0.6801340E+01  0.7737425E-03  0.7556097E-04  0.2840369E+01
   06  0.1099206E+01  0.6801340E+01  0.8059906E-03  0.7871346E-04  0.2840369E+01
   06  0.1103175E+01  0.6801340E+01  0.8382395E-03  0.8186630E-04  0.2840369E+01
   06  0.1107143E+01  0.6801340E+01  0.8704891E-03  0.8501950E-04  0.2840369E+01
   06  0.1119048E+01  0.6801340E+01  0.9672418E-03  0.9448020E-04  0.2840369E+01
   06  0.1130952E+01  0.6801340E+01  0.1064001E-02  0.1039441E-03  0.2840369E+01
   06  0.1142857E+01  0.6801340E+01  0.1160767E-02  0.1134113E-03  0.2840369E+01
   06  0.1154762E+01  0.6801340E+01  0.1257540E-02  0.1228819E-03  0.2840369E+01
   06  0.1166667E+01  0.6801341E+01  0.1354320E-02  0.1323558E-03  0.2840369E+01
   06  0.1178571E+01  0.6801341E+01  0.1451107E-02  0.1418332E-03  0.2840369E+01
   06  0.1190476E+01  0.6801341E+01  0.1547901E-02  0.1513141E-03  0.2840370E+01
   06  0.1202381E+01  0.6801341E+01  0.1644701E-02  0.1607985E-03  0.2840370E+01
   06  0.1214286E+01  0.6801341E+01  0.1741509E-02  0.1702866E-03  0.2840370E+01
   06  0.1226190E+01  0.6801341E+01  0.1838325E-02  0.1797783E-03  0.2840370E+01
   06  0.1238095E+01  0.6801341E+01  0.1935147E-02  0.1892737E-03  0.2840370E+01
   06  0.1250000E+01  0.6801342E+01  0.2031977E-02  0.1987730E-03  0.2840370E+01
   06  0.1261905E+01  0.6801342E+01  0.2128814E-02  0.2082761E-03  0.2840370E+01
   06  0.1273810E+01  0.6801342E+01  0.2225659E-02  0.2177830E-03  0.2840371E+01
   06  0.1285714E+01  0.6801342E+01  0.2322511E-02  0.2272939E-03  0.2840371E+01
   06  0.1297619E+01  0.6801342E+01  0.2419370E-02  0.2368089E-03  0.2840371E+01
   06  0.1309524E+01  0.6801342E+01  0.2516238E-02  0.2463278E-03  0.2840371E+01
   06  0.1321429E+01  0.6801342E+01  0.2613113E-02  0.2558509E-03  0.2840371E+01
   06  0.1333333E+01  0.6801343E+01  0.2709995E-02  0.2653782E-03  0.2840371E+01
   06  0.1345238E+01  0.6801343E+01  0.2806886E-02  0.2749096E-03  0.2840371E+01
   06  0.1357143E+01  0.6801343E+01  0.2903784E-02  0.2844453E-03  0.2840372E+01
   06  0.1369048E+01  0.6801343E+01  0.3000691E-02  0.2939854E-03  0.2840372E+01
   06  0.1380952E+01  0.6801343E+01  0.3097605E-02  0.3035298E-03  0.2840372E+01
   06  0.1392857E+01  0.6801343E+01  0.3194527E-02  0.3130787E-03  0.2840372E+01
   06  0.1404762E+01  0.6801344E+01  0.3291458E-02  0.3226321E-03  0.2840372E+01
   06  0.1416667E+01  0.6801344E+01  0.3388397E-02  0.3321899E-03  0.2840372E+01
   06  0.1428571E+01  0.6801344E+01  0.3485343E-02  0.3417524E-03  0.2840373E+01
   06  0.1476190E+01  0.6801345E+01  0.3873205E-02  0.3800316E-03  0.2840373E+01
   06  0.1523810E+01  0.6801345E+01  0.4261203E-02  0.4183881E-03  0.2840374E+01
   06  0.1571429E+01  0.6801346E+01  0.4649342E-02  0.4568252E-03  0.2840375E+01
   06  0.1619048E+01  0.6801347E+01  0.5037625E-02  0.4953463E-03  0.2840375E+01
   06  0.1666667E+01  0.6801347E+01  0.5426056E-02  0.5339545E-03  0.2840376E+01
   06  0.1714286E+01  0.6801348E+01  0.5814639E-02  0.5726531E-03  0.2840377E+01
   06  0.1761905E+01  0.6801349E+01  0.6203376E-02  0.6114451E-03  0.2840378E+01
   06  0.1809524E+01  0.6801350E+01  0.6592273E-02  0.6503337E-03  0.2840379E+01
   06  0.1857143E+01  0.6801351E+01  0.6981332E-02  0.6893218E-03  0.2840380E+01
   06  0.1904762E+01  0.6801352E+01  0.7370557E-02  0.7284126E-03  0.2840380E+01
   06  0.1952381E+01  0.6801353E+01  0.7759952E-02  0.7676090E-03  0.2840381E+01
