# gauge_id= 304 location=( -0.1241920000E+03  0.4175062500E+02 ) num_var=  4
# Stationary gauge
# level, time, q[  1  2  3], eta, aux[]
# file format ascii, time series follow in this file
   06  0.0000000E+00  0.1185211E+01  0.0000000E+00  0.0000000E+00  0.0000000E+00
   06  0.1000000E+01  0.1185211E+01 -0.2740377E-17  0.1278314E-16  0.2730039E+01
   06  0.1003968E+01  0.1185212E+01  0.8123208E-05  0.5610629E-06  0.2730040E+01
   06  0.1007937E+01  0.1185212E+01  0.1624496E-04  0.1122288E-05  0.2730040E+01
   06  0.1011905E+01  0.1185212E+01  0.2436525E-04  0.1683675E-05  0.2730040E+01
   06  0.1015873E+01  0.1185213E+01  0.3248408E-04  0.2245223E-05  0.2730041E+01
   06  0.1019841E+01  0.1185213E+01  0.4060145E-04  0.2806932E-05  0.2730041E+01
   06  0.1023810E+01  0.1185213E+01  0.4871736E-04  0.3368801E-05  0.2730041E+01
   06  0.1027778E+01  0.1185214E+01  0.5683181E-04  0.3930830E-05  0.2730042E+01
   06  0.1031746E+01  0.1185214E+01  0.6494480E-04  0.4493018E-05  0.2730042E+01
   06  0.1035714E+01  0.1185215E+01  0.7305633E-04  0.5055364E-05  0.2730042E+01
   06  0.1039683E+01  0.1185215E+01  0.8116640E-04  0.5617868E-05  0.2730043E+01
   06  0.1043651E+01  0.1185215E+01  0.8927500E-04  0.6180530E-05  0.2730043E+01
   06  0.1047619E+01  0.1185216E+01  0.9738215E-04  0.6743349E-05  0.2730044E+01
   06  0.1051587E+01  0.1185216E+01  0.1054878E-03  0.7306324E-05  0.2730044E+01
   06  0.1055556E+01  0.1185216E+01  0.1135921E-03  0.7869455E-05  0.2730044E+01
   06  0.1059524E+01  0.1185217E+01  0.1216948E-03  0.8432742E-05  0.2730045E+01
   06  0.1063492E+01  0.1185217E+01  0.1297961E-03  0.8996183E-05  0.2730045E+01
   06  0.1067460E+01  0.1185217E+01  0.1378959E-03  0.9559779E-05  0.2730045E+01
   06  0.1071429E+01  0.1185218E+01  0.1459943E-03  0.1012353E-04  0.2730046E+01
   06  0.1075397E+01  0.1185218E+01  0.1540912E-03  0.1068743E-04  0.2730046E+01
   06  0.1079365E+01  0.1185218E+01  0.1621867E-03  0.1125149E-04  0.2730046E+01
   06  0.1083333E+01  0.1185219E+01  0.1702806E-03  0.1181570E-04  0.2730047E+01
   06  0.1087302E+01  0.1185219E+01  0.1783732E-03  0.1238006E-04  0.2730047E+01
   06  0.1091270E+01  0.1185220E+01  0.1864642E-03  0.1294457E-04  0.2730047E+01
   06  0.1095238E+01  0.1185220E+01  0.1945538E-03  0.1350923E-04  0.2730048E+01
   06  0.1099206E+01  0.1185220E+01  0.2026419E-03  0.1407404E-04  0.2730048E+01
   06  0.1103175E+01  0.1185221E+01  0.2107286E-03  0.1463900E-04  0.2730048E+01
   06  0.1107143E+01  0.1185221E+01  0.2188138E-03  0.1520411E-04  0.2730049E+01
   06  0.1119048E+01  0.1185222E+01  0.2430616E-03  0.1690021E-04  0.2730050E+01
   06  0.1130952E+01  0.1185223E+01  0.2672963E-03  0.1859764E-04  0.2730051E+01
   06  0.1142857E+01  0.1185224E+01  0.2915178E-03  0.2029638E-04  0.2730052E+01
   06  0.1154762E+01  0.1185225E+01  0.3157261E-03  0.2199642E-04  0.2730053E+01
   06  0.1166667E+01  0.1185226E+01  0.3399211E-03  0.2369776E-04  0.2730054E+01
   06  0.1178571E+01  0.1185227E+01  0.3641030E-03  0.2540037E-04  0.2730055E+01
   06  0.1190476E+01  0.1185228E+01  0.3882716E-03  0.2710425E-04  0.2730056E+01
   06  0.1202381E+01  0.1185229E+01  0.4124270E-03  0.2880938E-04  0.2730057E+01
   06  0.1214286E+01  0.1185230E+01  0.4365691E-03  0.3051575E-04  0.2730058E+01
   06  0.1226190E+01  0.1185231E+01  0.4606981E-03  0.3222335E-04  0.2730059E+01
   06  0.1238095E+01  0.1185232E+01  0.4848137E-03  0.3393217E-04  0.2730060E+01
   06  0.1250000E+01  0.1185233E+01  0.5089161E-03  0.3564219E-04  0.2730061E+01
   06  0.1261905E+01  0.1185234E+01  0.5330053E-03  0.3735341E-04  0.2730062E+01
   06  0.1273810E+01  0.1185235E+01  0.5570811E-03  0.3906581E-04  0.2730063E+01
   06  0.1285714E+01  0.1185236E+01  0.5811437E-03  0.4077937E-04  0.2730064E+01
   06  0.1297619E+01  0.1185237E+01  0.6051931E-03  0.4249410E-04  0.2730065E+01
   06  0.1309524E+01  0.1185238E+01  0.6292291E-03  0.4420997E-04  0.2730066E+01
   06  0.1321429E+01  0.1185239E+01  0.6532518E-03  0.4592699E-04  0.2730067E+01
   06  0.1333333E+01  0.1185240E+01  0.6772613E-03  0.4764512E-04  0.2730068E+01
   06  0.1345238E+01  0.1185241E+01  0.7012574E-03  0.4936438E-04  0.2730069E+01
   06  0.1357143E+01  0.1185242E+01  0.7252403E-03  0.5108473E-04  0.2730069E+01
   06  0.1369048E+01  0.1185243E+01  0.7492098E-03  0.5280619E-04  0.2730070E+01
   06  0.1380952E+01  0.1185243E+01  0.7731661E-03  0.5452872E-04  0.2730071E+01
   06  0.1392857E+01  0.1185244E+01  0.7971090E-03  0.5625233E-04  0.2730072E+01
   06  0.1404762E+01  0.1185245E+01  0.8210385E-03  0.5797700E-04  0.2730073E+01
   06  0.1416667E+01  0.1185246E+01  0.8449548E-03  0.5970273E-04  0.2730074E+01
   06  0.1428571E+01  0.1185247E+01  0.8688577E-03  0.6142950E-04  0.2730075E+01
   06  0.1476190E+01  0.1185251E+01  0.9643570E-03  0.6834531E-04  0.2730079E+01
   06  0.1523810E+01  0.1185254E+01  0.1059643E-02  0.7527718E-04  0.2730082E+01
   06  0.1571429E+01  0.1185257E+01  0.1154715E-02  0.8222451E-04  0.2730085E+01
   06  0.1619048E+01  0.1185261E+01  0.1249573E-02  0.8918673E-04  0.2730089E+01
   06  0.1666667E+01  0.1185264E+01  0.1344218E-02  0.9616329E-04  0.2730092E+01
   06  0.1714286E+01  0.1185267E+01  0.1438647E-02  0.1031537E-03  0.2730095E+01
   06  0.1761905E+01  0.1185270E+01  0.1532862E-02  0.1101574E-03  0.2730098E+01
   06  0.1809524E+01  0.1185273E+01  0.1626862E-02  0.1171740E-03  0.2730101E+01
   06  0.1857143E+01  0.1185276E+01  0.1720647E-02  0.1242029E-03  0.2730104E+01
   06  0.1904762E+01  0.1185279E+01  0.1814217E-02  0.1312438E-03  0.2730107E+01
   06  0.1952381E+01  0.1185282E+01  0.1907571E-02  0.1382962E-03  0.2730110E+01
