# gauge_id= 613 location=( -0.1242110343E+03  0.4176499358E+02 ) num_var=  4
# Stationary gauge
# level, time, q[  1  2  3], eta, aux[]
# file format ascii, time series follow in this file
   06  0.0000000E+00  0.1560618E+02  0.0000000E+00  0.0000000E+00  0.0000000E+00
   06  0.1000000E+01  0.1560618E+02  0.2367942E-14 -0.1387562E-14  0.2918005E+01
   06  0.1003968E+01  0.1560618E+02  0.7253955E-04  0.8848402E-05  0.2918005E+01
   06  0.1007937E+01  0.1560618E+02  0.1450790E-03  0.1769680E-04  0.2918005E+01
   06  0.1011905E+01  0.1560618E+02  0.2176183E-03  0.2654519E-04  0.2918005E+01
   06  0.1015873E+01  0.1560618E+02  0.2901575E-03  0.3539357E-04  0.2918005E+01
   06  0.1019841E+01  0.1560618E+02  0.3626966E-03  0.4424194E-04  0.2918005E+01
   06  0.1023810E+01  0.1560618E+02  0.4352356E-03  0.5309031E-04  0.2918005E+01
   06  0.1027778E+01  0.1560618E+02  0.5077745E-03  0.6193867E-04  0.2918005E+01
   06  0.1031746E+01  0.1560618E+02  0.5803132E-03  0.7078702E-04  0.2918005E+01
   06  0.1035714E+01  0.1560618E+02  0.6528518E-03  0.7963535E-04  0.2918005E+01
   06  0.1039683E+01  0.1560618E+02  0.7253903E-03  0.8848368E-04  0.2918005E+01
   06  0.1043651E+01  0.1560618E+02  0.7979287E-03  0.9733199E-04  0.2918005E+01
   06  0.1047619E+01  0.1560618E+02  0.8704670E-03  0.1061803E-03  0.2918005E+01
   06  0.1051587E+01  0.1560618E+02  0.9430051E-03  0.1150286E-03  0.2918005E+01
   06  0.1055556E+01  0.1560618E+02  0.1015543E-02  0.1238768E-03  0.2918005E+01
   06  0.1059524E+01  0.1560618E+02  0.1088081E-02  0.1327251E-03  0.2918005E+01
   06  0.1063492E+01  0.1560618E+02  0.1160619E-02  0.1415733E-03  0.2918005E+01
   06  0.1067460E+01  0.1560618E+02  0.1233156E-02  0.1504216E-03  0.2918005E+01
   06  0.1071429E+01  0.1560618E+02  0.1305694E-02  0.1592698E-03  0.2918005E+01
   06  0.1075397E+01  0.1560618E+02  0.1378231E-02  0.1681180E-03  0.2918005E+01
   06  0.1079365E+01  0.1560618E+02  0.1450769E-02  0.1769661E-03  0.2918005E+01
   06  0.1083333E+01  0.1560618E+02  0.1523306E-02  0.1858143E-03  0.2918005E+01
   06  0.1087302E+01  0.1560618E+02  0.1595843E-02  0.1946624E-03  0.2918005E+01
   06  0.1091270E+01  0.1560618E+02  0.1668380E-02  0.2035105E-03  0.2918005E+01
   06  0.1095238E+01  0.1560618E+02  0.1740916E-02  0.2123586E-03  0.2918005E+01
   06  0.1099206E+01  0.1560618E+02  0.1813453E-02  0.2212067E-03  0.2918005E+01
   06  0.1103175E+01  0.1560618E+02  0.1885989E-02  0.2300548E-03  0.2918005E+01
   06  0.1107143E+01  0.1560618E+02  0.1958526E-02  0.2389028E-03  0.2918005E+01
   06  0.1119048E+01  0.1560618E+02  0.2176134E-02  0.2654470E-03  0.2918004E+01
   06  0.1130952E+01  0.1560618E+02  0.2393741E-02  0.2919910E-03  0.2918004E+01
   06  0.1142857E+01  0.1560618E+02  0.2611346E-02  0.3185347E-03  0.2918004E+01
   06  0.1154762E+01  0.1560618E+02  0.2828950E-02  0.3450782E-03  0.2918004E+01
   06  0.1166667E+01  0.1560618E+02  0.3046553E-02  0.3716214E-03  0.2918004E+01
   06  0.1178571E+01  0.1560618E+02  0.3264155E-02  0.3981642E-03  0.2918004E+01
   06  0.1190476E+01  0.1560618E+02  0.3481755E-02  0.4247068E-03  0.2918004E+01
   06  0.1202381E+01  0.1560618E+02  0.3699354E-02  0.4512490E-03  0.2918004E+01
   06  0.1214286E+01  0.1560618E+02  0.3916951E-02  0.4777908E-03  0.2918004E+01
   06  0.1226190E+01  0.1560618E+02  0.4134547E-02  0.5043322E-03  0.2918004E+01
   06  0.1238095E+01  0.1560618E+02  0.4352142E-02  0.5308733E-03  0.2918004E+01
   06  0.1250000E+01  0.1560618E+02  0.4569735E-02  0.5574139E-03  0.2918004E+01
   06  0.1261905E+01  0.1560618E+02  0.4787326E-02  0.5839541E-03  0.2918004E+01
   06  0.1273810E+01  0.1560618E+02  0.5004916E-02  0.6104938E-03  0.2918004E+01
   06  0.1285714E+01  0.1560618E+02  0.5222504E-02  0.6370330E-03  0.2918004E+01
   06  0.1297619E+01  0.1560618E+02  0.5440091E-02  0.6635717E-03  0.2918004E+01
   06  0.1309524E+01  0.1560618E+02  0.5657676E-02  0.6901100E-03  0.2918004E+01
   06  0.1321429E+01  0.1560618E+02  0.5875260E-02  0.7166477E-03  0.2918004E+01
   06  0.1333333E+01  0.1560618E+02  0.6092842E-02  0.7431848E-03  0.2918004E+01
   06  0.1345238E+01  0.1560618E+02  0.6310422E-02  0.7697214E-03  0.2918004E+01
   06  0.1357143E+01  0.1560618E+02  0.6528000E-02  0.7962574E-03  0.2918004E+01
   06  0.1369048E+01  0.1560618E+02  0.6745577E-02  0.8227927E-03  0.2918004E+01
   06  0.1380952E+01  0.1560618E+02  0.6963152E-02  0.8493275E-03  0.2918004E+01
   06  0.1392857E+01  0.1560618E+02  0.7180725E-02  0.8758616E-03  0.2918004E+01
   06  0.1404762E+01  0.1560618E+02  0.7398297E-02  0.9023950E-03  0.2918004E+01
   06  0.1416667E+01  0.1560618E+02  0.7615866E-02  0.9289278E-03  0.2918004E+01
   06  0.1428571E+01  0.1560618E+02  0.7833434E-02  0.9554599E-03  0.2918004E+01
   06  0.1476190E+01  0.1560618E+02  0.8703687E-02  0.1061587E-02  0.2918004E+01
   06  0.1523810E+01  0.1560618E+02  0.9573908E-02  0.1167701E-02  0.2918004E+01
   06  0.1571429E+01  0.1560618E+02  0.1044410E-01  0.1273802E-02  0.2918003E+01
   06  0.1619048E+01  0.1560618E+02  0.1131425E-01  0.1379888E-02  0.2918003E+01
   06  0.1666667E+01  0.1560618E+02  0.1218437E-01  0.1485958E-02  0.2918003E+01
   06  0.1714286E+01  0.1560618E+02  0.1305446E-01  0.1592011E-02  0.2918003E+01
   06  0.1761905E+01  0.1560618E+02  0.1392450E-01  0.1698046E-02  0.2918003E+01
   06  0.1809524E+01  0.1560618E+02  0.1479451E-01  0.1804062E-02  0.2918002E+01
   06  0.1857143E+01  0.1560618E+02  0.1566448E-01  0.1910057E-02  0.2918002E+01
   06  0.1904762E+01  0.1560618E+02  0.1653441E-01  0.2016032E-02  0.2918002E+01
   06  0.1952381E+01  0.1560618E+02  0.1740429E-01  0.2121984E-02  0.2918001E+01
