# gauge_id= 607 location=( -0.1242042291E+03  0.4176285853E+02 ) num_var=  4
# Stationary gauge
# level, time, q[  1  2  3], eta, aux[]
# file format ascii, time series follow in this file
   06  0.0000000E+00  0.1288720E+02  0.0000000E+00  0.0000000E+00  0.0000000E+00
   06  0.1000000E+01  0.1288720E+02 -0.7331616E-15  0.2288548E-15  0.2854091E+01
   06  0.1003968E+01  0.1288720E+02  0.6022610E-04  0.7333884E-05  0.2854091E+01
   06  0.1007937E+01  0.1288720E+02  0.1204537E-03  0.1466801E-04  0.2854091E+01
   06  0.1011905E+01  0.1288720E+02  0.1806830E-03  0.2200238E-04  0.2854091E+01
   06  0.1015873E+01  0.1288720E+02  0.2409137E-03  0.2933700E-04  0.2854091E+01
   06  0.1019841E+01  0.1288720E+02  0.3011460E-03  0.3667185E-04  0.2854091E+01
   06  0.1023810E+01  0.1288720E+02  0.3613798E-03  0.4400693E-04  0.2854091E+01
   06  0.1027778E+01  0.1288720E+02  0.4216152E-03  0.5134225E-04  0.2854091E+01
   06  0.1031746E+01  0.1288720E+02  0.4818520E-03  0.5867780E-04  0.2854091E+01
   06  0.1035714E+01  0.1288720E+02  0.5420904E-03  0.6601358E-04  0.2854091E+01
   06  0.1039683E+01  0.1288720E+02  0.6023303E-03  0.7334959E-04  0.2854091E+01
   06  0.1043651E+01  0.1288720E+02  0.6625717E-03  0.8068582E-04  0.2854091E+01
   06  0.1047619E+01  0.1288720E+02  0.7228146E-03  0.8802227E-04  0.2854091E+01
   06  0.1051587E+01  0.1288720E+02  0.7830590E-03  0.9535894E-04  0.2854091E+01
   06  0.1055556E+01  0.1288720E+02  0.8433048E-03  0.1026958E-03  0.2854091E+01
   06  0.1059524E+01  0.1288720E+02  0.9035522E-03  0.1100329E-03  0.2854091E+01
   06  0.1063492E+01  0.1288720E+02  0.9638010E-03  0.1173703E-03  0.2854091E+01
   06  0.1067460E+01  0.1288720E+02  0.1024051E-02  0.1247078E-03  0.2854091E+01
   06  0.1071429E+01  0.1288720E+02  0.1084303E-02  0.1320455E-03  0.2854091E+01
   06  0.1075397E+01  0.1288720E+02  0.1144556E-02  0.1393835E-03  0.2854091E+01
   06  0.1079365E+01  0.1288720E+02  0.1204811E-02  0.1467216E-03  0.2854091E+01
   06  0.1083333E+01  0.1288720E+02  0.1265067E-02  0.1540600E-03  0.2854091E+01
   06  0.1087302E+01  0.1288720E+02  0.1325324E-02  0.1613985E-03  0.2854091E+01
   06  0.1091270E+01  0.1288720E+02  0.1385583E-02  0.1687373E-03  0.2854091E+01
   06  0.1095238E+01  0.1288720E+02  0.1445843E-02  0.1760762E-03  0.2854091E+01
   06  0.1099206E+01  0.1288720E+02  0.1506105E-02  0.1834153E-03  0.2854091E+01
   06  0.1103175E+01  0.1288720E+02  0.1566368E-02  0.1907547E-03  0.2854091E+01
   06  0.1107143E+01  0.1288720E+02  0.1626633E-02  0.1980942E-03  0.2854091E+01
   06  0.1119048E+01  0.1288720E+02  0.1807427E-02  0.2201146E-03  0.2854091E+01
   06  0.1130952E+01  0.1288720E+02  0.1988234E-02  0.2421365E-03  0.2854091E+01
   06  0.1142857E+01  0.1288720E+02  0.2169053E-02  0.2641601E-03  0.2854091E+01
   06  0.1154762E+01  0.1288720E+02  0.2349884E-02  0.2861851E-03  0.2854091E+01
   06  0.1166667E+01  0.1288720E+02  0.2530726E-02  0.3082115E-03  0.2854091E+01
   06  0.1178571E+01  0.1288720E+02  0.2711580E-02  0.3302392E-03  0.2854091E+01
   06  0.1190476E+01  0.1288720E+02  0.2892445E-02  0.3522683E-03  0.2854091E+01
   06  0.1202381E+01  0.1288720E+02  0.3073322E-02  0.3742985E-03  0.2854091E+01
   06  0.1214286E+01  0.1288720E+02  0.3254209E-02  0.3963300E-03  0.2854091E+01
   06  0.1226190E+01  0.1288720E+02  0.3435107E-02  0.4183624E-03  0.2854091E+01
   06  0.1238095E+01  0.1288720E+02  0.3616015E-02  0.4403960E-03  0.2854091E+01
   06  0.1250000E+01  0.1288720E+02  0.3796934E-02  0.4624304E-03  0.2854091E+01
   06  0.1261905E+01  0.1288720E+02  0.3977863E-02  0.4844658E-03  0.2854092E+01
   06  0.1273810E+01  0.1288720E+02  0.4158802E-02  0.5065019E-03  0.2854092E+01
   06  0.1285714E+01  0.1288720E+02  0.4339750E-02  0.5285388E-03  0.2854092E+01
   06  0.1297619E+01  0.1288720E+02  0.4520708E-02  0.5505764E-03  0.2854092E+01
   06  0.1309524E+01  0.1288720E+02  0.4701675E-02  0.5726146E-03  0.2854092E+01
   06  0.1321429E+01  0.1288720E+02  0.4882650E-02  0.5946534E-03  0.2854092E+01
   06  0.1333333E+01  0.1288720E+02  0.5063635E-02  0.6166926E-03  0.2854092E+01
   06  0.1345238E+01  0.1288720E+02  0.5244628E-02  0.6387322E-03  0.2854092E+01
   06  0.1357143E+01  0.1288720E+02  0.5425629E-02  0.6607721E-03  0.2854092E+01
   06  0.1369048E+01  0.1288720E+02  0.5606639E-02  0.6828123E-03  0.2854092E+01
   06  0.1380952E+01  0.1288720E+02  0.5787656E-02  0.7048527E-03  0.2854092E+01
   06  0.1392857E+01  0.1288720E+02  0.5968680E-02  0.7268933E-03  0.2854092E+01
   06  0.1404762E+01  0.1288720E+02  0.6149712E-02  0.7489338E-03  0.2854092E+01
   06  0.1416667E+01  0.1288720E+02  0.6330751E-02  0.7709744E-03  0.2854092E+01
   06  0.1428571E+01  0.1288720E+02  0.6511797E-02  0.7930148E-03  0.2854092E+01
   06  0.1476190E+01  0.1288721E+02  0.7235910E-02  0.8811857E-03  0.2854093E+01
   06  0.1523810E+01  0.1288721E+02  0.7960113E-02  0.9693492E-03  0.2854093E+01
   06  0.1571429E+01  0.1288721E+02  0.8684390E-02  0.1057500E-02  0.2854094E+01
   06  0.1619048E+01  0.1288721E+02  0.9408724E-02  0.1145634E-02  0.2854094E+01
   06  0.1666667E+01  0.1288721E+02  0.1013310E-01  0.1233746E-02  0.2854095E+01
   06  0.1714286E+01  0.1288721E+02  0.1085749E-01  0.1321831E-02  0.2854096E+01
   06  0.1761905E+01  0.1288721E+02  0.1158189E-01  0.1409882E-02  0.2854097E+01
   06  0.1809524E+01  0.1288721E+02  0.1230627E-01  0.1497896E-02  0.2854098E+01
   06  0.1857143E+01  0.1288721E+02  0.1303062E-01  0.1585867E-02  0.2854098E+01
   06  0.1904762E+01  0.1288721E+02  0.1375491E-01  0.1673789E-02  0.2854099E+01
   06  0.1952381E+01  0.1288721E+02  0.1447912E-01  0.1761656E-02  0.2854100E+01
