# gauge_id= 306 location=( -0.1242006667E+03  0.4176104167E+02 ) num_var=  4
# Stationary gauge
# level, time, q[  1  2  3], eta, aux[]
# file format ascii, time series follow in this file
   06  0.0000000E+00  0.3116695E+01  0.0000000E+00  0.0000000E+00  0.0000000E+00
   06  0.1000000E+01  0.3116695E+01 -0.2820437E-16  0.9009593E-16  0.2821503E+01
   06  0.1003968E+01  0.3116695E+01  0.1477684E-04  0.1555473E-05  0.2821503E+01
   06  0.1007937E+01  0.3116695E+01  0.2955423E-04  0.3111175E-05  0.2821503E+01
   06  0.1011905E+01  0.3116695E+01  0.4433220E-04  0.4667109E-05  0.2821503E+01
   06  0.1015873E+01  0.3116695E+01  0.5911073E-04  0.6223280E-05  0.2821503E+01
   06  0.1019841E+01  0.3116695E+01  0.7388983E-04  0.7779689E-05  0.2821503E+01
   06  0.1023810E+01  0.3116695E+01  0.8866950E-04  0.9336340E-05  0.2821503E+01
   06  0.1027778E+01  0.3116695E+01  0.1034497E-03  0.1089324E-04  0.2821503E+01
   06  0.1031746E+01  0.3116695E+01  0.1182306E-03  0.1245038E-04  0.2821503E+01
   06  0.1035714E+01  0.3116695E+01  0.1330120E-03  0.1400777E-04  0.2821503E+01
   06  0.1039683E+01  0.3116695E+01  0.1477939E-03  0.1556542E-04  0.2821503E+01
   06  0.1043651E+01  0.3116695E+01  0.1625765E-03  0.1712333E-04  0.2821503E+01
   06  0.1047619E+01  0.3116696E+01  0.1773596E-03  0.1868149E-04  0.2821503E+01
   06  0.1051587E+01  0.3116696E+01  0.1921434E-03  0.2023992E-04  0.2821503E+01
   06  0.1055556E+01  0.3116696E+01  0.2069277E-03  0.2179861E-04  0.2821503E+01
   06  0.1059524E+01  0.3116696E+01  0.2217126E-03  0.2335757E-04  0.2821503E+01
   06  0.1063492E+01  0.3116696E+01  0.2364981E-03  0.2491681E-04  0.2821503E+01
   06  0.1067460E+01  0.3116696E+01  0.2512842E-03  0.2647632E-04  0.2821503E+01
   06  0.1071429E+01  0.3116696E+01  0.2660708E-03  0.2803610E-04  0.2821503E+01
   06  0.1075397E+01  0.3116696E+01  0.2808581E-03  0.2959617E-04  0.2821503E+01
   06  0.1079365E+01  0.3116696E+01  0.2956460E-03  0.3115652E-04  0.2821503E+01
   06  0.1083333E+01  0.3116696E+01  0.3104345E-03  0.3271716E-04  0.2821503E+01
   06  0.1087302E+01  0.3116696E+01  0.3252236E-03  0.3427809E-04  0.2821503E+01
   06  0.1091270E+01  0.3116696E+01  0.3400133E-03  0.3583931E-04  0.2821503E+01
   06  0.1095238E+01  0.3116696E+01  0.3548036E-03  0.3740083E-04  0.2821503E+01
   06  0.1099206E+01  0.3116696E+01  0.3695945E-03  0.3896265E-04  0.2821503E+01
   06  0.1103175E+01  0.3116696E+01  0.3843860E-03  0.4052476E-04  0.2821503E+01
   06  0.1107143E+01  0.3116696E+01  0.3991782E-03  0.4208719E-04  0.2821503E+01
   06  0.1119048E+01  0.3116696E+01  0.4435597E-03  0.4677462E-04  0.2821503E+01
   06  0.1130952E+01  0.3116696E+01  0.4879469E-03  0.5146490E-04  0.2821503E+01
   06  0.1142857E+01  0.3116696E+01  0.5323398E-03  0.5615813E-04  0.2821503E+01
   06  0.1154762E+01  0.3116696E+01  0.5767384E-03  0.6085437E-04  0.2821503E+01
   06  0.1166667E+01  0.3116696E+01  0.6211428E-03  0.6555371E-04  0.2821504E+01
   06  0.1178571E+01  0.3116696E+01  0.6655530E-03  0.7025623E-04  0.2821504E+01
   06  0.1190476E+01  0.3116696E+01  0.7099691E-03  0.7496201E-04  0.2821504E+01
   06  0.1202381E+01  0.3116696E+01  0.7543911E-03  0.7967113E-04  0.2821504E+01
   06  0.1214286E+01  0.3116697E+01  0.7988192E-03  0.8438366E-04  0.2821504E+01
   06  0.1226190E+01  0.3116697E+01  0.8432533E-03  0.8909970E-04  0.2821504E+01
   06  0.1238095E+01  0.3116697E+01  0.8876935E-03  0.9381931E-04  0.2821504E+01
   06  0.1250000E+01  0.3116697E+01  0.9321399E-03  0.9854257E-04  0.2821504E+01
   06  0.1261905E+01  0.3116697E+01  0.9765925E-03  0.1032696E-03  0.2821504E+01
   06  0.1273810E+01  0.3116697E+01  0.1021051E-02  0.1080004E-03  0.2821504E+01
   06  0.1285714E+01  0.3116697E+01  0.1065517E-02  0.1127351E-03  0.2821504E+01
   06  0.1297619E+01  0.3116697E+01  0.1109988E-02  0.1174738E-03  0.2821505E+01
   06  0.1309524E+01  0.3116697E+01  0.1154466E-02  0.1222165E-03  0.2821505E+01
   06  0.1321429E+01  0.3116698E+01  0.1198951E-02  0.1269634E-03  0.2821505E+01
   06  0.1333333E+01  0.3116698E+01  0.1243442E-02  0.1317145E-03  0.2821505E+01
   06  0.1345238E+01  0.3116698E+01  0.1287940E-02  0.1364699E-03  0.2821505E+01
   06  0.1357143E+01  0.3116698E+01  0.1332444E-02  0.1412296E-03  0.2821505E+01
   06  0.1369048E+01  0.3116698E+01  0.1376955E-02  0.1459938E-03  0.2821505E+01
   06  0.1380952E+01  0.3116698E+01  0.1421473E-02  0.1507625E-03  0.2821505E+01
   06  0.1392857E+01  0.3116698E+01  0.1465998E-02  0.1555358E-03  0.2821506E+01
   06  0.1404762E+01  0.3116698E+01  0.1510530E-02  0.1603138E-03  0.2821506E+01
   06  0.1416667E+01  0.3116699E+01  0.1555068E-02  0.1650965E-03  0.2821506E+01
   06  0.1428571E+01  0.3116699E+01  0.1599614E-02  0.1698841E-03  0.2821506E+01
   06  0.1476190E+01  0.3116699E+01  0.1777896E-02  0.1890573E-03  0.2821507E+01
   06  0.1523810E+01  0.3116700E+01  0.1956296E-02  0.2083144E-03  0.2821507E+01
   06  0.1571429E+01  0.3116701E+01  0.2134815E-02  0.2276603E-03  0.2821508E+01
   06  0.1619048E+01  0.3116701E+01  0.2313459E-02  0.2471000E-03  0.2821509E+01
   06  0.1666667E+01  0.3116702E+01  0.2492230E-02  0.2666384E-03  0.2821509E+01
   06  0.1714286E+01  0.3116703E+01  0.2671131E-02  0.2862803E-03  0.2821510E+01
   06  0.1761905E+01  0.3116704E+01  0.2850167E-02  0.3060306E-03  0.2821511E+01
   06  0.1809524E+01  0.3116705E+01  0.3029340E-02  0.3258941E-03  0.2821512E+01
   06  0.1857143E+01  0.3116705E+01  0.3208654E-02  0.3458756E-03  0.2821513E+01
   06  0.1904762E+01  0.3116706E+01  0.3388112E-02  0.3659800E-03  0.2821514E+01
   06  0.1952381E+01  0.3116707E+01  0.3567718E-02  0.3862119E-03  0.2821515E+01
