# gauge_id= 606 location=( -0.1242062325E+03  0.4175453827E+02 ) num_var=  4
# Stationary gauge
# level, time, q[  1  2  3], eta, aux[]
# file format ascii, time series follow in this file
   06  0.0000000E+00  0.1298148E+02  0.0000000E+00  0.0000000E+00  0.0000000E+00
   06  0.1000000E+01  0.1298148E+02 -0.6085573E-15 -0.1109071E-14  0.2885189E+01
   06  0.1003968E+01  0.1298148E+02  0.6031675E-04  0.5996430E-05  0.2885189E+01
   06  0.1007937E+01  0.1298148E+02  0.1206334E-03  0.1199285E-04  0.2885189E+01
   06  0.1011905E+01  0.1298148E+02  0.1809500E-03  0.1798925E-04  0.2885189E+01
   06  0.1015873E+01  0.1298148E+02  0.2412666E-03  0.2398565E-04  0.2885189E+01
   06  0.1019841E+01  0.1298148E+02  0.3015831E-03  0.2998203E-04  0.2885189E+01
   06  0.1023810E+01  0.1298148E+02  0.3618995E-03  0.3597839E-04  0.2885189E+01
   06  0.1027778E+01  0.1298148E+02  0.4222159E-03  0.4197475E-04  0.2885189E+01
   06  0.1031746E+01  0.1298148E+02  0.4825321E-03  0.4797110E-04  0.2885189E+01
   06  0.1035714E+01  0.1298148E+02  0.5428484E-03  0.5396743E-04  0.2885189E+01
   06  0.1039683E+01  0.1298148E+02  0.6031645E-03  0.5996375E-04  0.2885189E+01
   06  0.1043651E+01  0.1298148E+02  0.6634806E-03  0.6596006E-04  0.2885189E+01
   06  0.1047619E+01  0.1298148E+02  0.7237966E-03  0.7195636E-04  0.2885189E+01
   06  0.1051587E+01  0.1298148E+02  0.7841126E-03  0.7795265E-04  0.2885189E+01
   06  0.1055556E+01  0.1298148E+02  0.8444285E-03  0.8394892E-04  0.2885189E+01
   06  0.1059524E+01  0.1298148E+02  0.9047444E-03  0.8994519E-04  0.2885189E+01
   06  0.1063492E+01  0.1298148E+02  0.9650601E-03  0.9594145E-04  0.2885189E+01
   06  0.1067460E+01  0.1298148E+02  0.1025376E-02  0.1019377E-03  0.2885189E+01
   06  0.1071429E+01  0.1298148E+02  0.1085691E-02  0.1079339E-03  0.2885189E+01
   06  0.1075397E+01  0.1298148E+02  0.1146007E-02  0.1139302E-03  0.2885189E+01
   06  0.1079365E+01  0.1298148E+02  0.1206323E-02  0.1199264E-03  0.2885189E+01
   06  0.1083333E+01  0.1298148E+02  0.1266638E-02  0.1259226E-03  0.2885189E+01
   06  0.1087302E+01  0.1298148E+02  0.1326953E-02  0.1319188E-03  0.2885189E+01
   06  0.1091270E+01  0.1298148E+02  0.1387269E-02  0.1379150E-03  0.2885189E+01
   06  0.1095238E+01  0.1298148E+02  0.1447584E-02  0.1439111E-03  0.2885189E+01
   06  0.1099206E+01  0.1298148E+02  0.1507899E-02  0.1499073E-03  0.2885189E+01
   06  0.1103175E+01  0.1298148E+02  0.1568214E-02  0.1559035E-03  0.2885189E+01
   06  0.1107143E+01  0.1298148E+02  0.1628529E-02  0.1618996E-03  0.2885189E+01
   06  0.1119048E+01  0.1298148E+02  0.1809474E-02  0.1798880E-03  0.2885189E+01
   06  0.1130952E+01  0.1298148E+02  0.1990419E-02  0.1978763E-03  0.2885189E+01
   06  0.1142857E+01  0.1298148E+02  0.2171363E-02  0.2158645E-03  0.2885189E+01
   06  0.1154762E+01  0.1298148E+02  0.2352306E-02  0.2338526E-03  0.2885189E+01
   06  0.1166667E+01  0.1298148E+02  0.2533249E-02  0.2518407E-03  0.2885189E+01
   06  0.1178571E+01  0.1298148E+02  0.2714191E-02  0.2698287E-03  0.2885189E+01
   06  0.1190476E+01  0.1298148E+02  0.2895133E-02  0.2878167E-03  0.2885189E+01
   06  0.1202381E+01  0.1298148E+02  0.3076074E-02  0.3058046E-03  0.2885189E+01
   06  0.1214286E+01  0.1298148E+02  0.3257015E-02  0.3237925E-03  0.2885189E+01
   06  0.1226190E+01  0.1298148E+02  0.3437955E-02  0.3417803E-03  0.2885189E+01
   06  0.1238095E+01  0.1298148E+02  0.3618895E-02  0.3597681E-03  0.2885190E+01
   06  0.1250000E+01  0.1298148E+02  0.3799834E-02  0.3777559E-03  0.2885190E+01
   06  0.1261905E+01  0.1298148E+02  0.3980773E-02  0.3957436E-03  0.2885190E+01
   06  0.1273810E+01  0.1298148E+02  0.4161711E-02  0.4137313E-03  0.2885190E+01
   06  0.1285714E+01  0.1298148E+02  0.4342649E-02  0.4317190E-03  0.2885190E+01
   06  0.1297619E+01  0.1298148E+02  0.4523586E-02  0.4497066E-03  0.2885190E+01
   06  0.1309524E+01  0.1298148E+02  0.4704523E-02  0.4676942E-03  0.2885190E+01
   06  0.1321429E+01  0.1298148E+02  0.4885459E-02  0.4856819E-03  0.2885190E+01
   06  0.1333333E+01  0.1298148E+02  0.5066395E-02  0.5036695E-03  0.2885190E+01
   06  0.1345238E+01  0.1298148E+02  0.5247330E-02  0.5216571E-03  0.2885190E+01
   06  0.1357143E+01  0.1298148E+02  0.5428265E-02  0.5396447E-03  0.2885190E+01
   06  0.1369048E+01  0.1298148E+02  0.5609199E-02  0.5576323E-03  0.2885190E+01
   06  0.1380952E+01  0.1298148E+02  0.5790133E-02  0.5756200E-03  0.2885190E+01
   06  0.1392857E+01  0.1298148E+02  0.5971066E-02  0.5936076E-03  0.2885190E+01
   06  0.1404762E+01  0.1298148E+02  0.6151999E-02  0.6115952E-03  0.2885190E+01
   06  0.1416667E+01  0.1298148E+02  0.6332932E-02  0.6295829E-03  0.2885190E+01
   06  0.1428571E+01  0.1298148E+02  0.6513864E-02  0.6475706E-03  0.2885190E+01
   06  0.1476190E+01  0.1298148E+02  0.7237592E-02  0.7195212E-03  0.2885191E+01
   06  0.1523810E+01  0.1298148E+02  0.7961313E-02  0.7914724E-03  0.2885191E+01
   06  0.1571429E+01  0.1298148E+02  0.8685028E-02  0.8634246E-03  0.2885191E+01
   06  0.1619048E+01  0.1298148E+02  0.9408737E-02  0.9353779E-03  0.2885192E+01
   06  0.1666667E+01  0.1298148E+02  0.1013244E-01  0.1007333E-02  0.2885192E+01
   06  0.1714286E+01  0.1298148E+02  0.1085614E-01  0.1079289E-02  0.2885193E+01
   06  0.1761905E+01  0.1298148E+02  0.1157983E-01  0.1151247E-02  0.2885193E+01
   06  0.1809524E+01  0.1298148E+02  0.1230352E-01  0.1223208E-02  0.2885194E+01
   06  0.1857143E+01  0.1298148E+02  0.1302721E-01  0.1295171E-02  0.2885194E+01
   06  0.1904762E+01  0.1298148E+02  0.1375090E-01  0.1367137E-02  0.2885195E+01
   06  0.1952381E+01  0.1298148E+02  0.1447458E-01  0.1439105E-02  0.2885195E+01
