# gauge_id= 304 location=( -0.1241920000E+03  0.4175062500E+02 ) num_var=  4
# Stationary gauge
# level, time, q[  1  2  3], eta, aux[]
# file format ascii, time series follow in this file
   06  0.0000000E+00  0.1185211E+01  0.0000000E+00  0.0000000E+00  0.0000000E+00
   06  0.1000000E+01  0.1185211E+01 -0.2740377E-17  0.1278314E-16  0.1711245E+01
   06  0.1003968E+01  0.1185212E+01  0.1397886E-04  0.3403699E-05  0.1711245E+01
   06  0.1007937E+01  0.1185213E+01  0.2795521E-04  0.6807909E-05  0.1711246E+01
   06  0.1011905E+01  0.1185213E+01  0.4192906E-04  0.1021263E-04  0.1711247E+01
   06  0.1015873E+01  0.1185214E+01  0.5590040E-04  0.1361786E-04  0.1711247E+01
   06  0.1019841E+01  0.1185214E+01  0.6986924E-04  0.1702360E-04  0.1711248E+01
   06  0.1023810E+01  0.1185215E+01  0.8383556E-04  0.2042985E-04  0.1711249E+01
   06  0.1027778E+01  0.1185216E+01  0.9779938E-04  0.2383660E-04  0.1711249E+01
   06  0.1031746E+01  0.1185216E+01  0.1117607E-03  0.2724386E-04  0.1711250E+01
   06  0.1035714E+01  0.1185217E+01  0.1257195E-03  0.3065163E-04  0.1711250E+01
   06  0.1039683E+01  0.1185218E+01  0.1396758E-03  0.3405990E-04  0.1711251E+01
   06  0.1043651E+01  0.1185218E+01  0.1536296E-03  0.3746868E-04  0.1711252E+01
   06  0.1047619E+01  0.1185219E+01  0.1675808E-03  0.4087796E-04  0.1711252E+01
   06  0.1051587E+01  0.1185219E+01  0.1815296E-03  0.4428775E-04  0.1711253E+01
   06  0.1055556E+01  0.1185220E+01  0.1954758E-03  0.4769804E-04  0.1711254E+01
   06  0.1059524E+01  0.1185221E+01  0.2094196E-03  0.5110883E-04  0.1711254E+01
   06  0.1063492E+01  0.1185221E+01  0.2233608E-03  0.5452012E-04  0.1711255E+01
   06  0.1067460E+01  0.1185222E+01  0.2372995E-03  0.5793191E-04  0.1711255E+01
   06  0.1071429E+01  0.1185222E+01  0.2512357E-03  0.6134420E-04  0.1711256E+01
   06  0.1075397E+01  0.1185223E+01  0.2651694E-03  0.6475699E-04  0.1711257E+01
   06  0.1079365E+01  0.1185224E+01  0.2791006E-03  0.6817028E-04  0.1711257E+01
   06  0.1083333E+01  0.1185224E+01  0.2930292E-03  0.7158407E-04  0.1711258E+01
   06  0.1087302E+01  0.1185225E+01  0.3069554E-03  0.7499835E-04  0.1711258E+01
   06  0.1091270E+01  0.1185225E+01  0.3208790E-03  0.7841313E-04  0.1711259E+01
   06  0.1095238E+01  0.1185226E+01  0.3348001E-03  0.8182841E-04  0.1711260E+01
   06  0.1099206E+01  0.1185227E+01  0.3487187E-03  0.8524418E-04  0.1711260E+01
   06  0.1103175E+01  0.1185227E+01  0.3626348E-03  0.8866045E-04  0.1711261E+01
   06  0.1107143E+01  0.1185228E+01  0.3765483E-03  0.9207721E-04  0.1711261E+01
   06  0.1119048E+01  0.1185230E+01  0.4182757E-03  0.1023295E-03  0.1711263E+01
   06  0.1130952E+01  0.1185231E+01  0.4599805E-03  0.1125861E-03  0.1711265E+01
   06  0.1142857E+01  0.1185233E+01  0.5016626E-03  0.1228472E-03  0.1711267E+01
   06  0.1154762E+01  0.1185235E+01  0.5433219E-03  0.1331127E-03  0.1711269E+01
   06  0.1166667E+01  0.1185237E+01  0.5849586E-03  0.1433825E-03  0.1711270E+01
   06  0.1178571E+01  0.1185239E+01  0.6265726E-03  0.1536567E-03  0.1711272E+01
   06  0.1190476E+01  0.1185240E+01  0.6681639E-03  0.1639352E-03  0.1711274E+01
   06  0.1202381E+01  0.1185242E+01  0.7097325E-03  0.1742181E-03  0.1711276E+01
   06  0.1214286E+01  0.1185244E+01  0.7512783E-03  0.1845052E-03  0.1711277E+01
   06  0.1226190E+01  0.1185245E+01  0.7928013E-03  0.1947966E-03  0.1711279E+01
   06  0.1238095E+01  0.1185247E+01  0.8343016E-03  0.2050922E-03  0.1711281E+01
   06  0.1250000E+01  0.1185249E+01  0.8757792E-03  0.2153921E-03  0.1711282E+01
   06  0.1261905E+01  0.1185251E+01  0.9172339E-03  0.2256962E-03  0.1711284E+01
   06  0.1273810E+01  0.1185252E+01  0.9586659E-03  0.2360046E-03  0.1711286E+01
   06  0.1285714E+01  0.1185254E+01  0.1000075E-02  0.2463171E-03  0.1711287E+01
   06  0.1297619E+01  0.1185256E+01  0.1041461E-02  0.2566337E-03  0.1711289E+01
   06  0.1309524E+01  0.1185257E+01  0.1082825E-02  0.2669546E-03  0.1711291E+01
   06  0.1321429E+01  0.1185259E+01  0.1124166E-02  0.2772795E-03  0.1711292E+01
   06  0.1333333E+01  0.1185261E+01  0.1165483E-02  0.2876086E-03  0.1711294E+01
   06  0.1345238E+01  0.1185262E+01  0.1206778E-02  0.2979418E-03  0.1711296E+01
   06  0.1357143E+01  0.1185264E+01  0.1248051E-02  0.3082791E-03  0.1711297E+01
   06  0.1369048E+01  0.1185265E+01  0.1289300E-02  0.3186204E-03  0.1711299E+01
   06  0.1380952E+01  0.1185267E+01  0.1330526E-02  0.3289658E-03  0.1711301E+01
   06  0.1392857E+01  0.1185269E+01  0.1371730E-02  0.3393152E-03  0.1711302E+01
   06  0.1404762E+01  0.1185270E+01  0.1412910E-02  0.3496686E-03  0.1711304E+01
   06  0.1416667E+01  0.1185272E+01  0.1454068E-02  0.3600260E-03  0.1711305E+01
   06  0.1428571E+01  0.1185273E+01  0.1495203E-02  0.3703874E-03  0.1711307E+01
   06  0.1476190E+01  0.1185280E+01  0.1659548E-02  0.4118556E-03  0.1711313E+01
   06  0.1523810E+01  0.1185286E+01  0.1823527E-02  0.4533863E-03  0.1711319E+01
   06  0.1571429E+01  0.1185292E+01  0.1987139E-02  0.4949785E-03  0.1711325E+01
   06  0.1619048E+01  0.1185297E+01  0.2150382E-02  0.5366311E-03  0.1711331E+01
   06  0.1666667E+01  0.1185303E+01  0.2313258E-02  0.5783411E-03  0.1711337E+01
   06  0.1714286E+01  0.1185308E+01  0.2475765E-02  0.6201095E-03  0.1711342E+01
   06  0.1761905E+01  0.1185314E+01  0.2637904E-02  0.6619352E-03  0.1711347E+01
   06  0.1809524E+01  0.1185319E+01  0.2799673E-02  0.7038172E-03  0.1711353E+01
   06  0.1857143E+01  0.1185324E+01  0.2961072E-02  0.7457544E-03  0.1711358E+01
   06  0.1904762E+01  0.1185329E+01  0.3122101E-02  0.7877460E-03  0.1711363E+01
   06  0.1952381E+01  0.1185334E+01  0.3282759E-02  0.8297909E-03  0.1711368E+01
