# gauge_id= 611 location=( -0.1242076147E+03  0.4175697547E+02 ) num_var=  4
# Stationary gauge
# level, time, q[  1  2  3], eta, aux[]
# file format ascii, time series follow in this file
   06  0.0000000E+00  0.1401419E+02  0.0000000E+00  0.0000000E+00  0.0000000E+00
   06  0.1000000E+01  0.1401419E+02 -0.3408127E-14 -0.3169466E-15  0.1972326E+01
   06  0.1003968E+01  0.1401419E+02  0.1234243E-03  0.3844448E-04  0.1972326E+01
   06  0.1007937E+01  0.1401419E+02  0.2468486E-03  0.7688909E-04  0.1972326E+01
   06  0.1011905E+01  0.1401419E+02  0.3702729E-03  0.1153338E-03  0.1972326E+01
   06  0.1015873E+01  0.1401419E+02  0.4936972E-03  0.1537787E-03  0.1972326E+01
   06  0.1019841E+01  0.1401419E+02  0.6171214E-03  0.1922236E-03  0.1972326E+01
   06  0.1023810E+01  0.1401419E+02  0.7405456E-03  0.2306687E-03  0.1972326E+01
   06  0.1027778E+01  0.1401419E+02  0.8639698E-03  0.2691139E-03  0.1972326E+01
   06  0.1031746E+01  0.1401419E+02  0.9873940E-03  0.3075593E-03  0.1972326E+01
   06  0.1035714E+01  0.1401419E+02  0.1110818E-02  0.3460047E-03  0.1972326E+01
   06  0.1039683E+01  0.1401419E+02  0.1234242E-02  0.3844503E-03  0.1972326E+01
   06  0.1043651E+01  0.1401419E+02  0.1357666E-02  0.4228961E-03  0.1972326E+01
   06  0.1047619E+01  0.1401419E+02  0.1481090E-02  0.4613419E-03  0.1972326E+01
   06  0.1051587E+01  0.1401419E+02  0.1604515E-02  0.4997879E-03  0.1972326E+01
   06  0.1055556E+01  0.1401419E+02  0.1727939E-02  0.5382341E-03  0.1972326E+01
   06  0.1059524E+01  0.1401419E+02  0.1851363E-02  0.5766803E-03  0.1972326E+01
   06  0.1063492E+01  0.1401419E+02  0.1974787E-02  0.6151267E-03  0.1972326E+01
   06  0.1067460E+01  0.1401419E+02  0.2098211E-02  0.6535733E-03  0.1972326E+01
   06  0.1071429E+01  0.1401419E+02  0.2221635E-02  0.6920199E-03  0.1972326E+01
   06  0.1075397E+01  0.1401419E+02  0.2345059E-02  0.7304667E-03  0.1972326E+01
   06  0.1079365E+01  0.1401419E+02  0.2468483E-02  0.7689137E-03  0.1972326E+01
   06  0.1083333E+01  0.1401419E+02  0.2591907E-02  0.8073608E-03  0.1972326E+01
   06  0.1087302E+01  0.1401419E+02  0.2715330E-02  0.8458080E-03  0.1972326E+01
   06  0.1091270E+01  0.1401419E+02  0.2838754E-02  0.8842554E-03  0.1972326E+01
   06  0.1095238E+01  0.1401419E+02  0.2962178E-02  0.9227029E-03  0.1972326E+01
   06  0.1099206E+01  0.1401419E+02  0.3085602E-02  0.9611506E-03  0.1972326E+01
   06  0.1103175E+01  0.1401419E+02  0.3209026E-02  0.9995984E-03  0.1972326E+01
   06  0.1107143E+01  0.1401419E+02  0.3332450E-02  0.1038046E-02  0.1972326E+01
   06  0.1119048E+01  0.1401419E+02  0.3702721E-02  0.1153391E-02  0.1972326E+01
   06  0.1130952E+01  0.1401419E+02  0.4072993E-02  0.1268737E-02  0.1972326E+01
   06  0.1142857E+01  0.1401419E+02  0.4443264E-02  0.1384084E-02  0.1972326E+01
   06  0.1154762E+01  0.1401419E+02  0.4813536E-02  0.1499433E-02  0.1972326E+01
   06  0.1166667E+01  0.1401419E+02  0.5183807E-02  0.1614784E-02  0.1972326E+01
   06  0.1178571E+01  0.1401419E+02  0.5554078E-02  0.1730138E-02  0.1972326E+01
   06  0.1190476E+01  0.1401419E+02  0.5924349E-02  0.1845492E-02  0.1972326E+01
   06  0.1202381E+01  0.1401419E+02  0.6294620E-02  0.1960848E-02  0.1972326E+01
   06  0.1214286E+01  0.1401419E+02  0.6664891E-02  0.2076206E-02  0.1972326E+01
   06  0.1226190E+01  0.1401419E+02  0.7035162E-02  0.2191565E-02  0.1972326E+01
   06  0.1238095E+01  0.1401419E+02  0.7405433E-02  0.2306926E-02  0.1972326E+01
   06  0.1250000E+01  0.1401419E+02  0.7775704E-02  0.2422289E-02  0.1972326E+01
   06  0.1261905E+01  0.1401419E+02  0.8145975E-02  0.2537653E-02  0.1972326E+01
   06  0.1273810E+01  0.1401419E+02  0.8516246E-02  0.2653019E-02  0.1972326E+01
   06  0.1285714E+01  0.1401419E+02  0.8886517E-02  0.2768387E-02  0.1972326E+01
   06  0.1297619E+01  0.1401419E+02  0.9256788E-02  0.2883757E-02  0.1972326E+01
   06  0.1309524E+01  0.1401419E+02  0.9627059E-02  0.2999128E-02  0.1972326E+01
   06  0.1321429E+01  0.1401419E+02  0.9997330E-02  0.3114502E-02  0.1972326E+01
   06  0.1333333E+01  0.1401419E+02  0.1036760E-01  0.3229877E-02  0.1972326E+01
   06  0.1345238E+01  0.1401419E+02  0.1073787E-01  0.3345254E-02  0.1972326E+01
   06  0.1357143E+01  0.1401419E+02  0.1110814E-01  0.3460634E-02  0.1972326E+01
   06  0.1369048E+01  0.1401419E+02  0.1147842E-01  0.3576015E-02  0.1972326E+01
   06  0.1380952E+01  0.1401419E+02  0.1184869E-01  0.3691398E-02  0.1972326E+01
   06  0.1392857E+01  0.1401419E+02  0.1221896E-01  0.3806783E-02  0.1972326E+01
   06  0.1404762E+01  0.1401419E+02  0.1258923E-01  0.3922170E-02  0.1972326E+01
   06  0.1416667E+01  0.1401419E+02  0.1295950E-01  0.4037560E-02  0.1972326E+01
   06  0.1428571E+01  0.1401419E+02  0.1332977E-01  0.4152951E-02  0.1972326E+01
   06  0.1476190E+01  0.1401419E+02  0.1481087E-01  0.4614535E-02  0.1972326E+01
   06  0.1523810E+01  0.1401419E+02  0.1629196E-01  0.5076154E-02  0.1972326E+01
   06  0.1571429E+01  0.1401419E+02  0.1777306E-01  0.5537812E-02  0.1972326E+01
   06  0.1619048E+01  0.1401419E+02  0.1925416E-01  0.5999510E-02  0.1972327E+01
   06  0.1666667E+01  0.1401419E+02  0.2073527E-01  0.6461250E-02  0.1972327E+01
   06  0.1714286E+01  0.1401419E+02  0.2221638E-01  0.6923034E-02  0.1972327E+01
   06  0.1761905E+01  0.1401419E+02  0.2369750E-01  0.7384863E-02  0.1972327E+01
   06  0.1809524E+01  0.1401419E+02  0.2517863E-01  0.7846740E-02  0.1972327E+01
   06  0.1857143E+01  0.1401419E+02  0.2665984E-01  0.8308665E-02  0.1972327E+01
   06  0.1904762E+01  0.1401419E+02  0.2814105E-01  0.8770641E-02  0.1972327E+01
   06  0.1952381E+01  0.1401419E+02  0.2962227E-01  0.9232670E-02  0.1972327E+01
