# gauge_id= 525 location=( -0.1251000000E+03  0.4200000000E+02 ) num_var=  4
# Stationary gauge
# level, time, q[  1  2  3], eta, aux[]
# file format ascii, time series follow in this file
   02  0.0000000E+00  0.1660376E+04  0.0000000E+00  0.0000000E+00  0.0000000E+00
   02  0.1000000E+01  0.1660376E+04  0.7289846E-13 -0.2150818E-13  0.4319467E+01
   02  0.1142857E+01  0.1660373E+04 -0.5535286E+00  0.1057482E-01  0.4316375E+01
   02  0.1285714E+01  0.1660370E+04 -0.1105483E+01  0.2114825E-01  0.4313282E+01
   02  0.1428571E+01  0.1660366E+04 -0.1655868E+01  0.3172030E-01  0.4310190E+01
   02  0.1571429E+01  0.1660363E+04 -0.2204716E+01  0.4229099E-01  0.4307097E+01
   02  0.1714286E+01  0.1660360E+04 -0.2752058E+01  0.5286036E-01  0.4304005E+01
   02  0.1857143E+01  0.1660357E+04 -0.3297938E+01  0.6342843E-01  0.4300913E+01
