# gauge_id= 306 location=( -0.1242006667E+03  0.4176104167E+02 ) num_var=  4
# Stationary gauge
# level, time, q[  1  2  3], eta, aux[]
# file format ascii, time series follow in this file
   06  0.0000000E+00  0.3116695E+01  0.0000000E+00  0.0000000E+00  0.0000000E+00
   06  0.1000000E+01  0.3116695E+01 -0.2820437E-16  0.9009593E-16  0.1809359E+01
   06  0.1003968E+01  0.3116695E+01  0.2806653E-04  0.9482176E-05  0.1809359E+01
   06  0.1007937E+01  0.3116696E+01  0.5613392E-04  0.1896536E-04  0.1809359E+01
   06  0.1011905E+01  0.3116696E+01  0.8420220E-04  0.2844955E-04  0.1809359E+01
   06  0.1015873E+01  0.3116696E+01  0.1122713E-03  0.3793477E-04  0.1809359E+01
   06  0.1019841E+01  0.3116696E+01  0.1403414E-03  0.4742101E-04  0.1809359E+01
   06  0.1023810E+01  0.3116696E+01  0.1684123E-03  0.5690829E-04  0.1809359E+01
   06  0.1027778E+01  0.3116696E+01  0.1964841E-03  0.6639661E-04  0.1809359E+01
   06  0.1031746E+01  0.3116696E+01  0.2245568E-03  0.7588598E-04  0.1809359E+01
   06  0.1035714E+01  0.3116696E+01  0.2526304E-03  0.8537641E-04  0.1809360E+01
   06  0.1039683E+01  0.3116696E+01  0.2807050E-03  0.9486791E-04  0.1809360E+01
   06  0.1043651E+01  0.3116697E+01  0.3087804E-03  0.1043605E-03  0.1809360E+01
   06  0.1047619E+01  0.3116697E+01  0.3368567E-03  0.1138541E-03  0.1809360E+01
   06  0.1051587E+01  0.3116697E+01  0.3649340E-03  0.1233489E-03  0.1809360E+01
   06  0.1055556E+01  0.3116697E+01  0.3930122E-03  0.1328447E-03  0.1809360E+01
   06  0.1059524E+01  0.3116697E+01  0.4210913E-03  0.1423416E-03  0.1809360E+01
   06  0.1063492E+01  0.3116697E+01  0.4491714E-03  0.1518397E-03  0.1809360E+01
   06  0.1067460E+01  0.3116697E+01  0.4772524E-03  0.1613389E-03  0.1809361E+01
   06  0.1071429E+01  0.3116697E+01  0.5053343E-03  0.1708392E-03  0.1809361E+01
   06  0.1075397E+01  0.3116698E+01  0.5334172E-03  0.1803406E-03  0.1809361E+01
   06  0.1079365E+01  0.3116698E+01  0.5615010E-03  0.1898431E-03  0.1809361E+01
   06  0.1083333E+01  0.3116698E+01  0.5895858E-03  0.1993469E-03  0.1809361E+01
   06  0.1087302E+01  0.3116698E+01  0.6176716E-03  0.2088517E-03  0.1809361E+01
   06  0.1091270E+01  0.3116698E+01  0.6457583E-03  0.2183578E-03  0.1809361E+01
   06  0.1095238E+01  0.3116698E+01  0.6738460E-03  0.2278650E-03  0.1809361E+01
   06  0.1099206E+01  0.3116698E+01  0.7019346E-03  0.2373734E-03  0.1809362E+01
   06  0.1103175E+01  0.3116699E+01  0.7300243E-03  0.2468829E-03  0.1809362E+01
   06  0.1107143E+01  0.3116699E+01  0.7581149E-03  0.2563937E-03  0.1809362E+01
   06  0.1119048E+01  0.3116699E+01  0.8423951E-03  0.2849310E-03  0.1809362E+01
   06  0.1130952E+01  0.3116700E+01  0.9266844E-03  0.3134794E-03  0.1809363E+01
   06  0.1142857E+01  0.3116700E+01  0.1010983E-02  0.3420390E-03  0.1809363E+01
   06  0.1154762E+01  0.3116700E+01  0.1095291E-02  0.3706099E-03  0.1809364E+01
   06  0.1166667E+01  0.3116701E+01  0.1179608E-02  0.3991926E-03  0.1809364E+01
   06  0.1178571E+01  0.3116701E+01  0.1263934E-02  0.4277870E-03  0.1809364E+01
   06  0.1190476E+01  0.3116702E+01  0.1348271E-02  0.4563934E-03  0.1809365E+01
   06  0.1202381E+01  0.3116702E+01  0.1432617E-02  0.4850121E-03  0.1809365E+01
   06  0.1214286E+01  0.3116703E+01  0.1516973E-02  0.5136431E-03  0.1809366E+01
   06  0.1226190E+01  0.3116703E+01  0.1601339E-02  0.5422868E-03  0.1809366E+01
   06  0.1238095E+01  0.3116704E+01  0.1685715E-02  0.5709433E-03  0.1809367E+01
   06  0.1250000E+01  0.3116704E+01  0.1770102E-02  0.5996128E-03  0.1809367E+01
   06  0.1261905E+01  0.3116705E+01  0.1854499E-02  0.6282955E-03  0.1809368E+01
   06  0.1273810E+01  0.3116705E+01  0.1938906E-02  0.6569916E-03  0.1809368E+01
   06  0.1285714E+01  0.3116706E+01  0.2023325E-02  0.6857013E-03  0.1809369E+01
   06  0.1297619E+01  0.3116706E+01  0.2107754E-02  0.7144248E-03  0.1809370E+01
   06  0.1309524E+01  0.3116707E+01  0.2192193E-02  0.7431623E-03  0.1809370E+01
   06  0.1321429E+01  0.3116707E+01  0.2276644E-02  0.7719140E-03  0.1809371E+01
   06  0.1333333E+01  0.3116708E+01  0.2361106E-02  0.8006801E-03  0.1809371E+01
   06  0.1345238E+01  0.3116709E+01  0.2445580E-02  0.8294607E-03  0.1809372E+01
   06  0.1357143E+01  0.3116709E+01  0.2530064E-02  0.8582561E-03  0.1809372E+01
   06  0.1369048E+01  0.3116710E+01  0.2614560E-02  0.8870665E-03  0.1809373E+01
   06  0.1380952E+01  0.3116710E+01  0.2699068E-02  0.9158921E-03  0.1809374E+01
   06  0.1392857E+01  0.3116711E+01  0.2783588E-02  0.9447330E-03  0.1809374E+01
   06  0.1404762E+01  0.3116712E+01  0.2868119E-02  0.9735894E-03  0.1809375E+01
   06  0.1416667E+01  0.3116712E+01  0.2952663E-02  0.1002462E-02  0.1809375E+01
   06  0.1428571E+01  0.3116713E+01  0.3037218E-02  0.1031350E-02  0.1809376E+01
   06  0.1476190E+01  0.3116715E+01  0.3375618E-02  0.1147036E-02  0.1809379E+01
   06  0.1523810E+01  0.3116718E+01  0.3714223E-02  0.1262993E-02  0.1809381E+01
   06  0.1571429E+01  0.3116721E+01  0.4053040E-02  0.1379234E-02  0.1809384E+01
   06  0.1619048E+01  0.3116724E+01  0.4392079E-02  0.1495770E-02  0.1809387E+01
   06  0.1666667E+01  0.3116727E+01  0.4731345E-02  0.1612613E-02  0.1809390E+01
   06  0.1714286E+01  0.3116731E+01  0.5070848E-02  0.1729776E-02  0.1809394E+01
   06  0.1761905E+01  0.3116734E+01  0.5410595E-02  0.1847270E-02  0.1809397E+01
   06  0.1809524E+01  0.3116738E+01  0.5750593E-02  0.1965108E-02  0.1809401E+01
   06  0.1857143E+01  0.3116741E+01  0.6090849E-02  0.2083300E-02  0.1809404E+01
   06  0.1904762E+01  0.3116745E+01  0.6431372E-02  0.2201859E-02  0.1809408E+01
   06  0.1952381E+01  0.3116749E+01  0.6772170E-02  0.2320796E-02  0.1809412E+01
