# gauge_id= 605 location=( -0.1242015246E+03  0.4175949634E+02 ) num_var=  4
# Stationary gauge
# level, time, q[  1  2  3], eta, aux[]
# file format ascii, time series follow in this file
   06  0.0000000E+00  0.1253674E+02  0.0000000E+00  0.0000000E+00  0.0000000E+00
   06  0.1000000E+01  0.1253674E+02 -0.3448609E-14 -0.6429130E-15  0.1837918E+01
   06  0.1003968E+01  0.1253674E+02  0.1108964E-03  0.3511734E-04  0.1837918E+01
   06  0.1007937E+01  0.1253674E+02  0.2217928E-03  0.7023462E-04  0.1837918E+01
   06  0.1011905E+01  0.1253674E+02  0.3326891E-03  0.1053518E-03  0.1837918E+01
   06  0.1015873E+01  0.1253674E+02  0.4435853E-03  0.1404690E-03  0.1837918E+01
   06  0.1019841E+01  0.1253674E+02  0.5544814E-03  0.1755861E-03  0.1837918E+01
   06  0.1023810E+01  0.1253674E+02  0.6653775E-03  0.2107031E-03  0.1837918E+01
   06  0.1027778E+01  0.1253674E+02  0.7762735E-03  0.2458201E-03  0.1837918E+01
   06  0.1031746E+01  0.1253674E+02  0.8871694E-03  0.2809370E-03  0.1837918E+01
   06  0.1035714E+01  0.1253674E+02  0.9980652E-03  0.3160538E-03  0.1837918E+01
   06  0.1039683E+01  0.1253674E+02  0.1108961E-02  0.3511706E-03  0.1837918E+01
   06  0.1043651E+01  0.1253674E+02  0.1219857E-02  0.3862873E-03  0.1837918E+01
   06  0.1047619E+01  0.1253674E+02  0.1330752E-02  0.4214040E-03  0.1837918E+01
   06  0.1051587E+01  0.1253674E+02  0.1441648E-02  0.4565205E-03  0.1837918E+01
   06  0.1055556E+01  0.1253674E+02  0.1552543E-02  0.4916370E-03  0.1837918E+01
   06  0.1059524E+01  0.1253674E+02  0.1663439E-02  0.5267534E-03  0.1837918E+01
   06  0.1063492E+01  0.1253674E+02  0.1774334E-02  0.5618698E-03  0.1837918E+01
   06  0.1067460E+01  0.1253674E+02  0.1885229E-02  0.5969861E-03  0.1837918E+01
   06  0.1071429E+01  0.1253674E+02  0.1996124E-02  0.6321023E-03  0.1837918E+01
   06  0.1075397E+01  0.1253674E+02  0.2107019E-02  0.6672184E-03  0.1837918E+01
   06  0.1079365E+01  0.1253674E+02  0.2217914E-02  0.7023345E-03  0.1837918E+01
   06  0.1083333E+01  0.1253674E+02  0.2328809E-02  0.7374504E-03  0.1837918E+01
   06  0.1087302E+01  0.1253674E+02  0.2439704E-02  0.7725663E-03  0.1837918E+01
   06  0.1091270E+01  0.1253674E+02  0.2550599E-02  0.8076822E-03  0.1837918E+01
   06  0.1095238E+01  0.1253674E+02  0.2661494E-02  0.8427979E-03  0.1837918E+01
   06  0.1099206E+01  0.1253674E+02  0.2772388E-02  0.8779136E-03  0.1837918E+01
   06  0.1103175E+01  0.1253674E+02  0.2883283E-02  0.9130292E-03  0.1837918E+01
   06  0.1107143E+01  0.1253674E+02  0.2994178E-02  0.9481447E-03  0.1837918E+01
   06  0.1119048E+01  0.1253674E+02  0.3326862E-02  0.1053491E-02  0.1837918E+01
   06  0.1130952E+01  0.1253674E+02  0.3659546E-02  0.1158836E-02  0.1837918E+01
   06  0.1142857E+01  0.1253674E+02  0.3992230E-02  0.1264181E-02  0.1837918E+01
   06  0.1154762E+01  0.1253674E+02  0.4324913E-02  0.1369525E-02  0.1837918E+01
   06  0.1166667E+01  0.1253674E+02  0.4657595E-02  0.1474868E-02  0.1837918E+01
   06  0.1178571E+01  0.1253674E+02  0.4990277E-02  0.1580210E-02  0.1837918E+01
   06  0.1190476E+01  0.1253674E+02  0.5322958E-02  0.1685552E-02  0.1837918E+01
   06  0.1202381E+01  0.1253674E+02  0.5655638E-02  0.1790892E-02  0.1837919E+01
   06  0.1214286E+01  0.1253674E+02  0.5988318E-02  0.1896232E-02  0.1837919E+01
   06  0.1226190E+01  0.1253674E+02  0.6320997E-02  0.2001571E-02  0.1837919E+01
   06  0.1238095E+01  0.1253674E+02  0.6653676E-02  0.2106908E-02  0.1837919E+01
   06  0.1250000E+01  0.1253674E+02  0.6986354E-02  0.2212245E-02  0.1837919E+01
   06  0.1261905E+01  0.1253674E+02  0.7319032E-02  0.2317581E-02  0.1837919E+01
   06  0.1273810E+01  0.1253674E+02  0.7651709E-02  0.2422916E-02  0.1837919E+01
   06  0.1285714E+01  0.1253674E+02  0.7984386E-02  0.2528249E-02  0.1837919E+01
   06  0.1297619E+01  0.1253674E+02  0.8317062E-02  0.2633582E-02  0.1837919E+01
   06  0.1309524E+01  0.1253674E+02  0.8649738E-02  0.2738914E-02  0.1837919E+01
   06  0.1321429E+01  0.1253674E+02  0.8982413E-02  0.2844244E-02  0.1837919E+01
   06  0.1333333E+01  0.1253674E+02  0.9315087E-02  0.2949574E-02  0.1837919E+01
   06  0.1345238E+01  0.1253674E+02  0.9647762E-02  0.3054902E-02  0.1837920E+01
   06  0.1357143E+01  0.1253674E+02  0.9980435E-02  0.3160230E-02  0.1837920E+01
   06  0.1369048E+01  0.1253674E+02  0.1031311E-01  0.3265556E-02  0.1837920E+01
   06  0.1380952E+01  0.1253674E+02  0.1064578E-01  0.3370881E-02  0.1837920E+01
   06  0.1392857E+01  0.1253674E+02  0.1097845E-01  0.3476205E-02  0.1837920E+01
   06  0.1404762E+01  0.1253674E+02  0.1131113E-01  0.3581528E-02  0.1837920E+01
   06  0.1416667E+01  0.1253674E+02  0.1164380E-01  0.3686850E-02  0.1837920E+01
   06  0.1428571E+01  0.1253674E+02  0.1197647E-01  0.3792170E-02  0.1837920E+01
   06  0.1476190E+01  0.1253674E+02  0.1330719E-01  0.4213440E-02  0.1837921E+01
   06  0.1523810E+01  0.1253674E+02  0.1463790E-01  0.4634690E-02  0.1837921E+01
   06  0.1571429E+01  0.1253674E+02  0.1596861E-01  0.5055918E-02  0.1837922E+01
   06  0.1619048E+01  0.1253674E+02  0.1729932E-01  0.5477123E-02  0.1837923E+01
   06  0.1666667E+01  0.1253674E+02  0.1863003E-01  0.5898305E-02  0.1837924E+01
   06  0.1714286E+01  0.1253675E+02  0.1996074E-01  0.6319464E-02  0.1837924E+01
   06  0.1761905E+01  0.1253675E+02  0.2129146E-01  0.6740598E-02  0.1837925E+01
   06  0.1809524E+01  0.1253675E+02  0.2262218E-01  0.7161709E-02  0.1837926E+01
   06  0.1857143E+01  0.1253675E+02  0.2395291E-01  0.7582794E-02  0.1837927E+01
   06  0.1904762E+01  0.1253675E+02  0.2528364E-01  0.8003855E-02  0.1837928E+01
   06  0.1952381E+01  0.1253675E+02  0.2661438E-01  0.8424890E-02  0.1837929E+01
