# gauge_id= 506 location=( -0.1253000000E+03  0.4150000000E+02 ) num_var=  4
# Stationary gauge
# level, time, q[  1  2  3], eta, aux[]
# file format ascii, time series follow in this file
   02  0.0000000E+00  0.3126981E+04  0.0000000E+00  0.0000000E+00  0.0000000E+00
   02  0.1000000E+01  0.3126981E+04 -0.2358721E-13  0.5426062E-14  0.2303986E+00
   02  0.1142857E+01  0.3126983E+04 -0.2495506E+00 -0.4665158E-02  0.2319437E+00
   02  0.1285714E+01  0.3126985E+04 -0.4994519E+00 -0.9640843E-02  0.2334900E+00
   02  0.1428571E+01  0.3126986E+04 -0.7496988E+00 -0.1492393E-01  0.2350377E+00
   02  0.1571429E+01  0.3126988E+04 -0.1000287E+01 -0.2051153E-01  0.2365865E+00
   02  0.1714286E+01  0.3126989E+04 -0.1251215E+01 -0.2640089E-01  0.2381365E+00
   02  0.1857143E+01  0.3126991E+04 -0.1502477E+01 -0.3258947E-01  0.2396876E+00
