# gauge_id= 515 location=( -0.1251000000E+03  0.4170000000E+02 ) num_var=  4
# Stationary gauge
# level, time, q[  1  2  3], eta, aux[]
# file format ascii, time series follow in this file
   02  0.0000000E+00  0.1974486E+04  0.0000000E+00  0.0000000E+00  0.0000000E+00
   02  0.1000000E+01  0.1974486E+04 -0.2753501E-13  0.1109535E-12  0.4033072E+01
   02  0.1142857E+01  0.1974483E+04 -0.5563290E+00 -0.5484779E-01  0.4030181E+01
   02  0.1285714E+01  0.1974480E+04 -0.1111050E+01 -0.1097018E+00  0.4027290E+01
   02  0.1428571E+01  0.1974477E+04 -0.1664114E+01 -0.1645623E+00  0.4024399E+01
   02  0.1571429E+01  0.1974474E+04 -0.2215525E+01 -0.2194294E+00  0.4021509E+01
   02  0.1714286E+01  0.1974471E+04 -0.2765288E+01 -0.2743034E+00  0.4018619E+01
   02  0.1857143E+01  0.1974468E+04 -0.3313407E+01 -0.3291845E+00  0.4015729E+01
