# gauge_id= 604 location=( -0.1242128051E+03  0.4175523626E+02 ) num_var=  4
# Stationary gauge
# level, time, q[  1  2  3], eta, aux[]
# file format ascii, time series follow in this file
   06  0.0000000E+00  0.1519521E+02  0.0000000E+00  0.0000000E+00  0.0000000E+00
   06  0.1000000E+01  0.1519521E+02 -0.3756052E-15  0.4522956E-15  0.2083040E+01
   06  0.1003968E+01  0.1519521E+02  0.1334228E-03  0.4088423E-04  0.2083040E+01
   06  0.1007937E+01  0.1519521E+02  0.2668475E-03  0.8176778E-04  0.2083040E+01
   06  0.1011905E+01  0.1519521E+02  0.4002740E-03  0.1226506E-03  0.2083040E+01
   06  0.1015873E+01  0.1519521E+02  0.5337023E-03  0.1635328E-03  0.2083040E+01
   06  0.1019841E+01  0.1519521E+02  0.6671326E-03  0.2044143E-03  0.2083040E+01
   06  0.1023810E+01  0.1519521E+02  0.8005647E-03  0.2452951E-03  0.2083040E+01
   06  0.1027778E+01  0.1519521E+02  0.9339986E-03  0.2861753E-03  0.2083040E+01
   06  0.1031746E+01  0.1519521E+02  0.1067434E-02  0.3270547E-03  0.2083041E+01
   06  0.1035714E+01  0.1519521E+02  0.1200872E-02  0.3679334E-03  0.2083041E+01
   06  0.1039683E+01  0.1519521E+02  0.1334312E-02  0.4088115E-03  0.2083041E+01
   06  0.1043651E+01  0.1519521E+02  0.1467753E-02  0.4496888E-03  0.2083041E+01
   06  0.1047619E+01  0.1519521E+02  0.1601196E-02  0.4905655E-03  0.2083041E+01
   06  0.1051587E+01  0.1519521E+02  0.1734642E-02  0.5314414E-03  0.2083041E+01
   06  0.1055556E+01  0.1519521E+02  0.1868089E-02  0.5723167E-03  0.2083041E+01
   06  0.1059524E+01  0.1519521E+02  0.2001538E-02  0.6131912E-03  0.2083041E+01
   06  0.1063492E+01  0.1519521E+02  0.2134989E-02  0.6540650E-03  0.2083041E+01
   06  0.1067460E+01  0.1519521E+02  0.2268441E-02  0.6949381E-03  0.2083041E+01
   06  0.1071429E+01  0.1519521E+02  0.2401896E-02  0.7358106E-03  0.2083041E+01
   06  0.1075397E+01  0.1519521E+02  0.2535353E-02  0.7766822E-03  0.2083041E+01
   06  0.1079365E+01  0.1519521E+02  0.2668811E-02  0.8175532E-03  0.2083041E+01
   06  0.1083333E+01  0.1519521E+02  0.2802272E-02  0.8584235E-03  0.2083041E+01
   06  0.1087302E+01  0.1519521E+02  0.2935734E-02  0.8992930E-03  0.2083041E+01
   06  0.1091270E+01  0.1519521E+02  0.3069198E-02  0.9401618E-03  0.2083042E+01
   06  0.1095238E+01  0.1519521E+02  0.3202664E-02  0.9810299E-03  0.2083042E+01
   06  0.1099206E+01  0.1519521E+02  0.3336133E-02  0.1021897E-02  0.2083042E+01
   06  0.1103175E+01  0.1519521E+02  0.3469603E-02  0.1062764E-02  0.2083042E+01
   06  0.1107143E+01  0.1519521E+02  0.3603074E-02  0.1103630E-02  0.2083042E+01
   06  0.1119048E+01  0.1519521E+02  0.4003500E-02  0.1226224E-02  0.2083042E+01
   06  0.1130952E+01  0.1519521E+02  0.4403942E-02  0.1348811E-02  0.2083042E+01
   06  0.1142857E+01  0.1519521E+02  0.4804403E-02  0.1471391E-02  0.2083042E+01
   06  0.1154762E+01  0.1519521E+02  0.5204880E-02  0.1593965E-02  0.2083043E+01
   06  0.1166667E+01  0.1519521E+02  0.5605376E-02  0.1716531E-02  0.2083043E+01
   06  0.1178571E+01  0.1519521E+02  0.6005890E-02  0.1839091E-02  0.2083043E+01
   06  0.1190476E+01  0.1519521E+02  0.6406421E-02  0.1961645E-02  0.2083043E+01
   06  0.1202381E+01  0.1519521E+02  0.6806970E-02  0.2084191E-02  0.2083043E+01
   06  0.1214286E+01  0.1519521E+02  0.7207538E-02  0.2206730E-02  0.2083043E+01
   06  0.1226190E+01  0.1519521E+02  0.7608123E-02  0.2329262E-02  0.2083044E+01
   06  0.1238095E+01  0.1519521E+02  0.8008727E-02  0.2451788E-02  0.2083044E+01
   06  0.1250000E+01  0.1519521E+02  0.8409349E-02  0.2574306E-02  0.2083044E+01
   06  0.1261905E+01  0.1519521E+02  0.8809990E-02  0.2696817E-02  0.2083044E+01
   06  0.1273810E+01  0.1519521E+02  0.9210649E-02  0.2819320E-02  0.2083044E+01
   06  0.1285714E+01  0.1519521E+02  0.9611326E-02  0.2941817E-02  0.2083044E+01
   06  0.1297619E+01  0.1519521E+02  0.1001202E-01  0.3064306E-02  0.2083045E+01
   06  0.1309524E+01  0.1519521E+02  0.1041274E-01  0.3186788E-02  0.2083045E+01
   06  0.1321429E+01  0.1519522E+02  0.1081347E-01  0.3309263E-02  0.2083045E+01
   06  0.1333333E+01  0.1519522E+02  0.1121422E-01  0.3431730E-02  0.2083045E+01
   06  0.1345238E+01  0.1519522E+02  0.1161500E-01  0.3554189E-02  0.2083045E+01
   06  0.1357143E+01  0.1519522E+02  0.1201579E-01  0.3676642E-02  0.2083045E+01
   06  0.1369048E+01  0.1519522E+02  0.1241660E-01  0.3799087E-02  0.2083046E+01
   06  0.1380952E+01  0.1519522E+02  0.1281742E-01  0.3921524E-02  0.2083046E+01
   06  0.1392857E+01  0.1519522E+02  0.1321827E-01  0.4043953E-02  0.2083046E+01
   06  0.1404762E+01  0.1519522E+02  0.1361914E-01  0.4166375E-02  0.2083046E+01
   06  0.1416667E+01  0.1519522E+02  0.1402003E-01  0.4288790E-02  0.2083046E+01
   06  0.1428571E+01  0.1519522E+02  0.1442093E-01  0.4411196E-02  0.2083046E+01
   06  0.1476190E+01  0.1519522E+02  0.1602470E-01  0.4900753E-02  0.2083047E+01
   06  0.1523810E+01  0.1519522E+02  0.1762879E-01  0.5390184E-02  0.2083047E+01
   06  0.1571429E+01  0.1519522E+02  0.1923320E-01  0.5879488E-02  0.2083048E+01
   06  0.1619048E+01  0.1519522E+02  0.2083793E-01  0.6368663E-02  0.2083048E+01
   06  0.1666667E+01  0.1519522E+02  0.2244299E-01  0.6857709E-02  0.2083049E+01
   06  0.1714286E+01  0.1519522E+02  0.2404838E-01  0.7346622E-02  0.2083049E+01
   06  0.1761905E+01  0.1519522E+02  0.2565411E-01  0.7835404E-02  0.2083050E+01
   06  0.1809524E+01  0.1519522E+02  0.2726017E-01  0.8324052E-02  0.2083050E+01
   06  0.1857143E+01  0.1519522E+02  0.2886658E-01  0.8812565E-02  0.2083050E+01
   06  0.1904762E+01  0.1519522E+02  0.3047333E-01  0.9300943E-02  0.2083051E+01
   06  0.1952381E+01  0.1519522E+02  0.3208043E-01  0.9789186E-02  0.2083051E+01
