# gauge_id= 610 location=( -0.1242130909E+03  0.4175877177E+02 ) num_var=  4
# Stationary gauge
# level, time, q[  1  2  3], eta, aux[]
# file format ascii, time series follow in this file
   06  0.0000000E+00  0.1597009E+02  0.0000000E+00  0.0000000E+00  0.0000000E+00
   06  0.1000000E+01  0.1597009E+02 -0.4045495E-14 -0.1891460E-14  0.2061270E+01
   06  0.1003968E+01  0.1597009E+02  0.1410827E-03  0.4291669E-04  0.2061270E+01
   06  0.1007937E+01  0.1597009E+02  0.2821655E-03  0.8583339E-04  0.2061270E+01
   06  0.1011905E+01  0.1597009E+02  0.4232484E-03  0.1287501E-03  0.2061270E+01
   06  0.1015873E+01  0.1597009E+02  0.5643315E-03  0.1716668E-03  0.2061270E+01
   06  0.1019841E+01  0.1597009E+02  0.7054148E-03  0.2145835E-03  0.2061270E+01
   06  0.1023810E+01  0.1597009E+02  0.8464981E-03  0.2575003E-03  0.2061270E+01
   06  0.1027778E+01  0.1597009E+02  0.9875816E-03  0.3004170E-03  0.2061270E+01
   06  0.1031746E+01  0.1597009E+02  0.1128665E-02  0.3433338E-03  0.2061270E+01
   06  0.1035714E+01  0.1597009E+02  0.1269749E-02  0.3862506E-03  0.2061270E+01
   06  0.1039683E+01  0.1597009E+02  0.1410833E-02  0.4291674E-03  0.2061270E+01
   06  0.1043651E+01  0.1597009E+02  0.1551917E-02  0.4720841E-03  0.2061270E+01
   06  0.1047619E+01  0.1597009E+02  0.1693001E-02  0.5150010E-03  0.2061270E+01
   06  0.1051587E+01  0.1597009E+02  0.1834085E-02  0.5579178E-03  0.2061270E+01
   06  0.1055556E+01  0.1597009E+02  0.1975170E-02  0.6008346E-03  0.2061270E+01
   06  0.1059524E+01  0.1597009E+02  0.2116254E-02  0.6437514E-03  0.2061270E+01
   06  0.1063492E+01  0.1597009E+02  0.2257339E-02  0.6866683E-03  0.2061270E+01
   06  0.1067460E+01  0.1597009E+02  0.2398424E-02  0.7295851E-03  0.2061270E+01
   06  0.1071429E+01  0.1597009E+02  0.2539509E-02  0.7725020E-03  0.2061270E+01
   06  0.1075397E+01  0.1597009E+02  0.2680594E-02  0.8154188E-03  0.2061270E+01
   06  0.1079365E+01  0.1597009E+02  0.2821679E-02  0.8583357E-03  0.2061270E+01
   06  0.1083333E+01  0.1597009E+02  0.2962764E-02  0.9012526E-03  0.2061270E+01
   06  0.1087302E+01  0.1597009E+02  0.3103850E-02  0.9441695E-03  0.2061270E+01
   06  0.1091270E+01  0.1597009E+02  0.3244935E-02  0.9870864E-03  0.2061270E+01
   06  0.1095238E+01  0.1597009E+02  0.3386021E-02  0.1030003E-02  0.2061270E+01
   06  0.1099206E+01  0.1597009E+02  0.3527107E-02  0.1072920E-02  0.2061270E+01
   06  0.1103175E+01  0.1597009E+02  0.3668193E-02  0.1115837E-02  0.2061270E+01
   06  0.1107143E+01  0.1597009E+02  0.3809279E-02  0.1158754E-02  0.2061270E+01
   06  0.1119048E+01  0.1597009E+02  0.4232537E-02  0.1287505E-02  0.2061270E+01
   06  0.1130952E+01  0.1597009E+02  0.4655796E-02  0.1416256E-02  0.2061270E+01
   06  0.1142857E+01  0.1597009E+02  0.5079056E-02  0.1545006E-02  0.2061270E+01
   06  0.1154762E+01  0.1597009E+02  0.5502317E-02  0.1673757E-02  0.2061270E+01
   06  0.1166667E+01  0.1597009E+02  0.5925579E-02  0.1802508E-02  0.2061270E+01
   06  0.1178571E+01  0.1597009E+02  0.6348842E-02  0.1931259E-02  0.2061270E+01
   06  0.1190476E+01  0.1597009E+02  0.6772107E-02  0.2060010E-02  0.2061270E+01
   06  0.1202381E+01  0.1597009E+02  0.7195372E-02  0.2188761E-02  0.2061270E+01
   06  0.1214286E+01  0.1597009E+02  0.7618637E-02  0.2317512E-02  0.2061270E+01
   06  0.1226190E+01  0.1597009E+02  0.8041904E-02  0.2446263E-02  0.2061270E+01
   06  0.1238095E+01  0.1597009E+02  0.8465172E-02  0.2575014E-02  0.2061271E+01
   06  0.1250000E+01  0.1597009E+02  0.8888440E-02  0.2703765E-02  0.2061271E+01
   06  0.1261905E+01  0.1597009E+02  0.9311710E-02  0.2832515E-02  0.2061271E+01
   06  0.1273810E+01  0.1597009E+02  0.9734980E-02  0.2961266E-02  0.2061271E+01
   06  0.1285714E+01  0.1597009E+02  0.1015825E-01  0.3090017E-02  0.2061271E+01
   06  0.1297619E+01  0.1597009E+02  0.1058152E-01  0.3218768E-02  0.2061271E+01
   06  0.1309524E+01  0.1597009E+02  0.1100479E-01  0.3347518E-02  0.2061271E+01
   06  0.1321429E+01  0.1597009E+02  0.1142807E-01  0.3476269E-02  0.2061271E+01
   06  0.1333333E+01  0.1597009E+02  0.1185134E-01  0.3605019E-02  0.2061271E+01
   06  0.1345238E+01  0.1597009E+02  0.1227462E-01  0.3733769E-02  0.2061271E+01
   06  0.1357143E+01  0.1597009E+02  0.1269789E-01  0.3862519E-02  0.2061271E+01
   06  0.1369048E+01  0.1597009E+02  0.1312117E-01  0.3991269E-02  0.2061271E+01
   06  0.1380952E+01  0.1597009E+02  0.1354444E-01  0.4120019E-02  0.2061271E+01
   06  0.1392857E+01  0.1597009E+02  0.1396772E-01  0.4248769E-02  0.2061271E+01
   06  0.1404762E+01  0.1597009E+02  0.1439100E-01  0.4377518E-02  0.2061271E+01
   06  0.1416667E+01  0.1597009E+02  0.1481427E-01  0.4506267E-02  0.2061271E+01
   06  0.1428571E+01  0.1597009E+02  0.1523755E-01  0.4635016E-02  0.2061271E+01
   06  0.1476190E+01  0.1597009E+02  0.1693066E-01  0.5150007E-02  0.2061272E+01
   06  0.1523810E+01  0.1597009E+02  0.1862376E-01  0.5664993E-02  0.2061272E+01
   06  0.1571429E+01  0.1597009E+02  0.2031688E-01  0.6179973E-02  0.2061272E+01
   06  0.1619048E+01  0.1597009E+02  0.2200999E-01  0.6694945E-02  0.2061273E+01
   06  0.1666667E+01  0.1597010E+02  0.2370311E-01  0.7209910E-02  0.2061273E+01
   06  0.1714286E+01  0.1597010E+02  0.2539622E-01  0.7724866E-02  0.2061273E+01
   06  0.1761905E+01  0.1597010E+02  0.2708933E-01  0.8239810E-02  0.2061274E+01
   06  0.1809524E+01  0.1597010E+02  0.2878243E-01  0.8754743E-02  0.2061274E+01
   06  0.1857143E+01  0.1597010E+02  0.3047553E-01  0.9269662E-02  0.2061275E+01
   06  0.1904762E+01  0.1597010E+02  0.3216861E-01  0.9784566E-02  0.2061275E+01
   06  0.1952381E+01  0.1597010E+02  0.3386169E-01  0.1029945E-01  0.2061275E+01
