# gauge_id= 607 location=( -0.1242042291E+03  0.4176285853E+02 ) num_var=  4
# Stationary gauge
# level, time, q[  1  2  3], eta, aux[]
# file format ascii, time series follow in this file
   06  0.0000000E+00  0.1288720E+02  0.0000000E+00  0.0000000E+00  0.0000000E+00
   06  0.1000000E+01  0.1288720E+02 -0.7331616E-15  0.2288548E-15  0.1861948E+01
   06  0.1003968E+01  0.1288720E+02  0.1151003E-03  0.3706721E-04  0.1861948E+01
   06  0.1007937E+01  0.1288720E+02  0.2302035E-03  0.7413489E-04  0.1861948E+01
   06  0.1011905E+01  0.1288720E+02  0.3453096E-03  0.1112030E-03  0.1861948E+01
   06  0.1015873E+01  0.1288720E+02  0.4604187E-03  0.1482716E-03  0.1861948E+01
   06  0.1019841E+01  0.1288720E+02  0.5755306E-03  0.1853406E-03  0.1861948E+01
   06  0.1023810E+01  0.1288720E+02  0.6906454E-03  0.2224101E-03  0.1861948E+01
   06  0.1027778E+01  0.1288720E+02  0.8057631E-03  0.2594801E-03  0.1861948E+01
   06  0.1031746E+01  0.1288720E+02  0.9208837E-03  0.2965504E-03  0.1861948E+01
   06  0.1035714E+01  0.1288720E+02  0.1036007E-02  0.3336212E-03  0.1861947E+01
   06  0.1039683E+01  0.1288720E+02  0.1151133E-02  0.3706925E-03  0.1861947E+01
   06  0.1043651E+01  0.1288720E+02  0.1266262E-02  0.4077642E-03  0.1861947E+01
   06  0.1047619E+01  0.1288720E+02  0.1381394E-02  0.4448363E-03  0.1861947E+01
   06  0.1051587E+01  0.1288720E+02  0.1496529E-02  0.4819088E-03  0.1861947E+01
   06  0.1055556E+01  0.1288720E+02  0.1611667E-02  0.5189817E-03  0.1861947E+01
   06  0.1059524E+01  0.1288720E+02  0.1726807E-02  0.5560551E-03  0.1861947E+01
   06  0.1063492E+01  0.1288720E+02  0.1841950E-02  0.5931289E-03  0.1861947E+01
   06  0.1067460E+01  0.1288720E+02  0.1957095E-02  0.6302031E-03  0.1861947E+01
   06  0.1071429E+01  0.1288720E+02  0.2072244E-02  0.6672777E-03  0.1861947E+01
   06  0.1075397E+01  0.1288720E+02  0.2187395E-02  0.7043527E-03  0.1861947E+01
   06  0.1079365E+01  0.1288720E+02  0.2302549E-02  0.7414281E-03  0.1861947E+01
   06  0.1083333E+01  0.1288720E+02  0.2417706E-02  0.7785039E-03  0.1861947E+01
   06  0.1087302E+01  0.1288720E+02  0.2532865E-02  0.8155800E-03  0.1861947E+01
   06  0.1091270E+01  0.1288720E+02  0.2648027E-02  0.8526566E-03  0.1861947E+01
   06  0.1095238E+01  0.1288720E+02  0.2763191E-02  0.8897336E-03  0.1861947E+01
   06  0.1099206E+01  0.1288720E+02  0.2878359E-02  0.9268109E-03  0.1861947E+01
   06  0.1103175E+01  0.1288720E+02  0.2993528E-02  0.9638887E-03  0.1861947E+01
   06  0.1107143E+01  0.1288720E+02  0.3108701E-02  0.1000967E-02  0.1861947E+01
   06  0.1119048E+01  0.1288720E+02  0.3454220E-02  0.1112205E-02  0.1861947E+01
   06  0.1130952E+01  0.1288720E+02  0.3799762E-02  0.1223446E-02  0.1861947E+01
   06  0.1142857E+01  0.1288720E+02  0.4145327E-02  0.1334691E-02  0.1861947E+01
   06  0.1154762E+01  0.1288720E+02  0.4490914E-02  0.1445938E-02  0.1861947E+01
   06  0.1166667E+01  0.1288720E+02  0.4836523E-02  0.1557189E-02  0.1861947E+01
   06  0.1178571E+01  0.1288720E+02  0.5182153E-02  0.1668442E-02  0.1861947E+01
   06  0.1190476E+01  0.1288720E+02  0.5527804E-02  0.1779699E-02  0.1861947E+01
   06  0.1202381E+01  0.1288720E+02  0.5873475E-02  0.1890957E-02  0.1861947E+01
   06  0.1214286E+01  0.1288720E+02  0.6219167E-02  0.2002219E-02  0.1861947E+01
   06  0.1226190E+01  0.1288720E+02  0.6564879E-02  0.2113483E-02  0.1861947E+01
   06  0.1238095E+01  0.1288720E+02  0.6910610E-02  0.2224749E-02  0.1861947E+01
   06  0.1250000E+01  0.1288720E+02  0.7256359E-02  0.2336017E-02  0.1861947E+01
   06  0.1261905E+01  0.1288720E+02  0.7602128E-02  0.2447288E-02  0.1861947E+01
   06  0.1273810E+01  0.1288720E+02  0.7947914E-02  0.2558561E-02  0.1861947E+01
   06  0.1285714E+01  0.1288720E+02  0.8293718E-02  0.2669835E-02  0.1861948E+01
   06  0.1297619E+01  0.1288720E+02  0.8639539E-02  0.2781112E-02  0.1861948E+01
   06  0.1309524E+01  0.1288720E+02  0.8985376E-02  0.2892390E-02  0.1861948E+01
   06  0.1321429E+01  0.1288720E+02  0.9331230E-02  0.3003670E-02  0.1861948E+01
   06  0.1333333E+01  0.1288720E+02  0.9677100E-02  0.3114951E-02  0.1861948E+01
   06  0.1345238E+01  0.1288720E+02  0.1002298E-01  0.3226234E-02  0.1861948E+01
   06  0.1357143E+01  0.1288720E+02  0.1036888E-01  0.3337518E-02  0.1861948E+01
   06  0.1369048E+01  0.1288720E+02  0.1071480E-01  0.3448803E-02  0.1861948E+01
   06  0.1380952E+01  0.1288720E+02  0.1106073E-01  0.3560089E-02  0.1861948E+01
   06  0.1392857E+01  0.1288720E+02  0.1140667E-01  0.3671376E-02  0.1861948E+01
   06  0.1404762E+01  0.1288720E+02  0.1175262E-01  0.3782665E-02  0.1861949E+01
   06  0.1416667E+01  0.1288720E+02  0.1209859E-01  0.3893954E-02  0.1861949E+01
   06  0.1428571E+01  0.1288720E+02  0.1244457E-01  0.4005243E-02  0.1861949E+01
   06  0.1476190E+01  0.1288721E+02  0.1382835E-01  0.4450429E-02  0.1861950E+01
   06  0.1523810E+01  0.1288721E+02  0.1521228E-01  0.4895615E-02  0.1861950E+01
   06  0.1571429E+01  0.1288721E+02  0.1659633E-01  0.5340794E-02  0.1861951E+01
   06  0.1619048E+01  0.1288721E+02  0.1798048E-01  0.5785959E-02  0.1861952E+01
   06  0.1666667E+01  0.1288721E+02  0.1936467E-01  0.6231100E-02  0.1861953E+01
   06  0.1714286E+01  0.1288721E+02  0.2074888E-01  0.6676211E-02  0.1861955E+01
   06  0.1761905E+01  0.1288721E+02  0.2213307E-01  0.7121283E-02  0.1861956E+01
   06  0.1809524E+01  0.1288721E+02  0.2351720E-01  0.7566308E-02  0.1861957E+01
   06  0.1857143E+01  0.1288721E+02  0.2490123E-01  0.8011276E-02  0.1861959E+01
   06  0.1904762E+01  0.1288722E+02  0.2628512E-01  0.8456178E-02  0.1861961E+01
   06  0.1952381E+01  0.1288722E+02  0.2766884E-01  0.8901007E-02  0.1861963E+01
