# gauge_id= 206 location=( -0.1242120000E+03  0.4176625000E+02 ) num_var=  4
# Stationary gauge
# level, time, q[  1  2  3], eta, aux[]
# file format ascii, time series follow in this file
   06  0.0000000E+00  0.1605432E+02  0.0000000E+00  0.0000000E+00  0.0000000E+00
   06  0.1000000E+01  0.1605432E+02  0.4689072E-14  0.1790141E-14  0.1981756E+01
   06  0.1003968E+01  0.1605432E+02  0.1431586E-03  0.4514818E-04  0.1981756E+01
   06  0.1007937E+01  0.1605432E+02  0.2863172E-03  0.9029647E-04  0.1981756E+01
   06  0.1011905E+01  0.1605432E+02  0.4294758E-03  0.1354449E-03  0.1981756E+01
   06  0.1015873E+01  0.1605432E+02  0.5726343E-03  0.1805934E-03  0.1981756E+01
   06  0.1019841E+01  0.1605432E+02  0.7157929E-03  0.2257420E-03  0.1981756E+01
   06  0.1023810E+01  0.1605432E+02  0.8589514E-03  0.2708907E-03  0.1981756E+01
   06  0.1027778E+01  0.1605432E+02  0.1002110E-02  0.3160395E-03  0.1981756E+01
   06  0.1031746E+01  0.1605432E+02  0.1145268E-02  0.3611885E-03  0.1981756E+01
   06  0.1035714E+01  0.1605432E+02  0.1288427E-02  0.4063376E-03  0.1981756E+01
   06  0.1039683E+01  0.1605432E+02  0.1431585E-02  0.4514867E-03  0.1981756E+01
   06  0.1043651E+01  0.1605432E+02  0.1574744E-02  0.4966360E-03  0.1981756E+01
   06  0.1047619E+01  0.1605432E+02  0.1717902E-02  0.5417855E-03  0.1981756E+01
   06  0.1051587E+01  0.1605432E+02  0.1861061E-02  0.5869350E-03  0.1981756E+01
   06  0.1055556E+01  0.1605432E+02  0.2004219E-02  0.6320847E-03  0.1981756E+01
   06  0.1059524E+01  0.1605432E+02  0.2147377E-02  0.6772345E-03  0.1981756E+01
   06  0.1063492E+01  0.1605432E+02  0.2290536E-02  0.7223844E-03  0.1981756E+01
   06  0.1067460E+01  0.1605432E+02  0.2433694E-02  0.7675345E-03  0.1981756E+01
   06  0.1071429E+01  0.1605432E+02  0.2576852E-02  0.8126846E-03  0.1981756E+01
   06  0.1075397E+01  0.1605432E+02  0.2720011E-02  0.8578349E-03  0.1981756E+01
   06  0.1079365E+01  0.1605432E+02  0.2863169E-02  0.9029854E-03  0.1981756E+01
   06  0.1083333E+01  0.1605432E+02  0.3006327E-02  0.9481360E-03  0.1981756E+01
   06  0.1087302E+01  0.1605432E+02  0.3149486E-02  0.9932867E-03  0.1981756E+01
   06  0.1091270E+01  0.1605432E+02  0.3292644E-02  0.1038438E-02  0.1981756E+01
   06  0.1095238E+01  0.1605432E+02  0.3435802E-02  0.1083589E-02  0.1981756E+01
   06  0.1099206E+01  0.1605432E+02  0.3578960E-02  0.1128740E-02  0.1981756E+01
   06  0.1103175E+01  0.1605432E+02  0.3722118E-02  0.1173891E-02  0.1981756E+01
   06  0.1107143E+01  0.1605432E+02  0.3865277E-02  0.1219042E-02  0.1981756E+01
   06  0.1119048E+01  0.1605432E+02  0.4294751E-02  0.1354497E-02  0.1981756E+01
   06  0.1130952E+01  0.1605432E+02  0.4724225E-02  0.1489953E-02  0.1981756E+01
   06  0.1142857E+01  0.1605432E+02  0.5153699E-02  0.1625411E-02  0.1981756E+01
   06  0.1154762E+01  0.1605432E+02  0.5583172E-02  0.1760870E-02  0.1981756E+01
   06  0.1166667E+01  0.1605432E+02  0.6012646E-02  0.1896331E-02  0.1981756E+01
   06  0.1178571E+01  0.1605432E+02  0.6442119E-02  0.2031793E-02  0.1981756E+01
   06  0.1190476E+01  0.1605432E+02  0.6871592E-02  0.2167256E-02  0.1981756E+01
   06  0.1202381E+01  0.1605432E+02  0.7301065E-02  0.2302721E-02  0.1981756E+01
   06  0.1214286E+01  0.1605432E+02  0.7730538E-02  0.2438188E-02  0.1981756E+01
   06  0.1226190E+01  0.1605432E+02  0.8160010E-02  0.2573657E-02  0.1981756E+01
   06  0.1238095E+01  0.1605432E+02  0.8589483E-02  0.2709127E-02  0.1981756E+01
   06  0.1250000E+01  0.1605432E+02  0.9018955E-02  0.2844599E-02  0.1981756E+01
   06  0.1261905E+01  0.1605432E+02  0.9448427E-02  0.2980073E-02  0.1981756E+01
   06  0.1273810E+01  0.1605432E+02  0.9877899E-02  0.3115549E-02  0.1981756E+01
   06  0.1285714E+01  0.1605432E+02  0.1030737E-01  0.3251026E-02  0.1981755E+01
   06  0.1297619E+01  0.1605432E+02  0.1073684E-01  0.3386506E-02  0.1981755E+01
   06  0.1309524E+01  0.1605432E+02  0.1116631E-01  0.3521988E-02  0.1981755E+01
   06  0.1321429E+01  0.1605432E+02  0.1159578E-01  0.3657471E-02  0.1981755E+01
   06  0.1333333E+01  0.1605432E+02  0.1202526E-01  0.3792957E-02  0.1981755E+01
   06  0.1345238E+01  0.1605432E+02  0.1245473E-01  0.3928445E-02  0.1981755E+01
   06  0.1357143E+01  0.1605432E+02  0.1288420E-01  0.4063935E-02  0.1981755E+01
   06  0.1369048E+01  0.1605432E+02  0.1331367E-01  0.4199427E-02  0.1981755E+01
   06  0.1380952E+01  0.1605432E+02  0.1374314E-01  0.4334921E-02  0.1981755E+01
   06  0.1392857E+01  0.1605432E+02  0.1417261E-01  0.4470418E-02  0.1981755E+01
   06  0.1404762E+01  0.1605432E+02  0.1460208E-01  0.4605917E-02  0.1981754E+01
   06  0.1416667E+01  0.1605432E+02  0.1503155E-01  0.4741418E-02  0.1981754E+01
   06  0.1428571E+01  0.1605432E+02  0.1546101E-01  0.4876922E-02  0.1981754E+01
   06  0.1476190E+01  0.1605432E+02  0.1717889E-01  0.5418957E-02  0.1981754E+01
   06  0.1523810E+01  0.1605432E+02  0.1889675E-01  0.5961035E-02  0.1981753E+01
   06  0.1571429E+01  0.1605432E+02  0.2061462E-01  0.6503157E-02  0.1981752E+01
   06  0.1619048E+01  0.1605432E+02  0.2233248E-01  0.7045326E-02  0.1981752E+01
   06  0.1666667E+01  0.1605431E+02  0.2405034E-01  0.7587546E-02  0.1981751E+01
   06  0.1714286E+01  0.1605431E+02  0.2576819E-01  0.8129818E-02  0.1981750E+01
   06  0.1761905E+01  0.1605431E+02  0.2748604E-01  0.8672146E-02  0.1981749E+01
   06  0.1809524E+01  0.1605431E+02  0.2920388E-01  0.9214532E-02  0.1981748E+01
   06  0.1857143E+01  0.1605431E+02  0.3092172E-01  0.9756979E-02  0.1981747E+01
   06  0.1904762E+01  0.1605431E+02  0.3263956E-01  0.1029949E-01  0.1981746E+01
   06  0.1952381E+01  0.1605431E+02  0.3435739E-01  0.1084207E-01  0.1981745E+01
