# gauge_id= 307 location=( -0.1242050000E+03  0.4176625000E+02 ) num_var=  4
# Stationary gauge
# level, time, q[  1  2  3], eta, aux[]
# file format ascii, time series follow in this file
   06  0.0000000E+00  0.4403900E+01  0.0000000E+00  0.0000000E+00  0.0000000E+00
   06  0.1000000E+01  0.4403900E+01 -0.1048975E-16 -0.5646345E-16  0.1848802E+01
   06  0.1003968E+01  0.4403900E+01  0.4085535E-04  0.1270703E-04  0.1848802E+01
   06  0.1007937E+01  0.4403900E+01  0.8171402E-04  0.2541518E-04  0.1848802E+01
   06  0.1011905E+01  0.4403901E+01  0.1225760E-03  0.3812446E-04  0.1848802E+01
   06  0.1015873E+01  0.4403901E+01  0.1634413E-03  0.5083488E-04  0.1848802E+01
   06  0.1019841E+01  0.4403901E+01  0.2043100E-03  0.6354643E-04  0.1848803E+01
   06  0.1023810E+01  0.4403901E+01  0.2451821E-03  0.7625913E-04  0.1848803E+01
   06  0.1027778E+01  0.4403901E+01  0.2860575E-03  0.8897297E-04  0.1848803E+01
   06  0.1031746E+01  0.4403901E+01  0.3269363E-03  0.1016880E-03  0.1848803E+01
   06  0.1035714E+01  0.4403901E+01  0.3678185E-03  0.1144041E-03  0.1848803E+01
   06  0.1039683E+01  0.4403901E+01  0.4087041E-03  0.1271214E-03  0.1848803E+01
   06  0.1043651E+01  0.4403901E+01  0.4495931E-03  0.1398399E-03  0.1848803E+01
   06  0.1047619E+01  0.4403901E+01  0.4904855E-03  0.1525595E-03  0.1848803E+01
   06  0.1051587E+01  0.4403902E+01  0.5313814E-03  0.1652803E-03  0.1848803E+01
   06  0.1055556E+01  0.4403902E+01  0.5722807E-03  0.1780023E-03  0.1848803E+01
   06  0.1059524E+01  0.4403902E+01  0.6131834E-03  0.1907255E-03  0.1848804E+01
   06  0.1063492E+01  0.4403902E+01  0.6540897E-03  0.2034498E-03  0.1848804E+01
   06  0.1067460E+01  0.4403902E+01  0.6949994E-03  0.2161753E-03  0.1848804E+01
   06  0.1071429E+01  0.4403902E+01  0.7359126E-03  0.2289020E-03  0.1848804E+01
   06  0.1075397E+01  0.4403902E+01  0.7768293E-03  0.2416299E-03  0.1848804E+01
   06  0.1079365E+01  0.4403902E+01  0.8177495E-03  0.2543590E-03  0.1848804E+01
   06  0.1083333E+01  0.4403902E+01  0.8586732E-03  0.2670893E-03  0.1848804E+01
   06  0.1087302E+01  0.4403903E+01  0.8996005E-03  0.2798208E-03  0.1848804E+01
   06  0.1091270E+01  0.4403903E+01  0.9405313E-03  0.2925536E-03  0.1848804E+01
   06  0.1095238E+01  0.4403903E+01  0.9814657E-03  0.3052875E-03  0.1848805E+01
   06  0.1099206E+01  0.4403903E+01  0.1022404E-02  0.3180226E-03  0.1848805E+01
   06  0.1103175E+01  0.4403903E+01  0.1063345E-02  0.3307590E-03  0.1848805E+01
   06  0.1107143E+01  0.4403903E+01  0.1104290E-02  0.3434966E-03  0.1848805E+01
   06  0.1119048E+01  0.4403904E+01  0.1227150E-02  0.3817153E-03  0.1848805E+01
   06  0.1130952E+01  0.4403904E+01  0.1350042E-02  0.4199452E-03  0.1848806E+01
   06  0.1142857E+01  0.4403904E+01  0.1472967E-02  0.4581863E-03  0.1848806E+01
   06  0.1154762E+01  0.4403905E+01  0.1595926E-02  0.4964389E-03  0.1848806E+01
   06  0.1166667E+01  0.4403905E+01  0.1718918E-02  0.5347029E-03  0.1848807E+01
   06  0.1178571E+01  0.4403905E+01  0.1841944E-02  0.5729786E-03  0.1848807E+01
   06  0.1190476E+01  0.4403906E+01  0.1965004E-02  0.6112659E-03  0.1848808E+01
   06  0.1202381E+01  0.4403906E+01  0.2088099E-02  0.6495651E-03  0.1848808E+01
   06  0.1214286E+01  0.4403907E+01  0.2211228E-02  0.6878763E-03  0.1848808E+01
   06  0.1226190E+01  0.4403907E+01  0.2334393E-02  0.7261994E-03  0.1848809E+01
   06  0.1238095E+01  0.4403908E+01  0.2457593E-02  0.7645347E-03  0.1848809E+01
   06  0.1250000E+01  0.4403908E+01  0.2580828E-02  0.8028822E-03  0.1848810E+01
   06  0.1261905E+01  0.4403908E+01  0.2704100E-02  0.8412422E-03  0.1848810E+01
   06  0.1273810E+01  0.4403909E+01  0.2827408E-02  0.8796145E-03  0.1848811E+01
   06  0.1285714E+01  0.4403909E+01  0.2950752E-02  0.9179995E-03  0.1848811E+01
   06  0.1297619E+01  0.4403910E+01  0.3074133E-02  0.9563971E-03  0.1848812E+01
   06  0.1309524E+01  0.4403910E+01  0.3197552E-02  0.9948076E-03  0.1848812E+01
   06  0.1321429E+01  0.4403911E+01  0.3321008E-02  0.1033231E-02  0.1848813E+01
   06  0.1333333E+01  0.4403911E+01  0.3444502E-02  0.1071667E-02  0.1848813E+01
   06  0.1345238E+01  0.4403912E+01  0.3568034E-02  0.1110117E-02  0.1848814E+01
   06  0.1357143E+01  0.4403912E+01  0.3691604E-02  0.1148579E-02  0.1848814E+01
   06  0.1369048E+01  0.4403913E+01  0.3815213E-02  0.1187055E-02  0.1848815E+01
   06  0.1380952E+01  0.4403913E+01  0.3938861E-02  0.1225545E-02  0.1848815E+01
   06  0.1392857E+01  0.4403914E+01  0.4062549E-02  0.1264048E-02  0.1848816E+01
   06  0.1404762E+01  0.4403914E+01  0.4186276E-02  0.1302565E-02  0.1848816E+01
   06  0.1416667E+01  0.4403915E+01  0.4310043E-02  0.1341095E-02  0.1848817E+01
   06  0.1428571E+01  0.4403916E+01  0.4433851E-02  0.1379639E-02  0.1848817E+01
   06  0.1476190E+01  0.4403918E+01  0.4929541E-02  0.1533930E-02  0.1848820E+01
   06  0.1523810E+01  0.4403920E+01  0.5425902E-02  0.1688451E-02  0.1848822E+01
   06  0.1571429E+01  0.4403923E+01  0.5922953E-02  0.1843211E-02  0.1848825E+01
   06  0.1619048E+01  0.4403926E+01  0.6420715E-02  0.1998216E-02  0.1848827E+01
   06  0.1666667E+01  0.4403929E+01  0.6919208E-02  0.2153473E-02  0.1848830E+01
   06  0.1714286E+01  0.4403932E+01  0.7418452E-02  0.2308990E-02  0.1848833E+01
   06  0.1761905E+01  0.4403935E+01  0.7918468E-02  0.2464774E-02  0.1848836E+01
   06  0.1809524E+01  0.4403938E+01  0.8419277E-02  0.2620831E-02  0.1848840E+01
   06  0.1857143E+01  0.4403941E+01  0.8920898E-02  0.2777169E-02  0.1848843E+01
   06  0.1904762E+01  0.4403945E+01  0.9423354E-02  0.2933796E-02  0.1848847E+01
   06  0.1952381E+01  0.4403949E+01  0.9926665E-02  0.3090718E-02  0.1848850E+01
