# gauge_id= 601 location=( -0.1242093003E+03  0.4175447275E+02 ) num_var=  4
# Stationary gauge
# level, time, q[  1  2  3], eta, aux[]
# file format ascii, time series follow in this file
   06  0.0000000E+00  0.1471186E+02  0.0000000E+00  0.0000000E+00  0.0000000E+00
   06  0.1000000E+01  0.1471186E+02  0.1342859E-15  0.1397330E-14  0.2023412E+01
   06  0.1003968E+01  0.1471186E+02  0.1292467E-03  0.4003612E-04  0.2023412E+01
   06  0.1007937E+01  0.1471186E+02  0.2584935E-03  0.8007227E-04  0.2023412E+01
   06  0.1011905E+01  0.1471186E+02  0.3877406E-03  0.1201084E-03  0.2023412E+01
   06  0.1015873E+01  0.1471186E+02  0.5169879E-03  0.1601446E-03  0.2023412E+01
   06  0.1019841E+01  0.1471186E+02  0.6462353E-03  0.2001809E-03  0.2023412E+01
   06  0.1023810E+01  0.1471186E+02  0.7754830E-03  0.2402171E-03  0.2023412E+01
   06  0.1027778E+01  0.1471186E+02  0.9047308E-03  0.2802533E-03  0.2023412E+01
   06  0.1031746E+01  0.1471186E+02  0.1033979E-02  0.3202896E-03  0.2023412E+01
   06  0.1035714E+01  0.1471186E+02  0.1163227E-02  0.3603259E-03  0.2023412E+01
   06  0.1039683E+01  0.1471186E+02  0.1292476E-02  0.4003622E-03  0.2023412E+01
   06  0.1043651E+01  0.1471186E+02  0.1421724E-02  0.4403986E-03  0.2023412E+01
   06  0.1047619E+01  0.1471186E+02  0.1550973E-02  0.4804349E-03  0.2023412E+01
   06  0.1051587E+01  0.1471186E+02  0.1680222E-02  0.5204713E-03  0.2023412E+01
   06  0.1055556E+01  0.1471186E+02  0.1809471E-02  0.5605077E-03  0.2023412E+01
   06  0.1059524E+01  0.1471186E+02  0.1938721E-02  0.6005441E-03  0.2023412E+01
   06  0.1063492E+01  0.1471186E+02  0.2067970E-02  0.6405805E-03  0.2023412E+01
   06  0.1067460E+01  0.1471186E+02  0.2197220E-02  0.6806169E-03  0.2023412E+01
   06  0.1071429E+01  0.1471186E+02  0.2326470E-02  0.7206533E-03  0.2023412E+01
   06  0.1075397E+01  0.1471186E+02  0.2455720E-02  0.7606898E-03  0.2023412E+01
   06  0.1079365E+01  0.1471186E+02  0.2584970E-02  0.8007262E-03  0.2023412E+01
   06  0.1083333E+01  0.1471186E+02  0.2714221E-02  0.8407627E-03  0.2023412E+01
   06  0.1087302E+01  0.1471186E+02  0.2843471E-02  0.8807992E-03  0.2023412E+01
   06  0.1091270E+01  0.1471186E+02  0.2972722E-02  0.9208356E-03  0.2023412E+01
   06  0.1095238E+01  0.1471186E+02  0.3101973E-02  0.9608721E-03  0.2023412E+01
   06  0.1099206E+01  0.1471186E+02  0.3231224E-02  0.1000909E-02  0.2023412E+01
   06  0.1103175E+01  0.1471186E+02  0.3360476E-02  0.1040945E-02  0.2023412E+01
   06  0.1107143E+01  0.1471186E+02  0.3489727E-02  0.1080982E-02  0.2023412E+01
   06  0.1119048E+01  0.1471186E+02  0.3877482E-02  0.1201091E-02  0.2023412E+01
   06  0.1130952E+01  0.1471186E+02  0.4265238E-02  0.1321200E-02  0.2023412E+01
   06  0.1142857E+01  0.1471186E+02  0.4652996E-02  0.1441310E-02  0.2023412E+01
   06  0.1154762E+01  0.1471186E+02  0.5040755E-02  0.1561419E-02  0.2023412E+01
   06  0.1166667E+01  0.1471186E+02  0.5428516E-02  0.1681529E-02  0.2023412E+01
   06  0.1178571E+01  0.1471186E+02  0.5816278E-02  0.1801638E-02  0.2023412E+01
   06  0.1190476E+01  0.1471186E+02  0.6204041E-02  0.1921747E-02  0.2023412E+01
   06  0.1202381E+01  0.1471186E+02  0.6591806E-02  0.2041856E-02  0.2023412E+01
   06  0.1214286E+01  0.1471186E+02  0.6979573E-02  0.2161965E-02  0.2023412E+01
   06  0.1226190E+01  0.1471186E+02  0.7367340E-02  0.2282073E-02  0.2023411E+01
   06  0.1238095E+01  0.1471186E+02  0.7755109E-02  0.2402182E-02  0.2023411E+01
   06  0.1250000E+01  0.1471186E+02  0.8142880E-02  0.2522290E-02  0.2023411E+01
   06  0.1261905E+01  0.1471186E+02  0.8530651E-02  0.2642398E-02  0.2023411E+01
   06  0.1273810E+01  0.1471186E+02  0.8918424E-02  0.2762505E-02  0.2023411E+01
   06  0.1285714E+01  0.1471186E+02  0.9306198E-02  0.2882612E-02  0.2023411E+01
   06  0.1297619E+01  0.1471186E+02  0.9693974E-02  0.3002719E-02  0.2023411E+01
   06  0.1309524E+01  0.1471186E+02  0.1008175E-01  0.3122826E-02  0.2023411E+01
   06  0.1321429E+01  0.1471186E+02  0.1046953E-01  0.3242932E-02  0.2023411E+01
   06  0.1333333E+01  0.1471186E+02  0.1085731E-01  0.3363038E-02  0.2023411E+01
   06  0.1345238E+01  0.1471186E+02  0.1124509E-01  0.3483143E-02  0.2023411E+01
   06  0.1357143E+01  0.1471186E+02  0.1163287E-01  0.3603248E-02  0.2023411E+01
   06  0.1369048E+01  0.1471186E+02  0.1202065E-01  0.3723352E-02  0.2023411E+01
   06  0.1380952E+01  0.1471186E+02  0.1240843E-01  0.3843456E-02  0.2023410E+01
   06  0.1392857E+01  0.1471186E+02  0.1279622E-01  0.3963559E-02  0.2023410E+01
   06  0.1404762E+01  0.1471186E+02  0.1318400E-01  0.4083661E-02  0.2023410E+01
   06  0.1416667E+01  0.1471186E+02  0.1357179E-01  0.4203763E-02  0.2023410E+01
   06  0.1428571E+01  0.1471186E+02  0.1395957E-01  0.4323865E-02  0.2023410E+01
   06  0.1476190E+01  0.1471186E+02  0.1551071E-01  0.4804262E-02  0.2023410E+01
   06  0.1523810E+01  0.1471186E+02  0.1706186E-01  0.5284647E-02  0.2023409E+01
   06  0.1571429E+01  0.1471185E+02  0.1861302E-01  0.5765018E-02  0.2023409E+01
   06  0.1619048E+01  0.1471185E+02  0.2016420E-01  0.6245373E-02  0.2023409E+01
   06  0.1666667E+01  0.1471185E+02  0.2171538E-01  0.6725710E-02  0.2023408E+01
   06  0.1714286E+01  0.1471185E+02  0.2326656E-01  0.7206027E-02  0.2023408E+01
   06  0.1761905E+01  0.1471185E+02  0.2481775E-01  0.7686321E-02  0.2023407E+01
   06  0.1809524E+01  0.1471185E+02  0.2636895E-01  0.8166592E-02  0.2023407E+01
   06  0.1857143E+01  0.1471185E+02  0.2792014E-01  0.8646837E-02  0.2023406E+01
   06  0.1904762E+01  0.1471185E+02  0.2947134E-01  0.9127054E-02  0.2023406E+01
   06  0.1952381E+01  0.1471185E+02  0.3102253E-01  0.9607241E-02  0.2023405E+01
