# gauge_id= 609 location=( -0.1242117435E+03  0.4175235224E+02 ) num_var=  4
# Stationary gauge
# level, time, q[  1  2  3], eta, aux[]
# file format ascii, time series follow in this file
   06  0.0000000E+00  0.1498827E+02  0.0000000E+00  0.0000000E+00  0.0000000E+00
   06  0.1000000E+01  0.1498827E+02  0.6302659E-16  0.5295851E-15  0.2085411E+01
   06  0.1003968E+01  0.1498827E+02  0.1308972E-03  0.4047639E-04  0.2085411E+01
   06  0.1007937E+01  0.1498827E+02  0.2617924E-03  0.8095286E-04  0.2085411E+01
   06  0.1011905E+01  0.1498827E+02  0.3926856E-03  0.1214294E-03  0.2085411E+01
   06  0.1015873E+01  0.1498827E+02  0.5235767E-03  0.1619060E-03  0.2085411E+01
   06  0.1019841E+01  0.1498827E+02  0.6544658E-03  0.2023827E-03  0.2085411E+01
   06  0.1023810E+01  0.1498827E+02  0.7853528E-03  0.2428594E-03  0.2085411E+01
   06  0.1027778E+01  0.1498827E+02  0.9162378E-03  0.2833361E-03  0.2085411E+01
   06  0.1031746E+01  0.1498827E+02  0.1047121E-02  0.3238129E-03  0.2085411E+01
   06  0.1035714E+01  0.1498827E+02  0.1178001E-02  0.3642898E-03  0.2085411E+01
   06  0.1039683E+01  0.1498827E+02  0.1308880E-02  0.4047666E-03  0.2085411E+01
   06  0.1043651E+01  0.1498827E+02  0.1439757E-02  0.4452435E-03  0.2085411E+01
   06  0.1047619E+01  0.1498827E+02  0.1570631E-02  0.4857204E-03  0.2085412E+01
   06  0.1051587E+01  0.1498827E+02  0.1701503E-02  0.5261974E-03  0.2085412E+01
   06  0.1055556E+01  0.1498827E+02  0.1832373E-02  0.5666743E-03  0.2085412E+01
   06  0.1059524E+01  0.1498827E+02  0.1963241E-02  0.6071512E-03  0.2085412E+01
   06  0.1063492E+01  0.1498827E+02  0.2094107E-02  0.6476282E-03  0.2085412E+01
   06  0.1067460E+01  0.1498827E+02  0.2224971E-02  0.6881051E-03  0.2085412E+01
   06  0.1071429E+01  0.1498827E+02  0.2355832E-02  0.7285820E-03  0.2085412E+01
   06  0.1075397E+01  0.1498827E+02  0.2486691E-02  0.7690589E-03  0.2085412E+01
   06  0.1079365E+01  0.1498827E+02  0.2617548E-02  0.8095357E-03  0.2085412E+01
   06  0.1083333E+01  0.1498827E+02  0.2748403E-02  0.8500126E-03  0.2085412E+01
   06  0.1087302E+01  0.1498827E+02  0.2879255E-02  0.8904894E-03  0.2085412E+01
   06  0.1091270E+01  0.1498827E+02  0.3010105E-02  0.9309661E-03  0.2085412E+01
   06  0.1095238E+01  0.1498827E+02  0.3140953E-02  0.9714428E-03  0.2085412E+01
   06  0.1099206E+01  0.1498827E+02  0.3271799E-02  0.1011919E-02  0.2085412E+01
   06  0.1103175E+01  0.1498827E+02  0.3402642E-02  0.1052396E-02  0.2085412E+01
   06  0.1107143E+01  0.1498827E+02  0.3533483E-02  0.1092873E-02  0.2085412E+01
   06  0.1119048E+01  0.1498827E+02  0.3925994E-02  0.1214302E-02  0.2085413E+01
   06  0.1130952E+01  0.1498827E+02  0.4318483E-02  0.1335732E-02  0.2085413E+01
   06  0.1142857E+01  0.1498827E+02  0.4710952E-02  0.1457160E-02  0.2085413E+01
   06  0.1154762E+01  0.1498827E+02  0.5103398E-02  0.1578587E-02  0.2085413E+01
   06  0.1166667E+01  0.1498827E+02  0.5495823E-02  0.1700013E-02  0.2085414E+01
   06  0.1178571E+01  0.1498827E+02  0.5888225E-02  0.1821438E-02  0.2085414E+01
   06  0.1190476E+01  0.1498827E+02  0.6280605E-02  0.1942861E-02  0.2085414E+01
   06  0.1202381E+01  0.1498827E+02  0.6672962E-02  0.2064283E-02  0.2085414E+01
   06  0.1214286E+01  0.1498827E+02  0.7065296E-02  0.2185703E-02  0.2085415E+01
   06  0.1226190E+01  0.1498827E+02  0.7457606E-02  0.2307121E-02  0.2085415E+01
   06  0.1238095E+01  0.1498827E+02  0.7849892E-02  0.2428538E-02  0.2085415E+01
   06  0.1250000E+01  0.1498827E+02  0.8242155E-02  0.2549952E-02  0.2085416E+01
   06  0.1261905E+01  0.1498827E+02  0.8634393E-02  0.2671364E-02  0.2085416E+01
   06  0.1273810E+01  0.1498827E+02  0.9026607E-02  0.2792774E-02  0.2085416E+01
   06  0.1285714E+01  0.1498827E+02  0.9418796E-02  0.2914182E-02  0.2085416E+01
   06  0.1297619E+01  0.1498827E+02  0.9810960E-02  0.3035587E-02  0.2085417E+01
   06  0.1309524E+01  0.1498827E+02  0.1020310E-01  0.3156989E-02  0.2085417E+01
   06  0.1321429E+01  0.1498828E+02  0.1059521E-01  0.3278389E-02  0.2085417E+01
   06  0.1333333E+01  0.1498828E+02  0.1098730E-01  0.3399786E-02  0.2085418E+01
   06  0.1345238E+01  0.1498828E+02  0.1137936E-01  0.3521181E-02  0.2085418E+01
   06  0.1357143E+01  0.1498828E+02  0.1177140E-01  0.3642572E-02  0.2085419E+01
   06  0.1369048E+01  0.1498828E+02  0.1216340E-01  0.3763960E-02  0.2085419E+01
   06  0.1380952E+01  0.1498828E+02  0.1255539E-01  0.3885345E-02  0.2085419E+01
   06  0.1392857E+01  0.1498828E+02  0.1294734E-01  0.4006727E-02  0.2085420E+01
   06  0.1404762E+01  0.1498828E+02  0.1333927E-01  0.4128105E-02  0.2085420E+01
   06  0.1416667E+01  0.1498828E+02  0.1373117E-01  0.4249480E-02  0.2085420E+01
   06  0.1428571E+01  0.1498828E+02  0.1412304E-01  0.4370851E-02  0.2085421E+01
   06  0.1476190E+01  0.1498828E+02  0.1569030E-01  0.4856302E-02  0.2085423E+01
   06  0.1523810E+01  0.1498828E+02  0.1725711E-01  0.5341689E-02  0.2085424E+01
   06  0.1571429E+01  0.1498828E+02  0.1882345E-01  0.5827008E-02  0.2085426E+01
   06  0.1619048E+01  0.1498829E+02  0.2038930E-01  0.6312254E-02  0.2085428E+01
   06  0.1666667E+01  0.1498829E+02  0.2195466E-01  0.6797424E-02  0.2085431E+01
   06  0.1714286E+01  0.1498829E+02  0.2351951E-01  0.7282514E-02  0.2085433E+01
   06  0.1761905E+01  0.1498829E+02  0.2508384E-01  0.7767521E-02  0.2085435E+01
   06  0.1809524E+01  0.1498830E+02  0.2664765E-01  0.8252443E-02  0.2085438E+01
   06  0.1857143E+01  0.1498830E+02  0.2821092E-01  0.8737278E-02  0.2085440E+01
   06  0.1904762E+01  0.1498830E+02  0.2977364E-01  0.9222025E-02  0.2085443E+01
   06  0.1952381E+01  0.1498830E+02  0.3133581E-01  0.9706681E-02  0.2085446E+01
