# gauge_id= 305 location=( -0.1241963333E+03  0.4175583333E+02 ) num_var=  4
# Stationary gauge
# level, time, q[  1  2  3], eta, aux[]
# file format ascii, time series follow in this file
   06  0.0000000E+00  0.6066836E+01  0.0000000E+00  0.0000000E+00  0.0000000E+00
   06  0.1000000E+01  0.6066836E+01  0.1575464E-15 -0.4112918E-15  0.1760423E+01
   06  0.1003968E+01  0.6066836E+01  0.6040903E-04  0.1718006E-04  0.1760423E+01
   06  0.1007937E+01  0.6066836E+01  0.1208182E-03  0.3436004E-04  0.1760423E+01
   06  0.1011905E+01  0.6066836E+01  0.1812274E-03  0.5153994E-04  0.1760423E+01
   06  0.1015873E+01  0.6066836E+01  0.2416367E-03  0.6871975E-04  0.1760423E+01
   06  0.1019841E+01  0.6066836E+01  0.3020461E-03  0.8589947E-04  0.1760423E+01
   06  0.1023810E+01  0.6066836E+01  0.3624557E-03  0.1030791E-03  0.1760423E+01
   06  0.1027778E+01  0.6066836E+01  0.4228653E-03  0.1202587E-03  0.1760423E+01
   06  0.1031746E+01  0.6066836E+01  0.4832750E-03  0.1374381E-03  0.1760423E+01
   06  0.1035714E+01  0.6066836E+01  0.5436848E-03  0.1546175E-03  0.1760423E+01
   06  0.1039683E+01  0.6066836E+01  0.6040947E-03  0.1717968E-03  0.1760423E+01
   06  0.1043651E+01  0.6066836E+01  0.6645047E-03  0.1889760E-03  0.1760423E+01
   06  0.1047619E+01  0.6066836E+01  0.7249148E-03  0.2061551E-03  0.1760423E+01
   06  0.1051587E+01  0.6066836E+01  0.7853249E-03  0.2233342E-03  0.1760423E+01
   06  0.1055556E+01  0.6066836E+01  0.8457352E-03  0.2405131E-03  0.1760423E+01
   06  0.1059524E+01  0.6066836E+01  0.9061455E-03  0.2576919E-03  0.1760423E+01
   06  0.1063492E+01  0.6066836E+01  0.9665560E-03  0.2748707E-03  0.1760423E+01
   06  0.1067460E+01  0.6066836E+01  0.1026967E-02  0.2920493E-03  0.1760423E+01
   06  0.1071429E+01  0.6066836E+01  0.1087377E-02  0.3092279E-03  0.1760423E+01
   06  0.1075397E+01  0.6066837E+01  0.1147788E-02  0.3264064E-03  0.1760423E+01
   06  0.1079365E+01  0.6066837E+01  0.1208199E-02  0.3435847E-03  0.1760424E+01
   06  0.1083333E+01  0.6066837E+01  0.1268609E-02  0.3607630E-03  0.1760424E+01
   06  0.1087302E+01  0.6066837E+01  0.1329020E-02  0.3779412E-03  0.1760424E+01
   06  0.1091270E+01  0.6066837E+01  0.1389431E-02  0.3951192E-03  0.1760424E+01
   06  0.1095238E+01  0.6066837E+01  0.1449843E-02  0.4122972E-03  0.1760424E+01
   06  0.1099206E+01  0.6066837E+01  0.1510254E-02  0.4294751E-03  0.1760424E+01
   06  0.1103175E+01  0.6066837E+01  0.1570665E-02  0.4466529E-03  0.1760424E+01
   06  0.1107143E+01  0.6066837E+01  0.1631076E-02  0.4638305E-03  0.1760424E+01
   06  0.1119048E+01  0.6066837E+01  0.1812310E-02  0.5153635E-03  0.1760424E+01
   06  0.1130952E+01  0.6066837E+01  0.1993545E-02  0.5668956E-03  0.1760424E+01
   06  0.1142857E+01  0.6066837E+01  0.2174781E-02  0.6184266E-03  0.1760424E+01
   06  0.1154762E+01  0.6066837E+01  0.2356017E-02  0.6699567E-03  0.1760424E+01
   06  0.1166667E+01  0.6066837E+01  0.2537253E-02  0.7214858E-03  0.1760424E+01
   06  0.1178571E+01  0.6066837E+01  0.2718491E-02  0.7730139E-03  0.1760424E+01
   06  0.1190476E+01  0.6066837E+01  0.2899728E-02  0.8245409E-03  0.1760424E+01
   06  0.1202381E+01  0.6066837E+01  0.3080967E-02  0.8760669E-03  0.1760424E+01
   06  0.1214286E+01  0.6066837E+01  0.3262205E-02  0.9275918E-03  0.1760424E+01
   06  0.1226190E+01  0.6066837E+01  0.3443445E-02  0.9791156E-03  0.1760424E+01
   06  0.1238095E+01  0.6066837E+01  0.3624684E-02  0.1030638E-02  0.1760424E+01
   06  0.1250000E+01  0.6066837E+01  0.3805924E-02  0.1082160E-02  0.1760424E+01
   06  0.1261905E+01  0.6066837E+01  0.3987165E-02  0.1133680E-02  0.1760424E+01
   06  0.1273810E+01  0.6066838E+01  0.4168406E-02  0.1185199E-02  0.1760424E+01
   06  0.1285714E+01  0.6066838E+01  0.4349647E-02  0.1236717E-02  0.1760425E+01
   06  0.1297619E+01  0.6066838E+01  0.4530888E-02  0.1288234E-02  0.1760425E+01
   06  0.1309524E+01  0.6066838E+01  0.4712130E-02  0.1339750E-02  0.1760425E+01
   06  0.1321429E+01  0.6066838E+01  0.4893372E-02  0.1391264E-02  0.1760425E+01
   06  0.1333333E+01  0.6066838E+01  0.5074614E-02  0.1442777E-02  0.1760425E+01
   06  0.1345238E+01  0.6066838E+01  0.5255857E-02  0.1494289E-02  0.1760425E+01
   06  0.1357143E+01  0.6066838E+01  0.5437100E-02  0.1545799E-02  0.1760425E+01
   06  0.1369048E+01  0.6066838E+01  0.5618342E-02  0.1597308E-02  0.1760425E+01
   06  0.1380952E+01  0.6066838E+01  0.5799585E-02  0.1648816E-02  0.1760425E+01
   06  0.1392857E+01  0.6066839E+01  0.5980829E-02  0.1700322E-02  0.1760426E+01
   06  0.1404762E+01  0.6066839E+01  0.6162072E-02  0.1751827E-02  0.1760426E+01
   06  0.1416667E+01  0.6066839E+01  0.6343315E-02  0.1803330E-02  0.1760426E+01
   06  0.1428571E+01  0.6066839E+01  0.6524558E-02  0.1854833E-02  0.1760426E+01
   06  0.1476190E+01  0.6066840E+01  0.7249525E-02  0.2060834E-02  0.1760427E+01
   06  0.1523810E+01  0.6066840E+01  0.7974491E-02  0.2266811E-02  0.1760427E+01
   06  0.1571429E+01  0.6066841E+01  0.8699454E-02  0.2472763E-02  0.1760428E+01
   06  0.1619048E+01  0.6066842E+01  0.9424412E-02  0.2678688E-02  0.1760429E+01
   06  0.1666667E+01  0.6066843E+01  0.1014936E-01  0.2884584E-02  0.1760430E+01
   06  0.1714286E+01  0.6066844E+01  0.1087431E-01  0.3090452E-02  0.1760431E+01
   06  0.1761905E+01  0.6066845E+01  0.1159924E-01  0.3296291E-02  0.1760432E+01
   06  0.1809524E+01  0.6066846E+01  0.1232416E-01  0.3502098E-02  0.1760433E+01
   06  0.1857143E+01  0.6066847E+01  0.1304907E-01  0.3707873E-02  0.1760434E+01
   06  0.1904762E+01  0.6066848E+01  0.1377396E-01  0.3913615E-02  0.1760435E+01
   06  0.1952381E+01  0.6066849E+01  0.1449883E-01  0.4119323E-02  0.1760436E+01
