# gauge_id= 516 location=( -0.1253000000E+03  0.4170000000E+02 ) num_var=  4
# Stationary gauge
# level, time, q[  1  2  3], eta, aux[]
# file format ascii, time series follow in this file
   02  0.0000000E+00  0.3099757E+04  0.0000000E+00  0.0000000E+00  0.0000000E+00
   02  0.1000000E+01  0.3099757E+04 -0.2402277E-12  0.1112490E-12  0.1930347E+00
   02  0.1142857E+01  0.3099760E+04 -0.3551816E+00  0.1361311E-01  0.1955706E+00
   02  0.1285714E+01  0.3099762E+04 -0.7105793E+00  0.2715640E-01  0.1981057E+00
   02  0.1428571E+01  0.3099765E+04 -0.1066284E+01  0.4062834E-01  0.2006397E+00
   02  0.1571429E+01  0.3099767E+04 -0.1422290E+01  0.5402749E-01  0.2031726E+00
   02  0.1714286E+01  0.3099770E+04 -0.1778595E+01  0.6735242E-01  0.2057043E+00
   02  0.1857143E+01  0.3099772E+04 -0.2135194E+01  0.8060183E-01  0.2082348E+00
