# gauge_id= 603 location=( -0.1241950425E+03  0.4175001983E+02 ) num_var=  4
# Stationary gauge
# level, time, q[  1  2  3], eta, aux[]
# file format ascii, time series follow in this file
   06  0.0000000E+00  0.1986658E+01  0.0000000E+00  0.0000000E+00  0.0000000E+00
   06  0.1000000E+01  0.1986658E+01  0.3082880E-16  0.1200120E-16  0.1780352E+01
   06  0.1003968E+01  0.1986658E+01  0.1983693E-04  0.5632771E-05  0.1780352E+01
   06  0.1007937E+01  0.1986658E+01  0.3967319E-04  0.1126551E-04  0.1780352E+01
   06  0.1011905E+01  0.1986658E+01  0.5950878E-04  0.1689822E-04  0.1780352E+01
   06  0.1015873E+01  0.1986658E+01  0.7934370E-04  0.2253089E-04  0.1780352E+01
   06  0.1019841E+01  0.1986658E+01  0.9917797E-04  0.2816353E-04  0.1780352E+01
   06  0.1023810E+01  0.1986658E+01  0.1190116E-03  0.3379614E-04  0.1780352E+01
   06  0.1027778E+01  0.1986658E+01  0.1388446E-03  0.3942872E-04  0.1780352E+01
   06  0.1031746E+01  0.1986658E+01  0.1586769E-03  0.4506127E-04  0.1780352E+01
   06  0.1035714E+01  0.1986658E+01  0.1785086E-03  0.5069378E-04  0.1780353E+01
   06  0.1039683E+01  0.1986658E+01  0.1983396E-03  0.5632627E-04  0.1780353E+01
   06  0.1043651E+01  0.1986658E+01  0.2181700E-03  0.6195873E-04  0.1780353E+01
   06  0.1047619E+01  0.1986658E+01  0.2379998E-03  0.6759115E-04  0.1780353E+01
   06  0.1051587E+01  0.1986658E+01  0.2578290E-03  0.7322354E-04  0.1780353E+01
   06  0.1055556E+01  0.1986658E+01  0.2776575E-03  0.7885591E-04  0.1780353E+01
   06  0.1059524E+01  0.1986658E+01  0.2974854E-03  0.8448824E-04  0.1780353E+01
   06  0.1063492E+01  0.1986659E+01  0.3173128E-03  0.9012055E-04  0.1780353E+01
   06  0.1067460E+01  0.1986659E+01  0.3371395E-03  0.9575282E-04  0.1780353E+01
   06  0.1071429E+01  0.1986659E+01  0.3569656E-03  0.1013851E-03  0.1780353E+01
   06  0.1075397E+01  0.1986659E+01  0.3767911E-03  0.1070173E-03  0.1780353E+01
   06  0.1079365E+01  0.1986659E+01  0.3966161E-03  0.1126495E-03  0.1780353E+01
   06  0.1083333E+01  0.1986659E+01  0.4164404E-03  0.1182816E-03  0.1780353E+01
   06  0.1087302E+01  0.1986659E+01  0.4362642E-03  0.1239138E-03  0.1780353E+01
   06  0.1091270E+01  0.1986659E+01  0.4560873E-03  0.1295459E-03  0.1780353E+01
   06  0.1095238E+01  0.1986659E+01  0.4759100E-03  0.1351779E-03  0.1780353E+01
   06  0.1099206E+01  0.1986659E+01  0.4957320E-03  0.1408100E-03  0.1780353E+01
   06  0.1103175E+01  0.1986659E+01  0.5155535E-03  0.1464420E-03  0.1780353E+01
   06  0.1107143E+01  0.1986659E+01  0.5353744E-03  0.1520740E-03  0.1780353E+01
   06  0.1119048E+01  0.1986659E+01  0.5948356E-03  0.1689700E-03  0.1780353E+01
   06  0.1130952E+01  0.1986659E+01  0.6542919E-03  0.1858658E-03  0.1780353E+01
   06  0.1142857E+01  0.1986659E+01  0.7137434E-03  0.2027614E-03  0.1780353E+01
   06  0.1154762E+01  0.1986659E+01  0.7731901E-03  0.2196567E-03  0.1780353E+01
   06  0.1166667E+01  0.1986659E+01  0.8326322E-03  0.2365517E-03  0.1780353E+01
   06  0.1178571E+01  0.1986659E+01  0.8920699E-03  0.2534466E-03  0.1780353E+01
   06  0.1190476E+01  0.1986659E+01  0.9515031E-03  0.2703412E-03  0.1780353E+01
   06  0.1202381E+01  0.1986659E+01  0.1010932E-02  0.2872357E-03  0.1780353E+01
   06  0.1214286E+01  0.1986659E+01  0.1070351E-02  0.3041299E-03  0.1780353E+01
   06  0.1226190E+01  0.1986659E+01  0.1129766E-02  0.3210239E-03  0.1780354E+01
   06  0.1238095E+01  0.1986660E+01  0.1189177E-02  0.3379177E-03  0.1780354E+01
   06  0.1250000E+01  0.1986660E+01  0.1248584E-02  0.3548113E-03  0.1780354E+01
   06  0.1261905E+01  0.1986660E+01  0.1307987E-02  0.3717048E-03  0.1780354E+01
   06  0.1273810E+01  0.1986660E+01  0.1367387E-02  0.3885980E-03  0.1780354E+01
   06  0.1285714E+01  0.1986660E+01  0.1426783E-02  0.4054911E-03  0.1780354E+01
   06  0.1297619E+01  0.1986660E+01  0.1486176E-02  0.4223840E-03  0.1780354E+01
   06  0.1309524E+01  0.1986660E+01  0.1545566E-02  0.4392767E-03  0.1780354E+01
   06  0.1321429E+01  0.1986660E+01  0.1604952E-02  0.4561692E-03  0.1780354E+01
   06  0.1333333E+01  0.1986660E+01  0.1664336E-02  0.4730615E-03  0.1780354E+01
   06  0.1345238E+01  0.1986660E+01  0.1723716E-02  0.4899537E-03  0.1780354E+01
   06  0.1357143E+01  0.1986660E+01  0.1783094E-02  0.5068458E-03  0.1780355E+01
   06  0.1369048E+01  0.1986661E+01  0.1842469E-02  0.5237377E-03  0.1780355E+01
   06  0.1380952E+01  0.1986661E+01  0.1901841E-02  0.5406294E-03  0.1780355E+01
   06  0.1392857E+01  0.1986661E+01  0.1961211E-02  0.5575210E-03  0.1780355E+01
   06  0.1404762E+01  0.1986661E+01  0.2020579E-02  0.5744124E-03  0.1780355E+01
   06  0.1416667E+01  0.1986661E+01  0.2079944E-02  0.5913037E-03  0.1780355E+01
   06  0.1428571E+01  0.1986661E+01  0.2139307E-02  0.6081948E-03  0.1780355E+01
   06  0.1476190E+01  0.1986662E+01  0.2376757E-02  0.6757611E-03  0.1780356E+01
   06  0.1523810E+01  0.1986662E+01  0.2614176E-02  0.7433252E-03  0.1780356E+01
   06  0.1571429E+01  0.1986663E+01  0.2851570E-02  0.8108872E-03  0.1780357E+01
   06  0.1619048E+01  0.1986663E+01  0.3088947E-02  0.8784473E-03  0.1780357E+01
   06  0.1666667E+01  0.1986664E+01  0.3326312E-02  0.9460056E-03  0.1780358E+01
   06  0.1714286E+01  0.1986664E+01  0.3563672E-02  0.1013562E-02  0.1780359E+01
   06  0.1761905E+01  0.1986665E+01  0.3801033E-02  0.1081118E-02  0.1780359E+01
   06  0.1809524E+01  0.1986666E+01  0.4038401E-02  0.1148671E-02  0.1780360E+01
   06  0.1857143E+01  0.1986666E+01  0.4275781E-02  0.1216224E-02  0.1780361E+01
   06  0.1904762E+01  0.1986667E+01  0.4513181E-02  0.1283774E-02  0.1780361E+01
   06  0.1952381E+01  0.1986668E+01  0.4750604E-02  0.1351324E-02  0.1780362E+01
