# gauge_id= 205 location=( -0.1242068000E+03  0.4176000000E+02 ) num_var=  4
# Stationary gauge
# level, time, q[  1  2  3], eta, aux[]
# file format ascii, time series follow in this file
   06  0.0000000E+00  0.1565069E+02  0.0000000E+00  0.0000000E+00  0.0000000E+00
   06  0.1000000E+01  0.1565069E+02 -0.8464369E-15  0.6228500E-15  0.1933301E+01
   06  0.1003968E+01  0.1565069E+02  0.1384378E-03  0.4302833E-04  0.1933301E+01
   06  0.1007937E+01  0.1565069E+02  0.2768755E-03  0.8605662E-04  0.1933301E+01
   06  0.1011905E+01  0.1565069E+02  0.4153131E-03  0.1290849E-03  0.1933301E+01
   06  0.1015873E+01  0.1565069E+02  0.5537507E-03  0.1721130E-03  0.1933301E+01
   06  0.1019841E+01  0.1565069E+02  0.6921881E-03  0.2151412E-03  0.1933301E+01
   06  0.1023810E+01  0.1565069E+02  0.8306255E-03  0.2581693E-03  0.1933301E+01
   06  0.1027778E+01  0.1565069E+02  0.9690628E-03  0.3011973E-03  0.1933301E+01
   06  0.1031746E+01  0.1565069E+02  0.1107500E-02  0.3442253E-03  0.1933301E+01
   06  0.1035714E+01  0.1565069E+02  0.1245937E-02  0.3872532E-03  0.1933301E+01
   06  0.1039683E+01  0.1565069E+02  0.1384374E-02  0.4302811E-03  0.1933301E+01
   06  0.1043651E+01  0.1565069E+02  0.1522811E-02  0.4733089E-03  0.1933301E+01
   06  0.1047619E+01  0.1565069E+02  0.1661248E-02  0.5163367E-03  0.1933301E+01
   06  0.1051587E+01  0.1565069E+02  0.1799685E-02  0.5593644E-03  0.1933301E+01
   06  0.1055556E+01  0.1565069E+02  0.1938121E-02  0.6023920E-03  0.1933301E+01
   06  0.1059524E+01  0.1565069E+02  0.2076558E-02  0.6454196E-03  0.1933301E+01
   06  0.1063492E+01  0.1565069E+02  0.2214994E-02  0.6884472E-03  0.1933301E+01
   06  0.1067460E+01  0.1565069E+02  0.2353431E-02  0.7314747E-03  0.1933301E+01
   06  0.1071429E+01  0.1565069E+02  0.2491867E-02  0.7745021E-03  0.1933301E+01
   06  0.1075397E+01  0.1565069E+02  0.2630303E-02  0.8175295E-03  0.1933301E+01
   06  0.1079365E+01  0.1565069E+02  0.2768739E-02  0.8605568E-03  0.1933301E+01
   06  0.1083333E+01  0.1565069E+02  0.2907175E-02  0.9035840E-03  0.1933301E+01
   06  0.1087302E+01  0.1565069E+02  0.3045611E-02  0.9466112E-03  0.1933301E+01
   06  0.1091270E+01  0.1565069E+02  0.3184047E-02  0.9896383E-03  0.1933301E+01
   06  0.1095238E+01  0.1565069E+02  0.3322482E-02  0.1032665E-02  0.1933301E+01
   06  0.1099206E+01  0.1565069E+02  0.3460918E-02  0.1075692E-02  0.1933301E+01
   06  0.1103175E+01  0.1565069E+02  0.3599353E-02  0.1118719E-02  0.1933301E+01
   06  0.1107143E+01  0.1565069E+02  0.3737788E-02  0.1161746E-02  0.1933301E+01
   06  0.1119048E+01  0.1565069E+02  0.4153094E-02  0.1290827E-02  0.1933301E+01
   06  0.1130952E+01  0.1565069E+02  0.4568398E-02  0.1419906E-02  0.1933301E+01
   06  0.1142857E+01  0.1565069E+02  0.4983702E-02  0.1548985E-02  0.1933301E+01
   06  0.1154762E+01  0.1565069E+02  0.5399004E-02  0.1678064E-02  0.1933301E+01
   06  0.1166667E+01  0.1565069E+02  0.5814305E-02  0.1807142E-02  0.1933301E+01
   06  0.1178571E+01  0.1565069E+02  0.6229605E-02  0.1936219E-02  0.1933301E+01
   06  0.1190476E+01  0.1565069E+02  0.6644904E-02  0.2065295E-02  0.1933301E+01
   06  0.1202381E+01  0.1565069E+02  0.7060201E-02  0.2194371E-02  0.1933301E+01
   06  0.1214286E+01  0.1565069E+02  0.7475498E-02  0.2323446E-02  0.1933301E+01
   06  0.1226190E+01  0.1565069E+02  0.7890793E-02  0.2452521E-02  0.1933301E+01
   06  0.1238095E+01  0.1565069E+02  0.8306087E-02  0.2581594E-02  0.1933301E+01
   06  0.1250000E+01  0.1565069E+02  0.8721379E-02  0.2710667E-02  0.1933301E+01
   06  0.1261905E+01  0.1565069E+02  0.9136670E-02  0.2839740E-02  0.1933301E+01
   06  0.1273810E+01  0.1565069E+02  0.9551960E-02  0.2968811E-02  0.1933301E+01
   06  0.1285714E+01  0.1565069E+02  0.9967249E-02  0.3097882E-02  0.1933301E+01
   06  0.1297619E+01  0.1565069E+02  0.1038254E-01  0.3226952E-02  0.1933301E+01
   06  0.1309524E+01  0.1565069E+02  0.1079782E-01  0.3356021E-02  0.1933301E+01
   06  0.1321429E+01  0.1565069E+02  0.1121310E-01  0.3485089E-02  0.1933301E+01
   06  0.1333333E+01  0.1565069E+02  0.1162839E-01  0.3614157E-02  0.1933301E+01
   06  0.1345238E+01  0.1565069E+02  0.1204367E-01  0.3743223E-02  0.1933301E+01
   06  0.1357143E+01  0.1565069E+02  0.1245895E-01  0.3872289E-02  0.1933301E+01
   06  0.1369048E+01  0.1565069E+02  0.1287423E-01  0.4001354E-02  0.1933301E+01
   06  0.1380952E+01  0.1565069E+02  0.1328950E-01  0.4130418E-02  0.1933301E+01
   06  0.1392857E+01  0.1565069E+02  0.1370478E-01  0.4259481E-02  0.1933301E+01
   06  0.1404762E+01  0.1565069E+02  0.1412005E-01  0.4388543E-02  0.1933301E+01
   06  0.1416667E+01  0.1565069E+02  0.1453532E-01  0.4517604E-02  0.1933301E+01
   06  0.1428571E+01  0.1565069E+02  0.1495059E-01  0.4646665E-02  0.1933301E+01
   06  0.1476190E+01  0.1565069E+02  0.1661165E-01  0.5162895E-02  0.1933301E+01
   06  0.1523810E+01  0.1565069E+02  0.1827269E-01  0.5679109E-02  0.1933301E+01
   06  0.1571429E+01  0.1565069E+02  0.1993369E-01  0.6195306E-02  0.1933301E+01
   06  0.1619048E+01  0.1565069E+02  0.2159466E-01  0.6711485E-02  0.1933301E+01
   06  0.1666667E+01  0.1565069E+02  0.2325559E-01  0.7227644E-02  0.1933301E+01
   06  0.1714286E+01  0.1565069E+02  0.2491649E-01  0.7743782E-02  0.1933301E+01
   06  0.1761905E+01  0.1565069E+02  0.2657735E-01  0.8259900E-02  0.1933301E+01
   06  0.1809524E+01  0.1565069E+02  0.2823817E-01  0.8775995E-02  0.1933301E+01
   06  0.1857143E+01  0.1565069E+02  0.2989894E-01  0.9292068E-02  0.1933301E+01
   06  0.1904762E+01  0.1565069E+02  0.3155968E-01  0.9808116E-02  0.1933302E+01
   06  0.1952381E+01  0.1565069E+02  0.3322037E-01  0.1032414E-01  0.1933302E+01
