# gauge_id= 501 location=( -0.1243000000E+03  0.4150000000E+02 ) num_var=  4
# Stationary gauge
# level, time, q[  1  2  3], eta, aux[]
# file format ascii, time series follow in this file
   03  0.0000000E+00  0.0000000E+00  0.0000000E+00  0.0000000E+00  0.7005609E+02
   03  0.1000000E+01  0.0000000E+00  0.0000000E+00  0.0000000E+00  0.7353831E+02
   03  0.1047619E+01  0.0000000E+00  0.0000000E+00  0.0000000E+00  0.7353831E+02
   03  0.1095238E+01  0.0000000E+00  0.0000000E+00  0.0000000E+00  0.7353831E+02
   03  0.1142857E+01  0.0000000E+00  0.0000000E+00  0.0000000E+00  0.7353831E+02
   03  0.1190476E+01  0.0000000E+00  0.0000000E+00  0.0000000E+00  0.7353831E+02
   03  0.1238095E+01  0.0000000E+00  0.0000000E+00  0.0000000E+00  0.7353831E+02
   03  0.1285714E+01  0.0000000E+00  0.0000000E+00  0.0000000E+00  0.7353831E+02
   03  0.1333333E+01  0.0000000E+00  0.0000000E+00  0.0000000E+00  0.7353831E+02
   03  0.1380952E+01  0.0000000E+00  0.0000000E+00  0.0000000E+00  0.7353831E+02
   04  0.1428571E+01  0.0000000E+00  0.0000000E+00  0.0000000E+00  0.8090411E+02
   04  0.1476190E+01  0.0000000E+00  0.0000000E+00  0.0000000E+00  0.8090411E+02
   04  0.1523810E+01  0.0000000E+00  0.0000000E+00  0.0000000E+00  0.8090411E+02
   04  0.1571429E+01  0.0000000E+00  0.0000000E+00  0.0000000E+00  0.8090411E+02
   04  0.1619048E+01  0.0000000E+00  0.0000000E+00  0.0000000E+00  0.8090411E+02
   04  0.1666667E+01  0.0000000E+00  0.0000000E+00  0.0000000E+00  0.8090411E+02
   04  0.1714286E+01  0.0000000E+00  0.0000000E+00  0.0000000E+00  0.8090411E+02
   04  0.1761905E+01  0.0000000E+00  0.0000000E+00  0.0000000E+00  0.8090411E+02
   04  0.1809524E+01  0.0000000E+00  0.0000000E+00  0.0000000E+00  0.8090411E+02
   04  0.1857143E+01  0.0000000E+00  0.0000000E+00  0.0000000E+00  0.8090411E+02
   04  0.1904762E+01  0.0000000E+00  0.0000000E+00  0.0000000E+00  0.8090411E+02
   04  0.1952381E+01  0.0000000E+00  0.0000000E+00  0.0000000E+00  0.8090411E+02
