# gauge_id= 608 location=( -0.1242042364E+03  0.4174837307E+02 ) num_var=  4
# Stationary gauge
# level, time, q[  1  2  3], eta, aux[]
# file format ascii, time series follow in this file
   06  0.0000000E+00  0.5446985E+01  0.0000000E+00  0.0000000E+00  0.0000000E+00
   06  0.1000000E+01  0.5446985E+01 -0.5054751E-15  0.1894360E-15  0.1977130E+01
   06  0.1003968E+01  0.5446985E+01  0.4790104E-04  0.1509417E-04  0.1977130E+01
   06  0.1007937E+01  0.5446985E+01  0.9580249E-04  0.3019045E-04  0.1977130E+01
   06  0.1011905E+01  0.5446985E+01  0.1437044E-03  0.4528884E-04  0.1977130E+01
   06  0.1015873E+01  0.5446985E+01  0.1916066E-03  0.6038934E-04  0.1977130E+01
   06  0.1019841E+01  0.5446986E+01  0.2395093E-03  0.7549195E-04  0.1977130E+01
   06  0.1023810E+01  0.5446986E+01  0.2874125E-03  0.9059666E-04  0.1977130E+01
   06  0.1027778E+01  0.5446986E+01  0.3353160E-03  0.1057035E-03  0.1977130E+01
   06  0.1031746E+01  0.5446986E+01  0.3832200E-03  0.1208124E-03  0.1977130E+01
   06  0.1035714E+01  0.5446986E+01  0.4311244E-03  0.1359234E-03  0.1977130E+01
   06  0.1039683E+01  0.5446986E+01  0.4790292E-03  0.1510366E-03  0.1977130E+01
   06  0.1043651E+01  0.5446986E+01  0.5269345E-03  0.1661518E-03  0.1977131E+01
   06  0.1047619E+01  0.5446986E+01  0.5748402E-03  0.1812691E-03  0.1977131E+01
   06  0.1051587E+01  0.5446986E+01  0.6227463E-03  0.1963886E-03  0.1977131E+01
   06  0.1055556E+01  0.5446986E+01  0.6706529E-03  0.2115101E-03  0.1977131E+01
   06  0.1059524E+01  0.5446987E+01  0.7185599E-03  0.2266338E-03  0.1977131E+01
   06  0.1063492E+01  0.5446987E+01  0.7664674E-03  0.2417595E-03  0.1977131E+01
   06  0.1067460E+01  0.5446987E+01  0.8143753E-03  0.2568873E-03  0.1977131E+01
   06  0.1071429E+01  0.5446987E+01  0.8622836E-03  0.2720172E-03  0.1977131E+01
   06  0.1075397E+01  0.5446987E+01  0.9101924E-03  0.2871492E-03  0.1977131E+01
   06  0.1079365E+01  0.5446987E+01  0.9581016E-03  0.3022833E-03  0.1977131E+01
   06  0.1083333E+01  0.5446987E+01  0.1006011E-02  0.3174195E-03  0.1977132E+01
   06  0.1087302E+01  0.5446987E+01  0.1053921E-02  0.3325578E-03  0.1977132E+01
   06  0.1091270E+01  0.5446987E+01  0.1101832E-02  0.3476982E-03  0.1977132E+01
   06  0.1095238E+01  0.5446987E+01  0.1149743E-02  0.3628407E-03  0.1977132E+01
   06  0.1099206E+01  0.5446988E+01  0.1197655E-02  0.3779852E-03  0.1977132E+01
   06  0.1103175E+01  0.5446988E+01  0.1245566E-02  0.3931318E-03  0.1977132E+01
   06  0.1107143E+01  0.5446988E+01  0.1293479E-02  0.4082806E-03  0.1977132E+01
   06  0.1119048E+01  0.5446988E+01  0.1437218E-02  0.4537320E-03  0.1977132E+01
   06  0.1130952E+01  0.5446988E+01  0.1580961E-02  0.4992021E-03  0.1977133E+01
   06  0.1142857E+01  0.5446989E+01  0.1724709E-02  0.5446909E-03  0.1977133E+01
   06  0.1154762E+01  0.5446989E+01  0.1868461E-02  0.5901985E-03  0.1977133E+01
   06  0.1166667E+01  0.5446989E+01  0.2012217E-02  0.6357247E-03  0.1977134E+01
   06  0.1178571E+01  0.5446990E+01  0.2155977E-02  0.6812695E-03  0.1977134E+01
   06  0.1190476E+01  0.5446990E+01  0.2299742E-02  0.7268329E-03  0.1977135E+01
   06  0.1202381E+01  0.5446991E+01  0.2443512E-02  0.7724148E-03  0.1977135E+01
   06  0.1214286E+01  0.5446991E+01  0.2587286E-02  0.8180153E-03  0.1977135E+01
   06  0.1226190E+01  0.5446991E+01  0.2731064E-02  0.8636343E-03  0.1977136E+01
   06  0.1238095E+01  0.5446992E+01  0.2874847E-02  0.9092718E-03  0.1977136E+01
   06  0.1250000E+01  0.5446992E+01  0.3018635E-02  0.9549277E-03  0.1977136E+01
   06  0.1261905E+01  0.5446992E+01  0.3162428E-02  0.1000602E-02  0.1977137E+01
   06  0.1273810E+01  0.5446993E+01  0.3306225E-02  0.1046295E-02  0.1977137E+01
   06  0.1285714E+01  0.5446993E+01  0.3450027E-02  0.1092006E-02  0.1977138E+01
   06  0.1297619E+01  0.5446994E+01  0.3593834E-02  0.1137735E-02  0.1977138E+01
   06  0.1309524E+01  0.5446994E+01  0.3737645E-02  0.1183483E-02  0.1977139E+01
   06  0.1321429E+01  0.5446995E+01  0.3881462E-02  0.1229249E-02  0.1977139E+01
   06  0.1333333E+01  0.5446995E+01  0.4025284E-02  0.1275033E-02  0.1977139E+01
   06  0.1345238E+01  0.5446995E+01  0.4169110E-02  0.1320835E-02  0.1977140E+01
   06  0.1357143E+01  0.5446996E+01  0.4312942E-02  0.1366656E-02  0.1977140E+01
   06  0.1369048E+01  0.5446996E+01  0.4456779E-02  0.1412494E-02  0.1977141E+01
   06  0.1380952E+01  0.5446997E+01  0.4600621E-02  0.1458351E-02  0.1977141E+01
   06  0.1392857E+01  0.5446997E+01  0.4744468E-02  0.1504226E-02  0.1977142E+01
   06  0.1404762E+01  0.5446998E+01  0.4888320E-02  0.1550119E-02  0.1977142E+01
   06  0.1416667E+01  0.5446998E+01  0.5032178E-02  0.1596030E-02  0.1977143E+01
   06  0.1428571E+01  0.5446999E+01  0.5176041E-02  0.1641958E-02  0.1977143E+01
   06  0.1476190E+01  0.5447001E+01  0.5751532E-02  0.1825726E-02  0.1977145E+01
   06  0.1523810E+01  0.5447003E+01  0.6327112E-02  0.2009780E-02  0.1977147E+01
   06  0.1571429E+01  0.5447005E+01  0.6902782E-02  0.2194118E-02  0.1977149E+01
   06  0.1619048E+01  0.5447007E+01  0.7478545E-02  0.2378739E-02  0.1977152E+01
   06  0.1666667E+01  0.5447010E+01  0.8054404E-02  0.2563641E-02  0.1977154E+01
   06  0.1714286E+01  0.5447012E+01  0.8630360E-02  0.2748820E-02  0.1977156E+01
   06  0.1761905E+01  0.5447015E+01  0.9206417E-02  0.2934276E-02  0.1977159E+01
   06  0.1809524E+01  0.5447017E+01  0.9782577E-02  0.3120005E-02  0.1977162E+01
   06  0.1857143E+01  0.5447020E+01  0.1035884E-01  0.3306006E-02  0.1977164E+01
   06  0.1904762E+01  0.5447023E+01  0.1093521E-01  0.3492277E-02  0.1977167E+01
   06  0.1952381E+01  0.5447026E+01  0.1151169E-01  0.3678814E-02  0.1977170E+01
