# gauge_id= 505 location=( -0.1251000000E+03  0.4150000000E+02 ) num_var=  4
# Stationary gauge
# level, time, q[  1  2  3], eta, aux[]
# file format ascii, time series follow in this file
   02  0.0000000E+00  0.2436365E+04  0.0000000E+00  0.0000000E+00  0.0000000E+00
   02  0.1000000E+01  0.2436365E+04  0.6962816E-14 -0.9739722E-13  0.3071807E+01
   02  0.1142857E+01  0.2436363E+04 -0.6247762E+00 -0.3153370E+00  0.3069835E+01
   02  0.1285714E+01  0.2436361E+04 -0.1248116E+01 -0.6302009E+00  0.3067862E+01
   02  0.1428571E+01  0.2436359E+04 -0.1870021E+01 -0.9445915E+00  0.3065888E+01
   02  0.1571429E+01  0.2436357E+04 -0.2490494E+01 -0.1258509E+01  0.3063913E+01
   02  0.1714286E+01  0.2436355E+04 -0.3109536E+01 -0.1571952E+01  0.3061938E+01
   02  0.1857143E+01  0.2436353E+04 -0.3727149E+01 -0.1884922E+01  0.3059962E+01
