# gauge_id= 204 location=( -0.1242016000E+03  0.4175375000E+02 ) num_var=  4
# Stationary gauge
# level, time, q[  1  2  3], eta, aux[]
# file format ascii, time series follow in this file
   06  0.0000000E+00  0.6801339E+01  0.0000000E+00  0.0000000E+00  0.0000000E+00
   06  0.1000000E+01  0.6801339E+01  0.2512107E-15 -0.1728428E-15  0.1885312E+01
   06  0.1003968E+01  0.6801339E+01  0.6076779E-04  0.1906049E-04  0.1885312E+01
   06  0.1007937E+01  0.6801339E+01  0.1215370E-03  0.3812148E-04  0.1885312E+01
   06  0.1011905E+01  0.6801339E+01  0.1823076E-03  0.5718299E-04  0.1885312E+01
   06  0.1015873E+01  0.6801339E+01  0.2430796E-03  0.7624501E-04  0.1885312E+01
   06  0.1019841E+01  0.6801339E+01  0.3038530E-03  0.9530756E-04  0.1885312E+01
   06  0.1023810E+01  0.6801339E+01  0.3646278E-03  0.1143706E-03  0.1885312E+01
   06  0.1027778E+01  0.6801339E+01  0.4254041E-03  0.1334342E-03  0.1885312E+01
   06  0.1031746E+01  0.6801339E+01  0.4861818E-03  0.1524984E-03  0.1885312E+01
   06  0.1035714E+01  0.6801339E+01  0.5469609E-03  0.1715630E-03  0.1885312E+01
   06  0.1039683E+01  0.6801339E+01  0.6077414E-03  0.1906282E-03  0.1885312E+01
   06  0.1043651E+01  0.6801339E+01  0.6685235E-03  0.2096940E-03  0.1885312E+01
   06  0.1047619E+01  0.6801340E+01  0.7293069E-03  0.2287603E-03  0.1885312E+01
   06  0.1051587E+01  0.6801340E+01  0.7900919E-03  0.2478272E-03  0.1885312E+01
   06  0.1055556E+01  0.6801340E+01  0.8508782E-03  0.2668946E-03  0.1885312E+01
   06  0.1059524E+01  0.6801340E+01  0.9116661E-03  0.2859626E-03  0.1885313E+01
   06  0.1063492E+01  0.6801340E+01  0.9724554E-03  0.3050312E-03  0.1885313E+01
   06  0.1067460E+01  0.6801340E+01  0.1033246E-02  0.3241003E-03  0.1885313E+01
   06  0.1071429E+01  0.6801340E+01  0.1094039E-02  0.3431700E-03  0.1885313E+01
   06  0.1075397E+01  0.6801340E+01  0.1154832E-02  0.3622403E-03  0.1885313E+01
   06  0.1079365E+01  0.6801340E+01  0.1215628E-02  0.3813112E-03  0.1885313E+01
   06  0.1083333E+01  0.6801340E+01  0.1276424E-02  0.4003826E-03  0.1885313E+01
   06  0.1087302E+01  0.6801340E+01  0.1337223E-02  0.4194547E-03  0.1885313E+01
   06  0.1091270E+01  0.6801340E+01  0.1398023E-02  0.4385274E-03  0.1885313E+01
   06  0.1095238E+01  0.6801340E+01  0.1458824E-02  0.4576006E-03  0.1885313E+01
   06  0.1099206E+01  0.6801340E+01  0.1519627E-02  0.4766745E-03  0.1885313E+01
   06  0.1103175E+01  0.6801340E+01  0.1580431E-02  0.4957490E-03  0.1885313E+01
   06  0.1107143E+01  0.6801340E+01  0.1641237E-02  0.5148241E-03  0.1885313E+01
   06  0.1119048E+01  0.6801341E+01  0.1823663E-02  0.5720514E-03  0.1885313E+01
   06  0.1130952E+01  0.6801341E+01  0.2006102E-02  0.6292844E-03  0.1885314E+01
   06  0.1142857E+01  0.6801341E+01  0.2188556E-02  0.6865232E-03  0.1885314E+01
   06  0.1154762E+01  0.6801341E+01  0.2371024E-02  0.7437680E-03  0.1885314E+01
   06  0.1166667E+01  0.6801341E+01  0.2553506E-02  0.8010187E-03  0.1885314E+01
   06  0.1178571E+01  0.6801341E+01  0.2736003E-02  0.8582756E-03  0.1885314E+01
   06  0.1190476E+01  0.6801342E+01  0.2918515E-02  0.9155388E-03  0.1885314E+01
   06  0.1202381E+01  0.6801342E+01  0.3101042E-02  0.9728084E-03  0.1885315E+01
   06  0.1214286E+01  0.6801342E+01  0.3283584E-02  0.1030084E-02  0.1885315E+01
   06  0.1226190E+01  0.6801342E+01  0.3466142E-02  0.1087367E-02  0.1885315E+01
   06  0.1238095E+01  0.6801342E+01  0.3648715E-02  0.1144656E-02  0.1885315E+01
   06  0.1250000E+01  0.6801342E+01  0.3831303E-02  0.1201953E-02  0.1885315E+01
   06  0.1261905E+01  0.6801343E+01  0.4013907E-02  0.1259256E-02  0.1885315E+01
   06  0.1273810E+01  0.6801343E+01  0.4196527E-02  0.1316566E-02  0.1885316E+01
   06  0.1285714E+01  0.6801343E+01  0.4379163E-02  0.1373883E-02  0.1885316E+01
   06  0.1297619E+01  0.6801343E+01  0.4561815E-02  0.1431208E-02  0.1885316E+01
   06  0.1309524E+01  0.6801343E+01  0.4744484E-02  0.1488540E-02  0.1885316E+01
   06  0.1321429E+01  0.6801344E+01  0.4927169E-02  0.1545879E-02  0.1885316E+01
   06  0.1333333E+01  0.6801344E+01  0.5109870E-02  0.1603226E-02  0.1885317E+01
   06  0.1345238E+01  0.6801344E+01  0.5292588E-02  0.1660581E-02  0.1885317E+01
   06  0.1357143E+01  0.6801344E+01  0.5475324E-02  0.1717943E-02  0.1885317E+01
   06  0.1369048E+01  0.6801344E+01  0.5658076E-02  0.1775314E-02  0.1885317E+01
   06  0.1380952E+01  0.6801344E+01  0.5840845E-02  0.1832692E-02  0.1885317E+01
   06  0.1392857E+01  0.6801345E+01  0.6023632E-02  0.1890079E-02  0.1885318E+01
   06  0.1404762E+01  0.6801345E+01  0.6206436E-02  0.1947474E-02  0.1885318E+01
   06  0.1416667E+01  0.6801345E+01  0.6389258E-02  0.2004877E-02  0.1885318E+01
   06  0.1428571E+01  0.6801345E+01  0.6572098E-02  0.2062289E-02  0.1885318E+01
   06  0.1476190E+01  0.6801346E+01  0.7303605E-02  0.2291993E-02  0.1885319E+01
   06  0.1523810E+01  0.6801347E+01  0.8035409E-02  0.2521841E-02  0.1885320E+01
   06  0.1571429E+01  0.6801348E+01  0.8767518E-02  0.2751839E-02  0.1885320E+01
   06  0.1619048E+01  0.6801348E+01  0.9499941E-02  0.2981993E-02  0.1885321E+01
   06  0.1666667E+01  0.6801349E+01  0.1023269E-01  0.3212311E-02  0.1885322E+01
   06  0.1714286E+01  0.6801350E+01  0.1096577E-01  0.3442799E-02  0.1885323E+01
   06  0.1761905E+01  0.6801351E+01  0.1169919E-01  0.3673463E-02  0.1885324E+01
   06  0.1809524E+01  0.6801352E+01  0.1243295E-01  0.3904310E-02  0.1885325E+01
   06  0.1857143E+01  0.6801353E+01  0.1316708E-01  0.4135345E-02  0.1885326E+01
   06  0.1904762E+01  0.6801354E+01  0.1390158E-01  0.4366576E-02  0.1885327E+01
   06  0.1952381E+01  0.6801355E+01  0.1463644E-01  0.4598007E-02  0.1885328E+01
