# gauge_id= 602 location=( -0.1242122490E+03  0.4176223506E+02 ) num_var=  4
# Stationary gauge
# level, time, q[  1  2  3], eta, aux[]
# file format ascii, time series follow in this file
   06  0.0000000E+00  0.1472056E+02  0.0000000E+00  0.0000000E+00  0.0000000E+00
   06  0.1000000E+01  0.1472056E+02  0.4675906E-15  0.1214170E-14  0.2018684E+01
   06  0.1003968E+01  0.1472056E+02  0.1307170E-03  0.4117249E-04  0.2018684E+01
   06  0.1007937E+01  0.1472056E+02  0.2614341E-03  0.8234477E-04  0.2018684E+01
   06  0.1011905E+01  0.1472056E+02  0.3921512E-03  0.1235168E-03  0.2018684E+01
   06  0.1015873E+01  0.1472056E+02  0.5228684E-03  0.1646886E-03  0.2018684E+01
   06  0.1019841E+01  0.1472056E+02  0.6535857E-03  0.2058602E-03  0.2018684E+01
   06  0.1023810E+01  0.1472056E+02  0.7843030E-03  0.2470316E-03  0.2018684E+01
   06  0.1027778E+01  0.1472056E+02  0.9150205E-03  0.2882028E-03  0.2018684E+01
   06  0.1031746E+01  0.1472056E+02  0.1045738E-02  0.3293737E-03  0.2018684E+01
   06  0.1035714E+01  0.1472056E+02  0.1176455E-02  0.3705445E-03  0.2018684E+01
   06  0.1039683E+01  0.1472056E+02  0.1307173E-02  0.4117150E-03  0.2018684E+01
   06  0.1043651E+01  0.1472056E+02  0.1437891E-02  0.4528852E-03  0.2018684E+01
   06  0.1047619E+01  0.1472056E+02  0.1568609E-02  0.4940553E-03  0.2018684E+01
   06  0.1051587E+01  0.1472056E+02  0.1699326E-02  0.5352251E-03  0.2018684E+01
   06  0.1055556E+01  0.1472056E+02  0.1830044E-02  0.5763947E-03  0.2018684E+01
   06  0.1059524E+01  0.1472056E+02  0.1960762E-02  0.6175641E-03  0.2018684E+01
   06  0.1063492E+01  0.1472056E+02  0.2091480E-02  0.6587333E-03  0.2018684E+01
   06  0.1067460E+01  0.1472056E+02  0.2222198E-02  0.6999023E-03  0.2018684E+01
   06  0.1071429E+01  0.1472056E+02  0.2352917E-02  0.7410710E-03  0.2018684E+01
   06  0.1075397E+01  0.1472056E+02  0.2483635E-02  0.7822395E-03  0.2018684E+01
   06  0.1079365E+01  0.1472056E+02  0.2614353E-02  0.8234078E-03  0.2018684E+01
   06  0.1083333E+01  0.1472056E+02  0.2745072E-02  0.8645759E-03  0.2018684E+01
   06  0.1087302E+01  0.1472056E+02  0.2875790E-02  0.9057437E-03  0.2018684E+01
   06  0.1091270E+01  0.1472056E+02  0.3006509E-02  0.9469113E-03  0.2018684E+01
   06  0.1095238E+01  0.1472056E+02  0.3137227E-02  0.9880787E-03  0.2018684E+01
   06  0.1099206E+01  0.1472056E+02  0.3267946E-02  0.1029246E-02  0.2018684E+01
   06  0.1103175E+01  0.1472056E+02  0.3398665E-02  0.1070413E-02  0.2018684E+01
   06  0.1107143E+01  0.1472056E+02  0.3529384E-02  0.1111580E-02  0.2018684E+01
   06  0.1119048E+01  0.1472056E+02  0.3921541E-02  0.1235079E-02  0.2018684E+01
   06  0.1130952E+01  0.1472056E+02  0.4313698E-02  0.1358575E-02  0.2018684E+01
   06  0.1142857E+01  0.1472056E+02  0.4705857E-02  0.1482070E-02  0.2018684E+01
   06  0.1154762E+01  0.1472056E+02  0.5098016E-02  0.1605563E-02  0.2018684E+01
   06  0.1166667E+01  0.1472056E+02  0.5490176E-02  0.1729054E-02  0.2018684E+01
   06  0.1178571E+01  0.1472056E+02  0.5882337E-02  0.1852543E-02  0.2018684E+01
   06  0.1190476E+01  0.1472056E+02  0.6274498E-02  0.1976030E-02  0.2018684E+01
   06  0.1202381E+01  0.1472056E+02  0.6666661E-02  0.2099515E-02  0.2018684E+01
   06  0.1214286E+01  0.1472056E+02  0.7058824E-02  0.2222999E-02  0.2018684E+01
   06  0.1226190E+01  0.1472056E+02  0.7450988E-02  0.2346480E-02  0.2018684E+01
   06  0.1238095E+01  0.1472056E+02  0.7843153E-02  0.2469959E-02  0.2018684E+01
   06  0.1250000E+01  0.1472056E+02  0.8235318E-02  0.2593436E-02  0.2018684E+01
   06  0.1261905E+01  0.1472056E+02  0.8627485E-02  0.2716912E-02  0.2018684E+01
   06  0.1273810E+01  0.1472056E+02  0.9019652E-02  0.2840385E-02  0.2018684E+01
   06  0.1285714E+01  0.1472056E+02  0.9411820E-02  0.2963856E-02  0.2018684E+01
   06  0.1297619E+01  0.1472056E+02  0.9803989E-02  0.3087326E-02  0.2018684E+01
   06  0.1309524E+01  0.1472056E+02  0.1019616E-01  0.3210794E-02  0.2018684E+01
   06  0.1321429E+01  0.1472056E+02  0.1058833E-01  0.3334259E-02  0.2018684E+01
   06  0.1333333E+01  0.1472056E+02  0.1098050E-01  0.3457723E-02  0.2018684E+01
   06  0.1345238E+01  0.1472056E+02  0.1137267E-01  0.3581185E-02  0.2018684E+01
   06  0.1357143E+01  0.1472056E+02  0.1176485E-01  0.3704645E-02  0.2018684E+01
   06  0.1369048E+01  0.1472056E+02  0.1215702E-01  0.3828103E-02  0.2018684E+01
   06  0.1380952E+01  0.1472056E+02  0.1254920E-01  0.3951559E-02  0.2018684E+01
   06  0.1392857E+01  0.1472056E+02  0.1294137E-01  0.4075013E-02  0.2018684E+01
   06  0.1404762E+01  0.1472056E+02  0.1333355E-01  0.4198465E-02  0.2018684E+01
   06  0.1416667E+01  0.1472056E+02  0.1372573E-01  0.4321915E-02  0.2018684E+01
   06  0.1428571E+01  0.1472056E+02  0.1411791E-01  0.4445364E-02  0.2018684E+01
   06  0.1476190E+01  0.1472056E+02  0.1568664E-01  0.4939138E-02  0.2018684E+01
   06  0.1523810E+01  0.1472056E+02  0.1725538E-01  0.5432882E-02  0.2018683E+01
   06  0.1571429E+01  0.1472056E+02  0.1882415E-01  0.5926596E-02  0.2018683E+01
   06  0.1619048E+01  0.1472056E+02  0.2039293E-01  0.6420281E-02  0.2018683E+01
   06  0.1666667E+01  0.1472056E+02  0.2196173E-01  0.6913937E-02  0.2018683E+01
   06  0.1714286E+01  0.1472056E+02  0.2353054E-01  0.7407563E-02  0.2018683E+01
   06  0.1761905E+01  0.1472056E+02  0.2509938E-01  0.7901161E-02  0.2018682E+01
   06  0.1809524E+01  0.1472056E+02  0.2666824E-01  0.8394731E-02  0.2018682E+01
   06  0.1857143E+01  0.1472056E+02  0.2823712E-01  0.8888272E-02  0.2018682E+01
   06  0.1904762E+01  0.1472056E+02  0.2980603E-01  0.9381786E-02  0.2018681E+01
   06  0.1952381E+01  0.1472056E+02  0.3137495E-01  0.9875272E-02  0.2018681E+01
