# gauge_id= 612 location=( -0.1242043567E+03  0.4175754751E+02 ) num_var=  4
# Stationary gauge
# level, time, q[  1  2  3], eta, aux[]
# file format ascii, time series follow in this file
   06  0.0000000E+00  0.1315901E+02  0.0000000E+00  0.0000000E+00  0.0000000E+00
   06  0.1000000E+01  0.1315901E+02 -0.2198208E-15  0.1222750E-14  0.1906684E+01
   06  0.1003968E+01  0.1315901E+02  0.1160554E-03  0.3651781E-04  0.1906684E+01
   06  0.1007937E+01  0.1315901E+02  0.2321110E-03  0.7303564E-04  0.1906684E+01
   06  0.1011905E+01  0.1315901E+02  0.3481666E-03  0.1095535E-03  0.1906684E+01
   06  0.1015873E+01  0.1315901E+02  0.4642225E-03  0.1460714E-03  0.1906684E+01
   06  0.1019841E+01  0.1315901E+02  0.5802784E-03  0.1825892E-03  0.1906684E+01
   06  0.1023810E+01  0.1315901E+02  0.6963345E-03  0.2191072E-03  0.1906684E+01
   06  0.1027778E+01  0.1315901E+02  0.8123908E-03  0.2556251E-03  0.1906684E+01
   06  0.1031746E+01  0.1315901E+02  0.9284471E-03  0.2921431E-03  0.1906684E+01
   06  0.1035714E+01  0.1315901E+02  0.1044504E-02  0.3286611E-03  0.1906684E+01
   06  0.1039683E+01  0.1315901E+02  0.1160560E-02  0.3651791E-03  0.1906684E+01
   06  0.1043651E+01  0.1315901E+02  0.1276617E-02  0.4016971E-03  0.1906684E+01
   06  0.1047619E+01  0.1315901E+02  0.1392674E-02  0.4382152E-03  0.1906684E+01
   06  0.1051587E+01  0.1315901E+02  0.1508731E-02  0.4747333E-03  0.1906684E+01
   06  0.1055556E+01  0.1315901E+02  0.1624788E-02  0.5112514E-03  0.1906684E+01
   06  0.1059524E+01  0.1315901E+02  0.1740846E-02  0.5477696E-03  0.1906684E+01
   06  0.1063492E+01  0.1315901E+02  0.1856903E-02  0.5842877E-03  0.1906684E+01
   06  0.1067460E+01  0.1315901E+02  0.1972961E-02  0.6208059E-03  0.1906684E+01
   06  0.1071429E+01  0.1315901E+02  0.2089019E-02  0.6573242E-03  0.1906684E+01
   06  0.1075397E+01  0.1315901E+02  0.2205077E-02  0.6938424E-03  0.1906684E+01
   06  0.1079365E+01  0.1315901E+02  0.2321135E-02  0.7303607E-03  0.1906684E+01
   06  0.1083333E+01  0.1315901E+02  0.2437193E-02  0.7668791E-03  0.1906684E+01
   06  0.1087302E+01  0.1315901E+02  0.2553251E-02  0.8033974E-03  0.1906684E+01
   06  0.1091270E+01  0.1315901E+02  0.2669310E-02  0.8399158E-03  0.1906684E+01
   06  0.1095238E+01  0.1315901E+02  0.2785368E-02  0.8764343E-03  0.1906684E+01
   06  0.1099206E+01  0.1315901E+02  0.2901427E-02  0.9129527E-03  0.1906684E+01
   06  0.1103175E+01  0.1315901E+02  0.3017486E-02  0.9494712E-03  0.1906684E+01
   06  0.1107143E+01  0.1315901E+02  0.3133545E-02  0.9859898E-03  0.1906684E+01
   06  0.1119048E+01  0.1315901E+02  0.3481723E-02  0.1095545E-02  0.1906684E+01
   06  0.1130952E+01  0.1315901E+02  0.3829902E-02  0.1205101E-02  0.1906684E+01
   06  0.1142857E+01  0.1315901E+02  0.4178082E-02  0.1314657E-02  0.1906684E+01
   06  0.1154762E+01  0.1315901E+02  0.4526264E-02  0.1424214E-02  0.1906684E+01
   06  0.1166667E+01  0.1315901E+02  0.4874447E-02  0.1533771E-02  0.1906684E+01
   06  0.1178571E+01  0.1315901E+02  0.5222631E-02  0.1643328E-02  0.1906684E+01
   06  0.1190476E+01  0.1315901E+02  0.5570817E-02  0.1752886E-02  0.1906684E+01
   06  0.1202381E+01  0.1315901E+02  0.5919004E-02  0.1862444E-02  0.1906684E+01
   06  0.1214286E+01  0.1315901E+02  0.6267192E-02  0.1972003E-02  0.1906684E+01
   06  0.1226190E+01  0.1315901E+02  0.6615382E-02  0.2081562E-02  0.1906684E+01
   06  0.1238095E+01  0.1315901E+02  0.6963573E-02  0.2191121E-02  0.1906684E+01
   06  0.1250000E+01  0.1315901E+02  0.7311766E-02  0.2300681E-02  0.1906684E+01
   06  0.1261905E+01  0.1315901E+02  0.7659959E-02  0.2410242E-02  0.1906684E+01
   06  0.1273810E+01  0.1315901E+02  0.8008155E-02  0.2519803E-02  0.1906684E+01
   06  0.1285714E+01  0.1315901E+02  0.8356351E-02  0.2629364E-02  0.1906684E+01
   06  0.1297619E+01  0.1315901E+02  0.8704549E-02  0.2738927E-02  0.1906684E+01
   06  0.1309524E+01  0.1315901E+02  0.9052749E-02  0.2848489E-02  0.1906684E+01
   06  0.1321429E+01  0.1315901E+02  0.9400949E-02  0.2958052E-02  0.1906684E+01
   06  0.1333333E+01  0.1315901E+02  0.9749152E-02  0.3067616E-02  0.1906685E+01
   06  0.1345238E+01  0.1315901E+02  0.1009736E-01  0.3177181E-02  0.1906685E+01
   06  0.1357143E+01  0.1315901E+02  0.1044556E-01  0.3286746E-02  0.1906685E+01
   06  0.1369048E+01  0.1315901E+02  0.1079377E-01  0.3396312E-02  0.1906685E+01
   06  0.1380952E+01  0.1315901E+02  0.1114197E-01  0.3505878E-02  0.1906685E+01
   06  0.1392857E+01  0.1315901E+02  0.1149018E-01  0.3615445E-02  0.1906685E+01
   06  0.1404762E+01  0.1315901E+02  0.1183839E-01  0.3725013E-02  0.1906685E+01
   06  0.1416667E+01  0.1315901E+02  0.1218661E-01  0.3834581E-02  0.1906685E+01
   06  0.1428571E+01  0.1315901E+02  0.1253482E-01  0.3944150E-02  0.1906685E+01
   06  0.1476190E+01  0.1315901E+02  0.1392768E-01  0.4382428E-02  0.1906685E+01
   06  0.1523810E+01  0.1315901E+02  0.1532057E-01  0.4820718E-02  0.1906685E+01
   06  0.1571429E+01  0.1315901E+02  0.1671348E-01  0.5259021E-02  0.1906685E+01
   06  0.1619048E+01  0.1315902E+02  0.1810642E-01  0.5697339E-02  0.1906685E+01
   06  0.1666667E+01  0.1315902E+02  0.1949938E-01  0.6135671E-02  0.1906686E+01
   06  0.1714286E+01  0.1315902E+02  0.2089237E-01  0.6574019E-02  0.1906686E+01
   06  0.1761905E+01  0.1315902E+02  0.2228538E-01  0.7012383E-02  0.1906686E+01
   06  0.1809524E+01  0.1315902E+02  0.2367842E-01  0.7450765E-02  0.1906687E+01
   06  0.1857143E+01  0.1315902E+02  0.2507148E-01  0.7889165E-02  0.1906687E+01
   06  0.1904762E+01  0.1315902E+02  0.2646457E-01  0.8327583E-02  0.1906687E+01
   06  0.1952381E+01  0.1315902E+02  0.2785769E-01  0.8766022E-02  0.1906687E+01
