# gauge_id= 613 location=( -0.1242110343E+03  0.4176499358E+02 ) num_var=  4
# Stationary gauge
# level, time, q[  1  2  3], eta, aux[]
# file format ascii, time series follow in this file
   06  0.0000000E+00  0.1560618E+02  0.0000000E+00  0.0000000E+00  0.0000000E+00
   06  0.1000000E+01  0.1560618E+02  0.2367942E-14 -0.1387562E-14  0.1973524E+01
   06  0.1003968E+01  0.1560618E+02  0.1389706E-03  0.4395027E-04  0.1973524E+01
   06  0.1007937E+01  0.1560618E+02  0.2779410E-03  0.8790053E-04  0.1973524E+01
   06  0.1011905E+01  0.1560618E+02  0.4169111E-03  0.1318508E-03  0.1973524E+01
   06  0.1015873E+01  0.1560618E+02  0.5558810E-03  0.1758010E-03  0.1973524E+01
   06  0.1019841E+01  0.1560618E+02  0.6948507E-03  0.2197511E-03  0.1973524E+01
   06  0.1023810E+01  0.1560618E+02  0.8338201E-03  0.2637013E-03  0.1973524E+01
   06  0.1027778E+01  0.1560618E+02  0.9727893E-03  0.3076514E-03  0.1973524E+01
   06  0.1031746E+01  0.1560618E+02  0.1111758E-02  0.3516015E-03  0.1973524E+01
   06  0.1035714E+01  0.1560618E+02  0.1250727E-02  0.3955516E-03  0.1973524E+01
   06  0.1039683E+01  0.1560618E+02  0.1389695E-02  0.4395016E-03  0.1973524E+01
   06  0.1043651E+01  0.1560618E+02  0.1528664E-02  0.4834516E-03  0.1973524E+01
   06  0.1047619E+01  0.1560618E+02  0.1667632E-02  0.5274016E-03  0.1973524E+01
   06  0.1051587E+01  0.1560618E+02  0.1806599E-02  0.5713515E-03  0.1973524E+01
   06  0.1055556E+01  0.1560618E+02  0.1945567E-02  0.6153014E-03  0.1973524E+01
   06  0.1059524E+01  0.1560618E+02  0.2084534E-02  0.6592513E-03  0.1973524E+01
   06  0.1063492E+01  0.1560618E+02  0.2223501E-02  0.7032011E-03  0.1973524E+01
   06  0.1067460E+01  0.1560618E+02  0.2362467E-02  0.7471509E-03  0.1973524E+01
   06  0.1071429E+01  0.1560618E+02  0.2501434E-02  0.7911006E-03  0.1973524E+01
   06  0.1075397E+01  0.1560618E+02  0.2640400E-02  0.8350503E-03  0.1973524E+01
   06  0.1079365E+01  0.1560618E+02  0.2779366E-02  0.8789999E-03  0.1973524E+01
   06  0.1083333E+01  0.1560618E+02  0.2918332E-02  0.9229495E-03  0.1973524E+01
   06  0.1087302E+01  0.1560618E+02  0.3057297E-02  0.9668990E-03  0.1973524E+01
   06  0.1091270E+01  0.1560618E+02  0.3196262E-02  0.1010849E-02  0.1973524E+01
   06  0.1095238E+01  0.1560618E+02  0.3335227E-02  0.1054798E-02  0.1973524E+01
   06  0.1099206E+01  0.1560618E+02  0.3474191E-02  0.1098747E-02  0.1973524E+01
   06  0.1103175E+01  0.1560618E+02  0.3613155E-02  0.1142697E-02  0.1973524E+01
   06  0.1107143E+01  0.1560618E+02  0.3752119E-02  0.1186646E-02  0.1973524E+01
   06  0.1119048E+01  0.1560618E+02  0.4169010E-02  0.1318494E-02  0.1973524E+01
   06  0.1130952E+01  0.1560618E+02  0.4585897E-02  0.1450342E-02  0.1973524E+01
   06  0.1142857E+01  0.1560618E+02  0.5002782E-02  0.1582189E-02  0.1973524E+01
   06  0.1154762E+01  0.1560618E+02  0.5419664E-02  0.1714036E-02  0.1973524E+01
   06  0.1166667E+01  0.1560618E+02  0.5836544E-02  0.1845881E-02  0.1973524E+01
   06  0.1178571E+01  0.1560618E+02  0.6253420E-02  0.1977727E-02  0.1973524E+01
   06  0.1190476E+01  0.1560618E+02  0.6670294E-02  0.2109571E-02  0.1973524E+01
   06  0.1202381E+01  0.1560618E+02  0.7087165E-02  0.2241415E-02  0.1973524E+01
   06  0.1214286E+01  0.1560618E+02  0.7504033E-02  0.2373258E-02  0.1973524E+01
   06  0.1226190E+01  0.1560618E+02  0.7920897E-02  0.2505100E-02  0.1973524E+01
   06  0.1238095E+01  0.1560618E+02  0.8337759E-02  0.2636941E-02  0.1973524E+01
   06  0.1250000E+01  0.1560618E+02  0.8754618E-02  0.2768781E-02  0.1973524E+01
   06  0.1261905E+01  0.1560618E+02  0.9171473E-02  0.2900621E-02  0.1973524E+01
   06  0.1273810E+01  0.1560618E+02  0.9588326E-02  0.3032459E-02  0.1973524E+01
   06  0.1285714E+01  0.1560618E+02  0.1000517E-01  0.3164297E-02  0.1973524E+01
   06  0.1297619E+01  0.1560618E+02  0.1042202E-01  0.3296133E-02  0.1973524E+01
   06  0.1309524E+01  0.1560618E+02  0.1083886E-01  0.3427969E-02  0.1973524E+01
   06  0.1321429E+01  0.1560618E+02  0.1125570E-01  0.3559803E-02  0.1973524E+01
   06  0.1333333E+01  0.1560618E+02  0.1167254E-01  0.3691636E-02  0.1973524E+01
   06  0.1345238E+01  0.1560618E+02  0.1208937E-01  0.3823468E-02  0.1973524E+01
   06  0.1357143E+01  0.1560618E+02  0.1250620E-01  0.3955299E-02  0.1973523E+01
   06  0.1369048E+01  0.1560618E+02  0.1292302E-01  0.4087128E-02  0.1973523E+01
   06  0.1380952E+01  0.1560618E+02  0.1333984E-01  0.4218957E-02  0.1973523E+01
   06  0.1392857E+01  0.1560618E+02  0.1375666E-01  0.4350784E-02  0.1973523E+01
   06  0.1404762E+01  0.1560618E+02  0.1417347E-01  0.4482609E-02  0.1973523E+01
   06  0.1416667E+01  0.1560618E+02  0.1459028E-01  0.4614434E-02  0.1973523E+01
   06  0.1428571E+01  0.1560618E+02  0.1500709E-01  0.4746256E-02  0.1973523E+01
   06  0.1476190E+01  0.1560618E+02  0.1667427E-01  0.5273547E-02  0.1973523E+01
   06  0.1523810E+01  0.1560618E+02  0.1834139E-01  0.5800813E-02  0.1973522E+01
   06  0.1571429E+01  0.1560618E+02  0.2000845E-01  0.6328052E-02  0.1973522E+01
   06  0.1619048E+01  0.1560618E+02  0.2167543E-01  0.6855262E-02  0.1973522E+01
   06  0.1666667E+01  0.1560617E+02  0.2334233E-01  0.7382441E-02  0.1973521E+01
   06  0.1714286E+01  0.1560617E+02  0.2500916E-01  0.7909587E-02  0.1973521E+01
   06  0.1761905E+01  0.1560617E+02  0.2667591E-01  0.8436697E-02  0.1973520E+01
   06  0.1809524E+01  0.1560617E+02  0.2834258E-01  0.8963770E-02  0.1973519E+01
   06  0.1857143E+01  0.1560617E+02  0.3000916E-01  0.9490805E-02  0.1973519E+01
   06  0.1904762E+01  0.1560617E+02  0.3167566E-01  0.1001780E-01  0.1973518E+01
   06  0.1952381E+01  0.1560617E+02  0.3334206E-01  0.1054475E-01  0.1973517E+01
