# gauge_id= 615 location=( -0.1242106071E+03  0.4175726850E+02 ) num_var=  4
# Stationary gauge
# level, time, q[  1  2  3], eta, aux[]
# file format ascii, time series follow in this file
   06  0.0000000E+00  0.1509483E+02  0.0000000E+00  0.0000000E+00  0.0000000E+00
   06  0.1000000E+01  0.1509483E+02 -0.1564852E-14  0.6172834E-15  0.2026190E+01
   06  0.1003968E+01  0.1509483E+02  0.1330432E-03  0.4095987E-04  0.2026190E+01
   06  0.1007937E+01  0.1509483E+02  0.2660866E-03  0.8191982E-04  0.2026190E+01
   06  0.1011905E+01  0.1509483E+02  0.3991301E-03  0.1228798E-03  0.2026190E+01
   06  0.1015873E+01  0.1509483E+02  0.5321738E-03  0.1638399E-03  0.2026190E+01
   06  0.1019841E+01  0.1509483E+02  0.6652175E-03  0.2048001E-03  0.2026190E+01
   06  0.1023810E+01  0.1509483E+02  0.7982615E-03  0.2457603E-03  0.2026190E+01
   06  0.1027778E+01  0.1509483E+02  0.9313055E-03  0.2867206E-03  0.2026190E+01
   06  0.1031746E+01  0.1509483E+02  0.1064350E-02  0.3276810E-03  0.2026190E+01
   06  0.1035714E+01  0.1509483E+02  0.1197394E-02  0.3686415E-03  0.2026190E+01
   06  0.1039683E+01  0.1509483E+02  0.1330439E-02  0.4096021E-03  0.2026190E+01
   06  0.1043651E+01  0.1509483E+02  0.1463483E-02  0.4505627E-03  0.2026190E+01
   06  0.1047619E+01  0.1509483E+02  0.1596528E-02  0.4915234E-03  0.2026190E+01
   06  0.1051587E+01  0.1509483E+02  0.1729573E-02  0.5324842E-03  0.2026190E+01
   06  0.1055556E+01  0.1509483E+02  0.1862618E-02  0.5734450E-03  0.2026190E+01
   06  0.1059524E+01  0.1509483E+02  0.1995663E-02  0.6144060E-03  0.2026190E+01
   06  0.1063492E+01  0.1509483E+02  0.2128709E-02  0.6553670E-03  0.2026190E+01
   06  0.1067460E+01  0.1509483E+02  0.2261754E-02  0.6963281E-03  0.2026190E+01
   06  0.1071429E+01  0.1509483E+02  0.2394800E-02  0.7372893E-03  0.2026190E+01
   06  0.1075397E+01  0.1509483E+02  0.2527846E-02  0.7782506E-03  0.2026190E+01
   06  0.1079365E+01  0.1509483E+02  0.2660892E-02  0.8192119E-03  0.2026190E+01
   06  0.1083333E+01  0.1509483E+02  0.2793938E-02  0.8601734E-03  0.2026190E+01
   06  0.1087302E+01  0.1509483E+02  0.2926985E-02  0.9011349E-03  0.2026190E+01
   06  0.1091270E+01  0.1509483E+02  0.3060031E-02  0.9420965E-03  0.2026190E+01
   06  0.1095238E+01  0.1509483E+02  0.3193078E-02  0.9830582E-03  0.2026190E+01
   06  0.1099206E+01  0.1509483E+02  0.3326125E-02  0.1024020E-02  0.2026190E+01
   06  0.1103175E+01  0.1509483E+02  0.3459172E-02  0.1064982E-02  0.2026190E+01
   06  0.1107143E+01  0.1509483E+02  0.3592219E-02  0.1105944E-02  0.2026190E+01
   06  0.1119048E+01  0.1509483E+02  0.3991362E-02  0.1228830E-02  0.2026190E+01
   06  0.1130952E+01  0.1509483E+02  0.4390507E-02  0.1351717E-02  0.2026190E+01
   06  0.1142857E+01  0.1509483E+02  0.4789654E-02  0.1474605E-02  0.2026190E+01
   06  0.1154762E+01  0.1509483E+02  0.5188802E-02  0.1597494E-02  0.2026190E+01
   06  0.1166667E+01  0.1509483E+02  0.5587952E-02  0.1720384E-02  0.2026190E+01
   06  0.1178571E+01  0.1509483E+02  0.5987104E-02  0.1843274E-02  0.2026190E+01
   06  0.1190476E+01  0.1509483E+02  0.6386257E-02  0.1966166E-02  0.2026190E+01
   06  0.1202381E+01  0.1509483E+02  0.6785413E-02  0.2089058E-02  0.2026190E+01
   06  0.1214286E+01  0.1509483E+02  0.7184571E-02  0.2211952E-02  0.2026190E+01
   06  0.1226190E+01  0.1509483E+02  0.7583730E-02  0.2334846E-02  0.2026190E+01
   06  0.1238095E+01  0.1509483E+02  0.7982892E-02  0.2457741E-02  0.2026190E+01
   06  0.1250000E+01  0.1509483E+02  0.8382056E-02  0.2580638E-02  0.2026191E+01
   06  0.1261905E+01  0.1509483E+02  0.8781222E-02  0.2703535E-02  0.2026191E+01
   06  0.1273810E+01  0.1509483E+02  0.9180391E-02  0.2826433E-02  0.2026191E+01
   06  0.1285714E+01  0.1509483E+02  0.9579562E-02  0.2949333E-02  0.2026191E+01
   06  0.1297619E+01  0.1509483E+02  0.9978735E-02  0.3072233E-02  0.2026191E+01
   06  0.1309524E+01  0.1509483E+02  0.1037791E-01  0.3195135E-02  0.2026191E+01
   06  0.1321429E+01  0.1509483E+02  0.1077709E-01  0.3318037E-02  0.2026191E+01
   06  0.1333333E+01  0.1509483E+02  0.1117627E-01  0.3440941E-02  0.2026191E+01
   06  0.1345238E+01  0.1509483E+02  0.1157545E-01  0.3563846E-02  0.2026191E+01
   06  0.1357143E+01  0.1509483E+02  0.1197464E-01  0.3686752E-02  0.2026191E+01
   06  0.1369048E+01  0.1509483E+02  0.1237382E-01  0.3809659E-02  0.2026191E+01
   06  0.1380952E+01  0.1509483E+02  0.1277302E-01  0.3932567E-02  0.2026192E+01
   06  0.1392857E+01  0.1509483E+02  0.1317221E-01  0.4055477E-02  0.2026192E+01
   06  0.1404762E+01  0.1509483E+02  0.1357140E-01  0.4178387E-02  0.2026192E+01
   06  0.1416667E+01  0.1509483E+02  0.1397060E-01  0.4301299E-02  0.2026192E+01
   06  0.1428571E+01  0.1509483E+02  0.1436981E-01  0.4424212E-02  0.2026192E+01
   06  0.1476190E+01  0.1509483E+02  0.1596664E-01  0.4915875E-02  0.2026193E+01
   06  0.1523810E+01  0.1509483E+02  0.1756353E-01  0.5407559E-02  0.2026193E+01
   06  0.1571429E+01  0.1509483E+02  0.1916047E-01  0.5899265E-02  0.2026194E+01
   06  0.1619048E+01  0.1509483E+02  0.2075746E-01  0.6390994E-02  0.2026195E+01
   06  0.1666667E+01  0.1509483E+02  0.2235451E-01  0.6882747E-02  0.2026195E+01
   06  0.1714286E+01  0.1509483E+02  0.2395162E-01  0.7374524E-02  0.2026196E+01
   06  0.1761905E+01  0.1509483E+02  0.2554880E-01  0.7866327E-02  0.2026197E+01
   06  0.1809524E+01  0.1509483E+02  0.2714604E-01  0.8358156E-02  0.2026198E+01
   06  0.1857143E+01  0.1509483E+02  0.2874334E-01  0.8850012E-02  0.2026199E+01
   06  0.1904762E+01  0.1509484E+02  0.3034072E-01  0.9341897E-02  0.2026200E+01
   06  0.1952381E+01  0.1509484E+02  0.3193817E-01  0.9833810E-02  0.2026201E+01
