# gauge_id= 601 location=( -0.1242093003E+03  0.4175447275E+02 ) num_var=  4
# Stationary gauge
# level, time, q[  1  2  3], eta, aux[]
# file format ascii, time series follow in this file
   04  0.0000000E+00  0.1304193E+02  0.0000000E+00  0.0000000E+00  0.0000000E+00
   04  0.1000000E+01  0.1304193E+02  0.1235693E-15 -0.6918781E-16  0.2676958E+00
   04  0.1015873E+01  0.1304193E+02  0.7013936E-03  0.6675214E-05  0.2677011E+00
   04  0.1031746E+01  0.1304194E+02  0.1402707E-02  0.1336093E-04  0.2677065E+00
   04  0.1047619E+01  0.1304194E+02  0.2103940E-02  0.2005712E-04  0.2677118E+00
   04  0.1063492E+01  0.1304195E+02  0.2805092E-02  0.2676374E-04  0.2677172E+00
   04  0.1079365E+01  0.1304195E+02  0.3506164E-02  0.3348076E-04  0.2677225E+00
   04  0.1095238E+01  0.1304196E+02  0.4207156E-02  0.4020814E-04  0.2677278E+00
   04  0.1111111E+01  0.1304196E+02  0.4908066E-02  0.4694584E-04  0.2677332E+00
   04  0.1126984E+01  0.1304197E+02  0.5608896E-02  0.5369384E-04  0.2677385E+00
   04  0.1142857E+01  0.1304197E+02  0.6309645E-02  0.6045208E-04  0.2677438E+00
   04  0.1158730E+01  0.1304198E+02  0.7010314E-02  0.6722055E-04  0.2677490E+00
   04  0.1174603E+01  0.1304198E+02  0.7710901E-02  0.7399919E-04  0.2677543E+00
   04  0.1190476E+01  0.1304199E+02  0.8411407E-02  0.8078798E-04  0.2677596E+00
   04  0.1206349E+01  0.1304199E+02  0.9111832E-02  0.8758688E-04  0.2677649E+00
   04  0.1222222E+01  0.1304200E+02  0.9812176E-02  0.9439585E-04  0.2677701E+00
   04  0.1238095E+01  0.1304200E+02  0.1051244E-01  0.1012149E-03  0.2677753E+00
   04  0.1253968E+01  0.1304201E+02  0.1121262E-01  0.1080439E-03  0.2677806E+00
   04  0.1269841E+01  0.1304202E+02  0.1191272E-01  0.1148828E-03  0.2677858E+00
   04  0.1285714E+01  0.1304202E+02  0.1261274E-01  0.1217317E-03  0.2677910E+00
   04  0.1301587E+01  0.1304203E+02  0.1331268E-01  0.1285905E-03  0.2677962E+00
   04  0.1317460E+01  0.1304203E+02  0.1401253E-01  0.1354591E-03  0.2678014E+00
   04  0.1333333E+01  0.1304204E+02  0.1471231E-01  0.1423376E-03  0.2678066E+00
   04  0.1349206E+01  0.1304204E+02  0.1541200E-01  0.1492258E-03  0.2678118E+00
   04  0.1365079E+01  0.1304205E+02  0.1611161E-01  0.1561238E-03  0.2678169E+00
   04  0.1380952E+01  0.1304205E+02  0.1681114E-01  0.1630315E-03  0.2678221E+00
   04  0.1396825E+01  0.1304206E+02  0.1751058E-01  0.1699488E-03  0.2678272E+00
   04  0.1412698E+01  0.1304206E+02  0.1820995E-01  0.1768758E-03  0.2678324E+00
   04  0.1428571E+01  0.1304207E+02  0.1890923E-01  0.1838123E-03  0.2678375E+00
   04  0.1476190E+01  0.1304208E+02  0.2100662E-01  0.2046081E-03  0.2678528E+00
   04  0.1523810E+01  0.1304210E+02  0.2310327E-01  0.2254893E-03  0.2678681E+00
   04  0.1571429E+01  0.1304211E+02  0.2519918E-01  0.2464552E-03  0.2678832E+00
   04  0.1619048E+01  0.1304213E+02  0.2729435E-01  0.2675046E-03  0.2678983E+00
   04  0.1666667E+01  0.1304214E+02  0.2938877E-01  0.2886365E-03  0.2679133E+00
   04  0.1714286E+01  0.1304216E+02  0.3148244E-01  0.3098499E-03  0.2679282E+00
   04  0.1761905E+01  0.1304217E+02  0.3357536E-01  0.3311437E-03  0.2679430E+00
   04  0.1809524E+01  0.1304219E+02  0.3566753E-01  0.3525170E-03  0.2679577E+00
   04  0.1857143E+01  0.1304220E+02  0.3775894E-01  0.3739687E-03  0.2679724E+00
   04  0.1904762E+01  0.1304222E+02  0.3984960E-01  0.3954978E-03  0.2679869E+00
   04  0.1952381E+01  0.1304223E+02  0.4193950E-01  0.4171032E-03  0.2680014E+00
   04  0.2000000E+01  0.1304225E+02  0.4402863E-01  0.4387839E-03  0.2680158E+00
   04  0.5727919E+01  0.1304316E+02  0.2056169E+00  0.1784786E-02  0.2689334E+00
   04  0.9455838E+01  0.1304359E+02  0.3621233E+00  0.3503444E-02  0.2693589E+00
   04  0.1318376E+02  0.1304354E+02  0.5128837E+00  0.5107419E-02  0.2693063E+00
   04  0.1691168E+02  0.1304301E+02  0.6571305E+00  0.6196069E-02  0.2687851E+00
   04  0.2063960E+02  0.1304203E+02  0.7943334E+00  0.6440272E-02  0.2678031E+00
   04  0.2436752E+02  0.1304060E+02  0.9240756E+00  0.5646370E-02  0.2663678E+00
   04  0.2809543E+02  0.1303874E+02  0.1046048E+01  0.3920810E-02  0.2645120E+00
   04  0.3182335E+02  0.1303650E+02  0.1160022E+01  0.9055355E-03  0.2622723E+00
   04  0.3555127E+02  0.1303390E+02  0.1265846E+01 -0.3329286E-02  0.2596668E+00
   04  0.3927919E+02  0.1303094E+02  0.1363447E+01 -0.8763630E-02  0.2567114E+00
   04  0.4300711E+02  0.1302766E+02  0.1452832E+01 -0.1538941E-01  0.2534311E+00
   04  0.4487107E+02  0.1302587E+02  0.1493841E+01 -0.1933997E-01  0.2516373E+00
   04  0.4673503E+02  0.1302400E+02  0.1532815E+01 -0.2360156E-01  0.2497707E+00
   04  0.4839188E+02  0.1302227E+02  0.1565610E+01 -0.2770534E-01  0.2480371E+00
   04  0.5004874E+02  0.1302049E+02  0.1596934E+01 -0.3208106E-01  0.2462569E+00
   04  0.5170559E+02  0.1301871E+02  0.1627291E+01 -0.3672409E-01  0.2444762E+00
   04  0.5336244E+02  0.1301692E+02  0.1656690E+01 -0.4161355E-01  0.2426947E+00
   04  0.5501930E+02  0.1301514E+02  0.1685134E+01 -0.4672990E-01  0.2409122E+00
   04  0.5667615E+02  0.1301336E+02  0.1712626E+01 -0.5205490E-01  0.2391287E+00
   04  0.5833300E+02  0.1301157E+02  0.1739165E+01 -0.5757148E-01  0.2373441E+00
   04  0.5998985E+02  0.1300979E+02  0.1764752E+01 -0.6326359E-01  0.2355585E+00
   04  0.6164671E+02  0.1300800E+02  0.1789384E+01 -0.6911616E-01  0.2337722E+00
   04  0.6330356E+02  0.1300621E+02  0.1813061E+01 -0.7511500E-01  0.2319850E+00
   04  0.6496041E+02  0.1300443E+02  0.1835782E+01 -0.8124674E-01  0.2301970E+00
   04  0.6661727E+02  0.1300264E+02  0.1857549E+01 -0.8749861E-01  0.2284082E+00
   04  0.6827412E+02  0.1300085E+02  0.1878362E+01 -0.9385842E-01  0.2266186E+00
   04  0.6993097E+02  0.1299906E+02  0.1898225E+01 -0.1003142E+00  0.2248281E+00
   04  0.7158783E+02  0.1299727E+02  0.1917139E+01 -0.1068538E+00  0.2230365E+00
   04  0.7324468E+02  0.1299547E+02  0.1935109E+01 -0.1134645E+00  0.2212438E+00
   04  0.7490153E+02  0.1299368E+02  0.1952142E+01 -0.1201310E+00  0.2194496E+00
   04  0.7655838E+02  0.1299188E+02  0.1968242E+01 -0.1268349E+00  0.2176529E+00
   04  0.7821524E+02  0.1299008E+02  0.1983416E+01 -0.1335827E+00  0.2158546E+00
   04  0.7987209E+02  0.1298829E+02  0.1997671E+01 -0.1403794E+00  0.2140557E+00
   04  0.8152894E+02  0.1298649E+02  0.2011015E+01 -0.1472282E+00  0.2122567E+00
   04  0.8318580E+02  0.1298469E+02  0.2023457E+01 -0.1541312E+00  0.2104586E+00
   04  0.8484265E+02  0.1298289E+02  0.2035010E+01 -0.1610895E+00  0.2086619E+00
   04  0.8649950E+02  0.1298110E+02  0.2045683E+01 -0.1681031E+00  0.2068674E+00
   04  0.8815636E+02  0.1297931E+02  0.2055490E+01 -0.1751714E+00  0.2050758E+00
   04  0.8981321E+02  0.1297752E+02  0.2064444E+01 -0.1822929E+00  0.2032875E+00
   04  0.9147006E+02  0.1297573E+02  0.2072560E+01 -0.1894655E+00  0.2015033E+00
   04  0.9445240E+02  0.1297253E+02  0.2085280E+01 -0.2022458E+00  0.1983041E+00
   04  0.9743473E+02  0.1296935E+02  0.2095419E+01 -0.2151979E+00  0.1951212E+00
   04  0.1004171E+03  0.1296619E+02  0.2103077E+01 -0.2282885E+00  0.1919567E+00
   04  0.1033994E+03  0.1296305E+02  0.2108415E+01 -0.2414873E+00  0.1888176E+00
   04  0.1063817E+03  0.1295998E+02  0.2112022E+01 -0.2547968E+00  0.1857464E+00
   04  0.1093641E+03  0.1295697E+02  0.2113955E+01 -0.2682263E+00  0.1827420E+00
   04  0.1123464E+03  0.1295398E+02  0.2113729E+01 -0.2817646E+00  0.1797515E+00
   04  0.1153287E+03  0.1295100E+02  0.2111405E+01 -0.2954295E+00  0.1767741E+00
   04  0.1183111E+03  0.1294804E+02  0.2107062E+01 -0.3092289E+00  0.1738099E+00
   04  0.1212934E+03  0.1294510E+02  0.2100684E+01 -0.3231700E+00  0.1708686E+00
   04  0.1242758E+03  0.1294219E+02  0.2092325E+01 -0.3372552E+00  0.1679562E+00
   04  0.1272581E+03  0.1293930E+02  0.2082127E+01 -0.3514528E+00  0.1650749E+00
   04  0.1302404E+03  0.1293646E+02  0.2070199E+01 -0.3657587E+00  0.1622275E+00
   04  0.1332228E+03  0.1293365E+02  0.2056673E+01 -0.3801551E+00  0.1594179E+00
   04  0.1362051E+03  0.1293088E+02  0.2041690E+01 -0.3946211E+00  0.1566498E+00
   04  0.1391874E+03  0.1292816E+02  0.2025398E+01 -0.4091349E+00  0.1539267E+00
   04  0.1421698E+03  0.1292548E+02  0.2007955E+01 -0.4236701E+00  0.1512525E+00
   04  0.1451521E+03  0.1292286E+02  0.1989517E+01 -0.4381991E+00  0.1486309E+00
   04  0.1481344E+03  0.1292030E+02  0.1970229E+01 -0.4526938E+00  0.1460663E+00
   04  0.1511168E+03  0.1291779E+02  0.1950235E+01 -0.4671259E+00  0.1435628E+00
   04  0.1540991E+03  0.1291535E+02  0.1929680E+01 -0.4814671E+00  0.1411242E+00
   04  0.1570814E+03  0.1291298E+02  0.1908701E+01 -0.4956893E+00  0.1387540E+00
   04  0.1600638E+03  0.1291069E+02  0.1887429E+01 -0.5097652E+00  0.1364559E+00
   04  0.1630461E+03  0.1290846E+02  0.1865985E+01 -0.5236687E+00  0.1342337E+00
   04  0.1660284E+03  0.1290632E+02  0.1844484E+01 -0.5373759E+00  0.1320909E+00
   04  0.1690108E+03  0.1290426E+02  0.1823032E+01 -0.5508649E+00  0.1300305E+00
   04  0.1719931E+03  0.1290229E+02  0.1801730E+01 -0.5641162E+00  0.1280556E+00
   04  0.1749755E+03  0.1290039E+02  0.1780621E+01 -0.5771094E+00  0.1261647E+00
   04  0.1779578E+03  0.1289858E+02  0.1759720E+01 -0.5898205E+00  0.1243545E+00
   04  0.1809401E+03  0.1289686E+02  0.1739104E+01 -0.6022266E+00  0.1226266E+00
   04  0.1824313E+03  0.1289602E+02  0.1728948E+01 -0.6083857E+00  0.1217948E+00
   04  0.1839225E+03  0.1289521E+02  0.1718899E+01 -0.6144649E+00  0.1209841E+00
   04  0.1854136E+03  0.1289442E+02  0.1708964E+01 -0.6204524E+00  0.1201943E+00
   04  0.1869048E+03  0.1289365E+02  0.1699152E+01 -0.6263452E+00  0.1194255E+00
   04  0.1883960E+03  0.1289291E+02  0.1689470E+01 -0.6321408E+00  0.1186778E+00
   04  0.1898871E+03  0.1289218E+02  0.1679926E+01 -0.6378369E+00  0.1179516E+00
   04  0.1913783E+03  0.1289148E+02  0.1670528E+01 -0.6434318E+00  0.1172469E+00
   04  0.1928695E+03  0.1289079E+02  0.1661281E+01 -0.6489240E+00  0.1165642E+00
   04  0.1943606E+03  0.1289013E+02  0.1652192E+01 -0.6543123E+00  0.1159035E+00
   04  0.1958518E+03  0.1288950E+02  0.1643269E+01 -0.6595897E+00  0.1152657E+00
   04  0.1973430E+03  0.1288888E+02  0.1634515E+01 -0.6647514E+00  0.1146511E+00
   04  0.1988341E+03  0.1288829E+02  0.1625935E+01 -0.6697956E+00  0.1140601E+00
   04  0.2003253E+03  0.1288772E+02  0.1617533E+01 -0.6747208E+00  0.1134930E+00
   04  0.2018165E+03  0.1288718E+02  0.1609312E+01 -0.6795265E+00  0.1129498E+00
   04  0.2033076E+03  0.1288666E+02  0.1601277E+01 -0.6842126E+00  0.1124307E+00
   04  0.2047988E+03  0.1288617E+02  0.1593430E+01 -0.6887796E+00  0.1119358E+00
   04  0.2062900E+03  0.1288569E+02  0.1585774E+01 -0.6932286E+00  0.1114652E+00
   04  0.2077811E+03  0.1288525E+02  0.1578312E+01 -0.6975611E+00  0.1110188E+00
   04  0.2092723E+03  0.1288483E+02  0.1571044E+01 -0.7017794E+00  0.1105967E+00
   04  0.2107635E+03  0.1288443E+02  0.1563974E+01 -0.7058859E+00  0.1101989E+00
   04  0.2122546E+03  0.1288405E+02  0.1557103E+01 -0.7098828E+00  0.1098251E+00
   04  0.2137458E+03  0.1288370E+02  0.1550431E+01 -0.7137720E+00  0.1094752E+00
   04  0.2152370E+03  0.1288338E+02  0.1543961E+01 -0.7175555E+00  0.1091490E+00
   04  0.2167281E+03  0.1288308E+02  0.1537692E+01 -0.7212356E+00  0.1088462E+00
   04  0.2182193E+03  0.1288280E+02  0.1531624E+01 -0.7248145E+00  0.1085664E+00
   04  0.2197105E+03  0.1288254E+02  0.1525760E+01 -0.7282944E+00  0.1083095E+00
   04  0.2212017E+03  0.1288230E+02  0.1520097E+01 -0.7316778E+00  0.1080750E+00
   04  0.2226928E+03  0.1288209E+02  0.1514637E+01 -0.7349671E+00  0.1078625E+00
   04  0.2241840E+03  0.1288190E+02  0.1509380E+01 -0.7381648E+00  0.1076716E+00
   04  0.2256752E+03  0.1288173E+02  0.1504325E+01 -0.7412735E+00  0.1075020E+00
   04  0.2271663E+03  0.1288158E+02  0.1499471E+01 -0.7442955E+00  0.1073532E+00
   04  0.2286575E+03  0.1288145E+02  0.1494818E+01 -0.7472333E+00  0.1072247E+00
   04  0.2301487E+03  0.1288135E+02  0.1490365E+01 -0.7500892E+00  0.1071161E+00
   04  0.2316398E+03  0.1288126E+02  0.1486110E+01 -0.7528656E+00  0.1070269E+00
   04  0.2331310E+03  0.1288119E+02  0.1482052E+01 -0.7555646E+00  0.1069567E+00
   04  0.2346222E+03  0.1288113E+02  0.1478186E+01 -0.7581882E+00  0.1069052E+00
   04  0.2361133E+03  0.1288110E+02  0.1474510E+01 -0.7607381E+00  0.1068718E+00
   04  0.2376045E+03  0.1288109E+02  0.1471020E+01 -0.7632159E+00  0.1068562E+00
   04  0.2390957E+03  0.1288109E+02  0.1467713E+01 -0.7656229E+00  0.1068579E+00
   04  0.2405868E+03  0.1288111E+02  0.1464585E+01 -0.7679602E+00  0.1068764E+00
   04  0.2420780E+03  0.1288114E+02  0.1461633E+01 -0.7702274E+00  0.1069112E+00
   04  0.2435692E+03  0.1288119E+02  0.1458852E+01 -0.7724249E+00  0.1069618E+00
   04  0.2450603E+03  0.1288126E+02  0.1456240E+01 -0.7745532E+00  0.1070277E+00
   04  0.2465515E+03  0.1288134E+02  0.1453791E+01 -0.7766123E+00  0.1071082E+00
   04  0.2480427E+03  0.1288143E+02  0.1451501E+01 -0.7786021E+00  0.1072028E+00
   04  0.2495338E+03  0.1288154E+02  0.1449365E+01 -0.7805222E+00  0.1073108E+00
   04  0.2510250E+03  0.1288166E+02  0.1447378E+01 -0.7823717E+00  0.1074316E+00
   04  0.2525162E+03  0.1288179E+02  0.1445537E+01 -0.7841498E+00  0.1075646E+00
   04  0.2540073E+03  0.1288194E+02  0.1443835E+01 -0.7858549E+00  0.1077089E+00
   04  0.2554985E+03  0.1288209E+02  0.1442267E+01 -0.7874857E+00  0.1078641E+00
   04  0.2569897E+03  0.1288226E+02  0.1440829E+01 -0.7890402E+00  0.1080292E+00
   04  0.2584808E+03  0.1288243E+02  0.1439516E+01 -0.7905182E+00  0.1082038E+00
   04  0.2599720E+03  0.1288262E+02  0.1438323E+01 -0.7919191E+00  0.1083871E+00
   04  0.2614632E+03  0.1288281E+02  0.1437243E+01 -0.7932427E+00  0.1085786E+00
   04  0.2629543E+03  0.1288301E+02  0.1436274E+01 -0.7944888E+00  0.1087777E+00
   04  0.2644455E+03  0.1288321E+02  0.1435409E+01 -0.7956571E+00  0.1089836E+00
   04  0.2659367E+03  0.1288343E+02  0.1434646E+01 -0.7967373E+00  0.1091968E+00
   04  0.2674278E+03  0.1288365E+02  0.1433981E+01 -0.7977248E+00  0.1094169E+00
   04  0.2689190E+03  0.1288387E+02  0.1433412E+01 -0.7986193E+00  0.1096433E+00
   04  0.2704102E+03  0.1288411E+02  0.1432936E+01 -0.7994202E+00  0.1098756E+00
   04  0.2719014E+03  0.1288434E+02  0.1432548E+01 -0.8001275E+00  0.1101132E+00
   04  0.2733925E+03  0.1288458E+02  0.1432247E+01 -0.8007409E+00  0.1103554E+00
   04  0.2748837E+03  0.1288483E+02  0.1432029E+01 -0.8012602E+00  0.1106017E+00
   04  0.2763749E+03  0.1288508E+02  0.1431891E+01 -0.8016856E+00  0.1108514E+00
   04  0.2778660E+03  0.1288533E+02  0.1431829E+01 -0.8020172E+00  0.1111040E+00
   04  0.2793572E+03  0.1288559E+02  0.1431841E+01 -0.8022550E+00  0.1113589E+00
   04  0.2808484E+03  0.1288585E+02  0.1431923E+01 -0.8023992E+00  0.1116155E+00
   04  0.2823395E+03  0.1288610E+02  0.1432072E+01 -0.8024495E+00  0.1118731E+00
   04  0.2838307E+03  0.1288636E+02  0.1432285E+01 -0.8024058E+00  0.1121310E+00
   04  0.2853219E+03  0.1288662E+02  0.1432559E+01 -0.8022680E+00  0.1123886E+00
   04  0.2868130E+03  0.1288687E+02  0.1432890E+01 -0.8020360E+00  0.1126453E+00
   04  0.2883042E+03  0.1288713E+02  0.1433275E+01 -0.8017098E+00  0.1129005E+00
   04  0.2897954E+03  0.1288738E+02  0.1433711E+01 -0.8012895E+00  0.1131534E+00
   04  0.2912865E+03  0.1288763E+02  0.1434194E+01 -0.8007752E+00  0.1134036E+00
   04  0.2927777E+03  0.1288788E+02  0.1434721E+01 -0.8001670E+00  0.1136502E+00
   04  0.2942689E+03  0.1288812E+02  0.1435289E+01 -0.7994653E+00  0.1138928E+00
   04  0.2957600E+03  0.1288836E+02  0.1435895E+01 -0.7986703E+00  0.1141307E+00
   04  0.2972512E+03  0.1288859E+02  0.1436535E+01 -0.7977826E+00  0.1143633E+00
   04  0.2987424E+03  0.1288882E+02  0.1437208E+01 -0.7968025E+00  0.1145900E+00
   04  0.3002335E+03  0.1288904E+02  0.1437909E+01 -0.7957307E+00  0.1148103E+00
   04  0.3017247E+03  0.1288925E+02  0.1438636E+01 -0.7945678E+00  0.1150235E+00
   04  0.3032159E+03  0.1288946E+02  0.1439386E+01 -0.7933147E+00  0.1152291E+00
   04  0.3047070E+03  0.1288966E+02  0.1440156E+01 -0.7919723E+00  0.1154266E+00
   04  0.3061982E+03  0.1288985E+02  0.1440945E+01 -0.7905414E+00  0.1156155E+00
   04  0.3076894E+03  0.1289002E+02  0.1441748E+01 -0.7890234E+00  0.1157954E+00
   04  0.3091805E+03  0.1289020E+02  0.1442564E+01 -0.7874193E+00  0.1159659E+00
   04  0.3106717E+03  0.1289036E+02  0.1443368E+01 -0.7857313E+00  0.1161282E+00
   04  0.3121629E+03  0.1289051E+02  0.1444159E+01 -0.7839617E+00  0.1162820E+00
   04  0.3136540E+03  0.1289066E+02  0.1444939E+01 -0.7820758E+00  0.1164296E+00
   04  0.3151452E+03  0.1289080E+02  0.1445711E+01 -0.7800701E+00  0.1165708E+00
   04  0.3165017E+03  0.1289092E+02  0.1446406E+01 -0.7781445E+00  0.1166933E+00
   04  0.3178581E+03  0.1289104E+02  0.1447096E+01 -0.7761211E+00  0.1168095E+00
   04  0.3192146E+03  0.1289115E+02  0.1447782E+01 -0.7740011E+00  0.1169190E+00
   04  0.3205710E+03  0.1289125E+02  0.1448463E+01 -0.7717859E+00  0.1170213E+00
   04  0.3219275E+03  0.1289135E+02  0.1449140E+01 -0.7694769E+00  0.1171162E+00
   04  0.3232839E+03  0.1289143E+02  0.1449813E+01 -0.7670762E+00  0.1172032E+00
   04  0.3246404E+03  0.1289151E+02  0.1450481E+01 -0.7645858E+00  0.1172820E+00
   04  0.3259968E+03  0.1289158E+02  0.1451146E+01 -0.7620082E+00  0.1173524E+00
   04  0.3273533E+03  0.1289164E+02  0.1451806E+01 -0.7593449E+00  0.1174140E+00
   04  0.3287097E+03  0.1289170E+02  0.1452462E+01 -0.7565980E+00  0.1174665E+00
   04  0.3300662E+03  0.1289174E+02  0.1453112E+01 -0.7537693E+00  0.1175097E+00
   04  0.3314226E+03  0.1289177E+02  0.1453756E+01 -0.7508607E+00  0.1175432E+00
   04  0.3327791E+03  0.1289180E+02  0.1454395E+01 -0.7478744E+00  0.1175668E+00
   04  0.3341355E+03  0.1289181E+02  0.1455026E+01 -0.7448125E+00  0.1175802E+00
   04  0.3354920E+03  0.1289181E+02  0.1455649E+01 -0.7416774E+00  0.1175831E+00
   04  0.3368484E+03  0.1289180E+02  0.1456265E+01 -0.7384714E+00  0.1175754E+00
   04  0.3382049E+03  0.1289179E+02  0.1456872E+01 -0.7351970E+00  0.1175567E+00
   04  0.3395613E+03  0.1289176E+02  0.1457469E+01 -0.7318568E+00  0.1175269E+00
   04  0.3409178E+03  0.1289172E+02  0.1458055E+01 -0.7284533E+00  0.1174858E+00
   04  0.3422742E+03  0.1289166E+02  0.1458631E+01 -0.7249892E+00  0.1174331E+00
   04  0.3436307E+03  0.1289160E+02  0.1459195E+01 -0.7214672E+00  0.1173688E+00
   04  0.3449871E+03  0.1289152E+02  0.1459747E+01 -0.7178900E+00  0.1172925E+00
   04  0.3463436E+03  0.1289143E+02  0.1460286E+01 -0.7142604E+00  0.1172042E+00
   04  0.3477000E+03  0.1289133E+02  0.1460812E+01 -0.7105813E+00  0.1171036E+00
   04  0.3490565E+03  0.1289122E+02  0.1461323E+01 -0.7068554E+00  0.1169908E+00
   04  0.3504130E+03  0.1289110E+02  0.1461819E+01 -0.7030858E+00  0.1168655E+00
   04  0.3517694E+03  0.1289096E+02  0.1462300E+01 -0.6992755E+00  0.1167276E+00
   04  0.3531259E+03  0.1289081E+02  0.1462765E+01 -0.6954273E+00  0.1165772E+00
   04  0.3544823E+03  0.1289064E+02  0.1463213E+01 -0.6915393E+00  0.1164136E+00
   04  0.3558388E+03  0.1289047E+02  0.1463644E+01 -0.6876073E+00  0.1162364E+00
   04  0.3574665E+03  0.1289023E+02  0.1464138E+01 -0.6828169E+00  0.1160040E+00
   04  0.3590942E+03  0.1288998E+02  0.1464605E+01 -0.6779705E+00  0.1157516E+00
   04  0.3607220E+03  0.1288971E+02  0.1465042E+01 -0.6730717E+00  0.1154790E+00
   04  0.3623497E+03  0.1288942E+02  0.1465448E+01 -0.6681245E+00  0.1151861E+00
   04  0.3639775E+03  0.1288910E+02  0.1465820E+01 -0.6631330E+00  0.1148728E+00
   04  0.3656052E+03  0.1288877E+02  0.1466158E+01 -0.6581012E+00  0.1145390E+00
   04  0.3672329E+03  0.1288841E+02  0.1466460E+01 -0.6530333E+00  0.1141848E+00
   04  0.3688607E+03  0.1288804E+02  0.1466725E+01 -0.6479333E+00  0.1138100E+00
   04  0.3704884E+03  0.1288764E+02  0.1466952E+01 -0.6428051E+00  0.1134148E+00
   04  0.3721162E+03  0.1288723E+02  0.1467140E+01 -0.6376527E+00  0.1129991E+00
   04  0.3737439E+03  0.1288679E+02  0.1467289E+01 -0.6324797E+00  0.1125630E+00
   04  0.3753717E+03  0.1288634E+02  0.1467399E+01 -0.6272898E+00  0.1121067E+00
   04  0.3769994E+03  0.1288586E+02  0.1467471E+01 -0.6220863E+00  0.1116301E+00
   04  0.3786271E+03  0.1288536E+02  0.1467508E+01 -0.6168723E+00  0.1111337E+00
   04  0.3802549E+03  0.1288485E+02  0.1467510E+01 -0.6116509E+00  0.1106174E+00
   04  0.3818826E+03  0.1288431E+02  0.1467478E+01 -0.6064245E+00  0.1100815E+00
   04  0.3835104E+03  0.1288376E+02  0.1467414E+01 -0.6011954E+00  0.1095262E+00
   04  0.3851381E+03  0.1288318E+02  0.1467317E+01 -0.5959659E+00  0.1089516E+00
   04  0.3867658E+03  0.1288259E+02  0.1467191E+01 -0.5907374E+00  0.1083580E+00
   04  0.3883936E+03  0.1288198E+02  0.1467034E+01 -0.5855115E+00  0.1077455E+00
   04  0.3900213E+03  0.1288134E+02  0.1466849E+01 -0.5802891E+00  0.1071143E+00
   04  0.3916491E+03  0.1288069E+02  0.1466635E+01 -0.5750711E+00  0.1064646E+00
   04  0.3932768E+03  0.1288003E+02  0.1466395E+01 -0.5698579E+00  0.1057966E+00
   04  0.3949046E+03  0.1287934E+02  0.1466127E+01 -0.5646495E+00  0.1051104E+00
   04  0.3965323E+03  0.1287864E+02  0.1465833E+01 -0.5594458E+00  0.1044061E+00
   04  0.3981600E+03  0.1287791E+02  0.1465513E+01 -0.5542462E+00  0.1036840E+00
   04  0.3997878E+03  0.1287717E+02  0.1465168E+01 -0.5490498E+00  0.1029440E+00
   04  0.4014155E+03  0.1287642E+02  0.1464799E+01 -0.5438555E+00  0.1021863E+00
   04  0.4030433E+03  0.1287564E+02  0.1464404E+01 -0.5386619E+00  0.1014109E+00
   04  0.4046710E+03  0.1287485E+02  0.1463985E+01 -0.5334608E+00  0.1006174E+00
   04  0.4062987E+03  0.1287404E+02  0.1463540E+01 -0.5282495E+00  0.9980563E-01
   04  0.4079265E+03  0.1287321E+02  0.1463070E+01 -0.5230259E+00  0.9897552E-01
   04  0.4095542E+03  0.1287236E+02  0.1462575E+01 -0.5177878E+00  0.9812700E-01
   04  0.4111820E+03  0.1287149E+02  0.1462056E+01 -0.5125328E+00  0.9725994E-01
   04  0.4128097E+03  0.1287060E+02  0.1461512E+01 -0.5072583E+00  0.9637424E-01
   04  0.4144375E+03  0.1286970E+02  0.1460944E+01 -0.5019616E+00  0.9546977E-01
   04  0.4160652E+03  0.1286878E+02  0.1460352E+01 -0.4966398E+00  0.9454639E-01
   04  0.4176929E+03  0.1286783E+02  0.1459736E+01 -0.4912902E+00  0.9360394E-01
   04  0.4193207E+03  0.1286687E+02  0.1459094E+01 -0.4859098E+00  0.9264228E-01
   04  0.4209484E+03  0.1286589E+02  0.1458427E+01 -0.4804955E+00  0.9166122E-01
   04  0.4225762E+03  0.1286489E+02  0.1457734E+01 -0.4750443E+00  0.9066060E-01
   04  0.4242039E+03  0.1286387E+02  0.1457014E+01 -0.4695531E+00  0.8964021E-01
   04  0.4258316E+03  0.1286283E+02  0.1456267E+01 -0.4640188E+00  0.8859988E-01
   04  0.4274594E+03  0.1286177E+02  0.1455491E+01 -0.4584308E+00  0.8753866E-01
   04  0.4290871E+03  0.1286069E+02  0.1454687E+01 -0.4527903E+00  0.8645641E-01
   04  0.4307149E+03  0.1285958E+02  0.1453853E+01 -0.4470998E+00  0.8535308E-01
   04  0.4323426E+03  0.1285846E+02  0.1452990E+01 -0.4413617E+00  0.8422860E-01
   04  0.4339704E+03  0.1285731E+02  0.1452097E+01 -0.4355773E+00  0.8308288E-01
   04  0.4355981E+03  0.1285615E+02  0.1451172E+01 -0.4297480E+00  0.8191578E-01
   04  0.4372258E+03  0.1285496E+02  0.1450215E+01 -0.4238742E+00  0.8072717E-01
   04  0.4388536E+03  0.1285375E+02  0.1449225E+01 -0.4179563E+00  0.7951686E-01
   04  0.4404813E+03  0.1285251E+02  0.1448201E+01 -0.4119940E+00  0.7828463E-01
   04  0.4421091E+03  0.1285126E+02  0.1447141E+01 -0.4059867E+00  0.7703024E-01
   04  0.4437368E+03  0.1284998E+02  0.1446045E+01 -0.3999334E+00  0.7575342E-01
   04  0.4453645E+03  0.1284868E+02  0.1444911E+01 -0.3938326E+00  0.7445385E-01
   04  0.4469923E+03  0.1284736E+02  0.1443738E+01 -0.3876827E+00  0.7313122E-01
   04  0.4486200E+03  0.1284601E+02  0.1442525E+01 -0.3814817E+00  0.7178515E-01
   04  0.4502478E+03  0.1284464E+02  0.1441270E+01 -0.3752271E+00  0.7041527E-01
   04  0.4518755E+03  0.1284325E+02  0.1439972E+01 -0.3689166E+00  0.6902116E-01
   04  0.4535033E+03  0.1284183E+02  0.1438629E+01 -0.3625472E+00  0.6760240E-01
   04  0.4551310E+03  0.1284039E+02  0.1437239E+01 -0.3561159E+00  0.6615855E-01
   04  0.4567587E+03  0.1283892E+02  0.1435803E+01 -0.3496197E+00  0.6468913E-01
   04  0.4583865E+03  0.1283742E+02  0.1434317E+01 -0.3430551E+00  0.6319367E-01
   04  0.4600142E+03  0.1283590E+02  0.1432780E+01 -0.3364188E+00  0.6167167E-01
   04  0.4616420E+03  0.1283435E+02  0.1431192E+01 -0.3297072E+00  0.6012263E-01
   04  0.4632697E+03  0.1283278E+02  0.1429550E+01 -0.3229167E+00  0.5854602E-01
   04  0.4648974E+03  0.1283117E+02  0.1427854E+01 -0.3160438E+00  0.5694134E-01
   04  0.4665252E+03  0.1282954E+02  0.1426102E+01 -0.3090847E+00  0.5530805E-01
   04  0.4681529E+03  0.1282788E+02  0.1424293E+01 -0.3020359E+00  0.5364563E-01
   04  0.4697807E+03  0.1282618E+02  0.1422427E+01 -0.2948937E+00  0.5195355E-01
   04  0.4714084E+03  0.1282446E+02  0.1420501E+01 -0.2876546E+00  0.5023128E-01
   04  0.4730362E+03  0.1282271E+02  0.1418517E+01 -0.2803150E+00  0.4847829E-01
   04  0.4746639E+03  0.1282092E+02  0.1416471E+01 -0.2728718E+00  0.4669406E-01
   04  0.4762916E+03  0.1281911E+02  0.1414364E+01 -0.2653216E+00  0.4487809E-01
   04  0.4779194E+03  0.1281726E+02  0.1412195E+01 -0.2576615E+00  0.4302987E-01
   04  0.4795471E+03  0.1281538E+02  0.1409963E+01 -0.2498886E+00  0.4114893E-01
   04  0.4811749E+03  0.1281346E+02  0.1407668E+01 -0.2420002E+00  0.3923477E-01
   04  0.4828026E+03  0.1281152E+02  0.1405309E+01 -0.2339939E+00  0.3728696E-01
   04  0.4844303E+03  0.1280953E+02  0.1402887E+01 -0.2258676E+00  0.3530500E-01
   04  0.4860581E+03  0.1280752E+02  0.1400400E+01 -0.2176194E+00  0.3328848E-01
   04  0.4876858E+03  0.1280547E+02  0.1397849E+01 -0.2092476E+00  0.3123697E-01
   04  0.4893136E+03  0.1280338E+02  0.1395233E+01 -0.2007511E+00  0.2915008E-01
   04  0.4909413E+03  0.1280126E+02  0.1392553E+01 -0.1921288E+00  0.2702744E-01
   04  0.4925691E+03  0.1279910E+02  0.1389807E+01 -0.1833804E+00  0.2486872E-01
   04  0.4941968E+03  0.1279691E+02  0.1386996E+01 -0.1745672E+00  0.2267873E-01
   04  0.4958245E+03  0.1279469E+02  0.1384119E+01 -0.1657152E+00  0.2045988E-01
   04  0.4974523E+03  0.1279244E+02  0.1381176E+01 -0.1568039E+00  0.1821084E-01
   04  0.4990800E+03  0.1279016E+02  0.1378165E+01 -0.1478154E+00  0.1593026E-01
   04  0.5007078E+03  0.1278785E+02  0.1375084E+01 -0.1387400E+00  0.1361742E-01
   04  0.5023355E+03  0.1278550E+02  0.1371933E+01 -0.1295766E+00  0.1127231E-01
   04  0.5039632E+03  0.1278313E+02  0.1368712E+01 -0.1203306E+00  0.8895615E-02
   04  0.5055910E+03  0.1278072E+02  0.1365422E+01 -0.1109916E+00  0.6486641E-02
   04  0.5072187E+03  0.1277827E+02  0.1362063E+01 -0.1015504E+00  0.4044752E-02
   04  0.5088465E+03  0.1277580E+02  0.1358626E+01 -0.9200148E-01  0.1569350E-02
   04  0.5104742E+03  0.1277329E+02  0.1355125E+01 -0.8233472E-01 -0.9401750E-03
   04  0.5121020E+03  0.1277075E+02  0.1351558E+01 -0.7254371E-01 -0.3484402E-02
   04  0.5137297E+03  0.1276817E+02  0.1347928E+01 -0.6262283E-01 -0.6063894E-02
   04  0.5153574E+03  0.1276555E+02  0.1344236E+01 -0.5256721E-01 -0.8679199E-02
   04  0.5169852E+03  0.1276290E+02  0.1340482E+01 -0.4237282E-01 -0.1133085E-01
   04  0.5186129E+03  0.1276021E+02  0.1336668E+01 -0.3203642E-01 -0.1401935E-01
   04  0.5202407E+03  0.1275748E+02  0.1332795E+01 -0.2155554E-01 -0.1674519E-01
   04  0.5218684E+03  0.1275472E+02  0.1328863E+01 -0.1092673E-01 -0.1950869E-01
   04  0.5234961E+03  0.1275192E+02  0.1324876E+01 -0.1434905E-03 -0.2230978E-01
   04  0.5251239E+03  0.1274908E+02  0.1320833E+01  0.1079449E-01 -0.2514883E-01
   04  0.5267516E+03  0.1274620E+02  0.1316737E+01  0.2188681E-01 -0.2802618E-01
   04  0.5283794E+03  0.1274329E+02  0.1312591E+01  0.3313231E-01 -0.3094215E-01
   04  0.5300071E+03  0.1274033E+02  0.1308395E+01  0.4455553E-01 -0.3389494E-01
   04  0.5316349E+03  0.1273735E+02  0.1304153E+01  0.5616726E-01 -0.3688384E-01
   04  0.5332626E+03  0.1273432E+02  0.1299865E+01  0.6796687E-01 -0.3990904E-01
   04  0.5348903E+03  0.1273126E+02  0.1295533E+01  0.7995327E-01 -0.4297070E-01
   04  0.5365181E+03  0.1272816E+02  0.1291161E+01  0.9212495E-01 -0.4606896E-01
   04  0.5381458E+03  0.1272503E+02  0.1286748E+01  0.1044805E+00 -0.4920393E-01
   04  0.5397736E+03  0.1272185E+02  0.1282298E+01  0.1170178E+00 -0.5237569E-01
   04  0.5414013E+03  0.1271865E+02  0.1277813E+01  0.1297341E+00 -0.5558432E-01
   04  0.5430290E+03  0.1271540E+02  0.1273294E+01  0.1426260E+00 -0.5882986E-01
   04  0.5446568E+03  0.1271212E+02  0.1268744E+01  0.1556900E+00 -0.6211234E-01
   04  0.5462845E+03  0.1270880E+02  0.1264163E+01  0.1689223E+00 -0.6543176E-01
   04  0.5479123E+03  0.1270544E+02  0.1259556E+01  0.1823185E+00 -0.6878812E-01
   04  0.5495400E+03  0.1270205E+02  0.1254922E+01  0.1958743E+00 -0.7218138E-01
   04  0.5511678E+03  0.1269862E+02  0.1250264E+01  0.2095849E+00 -0.7561150E-01
   04  0.5527955E+03  0.1269515E+02  0.1245584E+01  0.2234454E+00 -0.7907842E-01
   04  0.5544232E+03  0.1269165E+02  0.1240883E+01  0.2374504E+00 -0.8258205E-01
   04  0.5560510E+03  0.1268811E+02  0.1236164E+01  0.2515944E+00 -0.8612227E-01
   04  0.5576787E+03  0.1268453E+02  0.1231427E+01  0.2658716E+00 -0.8969896E-01
   04  0.5593065E+03  0.1268092E+02  0.1226674E+01  0.2802761E+00 -0.9331200E-01
   04  0.5609342E+03  0.1267727E+02  0.1221907E+01  0.2948021E+00 -0.9696123E-01
   04  0.5625619E+03  0.1267358E+02  0.1217128E+01  0.3094437E+00 -0.1006465E+00
   04  0.5641897E+03  0.1266986E+02  0.1212339E+01  0.3241946E+00 -0.1043677E+00
   04  0.5658174E+03  0.1266611E+02  0.1207540E+01  0.3390485E+00 -0.1081245E+00
   04  0.5674452E+03  0.1266231E+02  0.1202734E+01  0.3539991E+00 -0.1119168E+00
   04  0.5690729E+03  0.1265849E+02  0.1197921E+01  0.3690402E+00 -0.1157444E+00
   04  0.5707007E+03  0.1265462E+02  0.1193104E+01  0.3841656E+00 -0.1196072E+00
   04  0.5723284E+03  0.1265072E+02  0.1188283E+01  0.3993690E+00 -0.1235050E+00
   04  0.5739561E+03  0.1264679E+02  0.1183459E+01  0.4146443E+00 -0.1274375E+00
   04  0.5755839E+03  0.1264282E+02  0.1178635E+01  0.4299855E+00 -0.1314046E+00
   04  0.5772116E+03  0.1263882E+02  0.1173809E+01  0.4453865E+00 -0.1354061E+00
   04  0.5788394E+03  0.1263479E+02  0.1168985E+01  0.4608414E+00 -0.1394418E+00
   04  0.5804671E+03  0.1263072E+02  0.1164162E+01  0.4763444E+00 -0.1435115E+00
   04  0.5820948E+03  0.1262661E+02  0.1159342E+01  0.4918898E+00 -0.1476151E+00
   04  0.5837226E+03  0.1262248E+02  0.1154525E+01  0.5074720E+00 -0.1517523E+00
   04  0.5853503E+03  0.1261831E+02  0.1149711E+01  0.5230855E+00 -0.1559229E+00
   04  0.5869781E+03  0.1261410E+02  0.1144902E+01  0.5387248E+00 -0.1601269E+00
   04  0.5886058E+03  0.1260987E+02  0.1140099E+01  0.5543847E+00 -0.1643640E+00
   04  0.5902336E+03  0.1260560E+02  0.1135300E+01  0.5700599E+00 -0.1686340E+00
   04  0.5918613E+03  0.1260129E+02  0.1130508E+01  0.5857454E+00 -0.1729367E+00
   04  0.5934890E+03  0.1259696E+02  0.1125722E+01  0.6014361E+00 -0.1772720E+00
   04  0.5951168E+03  0.1259259E+02  0.1120943E+01  0.6171272E+00 -0.1816398E+00
   04  0.5967445E+03  0.1258819E+02  0.1116171E+01  0.6328138E+00 -0.1860398E+00
   04  0.5983723E+03  0.1258376E+02  0.1111406E+01  0.6484924E+00 -0.1904720E+00
