# gauge_id= 612 location=( -0.1242043567E+03  0.4175754751E+02 ) num_var=  4
# Stationary gauge
# level, time, q[  1  2  3], eta, aux[]
# file format ascii, time series follow in this file
   04  0.0000000E+00  0.1267966E+02  0.0000000E+00  0.0000000E+00  0.0000000E+00
   04  0.1000000E+01  0.1267966E+02  0.7668877E-17 -0.1052183E-15  0.1274102E+00
   04  0.1015873E+01  0.1267966E+02  0.6543774E-03  0.8747415E-05  0.1274098E+00
   04  0.1031746E+01  0.1267966E+02  0.1308763E-02  0.1749811E-04  0.1274094E+00
   04  0.1047619E+01  0.1267966E+02  0.1963158E-02  0.2625208E-04  0.1274091E+00
   04  0.1063492E+01  0.1267966E+02  0.2617561E-02  0.3500929E-04  0.1274088E+00
   04  0.1079365E+01  0.1267966E+02  0.3271973E-02  0.4376975E-04  0.1274084E+00
   04  0.1095238E+01  0.1267966E+02  0.3926393E-02  0.5253344E-04  0.1274081E+00
   04  0.1111111E+01  0.1267966E+02  0.4580822E-02  0.6130034E-04  0.1274078E+00
   04  0.1126984E+01  0.1267966E+02  0.5235260E-02  0.7007044E-04  0.1274075E+00
   04  0.1142857E+01  0.1267966E+02  0.5889706E-02  0.7884372E-04  0.1274072E+00
   04  0.1158730E+01  0.1267966E+02  0.6544161E-02  0.8762018E-04  0.1274070E+00
   04  0.1174603E+01  0.1267965E+02  0.7198624E-02  0.9639980E-04  0.1274067E+00
   04  0.1190476E+01  0.1267965E+02  0.7853096E-02  0.1051826E-03  0.1274064E+00
   04  0.1206349E+01  0.1267965E+02  0.8507577E-02  0.1139685E-03  0.1274062E+00
   04  0.1222222E+01  0.1267965E+02  0.9162066E-02  0.1227575E-03  0.1274060E+00
   04  0.1238095E+01  0.1267965E+02  0.9816564E-02  0.1315497E-03  0.1274058E+00
   04  0.1253968E+01  0.1267965E+02  0.1047107E-01  0.1403449E-03  0.1274056E+00
   04  0.1269841E+01  0.1267965E+02  0.1112559E-01  0.1491432E-03  0.1274054E+00
   04  0.1285714E+01  0.1267965E+02  0.1178011E-01  0.1579446E-03  0.1274052E+00
   04  0.1301587E+01  0.1267965E+02  0.1243464E-01  0.1667491E-03  0.1274050E+00
   04  0.1317460E+01  0.1267965E+02  0.1308918E-01  0.1755566E-03  0.1274049E+00
   04  0.1333333E+01  0.1267965E+02  0.1374373E-01  0.1843672E-03  0.1274047E+00
   04  0.1349206E+01  0.1267965E+02  0.1439829E-01  0.1931808E-03  0.1274046E+00
   04  0.1365079E+01  0.1267965E+02  0.1505286E-01  0.2019974E-03  0.1274045E+00
   04  0.1380952E+01  0.1267965E+02  0.1570744E-01  0.2108170E-03  0.1274044E+00
   04  0.1396825E+01  0.1267965E+02  0.1636202E-01  0.2196396E-03  0.1274043E+00
   04  0.1412698E+01  0.1267965E+02  0.1701661E-01  0.2284652E-03  0.1274042E+00
   04  0.1428571E+01  0.1267965E+02  0.1767122E-01  0.2372938E-03  0.1274041E+00
   04  0.1476190E+01  0.1267965E+02  0.1963499E-01  0.2638089E-03  0.1274039E+00
   04  0.1523810E+01  0.1267965E+02  0.2159885E-01  0.2903504E-03  0.1274038E+00
   04  0.1571429E+01  0.1267965E+02  0.2356279E-01  0.3169180E-03  0.1274039E+00
   04  0.1619048E+01  0.1267965E+02  0.2552680E-01  0.3435114E-03  0.1274040E+00
   04  0.1666667E+01  0.1267965E+02  0.2749090E-01  0.3701304E-03  0.1274042E+00
   04  0.1714286E+01  0.1267965E+02  0.2945507E-01  0.3967747E-03  0.1274046E+00
   04  0.1761905E+01  0.1267965E+02  0.3141932E-01  0.4234441E-03  0.1274050E+00
   04  0.1809524E+01  0.1267965E+02  0.3338365E-01  0.4501384E-03  0.1274055E+00
   04  0.1857143E+01  0.1267965E+02  0.3534805E-01  0.4768573E-03  0.1274062E+00
   04  0.1904762E+01  0.1267966E+02  0.3731254E-01  0.5036007E-03  0.1274069E+00
   04  0.1952381E+01  0.1267966E+02  0.3927711E-01  0.5303682E-03  0.1274078E+00
   04  0.2000000E+01  0.1267966E+02  0.4124175E-01  0.5571597E-03  0.1274087E+00
   04  0.5727919E+01  0.1267993E+02  0.1945565E+00  0.2803460E-02  0.1276859E+00
   04  0.9455838E+01  0.1268080E+02  0.3481849E+00  0.5103565E-02  0.1285514E+00
   04  0.1318376E+02  0.1268223E+02  0.5021203E+00  0.7458190E-02  0.1299861E+00
   04  0.1691168E+02  0.1268419E+02  0.6559249E+00  0.9698134E-02  0.1319391E+00
   04  0.2063960E+02  0.1268660E+02  0.8091624E+00  0.1171537E-01  0.1343565E+00
   04  0.2436752E+02  0.1268944E+02  0.9613201E+00  0.1343769E-01  0.1371872E+00
   04  0.2809543E+02  0.1269263E+02  0.1111853E+01  0.1485730E-01  0.1403804E+00
   04  0.3182335E+02  0.1269610E+02  0.1260152E+01  0.1599193E-01  0.1438511E+00
   04  0.3555127E+02  0.1269977E+02  0.1405591E+01  0.1669340E-01  0.1475233E+00
   04  0.3927919E+02  0.1270357E+02  0.1547564E+01  0.1679479E-01  0.1513213E+00
   04  0.4300711E+02  0.1270741E+02  0.1685501E+01  0.1604026E-01  0.1551658E+00
   04  0.4487107E+02  0.1270938E+02  0.1752762E+01  0.1535829E-01  0.1571356E+00
   04  0.4673503E+02  0.1271135E+02  0.1818788E+01  0.1453151E-01  0.1591040E+00
   04  0.4839188E+02  0.1271308E+02  0.1876234E+01  0.1361839E-01  0.1608352E+00
   04  0.5004874E+02  0.1271478E+02  0.1932423E+01  0.1252164E-01  0.1625359E+00
   04  0.5170559E+02  0.1271645E+02  0.1987291E+01  0.1122440E-01  0.1641993E+00
   04  0.5336244E+02  0.1271807E+02  0.2040799E+01  0.9710488E-02  0.1658217E+00
   04  0.5501930E+02  0.1271965E+02  0.2092913E+01  0.7964248E-02  0.1673994E+00
   04  0.5667615E+02  0.1272117E+02  0.2143606E+01  0.6008638E-02  0.1689266E+00
   04  0.5833300E+02  0.1272265E+02  0.2192854E+01  0.3864066E-02  0.1703978E+00
   04  0.5998985E+02  0.1272406E+02  0.2240642E+01  0.1531338E-02  0.1718104E+00
   04  0.6164671E+02  0.1272541E+02  0.2286961E+01 -0.9880103E-03  0.1731619E+00
   04  0.6330356E+02  0.1272670E+02  0.2331805E+01 -0.3691755E-02  0.1744506E+00
   04  0.6496041E+02  0.1272792E+02  0.2375173E+01 -0.6576994E-02  0.1756749E+00
   04  0.6661727E+02  0.1272908E+02  0.2417070E+01 -0.9639756E-02  0.1768341E+00
   04  0.6827412E+02  0.1273018E+02  0.2457501E+01 -0.1287591E-01  0.1779273E+00
   04  0.6993097E+02  0.1273120E+02  0.2496477E+01 -0.1628031E-01  0.1789543E+00
   04  0.7158783E+02  0.1273216E+02  0.2534012E+01 -0.1984683E-01  0.1799148E+00
   04  0.7324468E+02  0.1273306E+02  0.2570120E+01 -0.2356807E-01  0.1808089E+00
   04  0.7490153E+02  0.1273389E+02  0.2604818E+01 -0.2744403E-01  0.1816374E+00
   04  0.7655838E+02  0.1273465E+02  0.2638131E+01 -0.3153554E-01  0.1824064E+00
   04  0.7821524E+02  0.1273536E+02  0.2670086E+01 -0.3583493E-01  0.1831166E+00
   04  0.7987209E+02  0.1273602E+02  0.2700709E+01 -0.4033501E-01  0.1837689E+00
   04  0.8152894E+02  0.1273661E+02  0.2730029E+01 -0.4502899E-01  0.1843641E+00
   04  0.8318580E+02  0.1273715E+02  0.2758073E+01 -0.4991041E-01  0.1849031E+00
   04  0.8484265E+02  0.1273764E+02  0.2784869E+01 -0.5497309E-01  0.1853870E+00
   04  0.8649950E+02  0.1273806E+02  0.2810443E+01 -0.6021102E-01  0.1858167E+00
   04  0.8815636E+02  0.1273844E+02  0.2834823E+01 -0.6561840E-01  0.1861933E+00
   04  0.8981321E+02  0.1273876E+02  0.2858036E+01 -0.7122297E-01  0.1865148E+00
   04  0.9147006E+02  0.1273902E+02  0.2880108E+01 -0.7708477E-01  0.1867762E+00
   04  0.9445240E+02  0.1273935E+02  0.2917432E+01 -0.8823519E-01  0.1871062E+00
   04  0.9743473E+02  0.1273951E+02  0.2951379E+01 -0.1001607E+00  0.1872584E+00
   04  0.1004171E+03  0.1273949E+02  0.2982100E+01 -0.1128195E+00  0.1872410E+00
   04  0.1033994E+03  0.1273931E+02  0.3009734E+01 -0.1261627E+00  0.1870614E+00
   04  0.1063817E+03  0.1273896E+02  0.3034284E+01 -0.1401370E+00  0.1867158E+00
   04  0.1093641E+03  0.1273848E+02  0.3056078E+01 -0.1546881E+00  0.1862274E+00
   04  0.1123464E+03  0.1273788E+02  0.3075560E+01 -0.1697474E+00  0.1856360E+00
   04  0.1153287E+03  0.1273721E+02  0.3092962E+01 -0.1853016E+00  0.1849587E+00
   04  0.1183111E+03  0.1273646E+02  0.3108596E+01 -0.2012110E+00  0.1842076E+00
   04  0.1212934E+03  0.1273565E+02  0.3122558E+01 -0.2173368E+00  0.1834008E+00
   04  0.1242758E+03  0.1273480E+02  0.3134910E+01 -0.2335966E+00  0.1825502E+00
   04  0.1272581E+03  0.1273391E+02  0.3145729E+01 -0.2499172E+00  0.1816590E+00
   04  0.1302404E+03  0.1273298E+02  0.3155073E+01 -0.2662422E+00  0.1807282E+00
   04  0.1332228E+03  0.1273201E+02  0.3162995E+01 -0.2825073E+00  0.1797577E+00
   04  0.1362051E+03  0.1273100E+02  0.3169531E+01 -0.2986282E+00  0.1787501E+00
   04  0.1391874E+03  0.1272996E+02  0.3174705E+01 -0.3145225E+00  0.1777094E+00
   04  0.1421698E+03  0.1272888E+02  0.3178534E+01 -0.3301640E+00  0.1766311E+00
   04  0.1451521E+03  0.1272776E+02  0.3181025E+01 -0.3455238E+00  0.1755110E+00
   04  0.1481344E+03  0.1272659E+02  0.3182159E+01 -0.3605559E+00  0.1743452E+00
   04  0.1511168E+03  0.1272537E+02  0.3182134E+01 -0.3752445E+00  0.1731170E+00
   04  0.1540991E+03  0.1272408E+02  0.3180982E+01 -0.3895757E+00  0.1718274E+00
   04  0.1570814E+03  0.1272273E+02  0.3178714E+01 -0.4035370E+00  0.1704805E+00
   04  0.1600638E+03  0.1272133E+02  0.3175351E+01 -0.4170892E+00  0.1690802E+00
   04  0.1630461E+03  0.1271988E+02  0.3170927E+01 -0.4302112E+00  0.1676310E+00
   04  0.1660284E+03  0.1271839E+02  0.3165478E+01 -0.4428954E+00  0.1661384E+00
   04  0.1690108E+03  0.1271685E+02  0.3159055E+01 -0.4551379E+00  0.1646065E+00
   04  0.1719931E+03  0.1271529E+02  0.3151716E+01 -0.4669366E+00  0.1630392E+00
   04  0.1749755E+03  0.1271371E+02  0.3143713E+01 -0.4782915E+00  0.1614576E+00
   04  0.1779578E+03  0.1271214E+02  0.3135360E+01 -0.4892105E+00  0.1598876E+00
   04  0.1809401E+03  0.1271057E+02  0.3126660E+01 -0.4997137E+00  0.1583256E+00
   04  0.1824313E+03  0.1270979E+02  0.3122152E+01 -0.5047706E+00  0.1575447E+00
   04  0.1839225E+03  0.1270901E+02  0.3117575E+01 -0.5097335E+00  0.1567655E+00
   04  0.1854136E+03  0.1270824E+02  0.3112931E+01 -0.5145952E+00  0.1559872E+00
   04  0.1869048E+03  0.1270746E+02  0.3108226E+01 -0.5193578E+00  0.1552101E+00
   04  0.1883960E+03  0.1270668E+02  0.3103463E+01 -0.5240229E+00  0.1544342E+00
   04  0.1898871E+03  0.1270591E+02  0.3098647E+01 -0.5285921E+00  0.1536597E+00
   04  0.1913783E+03  0.1270514E+02  0.3093782E+01 -0.5330670E+00  0.1528869E+00
   04  0.1928695E+03  0.1270436E+02  0.3088874E+01 -0.5374509E+00  0.1521162E+00
   04  0.1943606E+03  0.1270360E+02  0.3083927E+01 -0.5417472E+00  0.1513479E+00
   04  0.1958518E+03  0.1270283E+02  0.3078943E+01 -0.5460031E+00  0.1505789E+00
   04  0.1973430E+03  0.1270206E+02  0.3073926E+01 -0.5502421E+00  0.1498081E+00
   04  0.1988341E+03  0.1270128E+02  0.3068878E+01 -0.5544672E+00  0.1490360E+00
   04  0.2003253E+03  0.1270051E+02  0.3063804E+01 -0.5586816E+00  0.1482633E+00
   04  0.2018165E+03  0.1269974E+02  0.3058706E+01 -0.5628879E+00  0.1474906E+00
   04  0.2033076E+03  0.1269897E+02  0.3053588E+01 -0.5670885E+00  0.1467186E+00
   04  0.2047988E+03  0.1269820E+02  0.3048456E+01 -0.5712855E+00  0.1459480E+00
   04  0.2062900E+03  0.1269743E+02  0.3043313E+01 -0.5754808E+00  0.1451795E+00
   04  0.2077811E+03  0.1269666E+02  0.3038162E+01 -0.5796761E+00  0.1444138E+00
   04  0.2092723E+03  0.1269590E+02  0.3033009E+01 -0.5838729E+00  0.1436516E+00
   04  0.2107635E+03  0.1269514E+02  0.3027859E+01 -0.5880731E+00  0.1428938E+00
   04  0.2122546E+03  0.1269439E+02  0.3022713E+01 -0.5922767E+00  0.1421409E+00
   04  0.2137458E+03  0.1269364E+02  0.3017577E+01 -0.5964818E+00  0.1413935E+00
   04  0.2152370E+03  0.1269290E+02  0.3012455E+01 -0.6006856E+00  0.1406519E+00
   04  0.2167281E+03  0.1269216E+02  0.3007350E+01 -0.6048852E+00  0.1399167E+00
   04  0.2182193E+03  0.1269144E+02  0.3002268E+01 -0.6090775E+00  0.1391882E+00
   04  0.2197105E+03  0.1269071E+02  0.2997212E+01 -0.6132595E+00  0.1384667E+00
   04  0.2212017E+03  0.1269000E+02  0.2992185E+01 -0.6174281E+00  0.1377528E+00
   04  0.2226928E+03  0.1268930E+02  0.2987193E+01 -0.6215800E+00  0.1370469E+00
   04  0.2241840E+03  0.1268860E+02  0.2982240E+01 -0.6257122E+00  0.1363493E+00
   04  0.2256752E+03  0.1268791E+02  0.2977330E+01 -0.6298214E+00  0.1356605E+00
   04  0.2271663E+03  0.1268723E+02  0.2972466E+01 -0.6339044E+00  0.1349809E+00
   04  0.2286575E+03  0.1268656E+02  0.2967652E+01 -0.6379578E+00  0.1343108E+00
   04  0.2301487E+03  0.1268590E+02  0.2962893E+01 -0.6419784E+00  0.1336506E+00
   04  0.2316398E+03  0.1268525E+02  0.2958192E+01 -0.6459647E+00  0.1330010E+00
   04  0.2331310E+03  0.1268461E+02  0.2953553E+01 -0.6499183E+00  0.1323627E+00
   04  0.2346222E+03  0.1268398E+02  0.2948981E+01 -0.6538358E+00  0.1317363E+00
   04  0.2361133E+03  0.1268337E+02  0.2944477E+01 -0.6577136E+00  0.1311219E+00
   04  0.2376045E+03  0.1268277E+02  0.2940046E+01 -0.6615483E+00  0.1305197E+00
   04  0.2390957E+03  0.1268218E+02  0.2935690E+01 -0.6653365E+00  0.1299301E+00
   04  0.2405868E+03  0.1268160E+02  0.2931412E+01 -0.6690746E+00  0.1293532E+00
   04  0.2420780E+03  0.1268104E+02  0.2927215E+01 -0.6727618E+00  0.1287891E+00
   04  0.2435692E+03  0.1268049E+02  0.2923098E+01 -0.6763955E+00  0.1282380E+00
   04  0.2450603E+03  0.1267995E+02  0.2919065E+01 -0.6799725E+00  0.1277000E+00
   04  0.2465515E+03  0.1267942E+02  0.2915117E+01 -0.6834895E+00  0.1271752E+00
   04  0.2480427E+03  0.1267891E+02  0.2911256E+01 -0.6869432E+00  0.1266635E+00
   04  0.2495338E+03  0.1267841E+02  0.2907483E+01 -0.6903302E+00  0.1261650E+00
   04  0.2510250E+03  0.1267793E+02  0.2903799E+01 -0.6936470E+00  0.1256795E+00
   04  0.2525162E+03  0.1267746E+02  0.2900204E+01 -0.6968904E+00  0.1252069E+00
   04  0.2540073E+03  0.1267700E+02  0.2896700E+01 -0.7000567E+00  0.1247470E+00
   04  0.2554985E+03  0.1267655E+02  0.2893285E+01 -0.7031424E+00  0.1242997E+00
   04  0.2569897E+03  0.1267611E+02  0.2889960E+01 -0.7061440E+00  0.1238647E+00
   04  0.2584808E+03  0.1267569E+02  0.2886724E+01 -0.7090581E+00  0.1234417E+00
   04  0.2599720E+03  0.1267528E+02  0.2883577E+01 -0.7118825E+00  0.1230304E+00
   04  0.2614632E+03  0.1267488E+02  0.2880517E+01 -0.7146152E+00  0.1226307E+00
   04  0.2629543E+03  0.1267449E+02  0.2877547E+01 -0.7172540E+00  0.1222423E+00
   04  0.2644455E+03  0.1267411E+02  0.2874664E+01 -0.7197970E+00  0.1218649E+00
   04  0.2659367E+03  0.1267375E+02  0.2871868E+01 -0.7222427E+00  0.1214984E+00
   04  0.2674278E+03  0.1267339E+02  0.2869160E+01 -0.7245897E+00  0.1211426E+00
   04  0.2689190E+03  0.1267305E+02  0.2866539E+01 -0.7268363E+00  0.1207973E+00
   04  0.2704102E+03  0.1267271E+02  0.2864005E+01 -0.7289812E+00  0.1204621E+00
   04  0.2719014E+03  0.1267239E+02  0.2861558E+01 -0.7310230E+00  0.1201370E+00
   04  0.2733925E+03  0.1267207E+02  0.2859198E+01 -0.7329606E+00  0.1198215E+00
   04  0.2748837E+03  0.1267176E+02  0.2856923E+01 -0.7347925E+00  0.1195155E+00
   04  0.2763749E+03  0.1267147E+02  0.2854733E+01 -0.7365176E+00  0.1192186E+00
   04  0.2778660E+03  0.1267118E+02  0.2852626E+01 -0.7381346E+00  0.1189305E+00
   04  0.2793572E+03  0.1267090E+02  0.2850603E+01 -0.7396424E+00  0.1186509E+00
   04  0.2808484E+03  0.1267063E+02  0.2848661E+01 -0.7410395E+00  0.1183795E+00
   04  0.2823395E+03  0.1267036E+02  0.2846799E+01 -0.7423245E+00  0.1181158E+00
   04  0.2838307E+03  0.1267011E+02  0.2845015E+01 -0.7434947E+00  0.1178596E+00
   04  0.2853219E+03  0.1266986E+02  0.2843305E+01 -0.7445427E+00  0.1176103E+00
   04  0.2868130E+03  0.1266962E+02  0.2841666E+01 -0.7454682E+00  0.1173677E+00
   04  0.2883042E+03  0.1266938E+02  0.2840098E+01 -0.7462709E+00  0.1171315E+00
   04  0.2897954E+03  0.1266915E+02  0.2838599E+01 -0.7469503E+00  0.1169012E+00
   04  0.2912865E+03  0.1266892E+02  0.2837167E+01 -0.7475057E+00  0.1166766E+00
   04  0.2927777E+03  0.1266871E+02  0.2835801E+01 -0.7479363E+00  0.1164572E+00
   04  0.2942689E+03  0.1266849E+02  0.2834500E+01 -0.7482421E+00  0.1162426E+00
   04  0.2957600E+03  0.1266828E+02  0.2833259E+01 -0.7484227E+00  0.1160323E+00
   04  0.2972512E+03  0.1266807E+02  0.2832078E+01 -0.7484772E+00  0.1158259E+00
   04  0.2987424E+03  0.1266787E+02  0.2830954E+01 -0.7484047E+00  0.1156231E+00
   04  0.3002335E+03  0.1266767E+02  0.2829883E+01 -0.7482043E+00  0.1154234E+00
   04  0.3017247E+03  0.1266747E+02  0.2828863E+01 -0.7478749E+00  0.1152267E+00
   04  0.3032159E+03  0.1266727E+02  0.2827854E+01 -0.7474759E+00  0.1150267E+00
   04  0.3047070E+03  0.1266707E+02  0.2826880E+01 -0.7470092E+00  0.1148231E+00
   04  0.3061982E+03  0.1266686E+02  0.2825941E+01 -0.7464728E+00  0.1146160E+00
   04  0.3076894E+03  0.1266665E+02  0.2825030E+01 -0.7458648E+00  0.1144058E+00
   04  0.3091805E+03  0.1266644E+02  0.2824133E+01 -0.7451832E+00  0.1141933E+00
   04  0.3106717E+03  0.1266622E+02  0.2823315E+01 -0.7444255E+00  0.1139726E+00
   04  0.3121629E+03  0.1266599E+02  0.2822588E+01 -0.7435899E+00  0.1137425E+00
   04  0.3136540E+03  0.1266575E+02  0.2821952E+01 -0.7426385E+00  0.1135062E+00
   04  0.3151452E+03  0.1266551E+02  0.2821405E+01 -0.7415641E+00  0.1132643E+00
   04  0.3165017E+03  0.1266529E+02  0.2820979E+01 -0.7404744E+00  0.1130392E+00
   04  0.3178581E+03  0.1266506E+02  0.2820626E+01 -0.7392794E+00  0.1128098E+00
   04  0.3192146E+03  0.1266482E+02  0.2820343E+01 -0.7379774E+00  0.1125762E+00
   04  0.3205710E+03  0.1266459E+02  0.2820130E+01 -0.7365674E+00  0.1123385E+00
   04  0.3219275E+03  0.1266435E+02  0.2819986E+01 -0.7350483E+00  0.1120968E+00
   04  0.3232839E+03  0.1266410E+02  0.2819911E+01 -0.7334199E+00  0.1118513E+00
   04  0.3246404E+03  0.1266385E+02  0.2819903E+01 -0.7316826E+00  0.1116022E+00
   04  0.3259968E+03  0.1266360E+02  0.2819961E+01 -0.7298372E+00  0.1113498E+00
   04  0.3273533E+03  0.1266334E+02  0.2820085E+01 -0.7278834E+00  0.1110940E+00
   04  0.3287097E+03  0.1266308E+02  0.2820275E+01 -0.7258209E+00  0.1108351E+00
   04  0.3300662E+03  0.1266282E+02  0.2820528E+01 -0.7236496E+00  0.1105730E+00
   04  0.3314226E+03  0.1266256E+02  0.2820845E+01 -0.7213695E+00  0.1103080E+00
   04  0.3327791E+03  0.1266229E+02  0.2821224E+01 -0.7189807E+00  0.1100399E+00
   04  0.3341355E+03  0.1266202E+02  0.2821664E+01 -0.7164835E+00  0.1097689E+00
   04  0.3354920E+03  0.1266174E+02  0.2822164E+01 -0.7138782E+00  0.1094948E+00
   04  0.3368484E+03  0.1266147E+02  0.2822724E+01 -0.7111654E+00  0.1092178E+00
   04  0.3382049E+03  0.1266119E+02  0.2823341E+01 -0.7083457E+00  0.1089377E+00
   04  0.3395613E+03  0.1266090E+02  0.2824016E+01 -0.7054198E+00  0.1086546E+00
   04  0.3409178E+03  0.1266062E+02  0.2824746E+01 -0.7023887E+00  0.1083684E+00
   04  0.3422742E+03  0.1266033E+02  0.2825530E+01 -0.6992532E+00  0.1080790E+00
   04  0.3436307E+03  0.1266003E+02  0.2826368E+01 -0.6960145E+00  0.1077864E+00
   04  0.3449871E+03  0.1265974E+02  0.2827259E+01 -0.6926737E+00  0.1074905E+00
   04  0.3463436E+03  0.1265944E+02  0.2828200E+01 -0.6892321E+00  0.1071911E+00
   04  0.3477000E+03  0.1265914E+02  0.2829190E+01 -0.6856864E+00  0.1068883E+00
   04  0.3490565E+03  0.1265883E+02  0.2830226E+01 -0.6820362E+00  0.1065819E+00
   04  0.3504130E+03  0.1265852E+02  0.2831309E+01 -0.6782835E+00  0.1062718E+00
   04  0.3517694E+03  0.1265821E+02  0.2832437E+01 -0.6744303E+00  0.1059579E+00
   04  0.3531259E+03  0.1265789E+02  0.2833609E+01 -0.6704789E+00  0.1056402E+00
   04  0.3544823E+03  0.1265757E+02  0.2834823E+01 -0.6664260E+00  0.1053180E+00
   04  0.3558388E+03  0.1265724E+02  0.2836078E+01 -0.6622677E+00  0.1049909E+00
   04  0.3574665E+03  0.1265684E+02  0.2837655E+01 -0.6571431E+00  0.1045930E+00
   04  0.3590942E+03  0.1265644E+02  0.2839288E+01 -0.6518240E+00  0.1041925E+00
   04  0.3607220E+03  0.1265604E+02  0.2840974E+01 -0.6463097E+00  0.1037895E+00
   04  0.3623497E+03  0.1265563E+02  0.2842710E+01 -0.6406053E+00  0.1033836E+00
   04  0.3639775E+03  0.1265522E+02  0.2844495E+01 -0.6347161E+00  0.1029745E+00
   04  0.3656052E+03  0.1265481E+02  0.2846325E+01 -0.6286472E+00  0.1025617E+00
   04  0.3672329E+03  0.1265439E+02  0.2848198E+01 -0.6224035E+00  0.1021448E+00
   04  0.3688607E+03  0.1265397E+02  0.2850111E+01 -0.6159901E+00  0.1017234E+00
   04  0.3704884E+03  0.1265355E+02  0.2852062E+01 -0.6094119E+00  0.1012971E+00
   04  0.3721162E+03  0.1265311E+02  0.2854049E+01 -0.6026738E+00  0.1008653E+00
   04  0.3737439E+03  0.1265267E+02  0.2856058E+01 -0.5957814E+00  0.1004264E+00
   04  0.3753717E+03  0.1265223E+02  0.2858085E+01 -0.5887405E+00  0.9997943E-01
   04  0.3769994E+03  0.1265177E+02  0.2860128E+01 -0.5815569E+00  0.9952392E-01
   04  0.3786271E+03  0.1265131E+02  0.2862184E+01 -0.5742362E+00  0.9905929E-01
   04  0.3802549E+03  0.1265083E+02  0.2864252E+01 -0.5667841E+00  0.9858497E-01
   04  0.3818826E+03  0.1265035E+02  0.2866327E+01 -0.5592057E+00  0.9810040E-01
   04  0.3835104E+03  0.1264985E+02  0.2868410E+01 -0.5515064E+00  0.9760500E-01
   04  0.3851381E+03  0.1264935E+02  0.2870497E+01 -0.5436910E+00  0.9709820E-01
   04  0.3867658E+03  0.1264883E+02  0.2872585E+01 -0.5357642E+00  0.9657941E-01
   04  0.3883936E+03  0.1264830E+02  0.2874673E+01 -0.5277305E+00  0.9604806E-01
   04  0.3900213E+03  0.1264775E+02  0.2876759E+01 -0.5195940E+00  0.9550358E-01
   04  0.3916491E+03  0.1264719E+02  0.2878840E+01 -0.5113587E+00  0.9494537E-01
   04  0.3932768E+03  0.1264662E+02  0.2880914E+01 -0.5030282E+00  0.9437285E-01
   04  0.3949046E+03  0.1264603E+02  0.2882979E+01 -0.4946057E+00  0.9378546E-01
   04  0.3965323E+03  0.1264543E+02  0.2885033E+01 -0.4860944E+00  0.9318261E-01
   04  0.3981600E+03  0.1264481E+02  0.2887073E+01 -0.4774969E+00  0.9256374E-01
   04  0.3997878E+03  0.1264418E+02  0.2889096E+01 -0.4688157E+00  0.9192829E-01
   04  0.4014155E+03  0.1264352E+02  0.2891102E+01 -0.4600528E+00  0.9127570E-01
   04  0.4030433E+03  0.1264285E+02  0.2893087E+01 -0.4512101E+00  0.9060542E-01
   04  0.4046710E+03  0.1264217E+02  0.2895048E+01 -0.4422889E+00  0.8991686E-01
   04  0.4062987E+03  0.1264146E+02  0.2896982E+01 -0.4332830E+00  0.8920868E-01
   04  0.4079265E+03  0.1264073E+02  0.2898886E+01 -0.4241585E+00  0.8847681E-01
   04  0.4095542E+03  0.1263997E+02  0.2900758E+01 -0.4149167E+00  0.8772085E-01
   04  0.4111820E+03  0.1263919E+02  0.2902594E+01 -0.4055583E+00  0.8694040E-01
   04  0.4128097E+03  0.1263838E+02  0.2904394E+01 -0.3960840E+00  0.8613506E-01
   04  0.4144375E+03  0.1263755E+02  0.2906153E+01 -0.3864939E+00  0.8530442E-01
   04  0.4160652E+03  0.1263670E+02  0.2907870E+01 -0.3767879E+00  0.8444810E-01
   04  0.4176929E+03  0.1263581E+02  0.2909543E+01 -0.3669655E+00  0.8356570E-01
   04  0.4193207E+03  0.1263491E+02  0.2911169E+01 -0.3570259E+00  0.8265682E-01
   04  0.4209484E+03  0.1263397E+02  0.2912745E+01 -0.3469681E+00  0.8172107E-01
   04  0.4225762E+03  0.1263301E+02  0.2914269E+01 -0.3367906E+00  0.8075807E-01
   04  0.4242039E+03  0.1263202E+02  0.2915740E+01 -0.3264917E+00  0.7976742E-01
   04  0.4258316E+03  0.1263100E+02  0.2917154E+01 -0.3160696E+00  0.7874875E-01
   04  0.4274594E+03  0.1262995E+02  0.2918512E+01 -0.3055668E+00  0.7770547E-01
   04  0.4290871E+03  0.1262889E+02  0.2919815E+01 -0.2949880E+00  0.7663779E-01
   04  0.4307149E+03  0.1262779E+02  0.2921063E+01 -0.2843317E+00  0.7554539E-01
   04  0.4323426E+03  0.1262668E+02  0.2922256E+01 -0.2735959E+00  0.7442797E-01
   04  0.4339704E+03  0.1262553E+02  0.2923394E+01 -0.2627785E+00  0.7328516E-01
   04  0.4355981E+03  0.1262436E+02  0.2924478E+01 -0.2518771E+00  0.7211653E-01
   04  0.4372258E+03  0.1262317E+02  0.2925508E+01 -0.2408890E+00  0.7092166E-01
   04  0.4388536E+03  0.1262195E+02  0.2926486E+01 -0.2298111E+00  0.6970012E-01
   04  0.4404813E+03  0.1262070E+02  0.2927412E+01 -0.2186403E+00  0.6845147E-01
   04  0.4421091E+03  0.1261942E+02  0.2928286E+01 -0.2073733E+00  0.6717528E-01
   04  0.4437368E+03  0.1261812E+02  0.2929108E+01 -0.1960064E+00  0.6587112E-01
   04  0.4453645E+03  0.1261679E+02  0.2929879E+01 -0.1845358E+00  0.6453855E-01
   04  0.4469923E+03  0.1261543E+02  0.2930599E+01 -0.1729575E+00  0.6317713E-01
   04  0.4486200E+03  0.1261403E+02  0.2931267E+01 -0.1612674E+00  0.6178642E-01
   04  0.4502478E+03  0.1261261E+02  0.2931883E+01 -0.1494611E+00  0.6036598E-01
   04  0.4518755E+03  0.1261116E+02  0.2932447E+01 -0.1375342E+00  0.5891537E-01
   04  0.4535033E+03  0.1260968E+02  0.2932958E+01 -0.1254823E+00  0.5743414E-01
   04  0.4551310E+03  0.1260817E+02  0.2933415E+01 -0.1133007E+00  0.5592186E-01
   04  0.4567587E+03  0.1260663E+02  0.2933819E+01 -0.1009848E+00  0.5437807E-01
   04  0.4583865E+03  0.1260505E+02  0.2934167E+01 -0.8852970E-01  0.5280233E-01
   04  0.4600142E+03  0.1260344E+02  0.2934459E+01 -0.7593064E-01  0.5119421E-01
   04  0.4616420E+03  0.1260180E+02  0.2934690E+01 -0.6318302E-01  0.4955284E-01
   04  0.4632697E+03  0.1260013E+02  0.2934858E+01 -0.5028262E-01  0.4787774E-01
   04  0.4648974E+03  0.1259842E+02  0.2934963E+01 -0.3722527E-01  0.4616844E-01
   04  0.4665252E+03  0.1259667E+02  0.2935002E+01 -0.2400679E-01  0.4442450E-01
   04  0.4681529E+03  0.1259489E+02  0.2934975E+01 -0.1062304E-01  0.4264547E-01
   04  0.4697807E+03  0.1259308E+02  0.2934878E+01  0.2930099E-02  0.4083089E-01
   04  0.4714084E+03  0.1259123E+02  0.2934710E+01  0.1665668E-01  0.3898035E-01
   04  0.4730362E+03  0.1258934E+02  0.2934469E+01  0.3056065E-01  0.3709343E-01
   04  0.4746639E+03  0.1258742E+02  0.2934153E+01  0.4464583E-01  0.3516973E-01
   04  0.4762916E+03  0.1258546E+02  0.2933761E+01  0.5891596E-01  0.3320885E-01
   04  0.4779194E+03  0.1258346E+02  0.2933290E+01  0.7337463E-01  0.3121045E-01
   04  0.4795471E+03  0.1258142E+02  0.2932738E+01  0.8802527E-01  0.2917415E-01
   04  0.4811749E+03  0.1257935E+02  0.2932103E+01  0.1028712E+00  0.2709964E-01
   04  0.4828026E+03  0.1257723E+02  0.2931385E+01  0.1179156E+00  0.2498659E-01
   04  0.4844303E+03  0.1257508E+02  0.2930580E+01  0.1331613E+00  0.2283473E-01
   04  0.4860581E+03  0.1257289E+02  0.2929687E+01  0.1486112E+00  0.2064379E-01
   04  0.4876858E+03  0.1257066E+02  0.2928706E+01  0.1642679E+00  0.1841357E-01
   04  0.4893136E+03  0.1256839E+02  0.2927635E+01  0.1801337E+00  0.1614386E-01
   04  0.4909413E+03  0.1256608E+02  0.2926473E+01  0.1962109E+00  0.1383447E-01
   04  0.4925691E+03  0.1256373E+02  0.2925219E+01  0.2125015E+00  0.1148524E-01
   04  0.4941968E+03  0.1256134E+02  0.2923868E+01  0.2290462E+00  0.9092613E-02
   04  0.4958245E+03  0.1255890E+02  0.2922416E+01  0.2458668E+00  0.6654644E-02
   04  0.4974523E+03  0.1255642E+02  0.2920858E+01  0.2629647E+00  0.4171143E-02
   04  0.4990800E+03  0.1255389E+02  0.2919193E+01  0.2803413E+00  0.1642006E-02
   04  0.5007078E+03  0.1255132E+02  0.2917415E+01  0.2979976E+00 -0.9328308E-03
   04  0.5023355E+03  0.1254869E+02  0.2915524E+01  0.3159342E+00 -0.3553398E-02
   04  0.5039632E+03  0.1254603E+02  0.2913516E+01  0.3341515E+00 -0.6219671E-02
   04  0.5055910E+03  0.1254332E+02  0.2911388E+01  0.3526496E+00 -0.8931585E-02
   04  0.5072187E+03  0.1254056E+02  0.2909139E+01  0.3714283E+00 -0.1168904E-01
   04  0.5088465E+03  0.1253776E+02  0.2906756E+01  0.3904849E+00 -0.1449202E-01
   04  0.5104742E+03  0.1253491E+02  0.2904249E+01  0.4098213E+00 -0.1734029E-01
   04  0.5121020E+03  0.1253201E+02  0.2901616E+01  0.4294368E+00 -0.2023364E-01
   04  0.5137297E+03  0.1252908E+02  0.2898856E+01  0.4493303E+00 -0.2317186E-01
   04  0.5153574E+03  0.1252609E+02  0.2895968E+01  0.4695003E+00 -0.2615469E-01
   04  0.5169852E+03  0.1252307E+02  0.2892951E+01  0.4899456E+00 -0.2918188E-01
   04  0.5186129E+03  0.1252000E+02  0.2889804E+01  0.5106644E+00 -0.3225315E-01
   04  0.5202407E+03  0.1251688E+02  0.2886528E+01  0.5316549E+00 -0.3536819E-01
   04  0.5218684E+03  0.1251372E+02  0.2883122E+01  0.5529152E+00 -0.3852669E-01
   04  0.5234961E+03  0.1251052E+02  0.2879585E+01  0.5744433E+00 -0.4172838E-01
   04  0.5251239E+03  0.1250728E+02  0.2875917E+01  0.5962368E+00 -0.4497293E-01
   04  0.5267516E+03  0.1250399E+02  0.2872118E+01  0.6182936E+00 -0.4826002E-01
   04  0.5283794E+03  0.1250066E+02  0.2868189E+01  0.6406113E+00 -0.5158931E-01
   04  0.5300071E+03  0.1249729E+02  0.2864128E+01  0.6631707E+00 -0.5496187E-01
   04  0.5316349E+03  0.1249387E+02  0.2859936E+01  0.6859623E+00 -0.5837788E-01
   04  0.5332626E+03  0.1249041E+02  0.2855611E+01  0.7089842E+00 -0.6183692E-01
   04  0.5348903E+03  0.1248691E+02  0.2851154E+01  0.7322343E+00 -0.6533852E-01
   04  0.5365181E+03  0.1248337E+02  0.2846566E+01  0.7557103E+00 -0.6888225E-01
   04  0.5381458E+03  0.1247978E+02  0.2841848E+01  0.7794099E+00 -0.7246764E-01
   04  0.5397736E+03  0.1247615E+02  0.2836999E+01  0.8033304E+00 -0.7609425E-01
   04  0.5414013E+03  0.1247249E+02  0.2832022E+01  0.8274692E+00 -0.7976162E-01
   04  0.5430290E+03  0.1246878E+02  0.2826918E+01  0.8518233E+00 -0.8346930E-01
   04  0.5446568E+03  0.1246503E+02  0.2821688E+01  0.8763900E+00 -0.8721682E-01
   04  0.5462845E+03  0.1246124E+02  0.2816335E+01  0.9011660E+00 -0.9100373E-01
   04  0.5479123E+03  0.1245742E+02  0.2810860E+01  0.9261483E+00 -0.9482957E-01
   04  0.5495400E+03  0.1245355E+02  0.2805266E+01  0.9513334E+00 -0.9869390E-01
   04  0.5511678E+03  0.1244965E+02  0.2799556E+01  0.9767179E+00 -0.1025963E+00
   04  0.5527955E+03  0.1244571E+02  0.2793732E+01  0.1002298E+01 -0.1065363E+00
   04  0.5544232E+03  0.1244173E+02  0.2787797E+01  0.1028071E+01 -0.1105136E+00
   04  0.5560510E+03  0.1243772E+02  0.2781755E+01  0.1054033E+01 -0.1145277E+00
   04  0.5576787E+03  0.1243367E+02  0.2775609E+01  0.1080179E+01 -0.1185782E+00
   04  0.5593065E+03  0.1242958E+02  0.2769362E+01  0.1106506E+01 -0.1226647E+00
   04  0.5609342E+03  0.1242546E+02  0.2763017E+01  0.1133009E+01 -0.1267867E+00
   04  0.5625619E+03  0.1242130E+02  0.2756579E+01  0.1159686E+01 -0.1309439E+00
   04  0.5641897E+03  0.1241711E+02  0.2750051E+01  0.1186530E+01 -0.1351357E+00
   04  0.5658174E+03  0.1241289E+02  0.2743436E+01  0.1213539E+01 -0.1393618E+00
   04  0.5674452E+03  0.1240863E+02  0.2736737E+01  0.1240708E+01 -0.1436218E+00
   04  0.5690729E+03  0.1240433E+02  0.2729960E+01  0.1268032E+01 -0.1479152E+00
   04  0.5707007E+03  0.1240001E+02  0.2723106E+01  0.1295507E+01 -0.1522416E+00
   04  0.5723284E+03  0.1239565E+02  0.2716180E+01  0.1323128E+01 -0.1566006E+00
   04  0.5739561E+03  0.1239126E+02  0.2709185E+01  0.1350892E+01 -0.1609918E+00
   04  0.5755839E+03  0.1238683E+02  0.2702124E+01  0.1378792E+01 -0.1654148E+00
   04  0.5772116E+03  0.1238238E+02  0.2695001E+01  0.1406824E+01 -0.1698691E+00
   04  0.5788394E+03  0.1237789E+02  0.2687818E+01  0.1434985E+01 -0.1743543E+00
   04  0.5804671E+03  0.1237338E+02  0.2680580E+01  0.1463268E+01 -0.1788702E+00
   04  0.5820948E+03  0.1236883E+02  0.2673287E+01  0.1491670E+01 -0.1834162E+00
   04  0.5837226E+03  0.1236426E+02  0.2665944E+01  0.1520185E+01 -0.1879920E+00
   04  0.5853503E+03  0.1235965E+02  0.2658553E+01  0.1548808E+01 -0.1925972E+00
   04  0.5869781E+03  0.1235502E+02  0.2651117E+01  0.1577535E+01 -0.1972315E+00
   04  0.5886058E+03  0.1235035E+02  0.2643637E+01  0.1606360E+01 -0.2018944E+00
   04  0.5902336E+03  0.1234566E+02  0.2636117E+01  0.1635278E+01 -0.2065857E+00
   04  0.5918613E+03  0.1234094E+02  0.2628557E+01  0.1664285E+01 -0.2113050E+00
   04  0.5934890E+03  0.1233620E+02  0.2620961E+01  0.1693376E+01 -0.2160519E+00
   04  0.5951168E+03  0.1233142E+02  0.2613329E+01  0.1722544E+01 -0.2208261E+00
   04  0.5967445E+03  0.1232662E+02  0.2605663E+01  0.1751786E+01 -0.2256273E+00
   04  0.5983723E+03  0.1232179E+02  0.2597965E+01  0.1781097E+01 -0.2304553E+00
