# gauge_id= 516 location=( -0.1253000000E+03  0.4170000000E+02 ) num_var=  4
# Stationary gauge
# level, time, q[  1  2  3], eta, aux[]
# file format ascii, time series follow in this file
   02  0.0000000E+00  0.3099757E+04  0.0000000E+00  0.0000000E+00  0.0000000E+00
   02  0.1000000E+01  0.3099757E+04 -0.2402277E-12  0.1112490E-12  0.1001956E+00
   02  0.1142857E+01  0.3099758E+04 -0.9313491E-01 -0.7712314E-02  0.1008882E+00
   02  0.1285714E+01  0.3099758E+04 -0.1862500E+00 -0.1549291E-01  0.1015803E+00
   02  0.1428571E+01  0.3099759E+04 -0.2793503E+00 -0.2334188E-01  0.1022719E+00
   02  0.1571429E+01  0.3099760E+04 -0.3724423E+00 -0.3125927E-01  0.1029630E+00
   02  0.1714286E+01  0.3099761E+04 -0.4655353E+00 -0.3924511E-01  0.1036538E+00
   02  0.1857143E+01  0.3099761E+04 -0.5586420E+00 -0.4729943E-01  0.1043442E+00
   02  0.2000000E+01  0.3099762E+04 -0.6517912E+00 -0.5542227E-01  0.1050345E+00
   02  0.4673503E+02  0.3099980E+04 -0.2971342E+02 -0.5933257E+01  0.3235589E+00
   03  0.9147006E+02  0.3117357E+04 -0.7311314E+02 -0.1753071E+02  0.5496113E+00
   03  0.1004171E+03  0.3117364E+04 -0.7489066E+02 -0.2068892E+02  0.5560599E+00
   03  0.1093641E+03  0.3117372E+04 -0.7614220E+02 -0.2385608E+02  0.5637738E+00
   03  0.1183111E+03  0.3117379E+04 -0.7760815E+02 -0.2700271E+02  0.5710816E+00
   03  0.1272581E+03  0.3117383E+04 -0.7897004E+02 -0.3014162E+02  0.5755204E+00
   03  0.1362051E+03  0.3117384E+04 -0.7987316E+02 -0.3331083E+02  0.5762944E+00
   03  0.1451521E+03  0.3117382E+04 -0.8016929E+02 -0.3659839E+02  0.5739886E+00
   03  0.1540991E+03  0.3117378E+04 -0.7989715E+02 -0.4011388E+02  0.5700142E+00
   03  0.1630461E+03  0.3117373E+04 -0.7917448E+02 -0.4396283E+02  0.5654907E+00
   03  0.1719931E+03  0.3117370E+04 -0.7830477E+02 -0.4818819E+02  0.5618961E+00
   04  0.1809401E+03  0.3114694E+04 -0.7773620E+02 -0.5260941E+02  0.5567484E+00
   04  0.1824313E+03  0.3114695E+04 -0.7752041E+02 -0.5364626E+02  0.5570382E+00
   04  0.1839225E+03  0.3114695E+04 -0.7737727E+02 -0.5456469E+02  0.5577182E+00
   04  0.1854136E+03  0.3114696E+04 -0.7731622E+02 -0.5537366E+02  0.5585594E+00
   04  0.1869048E+03  0.3114697E+04 -0.7731378E+02 -0.5610977E+02  0.5594016E+00
   04  0.1883960E+03  0.3114698E+04 -0.7734370E+02 -0.5679905E+02  0.5601814E+00
   04  0.1898871E+03  0.3114698E+04 -0.7739119E+02 -0.5745671E+02  0.5608786E+00
   04  0.1913783E+03  0.3114699E+04 -0.7745211E+02 -0.5809807E+02  0.5614988E+00
   04  0.1928695E+03  0.3114700E+04 -0.7752514E+02 -0.5874367E+02  0.5620791E+00
   04  0.1943606E+03  0.3114700E+04 -0.7760612E+02 -0.5941742E+02  0.5626874E+00
   04  0.1958518E+03  0.3114701E+04 -0.7768878E+02 -0.6014034E+02  0.5633944E+00
   04  0.1973430E+03  0.3114702E+04 -0.7776840E+02 -0.6092306E+02  0.5642433E+00
   04  0.1988341E+03  0.3114703E+04 -0.7784410E+02 -0.6176083E+02  0.5652427E+00
   04  0.2003253E+03  0.3114704E+04 -0.7791834E+02 -0.6263383E+02  0.5663794E+00
   04  0.2018165E+03  0.3114705E+04 -0.7799407E+02 -0.6351262E+02  0.5676256E+00
   04  0.2033076E+03  0.3114707E+04 -0.7807156E+02 -0.6436613E+02  0.5689291E+00
   04  0.2047988E+03  0.3114708E+04 -0.7814703E+02 -0.6516910E+02  0.5702004E+00
   04  0.2062900E+03  0.3114709E+04 -0.7821311E+02 -0.6590652E+02  0.5713149E+00
   04  0.2077811E+03  0.3114710E+04 -0.7825974E+02 -0.6657414E+02  0.5721346E+00
   04  0.2092723E+03  0.3114710E+04 -0.7827489E+02 -0.6717626E+02  0.5725420E+00
   04  0.2107635E+03  0.3114710E+04 -0.7824684E+02 -0.6772274E+02  0.5724797E+00
   04  0.2122546E+03  0.3114710E+04 -0.7816917E+02 -0.6822681E+02  0.5719870E+00
   04  0.2137458E+03  0.3114709E+04 -0.7804546E+02 -0.6870398E+02  0.5712078E+00
   04  0.2152370E+03  0.3114708E+04 -0.7788909E+02 -0.6917054E+02  0.5703482E+00
   04  0.2167281E+03  0.3114707E+04 -0.7771668E+02 -0.6964086E+02  0.5695942E+00
   04  0.2182193E+03  0.3114707E+04 -0.7753922E+02 -0.7012401E+02  0.5690324E+00
   04  0.2197105E+03  0.3114706E+04 -0.7735625E+02 -0.7062110E+02  0.5686138E+00
   04  0.2212017E+03  0.3114706E+04 -0.7715501E+02 -0.7112496E+02  0.5681681E+00
   04  0.2226928E+03  0.3114705E+04 -0.7691274E+02 -0.7162219E+02  0.5674445E+00
   04  0.2241840E+03  0.3114704E+04 -0.7660108E+02 -0.7209704E+02  0.5661663E+00
   04  0.2256752E+03  0.3114702E+04 -0.7619371E+02 -0.7253561E+02  0.5641024E+00
   04  0.2271663E+03  0.3114699E+04 -0.7567747E+02 -0.7292959E+02  0.5611544E+00
   04  0.2286575E+03  0.3114695E+04 -0.7506215E+02 -0.7327817E+02  0.5574209E+00
   04  0.2301487E+03  0.3114691E+04 -0.7438091E+02 -0.7358745E+02  0.5531836E+00
   04  0.2316398E+03  0.3114686E+04 -0.7367804E+02 -0.7386774E+02  0.5488016E+00
   04  0.2331310E+03  0.3114682E+04 -0.7299055E+02 -0.7412998E+02  0.5445661E+00
   04  0.2346222E+03  0.3114678E+04 -0.7233415E+02 -0.7438287E+02  0.5405973E+00
   04  0.2361133E+03  0.3114674E+04 -0.7169992E+02 -0.7463179E+02  0.5368267E+00
   04  0.2376045E+03  0.3114671E+04 -0.7106005E+02 -0.7487895E+02  0.5330465E+00
   04  0.2390957E+03  0.3114667E+04 -0.7037673E+02 -0.7512493E+02  0.5289813E+00
   04  0.2405868E+03  0.3114662E+04 -0.6961228E+02 -0.7536862E+02  0.5243681E+00
   04  0.2420780E+03  0.3114657E+04 -0.6873869E+02 -0.7560751E+02  0.5190236E+00
   04  0.2435692E+03  0.3114650E+04 -0.6774670E+02 -0.7584059E+02  0.5128946E+00
   04  0.2450603E+03  0.3114644E+04 -0.6665122E+02 -0.7606734E+02  0.5060896E+00
   04  0.2465515E+03  0.3114636E+04 -0.6548812E+02 -0.7628763E+02  0.4988478E+00
   04  0.2480427E+03  0.3114629E+04 -0.6430214E+02 -0.7650229E+02  0.4914509E+00
   04  0.2495338E+03  0.3114622E+04 -0.6313149E+02 -0.7671272E+02  0.4841247E+00
   04  0.2510250E+03  0.3114615E+04 -0.6199634E+02 -0.7692065E+02  0.4769750E+00
   04  0.2525162E+03  0.3114608E+04 -0.6089595E+02 -0.7712790E+02  0.4699773E+00
   04  0.2540073E+03  0.3114601E+04 -0.5981339E+02 -0.7733624E+02  0.4630125E+00
   04  0.2554985E+03  0.3114594E+04 -0.5872416E+02 -0.7754716E+02  0.4559234E+00
   04  0.2569897E+03  0.3114586E+04 -0.5760521E+02 -0.7776158E+02  0.4485738E+00
   04  0.2584808E+03  0.3114578E+04 -0.5644287E+02 -0.7797960E+02  0.4408965E+00
   04  0.2599720E+03  0.3114571E+04 -0.5523805E+02 -0.7820044E+02  0.4329238E+00
   04  0.2614632E+03  0.3114562E+04 -0.5400728E+02 -0.7842280E+02  0.4247893E+00
   04  0.2629543E+03  0.3114554E+04 -0.5277873E+02 -0.7864564E+02  0.4166982E+00
   04  0.2644455E+03  0.3114546E+04 -0.5158407E+02 -0.7886900E+02  0.4088741E+00
   04  0.2659367E+03  0.3114539E+04 -0.5044920E+02 -0.7909473E+02  0.4015003E+00
   04  0.2674278E+03  0.3114532E+04 -0.4938737E+02 -0.7932660E+02  0.3946774E+00
   04  0.2689190E+03  0.3114526E+04 -0.4839688E+02 -0.7956968E+02  0.3884081E+00
   04  0.2704102E+03  0.3114520E+04 -0.4746328E+02 -0.7982929E+02  0.3826093E+00
   04  0.2719014E+03  0.3114515E+04 -0.4656445E+02 -0.8010982E+02  0.3771415E+00
   04  0.2733925E+03  0.3114509E+04 -0.4567690E+02 -0.8041369E+02  0.3718473E+00
   04  0.2748837E+03  0.3114504E+04 -0.4478172E+02 -0.8074095E+02  0.3665895E+00
   04  0.2763749E+03  0.3114499E+04 -0.4386930E+02 -0.8108954E+02  0.3612824E+00
   04  0.2778660E+03  0.3114494E+04 -0.4294217E+02 -0.8145606E+02  0.3559143E+00
   04  0.2793572E+03  0.3114488E+04 -0.4201453E+02 -0.8183676E+02  0.3505497E+00
   04  0.2808484E+03  0.3114483E+04 -0.4110843E+02 -0.8222893E+02  0.3453105E+00
   04  0.2823395E+03  0.3114478E+04 -0.4024728E+02 -0.8262995E+02  0.3403481E+00
   04  0.2838307E+03  0.3114473E+04 -0.3944915E+02 -0.8303720E+02  0.3358019E+00
   04  0.2853219E+03  0.3114469E+04 -0.3872172E+02 -0.8344875E+02  0.3317543E+00
   04  0.2868130E+03  0.3114466E+04 -0.3806096E+02 -0.8386303E+02  0.3282083E+00
   04  0.2883042E+03  0.3114463E+04 -0.3745293E+02 -0.8427678E+02  0.3250916E+00
   04  0.2897954E+03  0.3114460E+04 -0.3687699E+02 -0.8468657E+02  0.3222695E+00
   04  0.2912865E+03  0.3114457E+04 -0.3631010E+02 -0.8509055E+02  0.3195717E+00
   04  0.2927777E+03  0.3114454E+04 -0.3573044E+02 -0.8548771E+02  0.3168331E+00
   04  0.2942689E+03  0.3114452E+04 -0.3512040E+02 -0.8588038E+02  0.3139154E+00
   04  0.2957600E+03  0.3114448E+04 -0.3446953E+02 -0.8627211E+02  0.3107407E+00
   04  0.2972512E+03  0.3114445E+04 -0.3377703E+02 -0.8666827E+02  0.3073052E+00
   04  0.2987424E+03  0.3114441E+04 -0.3305299E+02 -0.8707196E+02  0.3036938E+00
   04  0.3002335E+03  0.3114438E+04 -0.3231653E+02 -0.8748532E+02  0.3000614E+00
   04  0.3017247E+03  0.3114434E+04 -0.3159198E+02 -0.8791131E+02  0.2965983E+00
   04  0.3032159E+03  0.3114431E+04 -0.3090396E+02 -0.8835438E+02  0.2934884E+00
   04  0.3047070E+03  0.3114428E+04 -0.3027245E+02 -0.8881972E+02  0.2908759E+00
   04  0.3061982E+03  0.3114426E+04 -0.2970909E+02 -0.8931087E+02  0.2888396E+00
   04  0.3076894E+03  0.3114425E+04 -0.2921593E+02 -0.8982722E+02  0.2873849E+00
   04  0.3091805E+03  0.3114424E+04 -0.2878547E+02 -0.9036306E+02  0.2864420E+00
   04  0.3106717E+03  0.3114423E+04 -0.2840208E+02 -0.9090918E+02  0.2858756E+00
   04  0.3121629E+03  0.3114423E+04 -0.2804478E+02 -0.9145415E+02  0.2855106E+00
   04  0.3136540E+03  0.3114423E+04 -0.2769023E+02 -0.9198613E+02  0.2851634E+00
   04  0.3151452E+03  0.3114422E+04 -0.2731658E+02 -0.9249537E+02  0.2846678E+00
   04  0.3165017E+03  0.3114422E+04 -0.2694500E+02 -0.9293255E+02  0.2839798E+00
   04  0.3178581E+03  0.3114421E+04 -0.2653346E+02 -0.9334275E+02  0.2830011E+00
   04  0.3192146E+03  0.3114419E+04 -0.2607774E+02 -0.9372602E+02  0.2817099E+00
   04  0.3205710E+03  0.3114418E+04 -0.2558009E+02 -0.9408449E+02  0.2801271E+00
   04  0.3219275E+03  0.3114416E+04 -0.2504992E+02 -0.9442155E+02  0.2783181E+00
   04  0.3232839E+03  0.3114414E+04 -0.2450338E+02 -0.9474101E+02  0.2763899E+00
   04  0.3246404E+03  0.3114412E+04 -0.2396167E+02 -0.9504630E+02  0.2744774E+00
   04  0.3259968E+03  0.3114410E+04 -0.2344765E+02 -0.9533997E+02  0.2727246E+00
   04  0.3273533E+03  0.3114409E+04 -0.2298183E+02 -0.9562328E+02  0.2712615E+00
   04  0.3287097E+03  0.3114408E+04 -0.2257896E+02 -0.9589607E+02  0.2701850E+00
   04  0.3300662E+03  0.3114407E+04 -0.2224616E+02 -0.9615686E+02  0.2695485E+00
   04  0.3314226E+03  0.3114407E+04 -0.2198301E+02 -0.9640318E+02  0.2693634E+00
   04  0.3327791E+03  0.3114407E+04 -0.2178306E+02 -0.9663207E+02  0.2696085E+00
   04  0.3341355E+03  0.3114408E+04 -0.2163618E+02 -0.9684072E+02  0.2702434E+00
   04  0.3354920E+03  0.3114409E+04 -0.2153057E+02 -0.9702707E+02  0.2712194E+00
   04  0.3368484E+03  0.3114410E+04 -0.2145428E+02 -0.9719031E+02  0.2724865E+00
   04  0.3382049E+03  0.3114412E+04 -0.2139578E+02 -0.9733115E+02  0.2739956E+00
   04  0.3395613E+03  0.3114413E+04 -0.2134413E+02 -0.9745184E+02  0.2756971E+00
   04  0.3409178E+03  0.3114415E+04 -0.2128867E+02 -0.9755585E+02  0.2775387E+00
   04  0.3422742E+03  0.3114417E+04 -0.2121902E+02 -0.9764749E+02  0.2794634E+00
   04  0.3436307E+03  0.3114419E+04 -0.2112534E+02 -0.9773120E+02  0.2814114E+00
   04  0.3449871E+03  0.3114421E+04 -0.2099939E+02 -0.9781087E+02  0.2833253E+00
   04  0.3463436E+03  0.3114423E+04 -0.2083596E+02 -0.9788909E+02  0.2851600E+00
   04  0.3477000E+03  0.3114424E+04 -0.2063466E+02 -0.9796660E+02  0.2868938E+00
   04  0.3490565E+03  0.3114426E+04 -0.2040105E+02 -0.9804212E+02  0.2885365E+00
   04  0.3504130E+03  0.3114428E+04 -0.2014657E+02 -0.9811258E+02  0.2901307E+00
   04  0.3517694E+03  0.3114429E+04 -0.1988694E+02 -0.9817374E+02  0.2917448E+00
   04  0.3531259E+03  0.3114431E+04 -0.1963919E+02 -0.9822109E+02  0.2934576E+00
   04  0.3544823E+03  0.3114433E+04 -0.1941836E+02 -0.9825080E+02  0.2953422E+00
   04  0.3558388E+03  0.3114435E+04 -0.1923497E+02 -0.9826051E+02  0.2974517E+00
   04  0.3574665E+03  0.3114438E+04 -0.1907015E+02 -0.9824550E+02  0.3003148E+00
   04  0.3590942E+03  0.3114441E+04 -0.1896359E+02 -0.9820410E+02  0.3035397E+00
   04  0.3607220E+03  0.3114445E+04 -0.1890558E+02 -0.9814278E+02  0.3070923E+00
   04  0.3623497E+03  0.3114449E+04 -0.1888169E+02 -0.9807070E+02  0.3109192E+00
   04  0.3639775E+03  0.3114453E+04 -0.1887536E+02 -0.9799838E+02  0.3149574E+00
   04  0.3656052E+03  0.3114457E+04 -0.1886915E+02 -0.9793643E+02  0.3191354E+00
   04  0.3672329E+03  0.3114461E+04 -0.1884490E+02 -0.9789445E+02  0.3233695E+00
   04  0.3688607E+03  0.3114465E+04 -0.1878383E+02 -0.9788000E+02  0.3275603E+00
   04  0.3704884E+03  0.3114469E+04 -0.1866753E+02 -0.9789800E+02  0.3315959E+00
   04  0.3721162E+03  0.3114473E+04 -0.1848041E+02 -0.9795033E+02  0.3353659E+00
   04  0.3737439E+03  0.3114476E+04 -0.1821361E+02 -0.9803591E+02  0.3387853E+00
   04  0.3753717E+03  0.3114479E+04 -0.1786937E+02 -0.9815110E+02  0.3418250E+00
   04  0.3769994E+03  0.3114482E+04 -0.1746418E+02 -0.9829034E+02  0.3445372E+00
   04  0.3786271E+03  0.3114485E+04 -0.1702867E+02 -0.9844696E+02  0.3470612E+00
   04  0.3802549E+03  0.3114487E+04 -0.1660277E+02 -0.9861414E+02  0.3496023E+00
   04  0.3818826E+03  0.3114490E+04 -0.1622698E+02 -0.9878586E+02  0.3523833E+00
   04  0.3835104E+03  0.3114493E+04 -0.1593263E+02 -0.9895758E+02  0.3555894E+00
   04  0.3851381E+03  0.3114497E+04 -0.1573542E+02 -0.9912639E+02  0.3593272E+00
   04  0.3867658E+03  0.3114501E+04 -0.1563453E+02 -0.9929055E+02  0.3636147E+00
   04  0.3883936E+03  0.3114506E+04 -0.1561709E+02 -0.9944871E+02  0.3684010E+00
   04  0.3900213E+03  0.3114511E+04 -0.1566477E+02 -0.9959909E+02  0.3735993E+00
   04  0.3916491E+03  0.3114517E+04 -0.1575947E+02 -0.9973921E+02  0.3791146E+00
   04  0.3932768E+03  0.3114522E+04 -0.1588636E+02 -0.9986597E+02  0.3848597E+00
   04  0.3949046E+03  0.3114528E+04 -0.1603465E+02 -0.9997615E+02  0.3907589E+00
   04  0.3965323E+03  0.3114534E+04 -0.1619678E+02 -0.1000671E+03  0.3967450E+00
   04  0.3981600E+03  0.3114540E+04 -0.1636707E+02 -0.1001377E+03  0.4027535E+00
   04  0.3997878E+03  0.3114546E+04 -0.1654047E+02 -0.1001889E+03  0.4087189E+00
   04  0.4014155E+03  0.3114552E+04 -0.1671182E+02 -0.1002240E+03  0.4145733E+00
   04  0.4030433E+03  0.3114558E+04 -0.1687554E+02 -0.1002485E+03  0.4202485E+00
   04  0.4046710E+03  0.3114563E+04 -0.1702588E+02 -0.1002688E+03  0.4256796E+00
   04  0.4062987E+03  0.3114568E+04 -0.1715733E+02 -0.1002916E+03  0.4308105E+00
   04  0.4079265E+03  0.3114573E+04 -0.1726529E+02 -0.1003223E+03  0.4355984E+00
   04  0.4095542E+03  0.3114578E+04 -0.1734662E+02 -0.1003643E+03  0.4400176E+00
   04  0.4111820E+03  0.3114582E+04 -0.1740004E+02 -0.1004185E+03  0.4440610E+00
   04  0.4128097E+03  0.3114585E+04 -0.1742632E+02 -0.1004830E+03  0.4477398E+00
   04  0.4144375E+03  0.3114589E+04 -0.1742819E+02 -0.1005534E+03  0.4510821E+00
   04  0.4160652E+03  0.3114592E+04 -0.1741012E+02 -0.1006233E+03  0.4541299E+00
   04  0.4176929E+03  0.3114595E+04 -0.1737784E+02 -0.1006849E+03  0.4569355E+00
   04  0.4193207E+03  0.3114597E+04 -0.1733781E+02 -0.1007295E+03  0.4595584E+00
   04  0.4209484E+03  0.3114600E+04 -0.1729660E+02 -0.1007485E+03  0.4620605E+00
   04  0.4225762E+03  0.3114602E+04 -0.1726035E+02 -0.1007339E+03  0.4645027E+00
   04  0.4242039E+03  0.3114605E+04 -0.1723432E+02 -0.1006794E+03  0.4669408E+00
   04  0.4258316E+03  0.3114607E+04 -0.1722249E+02 -0.1005810E+03  0.4694224E+00
   04  0.4274594E+03  0.3114610E+04 -0.1722737E+02 -0.1004376E+03  0.4719839E+00
   04  0.4290871E+03  0.3114612E+04 -0.1724991E+02 -0.1002511E+03  0.4746492E+00
   04  0.4307149E+03  0.3114615E+04 -0.1728959E+02 -0.1000267E+03  0.4774295E+00
   04  0.4323426E+03  0.3114618E+04 -0.1734473E+02 -0.9977194E+02  0.4803260E+00
   04  0.4339704E+03  0.3114621E+04 -0.1741294E+02 -0.9949660E+02  0.4833333E+00
   04  0.4355981E+03  0.3114624E+04 -0.1749160E+02 -0.9921147E+02  0.4864454E+00
   04  0.4372258E+03  0.3114627E+04 -0.1757840E+02 -0.9892765E+02  0.4896599E+00
   04  0.4388536E+03  0.3114631E+04 -0.1767168E+02 -0.9865575E+02  0.4929823E+00
   04  0.4404813E+03  0.3114634E+04 -0.1777066E+02 -0.9840544E+02  0.4964281E+00
   04  0.4421091E+03  0.3114638E+04 -0.1787542E+02 -0.9818503E+02  0.5000220E+00
   04  0.4437368E+03  0.3114641E+04 -0.1798679E+02 -0.9800125E+02  0.5037960E+00
   04  0.4453645E+03  0.3114645E+04 -0.1810608E+02 -0.9785917E+02  0.5077845E+00
   04  0.4469923E+03  0.3114650E+04 -0.1823477E+02 -0.9776205E+02  0.5120197E+00
   04  0.4486200E+03  0.3114654E+04 -0.1837413E+02 -0.9771125E+02  0.5165265E+00
   04  0.4502478E+03  0.3114659E+04 -0.1852498E+02 -0.9770634E+02  0.5213189E+00
   04  0.4518755E+03  0.3114664E+04 -0.1868752E+02 -0.9774525E+02  0.5263981E+00
   04  0.4535033E+03  0.3114669E+04 -0.1886127E+02 -0.9782468E+02  0.5317534E+00
   04  0.4551310E+03  0.3114675E+04 -0.1904524E+02 -0.9794071E+02  0.5373657E+00
   04  0.4567587E+03  0.3114681E+04 -0.1923815E+02 -0.9808946E+02  0.5432124E+00
   04  0.4583865E+03  0.3114687E+04 -0.1943860E+02 -0.9826780E+02  0.5492727E+00
   04  0.4600142E+03  0.3114693E+04 -0.1964527E+02 -0.9847396E+02  0.5555324E+00
   04  0.4616420E+03  0.3114700E+04 -0.1985704E+02 -0.9870794E+02  0.5619875E+00
   04  0.4632697E+03  0.3114706E+04 -0.2007295E+02 -0.9897170E+02  0.5686460E+00
   04  0.4648974E+03  0.3114713E+04 -0.2029224E+02 -0.9926907E+02  0.5755277E+00
   04  0.4665252E+03  0.3114720E+04 -0.2051428E+02 -0.9960544E+02  0.5826629E+00
   04  0.4681529E+03  0.3114728E+04 -0.2073853E+02 -0.9998725E+02  0.5900890E+00
   04  0.4697807E+03  0.3114735E+04 -0.2096447E+02 -0.1004212E+03  0.5978460E+00
   04  0.4714084E+03  0.3114744E+04 -0.2119152E+02 -0.1009135E+03  0.6059714E+00
   04  0.4730362E+03  0.3114752E+04 -0.2141898E+02 -0.1014688E+03  0.6144939E+00
   04  0.4746639E+03  0.3114761E+04 -0.2164601E+02 -0.1020895E+03  0.6234280E+00
   04  0.4762916E+03  0.3114770E+04 -0.2187158E+02 -0.1027748E+03  0.6327683E+00
   04  0.4779194E+03  0.3114780E+04 -0.2209450E+02 -0.1035205E+03  0.6424872E+00
   04  0.4795471E+03  0.3114790E+04 -0.2231346E+02 -0.1043188E+03  0.6525335E+00
   04  0.4811749E+03  0.3114800E+04 -0.2252711E+02 -0.1051585E+03  0.6628341E+00
   04  0.4828026E+03  0.3114811E+04 -0.2273418E+02 -0.1060258E+03  0.6732978E+00
   04  0.4844303E+03  0.3114821E+04 -0.2293350E+02 -0.1069049E+03  0.6838208E+00
   04  0.4860581E+03  0.3114832E+04 -0.2312415E+02 -0.1077793E+03  0.6942938E+00
   04  0.4876858E+03  0.3114842E+04 -0.2330541E+02 -0.1086324E+03  0.7046084E+00
   04  0.4893136E+03  0.3114852E+04 -0.2347685E+02 -0.1094490E+03  0.7146637E+00
   04  0.4909413E+03  0.3114862E+04 -0.2363831E+02 -0.1102159E+03  0.7243709E+00
   04  0.4925691E+03  0.3114871E+04 -0.2378984E+02 -0.1109222E+03  0.7336577E+00
   04  0.4941968E+03  0.3114880E+04 -0.2393165E+02 -0.1115599E+03  0.7424696E+00
   04  0.4958245E+03  0.3114888E+04 -0.2406409E+02 -0.1121243E+03  0.7507709E+00
   04  0.4974523E+03  0.3114896E+04 -0.2418757E+02 -0.1126132E+03  0.7585434E+00
   04  0.4990800E+03  0.3114903E+04 -0.2430258E+02 -0.1130269E+03  0.7657848E+00
   04  0.5007078E+03  0.3114910E+04 -0.2440958E+02 -0.1133680E+03  0.7725061E+00
   04  0.5023355E+03  0.3114916E+04 -0.2450900E+02 -0.1136404E+03  0.7787288E+00
   04  0.5039632E+03  0.3114922E+04 -0.2460124E+02 -0.1138492E+03  0.7844815E+00
   04  0.5055910E+03  0.3114927E+04 -0.2468668E+02 -0.1139995E+03  0.7897966E+00
   04  0.5072187E+03  0.3114932E+04 -0.2476569E+02 -0.1140967E+03  0.7947079E+00
   04  0.5088465E+03  0.3114937E+04 -0.2483865E+02 -0.1141453E+03  0.7992474E+00
   04  0.5104742E+03  0.3114941E+04 -0.2490603E+02 -0.1141493E+03  0.8034443E+00
   04  0.5121020E+03  0.3114945E+04 -0.2496840E+02 -0.1141111E+03  0.8073226E+00
   04  0.5137297E+03  0.3114948E+04 -0.2502651E+02 -0.1140323E+03  0.8109005E+00
   04  0.5153574E+03  0.3114952E+04 -0.2508131E+02 -0.1139129E+03  0.8141903E+00
   04  0.5169852E+03  0.3114955E+04 -0.2513394E+02 -0.1137518E+03  0.8171980E+00
   04  0.5186129E+03  0.3114958E+04 -0.2518571E+02 -0.1135473E+03  0.8199256E+00
   04  0.5202407E+03  0.3114960E+04 -0.2523804E+02 -0.1132972E+03  0.8223730E+00
   04  0.5218684E+03  0.3114962E+04 -0.2529243E+02 -0.1130000E+03  0.8245418E+00
   04  0.5234961E+03  0.3114964E+04 -0.2535038E+02 -0.1126553E+03  0.8264389E+00
   04  0.5251239E+03  0.3114966E+04 -0.2541338E+02 -0.1122647E+03  0.8280793E+00
   04  0.5267516E+03  0.3114967E+04 -0.2548288E+02 -0.1118316E+03  0.8294875E+00
   04  0.5283794E+03  0.3114968E+04 -0.2556024E+02 -0.1113614E+03  0.8306973E+00
   04  0.5300071E+03  0.3114969E+04 -0.2564678E+02 -0.1108611E+03  0.8317490E+00
   04  0.5316349E+03  0.3114970E+04 -0.2574372E+02 -0.1103382E+03  0.8326868E+00
   04  0.5332626E+03  0.3114971E+04 -0.2585226E+02 -0.1098006E+03  0.8335559E+00
   04  0.5348903E+03  0.3114972E+04 -0.2597349E+02 -0.1092557E+03  0.8343997E+00
   04  0.5365181E+03  0.3114973E+04 -0.2610843E+02 -0.1087107E+03  0.8352592E+00
   04  0.5381458E+03  0.3114974E+04 -0.2625789E+02 -0.1081718E+03  0.8361720E+00
   04  0.5397736E+03  0.3114975E+04 -0.2642249E+02 -0.1076448E+03  0.8371722E+00
   04  0.5414013E+03  0.3114976E+04 -0.2660257E+02 -0.1071348E+03  0.8382904E+00
   04  0.5430290E+03  0.3114977E+04 -0.2679827E+02 -0.1066459E+03  0.8395525E+00
   04  0.5446568E+03  0.3114979E+04 -0.2700949E+02 -0.1061816E+03  0.8409802E+00
   04  0.5462845E+03  0.3114980E+04 -0.2723602E+02 -0.1057439E+03  0.8425892E+00
   04  0.5479123E+03  0.3114982E+04 -0.2747758E+02 -0.1053340E+03  0.8443890E+00
   04  0.5495400E+03  0.3114984E+04 -0.2773389E+02 -0.1049513E+03  0.8463825E+00
   04  0.5511678E+03  0.3114986E+04 -0.2800469E+02 -0.1045943E+03  0.8485659E+00
   04  0.5527955E+03  0.3114989E+04 -0.2828975E+02 -0.1042603E+03  0.8509297E+00
   04  0.5544232E+03  0.3114991E+04 -0.2858880E+02 -0.1039457E+03  0.8534598E+00
   04  0.5560510E+03  0.3114994E+04 -0.2890150E+02 -0.1036468E+03  0.8561393E+00
   04  0.5576787E+03  0.3114997E+04 -0.2922738E+02 -0.1033597E+03  0.8589504E+00
   04  0.5593065E+03  0.3114999E+04 -0.2956573E+02 -0.1030811E+03  0.8618753E+00
   04  0.5609342E+03  0.3115002E+04 -0.2991562E+02 -0.1028084E+03  0.8648981E+00
   04  0.5625619E+03  0.3115006E+04 -0.3027592E+02 -0.1025399E+03  0.8680054E+00
   04  0.5641897E+03  0.3115009E+04 -0.3064536E+02 -0.1022748E+03  0.8711865E+00
   04  0.5658174E+03  0.3115012E+04 -0.3102264E+02 -0.1020129E+03  0.8744337E+00
   04  0.5674452E+03  0.3115015E+04 -0.3140657E+02 -0.1017549E+03  0.8777419E+00
   04  0.5690729E+03  0.3115019E+04 -0.3179616E+02 -0.1015016E+03  0.8811081E+00
   04  0.5707007E+03  0.3115022E+04 -0.3219072E+02 -0.1012540E+03  0.8845308E+00
   04  0.5723284E+03  0.3115026E+04 -0.3258983E+02 -0.1010129E+03  0.8880086E+00
   04  0.5739561E+03  0.3115029E+04 -0.3299336E+02 -0.1007787E+03  0.8915398E+00
   04  0.5755839E+03  0.3115033E+04 -0.3340130E+02 -0.1005514E+03  0.8951207E+00
   04  0.5772116E+03  0.3115036E+04 -0.3381370E+02 -0.1003302E+03  0.8987445E+00
   04  0.5788394E+03  0.3115040E+04 -0.3423045E+02 -0.1001136E+03  0.9024006E+00
   04  0.5804671E+03  0.3115044E+04 -0.3465115E+02 -0.9989938E+02  0.9060730E+00
   04  0.5820948E+03  0.3115047E+04 -0.3507503E+02 -0.9968459E+02  0.9097410E+00
   04  0.5837226E+03  0.3115051E+04 -0.3550092E+02 -0.9946571E+02  0.9133793E+00
   04  0.5853503E+03  0.3115055E+04 -0.3592729E+02 -0.9923891E+02  0.9169598E+00
   04  0.5869781E+03  0.3115058E+04 -0.3635242E+02 -0.9900034E+02  0.9204541E+00
   04  0.5886058E+03  0.3115061E+04 -0.3677458E+02 -0.9874655E+02  0.9238361E+00
   04  0.5902336E+03  0.3115065E+04 -0.3719227E+02 -0.9847476E+02  0.9270846E+00
   04  0.5918613E+03  0.3115068E+04 -0.3760441E+02 -0.9818311E+02  0.9301849E+00
   04  0.5934890E+03  0.3115071E+04 -0.3801041E+02 -0.9787064E+02  0.9331295E+00
   04  0.5951168E+03  0.3115074E+04 -0.3841026E+02 -0.9753724E+02  0.9359173E+00
   04  0.5967445E+03  0.3115076E+04 -0.3880445E+02 -0.9718341E+02  0.9385527E+00
   04  0.5983723E+03  0.3115079E+04 -0.3919390E+02 -0.9681004E+02  0.9410434E+00
