# gauge_id= 307 location=( -0.1242050000E+03  0.4176625000E+02 ) num_var=  4
# Stationary gauge
# level, time, q[  1  2  3], eta, aux[]
# file format ascii, time series follow in this file
   04  0.0000000E+00  0.1212376E+02  0.0000000E+00  0.0000000E+00  0.0000000E+00
   04  0.1000000E+01  0.1212376E+02 -0.5504518E-16  0.1491371E-15  0.1422499E+00
   04  0.1015873E+01  0.1212376E+02  0.6455250E-03  0.4478982E-05  0.1422508E+00
   04  0.1031746E+01  0.1212376E+02  0.1291045E-02  0.8958932E-05  0.1422518E+00
   04  0.1047619E+01  0.1212376E+02  0.1936559E-02  0.1343987E-04  0.1422528E+00
   04  0.1063492E+01  0.1212376E+02  0.2582068E-02  0.1792181E-04  0.1422538E+00
   04  0.1079365E+01  0.1212376E+02  0.3227571E-02  0.2240476E-04  0.1422548E+00
   04  0.1095238E+01  0.1212377E+02  0.3873069E-02  0.2688876E-04  0.1422558E+00
   04  0.1111111E+01  0.1212377E+02  0.4518562E-02  0.3137381E-04  0.1422569E+00
   04  0.1126984E+01  0.1212377E+02  0.5164049E-02  0.3585993E-04  0.1422579E+00
   04  0.1142857E+01  0.1212377E+02  0.5809531E-02  0.4034714E-04  0.1422589E+00
   04  0.1158730E+01  0.1212377E+02  0.6455007E-02  0.4483545E-04  0.1422599E+00
   04  0.1174603E+01  0.1212377E+02  0.7100478E-02  0.4932489E-04  0.1422610E+00
   04  0.1190476E+01  0.1212377E+02  0.7745943E-02  0.5381547E-04  0.1422620E+00
   04  0.1206349E+01  0.1212377E+02  0.8391403E-02  0.5830720E-04  0.1422630E+00
   04  0.1222222E+01  0.1212377E+02  0.9036857E-02  0.6280011E-04  0.1422641E+00
   04  0.1238095E+01  0.1212377E+02  0.9682305E-02  0.6729420E-04  0.1422651E+00
   04  0.1253968E+01  0.1212378E+02  0.1032775E-01  0.7178951E-04  0.1422662E+00
   04  0.1269841E+01  0.1212378E+02  0.1097319E-01  0.7628603E-04  0.1422672E+00
   04  0.1285714E+01  0.1212378E+02  0.1161862E-01  0.8078379E-04  0.1422683E+00
   04  0.1301587E+01  0.1212378E+02  0.1226404E-01  0.8528281E-04  0.1422693E+00
   04  0.1317460E+01  0.1212378E+02  0.1290946E-01  0.8978310E-04  0.1422704E+00
   04  0.1333333E+01  0.1212378E+02  0.1355488E-01  0.9428467E-04  0.1422715E+00
   04  0.1349206E+01  0.1212378E+02  0.1420029E-01  0.9878755E-04  0.1422726E+00
   04  0.1365079E+01  0.1212378E+02  0.1484569E-01  0.1032917E-03  0.1422736E+00
   04  0.1380952E+01  0.1212378E+02  0.1549109E-01  0.1077973E-03  0.1422747E+00
   04  0.1396825E+01  0.1212379E+02  0.1613648E-01  0.1123042E-03  0.1422758E+00
   04  0.1412698E+01  0.1212379E+02  0.1678187E-01  0.1168124E-03  0.1422769E+00
   04  0.1428571E+01  0.1212379E+02  0.1742725E-01  0.1213220E-03  0.1422780E+00
   04  0.1476190E+01  0.1212379E+02  0.1936335E-01  0.1348449E-03  0.1422813E+00
   04  0.1523810E+01  0.1212379E+02  0.2129940E-01  0.1483806E-03  0.1422847E+00
   04  0.1571429E+01  0.1212380E+02  0.2323540E-01  0.1619298E-03  0.1422881E+00
   04  0.1619048E+01  0.1212380E+02  0.2517135E-01  0.1754928E-03  0.1422915E+00
   04  0.1666667E+01  0.1212380E+02  0.2710724E-01  0.1890699E-03  0.1422950E+00
   04  0.1714286E+01  0.1212381E+02  0.2904308E-01  0.2026617E-03  0.1422985E+00
   04  0.1761905E+01  0.1212381E+02  0.3097887E-01  0.2162686E-03  0.1423020E+00
   04  0.1809524E+01  0.1212381E+02  0.3291460E-01  0.2298908E-03  0.1423056E+00
   04  0.1857143E+01  0.1212382E+02  0.3485028E-01  0.2435289E-03  0.1423092E+00
   04  0.1904762E+01  0.1212382E+02  0.3678590E-01  0.2571832E-03  0.1423128E+00
   04  0.1952381E+01  0.1212383E+02  0.3872147E-01  0.2708541E-03  0.1423165E+00
   04  0.2000000E+01  0.1212383E+02  0.4065698E-01  0.2845420E-03  0.1423203E+00
   04  0.5727919E+01  0.1212421E+02  0.1919728E+00  0.1312399E-02  0.1427052E+00
   04  0.9455838E+01  0.1212483E+02  0.3428472E+00  0.2583559E-02  0.1433255E+00
   04  0.1318376E+02  0.1212569E+02  0.4930904E+00  0.4219406E-02  0.1441854E+00
   04  0.1691168E+02  0.1212679E+02  0.6425225E+00  0.6416583E-02  0.1452779E+00
   04  0.2063960E+02  0.1212811E+02  0.7909775E+00  0.9338835E-02  0.1465996E+00
   04  0.2436752E+02  0.1212965E+02  0.9382977E+00  0.1306807E-01  0.1481395E+00
   04  0.2809543E+02  0.1213138E+02  0.1084318E+01  0.1753108E-01  0.1498709E+00
   04  0.3182335E+02  0.1213329E+02  0.1228895E+01  0.2275300E-01  0.1517806E+00
   04  0.3555127E+02  0.1213537E+02  0.1371896E+01  0.2871626E-01  0.1538584E+00
   04  0.3927919E+02  0.1213760E+02  0.1513178E+01  0.3542123E-01  0.1560919E+00
   04  0.4300711E+02  0.1213998E+02  0.1652595E+01  0.4287740E-01  0.1584696E+00
   04  0.4487107E+02  0.1214122E+02  0.1721460E+01  0.4679441E-01  0.1597061E+00
   04  0.4673503E+02  0.1214248E+02  0.1789812E+01  0.5084347E-01  0.1609693E+00
   04  0.4839188E+02  0.1214363E+02  0.1850125E+01  0.5458486E-01  0.1621166E+00
   04  0.5004874E+02  0.1214479E+02  0.1910021E+01  0.5845495E-01  0.1632850E+00
   04  0.5170559E+02  0.1214598E+02  0.1969496E+01  0.6244369E-01  0.1644729E+00
   04  0.5336244E+02  0.1214719E+02  0.2028544E+01  0.6653917E-01  0.1656785E+00
   04  0.5501930E+02  0.1214841E+02  0.2087159E+01  0.7072798E-01  0.1668998E+00
   04  0.5667615E+02  0.1214964E+02  0.2145218E+01  0.7499954E-01  0.1681348E+00
   04  0.5833300E+02  0.1215089E+02  0.2202811E+01  0.7933380E-01  0.1693812E+00
   04  0.5998985E+02  0.1215215E+02  0.2259961E+01  0.8371436E-01  0.1706373E+00
   04  0.6164671E+02  0.1215341E+02  0.2316662E+01  0.8812386E-01  0.1719009E+00
   04  0.6330356E+02  0.1215468E+02  0.2372908E+01  0.9254453E-01  0.1731697E+00
   04  0.6496041E+02  0.1215595E+02  0.2428694E+01  0.9695838E-01  0.1744415E+00
   04  0.6661727E+02  0.1215722E+02  0.2483808E+01  0.1013550E+00  0.1757141E+00
   04  0.6827412E+02  0.1215849E+02  0.2538458E+01  0.1057083E+00  0.1769851E+00
   04  0.6993097E+02  0.1215976E+02  0.2592639E+01  0.1099999E+00  0.1782525E+00
   04  0.7158783E+02  0.1216102E+02  0.2646346E+01  0.1142105E+00  0.1795143E+00
   04  0.7324468E+02  0.1216228E+02  0.2699573E+01  0.1183202E+00  0.1807686E+00
   04  0.7490153E+02  0.1216352E+02  0.2752317E+01  0.1223128E+00  0.1820132E+00
   04  0.7655838E+02  0.1216475E+02  0.2804569E+01  0.1262055E+00  0.1832434E+00
   04  0.7821524E+02  0.1216597E+02  0.2856325E+01  0.1299837E+00  0.1844570E+00
   04  0.7987209E+02  0.1216716E+02  0.2907577E+01  0.1336334E+00  0.1856521E+00
   04  0.8152894E+02  0.1216834E+02  0.2958320E+01  0.1371411E+00  0.1868264E+00
   04  0.8318580E+02  0.1216949E+02  0.3008549E+01  0.1404932E+00  0.1879781E+00
   04  0.8484265E+02  0.1217061E+02  0.3058256E+01  0.1436766E+00  0.1891052E+00
   04  0.8649950E+02  0.1217172E+02  0.3107437E+01  0.1466781E+00  0.1902058E+00
   04  0.8815636E+02  0.1217279E+02  0.3156087E+01  0.1494846E+00  0.1912780E+00
   04  0.8981321E+02  0.1217383E+02  0.3204200E+01  0.1521065E+00  0.1923220E+00
   04  0.9147006E+02  0.1217485E+02  0.3251771E+01  0.1545778E+00  0.1933405E+00
   04  0.9445240E+02  0.1217661E+02  0.3336090E+01  0.1587045E+00  0.1951025E+00
   04  0.9743473E+02  0.1217828E+02  0.3418594E+01  0.1623344E+00  0.1967746E+00
   04  0.1004171E+03  0.1217986E+02  0.3499255E+01  0.1654170E+00  0.1983488E+00
   04  0.1033994E+03  0.1218133E+02  0.3578050E+01  0.1679037E+00  0.1998175E+00
   04  0.1063817E+03  0.1218268E+02  0.3654960E+01  0.1697540E+00  0.2011744E+00
   04  0.1093641E+03  0.1218392E+02  0.3729973E+01  0.1709406E+00  0.2024146E+00
   04  0.1123464E+03  0.1218504E+02  0.3803083E+01  0.1714379E+00  0.2035342E+00
   04  0.1153287E+03  0.1218604E+02  0.3874290E+01  0.1712234E+00  0.2045293E+00
   04  0.1183111E+03  0.1218691E+02  0.3943592E+01  0.1702775E+00  0.2053966E+00
   04  0.1212934E+03  0.1218764E+02  0.4010984E+01  0.1685864E+00  0.2061326E+00
   04  0.1242758E+03  0.1218824E+02  0.4076468E+01  0.1661407E+00  0.2067351E+00
   04  0.1272581E+03  0.1218871E+02  0.4140047E+01  0.1629212E+00  0.2072025E+00
   04  0.1302404E+03  0.1218904E+02  0.4201749E+01  0.1589360E+00  0.2075347E+00
   04  0.1332228E+03  0.1218924E+02  0.4261607E+01  0.1541811E+00  0.2077326E+00
   04  0.1362051E+03  0.1218931E+02  0.4319662E+01  0.1486540E+00  0.2077977E+00
   04  0.1391874E+03  0.1218924E+02  0.4375954E+01  0.1422851E+00  0.2077266E+00
   04  0.1421698E+03  0.1218903E+02  0.4430526E+01  0.1350623E+00  0.2075218E+00
   04  0.1451521E+03  0.1218869E+02  0.4483456E+01  0.1269928E+00  0.2071842E+00
   04  0.1481344E+03  0.1218823E+02  0.4534797E+01  0.1180847E+00  0.2067198E+00
   04  0.1511168E+03  0.1218764E+02  0.4584608E+01  0.1083447E+00  0.2061344E+00
   04  0.1540991E+03  0.1218694E+02  0.4632950E+01  0.9778023E-01  0.2054346E+00
   04  0.1570814E+03  0.1218614E+02  0.4679887E+01  0.8639907E-01  0.2046270E+00
   04  0.1600638E+03  0.1218523E+02  0.4725483E+01  0.7423488E-01  0.2037229E+00
   04  0.1630461E+03  0.1218424E+02  0.4769807E+01  0.6130811E-01  0.2027306E+00
   04  0.1660284E+03  0.1218317E+02  0.4812924E+01  0.4763140E-01  0.2016567E+00
   04  0.1690108E+03  0.1218202E+02  0.4854904E+01  0.3322133E-01  0.2005086E+00
   04  0.1719931E+03  0.1218080E+02  0.4895814E+01  0.1809799E-01  0.1992933E+00
   04  0.1749755E+03  0.1217953E+02  0.4935722E+01  0.2287123E-02  0.1980184E+00
   04  0.1779578E+03  0.1217820E+02  0.4974724E+01 -0.1417787E-01  0.1966887E+00
   04  0.1809401E+03  0.1217682E+02  0.5012886E+01 -0.3125885E-01  0.1953122E+00
   04  0.1824313E+03  0.1217612E+02  0.5031742E+01 -0.4003114E-01  0.1946081E+00
   04  0.1839225E+03  0.1217540E+02  0.5050399E+01 -0.4896651E-01  0.1938925E+00
   04  0.1854136E+03  0.1217468E+02  0.5068865E+01 -0.5806496E-01  0.1931667E+00
   04  0.1869048E+03  0.1217394E+02  0.5087147E+01 -0.6731921E-01  0.1924314E+00
   04  0.1883960E+03  0.1217320E+02  0.5105250E+01 -0.7672197E-01  0.1916875E+00
   04  0.1898871E+03  0.1217245E+02  0.5123176E+01 -0.8627444E-01  0.1909360E+00
   04  0.1913783E+03  0.1217169E+02  0.5140935E+01 -0.9599710E-01  0.1901803E+00
   04  0.1928695E+03  0.1217093E+02  0.5158534E+01 -0.1058837E+00  0.1894213E+00
   04  0.1943606E+03  0.1217017E+02  0.5175980E+01 -0.1159278E+00  0.1886597E+00
   04  0.1958518E+03  0.1216941E+02  0.5193281E+01 -0.1261000E+00  0.1878985E+00
   04  0.1973430E+03  0.1216865E+02  0.5210446E+01 -0.1363843E+00  0.1871390E+00
   04  0.1988341E+03  0.1216789E+02  0.5227483E+01 -0.1467750E+00  0.1863822E+00
   04  0.2003253E+03  0.1216714E+02  0.5244401E+01 -0.1572664E+00  0.1856286E+00
   04  0.2018165E+03  0.1216639E+02  0.5261207E+01 -0.1678528E+00  0.1848789E+00
   04  0.2033076E+03  0.1216564E+02  0.5277909E+01 -0.1785282E+00  0.1841338E+00
   04  0.2047988E+03  0.1216490E+02  0.5294516E+01 -0.1892867E+00  0.1833940E+00
   04  0.2062900E+03  0.1216417E+02  0.5311038E+01 -0.2001220E+00  0.1826601E+00
   04  0.2077811E+03  0.1216344E+02  0.5327484E+01 -0.2110279E+00  0.1819329E+00
   04  0.2092723E+03  0.1216272E+02  0.5343866E+01 -0.2219977E+00  0.1812133E+00
   04  0.2107635E+03  0.1216201E+02  0.5360201E+01 -0.2330246E+00  0.1805023E+00
   04  0.2122546E+03  0.1216130E+02  0.5376410E+01 -0.2441016E+00  0.1797939E+00
   04  0.2137458E+03  0.1216059E+02  0.5392460E+01 -0.2552233E+00  0.1790852E+00
   04  0.2152370E+03  0.1215989E+02  0.5408350E+01 -0.2663842E+00  0.1783761E+00
   04  0.2167281E+03  0.1215918E+02  0.5424080E+01 -0.2775788E+00  0.1776666E+00
   04  0.2182193E+03  0.1215847E+02  0.5439648E+01 -0.2888019E+00  0.1769566E+00
   04  0.2197105E+03  0.1215776E+02  0.5455056E+01 -0.3000478E+00  0.1762459E+00
   04  0.2212017E+03  0.1215704E+02  0.5470301E+01 -0.3113111E+00  0.1755343E+00
   04  0.2226928E+03  0.1215633E+02  0.5485383E+01 -0.3225862E+00  0.1748218E+00
   04  0.2241840E+03  0.1215562E+02  0.5500303E+01 -0.3338675E+00  0.1741082E+00
   04  0.2256752E+03  0.1215490E+02  0.5515058E+01 -0.3451492E+00  0.1733932E+00
   04  0.2271663E+03  0.1215419E+02  0.5529648E+01 -0.3564255E+00  0.1726767E+00
   04  0.2286575E+03  0.1215347E+02  0.5544073E+01 -0.3676907E+00  0.1719585E+00
   04  0.2301487E+03  0.1215275E+02  0.5558331E+01 -0.3789387E+00  0.1712382E+00
   04  0.2316398E+03  0.1215202E+02  0.5572420E+01 -0.3901632E+00  0.1705157E+00
   04  0.2331310E+03  0.1215130E+02  0.5586340E+01 -0.4013576E+00  0.1697904E+00
   04  0.2346222E+03  0.1215057E+02  0.5600088E+01 -0.4125155E+00  0.1690621E+00
   04  0.2361133E+03  0.1214984E+02  0.5613663E+01 -0.4236305E+00  0.1683305E+00
   04  0.2376045E+03  0.1214910E+02  0.5627064E+01 -0.4346960E+00  0.1675951E+00
   04  0.2390957E+03  0.1214836E+02  0.5640286E+01 -0.4457056E+00  0.1668555E+00
   04  0.2405868E+03  0.1214762E+02  0.5653304E+01 -0.4566524E+00  0.1661091E+00
   04  0.2420780E+03  0.1214686E+02  0.5666114E+01 -0.4675292E+00  0.1653556E+00
   04  0.2435692E+03  0.1214610E+02  0.5678713E+01 -0.4783292E+00  0.1645943E+00
   04  0.2450603E+03  0.1214533E+02  0.5691098E+01 -0.4890456E+00  0.1638248E+00
   04  0.2465515E+03  0.1214456E+02  0.5703267E+01 -0.4996720E+00  0.1630465E+00
   04  0.2480427E+03  0.1214377E+02  0.5715218E+01 -0.5102021E+00  0.1622591E+00
   04  0.2495338E+03  0.1214297E+02  0.5726947E+01 -0.5206299E+00  0.1614621E+00
   04  0.2510250E+03  0.1214216E+02  0.5738454E+01 -0.5309495E+00  0.1606551E+00
   04  0.2525162E+03  0.1214135E+02  0.5749737E+01 -0.5411556E+00  0.1598376E+00
   04  0.2540073E+03  0.1214052E+02  0.5760794E+01 -0.5512430E+00  0.1590094E+00
   04  0.2554985E+03  0.1213968E+02  0.5771623E+01 -0.5612067E+00  0.1581700E+00
   04  0.2569897E+03  0.1213883E+02  0.5782226E+01 -0.5710420E+00  0.1573192E+00
   04  0.2584808E+03  0.1213797E+02  0.5792624E+01 -0.5807449E+00  0.1564583E+00
   04  0.2599720E+03  0.1213710E+02  0.5802825E+01 -0.5903102E+00  0.1555878E+00
   04  0.2614632E+03  0.1213622E+02  0.5812837E+01 -0.5997333E+00  0.1547078E+00
   04  0.2629543E+03  0.1213533E+02  0.5822667E+01 -0.6090097E+00  0.1538188E+00
   04  0.2644455E+03  0.1213443E+02  0.5832319E+01 -0.6181351E+00  0.1529210E+00
   04  0.2659367E+03  0.1213352E+02  0.5841799E+01 -0.6271052E+00  0.1520146E+00
   04  0.2674278E+03  0.1213261E+02  0.5851112E+01 -0.6359163E+00  0.1510998E+00
   04  0.2689190E+03  0.1213169E+02  0.5860262E+01 -0.6445646E+00  0.1501767E+00
   04  0.2704102E+03  0.1213075E+02  0.5869253E+01 -0.6530465E+00  0.1492455E+00
   04  0.2719014E+03  0.1212982E+02  0.5878088E+01 -0.6613587E+00  0.1483063E+00
   04  0.2733925E+03  0.1212887E+02  0.5886772E+01 -0.6694983E+00  0.1473593E+00
   04  0.2748837E+03  0.1212791E+02  0.5895305E+01 -0.6774623E+00  0.1464043E+00
   04  0.2763749E+03  0.1212695E+02  0.5903691E+01 -0.6852479E+00  0.1454415E+00
   04  0.2778660E+03  0.1212598E+02  0.5911930E+01 -0.6928528E+00  0.1444707E+00
   04  0.2793572E+03  0.1212500E+02  0.5920026E+01 -0.7002746E+00  0.1434921E+00
   04  0.2808484E+03  0.1212402E+02  0.5927985E+01 -0.7075116E+00  0.1425059E+00
   04  0.2823395E+03  0.1212302E+02  0.5935810E+01 -0.7145623E+00  0.1415122E+00
   04  0.2838307E+03  0.1212202E+02  0.5943504E+01 -0.7214255E+00  0.1405112E+00
   04  0.2853219E+03  0.1212101E+02  0.5951069E+01 -0.7281264E+00  0.1395051E+00
   04  0.2868130E+03  0.1212000E+02  0.5958507E+01 -0.7346667E+00  0.1384940E+00
   04  0.2883042E+03  0.1211899E+02  0.5965817E+01 -0.7410433E+00  0.1374777E+00
   04  0.2897954E+03  0.1211796E+02  0.5972999E+01 -0.7472535E+00  0.1364556E+00
   04  0.2912865E+03  0.1211694E+02  0.5980052E+01 -0.7532946E+00  0.1354275E+00
   04  0.2927777E+03  0.1211590E+02  0.5986975E+01 -0.7591645E+00  0.1343930E+00
   04  0.2942689E+03  0.1211486E+02  0.5993767E+01 -0.7648611E+00  0.1333516E+00
   04  0.2957600E+03  0.1211381E+02  0.6000428E+01 -0.7703825E+00  0.1323029E+00
   04  0.2972512E+03  0.1211276E+02  0.6006956E+01 -0.7757268E+00  0.1312466E+00
   04  0.2987424E+03  0.1211169E+02  0.6013351E+01 -0.7808922E+00  0.1301822E+00
   04  0.3002335E+03  0.1211062E+02  0.6019610E+01 -0.7858773E+00  0.1291093E+00
   04  0.3017247E+03  0.1210954E+02  0.6025734E+01 -0.7906804E+00  0.1280275E+00
   04  0.3032159E+03  0.1210845E+02  0.6031723E+01 -0.7952803E+00  0.1269384E+00
   04  0.3047070E+03  0.1210735E+02  0.6037575E+01 -0.7996745E+00  0.1258416E+00
   04  0.3061982E+03  0.1210625E+02  0.6043290E+01 -0.8038622E+00  0.1247366E+00
   04  0.3076894E+03  0.1210513E+02  0.6048867E+01 -0.8078426E+00  0.1236231E+00
   04  0.3091805E+03  0.1210401E+02  0.6054306E+01 -0.8116146E+00  0.1225006E+00
   04  0.3106717E+03  0.1210288E+02  0.6059607E+01 -0.8151771E+00  0.1213688E+00
   04  0.3121629E+03  0.1210174E+02  0.6064772E+01 -0.8185294E+00  0.1202273E+00
   04  0.3136540E+03  0.1210058E+02  0.6069798E+01 -0.8217133E+00  0.1190724E+00
   04  0.3151452E+03  0.1209941E+02  0.6074685E+01 -0.8247355E+00  0.1179031E+00
   04  0.3165017E+03  0.1209834E+02  0.6079012E+01 -0.8273455E+00  0.1168270E+00
   04  0.3178581E+03  0.1209725E+02  0.6083223E+01 -0.8298245E+00  0.1157385E+00
   04  0.3192146E+03  0.1209615E+02  0.6087320E+01 -0.8321739E+00  0.1146373E+00
   04  0.3205710E+03  0.1209503E+02  0.6091303E+01 -0.8343954E+00  0.1135233E+00
   04  0.3219275E+03  0.1209391E+02  0.6095173E+01 -0.8364910E+00  0.1123964E+00
   04  0.3232839E+03  0.1209277E+02  0.6098932E+01 -0.8384637E+00  0.1112569E+00
   04  0.3246404E+03  0.1209162E+02  0.6102604E+01 -0.8403058E+00  0.1101062E+00
   04  0.3259968E+03  0.1209045E+02  0.6106211E+01 -0.8419951E+00  0.1089446E+00
   04  0.3273533E+03  0.1208928E+02  0.6109753E+01 -0.8435304E+00  0.1077718E+00
   04  0.3287097E+03  0.1208810E+02  0.6113230E+01 -0.8449102E+00  0.1065879E+00
   04  0.3300662E+03  0.1208690E+02  0.6116645E+01 -0.8461326E+00  0.1053927E+00
   04  0.3314226E+03  0.1208570E+02  0.6119998E+01 -0.8471954E+00  0.1041862E+00
   04  0.3327791E+03  0.1208448E+02  0.6123305E+01 -0.8480959E+00  0.1029696E+00
   04  0.3341355E+03  0.1208325E+02  0.6126569E+01 -0.8488312E+00  0.1017432E+00
   04  0.3354920E+03  0.1208202E+02  0.6129793E+01 -0.8493974E+00  0.1005071E+00
   04  0.3368484E+03  0.1208077E+02  0.6132978E+01 -0.8497890E+00  0.9926162E-01
   04  0.3382049E+03  0.1207952E+02  0.6136127E+01 -0.8500113E+00  0.9800611E-01
   04  0.3395613E+03  0.1207825E+02  0.6139240E+01 -0.8500743E+00  0.9673958E-01
   04  0.3409178E+03  0.1207697E+02  0.6142321E+01 -0.8499754E+00  0.9546211E-01
   04  0.3422742E+03  0.1207568E+02  0.6145372E+01 -0.8497118E+00  0.9417378E-01
   04  0.3436307E+03  0.1207438E+02  0.6148396E+01 -0.8492800E+00  0.9287472E-01
   04  0.3449871E+03  0.1207307E+02  0.6151393E+01 -0.8486754E+00  0.9156510E-01
   04  0.3463436E+03  0.1207175E+02  0.6154368E+01 -0.8478942E+00  0.9024510E-01
   04  0.3477000E+03  0.1207042E+02  0.6157323E+01 -0.8469428E+00  0.8891425E-01
   04  0.3490565E+03  0.1206908E+02  0.6160261E+01 -0.8458195E+00  0.8757264E-01
   04  0.3504130E+03  0.1206773E+02  0.6163182E+01 -0.8445230E+00  0.8622025E-01
   04  0.3517694E+03  0.1206637E+02  0.6166090E+01 -0.8430506E+00  0.8485707E-01
   04  0.3531259E+03  0.1206499E+02  0.6168989E+01 -0.8413996E+00  0.8348312E-01
   04  0.3544823E+03  0.1206361E+02  0.6171880E+01 -0.8395730E+00  0.8209889E-01
   04  0.3558388E+03  0.1206221E+02  0.6174769E+01 -0.8375755E+00  0.8070500E-01
   04  0.3574665E+03  0.1206053E+02  0.6178218E+01 -0.8349375E+00  0.7901961E-01
   04  0.3590942E+03  0.1205883E+02  0.6181677E+01 -0.8320521E+00  0.7732182E-01
   04  0.3607220E+03  0.1205712E+02  0.6185152E+01 -0.8289184E+00  0.7561157E-01
   04  0.3623497E+03  0.1205540E+02  0.6188649E+01 -0.8255283E+00  0.7388875E-01
   04  0.3639775E+03  0.1205366E+02  0.6192175E+01 -0.8218739E+00  0.7215331E-01
   04  0.3656052E+03  0.1205191E+02  0.6195736E+01 -0.8179473E+00  0.7040520E-01
   04  0.3672329E+03  0.1205015E+02  0.6199339E+01 -0.8137409E+00  0.6864441E-01
   04  0.3688607E+03  0.1204838E+02  0.6202990E+01 -0.8092474E+00  0.6687094E-01
   04  0.3704884E+03  0.1204659E+02  0.6206695E+01 -0.8044593E+00  0.6508477E-01
   04  0.3721162E+03  0.1204480E+02  0.6210461E+01 -0.7993697E+00  0.6328590E-01
   04  0.3737439E+03  0.1204298E+02  0.6214295E+01 -0.7939717E+00  0.6147423E-01
   04  0.3753717E+03  0.1204116E+02  0.6218201E+01 -0.7882585E+00  0.5964968E-01
   04  0.3769994E+03  0.1203932E+02  0.6222187E+01 -0.7822238E+00  0.5781211E-01
   04  0.3786271E+03  0.1203747E+02  0.6226258E+01 -0.7758611E+00  0.5596138E-01
   04  0.3802549E+03  0.1203561E+02  0.6230420E+01 -0.7691645E+00  0.5409733E-01
   04  0.3818826E+03  0.1203373E+02  0.6234678E+01 -0.7621281E+00  0.5221976E-01
   04  0.3835104E+03  0.1203184E+02  0.6239037E+01 -0.7547464E+00  0.5032848E-01
   04  0.3851381E+03  0.1202993E+02  0.6243502E+01 -0.7470141E+00  0.4842328E-01
   04  0.3867658E+03  0.1202801E+02  0.6248076E+01 -0.7389261E+00  0.4650390E-01
   04  0.3883936E+03  0.1202608E+02  0.6252765E+01 -0.7304778E+00  0.4457009E-01
   04  0.3900213E+03  0.1202413E+02  0.6257573E+01 -0.7216647E+00  0.4262154E-01
   04  0.3916491E+03  0.1202217E+02  0.6262502E+01 -0.7124827E+00  0.4065794E-01
   04  0.3932768E+03  0.1202019E+02  0.6267556E+01 -0.7029281E+00  0.3867893E-01
   04  0.3949046E+03  0.1201819E+02  0.6272739E+01 -0.6929973E+00  0.3668414E-01
   04  0.3965323E+03  0.1201618E+02  0.6278055E+01 -0.6826872E+00  0.3467317E-01
   04  0.3981600E+03  0.1201415E+02  0.6283505E+01 -0.6719950E+00  0.3264560E-01
   04  0.3997878E+03  0.1201211E+02  0.6289092E+01 -0.6609181E+00  0.3060100E-01
   04  0.4014155E+03  0.1201005E+02  0.6294819E+01 -0.6494544E+00  0.2853891E-01
   04  0.4030433E+03  0.1200797E+02  0.6300688E+01 -0.6376020E+00  0.2645884E-01
   04  0.4046710E+03  0.1200587E+02  0.6306702E+01 -0.6253595E+00  0.2436037E-01
   04  0.4062987E+03  0.1200375E+02  0.6312864E+01 -0.6127254E+00  0.2224300E-01
   04  0.4079265E+03  0.1200162E+02  0.6319174E+01 -0.5996990E+00  0.2010625E-01
   04  0.4095542E+03  0.1199946E+02  0.6325637E+01 -0.5862797E+00  0.1794961E-01
   04  0.4111820E+03  0.1199728E+02  0.6332252E+01 -0.5724674E+00  0.1577256E-01
   04  0.4128097E+03  0.1199508E+02  0.6339022E+01 -0.5582621E+00  0.1357456E-01
   04  0.4144375E+03  0.1199286E+02  0.6345947E+01 -0.5436640E+00  0.1135507E-01
   04  0.4160652E+03  0.1199062E+02  0.6353030E+01 -0.5286737E+00  0.9113524E-02
   04  0.4176929E+03  0.1198836E+02  0.6360269E+01 -0.5132919E+00  0.6849352E-02
   04  0.4193207E+03  0.1198607E+02  0.6367666E+01 -0.4975196E+00  0.4561962E-02
   04  0.4209484E+03  0.1198376E+02  0.6375221E+01 -0.4813578E+00  0.2250765E-02
   04  0.4225762E+03  0.1198142E+02  0.6382933E+01 -0.4648082E+00 -0.8483120E-04
   04  0.4242039E+03  0.1197906E+02  0.6390803E+01 -0.4478723E+00 -0.2445417E-02
   04  0.4258316E+03  0.1197668E+02  0.6398830E+01 -0.4305522E+00 -0.4831585E-02
   04  0.4274594E+03  0.1197426E+02  0.6407013E+01 -0.4128273E+00 -0.7245780E-02
   04  0.4290871E+03  0.1197182E+02  0.6415349E+01 -0.3946956E+00 -0.9688931E-02
   04  0.4307149E+03  0.1196935E+02  0.6423837E+01 -0.3761583E+00 -0.1216171E-01
   04  0.4323426E+03  0.1196684E+02  0.6432475E+01 -0.3572171E+00 -0.1466477E-01
   04  0.4339704E+03  0.1196431E+02  0.6441261E+01 -0.3378739E+00 -0.1719870E-01
   04  0.4355981E+03  0.1196175E+02  0.6450192E+01 -0.3181308E+00 -0.1976406E-01
   04  0.4372258E+03  0.1195915E+02  0.6459264E+01 -0.2979903E+00 -0.2236142E-01
   04  0.4388536E+03  0.1195652E+02  0.6468476E+01 -0.2774551E+00 -0.2499131E-01
   04  0.4404813E+03  0.1195385E+02  0.6477824E+01 -0.2565281E+00 -0.2765425E-01
   04  0.4421091E+03  0.1195116E+02  0.6487305E+01 -0.2352124E+00 -0.3035073E-01
   04  0.4437368E+03  0.1194843E+02  0.6496916E+01 -0.2135116E+00 -0.3308123E-01
   04  0.4453645E+03  0.1194566E+02  0.6506652E+01 -0.1914295E+00 -0.3584620E-01
   04  0.4469923E+03  0.1194286E+02  0.6516510E+01 -0.1689700E+00 -0.3864605E-01
   04  0.4486200E+03  0.1194003E+02  0.6526487E+01 -0.1461374E+00 -0.4148120E-01
   04  0.4502478E+03  0.1193716E+02  0.6536579E+01 -0.1229362E+00 -0.4435202E-01
   04  0.4518755E+03  0.1193425E+02  0.6546781E+01 -0.9937104E-01 -0.4725885E-01
   04  0.4535033E+03  0.1193131E+02  0.6557091E+01 -0.7544697E-01 -0.5020204E-01
   04  0.4551310E+03  0.1192833E+02  0.6567503E+01 -0.5116985E-01 -0.5318181E-01
   04  0.4567587E+03  0.1192531E+02  0.6578015E+01 -0.2654568E-01 -0.5619838E-01
   04  0.4583865E+03  0.1192226E+02  0.6588622E+01 -0.1580597E-02 -0.5925192E-01
   04  0.4600142E+03  0.1191917E+02  0.6599321E+01  0.2371923E-01 -0.6234262E-01
   04  0.4616420E+03  0.1191604E+02  0.6610108E+01  0.4934756E-01 -0.6547063E-01
   04  0.4632697E+03  0.1191287E+02  0.6620979E+01  0.7529819E-01 -0.6863608E-01
   04  0.4648974E+03  0.1190967E+02  0.6631930E+01  0.1015649E+00 -0.7183910E-01
   04  0.4665252E+03  0.1190643E+02  0.6642959E+01  0.1281390E+00 -0.7507957E-01
   04  0.4681529E+03  0.1190315E+02  0.6654062E+01  0.1550055E+00 -0.7835684E-01
   04  0.4697807E+03  0.1189984E+02  0.6665235E+01  0.1821581E+00 -0.8167098E-01
   04  0.4714084E+03  0.1189649E+02  0.6676476E+01  0.2095905E+00 -0.8502206E-01
   04  0.4730362E+03  0.1189310E+02  0.6687780E+01  0.2372967E+00 -0.8841013E-01
   04  0.4746639E+03  0.1188967E+02  0.6699145E+01  0.2652705E+00 -0.9183522E-01
   04  0.4762916E+03  0.1188621E+02  0.6710568E+01  0.2935061E+00 -0.9529736E-01
   04  0.4779194E+03  0.1188271E+02  0.6722044E+01  0.3219974E+00 -0.9879656E-01
   04  0.4795471E+03  0.1187918E+02  0.6733571E+01  0.3507387E+00 -0.1023329E+00
   04  0.4811749E+03  0.1187560E+02  0.6745145E+01  0.3797243E+00 -0.1059062E+00
   04  0.4828026E+03  0.1187199E+02  0.6756764E+01  0.4089487E+00 -0.1095167E+00
   04  0.4844303E+03  0.1186835E+02  0.6768425E+01  0.4384064E+00 -0.1131642E+00
   04  0.4860581E+03  0.1186466E+02  0.6780123E+01  0.4680921E+00 -0.1168487E+00
   04  0.4876858E+03  0.1186094E+02  0.6791857E+01  0.4980007E+00 -0.1205701E+00
   04  0.4893136E+03  0.1185718E+02  0.6803622E+01  0.5281271E+00 -0.1243285E+00
   04  0.4909413E+03  0.1185339E+02  0.6815417E+01  0.5584665E+00 -0.1281237E+00
   04  0.4925691E+03  0.1184955E+02  0.6827238E+01  0.5890141E+00 -0.1319556E+00
   04  0.4941968E+03  0.1184569E+02  0.6839083E+01  0.6197650E+00 -0.1358242E+00
   04  0.4958245E+03  0.1184178E+02  0.6850951E+01  0.6507143E+00 -0.1397291E+00
   04  0.4974523E+03  0.1183784E+02  0.6862838E+01  0.6818566E+00 -0.1436702E+00
   04  0.4990800E+03  0.1183386E+02  0.6874744E+01  0.7131867E+00 -0.1476472E+00
   04  0.5007078E+03  0.1182985E+02  0.6886666E+01  0.7446971E+00 -0.1516599E+00
   04  0.5023355E+03  0.1182580E+02  0.6898602E+01  0.7763838E+00 -0.1557081E+00
   04  0.5039632E+03  0.1182172E+02  0.6910548E+01  0.8082444E+00 -0.1597914E+00
   04  0.5055910E+03  0.1181760E+02  0.6922501E+01  0.8402746E+00 -0.1639097E+00
   04  0.5072187E+03  0.1181345E+02  0.6934459E+01  0.8724697E+00 -0.1680627E+00
   04  0.5088465E+03  0.1180926E+02  0.6946431E+01  0.9048278E+00 -0.1722499E+00
   04  0.5104742E+03  0.1180504E+02  0.6958403E+01  0.9373419E+00 -0.1764712E+00
   04  0.5121020E+03  0.1180078E+02  0.6970375E+01  0.9700080E+00 -0.1807261E+00
   04  0.5137297E+03  0.1179649E+02  0.6982346E+01  0.1002822E+01 -0.1850144E+00
   04  0.5153574E+03  0.1179217E+02  0.6994313E+01  0.1035780E+01 -0.1893356E+00
   04  0.5169852E+03  0.1178782E+02  0.7006277E+01  0.1068878E+01 -0.1936893E+00
   04  0.5186129E+03  0.1178343E+02  0.7018236E+01  0.1102113E+01 -0.1980751E+00
   04  0.5202407E+03  0.1177902E+02  0.7030189E+01  0.1135480E+01 -0.2024925E+00
   04  0.5218684E+03  0.1177457E+02  0.7042137E+01  0.1168977E+01 -0.2069411E+00
   04  0.5234961E+03  0.1177009E+02  0.7054078E+01  0.1202600E+01 -0.2114204E+00
   04  0.5251239E+03  0.1176558E+02  0.7066014E+01  0.1236344E+01 -0.2159299E+00
   04  0.5267516E+03  0.1176104E+02  0.7077942E+01  0.1270208E+01 -0.2204690E+00
   04  0.5283794E+03  0.1175647E+02  0.7089865E+01  0.1304187E+01 -0.2250372E+00
   04  0.5300071E+03  0.1175188E+02  0.7101780E+01  0.1338279E+01 -0.2296339E+00
   04  0.5316349E+03  0.1174725E+02  0.7113690E+01  0.1372479E+01 -0.2342586E+00
   04  0.5332626E+03  0.1174260E+02  0.7125593E+01  0.1406782E+01 -0.2389107E+00
   04  0.5348903E+03  0.1173792E+02  0.7137507E+01  0.1441185E+01 -0.2435900E+00
   04  0.5365181E+03  0.1173321E+02  0.7149417E+01  0.1475682E+01 -0.2482956E+00
   04  0.5381458E+03  0.1172848E+02  0.7161321E+01  0.1510269E+01 -0.2530272E+00
   04  0.5397736E+03  0.1172373E+02  0.7173221E+01  0.1544942E+01 -0.2577842E+00
   04  0.5414013E+03  0.1171894E+02  0.7185117E+01  0.1579696E+01 -0.2625660E+00
   04  0.5430290E+03  0.1171414E+02  0.7197008E+01  0.1614528E+01 -0.2673720E+00
   04  0.5446568E+03  0.1170931E+02  0.7208895E+01  0.1649432E+01 -0.2722016E+00
   04  0.5462845E+03  0.1170445E+02  0.7220779E+01  0.1684405E+01 -0.2770543E+00
   04  0.5479123E+03  0.1169958E+02  0.7232658E+01  0.1719442E+01 -0.2819294E+00
   04  0.5495400E+03  0.1169468E+02  0.7244533E+01  0.1754540E+01 -0.2868264E+00
   04  0.5511678E+03  0.1168976E+02  0.7256405E+01  0.1789694E+01 -0.2917445E+00
   04  0.5527955E+03  0.1168483E+02  0.7268272E+01  0.1824900E+01 -0.2966832E+00
   04  0.5544232E+03  0.1167987E+02  0.7280135E+01  0.1860155E+01 -0.3016418E+00
   04  0.5560510E+03  0.1167489E+02  0.7291992E+01  0.1895454E+01 -0.3066197E+00
   04  0.5576787E+03  0.1166989E+02  0.7303843E+01  0.1930794E+01 -0.3116161E+00
   04  0.5593065E+03  0.1166488E+02  0.7315688E+01  0.1966170E+01 -0.3166305E+00
   04  0.5609342E+03  0.1165985E+02  0.7327524E+01  0.2001579E+01 -0.3216621E+00
   04  0.5625619E+03  0.1165480E+02  0.7339351E+01  0.2037017E+01 -0.3267103E+00
   04  0.5641897E+03  0.1164973E+02  0.7351166E+01  0.2072481E+01 -0.3317746E+00
   04  0.5658174E+03  0.1164465E+02  0.7362969E+01  0.2107967E+01 -0.3368543E+00
   04  0.5674452E+03  0.1163956E+02  0.7374757E+01  0.2143471E+01 -0.3419486E+00
   04  0.5690729E+03  0.1163445E+02  0.7386529E+01  0.2178989E+01 -0.3470569E+00
   04  0.5707007E+03  0.1162933E+02  0.7398285E+01  0.2214517E+01 -0.3521786E+00
   04  0.5723284E+03  0.1162420E+02  0.7410021E+01  0.2250053E+01 -0.3573129E+00
   04  0.5739561E+03  0.1161905E+02  0.7421737E+01  0.2285590E+01 -0.3624591E+00
   04  0.5755839E+03  0.1161389E+02  0.7433430E+01  0.2321127E+01 -0.3676167E+00
   04  0.5772116E+03  0.1160872E+02  0.7445100E+01  0.2356658E+01 -0.3727848E+00
   04  0.5788394E+03  0.1160355E+02  0.7456743E+01  0.2392180E+01 -0.3779628E+00
   04  0.5804671E+03  0.1159836E+02  0.7468359E+01  0.2427689E+01 -0.3831500E+00
   04  0.5820948E+03  0.1159316E+02  0.7479946E+01  0.2463181E+01 -0.3883457E+00
   04  0.5837226E+03  0.1158796E+02  0.7491501E+01  0.2498652E+01 -0.3935493E+00
   04  0.5853503E+03  0.1158275E+02  0.7503023E+01  0.2534097E+01 -0.3987601E+00
   04  0.5869781E+03  0.1157753E+02  0.7514510E+01  0.2569512E+01 -0.4039773E+00
   04  0.5886058E+03  0.1157231E+02  0.7525960E+01  0.2604894E+01 -0.4092005E+00
   04  0.5902336E+03  0.1156708E+02  0.7537372E+01  0.2640238E+01 -0.4144288E+00
   04  0.5918613E+03  0.1156185E+02  0.7548743E+01  0.2675540E+01 -0.4196616E+00
   04  0.5934890E+03  0.1155661E+02  0.7560072E+01  0.2710796E+01 -0.4248983E+00
   04  0.5951168E+03  0.1155137E+02  0.7571357E+01  0.2746001E+01 -0.4301383E+00
   04  0.5967445E+03  0.1154613E+02  0.7582649E+01  0.2781169E+01 -0.4353809E+00
   04  0.5983723E+03  0.1154088E+02  0.7593893E+01  0.2816277E+01 -0.4406250E+00
