# gauge_id= 526 location=( -0.1253000000E+03  0.4200000000E+02 ) num_var=  4
# Stationary gauge
# level, time, q[  1  2  3], eta, aux[]
# file format ascii, time series follow in this file
   02  0.0000000E+00  0.2923778E+04  0.0000000E+00  0.0000000E+00  0.0000000E+00
   02  0.1000000E+01  0.2923778E+04 -0.4277515E-15 -0.7736769E-13  0.1805057E+00
   02  0.1142857E+01  0.2923779E+04 -0.1859938E+00 -0.1116422E-01  0.1819248E+00
   02  0.1285714E+01  0.2923780E+04 -0.3721408E+00 -0.2242199E-01  0.1833432E+00
   02  0.1428571E+01  0.2923782E+04 -0.5584498E+00 -0.3377470E-01  0.1847611E+00
   02  0.1571429E+01  0.2923783E+04 -0.7449319E+00 -0.4522353E-01  0.1861784E+00
   02  0.1714286E+01  0.2923785E+04 -0.9316084E+00 -0.5676947E-01  0.1875949E+00
   02  0.1857143E+01  0.2923786E+04 -0.1118478E+01 -0.6841340E-01  0.1890106E+00
   02  0.2000000E+01  0.2923788E+04 -0.1305538E+01 -0.8015601E-01  0.1904256E+00
   02  0.4673503E+02  0.2924237E+04 -0.5937908E+02 -0.9404494E+01  0.6402361E+00
   03  0.9147006E+02  0.3093246E+04 -0.1436395E+03 -0.2985347E+02  0.1054334E+01
   03  0.1004171E+03  0.3093261E+04 -0.1491429E+03 -0.3636587E+02  0.1069162E+01
   03  0.1093641E+03  0.3093283E+04 -0.1534145E+03 -0.4310042E+02  0.1091275E+01
   03  0.1183111E+03  0.3093309E+04 -0.1575776E+03 -0.4991362E+02  0.1116722E+01
   03  0.1272581E+03  0.3093333E+04 -0.1617521E+03 -0.5645965E+02  0.1141319E+01
   03  0.1362051E+03  0.3093352E+04 -0.1653357E+03 -0.6253692E+02  0.1160601E+01
   03  0.1451521E+03  0.3093365E+04 -0.1679301E+03 -0.6821184E+02  0.1172851E+01
   03  0.1540991E+03  0.3093372E+04 -0.1695485E+03 -0.7378850E+02  0.1179685E+01
   03  0.1630461E+03  0.3093375E+04 -0.1703125E+03 -0.7970240E+02  0.1183538E+01
   03  0.1719931E+03  0.3093378E+04 -0.1702857E+03 -0.8633464E+02  0.1186300E+01
   04  0.1809401E+03  0.3099405E+04 -0.1695682E+03 -0.9321335E+02  0.1185359E+01
   04  0.1824313E+03  0.3099405E+04 -0.1690127E+03 -0.9501866E+02  0.1185127E+01
   04  0.1839225E+03  0.3099405E+04 -0.1685272E+03 -0.9674908E+02  0.1185617E+01
   04  0.1854136E+03  0.3099406E+04 -0.1681332E+03 -0.9836044E+02  0.1186570E+01
   04  0.1869048E+03  0.3099407E+04 -0.1677862E+03 -0.9986938E+02  0.1187587E+01
   04  0.1883960E+03  0.3099408E+04 -0.1674603E+03 -0.1013014E+03  0.1188586E+01
   04  0.1898871E+03  0.3099409E+04 -0.1671431E+03 -0.1026761E+03  0.1189480E+01
   04  0.1913783E+03  0.3099410E+04 -0.1668199E+03 -0.1040149E+03  0.1190001E+01
   04  0.1928695E+03  0.3099409E+04 -0.1664742E+03 -0.1053470E+03  0.1189840E+01
   04  0.1943606E+03  0.3099408E+04 -0.1660910E+03 -0.1067075E+03  0.1188898E+01
   04  0.1958518E+03  0.3099407E+04 -0.1656650E+03 -0.1081292E+03  0.1187478E+01
   04  0.1973430E+03  0.3099406E+04 -0.1652020E+03 -0.1096351E+03  0.1186169E+01
   04  0.1988341E+03  0.3099405E+04 -0.1647053E+03 -0.1112320E+03  0.1185497E+01
   04  0.2003253E+03  0.3099405E+04 -0.1641680E+03 -0.1129061E+03  0.1185654E+01
   04  0.2018165E+03  0.3099406E+04 -0.1635939E+03 -0.1146274E+03  0.1186561E+01
   04  0.2033076E+03  0.3099408E+04 -0.1630266E+03 -0.1163649E+03  0.1188138E+01
   04  0.2047988E+03  0.3099410E+04 -0.1625362E+03 -0.1181012E+03  0.1190384E+01
   04  0.2062900E+03  0.3099413E+04 -0.1621745E+03 -0.1198318E+03  0.1193220E+01
   04  0.2077811E+03  0.3099416E+04 -0.1619492E+03 -0.1215553E+03  0.1196391E+01
   04  0.2092723E+03  0.3099419E+04 -0.1618306E+03 -0.1232688E+03  0.1199542E+01
   04  0.2107635E+03  0.3099422E+04 -0.1617693E+03 -0.1249683E+03  0.1202338E+01
   04  0.2122546E+03  0.3099424E+04 -0.1617030E+03 -0.1266520E+03  0.1204529E+01
   04  0.2137458E+03  0.3099425E+04 -0.1615562E+03 -0.1283178E+03  0.1205916E+01
   04  0.2152370E+03  0.3099426E+04 -0.1612478E+03 -0.1299596E+03  0.1206324E+01
   04  0.2167281E+03  0.3099425E+04 -0.1607151E+03 -0.1315643E+03  0.1205638E+01
   04  0.2182193E+03  0.3099423E+04 -0.1599467E+03 -0.1331153E+03  0.1203918E+01
   04  0.2197105E+03  0.3099421E+04 -0.1589993E+03 -0.1346011E+03  0.1201476E+01
   04  0.2212017E+03  0.3099418E+04 -0.1579797E+03 -0.1360242E+03  0.1198801E+01
   04  0.2226928E+03  0.3099416E+04 -0.1570007E+03 -0.1374012E+03  0.1196361E+01
   04  0.2241840E+03  0.3099414E+04 -0.1561399E+03 -0.1387569E+03  0.1194424E+01
   04  0.2256752E+03  0.3099413E+04 -0.1554267E+03 -0.1401152E+03  0.1193037E+01
   04  0.2271663E+03  0.3099412E+04 -0.1548531E+03 -0.1414940E+03  0.1192121E+01
   04  0.2286575E+03  0.3099411E+04 -0.1543933E+03 -0.1429032E+03  0.1191586E+01
   04  0.2301487E+03  0.3099411E+04 -0.1540162E+03 -0.1443455E+03  0.1191377E+01
   04  0.2316398E+03  0.3099411E+04 -0.1536912E+03 -0.1458176E+03  0.1191455E+01
   04  0.2331310E+03  0.3099411E+04 -0.1533897E+03 -0.1473112E+03  0.1191753E+01
   04  0.2346222E+03  0.3099412E+04 -0.1530848E+03 -0.1488125E+03  0.1192142E+01
   04  0.2361133E+03  0.3099412E+04 -0.1527495E+03 -0.1503031E+03  0.1192406E+01
   04  0.2376045E+03  0.3099412E+04 -0.1523546E+03 -0.1517613E+03  0.1192255E+01
   04  0.2390957E+03  0.3099411E+04 -0.1518675E+03 -0.1531650E+03  0.1191350E+01
   04  0.2405868E+03  0.3099409E+04 -0.1512517E+03 -0.1544961E+03  0.1189340E+01
   04  0.2420780E+03  0.3099405E+04 -0.1504685E+03 -0.1557440E+03  0.1185909E+01
   04  0.2435692E+03  0.3099400E+04 -0.1494808E+03 -0.1569072E+03  0.1180822E+01
   04  0.2450603E+03  0.3099393E+04 -0.1482599E+03 -0.1579921E+03  0.1173961E+01
   04  0.2465515E+03  0.3099385E+04 -0.1467952E+03 -0.1590105E+03  0.1165365E+01
   04  0.2480427E+03  0.3099375E+04 -0.1451033E+03 -0.1599766E+03  0.1155261E+01
   04  0.2495338E+03  0.3099364E+04 -0.1432333E+03 -0.1609062E+03  0.1144062E+01
   04  0.2510250E+03  0.3099352E+04 -0.1412626E+03 -0.1618165E+03  0.1132333E+01
   04  0.2525162E+03  0.3099340E+04 -0.1392808E+03 -0.1627269E+03  0.1120692E+01
   04  0.2540073E+03  0.3099329E+04 -0.1373667E+03 -0.1636625E+03  0.1109675E+01
   04  0.2554985E+03  0.3099319E+04 -0.1355678E+03 -0.1646473E+03  0.1099631E+01
   04  0.2569897E+03  0.3099310E+04 -0.1338913E+03 -0.1657021E+03  0.1090656E+01
   04  0.2584808E+03  0.3099302E+04 -0.1323048E+03 -0.1668375E+03  0.1082594E+01
   04  0.2599720E+03  0.3099295E+04 -0.1307456E+03 -0.1680513E+03  0.1075089E+01
   04  0.2614632E+03  0.3099287E+04 -0.1291343E+03 -0.1693299E+03  0.1067643E+01
   04  0.2629543E+03  0.3099279E+04 -0.1273891E+03 -0.1706480E+03  0.1059706E+01
   04  0.2644455E+03  0.3099270E+04 -0.1254403E+03 -0.1719777E+03  0.1050757E+01
   04  0.2659367E+03  0.3099260E+04 -0.1232450E+03 -0.1732937E+03  0.1040417E+01
   04  0.2674278E+03  0.3099248E+04 -0.1207981E+03 -0.1745724E+03  0.1028554E+01
   04  0.2689190E+03  0.3099235E+04 -0.1181319E+03 -0.1757967E+03  0.1015300E+01
   04  0.2704102E+03  0.3099221E+04 -0.1153066E+03 -0.1769633E+03  0.1001000E+01
   04  0.2719014E+03  0.3099206E+04 -0.1123958E+03 -0.1780812E+03  0.9861247E+00
   04  0.2733925E+03  0.3099191E+04 -0.1094709E+03 -0.1791699E+03  0.9711649E+00
   04  0.2748837E+03  0.3099176E+04 -0.1065872E+03 -0.1802547E+03  0.9565380E+00
   04  0.2763749E+03  0.3099162E+04 -0.1037756E+03 -0.1813627E+03  0.9425297E+00
   04  0.2778660E+03  0.3099149E+04 -0.1010411E+03 -0.1825186E+03  0.9292725E+00
   04  0.2793572E+03  0.3099136E+04 -0.9836702E+02 -0.1837431E+03  0.9167625E+00
   04  0.2808484E+03  0.3099124E+04 -0.9572346E+02 -0.1850436E+03  0.9049118E+00
   04  0.2823395E+03  0.3099113E+04 -0.9307610E+02 -0.1864198E+03  0.8935654E+00
   04  0.2838307E+03  0.3099102E+04 -0.9039528E+02 -0.1878585E+03  0.8825696E+00
   04  0.2853219E+03  0.3099091E+04 -0.8766549E+02 -0.1893410E+03  0.8718029E+00
   04  0.2868130E+03  0.3099081E+04 -0.8489301E+02 -0.1908457E+03  0.8612332E+00
   04  0.2883042E+03  0.3099070E+04 -0.8210941E+02 -0.1923523E+03  0.8509460E+00
   04  0.2897954E+03  0.3099061E+04 -0.7936720E+02 -0.1938470E+03  0.8411392E+00
   04  0.2912865E+03  0.3099052E+04 -0.7672986E+02 -0.1953245E+03  0.8320943E+00
   04  0.2927777E+03  0.3099044E+04 -0.7425971E+02 -0.1967903E+03  0.8241049E+00
   04  0.2942689E+03  0.3099037E+04 -0.7200638E+02 -0.1982575E+03  0.8174196E+00
   04  0.2957600E+03  0.3099032E+04 -0.6999833E+02 -0.1997430E+03  0.8121887E+00
   04  0.2972512E+03  0.3099028E+04 -0.6824140E+02 -0.2012603E+03  0.8084555E+00
   04  0.2987424E+03  0.3099026E+04 -0.6672003E+02 -0.2028222E+03  0.8061216E+00
   04  0.3002335E+03  0.3099025E+04 -0.6540357E+02 -0.2044327E+03  0.8049918E+00
   04  0.3017247E+03  0.3099024E+04 -0.6425109E+02 -0.2060850E+03  0.8047945E+00
   04  0.3032159E+03  0.3099025E+04 -0.6321904E+02 -0.2077645E+03  0.8051943E+00
   04  0.3047070E+03  0.3099025E+04 -0.6226574E+02 -0.2094499E+03  0.8058371E+00
   04  0.3061982E+03  0.3099026E+04 -0.6135618E+02 -0.2111151E+03  0.8063923E+00
   04  0.3076894E+03  0.3099026E+04 -0.6046497E+02 -0.2127347E+03  0.8065746E+00
   04  0.3091805E+03  0.3099026E+04 -0.5957781E+02 -0.2142855E+03  0.8061844E+00
   04  0.3106717E+03  0.3099025E+04 -0.5869113E+02 -0.2157510E+03  0.8051208E+00
   04  0.3121629E+03  0.3099023E+04 -0.5781067E+02 -0.2171230E+03  0.8033869E+00
   04  0.3136540E+03  0.3099021E+04 -0.5694978E+02 -0.2184005E+03  0.8010734E+00
   04  0.3151452E+03  0.3099018E+04 -0.5612539E+02 -0.2195881E+03  0.7983351E+00
   04  0.3165017E+03  0.3099015E+04 -0.5542120E+02 -0.2205967E+03  0.7956276E+00
   04  0.3178581E+03  0.3099012E+04 -0.5477233E+02 -0.2215449E+03  0.7928588E+00
   04  0.3192146E+03  0.3099010E+04 -0.5418526E+02 -0.2224387E+03  0.7901351E+00
   04  0.3205710E+03  0.3099007E+04 -0.5365938E+02 -0.2232846E+03  0.7875148E+00
   04  0.3219275E+03  0.3099005E+04 -0.5318778E+02 -0.2240885E+03  0.7850071E+00
   04  0.3232839E+03  0.3099002E+04 -0.5275980E+02 -0.2248543E+03  0.7825840E+00
   04  0.3246404E+03  0.3099000E+04 -0.5236361E+02 -0.2255832E+03  0.7802005E+00
   04  0.3259968E+03  0.3098997E+04 -0.5198815E+02 -0.2262736E+03  0.7778111E+00
   04  0.3273533E+03  0.3098995E+04 -0.5162463E+02 -0.2269232E+03  0.7753796E+00
   04  0.3287097E+03  0.3098992E+04 -0.5126797E+02 -0.2275303E+03  0.7728880E+00
   04  0.3300662E+03  0.3098990E+04 -0.5091796E+02 -0.2280949E+03  0.7703435E+00
   04  0.3314226E+03  0.3098987E+04 -0.5057985E+02 -0.2286194E+03  0.7677830E+00
   04  0.3327791E+03  0.3098985E+04 -0.5026359E+02 -0.2291082E+03  0.7652676E+00
   04  0.3341355E+03  0.3098982E+04 -0.4998162E+02 -0.2295662E+03  0.7628707E+00
   04  0.3354920E+03  0.3098980E+04 -0.4974561E+02 -0.2299979E+03  0.7606585E+00
   04  0.3368484E+03  0.3098978E+04 -0.4956375E+02 -0.2304055E+03  0.7586751E+00
   04  0.3382049E+03  0.3098976E+04 -0.4943919E+02 -0.2307888E+03  0.7569319E+00
   04  0.3395613E+03  0.3098975E+04 -0.4937074E+02 -0.2311444E+03  0.7554152E+00
   04  0.3409178E+03  0.3098974E+04 -0.4935463E+02 -0.2314677E+03  0.7540950E+00
   04  0.3422742E+03  0.3098972E+04 -0.4938602E+02 -0.2317534E+03  0.7529329E+00
   04  0.3436307E+03  0.3098971E+04 -0.4946056E+02 -0.2319961E+03  0.7519000E+00
   04  0.3449871E+03  0.3098971E+04 -0.4957494E+02 -0.2321911E+03  0.7509762E+00
   04  0.3463436E+03  0.3098970E+04 -0.4972515E+02 -0.2323358E+03  0.7501404E+00
   04  0.3477000E+03  0.3098969E+04 -0.4990442E+02 -0.2324298E+03  0.7493579E+00
   04  0.3490565E+03  0.3098968E+04 -0.5010364E+02 -0.2324753E+03  0.7485838E+00
   04  0.3504130E+03  0.3098967E+04 -0.5031294E+02 -0.2324774E+03  0.7477656E+00
   04  0.3517694E+03  0.3098966E+04 -0.5052258E+02 -0.2324429E+03  0.7468501E+00
   04  0.3531259E+03  0.3098965E+04 -0.5072245E+02 -0.2323781E+03  0.7457787E+00
   04  0.3544823E+03  0.3098964E+04 -0.5090299E+02 -0.2322869E+03  0.7444876E+00
   04  0.3558388E+03  0.3098962E+04 -0.5105500E+02 -0.2321757E+03  0.7429323E+00
   04  0.3574665E+03  0.3098960E+04 -0.5118688E+02 -0.2320259E+03  0.7406690E+00
   04  0.3590942E+03  0.3098957E+04 -0.5124626E+02 -0.2318601E+03  0.7378904E+00
   04  0.3607220E+03  0.3098954E+04 -0.5121256E+02 -0.2316775E+03  0.7344844E+00
   04  0.3623497E+03  0.3098950E+04 -0.5106495E+02 -0.2314723E+03  0.7303380E+00
   04  0.3639775E+03  0.3098945E+04 -0.5079189E+02 -0.2312375E+03  0.7254009E+00
   04  0.3656052E+03  0.3098939E+04 -0.5040193E+02 -0.2309683E+03  0.7197469E+00
   04  0.3672329E+03  0.3098933E+04 -0.4992870E+02 -0.2306676E+03  0.7136083E+00
   04  0.3688607E+03  0.3098927E+04 -0.4942663E+02 -0.2303416E+03  0.7073260E+00
   04  0.3704884E+03  0.3098921E+04 -0.4895592E+02 -0.2300019E+03  0.7012816E+00
   04  0.3721162E+03  0.3098915E+04 -0.4856388E+02 -0.2296600E+03  0.6957725E+00
   04  0.3737439E+03  0.3098910E+04 -0.4827169E+02 -0.2293253E+03  0.6909413E+00
   04  0.3753717E+03  0.3098906E+04 -0.4807422E+02 -0.2290036E+03  0.6867711E+00
   04  0.3769994E+03  0.3098903E+04 -0.4794837E+02 -0.2286961E+03  0.6831299E+00
   04  0.3786271E+03  0.3098899E+04 -0.4786258E+02 -0.2284011E+03  0.6798232E+00
   04  0.3802549E+03  0.3098896E+04 -0.4778198E+02 -0.2281155E+03  0.6766295E+00
   04  0.3818826E+03  0.3098893E+04 -0.4766912E+02 -0.2278349E+03  0.6733071E+00
   04  0.3835104E+03  0.3098889E+04 -0.4748338E+02 -0.2275524E+03  0.6695929E+00
   04  0.3851381E+03  0.3098885E+04 -0.4718129E+02 -0.2272596E+03  0.6652109E+00
   04  0.3867658E+03  0.3098879E+04 -0.4671875E+02 -0.2269460E+03  0.6598903E+00
   04  0.3883936E+03  0.3098873E+04 -0.4605658E+02 -0.2265991E+03  0.6533940E+00
   04  0.3900213E+03  0.3098865E+04 -0.4517045E+02 -0.2262072E+03  0.6455738E+00
   04  0.3916491E+03  0.3098856E+04 -0.4405911E+02 -0.2257621E+03  0.6364205E+00
   04  0.3932768E+03  0.3098846E+04 -0.4274998E+02 -0.2252619E+03  0.6260897E+00
   04  0.3949046E+03  0.3098834E+04 -0.4129743E+02 -0.2247109E+03  0.6148904E+00
   04  0.3965323E+03  0.3098823E+04 -0.3977378E+02 -0.2241187E+03  0.6032377E+00
   04  0.3981600E+03  0.3098811E+04 -0.3825665E+02 -0.2234980E+03  0.5915745E+00
   04  0.3997878E+03  0.3098800E+04 -0.3681531E+02 -0.2228620E+03  0.5802953E+00
   04  0.4014155E+03  0.3098789E+04 -0.3550073E+02 -0.2222214E+03  0.5696937E+00
   04  0.4030433E+03  0.3098779E+04 -0.3434190E+02 -0.2215843E+03  0.5599392E+00
   04  0.4046710E+03  0.3098771E+04 -0.3334683E+02 -0.2209561E+03  0.5510856E+00
   04  0.4062987E+03  0.3098763E+04 -0.3250706E+02 -0.2203411E+03  0.5430999E+00
   04  0.4079265E+03  0.3098755E+04 -0.3180388E+02 -0.2197435E+03  0.5358982E+00
   04  0.4095542E+03  0.3098749E+04 -0.3121411E+02 -0.2191685E+03  0.5293786E+00
   04  0.4111820E+03  0.3098743E+04 -0.3071447E+02 -0.2186217E+03  0.5234443E+00
   04  0.4128097E+03  0.3098738E+04 -0.3028521E+02 -0.2181087E+03  0.5180210E+00
   04  0.4144375E+03  0.3098733E+04 -0.2991263E+02 -0.2176342E+03  0.5130646E+00
   04  0.4160652E+03  0.3098728E+04 -0.2958959E+02 -0.2172012E+03  0.5085591E+00
   04  0.4176929E+03  0.3098724E+04 -0.2931421E+02 -0.2168101E+03  0.5045045E+00
   04  0.4193207E+03  0.3098720E+04 -0.2908693E+02 -0.2164582E+03  0.5008980E+00
   04  0.4209484E+03  0.3098717E+04 -0.2890832E+02 -0.2161394E+03  0.4977221E+00
   04  0.4225762E+03  0.3098714E+04 -0.2877855E+02 -0.2158447E+03  0.4949452E+00
   04  0.4242039E+03  0.3098712E+04 -0.2869606E+02 -0.2155637E+03  0.4925185E+00
   04  0.4258316E+03  0.3098710E+04 -0.2865720E+02 -0.2152854E+03  0.4903782E+00
   04  0.4274594E+03  0.3098708E+04 -0.2865704E+02 -0.2149997E+03  0.4884524E+00
   04  0.4290871E+03  0.3098706E+04 -0.2869134E+02 -0.2146973E+03  0.4866724E+00
   04  0.4307149E+03  0.3098704E+04 -0.2875326E+02 -0.2143698E+03  0.4849572E+00
   04  0.4323426E+03  0.3098703E+04 -0.2883621E+02 -0.2140092E+03  0.4832318E+00
   04  0.4339704E+03  0.3098701E+04 -0.2893531E+02 -0.2136091E+03  0.4814348E+00
   04  0.4355981E+03  0.3098699E+04 -0.2904572E+02 -0.2131660E+03  0.4795125E+00
   04  0.4372258E+03  0.3098697E+04 -0.2916273E+02 -0.2126792E+03  0.4774261E+00
   04  0.4388536E+03  0.3098695E+04 -0.2928343E+02 -0.2121521E+03  0.4751636E+00
   04  0.4404813E+03  0.3098692E+04 -0.2940616E+02 -0.2115912E+03  0.4727345E+00
   04  0.4421091E+03  0.3098690E+04 -0.2952918E+02 -0.2110053E+03  0.4701626E+00
   04  0.4437368E+03  0.3098687E+04 -0.2965197E+02 -0.2104045E+03  0.4674890E+00
   04  0.4453645E+03  0.3098684E+04 -0.2977516E+02 -0.2097991E+03  0.4647649E+00
   04  0.4469923E+03  0.3098682E+04 -0.2989947E+02 -0.2091981E+03  0.4620377E+00
   04  0.4486200E+03  0.3098679E+04 -0.3002545E+02 -0.2086079E+03  0.4593475E+00
   04  0.4502478E+03  0.3098676E+04 -0.3015301E+02 -0.2080325E+03  0.4567223E+00
   04  0.4518755E+03  0.3098674E+04 -0.3028177E+02 -0.2074729E+03  0.4541780E+00
   04  0.4535033E+03  0.3098671E+04 -0.3041220E+02 -0.2069272E+03  0.4517245E+00
   04  0.4551310E+03  0.3098669E+04 -0.3054483E+02 -0.2063925E+03  0.4493613E+00
   04  0.4567587E+03  0.3098667E+04 -0.3068201E+02 -0.2058649E+03  0.4470899E+00
   04  0.4583865E+03  0.3098664E+04 -0.3082614E+02 -0.2053408E+03  0.4449082E+00
   04  0.4600142E+03  0.3098662E+04 -0.3098019E+02 -0.2048169E+03  0.4428159E+00
   04  0.4616420E+03  0.3098660E+04 -0.3114758E+02 -0.2042905E+03  0.4408163E+00
   04  0.4632697E+03  0.3098658E+04 -0.3133072E+02 -0.2037603E+03  0.4389102E+00
   04  0.4648974E+03  0.3098657E+04 -0.3153235E+02 -0.2032260E+03  0.4371049E+00
   04  0.4665252E+03  0.3098655E+04 -0.3175351E+02 -0.2026891E+03  0.4354031E+00
   04  0.4681529E+03  0.3098653E+04 -0.3199219E+02 -0.2021526E+03  0.4337988E+00
   04  0.4697807E+03  0.3098652E+04 -0.3224575E+02 -0.2016206E+03  0.4322861E+00
   04  0.4714084E+03  0.3098650E+04 -0.3251159E+02 -0.2010966E+03  0.4308607E+00
   04  0.4730362E+03  0.3098649E+04 -0.3278709E+02 -0.2005834E+03  0.4295181E+00
   04  0.4746639E+03  0.3098648E+04 -0.3306963E+02 -0.2000821E+03  0.4282485E+00
   04  0.4762916E+03  0.3098647E+04 -0.3335655E+02 -0.1995917E+03  0.4270353E+00
   04  0.4779194E+03  0.3098645E+04 -0.3364534E+02 -0.1991087E+03  0.4258542E+00
   04  0.4795471E+03  0.3098644E+04 -0.3393383E+02 -0.1986275E+03  0.4246734E+00
   04  0.4811749E+03  0.3098643E+04 -0.3422017E+02 -0.1981400E+03  0.4234535E+00
   04  0.4828026E+03  0.3098642E+04 -0.3450284E+02 -0.1976360E+03  0.4221479E+00
   04  0.4844303E+03  0.3098640E+04 -0.3478054E+02 -0.1971035E+03  0.4207034E+00
   04  0.4860581E+03  0.3098639E+04 -0.3505213E+02 -0.1965288E+03  0.4190612E+00
   04  0.4876858E+03  0.3098637E+04 -0.3531663E+02 -0.1958974E+03  0.4171591E+00
   04  0.4893136E+03  0.3098634E+04 -0.3557335E+02 -0.1951945E+03  0.4149337E+00
   04  0.4909413E+03  0.3098632E+04 -0.3582257E+02 -0.1944058E+03  0.4123220E+00
   04  0.4925691E+03  0.3098629E+04 -0.3606468E+02 -0.1935187E+03  0.4092707E+00
   04  0.4941968E+03  0.3098625E+04 -0.3630104E+02 -0.1925236E+03  0.4057383E+00
   04  0.4958245E+03  0.3098621E+04 -0.3653411E+02 -0.1914151E+03  0.4017000E+00
   04  0.4974523E+03  0.3098617E+04 -0.3676683E+02 -0.1901927E+03  0.3971559E+00
   04  0.4990800E+03  0.3098612E+04 -0.3700227E+02 -0.1888623E+03  0.3921342E+00
   04  0.5007078E+03  0.3098606E+04 -0.3724319E+02 -0.1874361E+03  0.3866945E+00
   04  0.5023355E+03  0.3098600E+04 -0.3749167E+02 -0.1859324E+03  0.3809269E+00
   04  0.5039632E+03  0.3098594E+04 -0.3774882E+02 -0.1843746E+03  0.3749492E+00
   04  0.5055910E+03  0.3098588E+04 -0.3801482E+02 -0.1827892E+03  0.3688995E+00
   04  0.5072187E+03  0.3098582E+04 -0.3828913E+02 -0.1812036E+03  0.3629263E+00
   04  0.5088465E+03  0.3098577E+04 -0.3857079E+02 -0.1796440E+03  0.3571767E+00
   04  0.5104742E+03  0.3098571E+04 -0.3885889E+02 -0.1781330E+03  0.3517848E+00
   04  0.5121020E+03  0.3098566E+04 -0.3915292E+02 -0.1766876E+03  0.3468626E+00
   04  0.5137297E+03  0.3098562E+04 -0.3945297E+02 -0.1753190E+03  0.3424941E+00
   04  0.5153574E+03  0.3098558E+04 -0.3975967E+02 -0.1740321E+03  0.3387332E+00
   04  0.5169852E+03  0.3098555E+04 -0.4007404E+02 -0.1728261E+03  0.3356048E+00
   04  0.5186129E+03  0.3098553E+04 -0.4039696E+02 -0.1716956E+03  0.3331060E+00
   04  0.5202407E+03  0.3098551E+04 -0.4072876E+02 -0.1706315E+03  0.3312090E+00
   04  0.5218684E+03  0.3098549E+04 -0.4106901E+02 -0.1696228E+03  0.3298668E+00
   04  0.5234961E+03  0.3098549E+04 -0.4141642E+02 -0.1686587E+03  0.3290225E+00
   04  0.5251239E+03  0.3098548E+04 -0.4176908E+02 -0.1677308E+03  0.3286235E+00
   04  0.5267516E+03  0.3098548E+04 -0.4212472E+02 -0.1668346E+03  0.3286288E+00
   04  0.5283794E+03  0.3098549E+04 -0.4248116E+02 -0.1659704E+03  0.3290169E+00
   04  0.5300071E+03  0.3098549E+04 -0.4283677E+02 -0.1651446E+03  0.3297951E+00
   04  0.5316349E+03  0.3098551E+04 -0.4318995E+02 -0.1643667E+03  0.3309806E+00
   04  0.5332626E+03  0.3098552E+04 -0.4353835E+02 -0.1636446E+03  0.3325812E+00
   04  0.5348903E+03  0.3098554E+04 -0.4387902E+02 -0.1629808E+03  0.3345707E+00
   04  0.5365181E+03  0.3098556E+04 -0.4420945E+02 -0.1623735E+03  0.3369025E+00
   04  0.5381458E+03  0.3098559E+04 -0.4452800E+02 -0.1618175E+03  0.3395138E+00
   04  0.5397736E+03  0.3098562E+04 -0.4483495E+02 -0.1613068E+03  0.3423455E+00
   04  0.5414013E+03  0.3098565E+04 -0.4513013E+02 -0.1608350E+03  0.3453412E+00
   04  0.5430290E+03  0.3098568E+04 -0.4541380E+02 -0.1603902E+03  0.3484240E+00
   04  0.5446568E+03  0.3098571E+04 -0.4569122E+02 -0.1599766E+03  0.3516088E+00
   04  0.5462845E+03  0.3098574E+04 -0.4596701E+02 -0.1596017E+03  0.3549397E+00
   04  0.5479123E+03  0.3098578E+04 -0.4624530E+02 -0.1592773E+03  0.3584894E+00
   04  0.5495400E+03  0.3098582E+04 -0.4652854E+02 -0.1590154E+03  0.3623360E+00
   04  0.5511678E+03  0.3098586E+04 -0.4681754E+02 -0.1588242E+03  0.3665366E+00
   04  0.5527955E+03  0.3098591E+04 -0.4711200E+02 -0.1587058E+03  0.3711127E+00
   04  0.5544232E+03  0.3098596E+04 -0.4741128E+02 -0.1586557E+03  0.3760469E+00
   04  0.5560510E+03  0.3098601E+04 -0.4771475E+02 -0.1586645E+03  0.3812889E+00
   04  0.5576787E+03  0.3098606E+04 -0.4802174E+02 -0.1587200E+03  0.3867699E+00
   04  0.5593065E+03  0.3098612E+04 -0.4833105E+02 -0.1588101E+03  0.3924167E+00
   04  0.5609342E+03  0.3098618E+04 -0.4864052E+02 -0.1589242E+03  0.3981618E+00
   04  0.5625619E+03  0.3098623E+04 -0.4894698E+02 -0.1590538E+03  0.4039470E+00
   04  0.5641897E+03  0.3098629E+04 -0.4924677E+02 -0.1591919E+03  0.4097232E+00
   04  0.5658174E+03  0.3098635E+04 -0.4953638E+02 -0.1593331E+03  0.4154492E+00
   04  0.5674452E+03  0.3098641E+04 -0.4981308E+02 -0.1594727E+03  0.4210920E+00
   04  0.5690729E+03  0.3098646E+04 -0.5007530E+02 -0.1596076E+03  0.4266285E+00
   04  0.5707007E+03  0.3098652E+04 -0.5032290E+02 -0.1597359E+03  0.4320481E+00
   04  0.5723284E+03  0.3098657E+04 -0.5055530E+02 -0.1598575E+03  0.4373436E+00
   04  0.5739561E+03  0.3098662E+04 -0.5077444E+02 -0.1599740E+03  0.4425271E+00
   04  0.5755839E+03  0.3098667E+04 -0.5098396E+02 -0.1600868E+03  0.4476250E+00
   04  0.5772116E+03  0.3098672E+04 -0.5118446E+02 -0.1601984E+03  0.4526477E+00
   04  0.5788394E+03  0.3098677E+04 -0.5137628E+02 -0.1603115E+03  0.4576031E+00
   04  0.5804671E+03  0.3098682E+04 -0.5156092E+02 -0.1604289E+03  0.4624999E+00
   04  0.5820948E+03  0.3098687E+04 -0.5173983E+02 -0.1605519E+03  0.4673437E+00
   04  0.5837226E+03  0.3098692E+04 -0.5191435E+02 -0.1606811E+03  0.4721310E+00
   04  0.5853503E+03  0.3098696E+04 -0.5208527E+02 -0.1608155E+03  0.4768497E+00
   04  0.5869781E+03  0.3098701E+04 -0.5225325E+02 -0.1609535E+03  0.4814827E+00
   04  0.5886058E+03  0.3098706E+04 -0.5241734E+02 -0.1610930E+03  0.4860023E+00
   04  0.5902336E+03  0.3098710E+04 -0.5257819E+02 -0.1612314E+03  0.4903891E+00
   04  0.5918613E+03  0.3098714E+04 -0.5273638E+02 -0.1613667E+03  0.4946285E+00
   04  0.5934890E+03  0.3098718E+04 -0.5289082E+02 -0.1614970E+03  0.4987031E+00
   04  0.5951168E+03  0.3098722E+04 -0.5304101E+02 -0.1616209E+03  0.5026048E+00
   04  0.5967445E+03  0.3098726E+04 -0.5318625E+02 -0.1617377E+03  0.5063310E+00
   04  0.5983723E+03  0.3098729E+04 -0.5332608E+02 -0.1618474E+03  0.5098894E+00
