# gauge_id= 611 location=( -0.1242076147E+03  0.4175697547E+02 ) num_var=  4
# Stationary gauge
# level, time, q[  1  2  3], eta, aux[]
# file format ascii, time series follow in this file
   04  0.0000000E+00  0.1407448E+02  0.0000000E+00  0.0000000E+00  0.0000000E+00
   04  0.1000000E+01  0.1407448E+02  0.3731387E-15 -0.1896496E-15  0.2189455E+00
   04  0.1015873E+01  0.1407448E+02  0.7565292E-03  0.1103930E-04  0.2189473E+00
   04  0.1031746E+01  0.1407449E+02  0.1513109E-02  0.2210049E-04  0.2189491E+00
   04  0.1047619E+01  0.1407449E+02  0.2269739E-02  0.3318349E-04  0.2189510E+00
   04  0.1063492E+01  0.1407449E+02  0.3026420E-02  0.4428823E-04  0.2189528E+00
   04  0.1079365E+01  0.1407449E+02  0.3783151E-02  0.5541465E-04  0.2189547E+00
   04  0.1095238E+01  0.1407449E+02  0.4539932E-02  0.6656268E-04  0.2189565E+00
   04  0.1111111E+01  0.1407449E+02  0.5296763E-02  0.7773224E-04  0.2189584E+00
   04  0.1126984E+01  0.1407450E+02  0.6053644E-02  0.8892328E-04  0.2189603E+00
   04  0.1142857E+01  0.1407450E+02  0.6810575E-02  0.1001357E-03  0.2189621E+00
   04  0.1158730E+01  0.1407450E+02  0.7567555E-02  0.1113695E-03  0.2189640E+00
   04  0.1174603E+01  0.1407450E+02  0.8324585E-02  0.1226245E-03  0.2189659E+00
   04  0.1190476E+01  0.1407450E+02  0.9081664E-02  0.1339008E-03  0.2189678E+00
   04  0.1206349E+01  0.1407451E+02  0.9838792E-02  0.1451982E-03  0.2189697E+00
   04  0.1222222E+01  0.1407451E+02  0.1059597E-01  0.1565166E-03  0.2189717E+00
   04  0.1238095E+01  0.1407451E+02  0.1135320E-01  0.1678561E-03  0.2189736E+00
   04  0.1253968E+01  0.1407451E+02  0.1211047E-01  0.1792164E-03  0.2189755E+00
   04  0.1269841E+01  0.1407451E+02  0.1286780E-01  0.1905977E-03  0.2189775E+00
   04  0.1285714E+01  0.1407452E+02  0.1362517E-01  0.2019998E-03  0.2189794E+00
   04  0.1301587E+01  0.1407452E+02  0.1438259E-01  0.2134226E-03  0.2189814E+00
   04  0.1317460E+01  0.1407452E+02  0.1514006E-01  0.2248661E-03  0.2189833E+00
   04  0.1333333E+01  0.1407452E+02  0.1589758E-01  0.2363302E-03  0.2189853E+00
   04  0.1349206E+01  0.1407452E+02  0.1665514E-01  0.2478149E-03  0.2189873E+00
   04  0.1365079E+01  0.1407453E+02  0.1741276E-01  0.2593200E-03  0.2189893E+00
   04  0.1380952E+01  0.1407453E+02  0.1817042E-01  0.2708456E-03  0.2189912E+00
   04  0.1396825E+01  0.1407453E+02  0.1892813E-01  0.2823915E-03  0.2189932E+00
   04  0.1412698E+01  0.1407453E+02  0.1968589E-01  0.2939577E-03  0.2189953E+00
   04  0.1428571E+01  0.1407453E+02  0.2044369E-01  0.3055442E-03  0.2189973E+00
   04  0.1476190E+01  0.1407454E+02  0.2271714E-01  0.3404244E-03  0.2190033E+00
   04  0.1523810E+01  0.1407455E+02  0.2499101E-01  0.3754848E-03  0.2190095E+00
   04  0.1571429E+01  0.1407455E+02  0.2726530E-01  0.4107238E-03  0.2190157E+00
   04  0.1619048E+01  0.1407456E+02  0.2954001E-01  0.4461398E-03  0.2190220E+00
   04  0.1666667E+01  0.1407456E+02  0.3181514E-01  0.4817312E-03  0.2190283E+00
   04  0.1714286E+01  0.1407457E+02  0.3409067E-01  0.5174964E-03  0.2190347E+00
   04  0.1761905E+01  0.1407458E+02  0.3636661E-01  0.5534338E-03  0.2190412E+00
   04  0.1809524E+01  0.1407458E+02  0.3864295E-01  0.5895418E-03  0.2190477E+00
   04  0.1857143E+01  0.1407459E+02  0.4091970E-01  0.6258189E-03  0.2190543E+00
   04  0.1904762E+01  0.1407460E+02  0.4319684E-01  0.6622635E-03  0.2190609E+00
   04  0.1952381E+01  0.1407460E+02  0.4547437E-01  0.6988743E-03  0.2190677E+00
   04  0.2000000E+01  0.1407461E+02  0.4775230E-01  0.7356496E-03  0.2190745E+00
   04  0.5727919E+01  0.1407519E+02  0.2250608E+00  0.4070756E-02  0.2196578E+00
   04  0.9455838E+01  0.1407611E+02  0.4039301E+00  0.7960078E-02  0.2205697E+00
   04  0.1318376E+02  0.1407724E+02  0.5830573E+00  0.1189911E-01  0.2217083E+00
   04  0.1691168E+02  0.1407850E+02  0.7604334E+00  0.1537239E-01  0.2229647E+00
   04  0.2063960E+02  0.1407977E+02  0.9345591E+00  0.1779960E-01  0.2242351E+00
   04  0.2436752E+02  0.1408099E+02  0.1104087E+01  0.1882629E-01  0.2254509E+00
   04  0.2809543E+02  0.1408211E+02  0.1267858E+01  0.1844094E-01  0.2265758E+00
   04  0.3182335E+02  0.1408306E+02  0.1424868E+01  0.1675100E-01  0.2275242E+00
   04  0.3555127E+02  0.1408378E+02  0.1574294E+01  0.1365340E-01  0.2282473E+00
   04  0.3927919E+02  0.1408425E+02  0.1715553E+01  0.9138652E-02  0.2287153E+00
   04  0.4300711E+02  0.1408444E+02  0.1848280E+01  0.3151448E-02  0.2289051E+00
   04  0.4487107E+02  0.1408444E+02  0.1911093E+01 -0.3723291E-03  0.2289049E+00
   04  0.4673503E+02  0.1408436E+02  0.1971626E+01 -0.4296847E-02  0.2288252E+00
   04  0.4839188E+02  0.1408418E+02  0.2023082E+01 -0.8227513E-02  0.2286464E+00
   04  0.5004874E+02  0.1408391E+02  0.2072420E+01 -0.1257739E-01  0.2283732E+00
   04  0.5170559E+02  0.1408357E+02  0.2119895E+01 -0.1734077E-01  0.2280294E+00
   04  0.5336244E+02  0.1408316E+02  0.2165571E+01 -0.2250204E-01  0.2276216E+00
   04  0.5501930E+02  0.1408269E+02  0.2209505E+01 -0.2804346E-01  0.2271557E+00
   04  0.5667615E+02  0.1408217E+02  0.2251752E+01 -0.3394251E-01  0.2266370E+00
   04  0.5833300E+02  0.1408161E+02  0.2292365E+01 -0.4017503E-01  0.2260701E+00
   04  0.5998985E+02  0.1408100E+02  0.2331391E+01 -0.4671757E-01  0.2254594E+00
   04  0.6164671E+02  0.1408034E+02  0.2368875E+01 -0.5354630E-01  0.2248086E+00
   04  0.6330356E+02  0.1407966E+02  0.2404860E+01 -0.6063730E-01  0.2241212E+00
   04  0.6496041E+02  0.1407894E+02  0.2439384E+01 -0.6796666E-01  0.2234000E+00
   04  0.6661727E+02  0.1407818E+02  0.2472484E+01 -0.7551050E-01  0.2226474E+00
   04  0.6827412E+02  0.1407740E+02  0.2504194E+01 -0.8324515E-01  0.2218656E+00
   04  0.6993097E+02  0.1407659E+02  0.2534546E+01 -0.9114657E-01  0.2210560E+00
   04  0.7158783E+02  0.1407576E+02  0.2563571E+01 -0.9918974E-01  0.2202200E+00
   04  0.7324468E+02  0.1407489E+02  0.2591296E+01 -0.1073478E+00  0.2193581E+00
   04  0.7490153E+02  0.1407401E+02  0.2617750E+01 -0.1156129E+00  0.2184725E+00
   04  0.7655838E+02  0.1407311E+02  0.2642959E+01 -0.1241295E+00  0.2175768E+00
   04  0.7821524E+02  0.1407221E+02  0.2666949E+01 -0.1328770E+00  0.2166706E+00
   04  0.7987209E+02  0.1407129E+02  0.2689741E+01 -0.1418367E+00  0.2157535E+00
   04  0.8152894E+02  0.1407036E+02  0.2711358E+01 -0.1509914E+00  0.2148250E+00
   04  0.8318580E+02  0.1406942E+02  0.2731822E+01 -0.1603256E+00  0.2138847E+00
   04  0.8484265E+02  0.1406847E+02  0.2751154E+01 -0.1698245E+00  0.2129323E+00
   04  0.8649950E+02  0.1406750E+02  0.2769376E+01 -0.1794746E+00  0.2119674E+00
   04  0.8815636E+02  0.1406653E+02  0.2786507E+01 -0.1892634E+00  0.2109897E+00
   04  0.8981321E+02  0.1406553E+02  0.2802570E+01 -0.1991842E+00  0.2099983E+00
   04  0.9147006E+02  0.1406453E+02  0.2817585E+01 -0.2092363E+00  0.2089918E+00
   04  0.9445240E+02  0.1406271E+02  0.2842523E+01 -0.2276170E+00  0.2071754E+00
   04  0.9743473E+02  0.1406083E+02  0.2864240E+01 -0.2463247E+00  0.2052983E+00
   04  0.1004171E+03  0.1405890E+02  0.2882864E+01 -0.2653087E+00  0.2033600E+00
   04  0.1033994E+03  0.1405691E+02  0.2898676E+01 -0.2845241E+00  0.2013729E+00
   04  0.1063817E+03  0.1405498E+02  0.2913102E+01 -0.3039419E+00  0.1994392E+00
   04  0.1093641E+03  0.1405309E+02  0.2926222E+01 -0.3235293E+00  0.1975498E+00
   04  0.1123464E+03  0.1405122E+02  0.2937957E+01 -0.3432669E+00  0.1956827E+00
   04  0.1153287E+03  0.1404936E+02  0.2948345E+01 -0.3631674E+00  0.1938279E+00
   04  0.1183111E+03  0.1404751E+02  0.2957437E+01 -0.3832210E+00  0.1919759E+00
   04  0.1212934E+03  0.1404568E+02  0.2964977E+01 -0.4034178E+00  0.1901409E+00
   04  0.1242758E+03  0.1404386E+02  0.2970863E+01 -0.4237430E+00  0.1883245E+00
   04  0.1272581E+03  0.1404205E+02  0.2975180E+01 -0.4441180E+00  0.1865163E+00
   04  0.1302404E+03  0.1404024E+02  0.2977905E+01 -0.4645623E+00  0.1847060E+00
   04  0.1332228E+03  0.1403842E+02  0.2979055E+01 -0.4850538E+00  0.1828868E+00
   04  0.1362051E+03  0.1403659E+02  0.2978647E+01 -0.5055670E+00  0.1810542E+00
   04  0.1391874E+03  0.1403474E+02  0.2976700E+01 -0.5260806E+00  0.1792055E+00
   04  0.1421698E+03  0.1403288E+02  0.2973248E+01 -0.5465668E+00  0.1773388E+00
   04  0.1451521E+03  0.1403099E+02  0.2968333E+01 -0.5669962E+00  0.1754533E+00
   04  0.1481344E+03  0.1402909E+02  0.2962006E+01 -0.5873357E+00  0.1735499E+00
   04  0.1511168E+03  0.1402716E+02  0.2954362E+01 -0.6075558E+00  0.1716283E+00
   04  0.1540991E+03  0.1402523E+02  0.2945497E+01 -0.6276266E+00  0.1696903E+00
   04  0.1570814E+03  0.1402328E+02  0.2935512E+01 -0.6475185E+00  0.1677396E+00
   04  0.1600638E+03  0.1402132E+02  0.2924507E+01 -0.6671975E+00  0.1657810E+00
   04  0.1630461E+03  0.1401936E+02  0.2912588E+01 -0.6866328E+00  0.1638204E+00
   04  0.1660284E+03  0.1401740E+02  0.2899859E+01 -0.7057962E+00  0.1618644E+00
   04  0.1690108E+03  0.1401546E+02  0.2886427E+01 -0.7246617E+00  0.1599197E+00
   04  0.1719931E+03  0.1401353E+02  0.2872400E+01 -0.7432049E+00  0.1579933E+00
   04  0.1749755E+03  0.1401162E+02  0.2857799E+01 -0.7614023E+00  0.1560853E+00
   04  0.1779578E+03  0.1400973E+02  0.2842595E+01 -0.7792313E+00  0.1541923E+00
   04  0.1809401E+03  0.1400786E+02  0.2826872E+01 -0.7966726E+00  0.1523202E+00
   04  0.1824313E+03  0.1400695E+02  0.2818855E+01 -0.8051348E+00  0.1514176E+00
   04  0.1839225E+03  0.1400606E+02  0.2810761E+01 -0.8135027E+00  0.1505201E+00
   04  0.1854136E+03  0.1400516E+02  0.2802601E+01 -0.8217492E+00  0.1496270E+00
   04  0.1869048E+03  0.1400428E+02  0.2794386E+01 -0.8298720E+00  0.1487393E+00
   04  0.1883960E+03  0.1400339E+02  0.2786127E+01 -0.8378691E+00  0.1478582E+00
   04  0.1898871E+03  0.1400252E+02  0.2777837E+01 -0.8457386E+00  0.1469849E+00
   04  0.1913783E+03  0.1400166E+02  0.2769528E+01 -0.8534788E+00  0.1461205E+00
   04  0.1928695E+03  0.1400080E+02  0.2761212E+01 -0.8610886E+00  0.1452661E+00
   04  0.1943606E+03  0.1399996E+02  0.2752902E+01 -0.8685675E+00  0.1444229E+00
   04  0.1958518E+03  0.1399912E+02  0.2744609E+01 -0.8760243E+00  0.1435835E+00
   04  0.1973430E+03  0.1399828E+02  0.2736340E+01 -0.8835082E+00  0.1427451E+00
   04  0.1988341E+03  0.1399745E+02  0.2728104E+01 -0.8910200E+00  0.1419094E+00
   04  0.2003253E+03  0.1399661E+02  0.2719909E+01 -0.8985600E+00  0.1410778E+00
   04  0.2018165E+03  0.1399579E+02  0.2711764E+01 -0.9061283E+00  0.1402517E+00
   04  0.2033076E+03  0.1399497E+02  0.2703676E+01 -0.9137248E+00  0.1394324E+00
   04  0.2047988E+03  0.1399416E+02  0.2695655E+01 -0.9213491E+00  0.1386214E+00
   04  0.2062900E+03  0.1399336E+02  0.2687709E+01 -0.9290006E+00  0.1378199E+00
   04  0.2077811E+03  0.1399257E+02  0.2679845E+01 -0.9366786E+00  0.1370294E+00
   04  0.2092723E+03  0.1399179E+02  0.2672073E+01 -0.9443824E+00  0.1362511E+00
   04  0.2107635E+03  0.1399102E+02  0.2664398E+01 -0.9521118E+00  0.1354862E+00
   04  0.2122546E+03  0.1399027E+02  0.2656828E+01 -0.9598628E+00  0.1347355E+00
   04  0.2137458E+03  0.1398954E+02  0.2649367E+01 -0.9676262E+00  0.1339996E+00
   04  0.2152370E+03  0.1398881E+02  0.2642023E+01 -0.9753917E+00  0.1332786E+00
   04  0.2167281E+03  0.1398811E+02  0.2634799E+01 -0.9831492E+00  0.1325730E+00
   04  0.2182193E+03  0.1398742E+02  0.2627702E+01 -0.9908895E+00  0.1318829E+00
   04  0.2197105E+03  0.1398675E+02  0.2620737E+01 -0.9986039E+00  0.1312089E+00
   04  0.2212017E+03  0.1398609E+02  0.2613907E+01 -0.1006284E+01  0.1305513E+00
   04  0.2226928E+03  0.1398545E+02  0.2607219E+01 -0.1013922E+01  0.1299103E+00
   04  0.2241840E+03  0.1398482E+02  0.2600677E+01 -0.1021512E+01  0.1292865E+00
   04  0.2256752E+03  0.1398422E+02  0.2594284E+01 -0.1029045E+01  0.1286800E+00
   04  0.2271663E+03  0.1398363E+02  0.2588046E+01 -0.1036516E+01  0.1280913E+00
   04  0.2286575E+03  0.1398306E+02  0.2581965E+01 -0.1043918E+01  0.1275205E+00
   04  0.2301487E+03  0.1398250E+02  0.2576045E+01 -0.1051246E+01  0.1269680E+00
   04  0.2316398E+03  0.1398197E+02  0.2570289E+01 -0.1058494E+01  0.1264339E+00
   04  0.2331310E+03  0.1398145E+02  0.2564700E+01 -0.1065658E+01  0.1259186E+00
   04  0.2346222E+03  0.1398096E+02  0.2559279E+01 -0.1072734E+01  0.1254222E+00
   04  0.2361133E+03  0.1398048E+02  0.2554027E+01 -0.1079717E+01  0.1249447E+00
   04  0.2376045E+03  0.1398002E+02  0.2548945E+01 -0.1086600E+01  0.1244862E+00
   04  0.2390957E+03  0.1397958E+02  0.2544033E+01 -0.1093379E+01  0.1240465E+00
   04  0.2405868E+03  0.1397916E+02  0.2539291E+01 -0.1100049E+01  0.1236254E+00
   04  0.2420780E+03  0.1397876E+02  0.2534721E+01 -0.1106603E+01  0.1232228E+00
   04  0.2435692E+03  0.1397837E+02  0.2530320E+01 -0.1113035E+01  0.1228384E+00
   04  0.2450603E+03  0.1397801E+02  0.2526089E+01 -0.1119341E+01  0.1224718E+00
   04  0.2465515E+03  0.1397766E+02  0.2522023E+01 -0.1125516E+01  0.1221226E+00
   04  0.2480427E+03  0.1397733E+02  0.2518121E+01 -0.1131554E+01  0.1217904E+00
   04  0.2495338E+03  0.1397701E+02  0.2514378E+01 -0.1137451E+01  0.1214745E+00
   04  0.2510250E+03  0.1397671E+02  0.2510792E+01 -0.1143201E+01  0.1211743E+00
   04  0.2525162E+03  0.1397643E+02  0.2507356E+01 -0.1148799E+01  0.1208891E+00
   04  0.2540073E+03  0.1397615E+02  0.2504068E+01 -0.1154237E+01  0.1206181E+00
   04  0.2554985E+03  0.1397590E+02  0.2500921E+01 -0.1159511E+01  0.1203605E+00
   04  0.2569897E+03  0.1397565E+02  0.2497911E+01 -0.1164614E+01  0.1201154E+00
   04  0.2584808E+03  0.1397542E+02  0.2495031E+01 -0.1169543E+01  0.1198823E+00
   04  0.2599720E+03  0.1397520E+02  0.2492276E+01 -0.1174303E+01  0.1196609E+00
   04  0.2614632E+03  0.1397499E+02  0.2489642E+01 -0.1178894E+01  0.1194510E+00
   04  0.2629543E+03  0.1397479E+02  0.2487121E+01 -0.1183319E+01  0.1192521E+00
   04  0.2644455E+03  0.1397460E+02  0.2484710E+01 -0.1187581E+01  0.1190640E+00
   04  0.2659367E+03  0.1397442E+02  0.2482405E+01 -0.1191681E+01  0.1188863E+00
   04  0.2674278E+03  0.1397425E+02  0.2480204E+01 -0.1195619E+01  0.1187187E+00
   04  0.2689190E+03  0.1397410E+02  0.2478105E+01 -0.1199399E+01  0.1185611E+00
   04  0.2704102E+03  0.1397395E+02  0.2476107E+01 -0.1203020E+01  0.1184129E+00
   04  0.2719014E+03  0.1397381E+02  0.2474206E+01 -0.1206483E+01  0.1182739E+00
   04  0.2733925E+03  0.1397368E+02  0.2472401E+01 -0.1209788E+01  0.1181436E+00
   04  0.2748837E+03  0.1397356E+02  0.2470688E+01 -0.1212936E+01  0.1180215E+00
   04  0.2763749E+03  0.1397344E+02  0.2469067E+01 -0.1215927E+01  0.1179071E+00
   04  0.2778660E+03  0.1397334E+02  0.2467533E+01 -0.1218761E+01  0.1177999E+00
   04  0.2793572E+03  0.1397324E+02  0.2466084E+01 -0.1221437E+01  0.1176993E+00
   04  0.2808484E+03  0.1397314E+02  0.2464718E+01 -0.1223954E+01  0.1176048E+00
   04  0.2823395E+03  0.1397305E+02  0.2463431E+01 -0.1226311E+01  0.1175157E+00
   04  0.2838307E+03  0.1397297E+02  0.2462221E+01 -0.1228505E+01  0.1174313E+00
   04  0.2853219E+03  0.1397289E+02  0.2461082E+01 -0.1230534E+01  0.1173509E+00
   04  0.2868130E+03  0.1397281E+02  0.2460013E+01 -0.1232396E+01  0.1172738E+00
   04  0.2883042E+03  0.1397274E+02  0.2459009E+01 -0.1234089E+01  0.1171995E+00
   04  0.2897954E+03  0.1397266E+02  0.2458068E+01 -0.1235611E+01  0.1171272E+00
   04  0.2912865E+03  0.1397259E+02  0.2457185E+01 -0.1236961E+01  0.1170562E+00
   04  0.2927777E+03  0.1397252E+02  0.2456357E+01 -0.1238137E+01  0.1169861E+00
   04  0.2942689E+03  0.1397245E+02  0.2455580E+01 -0.1239138E+01  0.1169160E+00
   04  0.2957600E+03  0.1397238E+02  0.2454851E+01 -0.1239963E+01  0.1168453E+00
   04  0.2972512E+03  0.1397231E+02  0.2454166E+01 -0.1240610E+01  0.1167735E+00
   04  0.2987424E+03  0.1397224E+02  0.2453520E+01 -0.1241077E+01  0.1167000E+00
   04  0.3002335E+03  0.1397216E+02  0.2452912E+01 -0.1241365E+01  0.1166241E+00
   04  0.3017247E+03  0.1397208E+02  0.2452336E+01 -0.1241472E+01  0.1165454E+00
   04  0.3032159E+03  0.1397200E+02  0.2451785E+01 -0.1241406E+01  0.1164625E+00
   04  0.3047070E+03  0.1397191E+02  0.2451261E+01 -0.1241167E+01  0.1163748E+00
   04  0.3061982E+03  0.1397182E+02  0.2450764E+01 -0.1240755E+01  0.1162819E+00
   04  0.3076894E+03  0.1397172E+02  0.2450290E+01 -0.1240170E+01  0.1161835E+00
   04  0.3091805E+03  0.1397162E+02  0.2449838E+01 -0.1239412E+01  0.1160794E+00
   04  0.3106717E+03  0.1397151E+02  0.2449367E+01 -0.1238481E+01  0.1159724E+00
   04  0.3121629E+03  0.1397140E+02  0.2448879E+01 -0.1237379E+01  0.1158617E+00
   04  0.3136540E+03  0.1397129E+02  0.2448387E+01 -0.1236010E+01  0.1157538E+00
   04  0.3151452E+03  0.1397118E+02  0.2447902E+01 -0.1234359E+01  0.1156486E+00
   04  0.3165017E+03  0.1397109E+02  0.2447468E+01 -0.1232608E+01  0.1155537E+00
   04  0.3178581E+03  0.1397100E+02  0.2447054E+01 -0.1230624E+01  0.1154597E+00
   04  0.3192146E+03  0.1397090E+02  0.2446666E+01 -0.1228410E+01  0.1153661E+00
   04  0.3205710E+03  0.1397081E+02  0.2446309E+01 -0.1225966E+01  0.1152724E+00
   04  0.3219275E+03  0.1397071E+02  0.2445987E+01 -0.1223297E+01  0.1151782E+00
   04  0.3232839E+03  0.1397062E+02  0.2445703E+01 -0.1220406E+01  0.1150831E+00
   04  0.3246404E+03  0.1397052E+02  0.2445461E+01 -0.1217300E+01  0.1149871E+00
   04  0.3259968E+03  0.1397043E+02  0.2445264E+01 -0.1213982E+01  0.1148897E+00
   04  0.3273533E+03  0.1397033E+02  0.2445113E+01 -0.1210455E+01  0.1147905E+00
   04  0.3287097E+03  0.1397023E+02  0.2445011E+01 -0.1206720E+01  0.1146891E+00
   04  0.3300662E+03  0.1397012E+02  0.2444959E+01 -0.1202780E+01  0.1145848E+00
   04  0.3314226E+03  0.1397001E+02  0.2444957E+01 -0.1198636E+01  0.1144774E+00
   04  0.3327791E+03  0.1396990E+02  0.2445007E+01 -0.1194293E+01  0.1143664E+00
   04  0.3341355E+03  0.1396979E+02  0.2445109E+01 -0.1189755E+01  0.1142513E+00
   04  0.3354920E+03  0.1396967E+02  0.2445262E+01 -0.1185024E+01  0.1141317E+00
   04  0.3368484E+03  0.1396954E+02  0.2445467E+01 -0.1180105E+01  0.1140073E+00
   04  0.3382049E+03  0.1396941E+02  0.2445723E+01 -0.1175005E+01  0.1138777E+00
   04  0.3395613E+03  0.1396928E+02  0.2446029E+01 -0.1169726E+01  0.1137426E+00
   04  0.3409178E+03  0.1396914E+02  0.2446385E+01 -0.1164276E+01  0.1136015E+00
   04  0.3422742E+03  0.1396899E+02  0.2446790E+01 -0.1158658E+01  0.1134541E+00
   04  0.3436307E+03  0.1396884E+02  0.2447242E+01 -0.1152880E+01  0.1133002E+00
   04  0.3449871E+03  0.1396868E+02  0.2447740E+01 -0.1146947E+01  0.1131393E+00
   04  0.3463436E+03  0.1396851E+02  0.2448284E+01 -0.1140865E+01  0.1129712E+00
   04  0.3477000E+03  0.1396833E+02  0.2448870E+01 -0.1134641E+01  0.1127956E+00
   04  0.3490565E+03  0.1396815E+02  0.2449499E+01 -0.1128279E+01  0.1126122E+00
   04  0.3504130E+03  0.1396796E+02  0.2450167E+01 -0.1121788E+01  0.1124207E+00
   04  0.3517694E+03  0.1396776E+02  0.2450874E+01 -0.1115173E+01  0.1122210E+00
   04  0.3531259E+03  0.1396755E+02  0.2451618E+01 -0.1108441E+01  0.1120128E+00
   04  0.3544823E+03  0.1396733E+02  0.2452397E+01 -0.1101586E+01  0.1117948E+00
   04  0.3558388E+03  0.1396710E+02  0.2453209E+01 -0.1094599E+01  0.1115655E+00
   04  0.3574665E+03  0.1396681E+02  0.2454241E+01 -0.1086060E+01  0.1112757E+00
   04  0.3590942E+03  0.1396651E+02  0.2455311E+01 -0.1077346E+01  0.1109703E+00
   04  0.3607220E+03  0.1396619E+02  0.2456413E+01 -0.1068470E+01  0.1106493E+00
   04  0.3623497E+03  0.1396585E+02  0.2457539E+01 -0.1059448E+01  0.1103128E+00
   04  0.3639775E+03  0.1396550E+02  0.2458683E+01 -0.1050291E+01  0.1099607E+00
   04  0.3656052E+03  0.1396513E+02  0.2459840E+01 -0.1041013E+01  0.1095928E+00
   04  0.3672329E+03  0.1396475E+02  0.2461004E+01 -0.1031626E+01  0.1092092E+00
   04  0.3688607E+03  0.1396435E+02  0.2462169E+01 -0.1022141E+01  0.1088096E+00
   04  0.3704884E+03  0.1396393E+02  0.2463331E+01 -0.1012571E+01  0.1083939E+00
   04  0.3721162E+03  0.1396350E+02  0.2464485E+01 -0.1002926E+01  0.1079621E+00
   04  0.3737439E+03  0.1396305E+02  0.2465623E+01 -0.9932154E+00  0.1075135E+00
   04  0.3753717E+03  0.1396258E+02  0.2466742E+01 -0.9834488E+00  0.1070480E+00
   04  0.3769994E+03  0.1396210E+02  0.2467837E+01 -0.9736351E+00  0.1065653E+00
   04  0.3786271E+03  0.1396160E+02  0.2468907E+01 -0.9637822E+00  0.1060653E+00
   04  0.3802549E+03  0.1396108E+02  0.2469948E+01 -0.9538973E+00  0.1055478E+00
   04  0.3818826E+03  0.1396055E+02  0.2470959E+01 -0.9439868E+00  0.1050125E+00
   04  0.3835104E+03  0.1396000E+02  0.2471935E+01 -0.9340564E+00  0.1044593E+00
   04  0.3851381E+03  0.1395942E+02  0.2472876E+01 -0.9241110E+00  0.1038878E+00
   04  0.3867658E+03  0.1395883E+02  0.2473779E+01 -0.9141549E+00  0.1032979E+00
   04  0.3883936E+03  0.1395823E+02  0.2474641E+01 -0.9041913E+00  0.1026892E+00
   04  0.3900213E+03  0.1395760E+02  0.2475462E+01 -0.8942230E+00  0.1020615E+00
   04  0.3916491E+03  0.1395695E+02  0.2476238E+01 -0.8842520E+00  0.1014144E+00
   04  0.3932768E+03  0.1395628E+02  0.2476969E+01 -0.8742796E+00  0.1007477E+00
   04  0.3949046E+03  0.1395560E+02  0.2477652E+01 -0.8643063E+00  0.1000610E+00
   04  0.3965323E+03  0.1395489E+02  0.2478285E+01 -0.8543321E+00  0.9935407E-01
   04  0.3981600E+03  0.1395416E+02  0.2478867E+01 -0.8443564E+00  0.9862646E-01
   04  0.3997878E+03  0.1395341E+02  0.2479396E+01 -0.8343779E+00  0.9787784E-01
   04  0.4014155E+03  0.1395264E+02  0.2479870E+01 -0.8243949E+00  0.9710787E-01
   04  0.4030433E+03  0.1395185E+02  0.2480288E+01 -0.8144051E+00  0.9631618E-01
   04  0.4046710E+03  0.1395104E+02  0.2480645E+01 -0.8044056E+00  0.9550224E-01
   04  0.4062987E+03  0.1395020E+02  0.2480940E+01 -0.7943921E+00  0.9466542E-01
   04  0.4079265E+03  0.1394934E+02  0.2481169E+01 -0.7843554E+00  0.9380459E-01
   04  0.4095542E+03  0.1394846E+02  0.2481332E+01 -0.7742919E+00  0.9291921E-01
   04  0.4111820E+03  0.1394755E+02  0.2481430E+01 -0.7641976E+00  0.9200880E-01
   04  0.4128097E+03  0.1394661E+02  0.2481460E+01 -0.7540681E+00  0.9107289E-01
   04  0.4144375E+03  0.1394565E+02  0.2481423E+01 -0.7438988E+00  0.9011104E-01
   04  0.4160652E+03  0.1394466E+02  0.2481319E+01 -0.7336846E+00  0.8912283E-01
   04  0.4176929E+03  0.1394364E+02  0.2481145E+01 -0.7234205E+00  0.8810785E-01
   04  0.4193207E+03  0.1394260E+02  0.2480903E+01 -0.7131009E+00  0.8706570E-01
   04  0.4209484E+03  0.1394153E+02  0.2480592E+01 -0.7027202E+00  0.8599600E-01
   04  0.4225762E+03  0.1394043E+02  0.2480210E+01 -0.6922725E+00  0.8489838E-01
   04  0.4242039E+03  0.1393931E+02  0.2479757E+01 -0.6817515E+00  0.8377244E-01
   04  0.4258316E+03  0.1393815E+02  0.2479232E+01 -0.6711509E+00  0.8261783E-01
   04  0.4274594E+03  0.1393698E+02  0.2478636E+01 -0.6605742E+00  0.8144301E-01
   04  0.4290871E+03  0.1393579E+02  0.2477972E+01 -0.6500331E+00  0.8024885E-01
   04  0.4307149E+03  0.1393457E+02  0.2477241E+01 -0.6395243E+00  0.7903497E-01
   04  0.4323426E+03  0.1393334E+02  0.2476444E+01 -0.6290440E+00  0.7780097E-01
   04  0.4339704E+03  0.1393208E+02  0.2475585E+01 -0.6185880E+00  0.7654640E-01
   04  0.4355981E+03  0.1393081E+02  0.2474664E+01 -0.6081516E+00  0.7527080E-01
   04  0.4372258E+03  0.1392951E+02  0.2473681E+01 -0.5977297E+00  0.7397367E-01
   04  0.4388536E+03  0.1392819E+02  0.2472637E+01 -0.5873168E+00  0.7265450E-01
   04  0.4404813E+03  0.1392685E+02  0.2471533E+01 -0.5769068E+00  0.7131272E-01
   04  0.4421091E+03  0.1392548E+02  0.2470369E+01 -0.5664935E+00  0.6994774E-01
   04  0.4437368E+03  0.1392410E+02  0.2469146E+01 -0.5560703E+00  0.6855894E-01
   04  0.4453645E+03  0.1392268E+02  0.2467862E+01 -0.5456301E+00  0.6714567E-01
   04  0.4469923E+03  0.1392124E+02  0.2466518E+01 -0.5351656E+00  0.6570727E-01
   04  0.4486200E+03  0.1391978E+02  0.2465114E+01 -0.5246692E+00  0.6424306E-01
   04  0.4502478E+03  0.1391829E+02  0.2463648E+01 -0.5141333E+00  0.6275234E-01
   04  0.4518755E+03  0.1391677E+02  0.2462120E+01 -0.5035498E+00  0.6123441E-01
   04  0.4535033E+03  0.1391522E+02  0.2460528E+01 -0.4929105E+00  0.5968854E-01
   04  0.4551310E+03  0.1391365E+02  0.2458872E+01 -0.4822072E+00  0.5811401E-01
   04  0.4567587E+03  0.1391205E+02  0.2457150E+01 -0.4714316E+00  0.5651011E-01
   04  0.4583865E+03  0.1391041E+02  0.2455361E+01 -0.4605752E+00  0.5487610E-01
   04  0.4600142E+03  0.1390875E+02  0.2453502E+01 -0.4496295E+00  0.5321127E-01
   04  0.4616420E+03  0.1390705E+02  0.2451573E+01 -0.4385862E+00  0.5151477E-01
   04  0.4632697E+03  0.1390532E+02  0.2449569E+01 -0.4274369E+00  0.4978590E-01
   04  0.4648974E+03  0.1390356E+02  0.2447491E+01 -0.4161734E+00  0.4802396E-01
   04  0.4665252E+03  0.1390176E+02  0.2445336E+01 -0.4047876E+00  0.4622826E-01
   04  0.4681529E+03  0.1389993E+02  0.2443102E+01 -0.3932714E+00  0.4439813E-01
   04  0.4697807E+03  0.1389807E+02  0.2440788E+01 -0.3816168E+00  0.4253293E-01
   04  0.4714084E+03  0.1389617E+02  0.2438392E+01 -0.3698161E+00  0.4063201E-01
   04  0.4730362E+03  0.1389423E+02  0.2435912E+01 -0.3578618E+00  0.3869480E-01
   04  0.4746639E+03  0.1389226E+02  0.2433346E+01 -0.3457466E+00  0.3672072E-01
   04  0.4762916E+03  0.1389025E+02  0.2430694E+01 -0.3334636E+00  0.3470924E-01
   04  0.4779194E+03  0.1388820E+02  0.2427953E+01 -0.3210061E+00  0.3265985E-01
   04  0.4795471E+03  0.1388611E+02  0.2425122E+01 -0.3083680E+00  0.3057210E-01
   04  0.4811749E+03  0.1388398E+02  0.2422201E+01 -0.2955432E+00  0.2844557E-01
   04  0.4828026E+03  0.1388182E+02  0.2419189E+01 -0.2825262E+00  0.2627985E-01
   04  0.4844303E+03  0.1387961E+02  0.2416084E+01 -0.2693118E+00  0.2407460E-01
   04  0.4860581E+03  0.1387737E+02  0.2412889E+01 -0.2558953E+00  0.2182958E-01
   04  0.4876858E+03  0.1387508E+02  0.2409604E+01 -0.2422726E+00  0.1954459E-01
   04  0.4893136E+03  0.1387276E+02  0.2406229E+01 -0.2284398E+00  0.1721945E-01
   04  0.4909413E+03  0.1387039E+02  0.2402766E+01 -0.2143935E+00  0.1485400E-01
   04  0.4925691E+03  0.1386798E+02  0.2399214E+01 -0.2001305E+00  0.1244810E-01
   04  0.4941968E+03  0.1386553E+02  0.2395573E+01 -0.1855638E+00  0.9994629E-02
   04  0.4958245E+03  0.1386303E+02  0.2391839E+01 -0.1706461E+00  0.7489854E-02
   04  0.4974523E+03  0.1386047E+02  0.2388011E+01 -0.1553734E+00  0.4933804E-02
   04  0.4990800E+03  0.1385786E+02  0.2384089E+01 -0.1397429E+00  0.2326682E-02
   04  0.5007078E+03  0.1385520E+02  0.2380072E+01 -0.1237525E+00 -0.3312473E-03
   04  0.5023355E+03  0.1385250E+02  0.2375961E+01 -0.1074013E+00 -0.3039665E-02
   04  0.5039632E+03  0.1384974E+02  0.2371757E+01 -0.9068940E-01 -0.5798132E-02
   04  0.5055910E+03  0.1384693E+02  0.2367460E+01 -0.7361749E-01 -0.8606143E-02
   04  0.5072187E+03  0.1384407E+02  0.2363072E+01 -0.5618720E-01 -0.1146315E-01
   04  0.5088465E+03  0.1384117E+02  0.2358570E+01 -0.3840712E-01 -0.1436858E-01
   04  0.5104742E+03  0.1383821E+02  0.2353982E+01 -0.2027288E-01 -0.1732185E-01
   04  0.5121020E+03  0.1383521E+02  0.2349309E+01 -0.1788105E-02 -0.2032232E-01
   04  0.5137297E+03  0.1383217E+02  0.2344554E+01  0.1704302E-01 -0.2336934E-01
   04  0.5153574E+03  0.1382907E+02  0.2339716E+01  0.3621582E-01 -0.2646224E-01
   04  0.5169852E+03  0.1382594E+02  0.2334799E+01  0.5572520E-01 -0.2960035E-01
   04  0.5186129E+03  0.1382275E+02  0.2329803E+01  0.7556562E-01 -0.3278300E-01
   04  0.5202407E+03  0.1381953E+02  0.2324729E+01  0.9573120E-01 -0.3600952E-01
   04  0.5218684E+03  0.1381626E+02  0.2319580E+01  0.1162157E+00 -0.3927925E-01
   04  0.5234961E+03  0.1381294E+02  0.2314354E+01  0.1370127E+00 -0.4259163E-01
   04  0.5251239E+03  0.1380959E+02  0.2309054E+01  0.1581155E+00 -0.4594606E-01
   04  0.5267516E+03  0.1380619E+02  0.2303680E+01  0.1795174E+00 -0.4934195E-01
   04  0.5283794E+03  0.1380276E+02  0.2298231E+01  0.2012116E+00 -0.5277871E-01
   04  0.5300071E+03  0.1379928E+02  0.2292710E+01  0.2231546E+00 -0.5625866E-01
   04  0.5316349E+03  0.1379575E+02  0.2287117E+01  0.2453250E+00 -0.5978221E-01
   04  0.5332626E+03  0.1379219E+02  0.2281453E+01  0.2677177E+00 -0.6334843E-01
   04  0.5348903E+03  0.1378858E+02  0.2275719E+01  0.2903276E+00 -0.6695642E-01
   04  0.5365181E+03  0.1378493E+02  0.2269917E+01  0.3131491E+00 -0.7060528E-01
   04  0.5381458E+03  0.1378124E+02  0.2264049E+01  0.3361764E+00 -0.7429418E-01
   04  0.5397736E+03  0.1377751E+02  0.2258117E+01  0.3594034E+00 -0.7802230E-01
   04  0.5414013E+03  0.1377375E+02  0.2252124E+01  0.3828240E+00 -0.8178886E-01
   04  0.5430290E+03  0.1376994E+02  0.2246073E+01  0.4064318E+00 -0.8559309E-01
   04  0.5446568E+03  0.1376610E+02  0.2239965E+01  0.4302201E+00 -0.8943427E-01
   04  0.5462845E+03  0.1376222E+02  0.2233805E+01  0.4541823E+00 -0.9331172E-01
   04  0.5479123E+03  0.1375831E+02  0.2227594E+01  0.4783116E+00 -0.9722475E-01
   04  0.5495400E+03  0.1375436E+02  0.2221337E+01  0.5026012E+00 -0.1011727E+00
   04  0.5511678E+03  0.1375038E+02  0.2215036E+01  0.5270439E+00 -0.1051551E+00
   04  0.5527955E+03  0.1374637E+02  0.2208694E+01  0.5516328E+00 -0.1091712E+00
   04  0.5544232E+03  0.1374232E+02  0.2202316E+01  0.5763609E+00 -0.1132204E+00
   04  0.5560510E+03  0.1373823E+02  0.2195903E+01  0.6012208E+00 -0.1173024E+00
   04  0.5576787E+03  0.1373412E+02  0.2189460E+01  0.6262053E+00 -0.1214165E+00
   04  0.5593065E+03  0.1372997E+02  0.2182989E+01  0.6513073E+00 -0.1255622E+00
   04  0.5609342E+03  0.1372580E+02  0.2176496E+01  0.6765194E+00 -0.1297390E+00
   04  0.5625619E+03  0.1372159E+02  0.2169982E+01  0.7018343E+00 -0.1339466E+00
   04  0.5641897E+03  0.1371735E+02  0.2163452E+01  0.7272449E+00 -0.1381844E+00
   04  0.5658174E+03  0.1371308E+02  0.2156909E+01  0.7527438E+00 -0.1424521E+00
   04  0.5674452E+03  0.1370879E+02  0.2150357E+01  0.7783238E+00 -0.1467492E+00
   04  0.5690729E+03  0.1370446E+02  0.2143799E+01  0.8039778E+00 -0.1510754E+00
   04  0.5707007E+03  0.1370011E+02  0.2137239E+01  0.8296987E+00 -0.1554303E+00
   04  0.5723284E+03  0.1369572E+02  0.2130678E+01  0.8554796E+00 -0.1598137E+00
   04  0.5739561E+03  0.1369131E+02  0.2124120E+01  0.8813136E+00 -0.1642252E+00
   04  0.5755839E+03  0.1368687E+02  0.2117568E+01  0.9071939E+00 -0.1686646E+00
   04  0.5772116E+03  0.1368240E+02  0.2111023E+01  0.9331137E+00 -0.1731317E+00
   04  0.5788394E+03  0.1367791E+02  0.2104489E+01  0.9590665E+00 -0.1776262E+00
   04  0.5804671E+03  0.1367339E+02  0.2097966E+01  0.9850457E+00 -0.1821480E+00
   04  0.5820948E+03  0.1366884E+02  0.2091457E+01  0.1011045E+01 -0.1866968E+00
   04  0.5837226E+03  0.1366426E+02  0.2084963E+01  0.1037058E+01 -0.1912726E+00
   04  0.5853503E+03  0.1365966E+02  0.2078485E+01  0.1063077E+01 -0.1958751E+00
   04  0.5869781E+03  0.1365503E+02  0.2072025E+01  0.1089098E+01 -0.2005043E+00
   04  0.5886058E+03  0.1365038E+02  0.2065583E+01  0.1115114E+01 -0.2051601E+00
   04  0.5902336E+03  0.1364569E+02  0.2059160E+01  0.1141118E+01 -0.2098423E+00
   04  0.5918613E+03  0.1364099E+02  0.2052757E+01  0.1167105E+01 -0.2145508E+00
   04  0.5934890E+03  0.1363625E+02  0.2046373E+01  0.1193067E+01 -0.2192858E+00
   04  0.5951168E+03  0.1363149E+02  0.2040009E+01  0.1219000E+01 -0.2240469E+00
   04  0.5967445E+03  0.1362670E+02  0.2033665E+01  0.1244897E+01 -0.2288343E+00
   04  0.5983723E+03  0.1362189E+02  0.2027341E+01  0.1270756E+01 -0.2336483E+00
