# gauge_id= 205 location=( -0.1242068000E+03  0.4176000000E+02 ) num_var=  4
# Stationary gauge
# level, time, q[  1  2  3], eta, aux[]
# file format ascii, time series follow in this file
   04  0.0000000E+00  0.1402199E+02  0.0000000E+00  0.0000000E+00  0.0000000E+00
   04  0.1000000E+01  0.1402199E+02  0.2166420E-15 -0.7962857E-16  0.1946267E+00
   04  0.1015873E+01  0.1402199E+02  0.7273601E-03  0.1054454E-04  0.1946261E+00
   04  0.1031746E+01  0.1402199E+02  0.1454775E-02  0.2110099E-04  0.1946256E+00
   04  0.1047619E+01  0.1402199E+02  0.2182246E-02  0.3166932E-04  0.1946251E+00
   04  0.1063492E+01  0.1402199E+02  0.2909771E-02  0.4224950E-04  0.1946245E+00
   04  0.1079365E+01  0.1402199E+02  0.3637351E-02  0.5284149E-04  0.1946240E+00
   04  0.1095238E+01  0.1402198E+02  0.4364987E-02  0.6344527E-04  0.1946235E+00
   04  0.1111111E+01  0.1402198E+02  0.5092676E-02  0.7406079E-04  0.1946230E+00
   04  0.1126984E+01  0.1402198E+02  0.5820421E-02  0.8468804E-04  0.1946226E+00
   04  0.1142857E+01  0.1402198E+02  0.6548220E-02  0.9532697E-04  0.1946221E+00
   04  0.1158730E+01  0.1402198E+02  0.7276074E-02  0.1059776E-03  0.1946216E+00
   04  0.1174603E+01  0.1402198E+02  0.8003982E-02  0.1166398E-03  0.1946212E+00
   04  0.1190476E+01  0.1402198E+02  0.8731944E-02  0.1273136E-03  0.1946208E+00
   04  0.1206349E+01  0.1402198E+02  0.9459961E-02  0.1379989E-03  0.1946203E+00
   04  0.1222222E+01  0.1402198E+02  0.1018803E-01  0.1486959E-03  0.1946199E+00
   04  0.1238095E+01  0.1402198E+02  0.1091616E-01  0.1594043E-03  0.1946195E+00
   04  0.1253968E+01  0.1402198E+02  0.1164434E-01  0.1701241E-03  0.1946191E+00
   04  0.1269841E+01  0.1402198E+02  0.1237257E-01  0.1808555E-03  0.1946188E+00
   04  0.1285714E+01  0.1402198E+02  0.1310085E-01  0.1915982E-03  0.1946184E+00
   04  0.1301587E+01  0.1402198E+02  0.1382920E-01  0.2023523E-03  0.1946181E+00
   04  0.1317460E+01  0.1402198E+02  0.1455759E-01  0.2131178E-03  0.1946177E+00
   04  0.1333333E+01  0.1402198E+02  0.1528604E-01  0.2238946E-03  0.1946174E+00
   04  0.1349206E+01  0.1402198E+02  0.1601454E-01  0.2346827E-03  0.1946171E+00
   04  0.1365079E+01  0.1402198E+02  0.1674309E-01  0.2454821E-03  0.1946167E+00
   04  0.1380952E+01  0.1402198E+02  0.1747170E-01  0.2562927E-03  0.1946164E+00
   04  0.1396825E+01  0.1402198E+02  0.1820036E-01  0.2671146E-03  0.1946162E+00
   04  0.1412698E+01  0.1402198E+02  0.1892908E-01  0.2779476E-03  0.1946159E+00
   04  0.1428571E+01  0.1402198E+02  0.1965784E-01  0.2887918E-03  0.1946156E+00
   04  0.1476190E+01  0.1402198E+02  0.2184427E-01  0.3214124E-03  0.1946149E+00
   04  0.1523810E+01  0.1402198E+02  0.2403116E-01  0.3541326E-03  0.1946142E+00
   04  0.1571429E+01  0.1402197E+02  0.2621854E-01  0.3869515E-03  0.1946137E+00
   04  0.1619048E+01  0.1402197E+02  0.2840638E-01  0.4198685E-03  0.1946133E+00
   04  0.1666667E+01  0.1402197E+02  0.3059469E-01  0.4528829E-03  0.1946129E+00
   04  0.1714286E+01  0.1402197E+02  0.3278347E-01  0.4859941E-03  0.1946127E+00
   04  0.1761905E+01  0.1402197E+02  0.3497271E-01  0.5192012E-03  0.1946125E+00
   04  0.1809524E+01  0.1402197E+02  0.3716242E-01  0.5525038E-03  0.1946125E+00
   04  0.1857143E+01  0.1402197E+02  0.3935258E-01  0.5859010E-03  0.1946125E+00
   04  0.1904762E+01  0.1402197E+02  0.4154321E-01  0.6193924E-03  0.1946127E+00
   04  0.1952381E+01  0.1402197E+02  0.4373429E-01  0.6529773E-03  0.1946130E+00
   04  0.2000000E+01  0.1402197E+02  0.4592582E-01  0.6866551E-03  0.1946133E+00
   04  0.5727919E+01  0.1402216E+02  0.2171180E+00  0.3757483E-02  0.1947968E+00
   04  0.9455838E+01  0.1402288E+02  0.3904784E+00  0.7153690E-02  0.1955237E+00
   04  0.1318376E+02  0.1402407E+02  0.5651115E+00  0.1073442E-01  0.1967077E+00
   04  0.1691168E+02  0.1402561E+02  0.7395192E+00  0.1429323E-01  0.1982485E+00
   04  0.2063960E+02  0.1402742E+02  0.9125432E+00  0.1755609E-01  0.2000539E+00
   04  0.2436752E+02  0.1402942E+02  0.1083101E+01  0.2031919E-01  0.2020543E+00
   04  0.2809543E+02  0.1403155E+02  0.1250215E+01  0.2241009E-01  0.2041853E+00
   04  0.3182335E+02  0.1403371E+02  0.1413011E+01  0.2398115E-01  0.2063457E+00
   04  0.3555127E+02  0.1403583E+02  0.1570742E+01  0.2486309E-01  0.2084720E+00
   04  0.3927919E+02  0.1403788E+02  0.1722817E+01  0.2494984E-01  0.2105172E+00
   04  0.4300711E+02  0.1403980E+02  0.1868787E+01  0.2405561E-01  0.2124371E+00
   04  0.4487107E+02  0.1404073E+02  0.1939245E+01  0.2318708E-01  0.2133656E+00
   04  0.4673503E+02  0.1404161E+02  0.2008010E+01  0.2203016E-01  0.2142510E+00
   04  0.4839188E+02  0.1404234E+02  0.2067372E+01  0.2072780E-01  0.2149757E+00
   04  0.5004874E+02  0.1404300E+02  0.2125063E+01  0.1915225E-01  0.2156382E+00
   04  0.5170559E+02  0.1404360E+02  0.2181122E+01  0.1729539E-01  0.2162422E+00
   04  0.5336244E+02  0.1404415E+02  0.2235586E+01  0.1515084E-01  0.2167915E+00
   04  0.5501930E+02  0.1404465E+02  0.2288488E+01  0.1271373E-01  0.2172896E+00
   04  0.5667615E+02  0.1404510E+02  0.2339863E+01  0.9998095E-02  0.2177379E+00
   04  0.5833300E+02  0.1404550E+02  0.2389744E+01  0.7015858E-02  0.2181380E+00
   04  0.5998985E+02  0.1404585E+02  0.2438163E+01  0.3770029E-02  0.2184920E+00
   04  0.6164671E+02  0.1404616E+02  0.2485153E+01  0.2644998E-03  0.2188017E+00
   04  0.6330356E+02  0.1404643E+02  0.2530743E+01 -0.3496074E-02  0.2190690E+00
   04  0.6496041E+02  0.1404666E+02  0.2574961E+01 -0.7506384E-02  0.2192951E+00
   04  0.6661727E+02  0.1404684E+02  0.2617785E+01 -0.1175859E-01  0.2194814E+00
   04  0.6827412E+02  0.1404699E+02  0.2659289E+01 -0.1624817E-01  0.2196290E+00
   04  0.6993097E+02  0.1404710E+02  0.2699499E+01 -0.2096812E-01  0.2197388E+00
   04  0.7158783E+02  0.1404717E+02  0.2738438E+01 -0.2591055E-01  0.2198113E+00
   04  0.7324468E+02  0.1404721E+02  0.2776130E+01 -0.3106638E-01  0.2198468E+00
   04  0.7490153E+02  0.1404721E+02  0.2812597E+01 -0.3644096E-01  0.2198468E+00
   04  0.7655838E+02  0.1404718E+02  0.2847863E+01 -0.4214523E-01  0.2198210E+00
   04  0.7821524E+02  0.1404713E+02  0.2881948E+01 -0.4816333E-01  0.2197686E+00
   04  0.7987209E+02  0.1404705E+02  0.2914875E+01 -0.5448112E-01  0.2196887E+00
   04  0.8152894E+02  0.1404694E+02  0.2946661E+01 -0.6108584E-01  0.2195805E+00
   04  0.8318580E+02  0.1404680E+02  0.2977328E+01 -0.6796594E-01  0.2194433E+00
   04  0.8484265E+02  0.1404664E+02  0.3006893E+01 -0.7511082E-01  0.2192765E+00
   04  0.8649950E+02  0.1404644E+02  0.3035377E+01 -0.8251079E-01  0.2190795E+00
   04  0.8815636E+02  0.1404621E+02  0.3062796E+01 -0.9015684E-01  0.2188518E+00
   04  0.8981321E+02  0.1404595E+02  0.3089169E+01 -0.9804208E-01  0.2185927E+00
   04  0.9147006E+02  0.1404566E+02  0.3114514E+01 -0.1061609E+00  0.2183016E+00
   04  0.9445240E+02  0.1404507E+02  0.3158041E+01 -0.1214562E+00  0.2177092E+00
   04  0.9743473E+02  0.1404436E+02  0.3198377E+01 -0.1375632E+00  0.2169955E+00
   04  0.1004171E+03  0.1404352E+02  0.3235625E+01 -0.1544516E+00  0.2161606E+00
   04  0.1033994E+03  0.1404257E+02  0.3269992E+01 -0.1720870E+00  0.2152136E+00
   04  0.1063817E+03  0.1404159E+02  0.3302459E+01 -0.1904204E+00  0.2142247E+00
   04  0.1093641E+03  0.1404055E+02  0.3333141E+01 -0.2093873E+00  0.2131927E+00
   04  0.1123464E+03  0.1403948E+02  0.3362135E+01 -0.2289353E+00  0.2121162E+00
   04  0.1153287E+03  0.1403835E+02  0.3389517E+01 -0.2490372E+00  0.2109935E+00
   04  0.1183111E+03  0.1403718E+02  0.3415383E+01 -0.2696267E+00  0.2098212E+00
   04  0.1212934E+03  0.1403597E+02  0.3439558E+01 -0.2906360E+00  0.2086128E+00
   04  0.1242758E+03  0.1403473E+02  0.3461966E+01 -0.3120041E+00  0.2073720E+00
   04  0.1272581E+03  0.1403345E+02  0.3482668E+01 -0.3336427E+00  0.2060926E+00
   04  0.1302404E+03  0.1403213E+02  0.3501661E+01 -0.3555165E+00  0.2047685E+00
   04  0.1332228E+03  0.1403076E+02  0.3518969E+01 -0.3775770E+00  0.2033962E+00
   04  0.1362051E+03  0.1402934E+02  0.3534614E+01 -0.3997659E+00  0.2019748E+00
   04  0.1391874E+03  0.1402787E+02  0.3548613E+01 -0.4220267E+00  0.2005059E+00
   04  0.1421698E+03  0.1402635E+02  0.3560991E+01 -0.4443264E+00  0.1989883E+00
   04  0.1451521E+03  0.1402478E+02  0.3571785E+01 -0.4666329E+00  0.1974213E+00
   04  0.1481344E+03  0.1402317E+02  0.3581028E+01 -0.4889113E+00  0.1958056E+00
   04  0.1511168E+03  0.1402150E+02  0.3588832E+01 -0.5111388E+00  0.1941387E+00
   04  0.1540991E+03  0.1401978E+02  0.3595275E+01 -0.5332943E+00  0.1924233E+00
   04  0.1570814E+03  0.1401802E+02  0.3600435E+01 -0.5553586E+00  0.1906638E+00
   04  0.1600638E+03  0.1401622E+02  0.3604392E+01 -0.5773390E+00  0.1888631E+00
   04  0.1630461E+03  0.1401439E+02  0.3607237E+01 -0.5992273E+00  0.1870266E+00
   04  0.1660284E+03  0.1401252E+02  0.3609059E+01 -0.6210068E+00  0.1851611E+00
   04  0.1690108E+03  0.1401064E+02  0.3609956E+01 -0.6426605E+00  0.1832740E+00
   04  0.1719931E+03  0.1400873E+02  0.3610023E+01 -0.6641714E+00  0.1813722E+00
   04  0.1749755E+03  0.1400682E+02  0.3609336E+01 -0.6855224E+00  0.1794620E+00
   04  0.1779578E+03  0.1400491E+02  0.3607959E+01 -0.7066993E+00  0.1775490E+00
   04  0.1809401E+03  0.1400300E+02  0.3605971E+01 -0.7276916E+00  0.1756394E+00
   04  0.1824313E+03  0.1400207E+02  0.3604792E+01 -0.7380236E+00  0.1747061E+00
   04  0.1839225E+03  0.1400114E+02  0.3603503E+01 -0.7483040E+00  0.1737741E+00
   04  0.1854136E+03  0.1400020E+02  0.3602113E+01 -0.7585123E+00  0.1728430E+00
   04  0.1869048E+03  0.1399927E+02  0.3600631E+01 -0.7686471E+00  0.1719138E+00
   04  0.1883960E+03  0.1399835E+02  0.3599067E+01 -0.7787069E+00  0.1709873E+00
   04  0.1898871E+03  0.1399743E+02  0.3597432E+01 -0.7886916E+00  0.1700648E+00
   04  0.1913783E+03  0.1399651E+02  0.3595735E+01 -0.7986071E+00  0.1691479E+00
   04  0.1928695E+03  0.1399560E+02  0.3593989E+01 -0.8084527E+00  0.1682379E+00
   04  0.1943606E+03  0.1399470E+02  0.3592208E+01 -0.8182283E+00  0.1673361E+00
   04  0.1958518E+03  0.1399380E+02  0.3590401E+01 -0.8280123E+00  0.1664373E+00
   04  0.1973430E+03  0.1399290E+02  0.3588579E+01 -0.8378417E+00  0.1655402E+00
   04  0.1988341E+03  0.1399201E+02  0.3586749E+01 -0.8477196E+00  0.1646457E+00
   04  0.2003253E+03  0.1399112E+02  0.3584921E+01 -0.8576484E+00  0.1637553E+00
   04  0.2018165E+03  0.1399023E+02  0.3583104E+01 -0.8676299E+00  0.1628700E+00
   04  0.2033076E+03  0.1398935E+02  0.3581306E+01 -0.8776651E+00  0.1619911E+00
   04  0.2047988E+03  0.1398848E+02  0.3579539E+01 -0.8877544E+00  0.1611198E+00
   04  0.2062900E+03  0.1398762E+02  0.3577810E+01 -0.8978977E+00  0.1602574E+00
   04  0.2077811E+03  0.1398677E+02  0.3576131E+01 -0.9080945E+00  0.1594051E+00
   04  0.2092723E+03  0.1398593E+02  0.3574514E+01 -0.9183437E+00  0.1585643E+00
   04  0.2107635E+03  0.1398510E+02  0.3572973E+01 -0.9286443E+00  0.1577367E+00
   04  0.2122546E+03  0.1398428E+02  0.3571436E+01 -0.9389918E+00  0.1569166E+00
   04  0.2137458E+03  0.1398346E+02  0.3569874E+01 -0.9493765E+00  0.1561021E+00
   04  0.2152370E+03  0.1398265E+02  0.3568294E+01 -0.9597880E+00  0.1552936E+00
   04  0.2167281E+03  0.1398185E+02  0.3566703E+01 -0.9702158E+00  0.1544917E+00
   04  0.2182193E+03  0.1398106E+02  0.3565107E+01 -0.9806501E+00  0.1536970E+00
   04  0.2197105E+03  0.1398027E+02  0.3563512E+01 -0.9910813E+00  0.1529099E+00
   04  0.2212017E+03  0.1397949E+02  0.3561923E+01 -0.1001500E+01  0.1521312E+00
   04  0.2226928E+03  0.1397872E+02  0.3560346E+01 -0.1011898E+01  0.1513613E+00
   04  0.2241840E+03  0.1397796E+02  0.3558784E+01 -0.1022265E+01  0.1506006E+00
   04  0.2256752E+03  0.1397721E+02  0.3557243E+01 -0.1032595E+01  0.1498498E+00
   04  0.2271663E+03  0.1397647E+02  0.3555725E+01 -0.1042877E+01  0.1491090E+00
   04  0.2286575E+03  0.1397574E+02  0.3554235E+01 -0.1053105E+01  0.1483788E+00
   04  0.2301487E+03  0.1397502E+02  0.3552775E+01 -0.1063270E+01  0.1476593E+00
   04  0.2316398E+03  0.1397431E+02  0.3551346E+01 -0.1073364E+01  0.1469508E+00
   04  0.2331310E+03  0.1397361E+02  0.3549951E+01 -0.1083380E+01  0.1462534E+00
   04  0.2346222E+03  0.1397293E+02  0.3548590E+01 -0.1093310E+01  0.1455672E+00
   04  0.2361133E+03  0.1397225E+02  0.3547264E+01 -0.1103147E+01  0.1448921E+00
   04  0.2376045E+03  0.1397159E+02  0.3545971E+01 -0.1112882E+01  0.1442281E+00
   04  0.2390957E+03  0.1397094E+02  0.3544712E+01 -0.1122508E+01  0.1435750E+00
   04  0.2405868E+03  0.1397029E+02  0.3543483E+01 -0.1132018E+01  0.1429325E+00
   04  0.2420780E+03  0.1396966E+02  0.3542286E+01 -0.1141401E+01  0.1423004E+00
   04  0.2435692E+03  0.1396904E+02  0.3541116E+01 -0.1150651E+01  0.1416782E+00
   04  0.2450603E+03  0.1396843E+02  0.3539972E+01 -0.1159759E+01  0.1410657E+00
   04  0.2465515E+03  0.1396782E+02  0.3538849E+01 -0.1168718E+01  0.1404623E+00
   04  0.2480427E+03  0.1396723E+02  0.3537744E+01 -0.1177521E+01  0.1398674E+00
   04  0.2495338E+03  0.1396664E+02  0.3536651E+01 -0.1186160E+01  0.1392805E+00
   04  0.2510250E+03  0.1396606E+02  0.3535567E+01 -0.1194628E+01  0.1387010E+00
   04  0.2525162E+03  0.1396549E+02  0.3534486E+01 -0.1202917E+01  0.1381281E+00
   04  0.2540073E+03  0.1396492E+02  0.3533403E+01 -0.1211020E+01  0.1375611E+00
   04  0.2554985E+03  0.1396436E+02  0.3532312E+01 -0.1218929E+01  0.1369992E+00
   04  0.2569897E+03  0.1396380E+02  0.3531207E+01 -0.1226637E+01  0.1364417E+00
   04  0.2584808E+03  0.1396326E+02  0.3530160E+01 -0.1234142E+01  0.1358941E+00
   04  0.2599720E+03  0.1396272E+02  0.3529172E+01 -0.1241442E+01  0.1353567E+00
   04  0.2614632E+03  0.1396219E+02  0.3528242E+01 -0.1248538E+01  0.1348292E+00
   04  0.2629543E+03  0.1396167E+02  0.3527366E+01 -0.1255430E+01  0.1343115E+00
   04  0.2644455E+03  0.1396116E+02  0.3526541E+01 -0.1262118E+01  0.1338031E+00
   04  0.2659367E+03  0.1396066E+02  0.3525766E+01 -0.1268602E+01  0.1333038E+00
   04  0.2674278E+03  0.1396017E+02  0.3525038E+01 -0.1274883E+01  0.1328132E+00
   04  0.2689190E+03  0.1395969E+02  0.3524356E+01 -0.1280959E+01  0.1323311E+00
   04  0.2704102E+03  0.1395922E+02  0.3523717E+01 -0.1286831E+01  0.1318571E+00
   04  0.2719014E+03  0.1395875E+02  0.3523120E+01 -0.1292497E+01  0.1313908E+00
   04  0.2733925E+03  0.1395829E+02  0.3522562E+01 -0.1297958E+01  0.1309317E+00
   04  0.2748837E+03  0.1395784E+02  0.3522040E+01 -0.1303212E+01  0.1304794E+00
   04  0.2763749E+03  0.1395739E+02  0.3521550E+01 -0.1308260E+01  0.1300333E+00
   04  0.2778660E+03  0.1395695E+02  0.3521089E+01 -0.1313099E+01  0.1295929E+00
   04  0.2793572E+03  0.1395652E+02  0.3520653E+01 -0.1317731E+01  0.1291576E+00
   04  0.2808484E+03  0.1395609E+02  0.3520238E+01 -0.1322154E+01  0.1287267E+00
   04  0.2823395E+03  0.1395566E+02  0.3519840E+01 -0.1326366E+01  0.1282996E+00
   04  0.2838307E+03  0.1395524E+02  0.3519454E+01 -0.1330366E+01  0.1278757E+00
   04  0.2853219E+03  0.1395482E+02  0.3519076E+01 -0.1334157E+01  0.1274548E+00
   04  0.2868130E+03  0.1395440E+02  0.3518699E+01 -0.1337739E+01  0.1270364E+00
   04  0.2883042E+03  0.1395398E+02  0.3518321E+01 -0.1341109E+01  0.1266199E+00
   04  0.2897954E+03  0.1395357E+02  0.3517934E+01 -0.1344267E+01  0.1262045E+00
   04  0.2912865E+03  0.1395315E+02  0.3517537E+01 -0.1347211E+01  0.1257896E+00
   04  0.2927777E+03  0.1395274E+02  0.3517122E+01 -0.1349940E+01  0.1253746E+00
   04  0.2942689E+03  0.1395232E+02  0.3516688E+01 -0.1352451E+01  0.1249590E+00
   04  0.2957600E+03  0.1395190E+02  0.3516228E+01 -0.1354745E+01  0.1245421E+00
   04  0.2972512E+03  0.1395148E+02  0.3515741E+01 -0.1356819E+01  0.1241235E+00
   04  0.2987424E+03  0.1395106E+02  0.3515221E+01 -0.1358673E+01  0.1237026E+00
   04  0.3002335E+03  0.1395064E+02  0.3514666E+01 -0.1360305E+01  0.1232791E+00
   04  0.3017247E+03  0.1395021E+02  0.3514073E+01 -0.1361715E+01  0.1228525E+00
   04  0.3032159E+03  0.1394978E+02  0.3513425E+01 -0.1362918E+01  0.1224209E+00
   04  0.3047070E+03  0.1394935E+02  0.3512733E+01 -0.1363913E+01  0.1219841E+00
   04  0.3061982E+03  0.1394890E+02  0.3511997E+01 -0.1364699E+01  0.1215419E+00
   04  0.3076894E+03  0.1394846E+02  0.3511216E+01 -0.1365276E+01  0.1210943E+00
   04  0.3091805E+03  0.1394800E+02  0.3510387E+01 -0.1365642E+01  0.1206416E+00
   04  0.3106717E+03  0.1394755E+02  0.3509496E+01 -0.1365797E+01  0.1201847E+00
   04  0.3121629E+03  0.1394708E+02  0.3508551E+01 -0.1365738E+01  0.1197232E+00
   04  0.3136540E+03  0.1394662E+02  0.3507560E+01 -0.1365455E+01  0.1192573E+00
   04  0.3151452E+03  0.1394615E+02  0.3506532E+01 -0.1364944E+01  0.1187866E+00
   04  0.3165017E+03  0.1394571E+02  0.3505568E+01 -0.1364275E+01  0.1183538E+00
   04  0.3178581E+03  0.1394528E+02  0.3504586E+01 -0.1363418E+01  0.1179168E+00
   04  0.3192146E+03  0.1394484E+02  0.3503592E+01 -0.1362375E+01  0.1174755E+00
   04  0.3205710E+03  0.1394439E+02  0.3502589E+01 -0.1361147E+01  0.1170301E+00
   04  0.3219275E+03  0.1394394E+02  0.3501584E+01 -0.1359740E+01  0.1165807E+00
   04  0.3232839E+03  0.1394349E+02  0.3500581E+01 -0.1358160E+01  0.1161279E+00
   04  0.3246404E+03  0.1394303E+02  0.3499581E+01 -0.1356408E+01  0.1156716E+00
   04  0.3259968E+03  0.1394257E+02  0.3498587E+01 -0.1354468E+01  0.1152101E+00
   04  0.3273533E+03  0.1394210E+02  0.3497601E+01 -0.1352338E+01  0.1147435E+00
   04  0.3287097E+03  0.1394163E+02  0.3496625E+01 -0.1350019E+01  0.1142715E+00
   04  0.3300662E+03  0.1394116E+02  0.3495662E+01 -0.1347510E+01  0.1137940E+00
   04  0.3314226E+03  0.1394067E+02  0.3494714E+01 -0.1344810E+01  0.1133111E+00
   04  0.3327791E+03  0.1394018E+02  0.3493784E+01 -0.1341919E+01  0.1128225E+00
   04  0.3341355E+03  0.1393969E+02  0.3492875E+01 -0.1338839E+01  0.1123284E+00
   04  0.3354920E+03  0.1393919E+02  0.3491988E+01 -0.1335570E+01  0.1118286E+00
   04  0.3368484E+03  0.1393868E+02  0.3491125E+01 -0.1332113E+01  0.1113232E+00
   04  0.3382049E+03  0.1393817E+02  0.3490290E+01 -0.1328468E+01  0.1108122E+00
   04  0.3395613E+03  0.1393766E+02  0.3489483E+01 -0.1324638E+01  0.1102955E+00
   04  0.3409178E+03  0.1393713E+02  0.3488706E+01 -0.1320623E+01  0.1097732E+00
   04  0.3422742E+03  0.1393661E+02  0.3487963E+01 -0.1316426E+01  0.1092454E+00
   04  0.3436307E+03  0.1393607E+02  0.3487254E+01 -0.1312047E+01  0.1087120E+00
   04  0.3449871E+03  0.1393553E+02  0.3486581E+01 -0.1307490E+01  0.1081731E+00
   04  0.3463436E+03  0.1393499E+02  0.3485946E+01 -0.1302754E+01  0.1076288E+00
   04  0.3477000E+03  0.1393444E+02  0.3485351E+01 -0.1297845E+01  0.1070789E+00
   04  0.3490565E+03  0.1393388E+02  0.3484797E+01 -0.1292768E+01  0.1065232E+00
   04  0.3504130E+03  0.1393332E+02  0.3484285E+01 -0.1287527E+01  0.1059617E+00
   04  0.3517694E+03  0.1393276E+02  0.3483817E+01 -0.1282123E+01  0.1053943E+00
   04  0.3531259E+03  0.1393218E+02  0.3483395E+01 -0.1276560E+01  0.1048212E+00
   04  0.3544823E+03  0.1393160E+02  0.3483021E+01 -0.1270839E+01  0.1042422E+00
   04  0.3558388E+03  0.1393102E+02  0.3482694E+01 -0.1264962E+01  0.1036572E+00
   04  0.3574665E+03  0.1393031E+02  0.3482378E+01 -0.1257709E+01  0.1029494E+00
   04  0.3590942E+03  0.1392960E+02  0.3482136E+01 -0.1250203E+01  0.1022373E+00
   04  0.3607220E+03  0.1392888E+02  0.3481971E+01 -0.1242452E+01  0.1015212E+00
   04  0.3623497E+03  0.1392816E+02  0.3481883E+01 -0.1234464E+01  0.1008015E+00
   04  0.3639775E+03  0.1392744E+02  0.3481873E+01 -0.1226247E+01  0.1000782E+00
   04  0.3656052E+03  0.1392671E+02  0.3481942E+01 -0.1217808E+01  0.9935152E-01
   04  0.3672329E+03  0.1392598E+02  0.3482091E+01 -0.1209156E+01  0.9862151E-01
   04  0.3688607E+03  0.1392525E+02  0.3482319E+01 -0.1200295E+01  0.9788814E-01
   04  0.3704884E+03  0.1392451E+02  0.3482628E+01 -0.1191234E+01  0.9715132E-01
   04  0.3721162E+03  0.1392377E+02  0.3483017E+01 -0.1181979E+01  0.9641088E-01
   04  0.3737439E+03  0.1392303E+02  0.3483486E+01 -0.1172534E+01  0.9566657E-01
   04  0.3753717E+03  0.1392228E+02  0.3484034E+01 -0.1162907E+01  0.9491803E-01
   04  0.3769994E+03  0.1392153E+02  0.3484660E+01 -0.1153103E+01  0.9416486E-01
   04  0.3786271E+03  0.1392077E+02  0.3485363E+01 -0.1143126E+01  0.9340658E-01
   04  0.3802549E+03  0.1392000E+02  0.3486142E+01 -0.1132981E+01  0.9264265E-01
   04  0.3818826E+03  0.1391923E+02  0.3486995E+01 -0.1122674E+01  0.9187246E-01
   04  0.3835104E+03  0.1391846E+02  0.3487919E+01 -0.1112206E+01  0.9109535E-01
   04  0.3851381E+03  0.1391767E+02  0.3488914E+01 -0.1101584E+01  0.9031062E-01
   04  0.3867658E+03  0.1391688E+02  0.3489975E+01 -0.1090808E+01  0.8951750E-01
   04  0.3883936E+03  0.1391608E+02  0.3491102E+01 -0.1079883E+01  0.8871518E-01
   04  0.3900213E+03  0.1391526E+02  0.3492290E+01 -0.1068811E+01  0.8790284E-01
   04  0.3916491E+03  0.1391444E+02  0.3493537E+01 -0.1057593E+01  0.8707960E-01
   04  0.3932768E+03  0.1391361E+02  0.3494839E+01 -0.1046233E+01  0.8624456E-01
   04  0.3949046E+03  0.1391276E+02  0.3496193E+01 -0.1034731E+01  0.8539680E-01
   04  0.3965323E+03  0.1391190E+02  0.3497596E+01 -0.1023088E+01  0.8453537E-01
   04  0.3981600E+03  0.1391102E+02  0.3499043E+01 -0.1011305E+01  0.8365932E-01
   04  0.3997878E+03  0.1391013E+02  0.3500530E+01 -0.9993835E+00  0.8276769E-01
   04  0.4014155E+03  0.1390922E+02  0.3502054E+01 -0.9873230E+00  0.8185949E-01
   04  0.4030433E+03  0.1390829E+02  0.3503610E+01 -0.9751235E+00  0.8093376E-01
   04  0.4046710E+03  0.1390735E+02  0.3505195E+01 -0.9627850E+00  0.7998948E-01
   04  0.4062987E+03  0.1390639E+02  0.3506802E+01 -0.9503046E+00  0.7902544E-01
   04  0.4079265E+03  0.1390540E+02  0.3508429E+01 -0.9376707E+00  0.7803953E-01
   04  0.4095542E+03  0.1390439E+02  0.3510073E+01 -0.9248828E+00  0.7703078E-01
   04  0.4111820E+03  0.1390336E+02  0.3511731E+01 -0.9119401E+00  0.7599822E-01
   04  0.4128097E+03  0.1390230E+02  0.3513401E+01 -0.8988415E+00  0.7494092E-01
   04  0.4144375E+03  0.1390122E+02  0.3515079E+01 -0.8855859E+00  0.7385796E-01
   04  0.4160652E+03  0.1390011E+02  0.3516763E+01 -0.8721720E+00  0.7274847E-01
   04  0.4176929E+03  0.1389897E+02  0.3518449E+01 -0.8585979E+00  0.7161159E-01
   04  0.4193207E+03  0.1389781E+02  0.3520134E+01 -0.8448619E+00  0.7044648E-01
   04  0.4209484E+03  0.1389661E+02  0.3521815E+01 -0.8309617E+00  0.6925233E-01
   04  0.4225762E+03  0.1389539E+02  0.3523489E+01 -0.8168951E+00  0.6802832E-01
   04  0.4242039E+03  0.1389413E+02  0.3525152E+01 -0.8026594E+00  0.6677369E-01
   04  0.4258316E+03  0.1389285E+02  0.3526801E+01 -0.7882516E+00  0.6548766E-01
   04  0.4274594E+03  0.1389154E+02  0.3528434E+01 -0.7737485E+00  0.6417600E-01
   04  0.4290871E+03  0.1389020E+02  0.3530050E+01 -0.7591577E+00  0.6283877E-01
   04  0.4307149E+03  0.1388884E+02  0.3531648E+01 -0.7444755E+00  0.6147513E-01
   04  0.4323426E+03  0.1388745E+02  0.3533226E+01 -0.7296981E+00  0.6008425E-01
   04  0.4339704E+03  0.1388603E+02  0.3534783E+01 -0.7148217E+00  0.5866529E-01
   04  0.4355981E+03  0.1388458E+02  0.3536317E+01 -0.6998421E+00  0.5721745E-01
   04  0.4372258E+03  0.1388310E+02  0.3537827E+01 -0.6847552E+00  0.5573989E-01
   04  0.4388536E+03  0.1388159E+02  0.3539309E+01 -0.6695564E+00  0.5423181E-01
   04  0.4404813E+03  0.1388005E+02  0.3540761E+01 -0.6542413E+00  0.5269240E-01
   04  0.4421091E+03  0.1387848E+02  0.3542182E+01 -0.6388053E+00  0.5112087E-01
   04  0.4437368E+03  0.1387688E+02  0.3543568E+01 -0.6232436E+00  0.4951642E-01
   04  0.4453645E+03  0.1387524E+02  0.3544917E+01 -0.6075514E+00  0.4787829E-01
   04  0.4469923E+03  0.1387357E+02  0.3546226E+01 -0.5917238E+00  0.4620572E-01
   04  0.4486200E+03  0.1387186E+02  0.3547492E+01 -0.5757558E+00  0.4449795E-01
   04  0.4502478E+03  0.1387012E+02  0.3548711E+01 -0.5596424E+00  0.4275427E-01
   04  0.4518755E+03  0.1386834E+02  0.3549881E+01 -0.5433785E+00  0.4097395E-01
   04  0.4535033E+03  0.1386652E+02  0.3550997E+01 -0.5269591E+00  0.3915632E-01
   04  0.4551310E+03  0.1386466E+02  0.3552058E+01 -0.5103790E+00  0.3730070E-01
   04  0.4567587E+03  0.1386277E+02  0.3553059E+01 -0.4936332E+00  0.3540645E-01
   04  0.4583865E+03  0.1386083E+02  0.3553997E+01 -0.4767166E+00  0.3347295E-01
   04  0.4600142E+03  0.1385886E+02  0.3554869E+01 -0.4596243E+00  0.3149961E-01
   04  0.4616420E+03  0.1385685E+02  0.3555671E+01 -0.4423515E+00  0.2948586E-01
   04  0.4632697E+03  0.1385479E+02  0.3556400E+01 -0.4248935E+00  0.2743116E-01
   04  0.4648974E+03  0.1385270E+02  0.3557053E+01 -0.4072458E+00  0.2533502E-01
   04  0.4665252E+03  0.1385056E+02  0.3557626E+01 -0.3894040E+00  0.2319697E-01
   04  0.4681529E+03  0.1384838E+02  0.3558117E+01 -0.3713641E+00  0.2101658E-01
   04  0.4697807E+03  0.1384615E+02  0.3558522E+01 -0.3531228E+00  0.1879353E-01
   04  0.4714084E+03  0.1384389E+02  0.3558839E+01 -0.3346770E+00  0.1652754E-01
   04  0.4730362E+03  0.1384158E+02  0.3559066E+01 -0.3160237E+00  0.1421834E-01
   04  0.4746639E+03  0.1383923E+02  0.3559200E+01 -0.2971600E+00  0.1186571E-01
   04  0.4762916E+03  0.1383683E+02  0.3559239E+01 -0.2780832E+00  0.9469471E-02
   04  0.4779194E+03  0.1383439E+02  0.3559180E+01 -0.2587906E+00  0.7029457E-02
   04  0.4795471E+03  0.1383191E+02  0.3559023E+01 -0.2392799E+00  0.4545552E-02
   04  0.4811749E+03  0.1382938E+02  0.3558766E+01 -0.2195486E+00  0.2017668E-02
   04  0.4828026E+03  0.1382681E+02  0.3558408E+01 -0.1995946E+00 -0.5542465E-03
   04  0.4844303E+03  0.1382419E+02  0.3557948E+01 -0.1794159E+00 -0.3170210E-02
   04  0.4860581E+03  0.1382153E+02  0.3557385E+01 -0.1590107E+00 -0.5830171E-02
   04  0.4876858E+03  0.1381883E+02  0.3556721E+01 -0.1383774E+00 -0.8534040E-02
   04  0.4893136E+03  0.1381608E+02  0.3555956E+01 -0.1175144E+00 -0.1128170E-01
   04  0.4909413E+03  0.1381329E+02  0.3555090E+01 -0.9642057E-01 -0.1407302E-01
   04  0.4925691E+03  0.1381045E+02  0.3554124E+01 -0.7509461E-01 -0.1690784E-01
   04  0.4941968E+03  0.1380757E+02  0.3553056E+01 -0.5343931E-01 -0.1979400E-01
   04  0.4958245E+03  0.1380463E+02  0.3551885E+01 -0.3140636E-01 -0.2273540E-01
   04  0.4974523E+03  0.1380163E+02  0.3550608E+01 -0.8997801E-02 -0.2573160E-01
   04  0.4990800E+03  0.1379858E+02  0.3549226E+01  0.1378368E-01 -0.2878200E-01
   04  0.5007078E+03  0.1379548E+02  0.3547740E+01  0.3693480E-01 -0.3188593E-01
   04  0.5023355E+03  0.1379232E+02  0.3546151E+01  0.6045164E-01 -0.3504267E-01
   04  0.5039632E+03  0.1378911E+02  0.3544459E+01  0.8432989E-01 -0.3825148E-01
   04  0.5055910E+03  0.1378585E+02  0.3542666E+01  0.1085649E+00 -0.4151156E-01
   04  0.5072187E+03  0.1378254E+02  0.3540772E+01  0.1331517E+00 -0.4482203E-01
   04  0.5088465E+03  0.1377918E+02  0.3538768E+01  0.1580823E+00 -0.4818203E-01
   04  0.5104742E+03  0.1377577E+02  0.3536668E+01  0.1833543E+00 -0.5159064E-01
   04  0.5121020E+03  0.1377231E+02  0.3534473E+01  0.2089620E+00 -0.5504692E-01
   04  0.5137297E+03  0.1376881E+02  0.3532185E+01  0.2348995E+00 -0.5854988E-01
   04  0.5153574E+03  0.1376526E+02  0.3529807E+01  0.2611608E+00 -0.6209856E-01
   04  0.5169852E+03  0.1376167E+02  0.3527341E+01  0.2877396E+00 -0.6569197E-01
   04  0.5186129E+03  0.1375803E+02  0.3524790E+01  0.3146300E+00 -0.6932912E-01
   04  0.5202407E+03  0.1375435E+02  0.3522155E+01  0.3418255E+00 -0.7300902E-01
   04  0.5218684E+03  0.1375063E+02  0.3519439E+01  0.3693200E+00 -0.7673070E-01
   04  0.5234961E+03  0.1374687E+02  0.3516645E+01  0.3971073E+00 -0.8049327E-01
   04  0.5251239E+03  0.1374307E+02  0.3513773E+01  0.4251813E+00 -0.8429583E-01
   04  0.5267516E+03  0.1373922E+02  0.3510826E+01  0.4535359E+00 -0.8813748E-01
   04  0.5283794E+03  0.1373534E+02  0.3507806E+01  0.4821654E+00 -0.9201733E-01
   04  0.5300071E+03  0.1373142E+02  0.3504715E+01  0.5110225E+00 -0.9593781E-01
   04  0.5316349E+03  0.1372746E+02  0.3501554E+01  0.5400830E+00 -0.9989939E-01
   04  0.5332626E+03  0.1372346E+02  0.3498326E+01  0.5693412E+00 -0.1039010E+00
   04  0.5348903E+03  0.1371942E+02  0.3495031E+01  0.5987910E+00 -0.1079418E+00
   04  0.5365181E+03  0.1371534E+02  0.3491674E+01  0.6284267E+00 -0.1120205E+00
   04  0.5381458E+03  0.1371122E+02  0.3488257E+01  0.6582422E+00 -0.1161365E+00
   04  0.5397736E+03  0.1370707E+02  0.3484782E+01  0.6882316E+00 -0.1202886E+00
   04  0.5414013E+03  0.1370289E+02  0.3481253E+01  0.7183889E+00 -0.1244760E+00
   04  0.5430290E+03  0.1369866E+02  0.3477673E+01  0.7487081E+00 -0.1286979E+00
   04  0.5446568E+03  0.1369441E+02  0.3474045E+01  0.7791833E+00 -0.1329533E+00
   04  0.5462845E+03  0.1369012E+02  0.3470373E+01  0.8098085E+00 -0.1372415E+00
   04  0.5479123E+03  0.1368580E+02  0.3466660E+01  0.8405778E+00 -0.1415617E+00
   04  0.5495400E+03  0.1368145E+02  0.3462909E+01  0.8714852E+00 -0.1459131E+00
   04  0.5511678E+03  0.1367707E+02  0.3459124E+01  0.9025248E+00 -0.1502950E+00
   04  0.5527955E+03  0.1367265E+02  0.3455310E+01  0.9336907E+00 -0.1547066E+00
   04  0.5544232E+03  0.1366821E+02  0.3451469E+01  0.9649771E+00 -0.1591473E+00
   04  0.5560510E+03  0.1366374E+02  0.3447606E+01  0.9963780E+00 -0.1636163E+00
   04  0.5576787E+03  0.1365925E+02  0.3443725E+01  0.1027888E+01 -0.1681129E+00
   04  0.5593065E+03  0.1365472E+02  0.3439829E+01  0.1059500E+01 -0.1726367E+00
   04  0.5609342E+03  0.1365017E+02  0.3435924E+01  0.1091210E+01 -0.1771869E+00
   04  0.5625619E+03  0.1364560E+02  0.3432011E+01  0.1123011E+01 -0.1817629E+00
   04  0.5641897E+03  0.1364100E+02  0.3428095E+01  0.1154898E+01 -0.1863643E+00
   04  0.5658174E+03  0.1363637E+02  0.3424179E+01  0.1186865E+01 -0.1909905E+00
   04  0.5674452E+03  0.1363172E+02  0.3420266E+01  0.1218907E+01 -0.1956410E+00
   04  0.5690729E+03  0.1362705E+02  0.3416360E+01  0.1251018E+01 -0.2003153E+00
   04  0.5707007E+03  0.1362235E+02  0.3412462E+01  0.1283192E+01 -0.2050130E+00
   04  0.5723284E+03  0.1361763E+02  0.3408576E+01  0.1315424E+01 -0.2097337E+00
   04  0.5739561E+03  0.1361288E+02  0.3404703E+01  0.1347709E+01 -0.2144770E+00
   04  0.5755839E+03  0.1360812E+02  0.3400846E+01  0.1380041E+01 -0.2192426E+00
   04  0.5772116E+03  0.1360333E+02  0.3397005E+01  0.1412414E+01 -0.2240301E+00
   04  0.5788394E+03  0.1359852E+02  0.3393184E+01  0.1444824E+01 -0.2288392E+00
   04  0.5804671E+03  0.1359369E+02  0.3389383E+01  0.1477265E+01 -0.2336696E+00
   04  0.5820948E+03  0.1358884E+02  0.3385603E+01  0.1509731E+01 -0.2385210E+00
   04  0.5837226E+03  0.1358397E+02  0.3381846E+01  0.1542217E+01 -0.2433931E+00
   04  0.5853503E+03  0.1357908E+02  0.3378111E+01  0.1574718E+01 -0.2482857E+00
   04  0.5869781E+03  0.1357416E+02  0.3374399E+01  0.1607228E+01 -0.2531986E+00
   04  0.5886058E+03  0.1356923E+02  0.3370711E+01  0.1639742E+01 -0.2581315E+00
   04  0.5902336E+03  0.1356428E+02  0.3367046E+01  0.1672253E+01 -0.2630842E+00
   04  0.5918613E+03  0.1355930E+02  0.3363404E+01  0.1704757E+01 -0.2680565E+00
   04  0.5934890E+03  0.1355431E+02  0.3359785E+01  0.1737249E+01 -0.2730482E+00
   04  0.5951168E+03  0.1354930E+02  0.3356188E+01  0.1769721E+01 -0.2780591E+00
   04  0.5967445E+03  0.1354427E+02  0.3352804E+01  0.1802232E+01 -0.2830892E+00
   04  0.5983723E+03  0.1353922E+02  0.3349439E+01  0.1834713E+01 -0.2881380E+00
