# gauge_id= 306 location=( -0.1242006667E+03  0.4176104167E+02 ) num_var=  4
# Stationary gauge
# level, time, q[  1  2  3], eta, aux[]
# file format ascii, time series follow in this file
   04  0.0000000E+00  0.9184190E+01  0.0000000E+00  0.0000000E+00  0.0000000E+00
   04  0.1000000E+01  0.9184190E+01 -0.7741551E-16 -0.2647531E-17  0.2318412E-01
   04  0.1015873E+01  0.9184191E+01  0.4845107E-03  0.4281972E-05  0.2318494E-01
   04  0.1031746E+01  0.9184192E+01  0.9690147E-03  0.8562711E-05  0.2318577E-01
   04  0.1047619E+01  0.9184193E+01  0.1453512E-02  0.1284222E-04  0.2318661E-01
   04  0.1063492E+01  0.9184194E+01  0.1938003E-02  0.1712050E-04  0.2318746E-01
   04  0.1079365E+01  0.9184195E+01  0.2422487E-02  0.2139756E-04  0.2318832E-01
   04  0.1095238E+01  0.9184196E+01  0.2906964E-02  0.2567339E-04  0.2318918E-01
   04  0.1111111E+01  0.9184196E+01  0.3391435E-02  0.2994801E-04  0.2319006E-01
   04  0.1126984E+01  0.9184197E+01  0.3875900E-02  0.3422141E-04  0.2319094E-01
   04  0.1142857E+01  0.9184198E+01  0.4360358E-02  0.3849359E-04  0.2319183E-01
   04  0.1158730E+01  0.9184199E+01  0.4844809E-02  0.4276457E-04  0.2319272E-01
   04  0.1174603E+01  0.9184200E+01  0.5329254E-02  0.4703434E-04  0.2319363E-01
   04  0.1190476E+01  0.9184201E+01  0.5813693E-02  0.5130290E-04  0.2319454E-01
   04  0.1206349E+01  0.9184202E+01  0.6298125E-02  0.5557026E-04  0.2319546E-01
   04  0.1222222E+01  0.9184203E+01  0.6782551E-02  0.5983642E-04  0.2319639E-01
   04  0.1238095E+01  0.9184204E+01  0.7266970E-02  0.6410138E-04  0.2319733E-01
   04  0.1253968E+01  0.9184205E+01  0.7751383E-02  0.6836515E-04  0.2319828E-01
   04  0.1269841E+01  0.9184206E+01  0.8235790E-02  0.7262773E-04  0.2319923E-01
   04  0.1285714E+01  0.9184207E+01  0.8720191E-02  0.7688913E-04  0.2320019E-01
   04  0.1301587E+01  0.9184207E+01  0.9204586E-02  0.8114933E-04  0.2320116E-01
   04  0.1317460E+01  0.9184208E+01  0.9688974E-02  0.8540836E-04  0.2320214E-01
   04  0.1333333E+01  0.9184209E+01  0.1017336E-01  0.8966620E-04  0.2320313E-01
   04  0.1349206E+01  0.9184210E+01  0.1065773E-01  0.9392288E-04  0.2320412E-01
   04  0.1365079E+01  0.9184211E+01  0.1114210E-01  0.9817837E-04  0.2320513E-01
   04  0.1380952E+01  0.9184212E+01  0.1162647E-01  0.1024327E-03  0.2320614E-01
   04  0.1396825E+01  0.9184213E+01  0.1211082E-01  0.1066859E-03  0.2320716E-01
   04  0.1412698E+01  0.9184215E+01  0.1259518E-01  0.1109379E-03  0.2320818E-01
   04  0.1428571E+01  0.9184216E+01  0.1307952E-01  0.1151887E-03  0.2320922E-01
   04  0.1476190E+01  0.9184219E+01  0.1453254E-01  0.1279283E-03  0.2321237E-01
   04  0.1523810E+01  0.9184222E+01  0.1598551E-01  0.1406575E-03  0.2321560E-01
   04  0.1571429E+01  0.9184225E+01  0.1743842E-01  0.1533765E-03  0.2321889E-01
   04  0.1619048E+01  0.9184229E+01  0.1889129E-01  0.1660853E-03  0.2322227E-01
   04  0.1666667E+01  0.9184232E+01  0.2034410E-01  0.1787841E-03  0.2322571E-01
   04  0.1714286E+01  0.9184236E+01  0.2179686E-01  0.1914728E-03  0.2322923E-01
   04  0.1761905E+01  0.9184239E+01  0.2324957E-01  0.2041517E-03  0.2323282E-01
   04  0.1809524E+01  0.9184243E+01  0.2470224E-01  0.2168207E-03  0.2323649E-01
   04  0.1857143E+01  0.9184247E+01  0.2615486E-01  0.2294800E-03  0.2324023E-01
   04  0.1904762E+01  0.9184250E+01  0.2760743E-01  0.2421296E-03  0.2324405E-01
   04  0.1952381E+01  0.9184254E+01  0.2905995E-01  0.2547697E-03  0.2324793E-01
   04  0.2000000E+01  0.9184258E+01  0.3051243E-01  0.2674004E-03  0.2325189E-01
   04  0.5727919E+01  0.9184767E+01  0.1442280E+00  0.1192050E-02  0.2376088E-01
   04  0.9455838E+01  0.9185724E+01  0.2577942E+00  0.2113059E-02  0.2471785E-01
   04  0.1318376E+02  0.9187148E+01  0.3715025E+00  0.3136768E-02  0.2614183E-01
   04  0.1691168E+02  0.9189034E+01  0.4855717E+00  0.4344392E-02  0.2802766E-01
   04  0.2063960E+02  0.9191381E+01  0.6001371E+00  0.5846151E-02  0.3037451E-01
   04  0.2436752E+02  0.9194178E+01  0.7152668E+00  0.7748855E-02  0.3317208E-01
   04  0.2809543E+02  0.9197407E+01  0.8309577E+00  0.1016025E-01  0.3640057E-01
   04  0.3182335E+02  0.9201043E+01  0.9471250E+00  0.1313257E-01  0.4003652E-01
   04  0.3555127E+02  0.9205058E+01  0.1063620E+01  0.1669723E-01  0.4405150E-01
   04  0.3927919E+02  0.9209419E+01  0.1180238E+01  0.2085060E-01  0.4841224E-01
   04  0.4300711E+02  0.9214087E+01  0.1296730E+01  0.2555652E-01  0.5308066E-01
   04  0.4487107E+02  0.9216552E+01  0.1354841E+01  0.2812581E-01  0.5554570E-01
   04  0.4673503E+02  0.9219084E+01  0.1412816E+01  0.3085340E-01  0.5807796E-01
   04  0.4839188E+02  0.9221391E+01  0.1464204E+01  0.3339720E-01  0.6038420E-01
   04  0.5004874E+02  0.9223741E+01  0.1515407E+01  0.3604554E-01  0.6273430E-01
   04  0.5170559E+02  0.9226129E+01  0.1566380E+01  0.3878592E-01  0.6512258E-01
   04  0.5336244E+02  0.9228550E+01  0.1617078E+01  0.4160359E-01  0.6754376E-01
   04  0.5501930E+02  0.9230999E+01  0.1667461E+01  0.4448239E-01  0.6999278E-01
   04  0.5667615E+02  0.9233468E+01  0.1717489E+01  0.4743401E-01  0.7246204E-01
   04  0.5833300E+02  0.9235951E+01  0.1767128E+01  0.5046421E-01  0.7494477E-01
   04  0.5998985E+02  0.9238442E+01  0.1816343E+01  0.5356163E-01  0.7743610E-01
   04  0.6164671E+02  0.9240938E+01  0.1865106E+01  0.5671476E-01  0.7993142E-01
   04  0.6330356E+02  0.9243433E+01  0.1913388E+01  0.5991201E-01  0.8242637E-01
   04  0.6496041E+02  0.9245923E+01  0.1961165E+01  0.6314181E-01  0.8491684E-01
   04  0.6661727E+02  0.9248405E+01  0.2008343E+01  0.6639537E-01  0.8739893E-01
   04  0.6827412E+02  0.9250875E+01  0.2054976E+01  0.6965883E-01  0.8986826E-01
   04  0.6993097E+02  0.9253328E+01  0.2101046E+01  0.7292130E-01  0.9232143E-01
   04  0.7158783E+02  0.9255762E+01  0.2146534E+01  0.7617210E-01  0.9475525E-01
   04  0.7324468E+02  0.9258173E+01  0.2191426E+01  0.7940085E-01  0.9716668E-01
   04  0.7490153E+02  0.9260559E+01  0.2235707E+01  0.8259742E-01  0.9955287E-01
   04  0.7655838E+02  0.9262918E+01  0.2279366E+01  0.8575197E-01  0.1019112E+00
   04  0.7821524E+02  0.9265246E+01  0.2322392E+01  0.8885503E-01  0.1042394E+00
   04  0.7987209E+02  0.9267541E+01  0.2364778E+01  0.9189751E-01  0.1065350E+00
   04  0.8152894E+02  0.9269802E+01  0.2406516E+01  0.9487065E-01  0.1087959E+00
   04  0.8318580E+02  0.9272026E+01  0.2447598E+01  0.9776602E-01  0.1110201E+00
   04  0.8484265E+02  0.9274212E+01  0.2488018E+01  0.1005754E+00  0.1132054E+00
   04  0.8649950E+02  0.9276356E+01  0.2527769E+01  0.1032910E+00  0.1153499E+00
   04  0.8815636E+02  0.9278458E+01  0.2566846E+01  0.1059049E+00  0.1174519E+00
   04  0.8981321E+02  0.9280517E+01  0.2605246E+01  0.1084254E+00  0.1195109E+00
   04  0.9147006E+02  0.9282535E+01  0.2642964E+01  0.1108784E+00  0.1215282E+00
   04  0.9445240E+02  0.9286043E+01  0.2709289E+01  0.1151391E+00  0.1250371E+00
   04  0.9743473E+02  0.9289407E+01  0.2773401E+01  0.1191353E+00  0.1284008E+00
   04  0.1004171E+03  0.9292618E+01  0.2835280E+01  0.1228434E+00  0.1316114E+00
   04  0.1033994E+03  0.9295665E+01  0.2894874E+01  0.1262424E+00  0.1346591E+00
   04  0.1063817E+03  0.9298516E+01  0.2951829E+01  0.1293062E+00  0.1375100E+00
   04  0.1093641E+03  0.9301172E+01  0.3006213E+01  0.1320147E+00  0.1401654E+00
   04  0.1123464E+03  0.9303635E+01  0.3058091E+01  0.1343623E+00  0.1426283E+00
   04  0.1153287E+03  0.9305909E+01  0.3107529E+01  0.1363391E+00  0.1449031E+00
   04  0.1183111E+03  0.9308001E+01  0.3154616E+01  0.1379653E+00  0.1469943E+00
   04  0.1212934E+03  0.9309907E+01  0.3199511E+01  0.1392643E+00  0.1489004E+00
   04  0.1242758E+03  0.9311629E+01  0.3242314E+01  0.1402471E+00  0.1506224E+00
   04  0.1272581E+03  0.9313171E+01  0.3283069E+01  0.1409127E+00  0.1521643E+00
   04  0.1302404E+03  0.9314535E+01  0.3321834E+01  0.1412792E+00  0.1535291E+00
   04  0.1332228E+03  0.9315726E+01  0.3358662E+01  0.1413636E+00  0.1547202E+00
   04  0.1362051E+03  0.9316750E+01  0.3393608E+01  0.1412060E+00  0.1557439E+00
   04  0.1391874E+03  0.9317615E+01  0.3426725E+01  0.1408579E+00  0.1566087E+00
   04  0.1421698E+03  0.9318323E+01  0.3458563E+01  0.1402711E+00  0.1573171E+00
   04  0.1451521E+03  0.9318876E+01  0.3488666E+01  0.1395327E+00  0.1578697E+00
   04  0.1481344E+03  0.9319276E+01  0.3517093E+01  0.1386648E+00  0.1582694E+00
   04  0.1511168E+03  0.9319530E+01  0.3543866E+01  0.1376568E+00  0.1585236E+00
   04  0.1540991E+03  0.9319645E+01  0.3569019E+01  0.1365181E+00  0.1586387E+00
   04  0.1570814E+03  0.9319626E+01  0.3592592E+01  0.1352581E+00  0.1586201E+00
   04  0.1600638E+03  0.9319471E+01  0.3614626E+01  0.1337757E+00  0.1584648E+00
   04  0.1630461E+03  0.9319182E+01  0.3635096E+01  0.1320100E+00  0.1581754E+00
   04  0.1660284E+03  0.9318765E+01  0.3654126E+01  0.1300000E+00  0.1577583E+00
   04  0.1690108E+03  0.9318229E+01  0.3671775E+01  0.1277877E+00  0.1572229E+00
   04  0.1719931E+03  0.9317583E+01  0.3688101E+01  0.1254030E+00  0.1565770E+00
   04  0.1749755E+03  0.9316840E+01  0.3703248E+01  0.1228619E+00  0.1558339E+00
   04  0.1779578E+03  0.9316017E+01  0.3717404E+01  0.1201854E+00  0.1550107E+00
   04  0.1809401E+03  0.9315121E+01  0.3730638E+01  0.1173985E+00  0.1541144E+00
   04  0.1824313E+03  0.9314642E+01  0.3736918E+01  0.1159717E+00  0.1536355E+00
   04  0.1839225E+03  0.9314147E+01  0.3742992E+01  0.1145279E+00  0.1531409E+00
   04  0.1854136E+03  0.9313637E+01  0.3748869E+01  0.1130714E+00  0.1526310E+00
   04  0.1869048E+03  0.9313113E+01  0.3754555E+01  0.1116064E+00  0.1521066E+00
   04  0.1883960E+03  0.9312575E+01  0.3760057E+01  0.1101375E+00  0.1515683E+00
   04  0.1898871E+03  0.9312024E+01  0.3765384E+01  0.1086635E+00  0.1510172E+00
   04  0.1913783E+03  0.9311463E+01  0.3770544E+01  0.1071621E+00  0.1504563E+00
   04  0.1928695E+03  0.9310893E+01  0.3775543E+01  0.1056351E+00  0.1498864E+00
   04  0.1943606E+03  0.9310314E+01  0.3780388E+01  0.1040839E+00  0.1493081E+00
   04  0.1958518E+03  0.9309728E+01  0.3785086E+01  0.1025098E+00  0.1487220E+00
   04  0.1973430E+03  0.9309135E+01  0.3789644E+01  0.1009142E+00  0.1481290E+00
   04  0.1988341E+03  0.9308536E+01  0.3794070E+01  0.9929821E-01  0.1475298E+00
   04  0.2003253E+03  0.9307931E+01  0.3798373E+01  0.9766285E-01  0.1469250E+00
   04  0.2018165E+03  0.9307322E+01  0.3802559E+01  0.9600911E-01  0.1463154E+00
   04  0.2033076E+03  0.9306708E+01  0.3806638E+01  0.9433782E-01  0.1457018E+00
   04  0.2047988E+03  0.9306091E+01  0.3810617E+01  0.9264973E-01  0.1450848E+00
   04  0.2062900E+03  0.9305472E+01  0.3814505E+01  0.9094550E-01  0.1444653E+00
   04  0.2077811E+03  0.9304850E+01  0.3818311E+01  0.8922570E-01  0.1438439E+00
   04  0.2092723E+03  0.9304228E+01  0.3822044E+01  0.8749081E-01  0.1432216E+00
   04  0.2107635E+03  0.9303605E+01  0.3825713E+01  0.8574121E-01  0.1425991E+00
   04  0.2122546E+03  0.9302984E+01  0.3829330E+01  0.8397725E-01  0.1419774E+00
   04  0.2137458E+03  0.9302363E+01  0.3832898E+01  0.8219921E-01  0.1413568E+00
   04  0.2152370E+03  0.9301744E+01  0.3836414E+01  0.8040712E-01  0.1407372E+00
   04  0.2167281E+03  0.9301124E+01  0.3839879E+01  0.7859243E-01  0.1401178E+00
   04  0.2182193E+03  0.9300504E+01  0.3843295E+01  0.7675174E-01  0.1394980E+00
   04  0.2197105E+03  0.9299884E+01  0.3846665E+01  0.7488648E-01  0.1388781E+00
   04  0.2212017E+03  0.9299264E+01  0.3849990E+01  0.7299798E-01  0.1382581E+00
   04  0.2226928E+03  0.9298645E+01  0.3853272E+01  0.7108755E-01  0.1376382E+00
   04  0.2241840E+03  0.9298025E+01  0.3856512E+01  0.6915647E-01  0.1370186E+00
   04  0.2256752E+03  0.9297406E+01  0.3859712E+01  0.6720605E-01  0.1363993E+00
   04  0.2271663E+03  0.9296787E+01  0.3862875E+01  0.6523761E-01  0.1357806E+00
   04  0.2286575E+03  0.9296169E+01  0.3866002E+01  0.6325249E-01  0.1351625E+00
   04  0.2301487E+03  0.9295552E+01  0.3869096E+01  0.6125208E-01  0.1345454E+00
   04  0.2316398E+03  0.9294936E+01  0.3872159E+01  0.5923776E-01  0.1339293E+00
   04  0.2331310E+03  0.9294321E+01  0.3875194E+01  0.5721096E-01  0.1333144E+00
   04  0.2346222E+03  0.9293707E+01  0.3878202E+01  0.5517321E-01  0.1327010E+00
   04  0.2361133E+03  0.9293096E+01  0.3881188E+01  0.5312607E-01  0.1320892E+00
   04  0.2376045E+03  0.9292486E+01  0.3884152E+01  0.5107112E-01  0.1314793E+00
   04  0.2390957E+03  0.9291878E+01  0.3887099E+01  0.4900998E-01  0.1308714E+00
   04  0.2405868E+03  0.9291272E+01  0.3890031E+01  0.4694430E-01  0.1302657E+00
   04  0.2420780E+03  0.9290669E+01  0.3892949E+01  0.4487507E-01  0.1296626E+00
   04  0.2435692E+03  0.9290069E+01  0.3895856E+01  0.4280386E-01  0.1290622E+00
   04  0.2450603E+03  0.9289471E+01  0.3898754E+01  0.4073248E-01  0.1284647E+00
   04  0.2465515E+03  0.9288877E+01  0.3901646E+01  0.3866284E-01  0.1278702E+00
   04  0.2480427E+03  0.9288285E+01  0.3904533E+01  0.3659688E-01  0.1272788E+00
   04  0.2495338E+03  0.9287697E+01  0.3907420E+01  0.3453664E-01  0.1266906E+00
   04  0.2510250E+03  0.9287112E+01  0.3910307E+01  0.3248426E-01  0.1261056E+00
   04  0.2525162E+03  0.9286530E+01  0.3913199E+01  0.3044192E-01  0.1255241E+00
   04  0.2540073E+03  0.9285952E+01  0.3916097E+01  0.2841188E-01  0.1249461E+00
   04  0.2554985E+03  0.9285378E+01  0.3919005E+01  0.2639644E-01  0.1243718E+00
   04  0.2569897E+03  0.9284808E+01  0.3921926E+01  0.2439792E-01  0.1238012E+00
   04  0.2584808E+03  0.9284235E+01  0.3924795E+01  0.2241942E-01  0.1232286E+00
   04  0.2599720E+03  0.9283660E+01  0.3927613E+01  0.2046403E-01  0.1226539E+00
   04  0.2614632E+03  0.9283084E+01  0.3930384E+01  0.1853480E-01  0.1220773E+00
   04  0.2629543E+03  0.9282505E+01  0.3933111E+01  0.1663473E-01  0.1214989E+00
   04  0.2644455E+03  0.9281925E+01  0.3935798E+01  0.1476680E-01  0.1209191E+00
   04  0.2659367E+03  0.9281344E+01  0.3938450E+01  0.1293391E-01  0.1203380E+00
   04  0.2674278E+03  0.9280762E+01  0.3941068E+01  0.1113895E-01  0.1197557E+00
   04  0.2689190E+03  0.9280179E+01  0.3943658E+01  0.9384749E-02  0.1191724E+00
   04  0.2704102E+03  0.9279595E+01  0.3946221E+01  0.7674113E-02  0.1185882E+00
   04  0.2719014E+03  0.9279010E+01  0.3948760E+01  0.6009770E-02  0.1180032E+00
   04  0.2733925E+03  0.9278424E+01  0.3951277E+01  0.4394393E-02  0.1174175E+00
   04  0.2748837E+03  0.9277837E+01  0.3953775E+01  0.2830583E-02  0.1168311E+00
   04  0.2763749E+03  0.9277250E+01  0.3956256E+01  0.1320860E-02  0.1162441E+00
   04  0.2778660E+03  0.9276663E+01  0.3958721E+01 -0.1323465E-03  0.1156564E+00
   04  0.2793572E+03  0.9276074E+01  0.3961171E+01 -0.1526583E-02  0.1150681E+00
   04  0.2808484E+03  0.9275485E+01  0.3963607E+01 -0.2859270E-02  0.1144791E+00
   04  0.2823395E+03  0.9274896E+01  0.3966031E+01 -0.4127941E-02  0.1138893E+00
   04  0.2838307E+03  0.9274305E+01  0.3968443E+01 -0.5329659E-02  0.1132986E+00
   04  0.2853219E+03  0.9273715E+01  0.3970848E+01 -0.6480746E-02  0.1127091E+00
   04  0.2868130E+03  0.9273127E+01  0.3973248E+01 -0.7581309E-02  0.1121207E+00
   04  0.2883042E+03  0.9272540E+01  0.3975642E+01 -0.8627277E-02  0.1115332E+00
   04  0.2897954E+03  0.9271952E+01  0.3978030E+01 -0.9614925E-02  0.1109462E+00
   04  0.2912865E+03  0.9271366E+01  0.3980413E+01 -0.1054081E-01  0.1103593E+00
   04  0.2927777E+03  0.9270778E+01  0.3982789E+01 -0.1140173E-01  0.1097721E+00
   04  0.2942689E+03  0.9270191E+01  0.3985159E+01 -0.1219466E-01  0.1091844E+00
   04  0.2957600E+03  0.9269602E+01  0.3987521E+01 -0.1291683E-01  0.1085959E+00
   04  0.2972512E+03  0.9269012E+01  0.3989876E+01 -0.1356560E-01  0.1080060E+00
   04  0.2987424E+03  0.9268421E+01  0.3992221E+01 -0.1413844E-01  0.1074146E+00
   04  0.3002335E+03  0.9267828E+01  0.3994556E+01 -0.1463290E-01  0.1068213E+00
   04  0.3017247E+03  0.9267232E+01  0.3996880E+01 -0.1504658E-01  0.1062256E+00
   04  0.3032159E+03  0.9266632E+01  0.3999170E+01 -0.1539364E-01  0.1056257E+00
   04  0.3047070E+03  0.9266027E+01  0.4001443E+01 -0.1567311E-01  0.1050210E+00
   04  0.3061982E+03  0.9265417E+01  0.4003697E+01 -0.1588328E-01  0.1044110E+00
   04  0.3076894E+03  0.9264802E+01  0.4005931E+01 -0.1602240E-01  0.1037955E+00
   04  0.3091805E+03  0.9264181E+01  0.4008141E+01 -0.1608857E-01  0.1031743E+00
   04  0.3106717E+03  0.9263551E+01  0.4010360E+01 -0.1608005E-01  0.1025442E+00
   04  0.3121629E+03  0.9262911E+01  0.4012590E+01 -0.1599558E-01  0.1019046E+00
   04  0.3136540E+03  0.9262262E+01  0.4014825E+01 -0.1583388E-01  0.1012555E+00
   04  0.3151452E+03  0.9261603E+01  0.4017061E+01 -0.1559354E-01  0.1005965E+00
   04  0.3165017E+03  0.9260995E+01  0.4019089E+01 -0.1530569E-01  0.9998836E-01
   04  0.3178581E+03  0.9260378E+01  0.4021110E+01 -0.1494997E-01  0.9937185E-01
   04  0.3192146E+03  0.9259753E+01  0.4023122E+01 -0.1452482E-01  0.9874681E-01
   04  0.3205710E+03  0.9259119E+01  0.4025120E+01 -0.1402861E-01  0.9811312E-01
   04  0.3219275E+03  0.9258477E+01  0.4027104E+01 -0.1345965E-01  0.9747063E-01
   04  0.3232839E+03  0.9257826E+01  0.4029071E+01 -0.1281616E-01  0.9681923E-01
   04  0.3246404E+03  0.9257167E+01  0.4031040E+01 -0.1209647E-01  0.9616077E-01
   04  0.3259968E+03  0.9256503E+01  0.4033029E+01 -0.1129916E-01  0.9549690E-01
   04  0.3273533E+03  0.9255834E+01  0.4035039E+01 -0.1042290E-01  0.9482767E-01
   04  0.3287097E+03  0.9255159E+01  0.4037069E+01 -0.9466292E-02  0.9415313E-01
   04  0.3300662E+03  0.9254480E+01  0.4039120E+01 -0.8427898E-02  0.9347329E-01
   04  0.3314226E+03  0.9253795E+01  0.4041191E+01 -0.7306219E-02  0.9278818E-01
   04  0.3327791E+03  0.9253104E+01  0.4043283E+01 -0.6099897E-02  0.9209780E-01
   04  0.3341355E+03  0.9252408E+01  0.4045395E+01 -0.4807594E-02  0.9140213E-01
   04  0.3354920E+03  0.9251708E+01  0.4047527E+01 -0.3427928E-02  0.9070117E-01
   04  0.3368484E+03  0.9251001E+01  0.4049680E+01 -0.1959452E-02  0.8999489E-01
   04  0.3382049E+03  0.9250290E+01  0.4051852E+01 -0.4006442E-03  0.8928323E-01
   04  0.3395613E+03  0.9249572E+01  0.4054044E+01  0.1250137E-02  0.8856616E-01
   04  0.3409178E+03  0.9248850E+01  0.4056256E+01  0.2994694E-02  0.8784363E-01
   04  0.3422742E+03  0.9248122E+01  0.4058486E+01  0.4835059E-02  0.8711559E-01
   04  0.3436307E+03  0.9247388E+01  0.4060735E+01  0.6773654E-02  0.8638203E-01
   04  0.3449871E+03  0.9246649E+01  0.4063002E+01  0.8813631E-02  0.8564297E-01
   04  0.3463436E+03  0.9245905E+01  0.4065287E+01  0.1095971E-01  0.8489859E-01
   04  0.3477000E+03  0.9245154E+01  0.4067592E+01  0.1320370E-01  0.8414801E-01
   04  0.3490565E+03  0.9244396E+01  0.4069912E+01  0.1553323E-01  0.8339002E-01
   04  0.3504130E+03  0.9243631E+01  0.4072247E+01  0.1795023E-01  0.8262451E-01
   04  0.3517694E+03  0.9242858E+01  0.4074596E+01  0.2045655E-01  0.8185134E-01
   04  0.3531259E+03  0.9242077E+01  0.4076958E+01  0.2305401E-01  0.8107039E-01
   04  0.3544823E+03  0.9241288E+01  0.4079333E+01  0.2574440E-01  0.8028154E-01
   04  0.3558388E+03  0.9240491E+01  0.4081721E+01  0.2852949E-01  0.7948465E-01
   04  0.3574665E+03  0.9239524E+01  0.4084599E+01  0.3200285E-01  0.7851760E-01
   04  0.3590942E+03  0.9238547E+01  0.4087497E+01  0.3564248E-01  0.7754081E-01
   04  0.3607220E+03  0.9237560E+01  0.4090417E+01  0.3945181E-01  0.7655409E-01
   04  0.3623497E+03  0.9236563E+01  0.4093359E+01  0.4343256E-01  0.7555711E-01
   04  0.3639775E+03  0.9235556E+01  0.4096326E+01  0.4758707E-01  0.7454961E-01
   04  0.3656052E+03  0.9234538E+01  0.4099318E+01  0.5191794E-01  0.7353138E-01
   04  0.3672329E+03  0.9233509E+01  0.4102338E+01  0.5642790E-01  0.7250224E-01
   04  0.3688607E+03  0.9232468E+01  0.4105388E+01  0.6111971E-01  0.7146204E-01
   04  0.3704884E+03  0.9231417E+01  0.4108471E+01  0.6599609E-01  0.7041065E-01
   04  0.3721162E+03  0.9230354E+01  0.4111589E+01  0.7105974E-01  0.6934795E-01
   04  0.3737439E+03  0.9229280E+01  0.4114744E+01  0.7631308E-01  0.6827381E-01
   04  0.3753717E+03  0.9228194E+01  0.4117940E+01  0.8175899E-01  0.6718817E-01
   04  0.3769994E+03  0.9227097E+01  0.4121178E+01  0.8740041E-01  0.6609093E-01
   04  0.3786271E+03  0.9225988E+01  0.4124463E+01  0.9324027E-01  0.6498204E-01
   04  0.3802549E+03  0.9224868E+01  0.4127797E+01  0.9928157E-01  0.6386146E-01
   04  0.3818826E+03  0.9223736E+01  0.4131183E+01  0.1055275E+00  0.6272919E-01
   04  0.3835104E+03  0.9222591E+01  0.4134622E+01  0.1119748E+00  0.6158462E-01
   04  0.3851381E+03  0.9221433E+01  0.4138118E+01  0.1186155E+00  0.6042666E-01
   04  0.3867658E+03  0.9220262E+01  0.4141674E+01  0.1254510E+00  0.5925518E-01
   04  0.3883936E+03  0.9219076E+01  0.4145292E+01  0.1324827E+00  0.5807001E-01
   04  0.3900213E+03  0.9217877E+01  0.4148975E+01  0.1397118E+00  0.5687097E-01
   04  0.3916491E+03  0.9216664E+01  0.4152726E+01  0.1471394E+00  0.5565788E-01
   04  0.3932768E+03  0.9215437E+01  0.4156546E+01  0.1547667E+00  0.5443050E-01
   04  0.3949046E+03  0.9214195E+01  0.4160440E+01  0.1625945E+00  0.5318863E-01
   04  0.3965323E+03  0.9212938E+01  0.4164407E+01  0.1706239E+00  0.5193199E-01
   04  0.3981600E+03  0.9211667E+01  0.4168450E+01  0.1788555E+00  0.5066032E-01
   04  0.3997878E+03  0.9210380E+01  0.4172570E+01  0.1872901E+00  0.4937332E-01
   04  0.4014155E+03  0.9209077E+01  0.4176769E+01  0.1959285E+00  0.4807066E-01
   04  0.4030433E+03  0.9207758E+01  0.4181046E+01  0.2047713E+00  0.4675202E-01
   04  0.4046710E+03  0.9206423E+01  0.4185404E+01  0.2138190E+00  0.4541702E-01
   04  0.4062987E+03  0.9205071E+01  0.4189842E+01  0.2230761E+00  0.4406489E-01
   04  0.4079265E+03  0.9203700E+01  0.4194358E+01  0.2325613E+00  0.4269350E-01
   04  0.4095542E+03  0.9202309E+01  0.4198954E+01  0.2422747E+00  0.4130246E-01
   04  0.4111820E+03  0.9200898E+01  0.4203627E+01  0.2522165E+00  0.3989138E-01
   04  0.4128097E+03  0.9199466E+01  0.4208376E+01  0.2623868E+00  0.3845983E-01
   04  0.4144375E+03  0.9198014E+01  0.4213200E+01  0.2727859E+00  0.3700739E-01
   04  0.4160652E+03  0.9196540E+01  0.4218098E+01  0.2834138E+00  0.3553359E-01
   04  0.4176929E+03  0.9195044E+01  0.4223068E+01  0.2942709E+00  0.3403798E-01
   04  0.4193207E+03  0.9193526E+01  0.4228108E+01  0.3053573E+00  0.3252007E-01
   04  0.4209484E+03  0.9191986E+01  0.4233216E+01  0.3166732E+00  0.3097938E-01
   04  0.4225762E+03  0.9190422E+01  0.4238390E+01  0.3282188E+00  0.2941540E-01
   04  0.4242039E+03  0.9188834E+01  0.4243628E+01  0.3399944E+00  0.2782761E-01
   04  0.4258316E+03  0.9187222E+01  0.4248928E+01  0.3520003E+00  0.2621552E-01
   04  0.4274594E+03  0.9185585E+01  0.4254287E+01  0.3642367E+00  0.2457865E-01
   04  0.4290871E+03  0.9183923E+01  0.4259704E+01  0.3767039E+00  0.2291653E-01
   04  0.4307149E+03  0.9182235E+01  0.4265176E+01  0.3894021E+00  0.2122868E-01
   04  0.4323426E+03  0.9180521E+01  0.4270701E+01  0.4023316E+00  0.1951462E-01
   04  0.4339704E+03  0.9178781E+01  0.4276277E+01  0.4155026E+00  0.1777483E-01
   04  0.4355981E+03  0.9177015E+01  0.4281901E+01  0.4289155E+00  0.1600883E-01
   04  0.4372258E+03  0.9175222E+01  0.4287571E+01  0.4425686E+00  0.1421602E-01
   04  0.4388536E+03  0.9173402E+01  0.4293283E+01  0.4564606E+00  0.1239581E-01
   04  0.4404813E+03  0.9171554E+01  0.4299034E+01  0.4705908E+00  0.1054762E-01
   04  0.4421091E+03  0.9169677E+01  0.4304822E+01  0.4849584E+00  0.8670887E-02
   04  0.4437368E+03  0.9167771E+01  0.4310645E+01  0.4995625E+00  0.6765082E-02
   04  0.4453645E+03  0.9165836E+01  0.4316498E+01  0.5144026E+00  0.4829680E-02
   04  0.4469923E+03  0.9163871E+01  0.4322380E+01  0.5294782E+00  0.2864189E-02
   04  0.4486200E+03  0.9161874E+01  0.4328288E+01  0.5447888E+00  0.8681205E-03
   04  0.4502478E+03  0.9159847E+01  0.4334218E+01  0.5603339E+00 -0.1158988E-02
   04  0.4518755E+03  0.9157789E+01  0.4340168E+01  0.5761132E+00 -0.3217592E-02
   04  0.4535033E+03  0.9155698E+01  0.4346135E+01  0.5921261E+00 -0.5308129E-02
   04  0.4551310E+03  0.9153575E+01  0.4352116E+01  0.6083725E+00 -0.7431038E-02
   04  0.4567587E+03  0.9151420E+01  0.4358108E+01  0.6248520E+00 -0.9586738E-02
   04  0.4583865E+03  0.9149231E+01  0.4364108E+01  0.6415643E+00 -0.1177563E-01
   04  0.4600142E+03  0.9147008E+01  0.4370113E+01  0.6585090E+00 -0.1399810E-01
   04  0.4616420E+03  0.9144752E+01  0.4376120E+01  0.6756856E+00 -0.1625451E-01
   04  0.4632697E+03  0.9142461E+01  0.4382126E+01  0.6930936E+00 -0.1854521E-01
   04  0.4648974E+03  0.9140136E+01  0.4388128E+01  0.7107324E+00 -0.2087055E-01
   04  0.4665252E+03  0.9137775E+01  0.4394122E+01  0.7286014E+00 -0.2323085E-01
   04  0.4681529E+03  0.9135380E+01  0.4400106E+01  0.7466999E+00 -0.2562641E-01
   04  0.4697807E+03  0.9132949E+01  0.4406076E+01  0.7650271E+00 -0.2805752E-01
   04  0.4714084E+03  0.9130482E+01  0.4412029E+01  0.7835823E+00 -0.3052448E-01
   04  0.4730362E+03  0.9127979E+01  0.4417961E+01  0.8023646E+00 -0.3302753E-01
   04  0.4746639E+03  0.9125439E+01  0.4423869E+01  0.8213731E+00 -0.3556695E-01
   04  0.4762916E+03  0.9122863E+01  0.4429750E+01  0.8406071E+00 -0.3814296E-01
   04  0.4779194E+03  0.9120251E+01  0.4435601E+01  0.8600654E+00 -0.4075582E-01
   04  0.4795471E+03  0.9117601E+01  0.4441418E+01  0.8797472E+00 -0.4340573E-01
   04  0.4811749E+03  0.9114913E+01  0.4447197E+01  0.8996513E+00 -0.4609290E-01
   04  0.4828026E+03  0.9112189E+01  0.4452936E+01  0.9197768E+00 -0.4881754E-01
   04  0.4844303E+03  0.9109427E+01  0.4458631E+01  0.9401225E+00 -0.5157982E-01
   04  0.4860581E+03  0.9106626E+01  0.4464279E+01  0.9606874E+00 -0.5437992E-01
   04  0.4876858E+03  0.9103788E+01  0.4469876E+01  0.9814701E+00 -0.5721799E-01
   04  0.4893136E+03  0.9100912E+01  0.4475419E+01  0.1002470E+01 -0.6009418E-01
   04  0.4909413E+03  0.9097998E+01  0.4480905E+01  0.1023685E+01 -0.6300863E-01
   04  0.4925691E+03  0.9095045E+01  0.4486330E+01  0.1045114E+01 -0.6596145E-01
   04  0.4941968E+03  0.9092053E+01  0.4491690E+01  0.1066756E+01 -0.6895287E-01
   04  0.4958245E+03  0.9089023E+01  0.4496981E+01  0.1088610E+01 -0.7198309E-01
   04  0.4974523E+03  0.9085954E+01  0.4502198E+01  0.1110674E+01 -0.7505232E-01
   04  0.4990800E+03  0.9082846E+01  0.4507337E+01  0.1132948E+01 -0.7816071E-01
   04  0.5007078E+03  0.9079698E+01  0.4512393E+01  0.1155429E+01 -0.8130843E-01
   04  0.5023355E+03  0.9076511E+01  0.4517362E+01  0.1178116E+01 -0.8449565E-01
   04  0.5039632E+03  0.9073284E+01  0.4522241E+01  0.1201008E+01 -0.8772249E-01
   04  0.5055910E+03  0.9070017E+01  0.4527024E+01  0.1224103E+01 -0.9098906E-01
   04  0.5072187E+03  0.9066711E+01  0.4531709E+01  0.1247401E+01 -0.9429547E-01
   04  0.5088465E+03  0.9063365E+01  0.4536292E+01  0.1270898E+01 -0.9764179E-01
   04  0.5104742E+03  0.9059978E+01  0.4540770E+01  0.1294595E+01 -0.1010281E+00
   04  0.5121020E+03  0.9056552E+01  0.4545139E+01  0.1318489E+01 -0.1044544E+00
   04  0.5137297E+03  0.9053086E+01  0.4549397E+01  0.1342578E+01 -0.1079207E+00
   04  0.5153574E+03  0.9049579E+01  0.4553540E+01  0.1366861E+01 -0.1114270E+00
   04  0.5169852E+03  0.9046033E+01  0.4557566E+01  0.1391336E+01 -0.1149733E+00
   04  0.5186129E+03  0.9042447E+01  0.4561473E+01  0.1416002E+01 -0.1185596E+00
   04  0.5202407E+03  0.9038821E+01  0.4565259E+01  0.1440856E+01 -0.1221856E+00
   04  0.5218684E+03  0.9035155E+01  0.4568922E+01  0.1465897E+01 -0.1258515E+00
   04  0.5234961E+03  0.9031449E+01  0.4572459E+01  0.1491123E+01 -0.1295570E+00
   04  0.5251239E+03  0.9027704E+01  0.4575870E+01  0.1516531E+01 -0.1333019E+00
   04  0.5267516E+03  0.9023920E+01  0.4579154E+01  0.1542121E+01 -0.1370861E+00
   04  0.5283794E+03  0.9020097E+01  0.4582309E+01  0.1567889E+01 -0.1409095E+00
   04  0.5300071E+03  0.9016235E+01  0.4585333E+01  0.1593833E+01 -0.1447718E+00
   04  0.5316349E+03  0.9012334E+01  0.4588227E+01  0.1619952E+01 -0.1486728E+00
   04  0.5332626E+03  0.9008394E+01  0.4590988E+01  0.1646242E+01 -0.1526124E+00
   04  0.5348903E+03  0.9004416E+01  0.4593615E+01  0.1672703E+01 -0.1565903E+00
   04  0.5365181E+03  0.9000400E+01  0.4596108E+01  0.1699330E+01 -0.1606062E+00
   04  0.5381458E+03  0.8996346E+01  0.4598467E+01  0.1726122E+01 -0.1646600E+00
   04  0.5397736E+03  0.8992255E+01  0.4600690E+01  0.1753075E+01 -0.1687512E+00
   04  0.5414013E+03  0.8988127E+01  0.4602778E+01  0.1780188E+01 -0.1728796E+00
   04  0.5430290E+03  0.8983961E+01  0.4604730E+01  0.1807457E+01 -0.1770449E+00
   04  0.5446568E+03  0.8979760E+01  0.4606548E+01  0.1834880E+01 -0.1812466E+00
   04  0.5462845E+03  0.8975522E+01  0.4608230E+01  0.1862454E+01 -0.1854845E+00
   04  0.5479123E+03  0.8971248E+01  0.4609777E+01  0.1890176E+01 -0.1897581E+00
   04  0.5495400E+03  0.8966939E+01  0.4611190E+01  0.1918044E+01 -0.1940669E+00
   04  0.5511678E+03  0.8962596E+01  0.4612471E+01  0.1946060E+01 -0.1984100E+00
   04  0.5527955E+03  0.8958219E+01  0.4613619E+01  0.1974220E+01 -0.2027869E+00
   04  0.5544232E+03  0.8953809E+01  0.4614635E+01  0.2002521E+01 -0.2071974E+00
   04  0.5560510E+03  0.8949365E+01  0.4615521E+01  0.2030960E+01 -0.2116408E+00
   04  0.5576787E+03  0.8944889E+01  0.4616277E+01  0.2059533E+01 -0.2161168E+00
   04  0.5593065E+03  0.8940381E+01  0.4616905E+01  0.2088236E+01 -0.2206249E+00
   04  0.5609342E+03  0.8935842E+01  0.4617405E+01  0.2117065E+01 -0.2251645E+00
   04  0.5625619E+03  0.8931271E+01  0.4617780E+01  0.2146017E+01 -0.2297351E+00
   04  0.5641897E+03  0.8926670E+01  0.4618031E+01  0.2175089E+01 -0.2343363E+00
   04  0.5658174E+03  0.8922039E+01  0.4618160E+01  0.2204275E+01 -0.2389674E+00
   04  0.5674452E+03  0.8917378E+01  0.4618167E+01  0.2233572E+01 -0.2436279E+00
   04  0.5690729E+03  0.8912689E+01  0.4618056E+01  0.2262976E+01 -0.2483173E+00
   04  0.5707007E+03  0.8907971E+01  0.4617827E+01  0.2292483E+01 -0.2530349E+00
   04  0.5723284E+03  0.8903226E+01  0.4617484E+01  0.2322089E+01 -0.2577803E+00
   04  0.5739561E+03  0.8898454E+01  0.4617027E+01  0.2351789E+01 -0.2625527E+00
   04  0.5755839E+03  0.8893655E+01  0.4616459E+01  0.2381579E+01 -0.2673517E+00
   04  0.5772116E+03  0.8888830E+01  0.4615782E+01  0.2411455E+01 -0.2721766E+00
   04  0.5788394E+03  0.8883980E+01  0.4614998E+01  0.2441413E+01 -0.2770268E+00
   04  0.5804671E+03  0.8879105E+01  0.4614109E+01  0.2471447E+01 -0.2819018E+00
   04  0.5820948E+03  0.8874206E+01  0.4613118E+01  0.2501555E+01 -0.2868008E+00
   04  0.5837226E+03  0.8869283E+01  0.4612025E+01  0.2531730E+01 -0.2917234E+00
   04  0.5853503E+03  0.8864337E+01  0.4610834E+01  0.2561970E+01 -0.2966688E+00
   04  0.5869781E+03  0.8859370E+01  0.4609546E+01  0.2592268E+01 -0.3016366E+00
   04  0.5886058E+03  0.8854380E+01  0.4608164E+01  0.2622621E+01 -0.3066261E+00
   04  0.5902336E+03  0.8849370E+01  0.4606688E+01  0.2653024E+01 -0.3116368E+00
   04  0.5918613E+03  0.8844338E+01  0.4605122E+01  0.2683473E+01 -0.3166679E+00
   04  0.5934890E+03  0.8839287E+01  0.4603466E+01  0.2713962E+01 -0.3217190E+00
   04  0.5951168E+03  0.8834217E+01  0.4601724E+01  0.2744487E+01 -0.3267895E+00
   04  0.5967445E+03  0.8829127E+01  0.4599893E+01  0.2775044E+01 -0.3318789E+00
   04  0.5983723E+03  0.8824020E+01  0.4597982E+01  0.2805627E+01 -0.3369862E+00
