# gauge_id= 605 location=( -0.1242015246E+03  0.4175949634E+02 ) num_var=  4
# Stationary gauge
# level, time, q[  1  2  3], eta, aux[]
# file format ascii, time series follow in this file
   04  0.0000000E+00  0.1045510E+02  0.0000000E+00  0.0000000E+00  0.0000000E+00
   04  0.1000000E+01  0.1045510E+02 -0.1379163E-15 -0.1786967E-16  0.4755096E-01
   04  0.1015873E+01  0.1045510E+02  0.5406857E-03  0.5697996E-05  0.4755115E-01
   04  0.1031746E+01  0.1045510E+02  0.1081350E-02  0.1139222E-04  0.4755135E-01
   04  0.1047619E+01  0.1045510E+02  0.1621993E-02  0.1708269E-04  0.4755155E-01
   04  0.1063492E+01  0.1045510E+02  0.2162615E-02  0.2276941E-04  0.4755177E-01
   04  0.1079365E+01  0.1045510E+02  0.2703217E-02  0.2845240E-04  0.4755200E-01
   04  0.1095238E+01  0.1045510E+02  0.3243797E-02  0.3413165E-04  0.4755223E-01
   04  0.1111111E+01  0.1045510E+02  0.3784356E-02  0.3980719E-04  0.4755248E-01
   04  0.1126984E+01  0.1045510E+02  0.4324894E-02  0.4547903E-04  0.4755273E-01
   04  0.1142857E+01  0.1045510E+02  0.4865412E-02  0.5114717E-04  0.4755300E-01
   04  0.1158730E+01  0.1045510E+02  0.5405908E-02  0.5681162E-04  0.4755327E-01
   04  0.1174603E+01  0.1045510E+02  0.5946384E-02  0.6247241E-04  0.4755356E-01
   04  0.1190476E+01  0.1045510E+02  0.6486840E-02  0.6812952E-04  0.4755385E-01
   04  0.1206349E+01  0.1045510E+02  0.7027274E-02  0.7378299E-04  0.4755415E-01
   04  0.1222222E+01  0.1045510E+02  0.7567689E-02  0.7943282E-04  0.4755447E-01
   04  0.1238095E+01  0.1045510E+02  0.8108082E-02  0.8507901E-04  0.4755479E-01
   04  0.1253968E+01  0.1045510E+02  0.8648456E-02  0.9072158E-04  0.4755512E-01
   04  0.1269841E+01  0.1045510E+02  0.9188809E-02  0.9636055E-04  0.4755546E-01
   04  0.1285714E+01  0.1045510E+02  0.9729141E-02  0.1019959E-03  0.4755581E-01
   04  0.1301587E+01  0.1045510E+02  0.1026945E-01  0.1076277E-03  0.4755617E-01
   04  0.1317460E+01  0.1045510E+02  0.1080975E-01  0.1132559E-03  0.4755654E-01
   04  0.1333333E+01  0.1045510E+02  0.1135002E-01  0.1188805E-03  0.4755692E-01
   04  0.1349206E+01  0.1045510E+02  0.1189027E-01  0.1245016E-03  0.4755731E-01
   04  0.1365079E+01  0.1045510E+02  0.1243050E-01  0.1301191E-03  0.4755771E-01
   04  0.1380952E+01  0.1045510E+02  0.1297071E-01  0.1357331E-03  0.4755811E-01
   04  0.1396825E+01  0.1045510E+02  0.1351091E-01  0.1413436E-03  0.4755853E-01
   04  0.1412698E+01  0.1045510E+02  0.1405108E-01  0.1469506E-03  0.4755896E-01
   04  0.1428571E+01  0.1045510E+02  0.1459123E-01  0.1525540E-03  0.4755939E-01
   04  0.1476190E+01  0.1045511E+02  0.1621161E-01  0.1693432E-03  0.4756076E-01
   04  0.1523810E+01  0.1045511E+02  0.1783182E-01  0.1861012E-03  0.4756220E-01
   04  0.1571429E+01  0.1045511E+02  0.1945185E-01  0.2028283E-03  0.4756374E-01
   04  0.1619048E+01  0.1045511E+02  0.2107170E-01  0.2195248E-03  0.4756536E-01
   04  0.1666667E+01  0.1045511E+02  0.2269139E-01  0.2361909E-03  0.4756707E-01
   04  0.1714286E+01  0.1045511E+02  0.2431090E-01  0.2528270E-03  0.4756886E-01
   04  0.1761905E+01  0.1045512E+02  0.2593024E-01  0.2694335E-03  0.4757074E-01
   04  0.1809524E+01  0.1045512E+02  0.2754942E-01  0.2860105E-03  0.4757271E-01
   04  0.1857143E+01  0.1045512E+02  0.2916843E-01  0.3025584E-03  0.4757476E-01
   04  0.1904762E+01  0.1045512E+02  0.3078727E-01  0.3190775E-03  0.4757690E-01
   04  0.1952381E+01  0.1045512E+02  0.3240596E-01  0.3355681E-03  0.4757913E-01
   04  0.2000000E+01  0.1045513E+02  0.3402448E-01  0.3520306E-03  0.4758145E-01
   04  0.5727919E+01  0.1045554E+02  0.1605839E+00  0.1560810E-02  0.4799515E-01
   04  0.9455838E+01  0.1045648E+02  0.2863509E+00  0.2692698E-02  0.4893471E-01
   04  0.1318376E+02  0.1045798E+02  0.4118946E+00  0.3929039E-02  0.5043377E-01
   04  0.1691168E+02  0.1046003E+02  0.5376311E+00  0.5314146E-02  0.5248914E-01
   04  0.2063960E+02  0.1046265E+02  0.6638001E+00  0.6986553E-02  0.5510114E-01
   04  0.2436752E+02  0.1046580E+02  0.7905102E+00  0.9058668E-02  0.5825433E-01
   04  0.2809543E+02  0.1046946E+02  0.9177550E+00  0.1160981E-01  0.6191893E-01
   04  0.3182335E+02  0.1047360E+02  0.1045389E+01  0.1463795E-01  0.6605319E-01
   04  0.3555127E+02  0.1047815E+02  0.1173157E+01  0.1807757E-01  0.7060579E-01
   04  0.3927919E+02  0.1048306E+02  0.1300716E+01  0.2179758E-01  0.7551665E-01
   04  0.4300711E+02  0.1048826E+02  0.1427652E+01  0.2559751E-01  0.8071759E-01
   04  0.4487107E+02  0.1049100E+02  0.1490784E+01  0.2752358E-01  0.8345535E-01
   04  0.4673503E+02  0.1049380E+02  0.1553598E+01  0.2954858E-01  0.8625752E-01
   04  0.4839188E+02  0.1049635E+02  0.1609116E+01  0.3140654E-01  0.8880057E-01
   04  0.5004874E+02  0.1049892E+02  0.1664245E+01  0.3330493E-01  0.9137900E-01
   04  0.5170559E+02  0.1050153E+02  0.1718899E+01  0.3522127E-01  0.9398340E-01
   04  0.5336244E+02  0.1050415E+02  0.1773002E+01  0.3713015E-01  0.9660543E-01
   04  0.5501930E+02  0.1050678E+02  0.1826484E+01  0.3900476E-01  0.9923742E-01
   04  0.5667615E+02  0.1050941E+02  0.1879278E+01  0.4087297E-01  0.1018671E+00
   04  0.5833300E+02  0.1051203E+02  0.1931330E+01  0.4275230E-01  0.1044840E+00
   04  0.5998985E+02  0.1051463E+02  0.1982587E+01  0.4462844E-01  0.1070815E+00
   04  0.6164671E+02  0.1051720E+02  0.2033008E+01  0.4648741E-01  0.1096538E+00
   04  0.6330356E+02  0.1051974E+02  0.2082555E+01  0.4831568E-01  0.1121955E+00
   04  0.6496041E+02  0.1052225E+02  0.2131197E+01  0.5010031E-01  0.1147020E+00
   04  0.6661727E+02  0.1052471E+02  0.2178838E+01  0.5183179E-01  0.1171691E+00
   04  0.6827412E+02  0.1052714E+02  0.2225529E+01  0.5349597E-01  0.1195929E+00
   04  0.6993097E+02  0.1052951E+02  0.2271254E+01  0.5508211E-01  0.1219703E+00
   04  0.7158783E+02  0.1053184E+02  0.2315997E+01  0.5658019E-01  0.1242985E+00
   04  0.7324468E+02  0.1053412E+02  0.2359749E+01  0.5798086E-01  0.1265752E+00
   04  0.7490153E+02  0.1053634E+02  0.2402502E+01  0.5927539E-01  0.1287984E+00
   04  0.7655838E+02  0.1053851E+02  0.2444256E+01  0.6045564E-01  0.1309666E+00
   04  0.7821524E+02  0.1054062E+02  0.2485013E+01  0.6151411E-01  0.1330788E+00
   04  0.7987209E+02  0.1054268E+02  0.2524780E+01  0.6244398E-01  0.1351342E+00
   04  0.8152894E+02  0.1054468E+02  0.2563562E+01  0.6323897E-01  0.1371320E+00
   04  0.8318580E+02  0.1054662E+02  0.2601367E+01  0.6389336E-01  0.1390715E+00
   04  0.8484265E+02  0.1054850E+02  0.2638200E+01  0.6440194E-01  0.1409524E+00
   04  0.8649950E+02  0.1055032E+02  0.2674072E+01  0.6475992E-01  0.1427740E+00
   04  0.8815636E+02  0.1055208E+02  0.2708990E+01  0.6496291E-01  0.1445361E+00
   04  0.8981321E+02  0.1055378E+02  0.2742964E+01  0.6499135E-01  0.1462367E+00
   04  0.9147006E+02  0.1055542E+02  0.2776002E+01  0.6481228E-01  0.1478730E+00
   04  0.9445240E+02  0.1055818E+02  0.2833355E+01  0.6402939E-01  0.1506387E+00
   04  0.9743473E+02  0.1056075E+02  0.2887845E+01  0.6255810E-01  0.1532051E+00
   04  0.1004171E+03  0.1056312E+02  0.2939530E+01  0.6040344E-01  0.1555732E+00
   04  0.1033994E+03  0.1056528E+02  0.2988396E+01  0.5757913E-01  0.1577391E+00
   04  0.1063817E+03  0.1056720E+02  0.3033845E+01  0.5410113E-01  0.1596526E+00
   04  0.1093641E+03  0.1056888E+02  0.3076114E+01  0.4998875E-01  0.1613326E+00
   04  0.1123464E+03  0.1057034E+02  0.3115418E+01  0.4528771E-01  0.1627992E+00
   04  0.1153287E+03  0.1057162E+02  0.3151954E+01  0.4001409E-01  0.1640721E+00
   04  0.1183111E+03  0.1057271E+02  0.3185983E+01  0.3427689E-01  0.1651676E+00
   04  0.1212934E+03  0.1057364E+02  0.3217770E+01  0.2818692E-01  0.1660946E+00
   04  0.1242758E+03  0.1057441E+02  0.3247477E+01  0.2181136E-01  0.1668635E+00
   04  0.1272581E+03  0.1057503E+02  0.3275181E+01  0.1518677E-01  0.1674843E+00
   04  0.1302404E+03  0.1057551E+02  0.3300989E+01  0.8377074E-02  0.1679649E+00
   04  0.1332228E+03  0.1057586E+02  0.3324987E+01  0.1439032E-02  0.1683117E+00
   04  0.1362051E+03  0.1057608E+02  0.3347252E+01 -0.5530982E-02  0.1685354E+00
   04  0.1391874E+03  0.1057619E+02  0.3367851E+01 -0.1242561E-01  0.1686490E+00
   04  0.1421698E+03  0.1057620E+02  0.3386970E+01 -0.1923773E-01  0.1686527E+00
   04  0.1451521E+03  0.1057609E+02  0.3404541E+01 -0.2592102E-01  0.1685447E+00
   04  0.1481344E+03  0.1057587E+02  0.3420599E+01 -0.3243764E-01  0.1683249E+00
   04  0.1511168E+03  0.1057553E+02  0.3435251E+01 -0.3879682E-01  0.1679899E+00
   04  0.1540991E+03  0.1057509E+02  0.3448523E+01 -0.4499146E-01  0.1675446E+00
   04  0.1570814E+03  0.1057454E+02  0.3460430E+01 -0.5101574E-01  0.1669945E+00
   04  0.1600638E+03  0.1057388E+02  0.3470994E+01 -0.5690342E-01  0.1663396E+00
   04  0.1630461E+03  0.1057313E+02  0.3480180E+01 -0.6269227E-01  0.1655832E+00
   04  0.1660284E+03  0.1057228E+02  0.3488085E+01 -0.6835291E-01  0.1647311E+00
   04  0.1690108E+03  0.1057133E+02  0.3494761E+01 -0.7389574E-01  0.1637863E+00
   04  0.1719931E+03  0.1057030E+02  0.3500254E+01 -0.7932383E-01  0.1627524E+00
   04  0.1749755E+03  0.1056920E+02  0.3504816E+01 -0.8463069E-01  0.1616519E+00
   04  0.1779578E+03  0.1056806E+02  0.3508796E+01 -0.8981049E-01  0.1605145E+00
   04  0.1809401E+03  0.1056689E+02  0.3512241E+01 -0.9486240E-01  0.1593431E+00
   04  0.1824313E+03  0.1056628E+02  0.3513739E+01 -0.9734708E-01  0.1587338E+00
   04  0.1839225E+03  0.1056566E+02  0.3515119E+01 -0.9979806E-01  0.1581172E+00
   04  0.1854136E+03  0.1056504E+02  0.3516384E+01 -0.1022144E+00  0.1574937E+00
   04  0.1869048E+03  0.1056441E+02  0.3517540E+01 -0.1045948E+00  0.1568633E+00
   04  0.1883960E+03  0.1056377E+02  0.3518589E+01 -0.1069382E+00  0.1562262E+00
   04  0.1898871E+03  0.1056313E+02  0.3519538E+01 -0.1092459E+00  0.1555828E+00
   04  0.1913783E+03  0.1056248E+02  0.3520390E+01 -0.1115309E+00  0.1549346E+00
   04  0.1928695E+03  0.1056183E+02  0.3521150E+01 -0.1137944E+00  0.1542818E+00
   04  0.1943606E+03  0.1056117E+02  0.3521820E+01 -0.1160378E+00  0.1536249E+00
   04  0.1958518E+03  0.1056051E+02  0.3522404E+01 -0.1182623E+00  0.1529641E+00
   04  0.1973430E+03  0.1055984E+02  0.3522903E+01 -0.1204692E+00  0.1522996E+00
   04  0.1988341E+03  0.1055918E+02  0.3523323E+01 -0.1226597E+00  0.1516318E+00
   04  0.2003253E+03  0.1055851E+02  0.3523666E+01 -0.1248351E+00  0.1509611E+00
   04  0.2018165E+03  0.1055783E+02  0.3523938E+01 -0.1269964E+00  0.1502880E+00
   04  0.2033076E+03  0.1055716E+02  0.3524141E+01 -0.1291450E+00  0.1496128E+00
   04  0.2047988E+03  0.1055648E+02  0.3524281E+01 -0.1312820E+00  0.1489360E+00
   04  0.2062900E+03  0.1055580E+02  0.3524361E+01 -0.1334087E+00  0.1482580E+00
   04  0.2077811E+03  0.1055512E+02  0.3524386E+01 -0.1355263E+00  0.1475794E+00
   04  0.2092723E+03  0.1055445E+02  0.3524362E+01 -0.1376362E+00  0.1469006E+00
   04  0.2107635E+03  0.1055377E+02  0.3524293E+01 -0.1397395E+00  0.1462222E+00
   04  0.2122546E+03  0.1055309E+02  0.3524186E+01 -0.1418378E+00  0.1455449E+00
   04  0.2137458E+03  0.1055241E+02  0.3524043E+01 -0.1439322E+00  0.1448690E+00
   04  0.2152370E+03  0.1055174E+02  0.3523862E+01 -0.1460239E+00  0.1441945E+00
   04  0.2167281E+03  0.1055107E+02  0.3523646E+01 -0.1481161E+00  0.1435214E+00
   04  0.2182193E+03  0.1055039E+02  0.3523394E+01 -0.1502103E+00  0.1428496E+00
   04  0.2197105E+03  0.1054972E+02  0.3523110E+01 -0.1523065E+00  0.1421794E+00
   04  0.2212017E+03  0.1054906E+02  0.3522793E+01 -0.1544047E+00  0.1415108E+00
   04  0.2226928E+03  0.1054839E+02  0.3522446E+01 -0.1565048E+00  0.1408440E+00
   04  0.2241840E+03  0.1054772E+02  0.3522072E+01 -0.1586062E+00  0.1401793E+00
   04  0.2256752E+03  0.1054706E+02  0.3521670E+01 -0.1607086E+00  0.1395168E+00
   04  0.2271663E+03  0.1054640E+02  0.3521245E+01 -0.1628113E+00  0.1388567E+00
   04  0.2286575E+03  0.1054574E+02  0.3520798E+01 -0.1649135E+00  0.1381992E+00
   04  0.2301487E+03  0.1054509E+02  0.3520332E+01 -0.1670143E+00  0.1375446E+00
   04  0.2316398E+03  0.1054444E+02  0.3519850E+01 -0.1691129E+00  0.1368930E+00
   04  0.2331310E+03  0.1054379E+02  0.3519355E+01 -0.1712080E+00  0.1362448E+00
   04  0.2346222E+03  0.1054314E+02  0.3518849E+01 -0.1732984E+00  0.1356001E+00
   04  0.2361133E+03  0.1054250E+02  0.3518335E+01 -0.1753827E+00  0.1349593E+00
   04  0.2376045E+03  0.1054187E+02  0.3517817E+01 -0.1774594E+00  0.1343225E+00
   04  0.2390957E+03  0.1054123E+02  0.3517299E+01 -0.1795271E+00  0.1336902E+00
   04  0.2405868E+03  0.1054061E+02  0.3516782E+01 -0.1815844E+00  0.1330625E+00
   04  0.2420780E+03  0.1053998E+02  0.3516268E+01 -0.1836321E+00  0.1324398E+00
   04  0.2435692E+03  0.1053937E+02  0.3515759E+01 -0.1856694E+00  0.1318224E+00
   04  0.2450603E+03  0.1053876E+02  0.3515258E+01 -0.1876949E+00  0.1312105E+00
   04  0.2465515E+03  0.1053815E+02  0.3514768E+01 -0.1897068E+00  0.1306044E+00
   04  0.2480427E+03  0.1053755E+02  0.3514292E+01 -0.1917038E+00  0.1300041E+00
   04  0.2495338E+03  0.1053695E+02  0.3513833E+01 -0.1936840E+00  0.1294100E+00
   04  0.2510250E+03  0.1053637E+02  0.3513393E+01 -0.1956459E+00  0.1288220E+00
   04  0.2525162E+03  0.1053579E+02  0.3512975E+01 -0.1975877E+00  0.1282405E+00
   04  0.2540073E+03  0.1053521E+02  0.3512583E+01 -0.1995076E+00  0.1276655E+00
   04  0.2554985E+03  0.1053464E+02  0.3512218E+01 -0.2014039E+00  0.1270973E+00
   04  0.2569897E+03  0.1053408E+02  0.3511884E+01 -0.2032747E+00  0.1265358E+00
   04  0.2584808E+03  0.1053352E+02  0.3511546E+01 -0.2051168E+00  0.1259780E+00
   04  0.2599720E+03  0.1053297E+02  0.3511207E+01 -0.2069263E+00  0.1254238E+00
   04  0.2614632E+03  0.1053242E+02  0.3510870E+01 -0.2086996E+00  0.1248733E+00
   04  0.2629543E+03  0.1053187E+02  0.3510538E+01 -0.2104333E+00  0.1243266E+00
   04  0.2644455E+03  0.1053133E+02  0.3510215E+01 -0.2121239E+00  0.1237838E+00
   04  0.2659367E+03  0.1053079E+02  0.3509905E+01 -0.2137686E+00  0.1232451E+00
   04  0.2674278E+03  0.1053025E+02  0.3509609E+01 -0.2153642E+00  0.1227104E+00
   04  0.2689190E+03  0.1052972E+02  0.3509330E+01 -0.2169082E+00  0.1221799E+00
   04  0.2704102E+03  0.1052920E+02  0.3509071E+01 -0.2183978E+00  0.1216535E+00
   04  0.2719014E+03  0.1052868E+02  0.3508834E+01 -0.2198306E+00  0.1211314E+00
   04  0.2733925E+03  0.1052816E+02  0.3508620E+01 -0.2212042E+00  0.1206136E+00
   04  0.2748837E+03  0.1052764E+02  0.3508431E+01 -0.2225165E+00  0.1200999E+00
   04  0.2763749E+03  0.1052714E+02  0.3508268E+01 -0.2237653E+00  0.1195905E+00
   04  0.2778660E+03  0.1052663E+02  0.3508132E+01 -0.2249487E+00  0.1190853E+00
   04  0.2793572E+03  0.1052613E+02  0.3508025E+01 -0.2260646E+00  0.1185842E+00
   04  0.2808484E+03  0.1052563E+02  0.3507945E+01 -0.2271112E+00  0.1180871E+00
   04  0.2823395E+03  0.1052514E+02  0.3507894E+01 -0.2280869E+00  0.1175940E+00
   04  0.2838307E+03  0.1052465E+02  0.3507872E+01 -0.2289888E+00  0.1171046E+00
   04  0.2853219E+03  0.1052416E+02  0.3507881E+01 -0.2298208E+00  0.1166201E+00
   04  0.2868130E+03  0.1052368E+02  0.3507922E+01 -0.2305834E+00  0.1161403E+00
   04  0.2883042E+03  0.1052321E+02  0.3507994E+01 -0.2312747E+00  0.1156652E+00
   04  0.2897954E+03  0.1052274E+02  0.3508097E+01 -0.2318931E+00  0.1151943E+00
   04  0.2912865E+03  0.1052227E+02  0.3508231E+01 -0.2324367E+00  0.1147275E+00
   04  0.2927777E+03  0.1052181E+02  0.3508395E+01 -0.2329038E+00  0.1142645E+00
   04  0.2942689E+03  0.1052135E+02  0.3508589E+01 -0.2332925E+00  0.1138051E+00
   04  0.2957600E+03  0.1052089E+02  0.3508812E+01 -0.2336014E+00  0.1133488E+00
   04  0.2972512E+03  0.1052044E+02  0.3509062E+01 -0.2338288E+00  0.1128954E+00
   04  0.2987424E+03  0.1051999E+02  0.3509338E+01 -0.2339733E+00  0.1124446E+00
   04  0.3002335E+03  0.1051954E+02  0.3509639E+01 -0.2340331E+00  0.1119961E+00
   04  0.3017247E+03  0.1051909E+02  0.3509962E+01 -0.2340066E+00  0.1115497E+00
   04  0.3032159E+03  0.1051864E+02  0.3510264E+01 -0.2339479E+00  0.1110995E+00
   04  0.3047070E+03  0.1051819E+02  0.3510575E+01 -0.2338582E+00  0.1106452E+00
   04  0.3061982E+03  0.1051773E+02  0.3510894E+01 -0.2337354E+00  0.1101866E+00
   04  0.3076894E+03  0.1051727E+02  0.3511216E+01 -0.2335769E+00  0.1097239E+00
   04  0.3091805E+03  0.1051680E+02  0.3511533E+01 -0.2333805E+00  0.1092576E+00
   04  0.3106717E+03  0.1051633E+02  0.3511917E+01 -0.2331431E+00  0.1087810E+00
   04  0.3121629E+03  0.1051584E+02  0.3512377E+01 -0.2328628E+00  0.1082933E+00
   04  0.3136540E+03  0.1051534E+02  0.3512906E+01 -0.2325373E+00  0.1077950E+00
   04  0.3151452E+03  0.1051483E+02  0.3513497E+01 -0.2321644E+00  0.1072865E+00
   04  0.3165017E+03  0.1051436E+02  0.3514081E+01 -0.2317818E+00  0.1068155E+00
   04  0.3178581E+03  0.1051388E+02  0.3514707E+01 -0.2313558E+00  0.1063364E+00
   04  0.3192146E+03  0.1051339E+02  0.3515371E+01 -0.2308841E+00  0.1058496E+00
   04  0.3205710E+03  0.1051290E+02  0.3516068E+01 -0.2303643E+00  0.1053551E+00
   04  0.3219275E+03  0.1051240E+02  0.3516796E+01 -0.2297939E+00  0.1048531E+00
   04  0.3232839E+03  0.1051189E+02  0.3517553E+01 -0.2291704E+00  0.1043438E+00
   04  0.3246404E+03  0.1051137E+02  0.3518349E+01 -0.2284915E+00  0.1038286E+00
   04  0.3259968E+03  0.1051085E+02  0.3519195E+01 -0.2277558E+00  0.1033090E+00
   04  0.3273533E+03  0.1051033E+02  0.3520089E+01 -0.2269615E+00  0.1027850E+00
   04  0.3287097E+03  0.1050980E+02  0.3521031E+01 -0.2261073E+00  0.1022571E+00
   04  0.3300662E+03  0.1050927E+02  0.3522018E+01 -0.2251914E+00  0.1017252E+00
   04  0.3314226E+03  0.1050873E+02  0.3523051E+01 -0.2242122E+00  0.1011897E+00
   04  0.3327791E+03  0.1050820E+02  0.3524126E+01 -0.2231681E+00  0.1006505E+00
   04  0.3341355E+03  0.1050765E+02  0.3525245E+01 -0.2220575E+00  0.1001079E+00
   04  0.3354920E+03  0.1050711E+02  0.3526404E+01 -0.2208784E+00  0.9956193E-01
   04  0.3368484E+03  0.1050656E+02  0.3527604E+01 -0.2196293E+00  0.9901265E-01
   04  0.3382049E+03  0.1050600E+02  0.3528843E+01 -0.2183084E+00  0.9846013E-01
   04  0.3395613E+03  0.1050545E+02  0.3530120E+01 -0.2169137E+00  0.9790441E-01
   04  0.3409178E+03  0.1050489E+02  0.3531435E+01 -0.2154434E+00  0.9734552E-01
   04  0.3422742E+03  0.1050433E+02  0.3532786E+01 -0.2138954E+00  0.9678348E-01
   04  0.3436307E+03  0.1050376E+02  0.3534173E+01 -0.2122675E+00  0.9621832E-01
   04  0.3449871E+03  0.1050319E+02  0.3535595E+01 -0.2105572E+00  0.9565009E-01
   04  0.3463436E+03  0.1050262E+02  0.3537050E+01 -0.2087609E+00  0.9507888E-01
   04  0.3477000E+03  0.1050205E+02  0.3538540E+01 -0.2068789E+00  0.9450425E-01
   04  0.3490565E+03  0.1050147E+02  0.3540059E+01 -0.2049157E+00  0.9392555E-01
   04  0.3504130E+03  0.1050089E+02  0.3541608E+01 -0.2028698E+00  0.9334274E-01
   04  0.3517694E+03  0.1050030E+02  0.3543186E+01 -0.2007397E+00  0.9275574E-01
   04  0.3531259E+03  0.1049971E+02  0.3544793E+01 -0.1985241E+00  0.9216448E-01
   04  0.3544823E+03  0.1049911E+02  0.3546427E+01 -0.1962216E+00  0.9156886E-01
   04  0.3558388E+03  0.1049851E+02  0.3548088E+01 -0.1938306E+00  0.9096878E-01
   04  0.3574665E+03  0.1049779E+02  0.3550121E+01 -0.1908364E+00  0.9024343E-01
   04  0.3590942E+03  0.1049706E+02  0.3552195E+01 -0.1876611E+00  0.8951593E-01
   04  0.3607220E+03  0.1049633E+02  0.3554311E+01 -0.1842982E+00  0.8878634E-01
   04  0.3623497E+03  0.1049560E+02  0.3556468E+01 -0.1807468E+00  0.8805422E-01
   04  0.3639775E+03  0.1049486E+02  0.3558669E+01 -0.1770055E+00  0.8731918E-01
   04  0.3656052E+03  0.1049413E+02  0.3560913E+01 -0.1730730E+00  0.8658084E-01
   04  0.3672329E+03  0.1049338E+02  0.3563202E+01 -0.1689482E+00  0.8583882E-01
   04  0.3688607E+03  0.1049264E+02  0.3565537E+01 -0.1646300E+00  0.8509277E-01
   04  0.3704884E+03  0.1049189E+02  0.3567918E+01 -0.1601175E+00  0.8434231E-01
   04  0.3721162E+03  0.1049113E+02  0.3570346E+01 -0.1554101E+00  0.8358708E-01
   04  0.3737439E+03  0.1049037E+02  0.3572822E+01 -0.1505077E+00  0.8282669E-01
   04  0.3753717E+03  0.1048961E+02  0.3575348E+01 -0.1454105E+00  0.8206069E-01
   04  0.3769994E+03  0.1048883E+02  0.3577923E+01 -0.1401187E+00  0.8128867E-01
   04  0.3786271E+03  0.1048805E+02  0.3580549E+01 -0.1346328E+00  0.8051019E-01
   04  0.3802549E+03  0.1048727E+02  0.3583227E+01 -0.1289535E+00  0.7972483E-01
   04  0.3818826E+03  0.1048648E+02  0.3585956E+01 -0.1230815E+00  0.7893216E-01
   04  0.3835104E+03  0.1048568E+02  0.3588737E+01 -0.1170194E+00  0.7813160E-01
   04  0.3851381E+03  0.1048487E+02  0.3591570E+01 -0.1107713E+00  0.7732243E-01
   04  0.3867658E+03  0.1048405E+02  0.3594457E+01 -0.1043385E+00  0.7650418E-01
   04  0.3883936E+03  0.1048322E+02  0.3597396E+01 -0.9772267E-01  0.7567637E-01
   04  0.3900213E+03  0.1048238E+02  0.3600388E+01 -0.9092561E-01  0.7483853E-01
   04  0.3916491E+03  0.1048153E+02  0.3603433E+01 -0.8394905E-01  0.7399017E-01
   04  0.3932768E+03  0.1048068E+02  0.3606532E+01 -0.7679482E-01  0.7313078E-01
   04  0.3949046E+03  0.1047980E+02  0.3609682E+01 -0.6946475E-01  0.7225987E-01
   04  0.3965323E+03  0.1047892E+02  0.3612885E+01 -0.6196071E-01  0.7137693E-01
   04  0.3981600E+03  0.1047803E+02  0.3616138E+01 -0.5428451E-01  0.7048145E-01
   04  0.3997878E+03  0.1047712E+02  0.3619442E+01 -0.4643796E-01  0.6957289E-01
   04  0.4014155E+03  0.1047620E+02  0.3622794E+01 -0.3842282E-01  0.6865074E-01
   04  0.4030433E+03  0.1047526E+02  0.3626195E+01 -0.3024077E-01  0.6771446E-01
   04  0.4046710E+03  0.1047431E+02  0.3629642E+01 -0.2189344E-01  0.6676351E-01
   04  0.4062987E+03  0.1047334E+02  0.3633134E+01 -0.1337476E-01  0.6579661E-01
   04  0.4079265E+03  0.1047235E+02  0.3636668E+01 -0.4651317E-02  0.6480991E-01
   04  0.4095542E+03  0.1047135E+02  0.3640240E+01  0.4275191E-02  0.6380296E-01
   04  0.4111820E+03  0.1047032E+02  0.3643849E+01  0.1340321E-01  0.6277529E-01
   04  0.4128097E+03  0.1046927E+02  0.3647492E+01  0.2273130E-01  0.6172644E-01
   04  0.4144375E+03  0.1046820E+02  0.3651165E+01  0.3225821E-01  0.6065592E-01
   04  0.4160652E+03  0.1046711E+02  0.3654866E+01  0.4198284E-01  0.5956323E-01
   04  0.4176929E+03  0.1046599E+02  0.3658591E+01  0.5190427E-01  0.5844788E-01
   04  0.4193207E+03  0.1046485E+02  0.3662337E+01  0.6202175E-01  0.5730936E-01
   04  0.4209484E+03  0.1046369E+02  0.3666102E+01  0.7233466E-01  0.5614717E-01
   04  0.4225762E+03  0.1046251E+02  0.3669882E+01  0.8284259E-01  0.5496079E-01
   04  0.4242039E+03  0.1046129E+02  0.3673674E+01  0.9354525E-01  0.5374972E-01
   04  0.4258316E+03  0.1046006E+02  0.3677474E+01  0.1044425E+00  0.5251343E-01
   04  0.4274594E+03  0.1045880E+02  0.3681282E+01  0.1155344E+00  0.5125162E-01
   04  0.4290871E+03  0.1045751E+02  0.3685096E+01  0.1268209E+00  0.4996388E-01
   04  0.4307149E+03  0.1045619E+02  0.3688913E+01  0.1383023E+00  0.4864981E-01
   04  0.4323426E+03  0.1045485E+02  0.3692733E+01  0.1499790E+00  0.4730901E-01
   04  0.4339704E+03  0.1045349E+02  0.3696552E+01  0.1618464E+00  0.4594047E-01
   04  0.4355981E+03  0.1045209E+02  0.3700369E+01  0.1739036E+00  0.4454360E-01
   04  0.4372258E+03  0.1045066E+02  0.3704184E+01  0.1861507E+00  0.4311794E-01
   04  0.4388536E+03  0.1044921E+02  0.3707994E+01  0.1985877E+00  0.4166305E-01
   04  0.4404813E+03  0.1044772E+02  0.3711799E+01  0.2112151E+00  0.4017848E-01
   04  0.4421091E+03  0.1044621E+02  0.3715598E+01  0.2240333E+00  0.3866383E-01
   04  0.4437368E+03  0.1044466E+02  0.3719388E+01  0.2370427E+00  0.3711866E-01
   04  0.4453645E+03  0.1044309E+02  0.3723169E+01  0.2502440E+00  0.3554260E-01
   04  0.4469923E+03  0.1044148E+02  0.3726940E+01  0.2636380E+00  0.3393525E-01
   04  0.4486200E+03  0.1043984E+02  0.3730698E+01  0.2772256E+00  0.3229623E-01
   04  0.4502478E+03  0.1043817E+02  0.3734442E+01  0.2910074E+00  0.3062517E-01
   04  0.4518755E+03  0.1043647E+02  0.3738171E+01  0.3049846E+00  0.2892170E-01
   04  0.4535033E+03  0.1043473E+02  0.3741884E+01  0.3191581E+00  0.2718548E-01
   04  0.4551310E+03  0.1043296E+02  0.3745578E+01  0.3335288E+00  0.2541615E-01
   04  0.4567587E+03  0.1043116E+02  0.3749251E+01  0.3480981E+00  0.2361336E-01
   04  0.4583865E+03  0.1042932E+02  0.3752903E+01  0.3628669E+00  0.2177677E-01
   04  0.4600142E+03  0.1042745E+02  0.3756530E+01  0.3778364E+00  0.1990605E-01
   04  0.4616420E+03  0.1042555E+02  0.3760132E+01  0.3930077E+00  0.1800086E-01
   04  0.4632697E+03  0.1042361E+02  0.3763705E+01  0.4083814E+00  0.1606087E-01
   04  0.4648974E+03  0.1042163E+02  0.3767248E+01  0.4239582E+00  0.1408576E-01
   04  0.4665252E+03  0.1041962E+02  0.3770758E+01  0.4397389E+00  0.1207522E-01
   04  0.4681529E+03  0.1041757E+02  0.3774234E+01  0.4557240E+00  0.1002893E-01
   04  0.4697807E+03  0.1041549E+02  0.3777673E+01  0.4719142E+00  0.7946606E-02
   04  0.4714084E+03  0.1041337E+02  0.3781071E+01  0.4883101E+00  0.5827948E-02
   04  0.4730362E+03  0.1041122E+02  0.3784427E+01  0.5049122E+00  0.3672673E-02
   04  0.4746639E+03  0.1040903E+02  0.3787739E+01  0.5217213E+00  0.1480504E-02
   04  0.4762916E+03  0.1040680E+02  0.3791002E+01  0.5387376E+00 -0.7488276E-03
   04  0.4779194E+03  0.1040453E+02  0.3794216E+01  0.5559618E+00 -0.3015585E-02
   04  0.4795471E+03  0.1040222E+02  0.3797376E+01  0.5733942E+00 -0.5320021E-02
   04  0.4811749E+03  0.1039988E+02  0.3800480E+01  0.5910353E+00 -0.7662381E-02
   04  0.4828026E+03  0.1039750E+02  0.3803525E+01  0.6088854E+00 -0.1004290E-01
   04  0.4844303E+03  0.1039508E+02  0.3806509E+01  0.6269449E+00 -0.1246181E-01
   04  0.4860581E+03  0.1039263E+02  0.3809428E+01  0.6452139E+00 -0.1491932E-01
   04  0.4876858E+03  0.1039013E+02  0.3812279E+01  0.6636929E+00 -0.1741563E-01
   04  0.4893136E+03  0.1038759E+02  0.3815061E+01  0.6823819E+00 -0.1995093E-01
   04  0.4909413E+03  0.1038502E+02  0.3817770E+01  0.7012811E+00 -0.2252541E-01
   04  0.4925691E+03  0.1038241E+02  0.3820403E+01  0.7203905E+00 -0.2513921E-01
   04  0.4941968E+03  0.1037975E+02  0.3822956E+01  0.7397104E+00 -0.2779270E-01
   04  0.4958245E+03  0.1037706E+02  0.3825422E+01  0.7592407E+00 -0.3048625E-01
   04  0.4974523E+03  0.1037432E+02  0.3827798E+01  0.7789817E+00 -0.3322016E-01
   04  0.4990800E+03  0.1037155E+02  0.3830076E+01  0.7989333E+00 -0.3599473E-01
   04  0.5007078E+03  0.1036873E+02  0.3832253E+01  0.8190958E+00 -0.3881026E-01
   04  0.5023355E+03  0.1036588E+02  0.3834324E+01  0.8394693E+00 -0.4166701E-01
   04  0.5039632E+03  0.1036298E+02  0.3836284E+01  0.8600538E+00 -0.4456522E-01
   04  0.5055910E+03  0.1036004E+02  0.3838128E+01  0.8808495E+00 -0.4750511E-01
   04  0.5072187E+03  0.1035706E+02  0.3839852E+01  0.9018565E+00 -0.5048689E-01
   04  0.5088465E+03  0.1035403E+02  0.3841452E+01  0.9230748E+00 -0.5351079E-01
   04  0.5104742E+03  0.1035097E+02  0.3842925E+01  0.9445042E+00 -0.5657691E-01
   04  0.5121020E+03  0.1034786E+02  0.3844266E+01  0.9661449E+00 -0.5968534E-01
   04  0.5137297E+03  0.1034471E+02  0.3845474E+01  0.9879966E+00 -0.6283617E-01
   04  0.5153574E+03  0.1034152E+02  0.3846545E+01  0.1010059E+01 -0.6602945E-01
   04  0.5169852E+03  0.1033828E+02  0.3847476E+01  0.1032332E+01 -0.6926520E-01
   04  0.5186129E+03  0.1033500E+02  0.3848267E+01  0.1054816E+01 -0.7254343E-01
   04  0.5202407E+03  0.1033168E+02  0.3848914E+01  0.1077509E+01 -0.7586409E-01
   04  0.5218684E+03  0.1032832E+02  0.3849416E+01  0.1100412E+01 -0.7922713E-01
   04  0.5234961E+03  0.1032491E+02  0.3849772E+01  0.1123523E+01 -0.8263245E-01
   04  0.5251239E+03  0.1032146E+02  0.3849981E+01  0.1146842E+01 -0.8607994E-01
   04  0.5267516E+03  0.1031798E+02  0.3850042E+01  0.1170369E+01 -0.8956944E-01
   04  0.5283794E+03  0.1031444E+02  0.3849954E+01  0.1194102E+01 -0.9310080E-01
   04  0.5300071E+03  0.1031087E+02  0.3849716E+01  0.1218040E+01 -0.9667389E-01
   04  0.5316349E+03  0.1030726E+02  0.3849328E+01  0.1242182E+01 -0.1002886E+00
   04  0.5332626E+03  0.1030360E+02  0.3848787E+01  0.1266527E+01 -0.1039449E+00
   04  0.5348903E+03  0.1029990E+02  0.3848093E+01  0.1291074E+01 -0.1076424E+00
   04  0.5365181E+03  0.1029616E+02  0.3847245E+01  0.1315820E+01 -0.1113810E+00
   04  0.5381458E+03  0.1029238E+02  0.3846244E+01  0.1340765E+01 -0.1151606E+00
   04  0.5397736E+03  0.1028856E+02  0.3845088E+01  0.1365907E+01 -0.1189808E+00
   04  0.5414013E+03  0.1028470E+02  0.3843779E+01  0.1391244E+01 -0.1228414E+00
   04  0.5430290E+03  0.1028080E+02  0.3842317E+01  0.1416774E+01 -0.1267420E+00
   04  0.5446568E+03  0.1027686E+02  0.3840702E+01  0.1442495E+01 -0.1306825E+00
   04  0.5462845E+03  0.1027288E+02  0.3838934E+01  0.1468406E+01 -0.1346624E+00
   04  0.5479123E+03  0.1026886E+02  0.3837016E+01  0.1494504E+01 -0.1386813E+00
   04  0.5495400E+03  0.1026481E+02  0.3834949E+01  0.1520786E+01 -0.1427391E+00
   04  0.5511678E+03  0.1026071E+02  0.3832732E+01  0.1547247E+01 -0.1468356E+00
   04  0.5527955E+03  0.1025657E+02  0.3830369E+01  0.1573885E+01 -0.1509704E+00
   04  0.5544232E+03  0.1025240E+02  0.3827862E+01  0.1600697E+01 -0.1551432E+00
   04  0.5560510E+03  0.1024819E+02  0.3825212E+01  0.1627680E+01 -0.1593535E+00
   04  0.5576787E+03  0.1024394E+02  0.3822422E+01  0.1654830E+01 -0.1636009E+00
   04  0.5593065E+03  0.1023966E+02  0.3819494E+01  0.1682146E+01 -0.1678850E+00
   04  0.5609342E+03  0.1023534E+02  0.3816431E+01  0.1709623E+01 -0.1722052E+00
   04  0.5625619E+03  0.1023098E+02  0.3813235E+01  0.1737259E+01 -0.1765612E+00
   04  0.5641897E+03  0.1022659E+02  0.3809909E+01  0.1765050E+01 -0.1809524E+00
   04  0.5658174E+03  0.1022217E+02  0.3806456E+01  0.1792992E+01 -0.1853784E+00
   04  0.5674452E+03  0.1021771E+02  0.3802878E+01  0.1821082E+01 -0.1898385E+00
   04  0.5690729E+03  0.1021321E+02  0.3799180E+01  0.1849316E+01 -0.1943323E+00
   04  0.5707007E+03  0.1020869E+02  0.3795362E+01  0.1877690E+01 -0.1988593E+00
   04  0.5723284E+03  0.1020413E+02  0.3791430E+01  0.1906201E+01 -0.2034188E+00
   04  0.5739561E+03  0.1019953E+02  0.3787385E+01  0.1934845E+01 -0.2080103E+00
   04  0.5755839E+03  0.1019491E+02  0.3783230E+01  0.1963618E+01 -0.2126332E+00
   04  0.5772116E+03  0.1019026E+02  0.3778970E+01  0.1992515E+01 -0.2172869E+00
   04  0.5788394E+03  0.1018557E+02  0.3774606E+01  0.2021534E+01 -0.2219709E+00
   04  0.5804671E+03  0.1018086E+02  0.3770143E+01  0.2050668E+01 -0.2266846E+00
   04  0.5820948E+03  0.1017612E+02  0.3765582E+01  0.2079915E+01 -0.2314273E+00
   04  0.5837226E+03  0.1017135E+02  0.3760926E+01  0.2109270E+01 -0.2361985E+00
   04  0.5853503E+03  0.1016655E+02  0.3756180E+01  0.2138728E+01 -0.2409976E+00
   04  0.5869781E+03  0.1016172E+02  0.3751345E+01  0.2168286E+01 -0.2458240E+00
   04  0.5886058E+03  0.1015687E+02  0.3746424E+01  0.2197938E+01 -0.2506771E+00
   04  0.5902336E+03  0.1015199E+02  0.3741419E+01  0.2227681E+01 -0.2555564E+00
   04  0.5918613E+03  0.1014708E+02  0.3736334E+01  0.2257510E+01 -0.2604611E+00
   04  0.5934890E+03  0.1014215E+02  0.3731171E+01  0.2287420E+01 -0.2653909E+00
   04  0.5951168E+03  0.1013720E+02  0.3725932E+01  0.2317407E+01 -0.2703450E+00
   04  0.5967445E+03  0.1013222E+02  0.3720618E+01  0.2347465E+01 -0.2753230E+00
   04  0.5983723E+03  0.1012722E+02  0.3715234E+01  0.2377592E+01 -0.2803241E+00
