# gauge_id= 505 location=( -0.1251000000E+03  0.4150000000E+02 ) num_var=  4
# Stationary gauge
# level, time, q[  1  2  3], eta, aux[]
# file format ascii, time series follow in this file
   02  0.0000000E+00  0.2436365E+04  0.0000000E+00  0.0000000E+00  0.0000000E+00
   02  0.1000000E+01  0.2436365E+04  0.6962816E-14 -0.9739722E-13  0.6541664E+00
   02  0.1142857E+01  0.2436364E+04 -0.1292774E+00 -0.8591113E-01  0.6537462E+00
   02  0.1285714E+01  0.2436364E+04 -0.2582396E+00 -0.1717225E+00  0.6533261E+00
   02  0.1428571E+01  0.2436364E+04 -0.3868899E+00 -0.2574332E+00  0.6529060E+00
   02  0.1571429E+01  0.2436363E+04 -0.5152289E+00 -0.3430431E+00  0.6524861E+00
   02  0.1714286E+01  0.2436363E+04 -0.6432570E+00 -0.4285521E+00  0.6520663E+00
   02  0.1857143E+01  0.2436362E+04 -0.7709746E+00 -0.5139602E+00  0.6516465E+00
   02  0.2000000E+01  0.2436362E+04 -0.8983823E+00 -0.5992674E+00  0.6512269E+00
   02  0.4673503E+02  0.2436243E+04 -0.3739747E+02 -0.2377503E+02  0.5327912E+00
   03  0.9147006E+02  0.2606843E+04 -0.4916549E+02 -0.4202584E+02  0.4328108E+00
   03  0.1004171E+03  0.2606822E+04 -0.5010892E+02 -0.4301910E+02  0.4123719E+00
   03  0.1093641E+03  0.2606808E+04 -0.5004787E+02 -0.4291982E+02  0.3979575E+00
   03  0.1183111E+03  0.2606792E+04 -0.4855148E+02 -0.4217618E+02  0.3823399E+00
   03  0.1272581E+03  0.2606765E+04 -0.4475724E+02 -0.4138489E+02  0.3549749E+00
   03  0.1362051E+03  0.2606723E+04 -0.3838948E+02 -0.4096272E+02  0.3125275E+00
   03  0.1451521E+03  0.2606671E+04 -0.3026340E+02 -0.4104227E+02  0.2608775E+00
   03  0.1540991E+03  0.2606621E+04 -0.2185461E+02 -0.4138080E+02  0.2105511E+00
   03  0.1630461E+03  0.2606581E+04 -0.1463879E+02 -0.4149372E+02  0.1710175E+00
   03  0.1719931E+03  0.2606558E+04 -0.9325513E+01 -0.4111559E+02  0.1477203E+00
   04  0.1809401E+03  0.2624002E+04 -0.3736841E+01 -0.4068157E+02  0.1326488E+00
   04  0.1824313E+03  0.2624002E+04 -0.2763153E+01 -0.4015810E+02  0.1327622E+00
   04  0.1839225E+03  0.2624004E+04 -0.2207153E+01 -0.3964572E+02  0.1345303E+00
   04  0.1854136E+03  0.2624006E+04 -0.1954297E+01 -0.3920042E+02  0.1371554E+00
   04  0.1869048E+03  0.2624009E+04 -0.1853299E+01 -0.3882932E+02  0.1398933E+00
   04  0.1883960E+03  0.2624011E+04 -0.1821684E+01 -0.3852289E+02  0.1424745E+00
   04  0.1898871E+03  0.2624014E+04 -0.1818894E+01 -0.3826693E+02  0.1448520E+00
   04  0.1913783E+03  0.2624016E+04 -0.1822486E+01 -0.3804210E+02  0.1470076E+00
   04  0.1928695E+03  0.2624018E+04 -0.1817240E+01 -0.3782270E+02  0.1489766E+00
   04  0.1943606E+03  0.2624020E+04 -0.1791665E+01 -0.3757927E+02  0.1509248E+00
   04  0.1958518E+03  0.2624022E+04 -0.1740034E+01 -0.3728470E+02  0.1531881E+00
   04  0.1973430E+03  0.2624025E+04 -0.1666850E+01 -0.3692206E+02  0.1562057E+00
   04  0.1988341E+03  0.2624029E+04 -0.1584592E+01 -0.3649120E+02  0.1603554E+00
   04  0.2003253E+03  0.2624035E+04 -0.1505660E+01 -0.3601018E+02  0.1657842E+00
   04  0.2018165E+03  0.2624041E+04 -0.1436623E+01 -0.3550928E+02  0.1723351E+00
   04  0.2033076E+03  0.2624049E+04 -0.1378459E+01 -0.3502064E+02  0.1795972E+00
   04  0.2047988E+03  0.2624056E+04 -0.1331320E+01 -0.3456935E+02  0.1870386E+00
   04  0.2062900E+03  0.2624063E+04 -0.1299211E+01 -0.3416907E+02  0.1941542E+00
   04  0.2077811E+03  0.2624070E+04 -0.1291347E+01 -0.3382202E+02  0.2005730E+00
   04  0.2092723E+03  0.2624075E+04 -0.1318643E+01 -0.3352181E+02  0.2060994E+00
   04  0.2107635E+03  0.2624080E+04 -0.1389132E+01 -0.3325752E+02  0.2107055E+00
   04  0.2122546E+03  0.2624084E+04 -0.1505999E+01 -0.3301726E+02  0.2145079E+00
   04  0.2137458E+03  0.2624087E+04 -0.1664253E+01 -0.3279052E+02  0.2177176E+00
   04  0.2152370E+03  0.2624090E+04 -0.1850641E+01 -0.3256960E+02  0.2205987E+00
   04  0.2167281E+03  0.2624092E+04 -0.2046630E+01 -0.3235050E+02  0.2234328E+00
   04  0.2182193E+03  0.2624095E+04 -0.2232459E+01 -0.3213329E+02  0.2264801E+00
   04  0.2197105E+03  0.2624099E+04 -0.2391023E+01 -0.3192153E+02  0.2299372E+00
   04  0.2212017E+03  0.2624103E+04 -0.2510762E+01 -0.3172041E+02  0.2339022E+00
   04  0.2226928E+03  0.2624107E+04 -0.2587061E+01 -0.3153426E+02  0.2383549E+00
   04  0.2241840E+03  0.2624112E+04 -0.2622262E+01 -0.3136432E+02  0.2431625E+00
   04  0.2256752E+03  0.2624117E+04 -0.2624648E+01 -0.3120784E+02  0.2481105E+00
   04  0.2271663E+03  0.2624122E+04 -0.2607062E+01 -0.3105883E+02  0.2529564E+00
   04  0.2286575E+03  0.2624127E+04 -0.2585576E+01 -0.3090998E+02  0.2574882E+00
   04  0.2301487E+03  0.2624131E+04 -0.2577723E+01 -0.3075490E+02  0.2615681E+00
   04  0.2316398E+03  0.2624134E+04 -0.2600256E+01 -0.3058958E+02  0.2651497E+00
   04  0.2331310E+03  0.2624137E+04 -0.2666572E+01 -0.3041291E+02  0.2682687E+00
   04  0.2346222E+03  0.2624140E+04 -0.2784270E+01 -0.3022624E+02  0.2710163E+00
   04  0.2361133E+03  0.2624143E+04 -0.2953778E+01 -0.3003267E+02  0.2735108E+00
   04  0.2376045E+03  0.2624145E+04 -0.3170008E+01 -0.2983681E+02  0.2758879E+00
   04  0.2390957E+03  0.2624147E+04 -0.3424447E+01 -0.2964475E+02  0.2782912E+00
   04  0.2405868E+03  0.2624150E+04 -0.3703483E+01 -0.2946314E+02  0.2808403E+00
   04  0.2420780E+03  0.2624153E+04 -0.3989619E+01 -0.2929778E+02  0.2836151E+00
   04  0.2435692E+03  0.2624156E+04 -0.4265922E+01 -0.2915286E+02  0.2866541E+00
   04  0.2450603E+03  0.2624159E+04 -0.4520473E+01 -0.2903009E+02  0.2899507E+00
   04  0.2465515E+03  0.2624162E+04 -0.4747910E+01 -0.2892771E+02  0.2934430E+00
   04  0.2480427E+03  0.2624166E+04 -0.4949464E+01 -0.2884034E+02  0.2970136E+00
   04  0.2495338E+03  0.2624170E+04 -0.5128862E+01 -0.2875980E+02  0.3004901E+00
   04  0.2510250E+03  0.2624173E+04 -0.5289584E+01 -0.2867684E+02  0.3036760E+00
   04  0.2525162E+03  0.2624175E+04 -0.5434937E+01 -0.2858315E+02  0.3064026E+00
   04  0.2540073E+03  0.2624178E+04 -0.5567360E+01 -0.2847289E+02  0.3085688E+00
   04  0.2554985E+03  0.2624179E+04 -0.5688296E+01 -0.2834282E+02  0.3101618E+00
   04  0.2569897E+03  0.2624180E+04 -0.5798721E+01 -0.2819125E+02  0.3112560E+00
   04  0.2584808E+03  0.2624181E+04 -0.5900132E+01 -0.2801641E+02  0.3119944E+00
   04  0.2599720E+03  0.2624182E+04 -0.5995601E+01 -0.2781536E+02  0.3125613E+00
   04  0.2614632E+03  0.2624182E+04 -0.6090468E+01 -0.2758406E+02  0.3131548E+00
   04  0.2629543E+03  0.2624183E+04 -0.6192188E+01 -0.2731850E+02  0.3139631E+00
   04  0.2644455E+03  0.2624184E+04 -0.6309209E+01 -0.2701654E+02  0.3151432E+00
   04  0.2659367E+03  0.2624186E+04 -0.6449204E+01 -0.2667966E+02  0.3168034E+00
   04  0.2674278E+03  0.2624188E+04 -0.6617331E+01 -0.2631421E+02  0.3189905E+00
   04  0.2689190E+03  0.2624191E+04 -0.6815144E+01 -0.2593116E+02  0.3216858E+00
   04  0.2704102E+03  0.2624194E+04 -0.7040522E+01 -0.2554453E+02  0.3248122E+00
   04  0.2719014E+03  0.2624197E+04 -0.7288515E+01 -0.2516861E+02  0.3282514E+00
   04  0.2733925E+03  0.2624201E+04 -0.7552638E+01 -0.2481503E+02  0.3318670E+00
   04  0.2748837E+03  0.2624205E+04 -0.7826032E+01 -0.2449043E+02  0.3355275E+00
   04  0.2763749E+03  0.2624208E+04 -0.8102384E+01 -0.2419573E+02  0.3391246E+00
   04  0.2778660E+03  0.2624212E+04 -0.8376664E+01 -0.2392676E+02  0.3425851E+00
   04  0.2793572E+03  0.2624215E+04 -0.8645361E+01 -0.2367621E+02  0.3458727E+00
   04  0.2808484E+03  0.2624218E+04 -0.8906433E+01 -0.2343562E+02  0.3489829E+00
   04  0.2823395E+03  0.2624221E+04 -0.9159212E+01 -0.2319714E+02  0.3519349E+00
   04  0.2838307E+03  0.2624224E+04 -0.9404334E+01 -0.2295441E+02  0.3547625E+00
   04  0.2853219E+03  0.2624227E+04 -0.9643581E+01 -0.2270290E+02  0.3575074E+00
   04  0.2868130E+03  0.2624229E+04 -0.9879582E+01 -0.2243969E+02  0.3602135E+00
   04  0.2883042E+03  0.2624232E+04 -0.1011532E+02 -0.2216317E+02  0.3629242E+00
   04  0.2897954E+03  0.2624235E+04 -0.1035352E+02 -0.2187256E+02  0.3656792E+00
   04  0.2912865E+03  0.2624238E+04 -0.1059601E+02 -0.2156766E+02  0.3685126E+00
   04  0.2927777E+03  0.2624240E+04 -0.1084334E+02 -0.2124859E+02  0.3714502E+00
   04  0.2942689E+03  0.2624244E+04 -0.1109464E+02 -0.2091569E+02  0.3745082E+00
   04  0.2957600E+03  0.2624247E+04 -0.1134792E+02 -0.2056950E+02  0.3776921E+00
   04  0.2972512E+03  0.2624250E+04 -0.1160067E+02 -0.2021071E+02  0.3809963E+00
   04  0.2987424E+03  0.2624253E+04 -0.1185050E+02 -0.1984026E+02  0.3844063E+00
   04  0.3002335E+03  0.2624257E+04 -0.1209563E+02 -0.1945933E+02  0.3879012E+00
   04  0.3017247E+03  0.2624260E+04 -0.1233516E+02 -0.1906936E+02  0.3914577E+00
   04  0.3032159E+03  0.2624264E+04 -0.1256905E+02 -0.1867194E+02  0.3950554E+00
   04  0.3047070E+03  0.2624268E+04 -0.1279792E+02 -0.1826864E+02  0.3986805E+00
   04  0.3061982E+03  0.2624271E+04 -0.1302279E+02 -0.1786069E+02  0.4023296E+00
   04  0.3076894E+03  0.2624275E+04 -0.1324480E+02 -0.1744872E+02  0.4060113E+00
   04  0.3091805E+03  0.2624279E+04 -0.1346508E+02 -0.1703241E+02  0.4097447E+00
   04  0.3106717E+03  0.2624283E+04 -0.1368466E+02 -0.1661032E+02  0.4135581E+00
   04  0.3121629E+03  0.2624286E+04 -0.1390443E+02 -0.1617981E+02  0.4174828E+00
   04  0.3136540E+03  0.2624291E+04 -0.1412519E+02 -0.1573709E+02  0.4215473E+00
   04  0.3151452E+03  0.2624295E+04 -0.1434766E+02 -0.1527764E+02  0.4257708E+00
   04  0.3165017E+03  0.2624299E+04 -0.1455270E+02 -0.1484144E+02  0.4297566E+00
   04  0.3178581E+03  0.2624303E+04 -0.1476044E+02 -0.1438392E+02  0.4338709E+00
   04  0.3192146E+03  0.2624307E+04 -0.1497159E+02 -0.1390246E+02  0.4380944E+00
   04  0.3205710E+03  0.2624311E+04 -0.1518672E+02 -0.1339557E+02  0.4423985E+00
   04  0.3219275E+03  0.2624316E+04 -0.1540614E+02 -0.1286332E+02  0.4467475E+00
   04  0.3232839E+03  0.2624320E+04 -0.1562979E+02 -0.1230740E+02  0.4511024E+00
   04  0.3246404E+03  0.2624324E+04 -0.1585708E+02 -0.1173115E+02  0.4554238E+00
   04  0.3259968E+03  0.2624329E+04 -0.1608690E+02 -0.1113930E+02  0.4596758E+00
   04  0.3273533E+03  0.2624333E+04 -0.1631770E+02 -0.1053762E+02  0.4638283E+00
   04  0.3287097E+03  0.2624337E+04 -0.1654762E+02 -0.9932410E+01  0.4678597E+00
   04  0.3300662E+03  0.2624341E+04 -0.1677463E+02 -0.9330027E+01  0.4717579E+00
   04  0.3314226E+03  0.2624345E+04 -0.1699675E+02 -0.8736383E+01  0.4755202E+00
   04  0.3327791E+03  0.2624348E+04 -0.1721219E+02 -0.8156505E+01  0.4791528E+00
   04  0.3341355E+03  0.2624352E+04 -0.1741956E+02 -0.7594166E+01  0.4826683E+00
   04  0.3354920E+03  0.2624355E+04 -0.1761796E+02 -0.7051609E+01  0.4860821E+00
   04  0.3368484E+03  0.2624358E+04 -0.1780711E+02 -0.6529404E+01  0.4894093E+00
   04  0.3382049E+03  0.2624362E+04 -0.1798741E+02 -0.6026437E+01  0.4926612E+00
   04  0.3395613E+03  0.2624365E+04 -0.1815990E+02 -0.5540066E+01  0.4958425E+00
   04  0.3409178E+03  0.2624368E+04 -0.1832624E+02 -0.5066425E+01  0.4989507E+00
   04  0.3422742E+03  0.2624371E+04 -0.1848861E+02 -0.4600873E+01  0.5019758E+00
   04  0.3436307E+03  0.2624374E+04 -0.1864952E+02 -0.4138513E+01  0.5049025E+00
   04  0.3449871E+03  0.2624377E+04 -0.1881165E+02 -0.3674724E+01  0.5077123E+00
   04  0.3463436E+03  0.2624379E+04 -0.1897763E+02 -0.3205605E+01  0.5103868E+00
   04  0.3477000E+03  0.2624382E+04 -0.1914992E+02 -0.2728285E+01  0.5129100E+00
   04  0.3490565E+03  0.2624384E+04 -0.1933063E+02 -0.2241046E+01  0.5152707E+00
   04  0.3504130E+03  0.2624386E+04 -0.1952140E+02 -0.1743287E+01  0.5174634E+00
   04  0.3517694E+03  0.2624389E+04 -0.1972339E+02 -0.1235343E+01  0.5194892E+00
   04  0.3531259E+03  0.2624390E+04 -0.1993713E+02 -0.7182370E+00  0.5213552E+00
   04  0.3544823E+03  0.2624392E+04 -0.2016261E+02 -0.1934160E+00  0.5230739E+00
   04  0.3558388E+03  0.2624394E+04 -0.2039922E+02  0.3374858E+00  0.5246624E+00
   04  0.3574665E+03  0.2624395E+04 -0.2069574E+02  0.9805311E+00  0.5264257E+00
   04  0.3590942E+03  0.2624397E+04 -0.2100430E+02  0.1627276E+01  0.5280681E+00
   04  0.3607220E+03  0.2624399E+04 -0.2132197E+02  0.2275380E+01  0.5296279E+00
   04  0.3623497E+03  0.2624400E+04 -0.2164601E+02  0.2922749E+01  0.5311399E+00
   04  0.3639775E+03  0.2624402E+04 -0.2197418E+02  0.3567405E+01  0.5326348E+00
   04  0.3656052E+03  0.2624403E+04 -0.2230508E+02  0.4207326E+01  0.5341375E+00
   04  0.3672329E+03  0.2624405E+04 -0.2263828E+02  0.4840316E+01  0.5356679E+00
   04  0.3688607E+03  0.2624406E+04 -0.2297401E+02  0.5463957E+01  0.5372430E+00
   04  0.3704884E+03  0.2624408E+04 -0.2331283E+02  0.6075669E+01  0.5388794E+00
   04  0.3721162E+03  0.2624410E+04 -0.2365523E+02  0.6672878E+01  0.5405946E+00
   04  0.3737439E+03  0.2624411E+04 -0.2400124E+02  0.7253261E+01  0.5424073E+00
   04  0.3753717E+03  0.2624413E+04 -0.2435002E+02  0.7815037E+01  0.5443368E+00
   04  0.3769994E+03  0.2624415E+04 -0.2469977E+02  0.8357232E+01  0.5464009E+00
   04  0.3786271E+03  0.2624418E+04 -0.2504795E+02  0.8879866E+01  0.5486130E+00
   04  0.3802549E+03  0.2624420E+04 -0.2539184E+02  0.9384016E+01  0.5509797E+00
   04  0.3818826E+03  0.2624423E+04 -0.2572913E+02  0.9871742E+01  0.5535000E+00
   04  0.3835104E+03  0.2624425E+04 -0.2605846E+02  0.1034590E+02  0.5561658E+00
   04  0.3851381E+03  0.2624428E+04 -0.2637971E+02  0.1080989E+02  0.5589649E+00
   04  0.3867658E+03  0.2624431E+04 -0.2669401E+02  0.1126741E+02  0.5618836E+00
   04  0.3883936E+03  0.2624434E+04 -0.2700363E+02  0.1172213E+02  0.5649098E+00
   04  0.3900213E+03  0.2624437E+04 -0.2731167E+02  0.1217743E+02  0.5680349E+00
   04  0.3916491E+03  0.2624440E+04 -0.2762154E+02  0.1263623E+02  0.5712546E+00
   04  0.3932768E+03  0.2624444E+04 -0.2793638E+02  0.1310083E+02  0.5745685E+00
   04  0.3949046E+03  0.2624447E+04 -0.2825850E+02  0.1357285E+02  0.5779781E+00
   04  0.3965323E+03  0.2624450E+04 -0.2858900E+02  0.1405331E+02  0.5814856E+00
   04  0.3981600E+03  0.2624454E+04 -0.2892757E+02  0.1454266E+02  0.5850911E+00
   04  0.3997878E+03  0.2624458E+04 -0.2927260E+02  0.1504088E+02  0.5887913E+00
   04  0.4014155E+03  0.2624462E+04 -0.2962143E+02  0.1554763E+02  0.5925783E+00
   04  0.4030433E+03  0.2624465E+04 -0.2997079E+02  0.1606241E+02  0.5964389E+00
   04  0.4046710E+03  0.2624469E+04 -0.3031725E+02  0.1658467E+02  0.6003550E+00
   04  0.4062987E+03  0.2624473E+04 -0.3065763E+02  0.1711404E+02  0.6043048E+00
   04  0.4079265E+03  0.2624477E+04 -0.3098933E+02  0.1765043E+02  0.6082647E+00
   04  0.4095542E+03  0.2624481E+04 -0.3131060E+02  0.1819410E+02  0.6122111E+00
   04  0.4111820E+03  0.2624485E+04 -0.3162059E+02  0.1874564E+02  0.6161239E+00
   04  0.4128097E+03  0.2624489E+04 -0.3191936E+02  0.1930590E+02  0.6199878E+00
   04  0.4144375E+03  0.2624493E+04 -0.3220776E+02  0.1987575E+02  0.6237949E+00
   04  0.4160652E+03  0.2624497E+04 -0.3248722E+02  0.2045589E+02  0.6275450E+00
   04  0.4176929E+03  0.2624500E+04 -0.3275948E+02  0.2104673E+02  0.6312450E+00
   04  0.4193207E+03  0.2624504E+04 -0.3302627E+02  0.2164821E+02  0.6349079E+00
   04  0.4209484E+03  0.2624508E+04 -0.3328898E+02  0.2225990E+02  0.6385491E+00
   04  0.4225762E+03  0.2624511E+04 -0.3354849E+02  0.2288109E+02  0.6421843E+00
   04  0.4242039E+03  0.2624515E+04 -0.3380501E+02  0.2351091E+02  0.6458265E+00
   04  0.4258316E+03  0.2624518E+04 -0.3405811E+02  0.2414858E+02  0.6494838E+00
   04  0.4274594E+03  0.2624522E+04 -0.3430685E+02  0.2479350E+02  0.6531590E+00
   04  0.4290871E+03  0.2624526E+04 -0.3455001E+02  0.2544534E+02  0.6568494E+00
   04  0.4307149E+03  0.2624530E+04 -0.3478624E+02  0.2610405E+02  0.6605479E+00
   04  0.4323426E+03  0.2624533E+04 -0.3501430E+02  0.2676973E+02  0.6642443E+00
   04  0.4339704E+03  0.2624537E+04 -0.3523316E+02  0.2744258E+02  0.6679268E+00
   04  0.4355981E+03  0.2624541E+04 -0.3544207E+02  0.2812272E+02  0.6715834E+00
   04  0.4372258E+03  0.2624544E+04 -0.3564049E+02  0.2881012E+02  0.6752024E+00
   04  0.4388536E+03  0.2624548E+04 -0.3582810E+02  0.2950447E+02  0.6787732E+00
   04  0.4404813E+03  0.2624551E+04 -0.3600478E+02  0.3020522E+02  0.6822861E+00
   04  0.4421091E+03  0.2624555E+04 -0.3617053E+02  0.3091153E+02  0.6857331E+00
   04  0.4437368E+03  0.2624558E+04 -0.3632555E+02  0.3162236E+02  0.6891076E+00
   04  0.4453645E+03  0.2624561E+04 -0.3647022E+02  0.3233649E+02  0.6924049E+00
   04  0.4469923E+03  0.2624565E+04 -0.3660517E+02  0.3305266E+02  0.6956228E+00
   04  0.4486200E+03  0.2624568E+04 -0.3673120E+02  0.3376960E+02  0.6987619E+00
   04  0.4502478E+03  0.2624571E+04 -0.3684925E+02  0.3448608E+02  0.7018249E+00
   04  0.4518755E+03  0.2624574E+04 -0.3696032E+02  0.3520100E+02  0.7048168E+00
   04  0.4535033E+03  0.2624577E+04 -0.3706532E+02  0.3591334E+02  0.7077439E+00
   04  0.4551310E+03  0.2624580E+04 -0.3716495E+02  0.3662213E+02  0.7106135E+00
   04  0.4567587E+03  0.2624582E+04 -0.3725970E+02  0.3732638E+02  0.7134327E+00
   04  0.4583865E+03  0.2624585E+04 -0.3734977E+02  0.3802503E+02  0.7162084E+00
   04  0.4600142E+03  0.2624588E+04 -0.3743512E+02  0.3871680E+02  0.7189464E+00
   04  0.4616420E+03  0.2624591E+04 -0.3751550E+02  0.3940021E+02  0.7216516E+00
   04  0.4632697E+03  0.2624593E+04 -0.3759056E+02  0.4007354E+02  0.7243274E+00
   04  0.4648974E+03  0.2624596E+04 -0.3765991E+02  0.4073491E+02  0.7269761E+00
   04  0.4665252E+03  0.2624599E+04 -0.3772316E+02  0.4138237E+02  0.7295986E+00
   04  0.4681529E+03  0.2624601E+04 -0.3777996E+02  0.4201409E+02  0.7321951E+00
   04  0.4697807E+03  0.2624604E+04 -0.3783006E+02  0.4262846E+02  0.7347652E+00
   04  0.4714084E+03  0.2624606E+04 -0.3787324E+02  0.4322429E+02  0.7373089E+00
   04  0.4730362E+03  0.2624609E+04 -0.3790942E+02  0.4380093E+02  0.7398262E+00
   04  0.4746639E+03  0.2624611E+04 -0.3793861E+02  0.4435831E+02  0.7423189E+00
   04  0.4762916E+03  0.2624614E+04 -0.3796106E+02  0.4489696E+02  0.7447900E+00
   04  0.4779194E+03  0.2624616E+04 -0.3797727E+02  0.4541794E+02  0.7472443E+00
   04  0.4795471E+03  0.2624619E+04 -0.3798811E+02  0.4592272E+02  0.7496884E+00
   04  0.4811749E+03  0.2624621E+04 -0.3799485E+02  0.4641305E+02  0.7521306E+00
   04  0.4828026E+03  0.2624624E+04 -0.3799920E+02  0.4689077E+02  0.7545804E+00
   04  0.4844303E+03  0.2624626E+04 -0.3800324E+02  0.4735762E+02  0.7570479E+00
   04  0.4860581E+03  0.2624629E+04 -0.3800939E+02  0.4781511E+02  0.7595431E+00
   04  0.4876858E+03  0.2624631E+04 -0.3802024E+02  0.4826434E+02  0.7620757E+00
   04  0.4893136E+03  0.2624634E+04 -0.3803836E+02  0.4870591E+02  0.7646540E+00
   04  0.4909413E+03  0.2624636E+04 -0.3806612E+02  0.4913991E+02  0.7672857E+00
   04  0.4925691E+03  0.2624639E+04 -0.3810549E+02  0.4956589E+02  0.7699769E+00
   04  0.4941968E+03  0.2624642E+04 -0.3815787E+02  0.4998291E+02  0.7727332E+00
   04  0.4958245E+03  0.2624645E+04 -0.3822398E+02  0.5038964E+02  0.7755589E+00
   04  0.4974523E+03  0.2624647E+04 -0.3830376E+02  0.5078446E+02  0.7784581E+00
   04  0.4990800E+03  0.2624650E+04 -0.3839643E+02  0.5116552E+02  0.7814343E+00
   04  0.5007078E+03  0.2624654E+04 -0.3850050E+02  0.5153091E+02  0.7844911E+00
   04  0.5023355E+03  0.2624657E+04 -0.3861394E+02  0.5187872E+02  0.7876323E+00
   04  0.5039632E+03  0.2624660E+04 -0.3873438E+02  0.5220713E+02  0.7908626E+00
   04  0.5055910E+03  0.2624663E+04 -0.3885931E+02  0.5251441E+02  0.7941873E+00
   04  0.5072187E+03  0.2624667E+04 -0.3898631E+02  0.5279904E+02  0.7976131E+00
   04  0.5088465E+03  0.2624670E+04 -0.3911326E+02  0.5305965E+02  0.8011477E+00
   04  0.5104742E+03  0.2624674E+04 -0.3923845E+02  0.5329508E+02  0.8047998E+00
   04  0.5121020E+03  0.2624678E+04 -0.3936070E+02  0.5350435E+02  0.8085785E+00
   04  0.5137297E+03  0.2624682E+04 -0.3947935E+02  0.5368664E+02  0.8124924E+00
   04  0.5153574E+03  0.2624686E+04 -0.3959425E+02  0.5384134E+02  0.8165493E+00
   04  0.5169852E+03  0.2624690E+04 -0.3970567E+02  0.5396796E+02  0.8207548E+00
   04  0.5186129E+03  0.2624694E+04 -0.3981420E+02  0.5406616E+02  0.8251123E+00
   04  0.5202407E+03  0.2624699E+04 -0.3992069E+02  0.5413571E+02  0.8296223E+00
   04  0.5218684E+03  0.2624703E+04 -0.4002614E+02  0.5417647E+02  0.8342827E+00
   04  0.5234961E+03  0.2624708E+04 -0.4013165E+02  0.5418841E+02  0.8390892E+00
   04  0.5251239E+03  0.2624713E+04 -0.4023841E+02  0.5417157E+02  0.8440350E+00
   04  0.5267516E+03  0.2624718E+04 -0.4034765E+02  0.5412615E+02  0.8491120E+00
   04  0.5283794E+03  0.2624723E+04 -0.4046069E+02  0.5405250E+02  0.8543103E+00
   04  0.5300071E+03  0.2624729E+04 -0.4057884E+02  0.5395121E+02  0.8596186E+00
   04  0.5316349E+03  0.2624734E+04 -0.4070338E+02  0.5382322E+02  0.8650241E+00
   04  0.5332626E+03  0.2624740E+04 -0.4083551E+02  0.5366991E+02  0.8705118E+00
   04  0.5348903E+03  0.2624745E+04 -0.4097620E+02  0.5349320E+02  0.8760643E+00
   04  0.5365181E+03  0.2624751E+04 -0.4112612E+02  0.5329565E+02  0.8816616E+00
   04  0.5381458E+03  0.2624756E+04 -0.4128559E+02  0.5308053E+02  0.8872808E+00
   04  0.5397736E+03  0.2624762E+04 -0.4145448E+02  0.5285175E+02  0.8928961E+00
   04  0.5414013E+03  0.2624767E+04 -0.4163225E+02  0.5261384E+02  0.8984791E+00
   04  0.5430290E+03  0.2624773E+04 -0.4181798E+02  0.5237178E+02  0.9039994E+00
   04  0.5446568E+03  0.2624778E+04 -0.4201048E+02  0.5213085E+02  0.9094254E+00
   04  0.5462845E+03  0.2624784E+04 -0.4220832E+02  0.5189640E+02  0.9147254E+00
   04  0.5479123E+03  0.2624789E+04 -0.4241003E+02  0.5167363E+02  0.9198688E+00
   04  0.5495400E+03  0.2624794E+04 -0.4261411E+02  0.5146737E+02  0.9248274E+00
   04  0.5511678E+03  0.2624799E+04 -0.4281921E+02  0.5128186E+02  0.9295766E+00
   04  0.5527955E+03  0.2624803E+04 -0.4302416E+02  0.5112057E+02  0.9340960E+00
   04  0.5544232E+03  0.2624807E+04 -0.4322807E+02  0.5098609E+02  0.9383710E+00
   04  0.5560510E+03  0.2624811E+04 -0.4343034E+02  0.5087999E+02  0.9423925E+00
   04  0.5576787E+03  0.2624815E+04 -0.4363066E+02  0.5080284E+02  0.9461571E+00
   04  0.5593065E+03  0.2624819E+04 -0.4382896E+02  0.5075426E+02  0.9496674E+00
   04  0.5609342E+03  0.2624822E+04 -0.4402535E+02  0.5073303E+02  0.9529308E+00
   04  0.5625619E+03  0.2624825E+04 -0.4422000E+02  0.5073726E+02  0.9559590E+00
   04  0.5641897E+03  0.2624828E+04 -0.4441309E+02  0.5076455E+02  0.9587669E+00
   04  0.5658174E+03  0.2624830E+04 -0.4460471E+02  0.5081227E+02  0.9613717E+00
   04  0.5674452E+03  0.2624833E+04 -0.4479482E+02  0.5087765E+02  0.9637914E+00
   04  0.5690729E+03  0.2624835E+04 -0.4498321E+02  0.5095807E+02  0.9660443E+00
   04  0.5707007E+03  0.2624837E+04 -0.4516950E+02  0.5105108E+02  0.9681478E+00
   04  0.5723284E+03  0.2624839E+04 -0.4535312E+02  0.5115460E+02  0.9701182E+00
   04  0.5739561E+03  0.2624841E+04 -0.4553337E+02  0.5126689E+02  0.9719704E+00
   04  0.5755839E+03  0.2624843E+04 -0.4570939E+02  0.5138664E+02  0.9737172E+00
   04  0.5772116E+03  0.2624844E+04 -0.4588020E+02  0.5151287E+02  0.9753702E+00
   04  0.5788394E+03  0.2624846E+04 -0.4604477E+02  0.5164488E+02  0.9769391E+00
   04  0.5804671E+03  0.2624847E+04 -0.4620203E+02  0.5178213E+02  0.9784320E+00
   04  0.5820948E+03  0.2624849E+04 -0.4635096E+02  0.5192409E+02  0.9798555E+00
   04  0.5837226E+03  0.2624850E+04 -0.4649061E+02  0.5207010E+02  0.9812149E+00
   04  0.5853503E+03  0.2624852E+04 -0.4662020E+02  0.5221922E+02  0.9825146E+00
   04  0.5869781E+03  0.2624853E+04 -0.4673912E+02  0.5237019E+02  0.9837581E+00
   04  0.5886058E+03  0.2624854E+04 -0.4684700E+02  0.5252132E+02  0.9849494E+00
   04  0.5902336E+03  0.2624855E+04 -0.4694372E+02  0.5267055E+02  0.9860933E+00
   04  0.5918613E+03  0.2624856E+04 -0.4702939E+02  0.5281546E+02  0.9871963E+00
   04  0.5934890E+03  0.2624857E+04 -0.4710437E+02  0.5295340E+02  0.9882677E+00
   04  0.5951168E+03  0.2624858E+04 -0.4716923E+02  0.5308157E+02  0.9893202E+00
   04  0.5967445E+03  0.2624859E+04 -0.4722468E+02  0.5319714E+02  0.9903699E+00
   04  0.5983723E+03  0.2624860E+04 -0.4727153E+02  0.5329734E+02  0.9914373E+00
