# gauge_id= 204 location=( -0.1242016000E+03  0.4175375000E+02 ) num_var=  4
# Stationary gauge
# level, time, q[  1  2  3], eta, aux[]
# file format ascii, time series follow in this file
   04  0.0000000E+00  0.8281430E+01  0.0000000E+00  0.0000000E+00  0.0000000E+00
   04  0.1000000E+01  0.8281430E+01 -0.1137672E-15 -0.9301014E-16  0.5211679E-01
   04  0.1015873E+01  0.8281431E+01  0.4379639E-03  0.5222691E-05  0.5211769E-01
   04  0.1031746E+01  0.8281432E+01  0.8759683E-03  0.1044667E-04  0.5211860E-01
   04  0.1047619E+01  0.8281433E+01  0.1314013E-02  0.1567192E-04  0.5211953E-01
   04  0.1063492E+01  0.8281434E+01  0.1752098E-02  0.2089846E-04  0.5212046E-01
   04  0.1079365E+01  0.8281435E+01  0.2190224E-02  0.2612627E-04  0.5212142E-01
   04  0.1095238E+01  0.8281436E+01  0.2628390E-02  0.3135535E-04  0.5212238E-01
   04  0.1111111E+01  0.8281437E+01  0.3066596E-02  0.3658571E-04  0.5212336E-01
   04  0.1126984E+01  0.8281438E+01  0.3504843E-02  0.4181733E-04  0.5212435E-01
   04  0.1142857E+01  0.8281439E+01  0.3943130E-02  0.4705022E-04  0.5212536E-01
   04  0.1158730E+01  0.8281440E+01  0.4381457E-02  0.5228437E-04  0.5212637E-01
   04  0.1174603E+01  0.8281441E+01  0.4819824E-02  0.5751978E-04  0.5212741E-01
   04  0.1190476E+01  0.8281442E+01  0.5258232E-02  0.6275644E-04  0.5212845E-01
   04  0.1206349E+01  0.8281443E+01  0.5696680E-02  0.6799436E-04  0.5212951E-01
   04  0.1222222E+01  0.8281444E+01  0.6135168E-02  0.7323354E-04  0.5213058E-01
   04  0.1238095E+01  0.8281445E+01  0.6573697E-02  0.7847396E-04  0.5213167E-01
   04  0.1253968E+01  0.8281446E+01  0.7012266E-02  0.8371562E-04  0.5213276E-01
   04  0.1269841E+01  0.8281447E+01  0.7450874E-02  0.8895853E-04  0.5213387E-01
   04  0.1285714E+01  0.8281448E+01  0.7889523E-02  0.9420268E-04  0.5213500E-01
   04  0.1301587E+01  0.8281450E+01  0.8328213E-02  0.9944807E-04  0.5213614E-01
   04  0.1317460E+01  0.8281451E+01  0.8766942E-02  0.1046947E-03  0.5213729E-01
   04  0.1333333E+01  0.8281452E+01  0.9205711E-02  0.1099425E-03  0.5213845E-01
   04  0.1349206E+01  0.8281453E+01  0.9644521E-02  0.1151916E-03  0.5213963E-01
   04  0.1365079E+01  0.8281454E+01  0.1008337E-01  0.1204419E-03  0.5214082E-01
   04  0.1380952E+01  0.8281455E+01  0.1052226E-01  0.1256934E-03  0.5214203E-01
   04  0.1396825E+01  0.8281457E+01  0.1096119E-01  0.1309462E-03  0.5214324E-01
   04  0.1412698E+01  0.8281458E+01  0.1140016E-01  0.1362001E-03  0.5214447E-01
   04  0.1428571E+01  0.8281459E+01  0.1183917E-01  0.1414553E-03  0.5214572E-01
   04  0.1476190E+01  0.8281463E+01  0.1315630E-01  0.1572457E-03  0.5214951E-01
   04  0.1523810E+01  0.8281467E+01  0.1447380E-01  0.1730467E-03  0.5215342E-01
   04  0.1571429E+01  0.8281471E+01  0.1579165E-01  0.1888584E-03  0.5215745E-01
   04  0.1619048E+01  0.8281475E+01  0.1710987E-01  0.2046805E-03  0.5216160E-01
   04  0.1666667E+01  0.8281479E+01  0.1842844E-01  0.2205131E-03  0.5216587E-01
   04  0.1714286E+01  0.8281484E+01  0.1974737E-01  0.2363560E-03  0.5217025E-01
   04  0.1761905E+01  0.8281488E+01  0.2106665E-01  0.2522092E-03  0.5217476E-01
   04  0.1809524E+01  0.8281493E+01  0.2238630E-01  0.2680725E-03  0.5217938E-01
   04  0.1857143E+01  0.8281498E+01  0.2370630E-01  0.2839458E-03  0.5218412E-01
   04  0.1904762E+01  0.8281502E+01  0.2502665E-01  0.2998290E-03  0.5218898E-01
   04  0.1952381E+01  0.8281507E+01  0.2634736E-01  0.3157220E-03  0.5219396E-01
   04  0.2000000E+01  0.8281512E+01  0.2766842E-01  0.3316247E-03  0.5219906E-01
   04  0.5727919E+01  0.8282104E+01  0.1309863E+00  0.1696928E-02  0.5279020E-01
   04  0.9455838E+01  0.8283371E+01  0.2363521E+00  0.3002424E-02  0.5405733E-01
   04  0.1318376E+02  0.8285259E+01  0.3434013E+00  0.4111490E-02  0.5594520E-01
   04  0.1691168E+02  0.8287724E+01  0.4516828E+00  0.4991254E-02  0.5841081E-01
   04  0.2063960E+02  0.8290692E+01  0.5606747E+00  0.5671939E-02  0.6137847E-01
   04  0.2436752E+02  0.8294097E+01  0.6698122E+00  0.6054400E-02  0.6478345E-01
   04  0.2809543E+02  0.8297877E+01  0.7785165E+00  0.5982669E-02  0.6856374E-01
   04  0.3182335E+02  0.8301965E+01  0.8862272E+00  0.5376325E-02  0.7265153E-01
   04  0.3555127E+02  0.8306293E+01  0.9924117E+00  0.4178174E-02  0.7697915E-01
   04  0.3927919E+02  0.8310794E+01  0.1096570E+01  0.2346409E-02  0.8148050E-01
   04  0.4300711E+02  0.8315406E+01  0.1198246E+01 -0.1529182E-03  0.8609230E-01
   04  0.4487107E+02  0.8317760E+01  0.1248005E+01 -0.1568216E-02  0.8844630E-01
   04  0.4673503E+02  0.8320109E+01  0.1296946E+01 -0.3199438E-02  0.9079545E-01
   04  0.4839188E+02  0.8322191E+01  0.1339726E+01 -0.4812584E-02  0.9287749E-01
   04  0.5004874E+02  0.8324249E+01  0.1381674E+01 -0.6586841E-02  0.9493538E-01
   04  0.5170559E+02  0.8326250E+01  0.1422458E+01 -0.8515813E-02  0.9693682E-01
   04  0.5336244E+02  0.8328196E+01  0.1462095E+01 -0.1059205E-01  0.9888241E-01
   04  0.5501930E+02  0.8330086E+01  0.1500601E+01 -0.1280507E-01  0.1007728E+00
   04  0.5667615E+02  0.8331934E+01  0.1537993E+01 -0.1524409E-01  0.1026203E+00
   04  0.5833300E+02  0.8333746E+01  0.1574287E+01 -0.1795670E-01  0.1044322E+00
   04  0.5998985E+02  0.8335521E+01  0.1609496E+01 -0.2092385E-01  0.1062078E+00
   04  0.6164671E+02  0.8337260E+01  0.1643635E+01 -0.2412697E-01  0.1079463E+00
   04  0.6330356E+02  0.8338961E+01  0.1676716E+01 -0.2754798E-01  0.1096473E+00
   04  0.6496041E+02  0.8340624E+01  0.1708752E+01 -0.3116934E-01  0.1113104E+00
   04  0.6661727E+02  0.8342248E+01  0.1739755E+01 -0.3497400E-01  0.1129349E+00
   04  0.6827412E+02  0.8343834E+01  0.1769738E+01 -0.3894560E-01  0.1145206E+00
   04  0.6993097E+02  0.8345380E+01  0.1798713E+01 -0.4306832E-01  0.1160669E+00
   04  0.7158783E+02  0.8346887E+01  0.1826692E+01 -0.4732701E-01  0.1175734E+00
   04  0.7324468E+02  0.8348353E+01  0.1853684E+01 -0.5170715E-01  0.1190397E+00
   04  0.7490153E+02  0.8349779E+01  0.1879702E+01 -0.5619487E-01  0.1204652E+00
   04  0.7655838E+02  0.8351163E+01  0.1904755E+01 -0.6077694E-01  0.1218496E+00
   04  0.7821524E+02  0.8352506E+01  0.1928853E+01 -0.6544101E-01  0.1231921E+00
   04  0.7987209E+02  0.8353806E+01  0.1952006E+01 -0.7017555E-01  0.1244925E+00
   04  0.8152894E+02  0.8355064E+01  0.1974225E+01 -0.7496972E-01  0.1257503E+00
   04  0.8318580E+02  0.8356278E+01  0.1995520E+01 -0.7981340E-01  0.1269651E+00
   04  0.8484265E+02  0.8357450E+01  0.2015903E+01 -0.8469712E-01  0.1281366E+00
   04  0.8649950E+02  0.8358578E+01  0.2035382E+01 -0.8961202E-01  0.1292646E+00
   04  0.8815636E+02  0.8359662E+01  0.2053971E+01 -0.9454979E-01  0.1303488E+00
   04  0.8981321E+02  0.8360702E+01  0.2071680E+01 -0.9951020E-01  0.1313884E+00
   04  0.9147006E+02  0.8361695E+01  0.2088519E+01 -0.1045007E+00  0.1323818E+00
   04  0.9445240E+02  0.8363398E+01  0.2117147E+01 -0.1137359E+00  0.1340843E+00
   04  0.9743473E+02  0.8364948E+01  0.2143044E+01 -0.1229901E+00  0.1356350E+00
   04  0.1004171E+03  0.8366349E+01  0.2166283E+01 -0.1322355E+00  0.1370355E+00
   04  0.1033994E+03  0.8367600E+01  0.2186916E+01 -0.1414438E+00  0.1382862E+00
   04  0.1063817E+03  0.8368688E+01  0.2204862E+01 -0.1505708E+00  0.1393750E+00
   04  0.1093641E+03  0.8369623E+01  0.2220271E+01 -0.1595771E+00  0.1403097E+00
   04  0.1123464E+03  0.8370524E+01  0.2234387E+01 -0.1684274E+00  0.1412104E+00
   04  0.1153287E+03  0.8371386E+01  0.2247268E+01 -0.1770881E+00  0.1420729E+00
   04  0.1183111E+03  0.8372207E+01  0.2258980E+01 -0.1855139E+00  0.1428933E+00
   04  0.1212934E+03  0.8372979E+01  0.2269580E+01 -0.1936639E+00  0.1436659E+00
   04  0.1242758E+03  0.8373700E+01  0.2279094E+01 -0.2015139E+00  0.1443862E+00
   04  0.1272581E+03  0.8374364E+01  0.2287528E+01 -0.2090521E+00  0.1450502E+00
   04  0.1302404E+03  0.8374968E+01  0.2294887E+01 -0.2162661E+00  0.1456541E+00
   04  0.1332228E+03  0.8375508E+01  0.2301175E+01 -0.2231439E+00  0.1461942E+00
   04  0.1362051E+03  0.8375967E+01  0.2306385E+01 -0.2297853E+00  0.1466536E+00
   04  0.1391874E+03  0.8376325E+01  0.2310508E+01 -0.2363326E+00  0.1470114E+00
   04  0.1421698E+03  0.8376582E+01  0.2313538E+01 -0.2427522E+00  0.1472688E+00
   04  0.1451521E+03  0.8376740E+01  0.2315474E+01 -0.2490142E+00  0.1474268E+00
   04  0.1481344E+03  0.8376800E+01  0.2316317E+01 -0.2550886E+00  0.1474864E+00
   04  0.1511168E+03  0.8376760E+01  0.2316089E+01 -0.2609535E+00  0.1474469E+00
   04  0.1540991E+03  0.8376623E+01  0.2314801E+01 -0.2665834E+00  0.1473097E+00
   04  0.1570814E+03  0.8376390E+01  0.2312463E+01 -0.2719573E+00  0.1470765E+00
   04  0.1600638E+03  0.8376062E+01  0.2309094E+01 -0.2770510E+00  0.1467490E+00
   04  0.1630461E+03  0.8375643E+01  0.2304721E+01 -0.2818425E+00  0.1463297E+00
   04  0.1660284E+03  0.8375135E+01  0.2299401E+01 -0.2862999E+00  0.1458213E+00
   04  0.1690108E+03  0.8374540E+01  0.2293180E+01 -0.2904030E+00  0.1452263E+00
   04  0.1719931E+03  0.8373861E+01  0.2286104E+01 -0.2941703E+00  0.1445477E+00
   04  0.1749755E+03  0.8373107E+01  0.2278266E+01 -0.2976014E+00  0.1437937E+00
   04  0.1779578E+03  0.8372285E+01  0.2269734E+01 -0.3007102E+00  0.1429712E+00
   04  0.1809401E+03  0.8371392E+01  0.2260467E+01 -0.3035170E+00  0.1420786E+00
   04  0.1824313E+03  0.8370915E+01  0.2255569E+01 -0.3047950E+00  0.1416018E+00
   04  0.1839225E+03  0.8370422E+01  0.2250500E+01 -0.3060033E+00  0.1411090E+00
   04  0.1854136E+03  0.8369914E+01  0.2245263E+01 -0.3071442E+00  0.1406009E+00
   04  0.1869048E+03  0.8369392E+01  0.2239865E+01 -0.3082194E+00  0.1400782E+00
   04  0.1883960E+03  0.8368855E+01  0.2234310E+01 -0.3092305E+00  0.1395415E+00
   04  0.1898871E+03  0.8368305E+01  0.2228605E+01 -0.3101789E+00  0.1389915E+00
   04  0.1913783E+03  0.8367742E+01  0.2222756E+01 -0.3110657E+00  0.1384289E+00
   04  0.1928695E+03  0.8367168E+01  0.2216769E+01 -0.3118921E+00  0.1378543E+00
   04  0.1943606E+03  0.8366582E+01  0.2210650E+01 -0.3126593E+00  0.1372685E+00
   04  0.1958518E+03  0.8365986E+01  0.2204406E+01 -0.3133682E+00  0.1366722E+00
   04  0.1973430E+03  0.8365380E+01  0.2198046E+01 -0.3140198E+00  0.1360662E+00
   04  0.1988341E+03  0.8364765E+01  0.2191578E+01 -0.3146146E+00  0.1354513E+00
   04  0.2003253E+03  0.8364142E+01  0.2185010E+01 -0.3151532E+00  0.1348283E+00
   04  0.2018165E+03  0.8363511E+01  0.2178350E+01 -0.3156359E+00  0.1341979E+00
   04  0.2033076E+03  0.8362874E+01  0.2171608E+01 -0.3160632E+00  0.1335610E+00
   04  0.2047988E+03  0.8362232E+01  0.2164790E+01 -0.3164351E+00  0.1329183E+00
   04  0.2062900E+03  0.8361584E+01  0.2157907E+01 -0.3167519E+00  0.1322705E+00
   04  0.2077811E+03  0.8360932E+01  0.2150966E+01 -0.3170136E+00  0.1316185E+00
   04  0.2092723E+03  0.8360276E+01  0.2143977E+01 -0.3172202E+00  0.1309629E+00
   04  0.2107635E+03  0.8359618E+01  0.2136946E+01 -0.3173719E+00  0.1303044E+00
   04  0.2122546E+03  0.8358958E+01  0.2129881E+01 -0.3174684E+00  0.1296441E+00
   04  0.2137458E+03  0.8358296E+01  0.2122790E+01 -0.3175100E+00  0.1289827E+00
   04  0.2152370E+03  0.8357634E+01  0.2115681E+01 -0.3174963E+00  0.1283206E+00
   04  0.2167281E+03  0.8356972E+01  0.2108563E+01 -0.3174273E+00  0.1276584E+00
   04  0.2182193E+03  0.8356310E+01  0.2101446E+01 -0.3173027E+00  0.1269966E+00
   04  0.2197105E+03  0.8355649E+01  0.2094337E+01 -0.3171223E+00  0.1263358E+00
   04  0.2212017E+03  0.8354990E+01  0.2087246E+01 -0.3168857E+00  0.1256764E+00
   04  0.2226928E+03  0.8354332E+01  0.2080180E+01 -0.3165925E+00  0.1250188E+00
   04  0.2241840E+03  0.8353677E+01  0.2073147E+01 -0.3162424E+00  0.1243635E+00
   04  0.2256752E+03  0.8353024E+01  0.2066156E+01 -0.3158349E+00  0.1237108E+00
   04  0.2271663E+03  0.8352375E+01  0.2059212E+01 -0.3153695E+00  0.1230615E+00
   04  0.2286575E+03  0.8351729E+01  0.2052320E+01 -0.3148457E+00  0.1224160E+00
   04  0.2301487E+03  0.8351088E+01  0.2045486E+01 -0.3142629E+00  0.1217748E+00
   04  0.2316398E+03  0.8350453E+01  0.2038718E+01 -0.3136323E+00  0.1211398E+00
   04  0.2331310E+03  0.8349829E+01  0.2032021E+01 -0.3129855E+00  0.1205155E+00
   04  0.2346222E+03  0.8349216E+01  0.2025402E+01 -0.3123220E+00  0.1199022E+00
   04  0.2361133E+03  0.8348614E+01  0.2018866E+01 -0.3116416E+00  0.1193003E+00
   04  0.2376045E+03  0.8348023E+01  0.2012419E+01 -0.3109440E+00  0.1187101E+00
   04  0.2390957E+03  0.8347445E+01  0.2006067E+01 -0.3102290E+00  0.1181318E+00
   04  0.2405868E+03  0.8346879E+01  0.1999815E+01 -0.3094962E+00  0.1175656E+00
   04  0.2420780E+03  0.8346325E+01  0.1993666E+01 -0.3087471E+00  0.1170116E+00
   04  0.2435692E+03  0.8345783E+01  0.1987626E+01 -0.3079820E+00  0.1164700E+00
   04  0.2450603E+03  0.8345254E+01  0.1981696E+01 -0.3072048E+00  0.1159409E+00
   04  0.2465515E+03  0.8344738E+01  0.1975882E+01 -0.3064169E+00  0.1154245E+00
   04  0.2480427E+03  0.8344234E+01  0.1970187E+01 -0.3056166E+00  0.1149210E+00
   04  0.2495338E+03  0.8343744E+01  0.1964616E+01 -0.3048030E+00  0.1144303E+00
   04  0.2510250E+03  0.8343266E+01  0.1959173E+01 -0.3039752E+00  0.1139526E+00
   04  0.2525162E+03  0.8342801E+01  0.1953862E+01 -0.3031327E+00  0.1134880E+00
   04  0.2540073E+03  0.8342350E+01  0.1948685E+01 -0.3022752E+00  0.1130363E+00
   04  0.2554985E+03  0.8341911E+01  0.1943645E+01 -0.3014026E+00  0.1125976E+00
   04  0.2569897E+03  0.8341485E+01  0.1938745E+01 -0.3005145E+00  0.1121718E+00
   04  0.2584808E+03  0.8341072E+01  0.1933988E+01 -0.2996108E+00  0.1117588E+00
   04  0.2599720E+03  0.8340672E+01  0.1929374E+01 -0.2986910E+00  0.1113585E+00
   04  0.2614632E+03  0.8340284E+01  0.1924907E+01 -0.2977544E+00  0.1109707E+00
   04  0.2629543E+03  0.8339909E+01  0.1920592E+01 -0.2967995E+00  0.1105952E+00
   04  0.2644455E+03  0.8339545E+01  0.1916430E+01 -0.2958257E+00  0.1102318E+00
   04  0.2659367E+03  0.8339194E+01  0.1912424E+01 -0.2948328E+00  0.1098805E+00
   04  0.2674278E+03  0.8338854E+01  0.1908572E+01 -0.2938206E+00  0.1095409E+00
   04  0.2689190E+03  0.8338526E+01  0.1904874E+01 -0.2927888E+00  0.1092129E+00
   04  0.2704102E+03  0.8338210E+01  0.1901331E+01 -0.2917374E+00  0.1088963E+00
   04  0.2719014E+03  0.8337904E+01  0.1897942E+01 -0.2906661E+00  0.1085909E+00
   04  0.2733925E+03  0.8337610E+01  0.1894706E+01 -0.2895749E+00  0.1082963E+00
   04  0.2748837E+03  0.8337326E+01  0.1891623E+01 -0.2884637E+00  0.1080124E+00
   04  0.2763749E+03  0.8337052E+01  0.1888691E+01 -0.2873325E+00  0.1077389E+00
   04  0.2778660E+03  0.8336789E+01  0.1885909E+01 -0.2861810E+00  0.1074756E+00
   04  0.2793572E+03  0.8336535E+01  0.1883276E+01 -0.2850094E+00  0.1072220E+00
   04  0.2808484E+03  0.8336291E+01  0.1880792E+01 -0.2838176E+00  0.1069781E+00
   04  0.2823395E+03  0.8336057E+01  0.1878453E+01 -0.2826056E+00  0.1067434E+00
   04  0.2838307E+03  0.8335831E+01  0.1876258E+01 -0.2813733E+00  0.1065177E+00
   04  0.2853219E+03  0.8335614E+01  0.1874206E+01 -0.2801189E+00  0.1063007E+00
   04  0.2868130E+03  0.8335405E+01  0.1872295E+01 -0.2788428E+00  0.1060921E+00
   04  0.2883042E+03  0.8335205E+01  0.1870524E+01 -0.2775449E+00  0.1058915E+00
   04  0.2897954E+03  0.8335012E+01  0.1868889E+01 -0.2762254E+00  0.1056988E+00
   04  0.2912865E+03  0.8334827E+01  0.1867390E+01 -0.2748844E+00  0.1055135E+00
   04  0.2927777E+03  0.8334649E+01  0.1866023E+01 -0.2735219E+00  0.1053354E+00
   04  0.2942689E+03  0.8334477E+01  0.1864787E+01 -0.2721448E+00  0.1051635E+00
   04  0.2957600E+03  0.8334311E+01  0.1863678E+01 -0.2707544E+00  0.1049973E+00
   04  0.2972512E+03  0.8334150E+01  0.1862695E+01 -0.2693503E+00  0.1048365E+00
   04  0.2987424E+03  0.8333994E+01  0.1861834E+01 -0.2679319E+00  0.1046809E+00
   04  0.3002335E+03  0.8333844E+01  0.1861093E+01 -0.2664988E+00  0.1045304E+00
   04  0.3017247E+03  0.8333698E+01  0.1860469E+01 -0.2650503E+00  0.1043845E+00
   04  0.3032159E+03  0.8333558E+01  0.1859993E+01 -0.2635687E+00  0.1042450E+00
   04  0.3047070E+03  0.8333425E+01  0.1859632E+01 -0.2620522E+00  0.1041117E+00
   04  0.3061982E+03  0.8333298E+01  0.1859378E+01 -0.2604996E+00  0.1039844E+00
   04  0.3076894E+03  0.8333176E+01  0.1859228E+01 -0.2589096E+00  0.1038629E+00
   04  0.3091805E+03  0.8333060E+01  0.1859176E+01 -0.2572815E+00  0.1037471E+00
   04  0.3106717E+03  0.8332948E+01  0.1859236E+01 -0.2556133E+00  0.1036351E+00
   04  0.3121629E+03  0.8332840E+01  0.1859408E+01 -0.2539026E+00  0.1035263E+00
   04  0.3136540E+03  0.8332734E+01  0.1859688E+01 -0.2521471E+00  0.1034206E+00
   04  0.3151452E+03  0.8332631E+01  0.1860071E+01 -0.2503449E+00  0.1033179E+00
   04  0.3165017E+03  0.8332539E+01  0.1860503E+01 -0.2486600E+00  0.1032258E+00
   04  0.3178581E+03  0.8332449E+01  0.1861015E+01 -0.2469341E+00  0.1031358E+00
   04  0.3192146E+03  0.8332361E+01  0.1861604E+01 -0.2451665E+00  0.1030477E+00
   04  0.3205710E+03  0.8332275E+01  0.1862269E+01 -0.2433564E+00  0.1029614E+00
   04  0.3219275E+03  0.8332190E+01  0.1863006E+01 -0.2415030E+00  0.1028766E+00
   04  0.3232839E+03  0.8332106E+01  0.1863814E+01 -0.2396058E+00  0.1027931E+00
   04  0.3246404E+03  0.8332024E+01  0.1864690E+01 -0.2376646E+00  0.1027107E+00
   04  0.3259968E+03  0.8331943E+01  0.1865632E+01 -0.2356793E+00  0.1026292E+00
   04  0.3273533E+03  0.8331862E+01  0.1866638E+01 -0.2336500E+00  0.1025485E+00
   04  0.3287097E+03  0.8331782E+01  0.1867705E+01 -0.2315770E+00  0.1024682E+00
   04  0.3300662E+03  0.8331702E+01  0.1868832E+01 -0.2294604E+00  0.1023883E+00
   04  0.3314226E+03  0.8331622E+01  0.1870016E+01 -0.2273008E+00  0.1023085E+00
   04  0.3327791E+03  0.8331542E+01  0.1871257E+01 -0.2250985E+00  0.1022287E+00
   04  0.3341355E+03  0.8331462E+01  0.1872551E+01 -0.2228539E+00  0.1021485E+00
   04  0.3354920E+03  0.8331381E+01  0.1873898E+01 -0.2205678E+00  0.1020679E+00
   04  0.3368484E+03  0.8331300E+01  0.1875295E+01 -0.2182405E+00  0.1019867E+00
   04  0.3382049E+03  0.8331218E+01  0.1876742E+01 -0.2158727E+00  0.1019046E+00
   04  0.3395613E+03  0.8331135E+01  0.1878236E+01 -0.2134649E+00  0.1018215E+00
   04  0.3409178E+03  0.8331051E+01  0.1879775E+01 -0.2110179E+00  0.1017371E+00
   04  0.3422742E+03  0.8330965E+01  0.1881359E+01 -0.2085323E+00  0.1016514E+00
   04  0.3436307E+03  0.8330877E+01  0.1882986E+01 -0.2060086E+00  0.1015641E+00
   04  0.3449871E+03  0.8330788E+01  0.1884654E+01 -0.2034475E+00  0.1014750E+00
   04  0.3463436E+03  0.8330697E+01  0.1886363E+01 -0.2008497E+00  0.1013840E+00
   04  0.3477000E+03  0.8330604E+01  0.1888110E+01 -0.1982148E+00  0.1012910E+00
   04  0.3490565E+03  0.8330509E+01  0.1889894E+01 -0.1955429E+00  0.1011956E+00
   04  0.3504130E+03  0.8330411E+01  0.1891715E+01 -0.1928346E+00  0.1010978E+00
   04  0.3517694E+03  0.8330311E+01  0.1893570E+01 -0.1900906E+00  0.1009974E+00
   04  0.3531259E+03  0.8330208E+01  0.1895459E+01 -0.1873116E+00  0.1008943E+00
   04  0.3544823E+03  0.8330102E+01  0.1897381E+01 -0.1844981E+00  0.1007883E+00
   04  0.3558388E+03  0.8329993E+01  0.1899335E+01 -0.1816506E+00  0.1006791E+00
   04  0.3574665E+03  0.8329859E+01  0.1901728E+01 -0.1781974E+00  0.1005452E+00
   04  0.3590942E+03  0.8329721E+01  0.1904162E+01 -0.1746854E+00  0.1004074E+00
   04  0.3607220E+03  0.8329579E+01  0.1906637E+01 -0.1711144E+00  0.1002653E+00
   04  0.3623497E+03  0.8329432E+01  0.1909151E+01 -0.1674857E+00  0.1001187E+00
   04  0.3639775E+03  0.8329281E+01  0.1911701E+01 -0.1638006E+00  0.9996713E-01
   04  0.3656052E+03  0.8329124E+01  0.1914286E+01 -0.1600599E+00  0.9981035E-01
   04  0.3672329E+03  0.8328961E+01  0.1916905E+01 -0.1562646E+00  0.9964800E-01
   04  0.3688607E+03  0.8328793E+01  0.1919556E+01 -0.1524154E+00  0.9947976E-01
   04  0.3704884E+03  0.8328619E+01  0.1922237E+01 -0.1485132E+00  0.9930533E-01
   04  0.3721162E+03  0.8328438E+01  0.1924946E+01 -0.1445584E+00  0.9912438E-01
   04  0.3737439E+03  0.8328247E+01  0.1927650E+01 -0.1405522E+00  0.9893369E-01
   04  0.3753717E+03  0.8328045E+01  0.1930335E+01 -0.1364957E+00  0.9873191E-01
   04  0.3769994E+03  0.8327832E+01  0.1932996E+01 -0.1323901E+00  0.9851832E-01
   04  0.3786271E+03  0.8327606E+01  0.1935627E+01 -0.1282365E+00  0.9829227E-01
   04  0.3802549E+03  0.8327367E+01  0.1938223E+01 -0.1240358E+00  0.9805319E-01
   04  0.3818826E+03  0.8327114E+01  0.1940780E+01 -0.1197889E+00  0.9780057E-01
   04  0.3835104E+03  0.8326847E+01  0.1943294E+01 -0.1154967E+00  0.9753393E-01
   04  0.3851381E+03  0.8326566E+01  0.1945760E+01 -0.1111600E+00  0.9725284E-01
   04  0.3867658E+03  0.8326270E+01  0.1948177E+01 -0.1067793E+00  0.9695692E-01
   04  0.3883936E+03  0.8325959E+01  0.1950542E+01 -0.1023554E+00  0.9664580E-01
   04  0.3900213E+03  0.8325633E+01  0.1952859E+01 -0.9788923E-01  0.9631917E-01
   04  0.3916491E+03  0.8325290E+01  0.1955127E+01 -0.9338113E-01  0.9597664E-01
   04  0.3932768E+03  0.8324931E+01  0.1957342E+01 -0.8883147E-01  0.9561784E-01
   04  0.3949046E+03  0.8324556E+01  0.1959502E+01 -0.8424054E-01  0.9524247E-01
   04  0.3965323E+03  0.8324164E+01  0.1961607E+01 -0.7960855E-01  0.9485021E-01
   04  0.3981600E+03  0.8323754E+01  0.1963654E+01 -0.7493566E-01  0.9444082E-01
   04  0.3997878E+03  0.8323327E+01  0.1965643E+01 -0.7022194E-01  0.9401404E-01
   04  0.4014155E+03  0.8322883E+01  0.1967571E+01 -0.6546743E-01  0.9356966E-01
   04  0.4030433E+03  0.8322421E+01  0.1969439E+01 -0.6067205E-01  0.9310749E-01
   04  0.4046710E+03  0.8321941E+01  0.1971245E+01 -0.5583569E-01  0.9262734E-01
   04  0.4062987E+03  0.8321442E+01  0.1972989E+01 -0.5095647E-01  0.9212859E-01
   04  0.4079265E+03  0.8320923E+01  0.1974671E+01 -0.4602797E-01  0.9160923E-01
   04  0.4095542E+03  0.8320383E+01  0.1976290E+01 -0.4105152E-01  0.9106942E-01
   04  0.4111820E+03  0.8319823E+01  0.1977847E+01 -0.3602800E-01  0.9050930E-01
   04  0.4128097E+03  0.8319242E+01  0.1979340E+01 -0.3095793E-01  0.8992897E-01
   04  0.4144375E+03  0.8318642E+01  0.1980769E+01 -0.2584147E-01  0.8932851E-01
   04  0.4160652E+03  0.8318021E+01  0.1982136E+01 -0.2067850E-01  0.8870795E-01
   04  0.4176929E+03  0.8317381E+01  0.1983439E+01 -0.1546866E-01  0.8806734E-01
   04  0.4193207E+03  0.8316720E+01  0.1984679E+01 -0.1021135E-01  0.8740668E-01
   04  0.4209484E+03  0.8316039E+01  0.1985856E+01 -0.4905796E-02  0.8672598E-01
   04  0.4225762E+03  0.8315339E+01  0.1986971E+01  0.4489757E-03  0.8602523E-01
   04  0.4242039E+03  0.8314618E+01  0.1988024E+01  0.5854079E-02  0.8530440E-01
   04  0.4258316E+03  0.8313877E+01  0.1989015E+01  0.1131077E-01  0.8456347E-01
   04  0.4274594E+03  0.8313116E+01  0.1989944E+01  0.1682033E-01  0.8380233E-01
   04  0.4290871E+03  0.8312334E+01  0.1990811E+01  0.2238409E-01  0.8302087E-01
   04  0.4307149E+03  0.8311532E+01  0.1991616E+01  0.2800362E-01  0.8221897E-01
   04  0.4323426E+03  0.8310710E+01  0.1992357E+01  0.3368055E-01  0.8139651E-01
   04  0.4339704E+03  0.8309866E+01  0.1993036E+01  0.3941440E-01  0.8055310E-01
   04  0.4355981E+03  0.8309002E+01  0.1993652E+01  0.4520654E-01  0.7968857E-01
   04  0.4372258E+03  0.8308116E+01  0.1994205E+01  0.5105877E-01  0.7880277E-01
   04  0.4388536E+03  0.8307209E+01  0.1994695E+01  0.5697295E-01  0.7789555E-01
   04  0.4404813E+03  0.8306280E+01  0.1995123E+01  0.6295098E-01  0.7696677E-01
   04  0.4421091E+03  0.8305330E+01  0.1995489E+01  0.6899483E-01  0.7601628E-01
   04  0.4437368E+03  0.8304357E+01  0.1995794E+01  0.7510648E-01  0.7504392E-01
   04  0.4453645E+03  0.8303363E+01  0.1996037E+01  0.8128798E-01  0.7404954E-01
   04  0.4469923E+03  0.8302346E+01  0.1996219E+01  0.8754141E-01  0.7303300E-01
   04  0.4486200E+03  0.8301308E+01  0.1996340E+01  0.9386888E-01  0.7199412E-01
   04  0.4502478E+03  0.8300246E+01  0.1996401E+01  0.1002725E+00  0.7093275E-01
   04  0.4518755E+03  0.8299162E+01  0.1996401E+01  0.1067545E+00  0.6984871E-01
   04  0.4535033E+03  0.8298055E+01  0.1996342E+01  0.1133170E+00  0.6874184E-01
   04  0.4551310E+03  0.8296925E+01  0.1996222E+01  0.1199623E+00  0.6761195E-01
   04  0.4567587E+03  0.8295772E+01  0.1996043E+01  0.1266926E+00  0.6645886E-01
   04  0.4583865E+03  0.8294596E+01  0.1995803E+01  0.1335101E+00  0.6528238E-01
   04  0.4600142E+03  0.8293396E+01  0.1995504E+01  0.1404172E+00  0.6408232E-01
   04  0.4616420E+03  0.8292171E+01  0.1995136E+01  0.1474160E+00  0.6285759E-01
   04  0.4632697E+03  0.8290921E+01  0.1994696E+01  0.1545087E+00  0.6160785E-01
   04  0.4648974E+03  0.8289646E+01  0.1994183E+01  0.1616976E+00  0.6033281E-01
   04  0.4665252E+03  0.8288346E+01  0.1993597E+01  0.1689850E+00  0.5903215E-01
   04  0.4681529E+03  0.8287019E+01  0.1992935E+01  0.1763732E+00  0.5770554E-01
   04  0.4697807E+03  0.8285666E+01  0.1992197E+01  0.1838644E+00  0.5635268E-01
   04  0.4714084E+03  0.8284287E+01  0.1991380E+01  0.1914608E+00  0.5497325E-01
   04  0.4730362E+03  0.8282880E+01  0.1990484E+01  0.1991648E+00  0.5356692E-01
   04  0.4746639E+03  0.8281447E+01  0.1989506E+01  0.2069786E+00  0.5213336E-01
   04  0.4762916E+03  0.8279986E+01  0.1988445E+01  0.2149044E+00  0.5067226E-01
   04  0.4779194E+03  0.8278497E+01  0.1987300E+01  0.2229445E+00  0.4918327E-01
   04  0.4795471E+03  0.8276979E+01  0.1986069E+01  0.2311011E+00  0.4766607E-01
   04  0.4811749E+03  0.8275434E+01  0.1984750E+01  0.2393763E+00  0.4612033E-01
   04  0.4828026E+03  0.8273859E+01  0.1983342E+01  0.2477724E+00  0.4454572E-01
   04  0.4844303E+03  0.8272255E+01  0.1981843E+01  0.2562915E+00  0.4294191E-01
   04  0.4860581E+03  0.8270622E+01  0.1980251E+01  0.2649358E+00  0.4130856E-01
   04  0.4876858E+03  0.8268959E+01  0.1978564E+01  0.2737074E+00  0.3964534E-01
   04  0.4893136E+03  0.8267265E+01  0.1976782E+01  0.2826084E+00  0.3795192E-01
   04  0.4909413E+03  0.8265541E+01  0.1974901E+01  0.2916409E+00  0.3622797E-01
   04  0.4925691E+03  0.8263787E+01  0.1972921E+01  0.3008068E+00  0.3447314E-01
   04  0.4941968E+03  0.8262001E+01  0.1970842E+01  0.3101082E+00  0.3268727E-01
   04  0.4958245E+03  0.8260184E+01  0.1968665E+01  0.3195471E+00  0.3087026E-01
   04  0.4974523E+03  0.8258335E+01  0.1966391E+01  0.3291255E+00  0.2902199E-01
   04  0.4990800E+03  0.8256456E+01  0.1964022E+01  0.3388455E+00  0.2714238E-01
   04  0.5007078E+03  0.8254545E+01  0.1961560E+01  0.3487091E+00  0.2523133E-01
   04  0.5023355E+03  0.8252602E+01  0.1959007E+01  0.3587185E+00  0.2328877E-01
   04  0.5039632E+03  0.8250628E+01  0.1956363E+01  0.3688757E+00  0.2131456E-01
   04  0.5055910E+03  0.8248622E+01  0.1953629E+01  0.3791829E+00  0.1930853E-01
   04  0.5072187E+03  0.8246584E+01  0.1950806E+01  0.3896420E+00  0.1727049E-01
   04  0.5088465E+03  0.8244514E+01  0.1947894E+01  0.4002553E+00  0.1520023E-01
   04  0.5104742E+03  0.8242411E+01  0.1944892E+01  0.4110247E+00  0.1309757E-01
   04  0.5121020E+03  0.8240276E+01  0.1941803E+01  0.4219524E+00  0.1096229E-01
   04  0.5137297E+03  0.8238108E+01  0.1938624E+01  0.4330402E+00  0.8794161E-02
   04  0.5153574E+03  0.8235906E+01  0.1935356E+01  0.4442903E+00  0.6592961E-02
   04  0.5169852E+03  0.8233672E+01  0.1931998E+01  0.4557044E+00  0.4358444E-02
   04  0.5186129E+03  0.8231404E+01  0.1928551E+01  0.4672846E+00  0.2090363E-02
   04  0.5202407E+03  0.8229102E+01  0.1925012E+01  0.4790327E+00 -0.2115403E-03
   04  0.5218684E+03  0.8226766E+01  0.1921382E+01  0.4909504E+00 -0.2547527E-02
   04  0.5234961E+03  0.8224396E+01  0.1917660E+01  0.5030394E+00 -0.4917873E-02
   04  0.5251239E+03  0.8221991E+01  0.1913844E+01  0.5153015E+00 -0.7322875E-02
   04  0.5267516E+03  0.8219551E+01  0.1909933E+01  0.5277381E+00 -0.9762827E-02
   04  0.5283794E+03  0.8217075E+01  0.1905925E+01  0.5403507E+00 -0.1223802E-01
   04  0.5300071E+03  0.8214565E+01  0.1901821E+01  0.5531408E+00 -0.1474869E-01
   04  0.5316349E+03  0.8212018E+01  0.1897619E+01  0.5661097E+00 -0.1729503E-01
   04  0.5332626E+03  0.8209436E+01  0.1893320E+01  0.5792587E+00 -0.1987722E-01
   04  0.5348903E+03  0.8206818E+01  0.1888923E+01  0.5925891E+00 -0.2249548E-01
   04  0.5365181E+03  0.8204163E+01  0.1884428E+01  0.6061019E+00 -0.2514999E-01
   04  0.5381458E+03  0.8201472E+01  0.1879835E+01  0.6197982E+00 -0.2784094E-01
   04  0.5397736E+03  0.8198745E+01  0.1875144E+01  0.6336790E+00 -0.3056851E-01
   04  0.5414013E+03  0.8195981E+01  0.1870355E+01  0.6477452E+00 -0.3333288E-01
   04  0.5430290E+03  0.8193179E+01  0.1865467E+01  0.6619976E+00 -0.3613423E-01
   04  0.5446568E+03  0.8190341E+01  0.1860480E+01  0.6764370E+00 -0.3897271E-01
   04  0.5462845E+03  0.8187465E+01  0.1855394E+01  0.6910638E+00 -0.4184850E-01
   04  0.5479123E+03  0.8184552E+01  0.1850208E+01  0.7058787E+00 -0.4476173E-01
   04  0.5495400E+03  0.8181601E+01  0.1844923E+01  0.7208816E+00 -0.4771259E-01
   04  0.5511678E+03  0.8178612E+01  0.1839539E+01  0.7360720E+00 -0.5070133E-01
   04  0.5527955E+03  0.8175585E+01  0.1834056E+01  0.7514499E+00 -0.5372808E-01
   04  0.5544232E+03  0.8172520E+01  0.1828473E+01  0.7670155E+00 -0.5679297E-01
   04  0.5560510E+03  0.8169417E+01  0.1822791E+01  0.7827686E+00 -0.5989610E-01
   04  0.5576787E+03  0.8166276E+01  0.1817011E+01  0.7987091E+00 -0.6303759E-01
   04  0.5593065E+03  0.8163096E+01  0.1811132E+01  0.8148368E+00 -0.6621752E-01
   04  0.5609342E+03  0.8159877E+01  0.1805156E+01  0.8311512E+00 -0.6943598E-01
   04  0.5625619E+03  0.8156620E+01  0.1799081E+01  0.8476519E+00 -0.7269303E-01
   04  0.5641897E+03  0.8153325E+01  0.1792910E+01  0.8643383E+00 -0.7598873E-01
   04  0.5658174E+03  0.8149990E+01  0.1786643E+01  0.8812097E+00 -0.7932312E-01
   04  0.5674452E+03  0.8146617E+01  0.1780280E+01  0.8982653E+00 -0.8269623E-01
   04  0.5690729E+03  0.8143205E+01  0.1773822E+01  0.9155041E+00 -0.8610809E-01
   04  0.5707007E+03  0.8139755E+01  0.1767269E+01  0.9329252E+00 -0.8955870E-01
   04  0.5723284E+03  0.8136265E+01  0.1760623E+01  0.9505273E+00 -0.9304806E-01
   04  0.5739561E+03  0.8132737E+01  0.1753884E+01  0.9683092E+00 -0.9657614E-01
   04  0.5755839E+03  0.8129170E+01  0.1747054E+01  0.9862696E+00 -0.1001429E+00
   04  0.5772116E+03  0.8125565E+01  0.1740133E+01  0.1004407E+01 -0.1037484E+00
   04  0.5788394E+03  0.8121921E+01  0.1733122E+01  0.1022720E+01 -0.1073924E+00
   04  0.5804671E+03  0.8118238E+01  0.1726023E+01  0.1041206E+01 -0.1110750E+00
   04  0.5820948E+03  0.8114517E+01  0.1718837E+01  0.1059864E+01 -0.1147960E+00
   04  0.5837226E+03  0.8110758E+01  0.1711564E+01  0.1078692E+01 -0.1185554E+00
   04  0.5853503E+03  0.8106960E+01  0.1704207E+01  0.1097688E+01 -0.1223531E+00
   04  0.5869781E+03  0.8103124E+01  0.1696766E+01  0.1116850E+01 -0.1261889E+00
   04  0.5886058E+03  0.8099251E+01  0.1689243E+01  0.1136175E+01 -0.1300628E+00
   04  0.5902336E+03  0.8095339E+01  0.1681639E+01  0.1155661E+01 -0.1339746E+00
   04  0.5918613E+03  0.8091389E+01  0.1673955E+01  0.1175306E+01 -0.1379241E+00
   04  0.5934890E+03  0.8087402E+01  0.1666193E+01  0.1195107E+01 -0.1419112E+00
   04  0.5951168E+03  0.8083378E+01  0.1658355E+01  0.1215061E+01 -0.1459357E+00
   04  0.5967445E+03  0.8079316E+01  0.1650441E+01  0.1235166E+01 -0.1499976E+00
   04  0.5983723E+03  0.8075217E+01  0.1642454E+01  0.1255419E+01 -0.1540965E+00
