# gauge_id= 609 location=( -0.1242117435E+03  0.4175235224E+02 ) num_var=  4
# Stationary gauge
# level, time, q[  1  2  3], eta, aux[]
# file format ascii, time series follow in this file
   04  0.0000000E+00  0.8914793E+01  0.0000000E+00  0.0000000E+00  0.0000000E+00
   04  0.1000000E+01  0.8914793E+01  0.5363657E-16 -0.1431859E-19  0.3976684E+00
   04  0.1015873E+01  0.8914779E+01  0.1437987E-03  0.3223495E-05  0.3976542E+00
   04  0.1031746E+01  0.8914765E+01  0.2875999E-03  0.6403762E-05  0.3976400E+00
   04  0.1047619E+01  0.8914751E+01  0.4314035E-03  0.9541081E-05  0.3976257E+00
   04  0.1063492E+01  0.8914737E+01  0.5752097E-03  0.1263573E-04  0.3976115E+00
   04  0.1079365E+01  0.8914722E+01  0.7190182E-03  0.1568799E-04  0.3975973E+00
   04  0.1095238E+01  0.8914708E+01  0.8628293E-03  0.1869814E-04  0.3975830E+00
   04  0.1111111E+01  0.8914694E+01  0.1006643E-02  0.2166645E-04  0.3975688E+00
   04  0.1126984E+01  0.8914680E+01  0.1150459E-02  0.2459322E-04  0.3975545E+00
   04  0.1142857E+01  0.8914665E+01  0.1294277E-02  0.2747870E-04  0.3975403E+00
   04  0.1158730E+01  0.8914651E+01  0.1438098E-02  0.3032320E-04  0.3975260E+00
   04  0.1174603E+01  0.8914637E+01  0.1581922E-02  0.3312697E-04  0.3975118E+00
   04  0.1190476E+01  0.8914623E+01  0.1725748E-02  0.3589031E-04  0.3974975E+00
   04  0.1206349E+01  0.8914608E+01  0.1869577E-02  0.3861348E-04  0.3974832E+00
   04  0.1222222E+01  0.8914594E+01  0.2013408E-02  0.4129678E-04  0.3974689E+00
   04  0.1238095E+01  0.8914580E+01  0.2157241E-02  0.4394047E-04  0.3974546E+00
   04  0.1253968E+01  0.8914565E+01  0.2301077E-02  0.4654484E-04  0.3974403E+00
   04  0.1269841E+01  0.8914551E+01  0.2444916E-02  0.4911016E-04  0.3974260E+00
   04  0.1285714E+01  0.8914537E+01  0.2588757E-02  0.5163671E-04  0.3974117E+00
   04  0.1301587E+01  0.8914522E+01  0.2732601E-02  0.5412478E-04  0.3973974E+00
   04  0.1317460E+01  0.8914508E+01  0.2876447E-02  0.5657464E-04  0.3973830E+00
   04  0.1333333E+01  0.8914494E+01  0.3020296E-02  0.5898656E-04  0.3973687E+00
   04  0.1349206E+01  0.8914479E+01  0.3164147E-02  0.6136084E-04  0.3973544E+00
   04  0.1365079E+01  0.8914465E+01  0.3308001E-02  0.6369774E-04  0.3973400E+00
   04  0.1380952E+01  0.8914451E+01  0.3451858E-02  0.6599754E-04  0.3973257E+00
   04  0.1396825E+01  0.8914436E+01  0.3595717E-02  0.6826053E-04  0.3973113E+00
   04  0.1412698E+01  0.8914422E+01  0.3739578E-02  0.7048699E-04  0.3972969E+00
   04  0.1428571E+01  0.8914408E+01  0.3883442E-02  0.7267718E-04  0.3972826E+00
   04  0.1476190E+01  0.8914364E+01  0.4315376E-02  0.7896734E-04  0.3972394E+00
   04  0.1523810E+01  0.8914321E+01  0.4747332E-02  0.8493929E-04  0.3971962E+00
   04  0.1571429E+01  0.8914278E+01  0.5179310E-02  0.9060057E-04  0.3971529E+00
   04  0.1619048E+01  0.8914235E+01  0.5611312E-02  0.9595872E-04  0.3971096E+00
   04  0.1666667E+01  0.8914191E+01  0.6043337E-02  0.1010213E-03  0.3970662E+00
   04  0.1714286E+01  0.8914148E+01  0.6475386E-02  0.1057959E-03  0.3970227E+00
   04  0.1761905E+01  0.8914104E+01  0.6907457E-02  0.1102900E-03  0.3969792E+00
   04  0.1809524E+01  0.8914061E+01  0.7339552E-02  0.1145113E-03  0.3969356E+00
   04  0.1857143E+01  0.8914017E+01  0.7771671E-02  0.1184673E-03  0.3968920E+00
   04  0.1904762E+01  0.8913973E+01  0.8203812E-02  0.1221657E-03  0.3968483E+00
   04  0.1952381E+01  0.8913930E+01  0.8635978E-02  0.1256141E-03  0.3968045E+00
   04  0.2000000E+01  0.8913886E+01  0.9068167E-02  0.1288201E-03  0.3967607E+00
   04  0.5727919E+01  0.8910269E+01  0.4593209E-01 -0.9006708E-03  0.3931438E+00
   04  0.9455838E+01  0.8906229E+01  0.8263203E-01 -0.3101315E-02  0.3891043E+00
   04  0.1318376E+02  0.8901789E+01  0.1191263E+00 -0.6524203E-02  0.3846638E+00
   04  0.1691168E+02  0.8896928E+01  0.1553511E+00 -0.1070036E-01  0.3798030E+00
   04  0.2063960E+02  0.8891638E+01  0.1912008E+00 -0.1527870E-01  0.3745128E+00
   04  0.2436752E+02  0.8885918E+01  0.2265478E+00 -0.2000843E-01  0.3687930E+00
   04  0.2809543E+02  0.8879778E+01  0.2612409E+00 -0.2472756E-01  0.3626526E+00
   04  0.3182335E+02  0.8873238E+01  0.2950823E+00 -0.2935449E-01  0.3561126E+00
   04  0.3555127E+02  0.8866273E+01  0.3278872E+00 -0.3325742E-01  0.3491482E+00
   04  0.3927919E+02  0.8858873E+01  0.3594574E+00 -0.3599145E-01  0.3417478E+00
   04  0.4300711E+02  0.8851100E+01  0.3895684E+00 -0.3796525E-01  0.3339745E+00
   04  0.4487107E+02  0.8847124E+01  0.4032479E+00 -0.3932087E-01  0.3299987E+00
   04  0.4673503E+02  0.8843076E+01  0.4165542E+00 -0.4056222E-01  0.3259513E+00
   04  0.4839188E+02  0.8839430E+01  0.4279790E+00 -0.4167227E-01  0.3223046E+00
   04  0.5004874E+02  0.8835725E+01  0.4389059E+00 -0.4276440E-01  0.3185995E+00
   04  0.5170559E+02  0.8831930E+01  0.4488962E+00 -0.4386462E-01  0.3148051E+00
   04  0.5336244E+02  0.8828055E+01  0.4579715E+00 -0.4500314E-01  0.3109304E+00
   04  0.5501930E+02  0.8824109E+01  0.4661596E+00 -0.4620515E-01  0.3069843E+00
   04  0.5667615E+02  0.8820101E+01  0.4734922E+00 -0.4749180E-01  0.3029756E+00
   04  0.5833300E+02  0.8816038E+01  0.4800062E+00 -0.4888084E-01  0.2989126E+00
   04  0.5998985E+02  0.8811928E+01  0.4857409E+00 -0.5038718E-01  0.2948032E+00
   04  0.6164671E+02  0.8807780E+01  0.4907366E+00 -0.5202330E-01  0.2906552E+00
   04  0.6330356E+02  0.8803601E+01  0.4950336E+00 -0.5379949E-01  0.2864759E+00
   04  0.6496041E+02  0.8799397E+01  0.4986718E+00 -0.5572413E-01  0.2822724E+00
   04  0.6661727E+02  0.8795177E+01  0.5016902E+00 -0.5780384E-01  0.2780517E+00
   04  0.6827412E+02  0.8790945E+01  0.5041272E+00 -0.6004363E-01  0.2738201E+00
   04  0.6993097E+02  0.8786709E+01  0.5060194E+00 -0.6244712E-01  0.2695839E+00
   04  0.7158783E+02  0.8782474E+01  0.5074026E+00 -0.6501657E-01  0.2653488E+00
   04  0.7324468E+02  0.8778246E+01  0.5083105E+00 -0.6775305E-01  0.2611204E+00
   04  0.7490153E+02  0.8774029E+01  0.5087761E+00 -0.7065650E-01  0.2569039E+00
   04  0.7655838E+02  0.8769829E+01  0.5088335E+00 -0.7372594E-01  0.2527038E+00
   04  0.7821524E+02  0.8765649E+01  0.5085159E+00 -0.7695974E-01  0.2485244E+00
   04  0.7987209E+02  0.8761495E+01  0.5078537E+00 -0.8035571E-01  0.2443697E+00
   04  0.8152894E+02  0.8757369E+01  0.5068750E+00 -0.8391111E-01  0.2402436E+00
   04  0.8318580E+02  0.8753275E+01  0.5056053E+00 -0.8762269E-01  0.2361497E+00
   04  0.8484265E+02  0.8749216E+01  0.5040680E+00 -0.9148678E-01  0.2320913E+00
   04  0.8649950E+02  0.8745197E+01  0.5022847E+00 -0.9549930E-01  0.2280716E+00
   04  0.8815636E+02  0.8741219E+01  0.5002751E+00 -0.9965580E-01  0.2240935E+00
   04  0.8981321E+02  0.8737285E+01  0.4980573E+00 -0.1039515E+00  0.2201597E+00
   04  0.9147006E+02  0.8733398E+01  0.4956480E+00 -0.1083814E+00  0.2162729E+00
   04  0.9445240E+02  0.8726536E+01  0.4917433E+00 -0.1159591E+00  0.2094105E+00
   04  0.9743473E+02  0.8719838E+01  0.4872331E+00 -0.1239717E+00  0.2027130E+00
   04  0.1004171E+03  0.8713318E+01  0.4821913E+00 -0.1323883E+00  0.1961925E+00
   04  0.1033994E+03  0.8706984E+01  0.4766852E+00 -0.1411710E+00  0.1898587E+00
   04  0.1063817E+03  0.8700842E+01  0.4707750E+00 -0.1502492E+00  0.1837173E+00
   04  0.1093641E+03  0.8694898E+01  0.4645094E+00 -0.1595526E+00  0.1777727E+00
   04  0.1123464E+03  0.8689153E+01  0.4579281E+00 -0.1690121E+00  0.1720280E+00
   04  0.1153287E+03  0.8683611E+01  0.4510766E+00 -0.1785613E+00  0.1664860E+00
   04  0.1183111E+03  0.8678274E+01  0.4439892E+00 -0.1881384E+00  0.1611489E+00
   04  0.1212934E+03  0.8673143E+01  0.4366917E+00 -0.1976865E+00  0.1560182E+00
   04  0.1242758E+03  0.8668220E+01  0.4292037E+00 -0.2071523E+00  0.1510951E+00
   04  0.1272581E+03  0.8663512E+01  0.4215394E+00 -0.2164091E+00  0.1463866E+00
   04  0.1302404E+03  0.8659068E+01  0.4137090E+00 -0.2247856E+00  0.1419434E+00
   04  0.1332228E+03  0.8654887E+01  0.4057463E+00 -0.2322770E+00  0.1377615E+00
   04  0.1362051E+03  0.8650960E+01  0.3976813E+00 -0.2389123E+00  0.1338350E+00
   04  0.1391874E+03  0.8647282E+01  0.3895376E+00 -0.2447431E+00  0.1301572E+00
   04  0.1421698E+03  0.8643847E+01  0.3813327E+00 -0.2498350E+00  0.1267214E+00
   04  0.1451521E+03  0.8640645E+01  0.3730888E+00 -0.2542606E+00  0.1235203E+00
   04  0.1481344E+03  0.8637671E+01  0.3648306E+00 -0.2580956E+00  0.1205462E+00
   04  0.1511168E+03  0.8634917E+01  0.3565845E+00 -0.2614149E+00  0.1177916E+00
   04  0.1540991E+03  0.8632374E+01  0.3483772E+00 -0.2642911E+00  0.1152492E+00
   04  0.1570814E+03  0.8630037E+01  0.3402352E+00 -0.2667932E+00  0.1129116E+00
   04  0.1600638E+03  0.8627897E+01  0.3321847E+00 -0.2689853E+00  0.1107721E+00
   04  0.1630461E+03  0.8625949E+01  0.3242510E+00 -0.2709261E+00  0.1088238E+00
   04  0.1660284E+03  0.8624185E+01  0.3164575E+00 -0.2726686E+00  0.1070604E+00
   04  0.1690108E+03  0.8622601E+01  0.3088262E+00 -0.2742601E+00  0.1054755E+00
   04  0.1719931E+03  0.8621188E+01  0.3013782E+00 -0.2757427E+00  0.1040631E+00
   04  0.1749755E+03  0.8619942E+01  0.2941331E+00 -0.2771534E+00  0.1028172E+00
   04  0.1779578E+03  0.8618857E+01  0.2871095E+00 -0.2785249E+00  0.1017317E+00
   04  0.1809401E+03  0.8617926E+01  0.2803251E+00 -0.2798858E+00  0.1008010E+00
   04  0.1824313E+03  0.8617530E+01  0.2770118E+00 -0.2807378E+00  0.1004050E+00
   04  0.1839225E+03  0.8617170E+01  0.2737768E+00 -0.2815803E+00  0.1000449E+00
   04  0.1854136E+03  0.8616845E+01  0.2706208E+00 -0.2824173E+00  0.9972017E-01
   04  0.1869048E+03  0.8616555E+01  0.2675441E+00 -0.2832526E+00  0.9943001E-01
   04  0.1883960E+03  0.8616299E+01  0.2645474E+00 -0.2840895E+00  0.9917377E-01
   04  0.1898871E+03  0.8616076E+01  0.2616314E+00 -0.2849313E+00  0.9895076E-01
   04  0.1913783E+03  0.8615885E+01  0.2587967E+00 -0.2857810E+00  0.9876029E-01
   04  0.1928695E+03  0.8615727E+01  0.2560441E+00 -0.2866413E+00  0.9860168E-01
   04  0.1943606E+03  0.8615599E+01  0.2533741E+00 -0.2875149E+00  0.9847428E-01
   04  0.1958518E+03  0.8615503E+01  0.2507858E+00 -0.2884045E+00  0.9837758E-01
   04  0.1973430E+03  0.8615436E+01  0.2482770E+00 -0.2893126E+00  0.9831119E-01
   04  0.1988341E+03  0.8615400E+01  0.2458455E+00 -0.2902413E+00  0.9827476E-01
   04  0.2003253E+03  0.8615393E+01  0.2434893E+00 -0.2911925E+00  0.9826791E-01
   04  0.2018165E+03  0.8615415E+01  0.2412065E+00 -0.2921680E+00  0.9829025E-01
   04  0.2033076E+03  0.8615466E+01  0.2389957E+00 -0.2931689E+00  0.9834141E-01
   04  0.2047988E+03  0.8615546E+01  0.2368552E+00 -0.2941963E+00  0.9842097E-01
   04  0.2062900E+03  0.8615654E+01  0.2347838E+00 -0.2952510E+00  0.9852854E-01
   04  0.2077811E+03  0.8615789E+01  0.2327803E+00 -0.2963333E+00  0.9866366E-01
   04  0.2092723E+03  0.8615951E+01  0.2308436E+00 -0.2974434E+00  0.9882589E-01
   04  0.2107635E+03  0.8616140E+01  0.2289729E+00 -0.2985812E+00  0.9901474E-01
   04  0.2122546E+03  0.8616355E+01  0.2271672E+00 -0.2997464E+00  0.9922975E-01
   04  0.2137458E+03  0.8616595E+01  0.2254260E+00 -0.3009357E+00  0.9947014E-01
   04  0.2152370E+03  0.8616860E+01  0.2237485E+00 -0.3021459E+00  0.9973514E-01
   04  0.2167281E+03  0.8617149E+01  0.2221341E+00 -0.3033740E+00  0.1000240E+00
   04  0.2182193E+03  0.8617461E+01  0.2205818E+00 -0.3046170E+00  0.1003360E+00
   04  0.2197105E+03  0.8617795E+01  0.2190910E+00 -0.3058718E+00  0.1006703E+00
   04  0.2212017E+03  0.8618151E+01  0.2176608E+00 -0.3071357E+00  0.1010261E+00
   04  0.2226928E+03  0.8618528E+01  0.2162905E+00 -0.3084060E+00  0.1014028E+00
   04  0.2241840E+03  0.8618925E+01  0.2149794E+00 -0.3096805E+00  0.1017995E+00
   04  0.2256752E+03  0.8619341E+01  0.2137266E+00 -0.3109570E+00  0.1022156E+00
   04  0.2271663E+03  0.8619775E+01  0.2125316E+00 -0.3122336E+00  0.1026503E+00
   04  0.2286575E+03  0.8620228E+01  0.2113937E+00 -0.3135086E+00  0.1031030E+00
   04  0.2301487E+03  0.8620698E+01  0.2103123E+00 -0.3147802E+00  0.1035728E+00
   04  0.2316398E+03  0.8621184E+01  0.2092868E+00 -0.3160469E+00  0.1040591E+00
   04  0.2331310E+03  0.8621686E+01  0.2083169E+00 -0.3173072E+00  0.1045612E+00
   04  0.2346222E+03  0.8622203E+01  0.2074026E+00 -0.3185596E+00  0.1050783E+00
   04  0.2361133E+03  0.8622735E+01  0.2065437E+00 -0.3198024E+00  0.1056096E+00
   04  0.2376045E+03  0.8623279E+01  0.2057400E+00 -0.3210342E+00  0.1061544E+00
   04  0.2390957E+03  0.8623837E+01  0.2049910E+00 -0.3222533E+00  0.1067120E+00
   04  0.2405868E+03  0.8624406E+01  0.2042961E+00 -0.3234580E+00  0.1072814E+00
   04  0.2420780E+03  0.8624987E+01  0.2036547E+00 -0.3246464E+00  0.1078621E+00
   04  0.2435692E+03  0.8625578E+01  0.2030659E+00 -0.3258164E+00  0.1084532E+00
   04  0.2450603E+03  0.8626179E+01  0.2025288E+00 -0.3269656E+00  0.1090540E+00
   04  0.2465515E+03  0.8626789E+01  0.2020424E+00 -0.3280916E+00  0.1096635E+00
   04  0.2480427E+03  0.8627406E+01  0.2016055E+00 -0.3291917E+00  0.1102811E+00
   04  0.2495338E+03  0.8628031E+01  0.2012170E+00 -0.3302630E+00  0.1109058E+00
   04  0.2510250E+03  0.8628662E+01  0.2008755E+00 -0.3313026E+00  0.1115369E+00
   04  0.2525162E+03  0.8629298E+01  0.2005796E+00 -0.3323073E+00  0.1121734E+00
   04  0.2540073E+03  0.8629940E+01  0.2003279E+00 -0.3332740E+00  0.1128145E+00
   04  0.2554985E+03  0.8630584E+01  0.2001188E+00 -0.3341995E+00  0.1134594E+00
   04  0.2569897E+03  0.8631232E+01  0.1999507E+00 -0.3350800E+00  0.1141070E+00
   04  0.2584808E+03  0.8631882E+01  0.1998220E+00 -0.3359120E+00  0.1147566E+00
   04  0.2599720E+03  0.8632532E+01  0.1997309E+00 -0.3366930E+00  0.1154072E+00
   04  0.2614632E+03  0.8633183E+01  0.1996758E+00 -0.3374205E+00  0.1160581E+00
   04  0.2629543E+03  0.8633833E+01  0.1996551E+00 -0.3380920E+00  0.1167084E+00
   04  0.2644455E+03  0.8634482E+01  0.1996670E+00 -0.3387052E+00  0.1173572E+00
   04  0.2659367E+03  0.8635129E+01  0.1997099E+00 -0.3392577E+00  0.1180039E+00
   04  0.2674278E+03  0.8635772E+01  0.1997821E+00 -0.3397472E+00  0.1186474E+00
   04  0.2689190E+03  0.8636412E+01  0.1998820E+00 -0.3401715E+00  0.1192870E+00
   04  0.2704102E+03  0.8637047E+01  0.2000080E+00 -0.3405283E+00  0.1199217E+00
   04  0.2719014E+03  0.8637676E+01  0.2001584E+00 -0.3408151E+00  0.1205506E+00
   04  0.2733925E+03  0.8638298E+01  0.2003316E+00 -0.3410296E+00  0.1211729E+00
   04  0.2748837E+03  0.8638913E+01  0.2005259E+00 -0.3411693E+00  0.1217877E+00
   04  0.2763749E+03  0.8639519E+01  0.2007397E+00 -0.3412320E+00  0.1223940E+00
   04  0.2778660E+03  0.8640116E+01  0.2009712E+00 -0.3412153E+00  0.1229911E+00
   04  0.2793572E+03  0.8640703E+01  0.2012189E+00 -0.3411171E+00  0.1235779E+00
   04  0.2808484E+03  0.8641279E+01  0.2014809E+00 -0.3409356E+00  0.1241536E+00
   04  0.2823395E+03  0.8641843E+01  0.2017555E+00 -0.3406687E+00  0.1247175E+00
   04  0.2838307E+03  0.8642394E+01  0.2020410E+00 -0.3403151E+00  0.1252686E+00
   04  0.2853219E+03  0.8642931E+01  0.2023357E+00 -0.3398734E+00  0.1258062E+00
   04  0.2868130E+03  0.8643455E+01  0.2026378E+00 -0.3393426E+00  0.1263296E+00
   04  0.2883042E+03  0.8643963E+01  0.2029456E+00 -0.3387218E+00  0.1268380E+00
   04  0.2897954E+03  0.8644456E+01  0.2032575E+00 -0.3380106E+00  0.1273307E+00
   04  0.2912865E+03  0.8644932E+01  0.2035717E+00 -0.3372087E+00  0.1278071E+00
   04  0.2927777E+03  0.8645392E+01  0.2038866E+00 -0.3363163E+00  0.1282666E+00
   04  0.2942689E+03  0.8645834E+01  0.2042006E+00 -0.3353338E+00  0.1287085E+00
   04  0.2957600E+03  0.8646257E+01  0.2045121E+00 -0.3342619E+00  0.1291324E+00
   04  0.2972512E+03  0.8646663E+01  0.2048196E+00 -0.3331015E+00  0.1295377E+00
   04  0.2987424E+03  0.8647049E+01  0.2051216E+00 -0.3318540E+00  0.1299241E+00
   04  0.3002335E+03  0.8647416E+01  0.2054167E+00 -0.3305210E+00  0.1302912E+00
   04  0.3017247E+03  0.8647764E+01  0.2057036E+00 -0.3291044E+00  0.1306385E+00
   04  0.3032159E+03  0.8648091E+01  0.2059812E+00 -0.3276064E+00  0.1309659E+00
   04  0.3047070E+03  0.8648398E+01  0.2062483E+00 -0.3260294E+00  0.1312730E+00
   04  0.3061982E+03  0.8648685E+01  0.2065041E+00 -0.3243762E+00  0.1315595E+00
   04  0.3076894E+03  0.8648951E+01  0.2067482E+00 -0.3226498E+00  0.1318254E+00
   04  0.3091805E+03  0.8649196E+01  0.2069798E+00 -0.3208533E+00  0.1320705E+00
   04  0.3106717E+03  0.8649420E+01  0.2071984E+00 -0.3189902E+00  0.1322946E+00
   04  0.3121629E+03  0.8649623E+01  0.2074035E+00 -0.3170641E+00  0.1324978E+00
   04  0.3136540E+03  0.8649805E+01  0.2075945E+00 -0.3150790E+00  0.1326800E+00
   04  0.3151452E+03  0.8649966E+01  0.2077708E+00 -0.3130391E+00  0.1328414E+00
   04  0.3165017E+03  0.8650096E+01  0.2079222E+00 -0.3111545E+00  0.1329710E+00
   04  0.3178581E+03  0.8650209E+01  0.2080603E+00 -0.3092335E+00  0.1330837E+00
   04  0.3192146E+03  0.8650305E+01  0.2081850E+00 -0.3072804E+00  0.1331799E+00
   04  0.3205710E+03  0.8650385E+01  0.2082961E+00 -0.3052991E+00  0.1332598E+00
   04  0.3219275E+03  0.8650449E+01  0.2083936E+00 -0.3032937E+00  0.1333237E+00
   04  0.3232839E+03  0.8650497E+01  0.2084776E+00 -0.3012679E+00  0.1333718E+00
   04  0.3246404E+03  0.8650529E+01  0.2085484E+00 -0.2992253E+00  0.1334043E+00
   04  0.3259968E+03  0.8650547E+01  0.2086060E+00 -0.2971694E+00  0.1334216E+00
   04  0.3273533E+03  0.8650549E+01  0.2086508E+00 -0.2951034E+00  0.1334240E+00
   04  0.3287097E+03  0.8650537E+01  0.2086831E+00 -0.2930304E+00  0.1334117E+00
   04  0.3300662E+03  0.8650510E+01  0.2087031E+00 -0.2909535E+00  0.1333851E+00
   04  0.3314226E+03  0.8650469E+01  0.2087112E+00 -0.2888754E+00  0.1333443E+00
   04  0.3327791E+03  0.8650415E+01  0.2087078E+00 -0.2867989E+00  0.1332898E+00
   04  0.3341355E+03  0.8650347E+01  0.2086934E+00 -0.2847266E+00  0.1332219E+00
   04  0.3354920E+03  0.8650266E+01  0.2086682E+00 -0.2826606E+00  0.1331408E+00
   04  0.3368484E+03  0.8650172E+01  0.2086329E+00 -0.2806035E+00  0.1330468E+00
   04  0.3382049E+03  0.8650065E+01  0.2085878E+00 -0.2785572E+00  0.1329402E+00
   04  0.3395613E+03  0.8649946E+01  0.2085336E+00 -0.2765238E+00  0.1328214E+00
   04  0.3409178E+03  0.8649816E+01  0.2084707E+00 -0.2745052E+00  0.1326907E+00
   04  0.3422742E+03  0.8649673E+01  0.2083997E+00 -0.2725030E+00  0.1325482E+00
   04  0.3436307E+03  0.8649519E+01  0.2083212E+00 -0.2705189E+00  0.1323944E+00
   04  0.3449871E+03  0.8649355E+01  0.2082358E+00 -0.2685544E+00  0.1322295E+00
   04  0.3463436E+03  0.8649179E+01  0.2081441E+00 -0.2666108E+00  0.1320538E+00
   04  0.3477000E+03  0.8648993E+01  0.2080468E+00 -0.2646892E+00  0.1318675E+00
   04  0.3490565E+03  0.8648796E+01  0.2079444E+00 -0.2627906E+00  0.1316709E+00
   04  0.3504130E+03  0.8648589E+01  0.2078376E+00 -0.2609161E+00  0.1314643E+00
   04  0.3517694E+03  0.8648373E+01  0.2077270E+00 -0.2590662E+00  0.1312478E+00
   04  0.3531259E+03  0.8648147E+01  0.2076132E+00 -0.2572419E+00  0.1310217E+00
   04  0.3544823E+03  0.8647911E+01  0.2074969E+00 -0.2554435E+00  0.1307863E+00
   04  0.3558388E+03  0.8647667E+01  0.2073786E+00 -0.2536717E+00  0.1305417E+00
   04  0.3574665E+03  0.8647359E+01  0.2072357E+00 -0.2515279E+00  0.1302341E+00
   04  0.3590942E+03  0.8647039E+01  0.2070924E+00 -0.2494250E+00  0.1299137E+00
   04  0.3607220E+03  0.8646706E+01  0.2069499E+00 -0.2473636E+00  0.1295808E+00
   04  0.3623497E+03  0.8646361E+01  0.2068097E+00 -0.2453437E+00  0.1292357E+00
   04  0.3639775E+03  0.8646004E+01  0.2066728E+00 -0.2433655E+00  0.1288787E+00
   04  0.3656052E+03  0.8645635E+01  0.2065406E+00 -0.2414290E+00  0.1285100E+00
   04  0.3672329E+03  0.8645255E+01  0.2064144E+00 -0.2395341E+00  0.1281298E+00
   04  0.3688607E+03  0.8644863E+01  0.2062954E+00 -0.2376803E+00  0.1277383E+00
   04  0.3704884E+03  0.8644461E+01  0.2061849E+00 -0.2358675E+00  0.1273358E+00
   04  0.3721162E+03  0.8644047E+01  0.2060841E+00 -0.2340951E+00  0.1269223E+00
   04  0.3737439E+03  0.8643623E+01  0.2059941E+00 -0.2323626E+00  0.1264981E+00
   04  0.3753717E+03  0.8643188E+01  0.2059158E+00 -0.2306692E+00  0.1260632E+00
   04  0.3769994E+03  0.8642743E+01  0.2058502E+00 -0.2290142E+00  0.1256177E+00
   04  0.3786271E+03  0.8642287E+01  0.2057979E+00 -0.2273968E+00  0.1251619E+00
   04  0.3802549E+03  0.8641821E+01  0.2057600E+00 -0.2258159E+00  0.1246957E+00
   04  0.3818826E+03  0.8641344E+01  0.2057371E+00 -0.2242704E+00  0.1242191E+00
   04  0.3835104E+03  0.8640857E+01  0.2057300E+00 -0.2227593E+00  0.1237323E+00
   04  0.3851381E+03  0.8640360E+01  0.2057393E+00 -0.2212812E+00  0.1232352E+00
   04  0.3867658E+03  0.8639853E+01  0.2057656E+00 -0.2198348E+00  0.1227278E+00
   04  0.3883936E+03  0.8639335E+01  0.2058093E+00 -0.2184186E+00  0.1222100E+00
   04  0.3900213E+03  0.8638807E+01  0.2058708E+00 -0.2170311E+00  0.1216819E+00
   04  0.3916491E+03  0.8638268E+01  0.2059504E+00 -0.2156706E+00  0.1211434E+00
   04  0.3932768E+03  0.8637719E+01  0.2060483E+00 -0.2143353E+00  0.1205943E+00
   04  0.3949046E+03  0.8637160E+01  0.2061645E+00 -0.2130235E+00  0.1200346E+00
   04  0.3965323E+03  0.8636589E+01  0.2062990E+00 -0.2117332E+00  0.1194642E+00
   04  0.3981600E+03  0.8636008E+01  0.2064516E+00 -0.2104624E+00  0.1188829E+00
   04  0.3997878E+03  0.8635416E+01  0.2066220E+00 -0.2092090E+00  0.1182907E+00
   04  0.4014155E+03  0.8634812E+01  0.2068100E+00 -0.2079710E+00  0.1176872E+00
   04  0.4030433E+03  0.8634198E+01  0.2070152E+00 -0.2067460E+00  0.1170725E+00
   04  0.4046710E+03  0.8633571E+01  0.2072370E+00 -0.2055318E+00  0.1164462E+00
   04  0.4062987E+03  0.8632933E+01  0.2074750E+00 -0.2043201E+00  0.1158077E+00
   04  0.4079265E+03  0.8632281E+01  0.2077285E+00 -0.2031030E+00  0.1151562E+00
   04  0.4095542E+03  0.8631616E+01  0.2079966E+00 -0.2018733E+00  0.1144909E+00
   04  0.4111820E+03  0.8630936E+01  0.2082781E+00 -0.2006247E+00  0.1138112E+00
   04  0.4128097E+03  0.8630241E+01  0.2085721E+00 -0.1993516E+00  0.1131164E+00
   04  0.4144375E+03  0.8629531E+01  0.2088775E+00 -0.1980493E+00  0.1124059E+00
   04  0.4160652E+03  0.8628804E+01  0.2091930E+00 -0.1967134E+00  0.1116790E+00
   04  0.4176929E+03  0.8628060E+01  0.2095175E+00 -0.1953402E+00  0.1109353E+00
   04  0.4193207E+03  0.8627299E+01  0.2098497E+00 -0.1939265E+00  0.1101741E+00
   04  0.4209484E+03  0.8626520E+01  0.2101883E+00 -0.1924695E+00  0.1093950E+00
   04  0.4225762E+03  0.8625722E+01  0.2105320E+00 -0.1909666E+00  0.1085974E+00
   04  0.4242039E+03  0.8624906E+01  0.2108794E+00 -0.1894159E+00  0.1077809E+00
   04  0.4258316E+03  0.8624070E+01  0.2112293E+00 -0.1878154E+00  0.1069450E+00
   04  0.4274594E+03  0.8623214E+01  0.2115820E+00 -0.1861636E+00  0.1060890E+00
   04  0.4290871E+03  0.8622337E+01  0.2119387E+00 -0.1844591E+00  0.1052124E+00
   04  0.4307149E+03  0.8621440E+01  0.2123001E+00 -0.1827010E+00  0.1043146E+00
   04  0.4323426E+03  0.8620520E+01  0.2126667E+00 -0.1808887E+00  0.1033950E+00
   04  0.4339704E+03  0.8619578E+01  0.2130388E+00 -0.1790215E+00  0.1024530E+00
   04  0.4355981E+03  0.8618613E+01  0.2134165E+00 -0.1770992E+00  0.1014882E+00
   04  0.4372258E+03  0.8617625E+01  0.2137996E+00 -0.1751215E+00  0.1005000E+00
   04  0.4388536E+03  0.8616613E+01  0.2141878E+00 -0.1730883E+00  0.9948796E-01
   04  0.4404813E+03  0.8615577E+01  0.2145808E+00 -0.1709996E+00  0.9845164E-01
   04  0.4421091E+03  0.8614516E+01  0.2149778E+00 -0.1688552E+00  0.9739060E-01
   04  0.4437368E+03  0.8613429E+01  0.2153783E+00 -0.1666552E+00  0.9630441E-01
   04  0.4453645E+03  0.8612318E+01  0.2157815E+00 -0.1643996E+00  0.9519266E-01
   04  0.4469923E+03  0.8611180E+01  0.2161864E+00 -0.1620884E+00  0.9405494E-01
   04  0.4486200E+03  0.8610016E+01  0.2165923E+00 -0.1597215E+00  0.9289085E-01
   04  0.4502478E+03  0.8608825E+01  0.2169981E+00 -0.1572989E+00  0.9170002E-01
   04  0.4518755E+03  0.8607607E+01  0.2174029E+00 -0.1548205E+00  0.9048206E-01
   04  0.4535033E+03  0.8606362E+01  0.2178056E+00 -0.1522862E+00  0.8923658E-01
   04  0.4551310E+03  0.8605088E+01  0.2182053E+00 -0.1496957E+00  0.8796322E-01
   04  0.4567587E+03  0.8603787E+01  0.2186010E+00 -0.1470489E+00  0.8666160E-01
   04  0.4583865E+03  0.8602456E+01  0.2189916E+00 -0.1443456E+00  0.8533135E-01
   04  0.4600142E+03  0.8601097E+01  0.2193763E+00 -0.1415854E+00  0.8397209E-01
   04  0.4616420E+03  0.8599709E+01  0.2197540E+00 -0.1387680E+00  0.8258345E-01
   04  0.4632697E+03  0.8598290E+01  0.2201237E+00 -0.1358931E+00  0.8116505E-01
   04  0.4648974E+03  0.8596842E+01  0.2204847E+00 -0.1329602E+00  0.7971652E-01
   04  0.4665252E+03  0.8595363E+01  0.2208359E+00 -0.1299690E+00  0.7823747E-01
   04  0.4681529E+03  0.8593853E+01  0.2211767E+00 -0.1269190E+00  0.7672751E-01
   04  0.4697807E+03  0.8592311E+01  0.2215063E+00 -0.1238098E+00  0.7518625E-01
   04  0.4714084E+03  0.8590738E+01  0.2218241E+00 -0.1206411E+00  0.7361331E-01
   04  0.4730362E+03  0.8589133E+01  0.2221293E+00 -0.1174125E+00  0.7200829E-01
   04  0.4746639E+03  0.8587496E+01  0.2224216E+00 -0.1141240E+00  0.7037080E-01
   04  0.4762916E+03  0.8585826E+01  0.2227004E+00 -0.1107752E+00  0.6870046E-01
   04  0.4779194E+03  0.8584122E+01  0.2229654E+00 -0.1073663E+00  0.6699689E-01
   04  0.4795471E+03  0.8582385E+01  0.2232162E+00 -0.1038974E+00  0.6525972E-01
   04  0.4811749E+03  0.8580614E+01  0.2234525E+00 -0.1003689E+00  0.6348858E-01
   04  0.4828026E+03  0.8578808E+01  0.2236742E+00 -0.9678123E-01  0.6168313E-01
   04  0.4844303E+03  0.8576968E+01  0.2238811E+00 -0.9313534E-01  0.5984305E-01
   04  0.4860581E+03  0.8575093E+01  0.2240732E+00 -0.8943221E-01  0.5796804E-01
   04  0.4876858E+03  0.8573183E+01  0.2242505E+00 -0.8567323E-01  0.5605781E-01
   04  0.4893136E+03  0.8571237E+01  0.2244132E+00 -0.8186052E-01  0.5411217E-01
   04  0.4909413E+03  0.8569256E+01  0.2245612E+00 -0.7799758E-01  0.5213104E-01
   04  0.4925691E+03  0.8567240E+01  0.2246950E+00 -0.7409106E-01  0.5011465E-01
   04  0.4941968E+03  0.8565189E+01  0.2248111E+00 -0.7015603E-01  0.4806437E-01
   04  0.4958245E+03  0.8563110E+01  0.2249037E+00 -0.6623946E-01  0.4598478E-01
   04  0.4974523E+03  0.8560990E+01  0.2249695E+00 -0.6222031E-01  0.4386543E-01
   04  0.4990800E+03  0.8558822E+01  0.2250037E+00 -0.5800003E-01  0.4169704E-01
   04  0.5007078E+03  0.8556605E+01  0.2249991E+00 -0.5359372E-01  0.3948004E-01
   04  0.5023355E+03  0.8554345E+01  0.2249485E+00 -0.4907631E-01  0.3722044E-01
   04  0.5039632E+03  0.8552054E+01  0.2248464E+00 -0.4456631E-01  0.3492874E-01
   04  0.5055910E+03  0.8549729E+01  0.2246914E+00 -0.4004999E-01  0.3260416E-01
   04  0.5072187E+03  0.8547372E+01  0.2244823E+00 -0.3552295E-01  0.3024663E-01
   04  0.5088465E+03  0.8544981E+01  0.2242185E+00 -0.3098385E-01  0.2785626E-01
   04  0.5104742E+03  0.8542558E+01  0.2238998E+00 -0.2643238E-01  0.2543322E-01
   04  0.5121020E+03  0.8540103E+01  0.2235266E+00 -0.2186837E-01  0.2297766E-01
   04  0.5137297E+03  0.8537615E+01  0.2230996E+00 -0.1729156E-01  0.2048964E-01
   04  0.5153574E+03  0.8535094E+01  0.2226199E+00 -0.1270146E-01  0.1796917E-01
   04  0.5169852E+03  0.8532541E+01  0.2220892E+00 -0.8097339E-02  0.1541617E-01
   04  0.5186129E+03  0.8529956E+01  0.2215093E+00 -0.3478322E-02  0.1283051E-01
   04  0.5202407E+03  0.8527337E+01  0.2208822E+00  0.1156608E-02  0.1021195E-01
   04  0.5218684E+03  0.8524688E+01  0.2202104E+00  0.5835619E-02  0.7562460E-02
   04  0.5234961E+03  0.8522013E+01  0.2194964E+00  0.1064195E-01  0.4888372E-02
   04  0.5251239E+03  0.8519314E+01  0.2187447E+00  0.1557576E-01  0.2189077E-02
   04  0.5267516E+03  0.8516589E+01  0.2179598E+00  0.2063712E-01 -0.5360653E-03
   04  0.5283794E+03  0.8513837E+01  0.2171460E+00  0.2582595E-01 -0.3287716E-02
   04  0.5300071E+03  0.8511059E+01  0.2163062E+00  0.3114201E-01 -0.6066418E-02
   04  0.5316349E+03  0.8508252E+01  0.2154422E+00  0.3658494E-01 -0.8872651E-02
   04  0.5332626E+03  0.8505418E+01  0.2145557E+00  0.4215428E-01 -0.1170690E-01
   04  0.5348903E+03  0.8502555E+01  0.2136486E+00  0.4784946E-01 -0.1456966E-01
   04  0.5365181E+03  0.8499664E+01  0.2127229E+00  0.5366978E-01 -0.1746145E-01
   04  0.5381458E+03  0.8496742E+01  0.2117805E+00  0.5961447E-01 -0.2038277E-01
   04  0.5397736E+03  0.8493791E+01  0.2108235E+00  0.6568290E-01 -0.2333418E-01
   04  0.5414013E+03  0.8490809E+01  0.2098539E+00  0.7187439E-01 -0.2631624E-01
   04  0.5430290E+03  0.8487796E+01  0.2088738E+00  0.7818808E-01 -0.2932949E-01
   04  0.5446568E+03  0.8484751E+01  0.2078850E+00  0.8462287E-01 -0.3237449E-01
   04  0.5462845E+03  0.8481673E+01  0.2068896E+00  0.9117743E-01 -0.3545175E-01
   04  0.5479123E+03  0.8478563E+01  0.2058893E+00  0.9785023E-01 -0.3856179E-01
   04  0.5495400E+03  0.8475420E+01  0.2048859E+00  0.1046395E+00 -0.4170511E-01
   04  0.5511678E+03  0.8472243E+01  0.2038811E+00  0.1115433E+00 -0.4488217E-01
   04  0.5527955E+03  0.8469032E+01  0.2028764E+00  0.1185598E+00 -0.4809347E-01
   04  0.5544232E+03  0.8465786E+01  0.2018734E+00  0.1256879E+00 -0.5133955E-01
   04  0.5560510E+03  0.8462504E+01  0.2008733E+00  0.1329261E+00 -0.5462090E-01
   04  0.5576787E+03  0.8459187E+01  0.1998774E+00  0.1402721E+00 -0.5793797E-01
   04  0.5593065E+03  0.8455834E+01  0.1988868E+00  0.1477232E+00 -0.6129113E-01
   04  0.5609342E+03  0.8452444E+01  0.1979024E+00  0.1552762E+00 -0.6468071E-01
   04  0.5625619E+03  0.8449018E+01  0.1969252E+00  0.1629275E+00 -0.6810697E-01
   04  0.5641897E+03  0.8445555E+01  0.1959559E+00  0.1706735E+00 -0.7157016E-01
   04  0.5658174E+03  0.8442055E+01  0.1949951E+00  0.1785098E+00 -0.7507043E-01
   04  0.5674452E+03  0.8438517E+01  0.1940436E+00  0.1864315E+00 -0.7860789E-01
   04  0.5690729E+03  0.8434942E+01  0.1931018E+00  0.1944338E+00 -0.8218261E-01
   04  0.5707007E+03  0.8431330E+01  0.1921701E+00  0.2025120E+00 -0.8579464E-01
   04  0.5723284E+03  0.8427681E+01  0.1912489E+00  0.2106611E+00 -0.8944398E-01
   04  0.5739561E+03  0.8423994E+01  0.1903386E+00  0.2188762E+00 -0.9313063E-01
   04  0.5755839E+03  0.8420271E+01  0.1894395E+00  0.2271524E+00 -0.9685455E-01
   04  0.5772116E+03  0.8416509E+01  0.1885516E+00  0.2354847E+00 -0.1006157E+00
   04  0.5788394E+03  0.8412711E+01  0.1876752E+00  0.2438684E+00 -0.1044139E+00
   04  0.5804671E+03  0.8408876E+01  0.1868103E+00  0.2522986E+00 -0.1082492E+00
   04  0.5820948E+03  0.8405004E+01  0.1859571E+00  0.2607706E+00 -0.1121213E+00
   04  0.5837226E+03  0.8401095E+01  0.1851156E+00  0.2692799E+00 -0.1160302E+00
   04  0.5853503E+03  0.8397149E+01  0.1842856E+00  0.2778222E+00 -0.1199758E+00
   04  0.5869781E+03  0.8393167E+01  0.1834673E+00  0.2863933E+00 -0.1239578E+00
   04  0.5886058E+03  0.8389149E+01  0.1826605E+00  0.2949892E+00 -0.1279761E+00
   04  0.5902336E+03  0.8385095E+01  0.1818650E+00  0.3036060E+00 -0.1320305E+00
   04  0.5918613E+03  0.8381004E+01  0.1810808E+00  0.3122401E+00 -0.1361210E+00
   04  0.5934890E+03  0.8376878E+01  0.1803077E+00  0.3208880E+00 -0.1402472E+00
   04  0.5951168E+03  0.8372716E+01  0.1795456E+00  0.3295464E+00 -0.1444091E+00
   04  0.5967445E+03  0.8368519E+01  0.1787941E+00  0.3382123E+00 -0.1486064E+00
   04  0.5983723E+03  0.8364286E+01  0.1780531E+00  0.3468827E+00 -0.1528390E+00
