# gauge_id= 615 location=( -0.1242106071E+03  0.4175726850E+02 ) num_var=  4
# Stationary gauge
# level, time, q[  1  2  3], eta, aux[]
# file format ascii, time series follow in this file
   04  0.0000000E+00  0.1433921E+02  0.0000000E+00  0.0000000E+00  0.0000000E+00
   04  0.1000000E+01  0.1433921E+02  0.1559985E-15 -0.1284463E-15  0.3025665E+00
   04  0.1015873E+01  0.1433922E+02  0.7954416E-03  0.1269025E-04  0.3025715E+00
   04  0.1031746E+01  0.1433922E+02  0.1590848E-02  0.2538353E-04  0.3025764E+00
   04  0.1047619E+01  0.1433923E+02  0.2386218E-02  0.3807964E-04  0.3025814E+00
   04  0.1063492E+01  0.1433923E+02  0.3181553E-02  0.5077841E-04  0.3025864E+00
   04  0.1079365E+01  0.1433924E+02  0.3976852E-02  0.6347964E-04  0.3025913E+00
   04  0.1095238E+01  0.1433924E+02  0.4772116E-02  0.7618315E-04  0.3025962E+00
   04  0.1111111E+01  0.1433925E+02  0.5567343E-02  0.8888877E-04  0.3026012E+00
   04  0.1126984E+01  0.1433925E+02  0.6362534E-02  0.1015963E-03  0.3026061E+00
   04  0.1142857E+01  0.1433926E+02  0.7157689E-02  0.1143055E-03  0.3026110E+00
   04  0.1158730E+01  0.1433926E+02  0.7952808E-02  0.1270163E-03  0.3026160E+00
   04  0.1174603E+01  0.1433927E+02  0.8747890E-02  0.1397285E-03  0.3026209E+00
   04  0.1190476E+01  0.1433927E+02  0.9542936E-02  0.1524418E-03  0.3026258E+00
   04  0.1206349E+01  0.1433928E+02  0.1033795E-01  0.1651560E-03  0.3026307E+00
   04  0.1222222E+01  0.1433928E+02  0.1113292E-01  0.1778711E-03  0.3026356E+00
   04  0.1238095E+01  0.1433929E+02  0.1192785E-01  0.1905868E-03  0.3026404E+00
   04  0.1253968E+01  0.1433929E+02  0.1272275E-01  0.2033029E-03  0.3026453E+00
   04  0.1269841E+01  0.1433930E+02  0.1351761E-01  0.2160193E-03  0.3026502E+00
   04  0.1285714E+01  0.1433930E+02  0.1431244E-01  0.2287356E-03  0.3026551E+00
   04  0.1301587E+01  0.1433931E+02  0.1510723E-01  0.2414519E-03  0.3026599E+00
   04  0.1317460E+01  0.1433931E+02  0.1590198E-01  0.2541678E-03  0.3026648E+00
   04  0.1333333E+01  0.1433931E+02  0.1669669E-01  0.2668833E-03  0.3026696E+00
   04  0.1349206E+01  0.1433932E+02  0.1749136E-01  0.2795980E-03  0.3026745E+00
   04  0.1365079E+01  0.1433932E+02  0.1828600E-01  0.2923118E-03  0.3026793E+00
   04  0.1380952E+01  0.1433933E+02  0.1908060E-01  0.3050246E-03  0.3026841E+00
   04  0.1396825E+01  0.1433933E+02  0.1987516E-01  0.3177361E-03  0.3026890E+00
   04  0.1412698E+01  0.1433934E+02  0.2066969E-01  0.3304462E-03  0.3026938E+00
   04  0.1428571E+01  0.1433934E+02  0.2146417E-01  0.3431546E-03  0.3026986E+00
   04  0.1476190E+01  0.1433936E+02  0.2384732E-01  0.3813039E-03  0.3027130E+00
   04  0.1523810E+01  0.1433937E+02  0.2623013E-01  0.4194333E-03  0.3027273E+00
   04  0.1571429E+01  0.1433939E+02  0.2861258E-01  0.4575378E-03  0.3027416E+00
   04  0.1619048E+01  0.1433940E+02  0.3099468E-01  0.4956122E-03  0.3027558E+00
   04  0.1666667E+01  0.1433942E+02  0.3337643E-01  0.5336514E-03  0.3027699E+00
   04  0.1714286E+01  0.1433943E+02  0.3575783E-01  0.5716504E-03  0.3027840E+00
   04  0.1761905E+01  0.1433944E+02  0.3813886E-01  0.6096040E-03  0.3027981E+00
   04  0.1809524E+01  0.1433946E+02  0.4051954E-01  0.6475069E-03  0.3028121E+00
   04  0.1857143E+01  0.1433947E+02  0.4289985E-01  0.6853541E-03  0.3028260E+00
   04  0.1904762E+01  0.1433948E+02  0.4527979E-01  0.7231404E-03  0.3028398E+00
   04  0.1952381E+01  0.1433950E+02  0.4765936E-01  0.7608605E-03  0.3028536E+00
   04  0.2000000E+01  0.1433951E+02  0.5003856E-01  0.7985091E-03  0.3028674E+00
   04  0.5727919E+01  0.1434040E+02  0.2344483E+00  0.3950092E-02  0.3037542E+00
   04  0.9455838E+01  0.1434093E+02  0.4159291E+00  0.6672415E-02  0.3042847E+00
   04  0.1318376E+02  0.1434108E+02  0.5933682E+00  0.8985789E-02  0.3044307E+00
   04  0.1691168E+02  0.1434081E+02  0.7656253E+00  0.1055273E-01  0.3041623E+00
   04  0.2063960E+02  0.1434010E+02  0.9317878E+00  0.1095518E-01  0.3034558E+00
   04  0.2436752E+02  0.1433896E+02  0.1091080E+01  0.9907999E-02  0.3023162E+00
   04  0.2809543E+02  0.1433742E+02  0.1242860E+01  0.7296400E-02  0.3007715E+00
   04  0.3182335E+02  0.1433542E+02  0.1386594E+01  0.2820433E-02  0.2987747E+00
   04  0.3555127E+02  0.1433299E+02  0.1521897E+01 -0.3564517E-02  0.2963460E+00
   04  0.3927919E+02  0.1433017E+02  0.1648537E+01 -0.1190252E-01  0.2935252E+00
   04  0.4300711E+02  0.1432698E+02  0.1766414E+01 -0.2211878E-01  0.2903391E+00
   04  0.4487107E+02  0.1432523E+02  0.1821539E+01 -0.2802650E-01  0.2885868E+00
   04  0.4673503E+02  0.1432340E+02  0.1874425E+01 -0.3440051E-01  0.2867513E+00
   04  0.4839188E+02  0.1432170E+02  0.1919626E+01 -0.4054105E-01  0.2850524E+00
   04  0.5004874E+02  0.1431995E+02  0.1963266E+01 -0.4711106E-01  0.2833025E+00
   04  0.5170559E+02  0.1431816E+02  0.2005460E+01 -0.5410283E-01  0.2815129E+00
   04  0.5336244E+02  0.1431633E+02  0.2046246E+01 -0.6150590E-01  0.2796881E+00
   04  0.5501930E+02  0.1431448E+02  0.2085661E+01 -0.6930844E-01  0.2778320E+00
   04  0.5667615E+02  0.1431259E+02  0.2123733E+01 -0.7749736E-01  0.2759483E+00
   04  0.5833300E+02  0.1431069E+02  0.2160493E+01 -0.8605827E-01  0.2740402E+00
   04  0.5998985E+02  0.1430876E+02  0.2195965E+01 -0.9497566E-01  0.2721106E+00
   04  0.6164671E+02  0.1430681E+02  0.2230172E+01 -0.1042331E+00  0.2701622E+00
   04  0.6330356E+02  0.1430484E+02  0.2263133E+01 -0.1138135E+00  0.2681974E+00
   04  0.6496041E+02  0.1430286E+02  0.2294867E+01 -0.1236987E+00  0.2662181E+00
   04  0.6661727E+02  0.1430087E+02  0.2325390E+01 -0.1338704E+00  0.2642262E+00
   04  0.6827412E+02  0.1429887E+02  0.2354718E+01 -0.1443094E+00  0.2622231E+00
   04  0.6993097E+02  0.1429686E+02  0.2382865E+01 -0.1549958E+00  0.2602101E+00
   04  0.7158783E+02  0.1429483E+02  0.2409845E+01 -0.1659085E+00  0.2581882E+00
   04  0.7324468E+02  0.1429280E+02  0.2435670E+01 -0.1770245E+00  0.2561581E+00
   04  0.7490153E+02  0.1429077E+02  0.2460353E+01 -0.1883353E+00  0.2541214E+00
   04  0.7655838E+02  0.1428873E+02  0.2483908E+01 -0.1999476E+00  0.2520892E+00
   04  0.7821524E+02  0.1428671E+02  0.2506342E+01 -0.2118405E+00  0.2500613E+00
   04  0.7987209E+02  0.1428468E+02  0.2527664E+01 -0.2239947E+00  0.2480378E+00
   04  0.8152894E+02  0.1428266E+02  0.2547884E+01 -0.2363921E+00  0.2460189E+00
   04  0.8318580E+02  0.1428065E+02  0.2567013E+01 -0.2490152E+00  0.2440046E+00
   04  0.8484265E+02  0.1427864E+02  0.2585062E+01 -0.2618477E+00  0.2419950E+00
   04  0.8649950E+02  0.1427664E+02  0.2602044E+01 -0.2748739E+00  0.2399902E+00
   04  0.8815636E+02  0.1427464E+02  0.2617972E+01 -0.2880788E+00  0.2379904E+00
   04  0.8981321E+02  0.1427264E+02  0.2632861E+01 -0.3014479E+00  0.2359956E+00
   04  0.9147006E+02  0.1427065E+02  0.2646726E+01 -0.3149673E+00  0.2340059E+00
   04  0.9445240E+02  0.1426710E+02  0.2669497E+01 -0.3395598E+00  0.2304528E+00
   04  0.9743473E+02  0.1426356E+02  0.2689084E+01 -0.3645173E+00  0.2269125E+00
   04  0.1004171E+03  0.1426003E+02  0.2705599E+01 -0.3897734E+00  0.2233853E+00
   04  0.1033994E+03  0.1425652E+02  0.2719235E+01 -0.4152658E+00  0.2198778E+00
   04  0.1063817E+03  0.1425309E+02  0.2730785E+01 -0.4409386E+00  0.2164439E+00
   04  0.1093641E+03  0.1424972E+02  0.2740303E+01 -0.4667302E+00  0.2130749E+00
   04  0.1123464E+03  0.1424640E+02  0.2747744E+01 -0.4925937E+00  0.2097523E+00
   04  0.1153287E+03  0.1424311E+02  0.2753181E+01 -0.5184977E+00  0.2064688E+00
   04  0.1183111E+03  0.1423986E+02  0.2756699E+01 -0.5444071E+00  0.2032179E+00
   04  0.1212934E+03  0.1423666E+02  0.2758185E+01 -0.5702876E+00  0.2000118E+00
   04  0.1242758E+03  0.1423350E+02  0.2757633E+01 -0.5960979E+00  0.1968556E+00
   04  0.1272581E+03  0.1423039E+02  0.2755179E+01 -0.6217971E+00  0.1937439E+00
   04  0.1302404E+03  0.1422729E+02  0.2750881E+01 -0.6477715E+00  0.1906444E+00
   04  0.1332228E+03  0.1422421E+02  0.2744824E+01 -0.6739785E+00  0.1875610E+00
   04  0.1362051E+03  0.1422114E+02  0.2737103E+01 -0.7003705E+00  0.1844993E+00
   04  0.1391874E+03  0.1421811E+02  0.2727821E+01 -0.7269015E+00  0.1814657E+00
   04  0.1421698E+03  0.1421511E+02  0.2717095E+01 -0.7535185E+00  0.1784675E+00
   04  0.1451521E+03  0.1421216E+02  0.2705050E+01 -0.7801702E+00  0.1755118E+00
   04  0.1481344E+03  0.1420925E+02  0.2691811E+01 -0.8068075E+00  0.1726062E+00
   04  0.1511168E+03  0.1420640E+02  0.2677509E+01 -0.8333842E+00  0.1697578E+00
   04  0.1540991E+03  0.1420362E+02  0.2662286E+01 -0.8598569E+00  0.1669727E+00
   04  0.1570814E+03  0.1420090E+02  0.2646284E+01 -0.8861853E+00  0.1642569E+00
   04  0.1600638E+03  0.1419826E+02  0.2629637E+01 -0.9123321E+00  0.1616162E+00
   04  0.1630461E+03  0.1419570E+02  0.2612477E+01 -0.9382630E+00  0.1590562E+00
   04  0.1660284E+03  0.1419323E+02  0.2594928E+01 -0.9639462E+00  0.1565823E+00
   04  0.1690108E+03  0.1419084E+02  0.2577108E+01 -0.9893528E+00  0.1541994E+00
   04  0.1719931E+03  0.1418856E+02  0.2559128E+01 -0.1014456E+01  0.1519121E+00
   04  0.1749755E+03  0.1418636E+02  0.2541001E+01 -0.1039233E+01  0.1497172E+00
   04  0.1779578E+03  0.1418425E+02  0.2522695E+01 -0.1063657E+01  0.1476082E+00
   04  0.1809401E+03  0.1418223E+02  0.2504296E+01 -0.1087710E+01  0.1455893E+00
   04  0.1824313E+03  0.1418127E+02  0.2495096E+01 -0.1099540E+01  0.1446252E+00
   04  0.1839225E+03  0.1418033E+02  0.2485903E+01 -0.1111278E+01  0.1436839E+00
   04  0.1854136E+03  0.1417941E+02  0.2476730E+01 -0.1122903E+01  0.1427643E+00
   04  0.1869048E+03  0.1417851E+02  0.2467588E+01 -0.1134413E+01  0.1418672E+00
   04  0.1883960E+03  0.1417764E+02  0.2458487E+01 -0.1145807E+01  0.1409930E+00
   04  0.1898871E+03  0.1417679E+02  0.2449439E+01 -0.1157082E+01  0.1401422E+00
   04  0.1913783E+03  0.1417596E+02  0.2440454E+01 -0.1168236E+01  0.1393154E+00
   04  0.1928695E+03  0.1417516E+02  0.2431543E+01 -0.1179268E+01  0.1385130E+00
   04  0.1943606E+03  0.1417438E+02  0.2422715E+01 -0.1190176E+01  0.1377355E+00
   04  0.1958518E+03  0.1417362E+02  0.2413980E+01 -0.1201041E+01  0.1369765E+00
   04  0.1973430E+03  0.1417288E+02  0.2405346E+01 -0.1211897E+01  0.1362334E+00
   04  0.1988341E+03  0.1417215E+02  0.2396821E+01 -0.1222744E+01  0.1355063E+00
   04  0.2003253E+03  0.1417144E+02  0.2388414E+01 -0.1233577E+01  0.1347957E+00
   04  0.2018165E+03  0.1417075E+02  0.2380131E+01 -0.1244394E+01  0.1341017E+00
   04  0.2033076E+03  0.1417007E+02  0.2371977E+01 -0.1255189E+01  0.1334245E+00
   04  0.2047988E+03  0.1416941E+02  0.2363960E+01 -0.1265957E+01  0.1327642E+00
   04  0.2062900E+03  0.1416877E+02  0.2356082E+01 -0.1276692E+01  0.1321210E+00
   04  0.2077811E+03  0.1416814E+02  0.2348348E+01 -0.1287389E+01  0.1314949E+00
   04  0.2092723E+03  0.1416753E+02  0.2340760E+01 -0.1298039E+01  0.1308860E+00
   04  0.2107635E+03  0.1416694E+02  0.2333324E+01 -0.1308636E+01  0.1302944E+00
   04  0.2122546E+03  0.1416637E+02  0.2326044E+01 -0.1319173E+01  0.1297205E+00
   04  0.2137458E+03  0.1416581E+02  0.2318922E+01 -0.1329642E+01  0.1291643E+00
   04  0.2152370E+03  0.1416527E+02  0.2311963E+01 -0.1340035E+01  0.1286258E+00
   04  0.2167281E+03  0.1416475E+02  0.2305169E+01 -0.1350343E+01  0.1281052E+00
   04  0.2182193E+03  0.1416425E+02  0.2298542E+01 -0.1360560E+01  0.1276024E+00
   04  0.2197105E+03  0.1416376E+02  0.2292085E+01 -0.1370679E+01  0.1271177E+00
   04  0.2212017E+03  0.1416330E+02  0.2285800E+01 -0.1380694E+01  0.1266510E+00
   04  0.2226928E+03  0.1416285E+02  0.2279687E+01 -0.1390599E+01  0.1262025E+00
   04  0.2241840E+03  0.1416242E+02  0.2273749E+01 -0.1400387E+01  0.1257720E+00
   04  0.2256752E+03  0.1416200E+02  0.2267984E+01 -0.1410053E+01  0.1253595E+00
   04  0.2271663E+03  0.1416161E+02  0.2262392E+01 -0.1419592E+01  0.1249648E+00
   04  0.2286575E+03  0.1416123E+02  0.2256974E+01 -0.1428996E+01  0.1245878E+00
   04  0.2301487E+03  0.1416087E+02  0.2251726E+01 -0.1438261E+01  0.1242282E+00
   04  0.2316398E+03  0.1416053E+02  0.2246648E+01 -0.1447382E+01  0.1238857E+00
   04  0.2331310E+03  0.1416020E+02  0.2241737E+01 -0.1456351E+01  0.1235598E+00
   04  0.2346222E+03  0.1415990E+02  0.2236988E+01 -0.1465163E+01  0.1232502E+00
   04  0.2361133E+03  0.1415960E+02  0.2232399E+01 -0.1473812E+01  0.1229562E+00
   04  0.2376045E+03  0.1415932E+02  0.2227966E+01 -0.1482292E+01  0.1226773E+00
   04  0.2390957E+03  0.1415906E+02  0.2223683E+01 -0.1490596E+01  0.1224129E+00
   04  0.2405868E+03  0.1415881E+02  0.2219545E+01 -0.1498720E+01  0.1221623E+00
   04  0.2420780E+03  0.1415857E+02  0.2215549E+01 -0.1506653E+01  0.1219248E+00
   04  0.2435692E+03  0.1415834E+02  0.2211690E+01 -0.1514389E+01  0.1216995E+00
   04  0.2450603E+03  0.1415813E+02  0.2207961E+01 -0.1521921E+01  0.1214856E+00
   04  0.2465515E+03  0.1415793E+02  0.2204356E+01 -0.1529245E+01  0.1212824E+00
   04  0.2480427E+03  0.1415773E+02  0.2200869E+01 -0.1536353E+01  0.1210888E+00
   04  0.2495338E+03  0.1415755E+02  0.2197492E+01 -0.1543239E+01  0.1209042E+00
   04  0.2510250E+03  0.1415737E+02  0.2194218E+01 -0.1549899E+01  0.1207275E+00
   04  0.2525162E+03  0.1415720E+02  0.2191042E+01 -0.1556325E+01  0.1205578E+00
   04  0.2540073E+03  0.1415704E+02  0.2187955E+01 -0.1562514E+01  0.1203943E+00
   04  0.2554985E+03  0.1415688E+02  0.2184951E+01 -0.1568460E+01  0.1202360E+00
   04  0.2569897E+03  0.1415673E+02  0.2182023E+01 -0.1574158E+01  0.1200821E+00
   04  0.2584808E+03  0.1415658E+02  0.2179164E+01 -0.1579608E+01  0.1199321E+00
   04  0.2599720E+03  0.1415643E+02  0.2176368E+01 -0.1584809E+01  0.1197854E+00
   04  0.2614632E+03  0.1415629E+02  0.2173628E+01 -0.1589764E+01  0.1196416E+00
   04  0.2629543E+03  0.1415615E+02  0.2170937E+01 -0.1594474E+01  0.1195003E+00
   04  0.2644455E+03  0.1415601E+02  0.2168290E+01 -0.1598941E+01  0.1193612E+00
   04  0.2659367E+03  0.1415587E+02  0.2165684E+01 -0.1603101E+01  0.1192291E+00
   04  0.2674278E+03  0.1415575E+02  0.2163117E+01 -0.1606930E+01  0.1191060E+00
   04  0.2689190E+03  0.1415564E+02  0.2160587E+01 -0.1610425E+01  0.1189914E+00
   04  0.2704102E+03  0.1415553E+02  0.2158091E+01 -0.1613586E+01  0.1188851E+00
   04  0.2719014E+03  0.1415543E+02  0.2155629E+01 -0.1616413E+01  0.1187867E+00
   04  0.2733925E+03  0.1415534E+02  0.2153198E+01 -0.1618906E+01  0.1186957E+00
   04  0.2748837E+03  0.1415526E+02  0.2150797E+01 -0.1621068E+01  0.1186118E+00
   04  0.2763749E+03  0.1415518E+02  0.2148423E+01 -0.1622899E+01  0.1185344E+00
   04  0.2778660E+03  0.1415511E+02  0.2146076E+01 -0.1624404E+01  0.1184631E+00
   04  0.2793572E+03  0.1415504E+02  0.2143753E+01 -0.1625583E+01  0.1183973E+00
   04  0.2808484E+03  0.1415498E+02  0.2141455E+01 -0.1626443E+01  0.1183366E+00
   04  0.2823395E+03  0.1415493E+02  0.2139179E+01 -0.1626985E+01  0.1182804E+00
   04  0.2838307E+03  0.1415487E+02  0.2136925E+01 -0.1627214E+01  0.1182280E+00
   04  0.2853219E+03  0.1415482E+02  0.2134691E+01 -0.1627135E+01  0.1181788E+00
   04  0.2868130E+03  0.1415478E+02  0.2132478E+01 -0.1626754E+01  0.1181323E+00
   04  0.2883042E+03  0.1415473E+02  0.2130285E+01 -0.1626075E+01  0.1180878E+00
   04  0.2897954E+03  0.1415469E+02  0.2128111E+01 -0.1625104E+01  0.1180448E+00
   04  0.2912865E+03  0.1415465E+02  0.2125956E+01 -0.1623849E+01  0.1180028E+00
   04  0.2927777E+03  0.1415461E+02  0.2123819E+01 -0.1622317E+01  0.1179611E+00
   04  0.2942689E+03  0.1415456E+02  0.2121701E+01 -0.1620513E+01  0.1179192E+00
   04  0.2957600E+03  0.1415452E+02  0.2119602E+01 -0.1618446E+01  0.1178765E+00
   04  0.2972512E+03  0.1415448E+02  0.2117521E+01 -0.1616123E+01  0.1178326E+00
   04  0.2987424E+03  0.1415443E+02  0.2115460E+01 -0.1613552E+01  0.1177870E+00
   04  0.3002335E+03  0.1415438E+02  0.2113418E+01 -0.1610741E+01  0.1177392E+00
   04  0.3017247E+03  0.1415433E+02  0.2111396E+01 -0.1607697E+01  0.1176888E+00
   04  0.3032159E+03  0.1415428E+02  0.2109394E+01 -0.1604431E+01  0.1176353E+00
   04  0.3047070E+03  0.1415422E+02  0.2107416E+01 -0.1600949E+01  0.1175783E+00
   04  0.3061982E+03  0.1415416E+02  0.2105464E+01 -0.1597260E+01  0.1175175E+00
   04  0.3076894E+03  0.1415410E+02  0.2103540E+01 -0.1593372E+01  0.1174527E+00
   04  0.3091805E+03  0.1415403E+02  0.2101647E+01 -0.1589295E+01  0.1173834E+00
   04  0.3106717E+03  0.1415396E+02  0.2099747E+01 -0.1585038E+01  0.1173126E+00
   04  0.3121629E+03  0.1415389E+02  0.2097844E+01 -0.1580608E+01  0.1172400E+00
   04  0.3136540E+03  0.1415382E+02  0.2095946E+01 -0.1575945E+01  0.1171705E+00
   04  0.3151452E+03  0.1415375E+02  0.2094061E+01 -0.1571047E+01  0.1171043E+00
   04  0.3165017E+03  0.1415369E+02  0.2092360E+01 -0.1566390E+01  0.1170459E+00
   04  0.3178581E+03  0.1415363E+02  0.2090681E+01 -0.1561547E+01  0.1169893E+00
   04  0.3192146E+03  0.1415358E+02  0.2089028E+01 -0.1556524E+01  0.1169339E+00
   04  0.3205710E+03  0.1415352E+02  0.2087407E+01 -0.1551324E+01  0.1168792E+00
   04  0.3219275E+03  0.1415347E+02  0.2085820E+01 -0.1545954E+01  0.1168250E+00
   04  0.3232839E+03  0.1415342E+02  0.2084273E+01 -0.1540420E+01  0.1167709E+00
   04  0.3246404E+03  0.1415336E+02  0.2082767E+01 -0.1534730E+01  0.1167166E+00
   04  0.3259968E+03  0.1415331E+02  0.2081307E+01 -0.1528891E+01  0.1166618E+00
   04  0.3273533E+03  0.1415325E+02  0.2079895E+01 -0.1522906E+01  0.1166060E+00
   04  0.3287097E+03  0.1415319E+02  0.2078533E+01 -0.1516779E+01  0.1165488E+00
   04  0.3300662E+03  0.1415313E+02  0.2077223E+01 -0.1510515E+01  0.1164895E+00
   04  0.3314226E+03  0.1415307E+02  0.2075969E+01 -0.1504118E+01  0.1164278E+00
   04  0.3327791E+03  0.1415301E+02  0.2074770E+01 -0.1497593E+01  0.1163632E+00
   04  0.3341355E+03  0.1415294E+02  0.2073629E+01 -0.1490945E+01  0.1162952E+00
   04  0.3354920E+03  0.1415287E+02  0.2072547E+01 -0.1484178E+01  0.1162234E+00
   04  0.3368484E+03  0.1415279E+02  0.2071525E+01 -0.1477298E+01  0.1161474E+00
   04  0.3382049E+03  0.1415271E+02  0.2070565E+01 -0.1470311E+01  0.1160668E+00
   04  0.3395613E+03  0.1415263E+02  0.2069666E+01 -0.1463222E+01  0.1159811E+00
   04  0.3409178E+03  0.1415254E+02  0.2068829E+01 -0.1456035E+01  0.1158899E+00
   04  0.3422742E+03  0.1415244E+02  0.2068055E+01 -0.1448757E+01  0.1157929E+00
   04  0.3436307E+03  0.1415233E+02  0.2067343E+01 -0.1441393E+01  0.1156897E+00
   04  0.3449871E+03  0.1415222E+02  0.2066695E+01 -0.1433948E+01  0.1155798E+00
   04  0.3463436E+03  0.1415211E+02  0.2066110E+01 -0.1426427E+01  0.1154629E+00
   04  0.3477000E+03  0.1415198E+02  0.2065587E+01 -0.1418835E+01  0.1153385E+00
   04  0.3490565E+03  0.1415185E+02  0.2065126E+01 -0.1411178E+01  0.1152064E+00
   04  0.3504130E+03  0.1415171E+02  0.2064727E+01 -0.1403460E+01  0.1150663E+00
   04  0.3517694E+03  0.1415156E+02  0.2064388E+01 -0.1395688E+01  0.1149177E+00
   04  0.3531259E+03  0.1415141E+02  0.2064110E+01 -0.1387866E+01  0.1147605E+00
   04  0.3544823E+03  0.1415124E+02  0.2063891E+01 -0.1379989E+01  0.1145935E+00
   04  0.3558388E+03  0.1415106E+02  0.2063730E+01 -0.1372052E+01  0.1144156E+00
   04  0.3574665E+03  0.1415083E+02  0.2063620E+01 -0.1362457E+01  0.1141869E+00
   04  0.3590942E+03  0.1415059E+02  0.2063589E+01 -0.1352794E+01  0.1139419E+00
   04  0.3607220E+03  0.1415033E+02  0.2063631E+01 -0.1343072E+01  0.1136806E+00
   04  0.3623497E+03  0.1415005E+02  0.2063743E+01 -0.1333303E+01  0.1134025E+00
   04  0.3639775E+03  0.1414975E+02  0.2063921E+01 -0.1323494E+01  0.1131074E+00
   04  0.3656052E+03  0.1414944E+02  0.2064158E+01 -0.1313656E+01  0.1127951E+00
   04  0.3672329E+03  0.1414911E+02  0.2064452E+01 -0.1303796E+01  0.1124652E+00
   04  0.3688607E+03  0.1414876E+02  0.2064796E+01 -0.1293922E+01  0.1121175E+00
   04  0.3704884E+03  0.1414840E+02  0.2065186E+01 -0.1284041E+01  0.1117517E+00
   04  0.3721162E+03  0.1414801E+02  0.2065618E+01 -0.1274159E+01  0.1113675E+00
   04  0.3737439E+03  0.1414761E+02  0.2066086E+01 -0.1264280E+01  0.1109646E+00
   04  0.3753717E+03  0.1414719E+02  0.2066586E+01 -0.1254411E+01  0.1105428E+00
   04  0.3769994E+03  0.1414675E+02  0.2067114E+01 -0.1244555E+01  0.1101018E+00
   04  0.3786271E+03  0.1414629E+02  0.2067665E+01 -0.1234714E+01  0.1096412E+00
   04  0.3802549E+03  0.1414581E+02  0.2068235E+01 -0.1224891E+01  0.1091607E+00
   04  0.3818826E+03  0.1414531E+02  0.2068819E+01 -0.1215088E+01  0.1086600E+00
   04  0.3835104E+03  0.1414478E+02  0.2069413E+01 -0.1205306E+01  0.1081388E+00
   04  0.3851381E+03  0.1414424E+02  0.2070012E+01 -0.1195545E+01  0.1075967E+00
   04  0.3867658E+03  0.1414368E+02  0.2070613E+01 -0.1185804E+01  0.1070334E+00
   04  0.3883936E+03  0.1414309E+02  0.2071212E+01 -0.1176083E+01  0.1064485E+00
   04  0.3900213E+03  0.1414249E+02  0.2071803E+01 -0.1166379E+01  0.1058416E+00
   04  0.3916491E+03  0.1414186E+02  0.2072383E+01 -0.1156691E+01  0.1052123E+00
   04  0.3932768E+03  0.1414121E+02  0.2072947E+01 -0.1147015E+01  0.1045603E+00
   04  0.3949046E+03  0.1414053E+02  0.2073492E+01 -0.1137348E+01  0.1038851E+00
   04  0.3965323E+03  0.1413983E+02  0.2074013E+01 -0.1127687E+01  0.1031863E+00
   04  0.3981600E+03  0.1413911E+02  0.2074507E+01 -0.1118026E+01  0.1024636E+00
   04  0.3997878E+03  0.1413836E+02  0.2074969E+01 -0.1108362E+01  0.1017165E+00
   04  0.4014155E+03  0.1413759E+02  0.2075396E+01 -0.1098688E+01  0.1009445E+00
   04  0.4030433E+03  0.1413679E+02  0.2075783E+01 -0.1089000E+01  0.1001473E+00
   04  0.4046710E+03  0.1413597E+02  0.2076126E+01 -0.1079250E+01  0.9932110E-01
   04  0.4062987E+03  0.1413511E+02  0.2076418E+01 -0.1069432E+01  0.9846553E-01
   04  0.4079265E+03  0.1413423E+02  0.2076657E+01 -0.1059546E+01  0.9758052E-01
   04  0.4095542E+03  0.1413331E+02  0.2076839E+01 -0.1049588E+01  0.9666603E-01
   04  0.4111820E+03  0.1413237E+02  0.2076961E+01 -0.1039557E+01  0.9572196E-01
   04  0.4128097E+03  0.1413139E+02  0.2077022E+01 -0.1029448E+01  0.9474821E-01
   04  0.4144375E+03  0.1413039E+02  0.2077018E+01 -0.1019260E+01  0.9374466E-01
   04  0.4160652E+03  0.1412936E+02  0.2076947E+01 -0.1008988E+01  0.9271117E-01
   04  0.4176929E+03  0.1412829E+02  0.2076808E+01 -0.9986286E+00  0.9164758E-01
   04  0.4193207E+03  0.1412720E+02  0.2076598E+01 -0.9881764E+00  0.9055371E-01
   04  0.4209484E+03  0.1412607E+02  0.2076315E+01 -0.9776271E+00  0.8942937E-01
   04  0.4225762E+03  0.1412492E+02  0.2075957E+01 -0.9669756E+00  0.8827434E-01
   04  0.4242039E+03  0.1412373E+02  0.2075523E+01 -0.9562164E+00  0.8708838E-01
   04  0.4258316E+03  0.1412252E+02  0.2075012E+01 -0.9453439E+00  0.8587125E-01
   04  0.4274594E+03  0.1412127E+02  0.2074421E+01 -0.9344363E+00  0.8462953E-01
   04  0.4290871E+03  0.1412001E+02  0.2073748E+01 -0.9235011E+00  0.8336401E-01
   04  0.4307149E+03  0.1411872E+02  0.2072991E+01 -0.9125341E+00  0.8207450E-01
   04  0.4323426E+03  0.1411741E+02  0.2072149E+01 -0.9015311E+00  0.8076078E-01
   04  0.4339704E+03  0.1411607E+02  0.2071219E+01 -0.8904873E+00  0.7942254E-01
   04  0.4355981E+03  0.1411470E+02  0.2070199E+01 -0.8793975E+00  0.7805949E-01
   04  0.4372258E+03  0.1411332E+02  0.2069088E+01 -0.8682564E+00  0.7667126E-01
   04  0.4388536E+03  0.1411190E+02  0.2067883E+01 -0.8570582E+00  0.7525746E-01
   04  0.4404813E+03  0.1411046E+02  0.2066583E+01 -0.8457970E+00  0.7381764E-01
   04  0.4421091E+03  0.1410900E+02  0.2065186E+01 -0.8344665E+00  0.7235132E-01
   04  0.4437368E+03  0.1410750E+02  0.2063690E+01 -0.8230605E+00  0.7085801E-01
   04  0.4453645E+03  0.1410598E+02  0.2062094E+01 -0.8115722E+00  0.6933717E-01
   04  0.4469923E+03  0.1410443E+02  0.2060397E+01 -0.7999949E+00  0.6778825E-01
   04  0.4486200E+03  0.1410286E+02  0.2058597E+01 -0.7883219E+00  0.6621067E-01
   04  0.4502478E+03  0.1410125E+02  0.2056694E+01 -0.7765462E+00  0.6460386E-01
   04  0.4518755E+03  0.1409961E+02  0.2054686E+01 -0.7646609E+00  0.6296721E-01
   04  0.4535033E+03  0.1409795E+02  0.2052573E+01 -0.7526588E+00  0.6130014E-01
   04  0.4551310E+03  0.1409625E+02  0.2050353E+01 -0.7405330E+00  0.5960205E-01
   04  0.4567587E+03  0.1409452E+02  0.2048027E+01 -0.7282767E+00  0.5787234E-01
   04  0.4583865E+03  0.1409276E+02  0.2045593E+01 -0.7158828E+00  0.5611042E-01
   04  0.4600142E+03  0.1409096E+02  0.2043051E+01 -0.7033446E+00  0.5431571E-01
   04  0.4616420E+03  0.1408913E+02  0.2040402E+01 -0.6906556E+00  0.5248767E-01
   04  0.4632697E+03  0.1408727E+02  0.2037645E+01 -0.6778092E+00  0.5062574E-01
   04  0.4648974E+03  0.1408537E+02  0.2034781E+01 -0.6647993E+00  0.4872941E-01
   04  0.4665252E+03  0.1408344E+02  0.2031810E+01 -0.6516199E+00  0.4679818E-01
   04  0.4681529E+03  0.1408148E+02  0.2028733E+01 -0.6382652E+00  0.4483160E-01
   04  0.4697807E+03  0.1407947E+02  0.2025552E+01 -0.6247297E+00  0.4282920E-01
   04  0.4714084E+03  0.1407744E+02  0.2022266E+01 -0.6110082E+00  0.4079060E-01
   04  0.4730362E+03  0.1407536E+02  0.2018879E+01 -0.5970956E+00  0.3871541E-01
   04  0.4746639E+03  0.1407325E+02  0.2015391E+01 -0.5829873E+00  0.3660330E-01
   04  0.4762916E+03  0.1407110E+02  0.2011806E+01 -0.5686792E+00  0.3445397E-01
   04  0.4779194E+03  0.1406891E+02  0.2008125E+01 -0.5541673E+00  0.3226718E-01
   04  0.4795471E+03  0.1406669E+02  0.2004351E+01 -0.5394480E+00  0.3004273E-01
   04  0.4811749E+03  0.1406443E+02  0.2000488E+01 -0.5245180E+00  0.2778044E-01
   04  0.4828026E+03  0.1406213E+02  0.1996541E+01 -0.5093744E+00  0.2548019E-01
   04  0.4844303E+03  0.1405979E+02  0.1992511E+01 -0.4940148E+00  0.2314168E-01
   04  0.4860581E+03  0.1405741E+02  0.1988399E+01 -0.4784369E+00  0.2076468E-01
   04  0.4876858E+03  0.1405499E+02  0.1984209E+01 -0.4626389E+00  0.1834897E-01
   04  0.4893136E+03  0.1405254E+02  0.1979939E+01 -0.4466194E+00  0.1589436E-01
   04  0.4909413E+03  0.1405005E+02  0.1975593E+01 -0.4303767E+00  0.1340062E-01
   04  0.4925691E+03  0.1404751E+02  0.1971171E+01 -0.4139089E+00  0.1086748E-01
   04  0.4941968E+03  0.1404493E+02  0.1966675E+01 -0.3971429E+00  0.8288681E-02
   04  0.4958245E+03  0.1404231E+02  0.1962105E+01 -0.3800311E+00  0.5659988E-02
   04  0.4974523E+03  0.1403963E+02  0.1957464E+01 -0.3626031E+00  0.2983946E-02
   04  0.4990800E+03  0.1403691E+02  0.1952756E+01 -0.3448855E+00  0.2628898E-03
   04  0.5007078E+03  0.1403414E+02  0.1947986E+01 -0.3268783E+00 -0.2503134E-02
   04  0.5023355E+03  0.1403133E+02  0.1943159E+01 -0.3085879E+00 -0.5313739E-02
   04  0.5039632E+03  0.1402848E+02  0.1938280E+01 -0.2900307E+00 -0.8167843E-02
   04  0.5055910E+03  0.1402558E+02  0.1933354E+01 -0.2712084E+00 -0.1106528E-01
   04  0.5072187E+03  0.1402264E+02  0.1928386E+01 -0.2521208E+00 -0.1400601E-01
   04  0.5088465E+03  0.1401966E+02  0.1923361E+01 -0.2327721E+00 -0.1698993E-01
   04  0.5104742E+03  0.1401663E+02  0.1918306E+01 -0.2131569E+00 -0.2001701E-01
   04  0.5121020E+03  0.1401356E+02  0.1913222E+01 -0.1932754E+00 -0.2308713E-01
   04  0.5137297E+03  0.1401045E+02  0.1908116E+01 -0.1731283E+00 -0.2620011E-01
   04  0.5153574E+03  0.1400729E+02  0.1902991E+01 -0.1527172E+00 -0.2935571E-01
   04  0.5169852E+03  0.1400409E+02  0.1897849E+01 -0.1320439E+00 -0.3255365E-01
   04  0.5186129E+03  0.1400085E+02  0.1892696E+01 -0.1111111E+00 -0.3579357E-01
   04  0.5202407E+03  0.1399757E+02  0.1887533E+01 -0.8992215E-01 -0.3907510E-01
   04  0.5218684E+03  0.1399425E+02  0.1882363E+01 -0.6848775E-01 -0.4239836E-01
   04  0.5234961E+03  0.1399088E+02  0.1877189E+01 -0.4683286E-01 -0.4576455E-01
   04  0.5251239E+03  0.1398747E+02  0.1872010E+01 -0.2496078E-01 -0.4917293E-01
   04  0.5267516E+03  0.1398402E+02  0.1866830E+01 -0.2875197E-02 -0.5262281E-01
   04  0.5283794E+03  0.1398053E+02  0.1861648E+01  0.1941972E-01 -0.5611344E-01
   04  0.5300071E+03  0.1397700E+02  0.1856467E+01  0.4188966E-01 -0.5964650E-01
   04  0.5316349E+03  0.1397342E+02  0.1851287E+01  0.6451802E-01 -0.6322214E-01
   04  0.5332626E+03  0.1396981E+02  0.1846111E+01  0.8730174E-01 -0.6683942E-01
   04  0.5348903E+03  0.1396615E+02  0.1840940E+01  0.1102377E+00 -0.7049739E-01
   04  0.5365181E+03  0.1396245E+02  0.1835777E+01  0.1333227E+00 -0.7419515E-01
   04  0.5381458E+03  0.1395871E+02  0.1830623E+01  0.1565569E+00 -0.7793181E-01
   04  0.5397736E+03  0.1395494E+02  0.1825482E+01  0.1799379E+00 -0.8170649E-01
   04  0.5414013E+03  0.1395113E+02  0.1820356E+01  0.2034611E+00 -0.8551835E-01
   04  0.5430290E+03  0.1394728E+02  0.1815246E+01  0.2271214E+00 -0.8936657E-01
   04  0.5446568E+03  0.1394339E+02  0.1810156E+01  0.2509136E+00 -0.9325037E-01
   04  0.5462845E+03  0.1393948E+02  0.1805087E+01  0.2748323E+00 -0.9716901E-01
   04  0.5479123E+03  0.1393552E+02  0.1800041E+01  0.2988718E+00 -0.1011218E+00
   04  0.5495400E+03  0.1393154E+02  0.1795020E+01  0.3230264E+00 -0.1051080E+00
   04  0.5511678E+03  0.1392752E+02  0.1790026E+01  0.3472902E+00 -0.1091270E+00
   04  0.5527955E+03  0.1392347E+02  0.1785061E+01  0.3716567E+00 -0.1131782E+00
   04  0.5544232E+03  0.1391938E+02  0.1780125E+01  0.3961175E+00 -0.1172607E+00
   04  0.5560510E+03  0.1391527E+02  0.1775221E+01  0.4206643E+00 -0.1213740E+00
   04  0.5576787E+03  0.1391113E+02  0.1770350E+01  0.4452886E+00 -0.1255172E+00
   04  0.5593065E+03  0.1390696E+02  0.1765513E+01  0.4699824E+00 -0.1296898E+00
   04  0.5609342E+03  0.1390275E+02  0.1760713E+01  0.4947381E+00 -0.1338912E+00
   04  0.5625619E+03  0.1389852E+02  0.1755952E+01  0.5195501E+00 -0.1381209E+00
   04  0.5641897E+03  0.1389427E+02  0.1751232E+01  0.5444086E+00 -0.1423783E+00
   04  0.5658174E+03  0.1388998E+02  0.1746554E+01  0.5693061E+00 -0.1466628E+00
   04  0.5674452E+03  0.1388567E+02  0.1741920E+01  0.5942357E+00 -0.1509742E+00
   04  0.5690729E+03  0.1388133E+02  0.1737331E+01  0.6191902E+00 -0.1553122E+00
   04  0.5707007E+03  0.1387697E+02  0.1732788E+01  0.6441628E+00 -0.1596764E+00
   04  0.5723284E+03  0.1387258E+02  0.1728291E+01  0.6691470E+00 -0.1640666E+00
   04  0.5739561E+03  0.1386816E+02  0.1723841E+01  0.6941364E+00 -0.1684827E+00
   04  0.5755839E+03  0.1386372E+02  0.1719440E+01  0.7191246E+00 -0.1729244E+00
   04  0.5772116E+03  0.1385925E+02  0.1715087E+01  0.7441056E+00 -0.1773917E+00
   04  0.5788394E+03  0.1385476E+02  0.1710783E+01  0.7690739E+00 -0.1818844E+00
   04  0.5804671E+03  0.1385024E+02  0.1706528E+01  0.7940237E+00 -0.1864024E+00
   04  0.5820948E+03  0.1384570E+02  0.1702323E+01  0.8189496E+00 -0.1909458E+00
   04  0.5837226E+03  0.1384113E+02  0.1698166E+01  0.8438465E+00 -0.1955144E+00
   04  0.5853503E+03  0.1383654E+02  0.1694060E+01  0.8687090E+00 -0.2001083E+00
   04  0.5869781E+03  0.1383192E+02  0.1690002E+01  0.8935322E+00 -0.2047274E+00
   04  0.5886058E+03  0.1382727E+02  0.1685993E+01  0.9183110E+00 -0.2093719E+00
   04  0.5902336E+03  0.1382260E+02  0.1682032E+01  0.9430406E+00 -0.2140416E+00
   04  0.5918613E+03  0.1381791E+02  0.1678119E+01  0.9677162E+00 -0.2187367E+00
   04  0.5934890E+03  0.1381319E+02  0.1674254E+01  0.9923328E+00 -0.2234572E+00
   04  0.5951168E+03  0.1380844E+02  0.1670436E+01  0.1016886E+01 -0.2282031E+00
   04  0.5967445E+03  0.1380367E+02  0.1666664E+01  0.1041370E+01 -0.2329745E+00
   04  0.5983723E+03  0.1379887E+02  0.1662937E+01  0.1065785E+01 -0.2377718E+00
