# gauge_id= 606 location=( -0.1242062325E+03  0.4175453827E+02 ) num_var=  4
# Stationary gauge
# level, time, q[  1  2  3], eta, aux[]
# file format ascii, time series follow in this file
   04  0.0000000E+00  0.1212489E+02  0.0000000E+00  0.0000000E+00  0.0000000E+00
   04  0.1000000E+01  0.1212489E+02  0.5223243E-16 -0.9408602E-16  0.1815762E+00
   04  0.1015873E+01  0.1212490E+02  0.6716365E-03  0.6636871E-05  0.1815810E+00
   04  0.1031746E+01  0.1212490E+02  0.1343238E-02  0.1328684E-04  0.1815858E+00
   04  0.1047619E+01  0.1212491E+02  0.2014804E-02  0.1994986E-04  0.1815906E+00
   04  0.1063492E+01  0.1212491E+02  0.2686335E-02  0.2662592E-04  0.1815953E+00
   04  0.1079365E+01  0.1212492E+02  0.3357830E-02  0.3331496E-04  0.1816001E+00
   04  0.1095238E+01  0.1212492E+02  0.4029290E-02  0.4001697E-04  0.1816049E+00
   04  0.1111111E+01  0.1212493E+02  0.4700715E-02  0.4673190E-04  0.1816097E+00
   04  0.1126984E+01  0.1212493E+02  0.5372104E-02  0.5345973E-04  0.1816145E+00
   04  0.1142857E+01  0.1212494E+02  0.6043458E-02  0.6020041E-04  0.1816193E+00
   04  0.1158730E+01  0.1212494E+02  0.6714776E-02  0.6695392E-04  0.1816241E+00
   04  0.1174603E+01  0.1212495E+02  0.7386058E-02  0.7372022E-04  0.1816289E+00
   04  0.1190476E+01  0.1212495E+02  0.8057304E-02  0.8049927E-04  0.1816337E+00
   04  0.1206349E+01  0.1212496E+02  0.8728515E-02  0.8729105E-04  0.1816385E+00
   04  0.1222222E+01  0.1212496E+02  0.9399690E-02  0.9409551E-04  0.1816432E+00
   04  0.1238095E+01  0.1212497E+02  0.1007083E-01  0.1009126E-03  0.1816480E+00
   04  0.1253968E+01  0.1212497E+02  0.1074193E-01  0.1077424E-03  0.1816528E+00
   04  0.1269841E+01  0.1212497E+02  0.1141300E-01  0.1145847E-03  0.1816576E+00
   04  0.1285714E+01  0.1212498E+02  0.1208403E-01  0.1214396E-03  0.1816624E+00
   04  0.1301587E+01  0.1212498E+02  0.1275502E-01  0.1283070E-03  0.1816672E+00
   04  0.1317460E+01  0.1212499E+02  0.1342598E-01  0.1351869E-03  0.1816720E+00
   04  0.1333333E+01  0.1212499E+02  0.1409690E-01  0.1420792E-03  0.1816768E+00
   04  0.1349206E+01  0.1212500E+02  0.1476779E-01  0.1489840E-03  0.1816816E+00
   04  0.1365079E+01  0.1212500E+02  0.1543864E-01  0.1559011E-03  0.1816864E+00
   04  0.1380952E+01  0.1212501E+02  0.1610945E-01  0.1628306E-03  0.1816912E+00
   04  0.1396825E+01  0.1212501E+02  0.1678023E-01  0.1697724E-03  0.1816960E+00
   04  0.1412698E+01  0.1212502E+02  0.1745097E-01  0.1767265E-03  0.1817008E+00
   04  0.1428571E+01  0.1212502E+02  0.1812167E-01  0.1836928E-03  0.1817056E+00
   04  0.1476190E+01  0.1212504E+02  0.2013350E-01  0.2046204E-03  0.1817200E+00
   04  0.1523810E+01  0.1212505E+02  0.2214499E-01  0.2256573E-03  0.1817344E+00
   04  0.1571429E+01  0.1212507E+02  0.2415615E-01  0.2468028E-03  0.1817488E+00
   04  0.1619048E+01  0.1212508E+02  0.2616698E-01  0.2680557E-03  0.1817632E+00
   04  0.1666667E+01  0.1212509E+02  0.2817747E-01  0.2894153E-03  0.1817776E+00
   04  0.1714286E+01  0.1212511E+02  0.3018762E-01  0.3108806E-03  0.1817920E+00
   04  0.1761905E+01  0.1212512E+02  0.3219744E-01  0.3324506E-03  0.1818065E+00
   04  0.1809524E+01  0.1212514E+02  0.3420691E-01  0.3541245E-03  0.1818209E+00
   04  0.1857143E+01  0.1212515E+02  0.3621605E-01  0.3759013E-03  0.1818353E+00
   04  0.1904762E+01  0.1212517E+02  0.3822484E-01  0.3977802E-03  0.1818497E+00
   04  0.1952381E+01  0.1212518E+02  0.4023328E-01  0.4197601E-03  0.1818642E+00
   04  0.2000000E+01  0.1212520E+02  0.4224138E-01  0.4418401E-03  0.1818786E+00
   04  0.5727919E+01  0.1212629E+02  0.1978011E+00  0.2076187E-02  0.1829740E+00
   04  0.9455838E+01  0.1212741E+02  0.3508931E+00  0.4152689E-02  0.1840907E+00
   04  0.1318376E+02  0.1212853E+02  0.5009110E+00  0.6230859E-02  0.1852089E+00
   04  0.1691168E+02  0.1212963E+02  0.6470569E+00  0.7955391E-02  0.1863097E+00
   04  0.2063960E+02  0.1213068E+02  0.7886932E+00  0.9067150E-02  0.1873596E+00
   04  0.2436752E+02  0.1213164E+02  0.9252399E+00  0.9367827E-02  0.1883276E+00
   04  0.2809543E+02  0.1213252E+02  0.1056189E+01  0.8875145E-02  0.1892012E+00
   04  0.3182335E+02  0.1213329E+02  0.1181097E+01  0.7334204E-02  0.1899703E+00
   04  0.3555127E+02  0.1213393E+02  0.1299582E+01  0.4707639E-02  0.1906105E+00
   04  0.3927919E+02  0.1213441E+02  0.1411340E+01  0.9464192E-03  0.1910953E+00
   04  0.4300711E+02  0.1213472E+02  0.1516148E+01 -0.3962568E-02  0.1914015E+00
   04  0.4487107E+02  0.1213478E+02  0.1565527E+01 -0.6904127E-02  0.1914666E+00
   04  0.4673503E+02  0.1213479E+02  0.1613081E+01 -0.1015122E-01  0.1914765E+00
   04  0.4839188E+02  0.1213474E+02  0.1653653E+01 -0.1332339E-01  0.1914228E+00
   04  0.5004874E+02  0.1213464E+02  0.1692756E+01 -0.1675330E-01  0.1913193E+00
   04  0.5170559E+02  0.1213451E+02  0.1730669E+01 -0.2043530E-01  0.1911901E+00
   04  0.5336244E+02  0.1213435E+02  0.1767402E+01 -0.2435070E-01  0.1910345E+00
   04  0.5501930E+02  0.1213417E+02  0.1802961E+01 -0.2848102E-01  0.1908521E+00
   04  0.5667615E+02  0.1213396E+02  0.1837355E+01 -0.3284274E-01  0.1906467E+00
   04  0.5833300E+02  0.1213374E+02  0.1870588E+01 -0.3743799E-01  0.1904204E+00
   04  0.5998985E+02  0.1213349E+02  0.1902663E+01 -0.4224677E-01  0.1901724E+00
   04  0.6164671E+02  0.1213322E+02  0.1933585E+01 -0.4725018E-01  0.1899023E+00
   04  0.6330356E+02  0.1213293E+02  0.1963357E+01 -0.5243033E-01  0.1896095E+00
   04  0.6496041E+02  0.1213261E+02  0.1991987E+01 -0.5777028E-01  0.1892937E+00
   04  0.6661727E+02  0.1213227E+02  0.2019479E+01 -0.6325385E-01  0.1889545E+00
   04  0.6827412E+02  0.1213191E+02  0.2045841E+01 -0.6886572E-01  0.1885916E+00
   04  0.6993097E+02  0.1213152E+02  0.2071081E+01 -0.7459102E-01  0.1882046E+00
   04  0.7158783E+02  0.1213111E+02  0.2095208E+01 -0.8041511E-01  0.1877934E+00
   04  0.7324468E+02  0.1213067E+02  0.2118230E+01 -0.8632324E-01  0.1873575E+00
   04  0.7490153E+02  0.1213021E+02  0.2140160E+01 -0.9229937E-01  0.1868967E+00
   04  0.7655838E+02  0.1212973E+02  0.2161007E+01 -0.9832846E-01  0.1864103E+00
   04  0.7821524E+02  0.1212922E+02  0.2180783E+01 -0.1044110E+00  0.1858989E+00
   04  0.7987209E+02  0.1212868E+02  0.2199500E+01 -0.1105466E+00  0.1853632E+00
   04  0.8152894E+02  0.1212812E+02  0.2217172E+01 -0.1167342E+00  0.1848035E+00
   04  0.8318580E+02  0.1212754E+02  0.2233814E+01 -0.1229719E+00  0.1842206E+00
   04  0.8484265E+02  0.1212693E+02  0.2249439E+01 -0.1292577E+00  0.1836148E+00
   04  0.8649950E+02  0.1212630E+02  0.2264064E+01 -0.1355888E+00  0.1829869E+00
   04  0.8815636E+02  0.1212565E+02  0.2277704E+01 -0.1419623E+00  0.1823373E+00
   04  0.8981321E+02  0.1212498E+02  0.2290378E+01 -0.1483814E+00  0.1816659E+00
   04  0.9147006E+02  0.1212429E+02  0.2302102E+01 -0.1548553E+00  0.1809722E+00
   04  0.9445240E+02  0.1212300E+02  0.2321123E+01 -0.1665554E+00  0.1796815E+00
   04  0.9743473E+02  0.1212164E+02  0.2337234E+01 -0.1784113E+00  0.1783217E+00
   04  0.1004171E+03  0.1212021E+02  0.2350548E+01 -0.1903910E+00  0.1768963E+00
   04  0.1033994E+03  0.1211873E+02  0.2361215E+01 -0.2024642E+00  0.1754115E+00
   04  0.1063817E+03  0.1211721E+02  0.2369637E+01 -0.2146210E+00  0.1738949E+00
   04  0.1093641E+03  0.1211567E+02  0.2375951E+01 -0.2268590E+00  0.1723525E+00
   04  0.1123464E+03  0.1211412E+02  0.2380385E+01 -0.2391607E+00  0.1708042E+00
   04  0.1153287E+03  0.1211257E+02  0.2383012E+01 -0.2515367E+00  0.1692488E+00
   04  0.1183111E+03  0.1211100E+02  0.2383926E+01 -0.2639687E+00  0.1676845E+00
   04  0.1212934E+03  0.1210943E+02  0.2383126E+01 -0.2764395E+00  0.1661167E+00
   04  0.1242758E+03  0.1210787E+02  0.2380644E+01 -0.2889416E+00  0.1645479E+00
   04  0.1272581E+03  0.1210629E+02  0.2376570E+01 -0.3014496E+00  0.1629762E+00
   04  0.1302404E+03  0.1210472E+02  0.2370974E+01 -0.3139586E+00  0.1614005E+00
   04  0.1332228E+03  0.1210314E+02  0.2363936E+01 -0.3264488E+00  0.1598202E+00
   04  0.1362051E+03  0.1210155E+02  0.2355537E+01 -0.3389364E+00  0.1582305E+00
   04  0.1391874E+03  0.1209994E+02  0.2345866E+01 -0.3514519E+00  0.1566253E+00
   04  0.1421698E+03  0.1209832E+02  0.2335016E+01 -0.3639608E+00  0.1550062E+00
   04  0.1451521E+03  0.1209669E+02  0.2323080E+01 -0.3764272E+00  0.1533748E+00
   04  0.1481344E+03  0.1209505E+02  0.2310140E+01 -0.3888117E+00  0.1517334E+00
   04  0.1511168E+03  0.1209340E+02  0.2296323E+01 -0.4010790E+00  0.1500814E+00
   04  0.1540991E+03  0.1209174E+02  0.2281724E+01 -0.4131952E+00  0.1484215E+00
   04  0.1570814E+03  0.1209007E+02  0.2266433E+01 -0.4251278E+00  0.1467571E+00
   04  0.1600638E+03  0.1208841E+02  0.2250538E+01 -0.4368413E+00  0.1450920E+00
   04  0.1630461E+03  0.1208675E+02  0.2234133E+01 -0.4483009E+00  0.1434301E+00
   04  0.1660284E+03  0.1208509E+02  0.2217312E+01 -0.4594767E+00  0.1417756E+00
   04  0.1690108E+03  0.1208345E+02  0.2200159E+01 -0.4703466E+00  0.1401325E+00
   04  0.1719931E+03  0.1208182E+02  0.2182759E+01 -0.4808914E+00  0.1385046E+00
   04  0.1749755E+03  0.1208021E+02  0.2165201E+01 -0.4910949E+00  0.1368970E+00
   04  0.1779578E+03  0.1207863E+02  0.2147531E+01 -0.5009444E+00  0.1353100E+00
   04  0.1809401E+03  0.1207706E+02  0.2129739E+01 -0.5104316E+00  0.1337384E+00
   04  0.1824313E+03  0.1207627E+02  0.2120835E+01 -0.5150701E+00  0.1329572E+00
   04  0.1839225E+03  0.1207550E+02  0.2111930E+01 -0.5196194E+00  0.1321810E+00
   04  0.1854136E+03  0.1207473E+02  0.2103032E+01 -0.5240712E+00  0.1314097E+00
   04  0.1869048E+03  0.1207396E+02  0.2094149E+01 -0.5284240E+00  0.1306439E+00
   04  0.1883960E+03  0.1207320E+02  0.2085287E+01 -0.5326767E+00  0.1298841E+00
   04  0.1898871E+03  0.1207245E+02  0.2076455E+01 -0.5368284E+00  0.1291306E+00
   04  0.1913783E+03  0.1207170E+02  0.2067660E+01 -0.5408782E+00  0.1283841E+00
   04  0.1928695E+03  0.1207096E+02  0.2058910E+01 -0.5448260E+00  0.1276451E+00
   04  0.1943606E+03  0.1207023E+02  0.2050211E+01 -0.5486715E+00  0.1269141E+00
   04  0.1958518E+03  0.1206951E+02  0.2041572E+01 -0.5524125E+00  0.1261920E+00
   04  0.1973430E+03  0.1206880E+02  0.2032998E+01 -0.5560472E+00  0.1254795E+00
   04  0.1988341E+03  0.1206809E+02  0.2024496E+01 -0.5595751E+00  0.1247772E+00
   04  0.2003253E+03  0.1206740E+02  0.2016072E+01 -0.5629959E+00  0.1240859E+00
   04  0.2018165E+03  0.1206672E+02  0.2007733E+01 -0.5663100E+00  0.1234060E+00
   04  0.2033076E+03  0.1206606E+02  0.1999485E+01 -0.5695182E+00  0.1227382E+00
   04  0.2047988E+03  0.1206540E+02  0.1991333E+01 -0.5726216E+00  0.1220832E+00
   04  0.2062900E+03  0.1206476E+02  0.1983284E+01 -0.5756220E+00  0.1214413E+00
   04  0.2077811E+03  0.1206413E+02  0.1975343E+01 -0.5785215E+00  0.1208131E+00
   04  0.2092723E+03  0.1206352E+02  0.1967515E+01 -0.5813225E+00  0.1201990E+00
   04  0.2107635E+03  0.1206292E+02  0.1959806E+01 -0.5840280E+00  0.1195996E+00
   04  0.2122546E+03  0.1206233E+02  0.1952220E+01 -0.5866402E+00  0.1190152E+00
   04  0.2137458E+03  0.1206176E+02  0.1944760E+01 -0.5891608E+00  0.1184462E+00
   04  0.2152370E+03  0.1206121E+02  0.1937432E+01 -0.5915916E+00  0.1178926E+00
   04  0.2167281E+03  0.1206067E+02  0.1930239E+01 -0.5939343E+00  0.1173546E+00
   04  0.2182193E+03  0.1206015E+02  0.1923186E+01 -0.5961906E+00  0.1168324E+00
   04  0.2197105E+03  0.1205964E+02  0.1916278E+01 -0.5983623E+00  0.1163260E+00
   04  0.2212017E+03  0.1205915E+02  0.1909517E+01 -0.6004510E+00  0.1158355E+00
   04  0.2226928E+03  0.1205868E+02  0.1902908E+01 -0.6024585E+00  0.1153610E+00
   04  0.2241840E+03  0.1205822E+02  0.1896454E+01 -0.6043866E+00  0.1149024E+00
   04  0.2256752E+03  0.1205778E+02  0.1890158E+01 -0.6062370E+00  0.1144597E+00
   04  0.2271663E+03  0.1205735E+02  0.1884024E+01 -0.6080112E+00  0.1140330E+00
   04  0.2286575E+03  0.1205694E+02  0.1878053E+01 -0.6097111E+00  0.1136223E+00
   04  0.2301487E+03  0.1205654E+02  0.1872248E+01 -0.6113381E+00  0.1132276E+00
   04  0.2316398E+03  0.1205617E+02  0.1866611E+01 -0.6128985E+00  0.1128494E+00
   04  0.2331310E+03  0.1205581E+02  0.1861143E+01 -0.6144063E+00  0.1124893E+00
   04  0.2346222E+03  0.1205546E+02  0.1855845E+01 -0.6158632E+00  0.1121474E+00
   04  0.2361133E+03  0.1205514E+02  0.1850718E+01 -0.6172703E+00  0.1118237E+00
   04  0.2376045E+03  0.1205484E+02  0.1845762E+01 -0.6186287E+00  0.1115179E+00
   04  0.2390957E+03  0.1205455E+02  0.1840977E+01 -0.6199395E+00  0.1112301E+00
   04  0.2405868E+03  0.1205428E+02  0.1836363E+01 -0.6212035E+00  0.1109601E+00
   04  0.2420780E+03  0.1205402E+02  0.1831919E+01 -0.6224213E+00  0.1107077E+00
   04  0.2435692E+03  0.1205379E+02  0.1827646E+01 -0.6235934E+00  0.1104728E+00
   04  0.2450603E+03  0.1205357E+02  0.1823542E+01 -0.6247204E+00  0.1102550E+00
   04  0.2465515E+03  0.1205337E+02  0.1819607E+01 -0.6258026E+00  0.1100543E+00
   04  0.2480427E+03  0.1205319E+02  0.1815839E+01 -0.6268402E+00  0.1098703E+00
   04  0.2495338E+03  0.1205302E+02  0.1812237E+01 -0.6278328E+00  0.1097026E+00
   04  0.2510250E+03  0.1205287E+02  0.1808798E+01 -0.6287803E+00  0.1095509E+00
   04  0.2525162E+03  0.1205273E+02  0.1805521E+01 -0.6296819E+00  0.1094149E+00
   04  0.2540073E+03  0.1205261E+02  0.1802404E+01 -0.6305369E+00  0.1092940E+00
   04  0.2554985E+03  0.1205251E+02  0.1799443E+01 -0.6313442E+00  0.1091879E+00
   04  0.2569897E+03  0.1205241E+02  0.1796638E+01 -0.6321025E+00  0.1090960E+00
   04  0.2584808E+03  0.1205234E+02  0.1793985E+01 -0.6328115E+00  0.1090179E+00
   04  0.2599720E+03  0.1205227E+02  0.1791481E+01 -0.6334707E+00  0.1089532E+00
   04  0.2614632E+03  0.1205222E+02  0.1789123E+01 -0.6340797E+00  0.1089013E+00
   04  0.2629543E+03  0.1205218E+02  0.1786911E+01 -0.6346374E+00  0.1088617E+00
   04  0.2644455E+03  0.1205215E+02  0.1784844E+01 -0.6351436E+00  0.1088340E+00
   04  0.2659367E+03  0.1205213E+02  0.1782917E+01 -0.6355980E+00  0.1088177E+00
   04  0.2674278E+03  0.1205213E+02  0.1781130E+01 -0.6360004E+00  0.1088124E+00
   04  0.2689190E+03  0.1205213E+02  0.1779480E+01 -0.6363507E+00  0.1088176E+00
   04  0.2704102E+03  0.1205215E+02  0.1777964E+01 -0.6366486E+00  0.1088327E+00
   04  0.2719014E+03  0.1205217E+02  0.1776579E+01 -0.6368941E+00  0.1088575E+00
   04  0.2733925E+03  0.1205221E+02  0.1775324E+01 -0.6370870E+00  0.1088913E+00
   04  0.2748837E+03  0.1205225E+02  0.1774195E+01 -0.6372272E+00  0.1089336E+00
   04  0.2763749E+03  0.1205230E+02  0.1773189E+01 -0.6373143E+00  0.1089840E+00
   04  0.2778660E+03  0.1205236E+02  0.1772304E+01 -0.6373482E+00  0.1090419E+00
   04  0.2793572E+03  0.1205242E+02  0.1771537E+01 -0.6373286E+00  0.1091069E+00
   04  0.2808484E+03  0.1205250E+02  0.1770883E+01 -0.6372551E+00  0.1091784E+00
   04  0.2823395E+03  0.1205257E+02  0.1770341E+01 -0.6371269E+00  0.1092558E+00
   04  0.2838307E+03  0.1205266E+02  0.1769906E+01 -0.6369431E+00  0.1093385E+00
   04  0.2853219E+03  0.1205274E+02  0.1769575E+01 -0.6367015E+00  0.1094261E+00
   04  0.2868130E+03  0.1205284E+02  0.1769344E+01 -0.6364016E+00  0.1095179E+00
   04  0.2883042E+03  0.1205293E+02  0.1769210E+01 -0.6360426E+00  0.1096134E+00
   04  0.2897954E+03  0.1205303E+02  0.1769169E+01 -0.6356237E+00  0.1097121E+00
   04  0.2912865E+03  0.1205313E+02  0.1769217E+01 -0.6351441E+00  0.1098133E+00
   04  0.2927777E+03  0.1205323E+02  0.1769351E+01 -0.6346030E+00  0.1099165E+00
   04  0.2942689E+03  0.1205334E+02  0.1769567E+01 -0.6340023E+00  0.1100209E+00
   04  0.2957600E+03  0.1205344E+02  0.1769861E+01 -0.6333415E+00  0.1101258E+00
   04  0.2972512E+03  0.1205355E+02  0.1770230E+01 -0.6326198E+00  0.1102307E+00
   04  0.2987424E+03  0.1205365E+02  0.1770671E+01 -0.6318360E+00  0.1103351E+00
   04  0.3002335E+03  0.1205376E+02  0.1771178E+01 -0.6309891E+00  0.1104384E+00
   04  0.3017247E+03  0.1205386E+02  0.1771748E+01 -0.6300783E+00  0.1105402E+00
   04  0.3032159E+03  0.1205396E+02  0.1772387E+01 -0.6291026E+00  0.1106400E+00
   04  0.3047070E+03  0.1205405E+02  0.1773081E+01 -0.6280611E+00  0.1107373E+00
   04  0.3061982E+03  0.1205415E+02  0.1773827E+01 -0.6269526E+00  0.1108318E+00
   04  0.3076894E+03  0.1205424E+02  0.1774619E+01 -0.6257761E+00  0.1109232E+00
   04  0.3091805E+03  0.1205433E+02  0.1775450E+01 -0.6245306E+00  0.1110111E+00
   04  0.3106717E+03  0.1205441E+02  0.1776318E+01 -0.6232156E+00  0.1110951E+00
   04  0.3121629E+03  0.1205449E+02  0.1777222E+01 -0.6218304E+00  0.1111746E+00
   04  0.3136540E+03  0.1205457E+02  0.1778163E+01 -0.6203452E+00  0.1112512E+00
   04  0.3151452E+03  0.1205464E+02  0.1779140E+01 -0.6187553E+00  0.1113248E+00
   04  0.3165017E+03  0.1205471E+02  0.1780057E+01 -0.6172153E+00  0.1113884E+00
   04  0.3178581E+03  0.1205477E+02  0.1781003E+01 -0.6155867E+00  0.1114487E+00
   04  0.3192146E+03  0.1205482E+02  0.1781977E+01 -0.6138689E+00  0.1115053E+00
   04  0.3205710E+03  0.1205488E+02  0.1782978E+01 -0.6120619E+00  0.1115579E+00
   04  0.3219275E+03  0.1205492E+02  0.1784004E+01 -0.6101656E+00  0.1116061E+00
   04  0.3232839E+03  0.1205497E+02  0.1785056E+01 -0.6081805E+00  0.1116496E+00
   04  0.3246404E+03  0.1205501E+02  0.1786132E+01 -0.6061074E+00  0.1116881E+00
   04  0.3259968E+03  0.1205504E+02  0.1787230E+01 -0.6039472E+00  0.1117214E+00
   04  0.3273533E+03  0.1205507E+02  0.1788349E+01 -0.6017007E+00  0.1117492E+00
   04  0.3287097E+03  0.1205509E+02  0.1789489E+01 -0.5993688E+00  0.1117711E+00
   04  0.3300662E+03  0.1205510E+02  0.1790648E+01 -0.5969523E+00  0.1117870E+00
   04  0.3314226E+03  0.1205511E+02  0.1791823E+01 -0.5944524E+00  0.1117965E+00
   04  0.3327791E+03  0.1205512E+02  0.1793016E+01 -0.5918702E+00  0.1117994E+00
   04  0.3341355E+03  0.1205511E+02  0.1794222E+01 -0.5892070E+00  0.1117954E+00
   04  0.3354920E+03  0.1205510E+02  0.1795443E+01 -0.5864643E+00  0.1117843E+00
   04  0.3368484E+03  0.1205508E+02  0.1796675E+01 -0.5836436E+00  0.1117658E+00
   04  0.3382049E+03  0.1205506E+02  0.1797918E+01 -0.5807466E+00  0.1117398E+00
   04  0.3395613E+03  0.1205502E+02  0.1799171E+01 -0.5777750E+00  0.1117059E+00
   04  0.3409178E+03  0.1205498E+02  0.1800432E+01 -0.5747307E+00  0.1116641E+00
   04  0.3422742E+03  0.1205493E+02  0.1801700E+01 -0.5716155E+00  0.1116140E+00
   04  0.3436307E+03  0.1205487E+02  0.1802974E+01 -0.5684315E+00  0.1115555E+00
   04  0.3449871E+03  0.1205481E+02  0.1804253E+01 -0.5651807E+00  0.1114884E+00
   04  0.3463436E+03  0.1205473E+02  0.1805535E+01 -0.5618653E+00  0.1114125E+00
   04  0.3477000E+03  0.1205464E+02  0.1806819E+01 -0.5584865E+00  0.1113277E+00
   04  0.3490565E+03  0.1205455E+02  0.1808105E+01 -0.5550463E+00  0.1112338E+00
   04  0.3504130E+03  0.1205445E+02  0.1809391E+01 -0.5515470E+00  0.1111308E+00
   04  0.3517694E+03  0.1205434E+02  0.1810676E+01 -0.5479910E+00  0.1110183E+00
   04  0.3531259E+03  0.1205421E+02  0.1811959E+01 -0.5443809E+00  0.1108965E+00
   04  0.3544823E+03  0.1205408E+02  0.1813240E+01 -0.5407150E+00  0.1107648E+00
   04  0.3558388E+03  0.1205394E+02  0.1814518E+01 -0.5369904E+00  0.1106227E+00
   04  0.3574665E+03  0.1205376E+02  0.1816050E+01 -0.5324414E+00  0.1104381E+00
   04  0.3590942E+03  0.1205356E+02  0.1817574E+01 -0.5278037E+00  0.1102391E+00
   04  0.3607220E+03  0.1205334E+02  0.1819088E+01 -0.5230798E+00  0.1100255E+00
   04  0.3623497E+03  0.1205311E+02  0.1820588E+01 -0.5182732E+00  0.1097971E+00
   04  0.3639775E+03  0.1205287E+02  0.1822074E+01 -0.5133876E+00  0.1095537E+00
   04  0.3656052E+03  0.1205261E+02  0.1823544E+01 -0.5084269E+00  0.1092952E+00
   04  0.3672329E+03  0.1205234E+02  0.1824996E+01 -0.5033947E+00  0.1090215E+00
   04  0.3688607E+03  0.1205205E+02  0.1826428E+01 -0.4982948E+00  0.1087323E+00
   04  0.3704884E+03  0.1205174E+02  0.1827840E+01 -0.4931309E+00  0.1084276E+00
   04  0.3721162E+03  0.1205142E+02  0.1829231E+01 -0.4879065E+00  0.1081073E+00
   04  0.3737439E+03  0.1205109E+02  0.1830572E+01 -0.4826255E+00  0.1077681E+00
   04  0.3753717E+03  0.1205073E+02  0.1831858E+01 -0.4772917E+00  0.1074094E+00
   04  0.3769994E+03  0.1205035E+02  0.1833089E+01 -0.4719091E+00  0.1070313E+00
   04  0.3786271E+03  0.1204995E+02  0.1834266E+01 -0.4664812E+00  0.1066337E+00
   04  0.3802549E+03  0.1204953E+02  0.1835389E+01 -0.4610114E+00  0.1062168E+00
   04  0.3818826E+03  0.1204910E+02  0.1836458E+01 -0.4555032E+00  0.1057807E+00
   04  0.3835104E+03  0.1204864E+02  0.1837474E+01 -0.4499594E+00  0.1053254E+00
   04  0.3851381E+03  0.1204817E+02  0.1838436E+01 -0.4443828E+00  0.1048510E+00
   04  0.3867658E+03  0.1204767E+02  0.1839347E+01 -0.4387759E+00  0.1043576E+00
   04  0.3883936E+03  0.1204716E+02  0.1840205E+01 -0.4331409E+00  0.1038452E+00
   04  0.3900213E+03  0.1204663E+02  0.1841012E+01 -0.4274800E+00  0.1033141E+00
   04  0.3916491E+03  0.1204608E+02  0.1841767E+01 -0.4217946E+00  0.1027642E+00
   04  0.3932768E+03  0.1204551E+02  0.1842473E+01 -0.4160864E+00  0.1021956E+00
   04  0.3949046E+03  0.1204493E+02  0.1843130E+01 -0.4103564E+00  0.1016083E+00
   04  0.3965323E+03  0.1204432E+02  0.1843738E+01 -0.4046056E+00  0.1010025E+00
   04  0.3981600E+03  0.1204370E+02  0.1844298E+01 -0.3988346E+00  0.1003782E+00
   04  0.3997878E+03  0.1204305E+02  0.1844810E+01 -0.3930438E+00  0.9973547E-01
   04  0.4014155E+03  0.1204239E+02  0.1845275E+01 -0.3872332E+00  0.9907429E-01
   04  0.4030433E+03  0.1204171E+02  0.1845695E+01 -0.3814028E+00  0.9839472E-01
   04  0.4046710E+03  0.1204101E+02  0.1846068E+01 -0.3755521E+00  0.9769675E-01
   04  0.4062987E+03  0.1204030E+02  0.1846395E+01 -0.3696789E+00  0.9698008E-01
   04  0.4079265E+03  0.1203956E+02  0.1846677E+01 -0.3637764E+00  0.9624354E-01
   04  0.4095542E+03  0.1203880E+02  0.1846915E+01 -0.3578439E+00  0.9548719E-01
   04  0.4111820E+03  0.1203803E+02  0.1847108E+01 -0.3518807E+00  0.9471105E-01
   04  0.4128097E+03  0.1203723E+02  0.1847258E+01 -0.3458858E+00  0.9391512E-01
   04  0.4144375E+03  0.1203642E+02  0.1847366E+01 -0.3398578E+00  0.9309937E-01
   04  0.4160652E+03  0.1203558E+02  0.1847431E+01 -0.3337950E+00  0.9226378E-01
   04  0.4176929E+03  0.1203473E+02  0.1847454E+01 -0.3276957E+00  0.9140829E-01
   04  0.4193207E+03  0.1203385E+02  0.1847435E+01 -0.3215577E+00  0.9053284E-01
   04  0.4209484E+03  0.1203295E+02  0.1847375E+01 -0.3153791E+00  0.8963733E-01
   04  0.4225762E+03  0.1203204E+02  0.1847272E+01 -0.3091574E+00  0.8872167E-01
   04  0.4242039E+03  0.1203110E+02  0.1847127E+01 -0.3028902E+00  0.8778577E-01
   04  0.4258316E+03  0.1203015E+02  0.1846940E+01 -0.2965751E+00  0.8682949E-01
   04  0.4274594E+03  0.1202917E+02  0.1846710E+01 -0.2902061E+00  0.8585235E-01
   04  0.4290871E+03  0.1202817E+02  0.1846439E+01 -0.2837839E+00  0.8485426E-01
   04  0.4307149E+03  0.1202715E+02  0.1846125E+01 -0.2773103E+00  0.8383518E-01
   04  0.4323426E+03  0.1202611E+02  0.1845768E+01 -0.2707863E+00  0.8279506E-01
   04  0.4339704E+03  0.1202505E+02  0.1845370E+01 -0.2642126E+00  0.8173381E-01
   04  0.4355981E+03  0.1202397E+02  0.1844929E+01 -0.2575895E+00  0.8065132E-01
   04  0.4372258E+03  0.1202286E+02  0.1844446E+01 -0.2509169E+00  0.7954745E-01
   04  0.4388536E+03  0.1202174E+02  0.1843920E+01 -0.2441941E+00  0.7842205E-01
   04  0.4404813E+03  0.1202059E+02  0.1843352E+01 -0.2374204E+00  0.7727492E-01
   04  0.4421091E+03  0.1201942E+02  0.1842740E+01 -0.2305946E+00  0.7610585E-01
   04  0.4437368E+03  0.1201823E+02  0.1842084E+01 -0.2237151E+00  0.7491463E-01
   04  0.4453645E+03  0.1201702E+02  0.1841385E+01 -0.2167801E+00  0.7370098E-01
   04  0.4469923E+03  0.1201578E+02  0.1840641E+01 -0.2097874E+00  0.7246465E-01
   04  0.4486200E+03  0.1201452E+02  0.1839852E+01 -0.2027348E+00  0.7120532E-01
   04  0.4502478E+03  0.1201324E+02  0.1839016E+01 -0.1956195E+00  0.6992269E-01
   04  0.4518755E+03  0.1201193E+02  0.1838134E+01 -0.1884388E+00  0.6861641E-01
   04  0.4535033E+03  0.1201060E+02  0.1837204E+01 -0.1811897E+00  0.6728614E-01
   04  0.4551310E+03  0.1200925E+02  0.1836226E+01 -0.1738689E+00  0.6593149E-01
   04  0.4567587E+03  0.1200787E+02  0.1835198E+01 -0.1664731E+00  0.6455209E-01
   04  0.4583865E+03  0.1200646E+02  0.1834120E+01 -0.1589990E+00  0.6314752E-01
   04  0.4600142E+03  0.1200503E+02  0.1832989E+01 -0.1514427E+00  0.6171738E-01
   04  0.4616420E+03  0.1200358E+02  0.1831798E+01 -0.1438009E+00  0.6026022E-01
   04  0.4632697E+03  0.1200209E+02  0.1830542E+01 -0.1360698E+00  0.5877556E-01
   04  0.4648974E+03  0.1200058E+02  0.1829223E+01 -0.1282457E+00  0.5726291E-01
   04  0.4665252E+03  0.1199904E+02  0.1827836E+01 -0.1203251E+00  0.5572178E-01
   04  0.4681529E+03  0.1199747E+02  0.1826382E+01 -0.1123043E+00  0.5415169E-01
   04  0.4697807E+03  0.1199587E+02  0.1824859E+01 -0.1041794E+00  0.5255214E-01
   04  0.4714084E+03  0.1199424E+02  0.1823264E+01 -0.9594679E-01  0.5092263E-01
   04  0.4730362E+03  0.1199258E+02  0.1821597E+01 -0.8760291E-01  0.4926268E-01
   04  0.4746639E+03  0.1199089E+02  0.1819855E+01 -0.7914418E-01  0.4757180E-01
   04  0.4762916E+03  0.1198917E+02  0.1818038E+01 -0.7056714E-01  0.4584950E-01
   04  0.4779194E+03  0.1198741E+02  0.1816142E+01 -0.6186843E-01  0.4409531E-01
   04  0.4795471E+03  0.1198563E+02  0.1814168E+01 -0.5304484E-01  0.4230875E-01
   04  0.4811749E+03  0.1198381E+02  0.1812114E+01 -0.4409326E-01  0.4048938E-01
   04  0.4828026E+03  0.1198195E+02  0.1809977E+01 -0.3501076E-01  0.3863673E-01
   04  0.4844303E+03  0.1198007E+02  0.1807758E+01 -0.2579456E-01  0.3675038E-01
   04  0.4860581E+03  0.1197815E+02  0.1805454E+01 -0.1644211E-01  0.3482993E-01
   04  0.4876858E+03  0.1197619E+02  0.1803065E+01 -0.6951024E-02  0.3287500E-01
   04  0.4893136E+03  0.1197420E+02  0.1800591E+01  0.2680836E-02  0.3088520E-01
   04  0.4909413E+03  0.1197218E+02  0.1798029E+01  0.1245543E-01  0.2886018E-01
   04  0.4925691E+03  0.1197012E+02  0.1795380E+01  0.2237455E-01  0.2679958E-01
   04  0.4941968E+03  0.1196802E+02  0.1792643E+01  0.3239654E-01  0.2470668E-01
   04  0.4958245E+03  0.1196590E+02  0.1789818E+01  0.4250667E-01  0.2258293E-01
   04  0.4974523E+03  0.1196374E+02  0.1786904E+01  0.5271493E-01  0.2042784E-01
   04  0.4990800E+03  0.1196156E+02  0.1783901E+01  0.6303089E-01  0.1824088E-01
   04  0.5007078E+03  0.1195934E+02  0.1780809E+01  0.7346365E-01  0.1602153E-01
   04  0.5023355E+03  0.1195709E+02  0.1777628E+01  0.8402179E-01  0.1376925E-01
   04  0.5039632E+03  0.1195480E+02  0.1774356E+01  0.9471336E-01  0.1148361E-01
   04  0.5055910E+03  0.1195248E+02  0.1770996E+01  0.1055458E+00  0.9164146E-02
   04  0.5072187E+03  0.1195013E+02  0.1767547E+01  0.1165261E+00  0.6810408E-02
   04  0.5088465E+03  0.1194774E+02  0.1764003E+01  0.1276587E+00  0.4421922E-02
   04  0.5104742E+03  0.1194532E+02  0.1760371E+01  0.1389514E+00  0.1998254E-02
   04  0.5121020E+03  0.1194286E+02  0.1756653E+01  0.1504095E+00 -0.4610292E-03
   04  0.5137297E+03  0.1194036E+02  0.1752849E+01  0.1620374E+00 -0.2956354E-02
   04  0.5153574E+03  0.1193783E+02  0.1748958E+01  0.1738391E+00 -0.5488136E-02
   04  0.5169852E+03  0.1193526E+02  0.1744982E+01  0.1858180E+00 -0.8056778E-02
   04  0.5186129E+03  0.1193265E+02  0.1740921E+01  0.1979769E+00 -0.1066267E-01
   04  0.5202407E+03  0.1193001E+02  0.1736775E+01  0.2103179E+00 -0.1330620E-01
   04  0.5218684E+03  0.1192733E+02  0.1732544E+01  0.2228427E+00 -0.1598771E-01
   04  0.5234961E+03  0.1192461E+02  0.1728229E+01  0.2355523E+00 -0.1870755E-01
   04  0.5251239E+03  0.1192185E+02  0.1723830E+01  0.2484473E+00 -0.2146601E-01
   04  0.5267516E+03  0.1191905E+02  0.1719347E+01  0.2615277E+00 -0.2426340E-01
   04  0.5283794E+03  0.1191622E+02  0.1714782E+01  0.2747931E+00 -0.2709999E-01
   04  0.5300071E+03  0.1191334E+02  0.1710136E+01  0.2882610E+00 -0.2997455E-01
   04  0.5316349E+03  0.1191043E+02  0.1705409E+01  0.3019396E+00 -0.3288658E-01
   04  0.5332626E+03  0.1190748E+02  0.1700602E+01  0.3158286E+00 -0.3583625E-01
   04  0.5348903E+03  0.1190449E+02  0.1695718E+01  0.3299276E+00 -0.3882368E-01
   04  0.5365181E+03  0.1190147E+02  0.1690757E+01  0.3442358E+00 -0.4184898E-01
   04  0.5381458E+03  0.1189840E+02  0.1685720E+01  0.3587519E+00 -0.4491223E-01
   04  0.5397736E+03  0.1189530E+02  0.1680609E+01  0.3734745E+00 -0.4801351E-01
   04  0.5414013E+03  0.1189216E+02  0.1675425E+01  0.3884017E+00 -0.5115284E-01
   04  0.5430290E+03  0.1188899E+02  0.1670169E+01  0.4035315E+00 -0.5433028E-01
   04  0.5446568E+03  0.1188577E+02  0.1664844E+01  0.4188614E+00 -0.5754581E-01
   04  0.5462845E+03  0.1188252E+02  0.1659449E+01  0.4343889E+00 -0.6079945E-01
   04  0.5479123E+03  0.1187923E+02  0.1653988E+01  0.4501111E+00 -0.6409116E-01
   04  0.5495400E+03  0.1187590E+02  0.1648461E+01  0.4660250E+00 -0.6742090E-01
   04  0.5511678E+03  0.1187253E+02  0.1642870E+01  0.4821272E+00 -0.7078864E-01
   04  0.5527955E+03  0.1186912E+02  0.1637216E+01  0.4984143E+00 -0.7419430E-01
   04  0.5544232E+03  0.1186568E+02  0.1631501E+01  0.5148828E+00 -0.7763782E-01
   04  0.5560510E+03  0.1186220E+02  0.1625728E+01  0.5315288E+00 -0.8111910E-01
   04  0.5576787E+03  0.1185868E+02  0.1619896E+01  0.5483485E+00 -0.8463805E-01
   04  0.5593065E+03  0.1185512E+02  0.1614009E+01  0.5653377E+00 -0.8819454E-01
   04  0.5609342E+03  0.1185153E+02  0.1608068E+01  0.5824924E+00 -0.9178846E-01
   04  0.5625619E+03  0.1184790E+02  0.1602074E+01  0.5998083E+00 -0.9541966E-01
   04  0.5641897E+03  0.1184423E+02  0.1596030E+01  0.6172810E+00 -0.9908800E-01
   04  0.5658174E+03  0.1184052E+02  0.1589937E+01  0.6349061E+00 -0.1027933E+00
   04  0.5674452E+03  0.1183678E+02  0.1583796E+01  0.6526790E+00 -0.1065355E+00
   04  0.5690729E+03  0.1183300E+02  0.1577611E+01  0.6705952E+00 -0.1103142E+00
   04  0.5707007E+03  0.1182919E+02  0.1571381E+01  0.6886500E+00 -0.1141295E+00
   04  0.5723284E+03  0.1182534E+02  0.1565110E+01  0.7068389E+00 -0.1179810E+00
   04  0.5739561E+03  0.1182145E+02  0.1558798E+01  0.7251572E+00 -0.1218686E+00
   04  0.5755839E+03  0.1181753E+02  0.1552447E+01  0.7436001E+00 -0.1257921E+00
   04  0.5772116E+03  0.1181357E+02  0.1546060E+01  0.7621630E+00 -0.1297513E+00
   04  0.5788394E+03  0.1180957E+02  0.1539636E+01  0.7808412E+00 -0.1337460E+00
   04  0.5804671E+03  0.1180554E+02  0.1533178E+01  0.7996300E+00 -0.1377760E+00
   04  0.5820948E+03  0.1180148E+02  0.1526688E+01  0.8185247E+00 -0.1418411E+00
   04  0.5837226E+03  0.1179738E+02  0.1520166E+01  0.8375206E+00 -0.1459410E+00
   04  0.5853503E+03  0.1179324E+02  0.1513614E+01  0.8566130E+00 -0.1500757E+00
   04  0.5869781E+03  0.1178907E+02  0.1507034E+01  0.8757973E+00 -0.1542448E+00
   04  0.5886058E+03  0.1178487E+02  0.1500426E+01  0.8950688E+00 -0.1584481E+00
   04  0.5902336E+03  0.1178063E+02  0.1493791E+01  0.9144230E+00 -0.1626855E+00
   04  0.5918613E+03  0.1177636E+02  0.1487132E+01  0.9338551E+00 -0.1669567E+00
   04  0.5934890E+03  0.1177206E+02  0.1480448E+01  0.9533605E+00 -0.1712616E+00
   04  0.5951168E+03  0.1176772E+02  0.1473741E+01  0.9729348E+00 -0.1755998E+00
   04  0.5967445E+03  0.1176335E+02  0.1467012E+01  0.9925731E+00 -0.1799712E+00
   04  0.5983723E+03  0.1175894E+02  0.1460261E+01  0.1012272E+01 -0.1843758E+00
