# gauge_id= 602 location=( -0.1242122490E+03  0.4176223506E+02 ) num_var=  4
# Stationary gauge
# level, time, q[  1  2  3], eta, aux[]
# file format ascii, time series follow in this file
   04  0.0000000E+00  0.1436268E+02  0.0000000E+00  0.0000000E+00  0.0000000E+00
   04  0.1000000E+01  0.1436268E+02  0.3774759E-16 -0.5152844E-16  0.3456521E+00
   04  0.1015873E+01  0.1436268E+02  0.7665119E-03  0.1046341E-04  0.3456550E+00
   04  0.1031746E+01  0.1436268E+02  0.1532981E-02  0.2094288E-04  0.3456580E+00
   04  0.1047619E+01  0.1436269E+02  0.2299408E-02  0.3143836E-04  0.3456609E+00
   04  0.1063492E+01  0.1436269E+02  0.3065793E-02  0.4194985E-04  0.3456638E+00
   04  0.1079365E+01  0.1436269E+02  0.3832134E-02  0.5247732E-04  0.3456667E+00
   04  0.1095238E+01  0.1436269E+02  0.4598433E-02  0.6302074E-04  0.3456697E+00
   04  0.1111111E+01  0.1436270E+02  0.5364690E-02  0.7358010E-04  0.3456726E+00
   04  0.1126984E+01  0.1436270E+02  0.6130903E-02  0.8415537E-04  0.3456755E+00
   04  0.1142857E+01  0.1436270E+02  0.6897074E-02  0.9474653E-04  0.3456784E+00
   04  0.1158730E+01  0.1436271E+02  0.7663203E-02  0.1053536E-03  0.3456813E+00
   04  0.1174603E+01  0.1436271E+02  0.8429288E-02  0.1159764E-03  0.3456841E+00
   04  0.1190476E+01  0.1436271E+02  0.9195330E-02  0.1266152E-03  0.3456870E+00
   04  0.1206349E+01  0.1436271E+02  0.9961330E-02  0.1372697E-03  0.3456899E+00
   04  0.1222222E+01  0.1436272E+02  0.1072729E-01  0.1479400E-03  0.3456928E+00
   04  0.1238095E+01  0.1436272E+02  0.1149320E-01  0.1586261E-03  0.3456956E+00
   04  0.1253968E+01  0.1436272E+02  0.1225907E-01  0.1693279E-03  0.3456985E+00
   04  0.1269841E+01  0.1436273E+02  0.1302490E-01  0.1800455E-03  0.3457013E+00
   04  0.1285714E+01  0.1436273E+02  0.1379068E-01  0.1907788E-03  0.3457042E+00
   04  0.1301587E+01  0.1436273E+02  0.1455642E-01  0.2015277E-03  0.3457070E+00
   04  0.1317460E+01  0.1436273E+02  0.1532212E-01  0.2122924E-03  0.3457098E+00
   04  0.1333333E+01  0.1436274E+02  0.1608778E-01  0.2230727E-03  0.3457127E+00
   04  0.1349206E+01  0.1436274E+02  0.1685339E-01  0.2338687E-03  0.3457155E+00
   04  0.1365079E+01  0.1436274E+02  0.1761896E-01  0.2446803E-03  0.3457183E+00
   04  0.1380952E+01  0.1436275E+02  0.1838448E-01  0.2555075E-03  0.3457211E+00
   04  0.1396825E+01  0.1436275E+02  0.1914997E-01  0.2663503E-03  0.3457239E+00
   04  0.1412698E+01  0.1436275E+02  0.1991540E-01  0.2772086E-03  0.3457267E+00
   04  0.1428571E+01  0.1436275E+02  0.2068080E-01  0.2880826E-03  0.3457295E+00
   04  0.1476190E+01  0.1436276E+02  0.2297672E-01  0.3208425E-03  0.3457378E+00
   04  0.1523810E+01  0.1436277E+02  0.2527225E-01  0.3537418E-03  0.3457461E+00
   04  0.1571429E+01  0.1436278E+02  0.2756739E-01  0.3867803E-03  0.3457543E+00
   04  0.1619048E+01  0.1436279E+02  0.2986213E-01  0.4199575E-03  0.3457625E+00
   04  0.1666667E+01  0.1436279E+02  0.3215648E-01  0.4532731E-03  0.3457706E+00
   04  0.1714286E+01  0.1436280E+02  0.3445043E-01  0.4867267E-03  0.3457787E+00
   04  0.1761905E+01  0.1436281E+02  0.3674399E-01  0.5203182E-03  0.3457867E+00
   04  0.1809524E+01  0.1436282E+02  0.3903715E-01  0.5540472E-03  0.3457947E+00
   04  0.1857143E+01  0.1436283E+02  0.4132991E-01  0.5879134E-03  0.3458026E+00
   04  0.1904762E+01  0.1436283E+02  0.4362227E-01  0.6219168E-03  0.3458105E+00
   04  0.1952381E+01  0.1436284E+02  0.4591423E-01  0.6560569E-03  0.3458183E+00
   04  0.2000000E+01  0.1436285E+02  0.4820579E-01  0.6903338E-03  0.3458261E+00
   04  0.5727919E+01  0.1436336E+02  0.2263358E+00  0.4099426E-02  0.3463379E+00
   04  0.9455838E+01  0.1436355E+02  0.4017263E+00  0.7879796E-02  0.3465305E+00
   04  0.1318376E+02  0.1436341E+02  0.5738987E+00  0.1156540E-01  0.3463889E+00
   04  0.1691168E+02  0.1436295E+02  0.7425574E+00  0.1480808E-01  0.3459257E+00
   04  0.2063960E+02  0.1436218E+02  0.9073585E+00  0.1729188E-01  0.3451584E+00
   04  0.2436752E+02  0.1436113E+02  0.1067983E+01  0.1869974E-01  0.3441010E+00
   04  0.2809543E+02  0.1435977E+02  0.1224155E+01  0.1858404E-01  0.3427472E+00
   04  0.3182335E+02  0.1435818E+02  0.1375668E+01  0.1742627E-01  0.3411584E+00
   04  0.3555127E+02  0.1435638E+02  0.1522371E+01  0.1469549E-01  0.3393589E+00
   04  0.3927919E+02  0.1435437E+02  0.1664188E+01  0.9796247E-02  0.3373497E+00
   04  0.4300711E+02  0.1435216E+02  0.1801173E+01  0.2532500E-02  0.3351377E+00
   04  0.4487107E+02  0.1435097E+02  0.1867720E+01 -0.2151410E-02  0.3339499E+00
   04  0.4673503E+02  0.1434974E+02  0.1933024E+01 -0.7513028E-02  0.3327117E+00
   04  0.4839188E+02  0.1434861E+02  0.1990186E+01 -0.1281305E-01  0.3315880E+00
   04  0.5004874E+02  0.1434747E+02  0.2046538E+01 -0.1861117E-01  0.3304453E+00
   04  0.5170559E+02  0.1434631E+02  0.2102054E+01 -0.2490568E-01  0.3292829E+00
   04  0.5336244E+02  0.1434512E+02  0.2156709E+01 -0.3169437E-01  0.3281001E+00
   04  0.5501930E+02  0.1434392E+02  0.2210478E+01 -0.3897487E-01  0.3268967E+00
   04  0.5667615E+02  0.1434270E+02  0.2263338E+01 -0.4674466E-01  0.3256723E+00
   04  0.5833300E+02  0.1434145E+02  0.2315268E+01 -0.5500109E-01  0.3244266E+00
   04  0.5998985E+02  0.1434018E+02  0.2366249E+01 -0.6374121E-01  0.3231594E+00
   04  0.6164671E+02  0.1433889E+02  0.2416261E+01 -0.7296186E-01  0.3218705E+00
   04  0.6330356E+02  0.1433758E+02  0.2465288E+01 -0.8265976E-01  0.3205597E+00
   04  0.6496041E+02  0.1433625E+02  0.2513315E+01 -0.9283148E-01  0.3192271E+00
   04  0.6661727E+02  0.1433490E+02  0.2560329E+01 -0.1034735E+00  0.3178724E+00
   04  0.6827412E+02  0.1433352E+02  0.2606316E+01 -0.1145820E+00  0.3164961E+00
   04  0.6993097E+02  0.1433212E+02  0.2651267E+01 -0.1261534E+00  0.3150983E+00
   04  0.7158783E+02  0.1433070E+02  0.2695172E+01 -0.1381838E+00  0.3136791E+00
   04  0.7324468E+02  0.1432926E+02  0.2738026E+01 -0.1506699E+00  0.3122390E+00
   04  0.7490153E+02  0.1432780E+02  0.2779822E+01 -0.1636078E+00  0.3107783E+00
   04  0.7655838E+02  0.1432632E+02  0.2820558E+01 -0.1769873E+00  0.3092970E+00
   04  0.7821524E+02  0.1432482E+02  0.2860232E+01 -0.1907993E+00  0.3077952E+00
   04  0.7987209E+02  0.1432330E+02  0.2898844E+01 -0.2050344E+00  0.3062733E+00
   04  0.8152894E+02  0.1432176E+02  0.2936397E+01 -0.2196832E+00  0.3047315E+00
   04  0.8318580E+02  0.1432019E+02  0.2972894E+01 -0.2347359E+00  0.3031701E+00
   04  0.8484265E+02  0.1431861E+02  0.3008341E+01 -0.2501828E+00  0.3015896E+00
   04  0.8649950E+02  0.1431701E+02  0.3042747E+01 -0.2660138E+00  0.2999904E+00
   04  0.8815636E+02  0.1431540E+02  0.3076119E+01 -0.2822188E+00  0.2983731E+00
   04  0.8981321E+02  0.1431376E+02  0.3108467E+01 -0.2987876E+00  0.2967383E+00
   04  0.9147006E+02  0.1431211E+02  0.3139802E+01 -0.3157098E+00  0.2950865E+00
   04  0.9445240E+02  0.1430909E+02  0.3193825E+01 -0.3470866E+00  0.2920632E+00
   04  0.9743473E+02  0.1430601E+02  0.3244763E+01 -0.3796436E+00  0.2889819E+00
   04  0.1004171E+03  0.1430287E+02  0.3292728E+01 -0.4133190E+00  0.2858464E+00
   04  0.1033994E+03  0.1429969E+02  0.3337821E+01 -0.4480515E+00  0.2826608E+00
   04  0.1063817E+03  0.1429645E+02  0.3380120E+01 -0.4837803E+00  0.2794277E+00
   04  0.1093641E+03  0.1429317E+02  0.3419721E+01 -0.5204479E+00  0.2761502E+00
   04  0.1123464E+03  0.1428986E+02  0.3456726E+01 -0.5580002E+00  0.2728324E+00
   04  0.1153287E+03  0.1428650E+02  0.3491151E+01 -0.5963812E+00  0.2694713E+00
   04  0.1183111E+03  0.1428309E+02  0.3522987E+01 -0.6355357E+00  0.2660622E+00
   04  0.1212934E+03  0.1427964E+02  0.3552364E+01 -0.6754074E+00  0.2626194E+00
   04  0.1242758E+03  0.1427618E+02  0.3579423E+01 -0.7159385E+00  0.2591562E+00
   04  0.1272581E+03  0.1427271E+02  0.3604322E+01 -0.7570678E+00  0.2556853E+00
   04  0.1302404E+03  0.1426925E+02  0.3627224E+01 -0.7986649E+00  0.2522241E+00
   04  0.1332228E+03  0.1426580E+02  0.3648279E+01 -0.8407079E+00  0.2487804E+00
   04  0.1362051E+03  0.1426239E+02  0.3667641E+01 -0.8831669E+00  0.2453626E+00
   04  0.1391874E+03  0.1425900E+02  0.3685460E+01 -0.9260041E+00  0.2419791E+00
   04  0.1421698E+03  0.1425566E+02  0.3701885E+01 -0.9691761E+00  0.2386380E+00
   04  0.1451521E+03  0.1425237E+02  0.3717043E+01 -0.1012635E+01  0.2353478E+00
   04  0.1481344E+03  0.1424914E+02  0.3731061E+01 -0.1056332E+01  0.2321162E+00
   04  0.1511168E+03  0.1424597E+02  0.3744064E+01 -0.1100214E+01  0.2289502E+00
   04  0.1540991E+03  0.1424288E+02  0.3756175E+01 -0.1144228E+01  0.2258565E+00
   04  0.1570814E+03  0.1423987E+02  0.3767515E+01 -0.1188322E+01  0.2228408E+00
   04  0.1600638E+03  0.1423693E+02  0.3778201E+01 -0.1232443E+01  0.2199078E+00
   04  0.1630461E+03  0.1423409E+02  0.3788347E+01 -0.1276540E+01  0.2170620E+00
   04  0.1660284E+03  0.1423133E+02  0.3798063E+01 -0.1320561E+01  0.2143068E+00
   04  0.1690108E+03  0.1422867E+02  0.3807449E+01 -0.1364459E+01  0.2116451E+00
   04  0.1719931E+03  0.1422610E+02  0.3816603E+01 -0.1408185E+01  0.2090793E+00
   04  0.1749755E+03  0.1422363E+02  0.3825597E+01 -0.1451697E+01  0.2066097E+00
   04  0.1779578E+03  0.1422126E+02  0.3834489E+01 -0.1494953E+01  0.2042353E+00
   04  0.1809401E+03  0.1421898E+02  0.3843354E+01 -0.1537913E+01  0.2019566E+00
   04  0.1824313E+03  0.1421788E+02  0.3847764E+01 -0.1559162E+01  0.2008596E+00
   04  0.1839225E+03  0.1421681E+02  0.3852195E+01 -0.1580317E+01  0.1997860E+00
   04  0.1854136E+03  0.1421576E+02  0.3856655E+01 -0.1601369E+01  0.1987354E+00
   04  0.1869048E+03  0.1421473E+02  0.3861152E+01 -0.1622310E+01  0.1977078E+00
   04  0.1883960E+03  0.1421373E+02  0.3865692E+01 -0.1643137E+01  0.1967029E+00
   04  0.1898871E+03  0.1421274E+02  0.3870281E+01 -0.1663843E+01  0.1957206E+00
   04  0.1913783E+03  0.1421179E+02  0.3874925E+01 -0.1684423E+01  0.1947609E+00
   04  0.1928695E+03  0.1421085E+02  0.3879608E+01 -0.1704872E+01  0.1938218E+00
   04  0.1943606E+03  0.1420993E+02  0.3884313E+01 -0.1725183E+01  0.1929011E+00
   04  0.1958518E+03  0.1420902E+02  0.3889018E+01 -0.1745348E+01  0.1919965E+00
   04  0.1973430E+03  0.1420813E+02  0.3893696E+01 -0.1765360E+01  0.1911055E+00
   04  0.1988341E+03  0.1420725E+02  0.3898321E+01 -0.1785215E+01  0.1902251E+00
   04  0.2003253E+03  0.1420638E+02  0.3902864E+01 -0.1804908E+01  0.1893524E+00
   04  0.2018165E+03  0.1420551E+02  0.3907292E+01 -0.1824434E+01  0.1884843E+00
   04  0.2033076E+03  0.1420464E+02  0.3911573E+01 -0.1843788E+01  0.1876177E+00
   04  0.2047988E+03  0.1420377E+02  0.3915674E+01 -0.1862964E+01  0.1867496E+00
   04  0.2062900E+03  0.1420290E+02  0.3919560E+01 -0.1881956E+01  0.1858769E+00
   04  0.2077811E+03  0.1420202E+02  0.3923194E+01 -0.1900757E+01  0.1849966E+00
   04  0.2092723E+03  0.1420113E+02  0.3926538E+01 -0.1919361E+01  0.1841054E+00
   04  0.2107635E+03  0.1420022E+02  0.3929544E+01 -0.1937761E+01  0.1831996E+00
   04  0.2122546E+03  0.1419933E+02  0.3932480E+01 -0.1955953E+01  0.1823010E+00
   04  0.2137458E+03  0.1419844E+02  0.3935444E+01 -0.1973850E+01  0.1814182E+00
   04  0.2152370E+03  0.1419757E+02  0.3938408E+01 -0.1991425E+01  0.1805502E+00
   04  0.2167281E+03  0.1419672E+02  0.3941364E+01 -0.2008737E+01  0.1796958E+00
   04  0.2182193E+03  0.1419588E+02  0.3944304E+01 -0.2025812E+01  0.1788540E+00
   04  0.2197105E+03  0.1419505E+02  0.3947219E+01 -0.2042659E+01  0.1780234E+00
   04  0.2212017E+03  0.1419423E+02  0.3950100E+01 -0.2059283E+01  0.1772028E+00
   04  0.2226928E+03  0.1419341E+02  0.3952935E+01 -0.2075684E+01  0.1763907E+00
   04  0.2241840E+03  0.1419261E+02  0.3955708E+01 -0.2091862E+01  0.1755855E+00
   04  0.2256752E+03  0.1419181E+02  0.3958404E+01 -0.2107813E+01  0.1747857E+00
   04  0.2271663E+03  0.1419101E+02  0.3961008E+01 -0.2123535E+01  0.1739896E+00
   04  0.2286575E+03  0.1419022E+02  0.3963500E+01 -0.2139024E+01  0.1731954E+00
   04  0.2301487E+03  0.1418943E+02  0.3965862E+01 -0.2154275E+01  0.1724015E+00
   04  0.2316398E+03  0.1418863E+02  0.3968076E+01 -0.2169282E+01  0.1716062E+00
   04  0.2331310E+03  0.1418783E+02  0.3970123E+01 -0.2184042E+01  0.1708077E+00
   04  0.2346222E+03  0.1418703E+02  0.3971983E+01 -0.2198547E+01  0.1700046E+00
   04  0.2361133E+03  0.1418622E+02  0.3973639E+01 -0.2212792E+01  0.1691952E+00
   04  0.2376045E+03  0.1418540E+02  0.3975072E+01 -0.2226772E+01  0.1683782E+00
   04  0.2390957E+03  0.1418458E+02  0.3976267E+01 -0.2240481E+01  0.1675523E+00
   04  0.2405868E+03  0.1418374E+02  0.3977208E+01 -0.2253914E+01  0.1667165E+00
   04  0.2420780E+03  0.1418289E+02  0.3977882E+01 -0.2267067E+01  0.1658702E+00
   04  0.2435692E+03  0.1418204E+02  0.3978275E+01 -0.2279936E+01  0.1650125E+00
   04  0.2450603E+03  0.1418117E+02  0.3978378E+01 -0.2292519E+01  0.1641431E+00
   04  0.2465515E+03  0.1418029E+02  0.3978182E+01 -0.2304810E+01  0.1632616E+00
   04  0.2480427E+03  0.1417939E+02  0.3977678E+01 -0.2316807E+01  0.1623678E+00
   04  0.2495338E+03  0.1417849E+02  0.3976862E+01 -0.2328505E+01  0.1614618E+00
   04  0.2510250E+03  0.1417757E+02  0.3975730E+01 -0.2339903E+01  0.1605438E+00
   04  0.2525162E+03  0.1417664E+02  0.3974279E+01 -0.2350995E+01  0.1596140E+00
   04  0.2540073E+03  0.1417570E+02  0.3972508E+01 -0.2361779E+01  0.1586728E+00
   04  0.2554985E+03  0.1417475E+02  0.3970454E+01 -0.2372251E+01  0.1577250E+00
   04  0.2569897E+03  0.1417379E+02  0.3968116E+01 -0.2382408E+01  0.1567707E+00
   04  0.2584808E+03  0.1417283E+02  0.3965478E+01 -0.2392247E+01  0.1558093E+00
   04  0.2599720E+03  0.1417187E+02  0.3962538E+01 -0.2401766E+01  0.1548410E+00
   04  0.2614632E+03  0.1417089E+02  0.3959293E+01 -0.2410960E+01  0.1538662E+00
   04  0.2629543E+03  0.1416991E+02  0.3955744E+01 -0.2419826E+01  0.1528853E+00
   04  0.2644455E+03  0.1416892E+02  0.3951892E+01 -0.2428359E+01  0.1518990E+00
   04  0.2659367E+03  0.1416792E+02  0.3947733E+01 -0.2436708E+01  0.1508950E+00
   04  0.2674278E+03  0.1416689E+02  0.3943266E+01 -0.2444931E+01  0.1498688E+00
   04  0.2689190E+03  0.1416585E+02  0.3938488E+01 -0.2453026E+01  0.1488216E+00
   04  0.2704102E+03  0.1416478E+02  0.3933402E+01 -0.2460989E+01  0.1477545E+00
   04  0.2719014E+03  0.1416369E+02  0.3928011E+01 -0.2468820E+01  0.1466688E+00
   04  0.2733925E+03  0.1416259E+02  0.3922320E+01 -0.2476513E+01  0.1455660E+00
   04  0.2748837E+03  0.1416147E+02  0.3916336E+01 -0.2484066E+01  0.1444474E+00
   04  0.2763749E+03  0.1416034E+02  0.3910069E+01 -0.2491476E+01  0.1433146E+00
   04  0.2778660E+03  0.1415919E+02  0.3903529E+01 -0.2498737E+01  0.1421693E+00
   04  0.2793572E+03  0.1415804E+02  0.3896729E+01 -0.2505846E+01  0.1410131E+00
   04  0.2808484E+03  0.1415687E+02  0.3889682E+01 -0.2512798E+01  0.1398476E+00
   04  0.2823395E+03  0.1415570E+02  0.3882403E+01 -0.2519588E+01  0.1386746E+00
   04  0.2838307E+03  0.1415452E+02  0.3874908E+01 -0.2526210E+01  0.1374958E+00
   04  0.2853219E+03  0.1415334E+02  0.3867213E+01 -0.2532660E+01  0.1363128E+00
   04  0.2868130E+03  0.1415215E+02  0.3859335E+01 -0.2538932E+01  0.1351273E+00
   04  0.2883042E+03  0.1415097E+02  0.3851292E+01 -0.2545021E+01  0.1339411E+00
   04  0.2897954E+03  0.1414978E+02  0.3843102E+01 -0.2550920E+01  0.1327557E+00
   04  0.2912865E+03  0.1414860E+02  0.3834785E+01 -0.2556625E+01  0.1315729E+00
   04  0.2927777E+03  0.1414742E+02  0.3826358E+01 -0.2562130E+01  0.1303941E+00
   04  0.2942689E+03  0.1414625E+02  0.3817842E+01 -0.2567430E+01  0.1292209E+00
   04  0.2957600E+03  0.1414508E+02  0.3809253E+01 -0.2572520E+01  0.1280548E+00
   04  0.2972512E+03  0.1414392E+02  0.3800612E+01 -0.2577395E+01  0.1268971E+00
   04  0.2987424E+03  0.1414277E+02  0.3791935E+01 -0.2582051E+01  0.1257493E+00
   04  0.3002335E+03  0.1414164E+02  0.3783243E+01 -0.2586482E+01  0.1246124E+00
   04  0.3017247E+03  0.1414051E+02  0.3774551E+01 -0.2590686E+01  0.1234879E+00
   04  0.3032159E+03  0.1413940E+02  0.3765876E+01 -0.2594657E+01  0.1223766E+00
   04  0.3047070E+03  0.1413830E+02  0.3757236E+01 -0.2598393E+01  0.1212798E+00
   04  0.3061982E+03  0.1413722E+02  0.3748646E+01 -0.2601890E+01  0.1201984E+00
   04  0.3076894E+03  0.1413616E+02  0.3740120E+01 -0.2605146E+01  0.1191333E+00
   04  0.3091805E+03  0.1413511E+02  0.3731674E+01 -0.2608157E+01  0.1180855E+00
   04  0.3106717E+03  0.1413408E+02  0.3723316E+01 -0.2610922E+01  0.1170567E+00
   04  0.3121629E+03  0.1413307E+02  0.3715060E+01 -0.2613437E+01  0.1160479E+00
   04  0.3136540E+03  0.1413208E+02  0.3706919E+01 -0.2615749E+01  0.1150561E+00
   04  0.3151452E+03  0.1413110E+02  0.3698908E+01 -0.2617805E+01  0.1140763E+00
   04  0.3165017E+03  0.1413022E+02  0.3691746E+01 -0.2619423E+01  0.1131942E+00
   04  0.3178581E+03  0.1412935E+02  0.3684712E+01 -0.2620807E+01  0.1123214E+00
   04  0.3192146E+03  0.1412848E+02  0.3677818E+01 -0.2621959E+01  0.1114582E+00
   04  0.3205710E+03  0.1412763E+02  0.3671070E+01 -0.2622880E+01  0.1106053E+00
   04  0.3219275E+03  0.1412679E+02  0.3664476E+01 -0.2623571E+01  0.1097629E+00
   04  0.3232839E+03  0.1412596E+02  0.3658043E+01 -0.2624039E+01  0.1089318E+00
   04  0.3246404E+03  0.1412514E+02  0.3651765E+01 -0.2624280E+01  0.1081110E+00
   04  0.3259968E+03  0.1412432E+02  0.3645640E+01 -0.2624278E+01  0.1072984E+00
   04  0.3273533E+03  0.1412352E+02  0.3639673E+01 -0.2624031E+01  0.1064941E+00
   04  0.3287097E+03  0.1412272E+02  0.3633869E+01 -0.2623539E+01  0.1056978E+00
   04  0.3300662E+03  0.1412193E+02  0.3628232E+01 -0.2622802E+01  0.1049096E+00
   04  0.3314226E+03  0.1412115E+02  0.3622767E+01 -0.2621818E+01  0.1041292E+00
   04  0.3327791E+03  0.1412038E+02  0.3617476E+01 -0.2620587E+01  0.1033564E+00
   04  0.3341355E+03  0.1411962E+02  0.3612363E+01 -0.2619110E+01  0.1025911E+00
   04  0.3354920E+03  0.1411886E+02  0.3607430E+01 -0.2617386E+01  0.1018330E+00
   04  0.3368484E+03  0.1411811E+02  0.3602678E+01 -0.2615414E+01  0.1010818E+00
   04  0.3382049E+03  0.1411736E+02  0.3598109E+01 -0.2613195E+01  0.1003372E+00
   04  0.3395613E+03  0.1411662E+02  0.3593725E+01 -0.2610729E+01  0.9959886E-01
   04  0.3409178E+03  0.1411589E+02  0.3589524E+01 -0.2608016E+01  0.9886650E-01
   04  0.3422742E+03  0.1411516E+02  0.3585508E+01 -0.2605056E+01  0.9813974E-01
   04  0.3436307E+03  0.1411444E+02  0.3581676E+01 -0.2601850E+01  0.9741820E-01
   04  0.3449871E+03  0.1411373E+02  0.3578027E+01 -0.2598400E+01  0.9670163E-01
   04  0.3463436E+03  0.1411301E+02  0.3574560E+01 -0.2594707E+01  0.9598971E-01
   04  0.3477000E+03  0.1411231E+02  0.3571275E+01 -0.2590773E+01  0.9528208E-01
   04  0.3490565E+03  0.1411160E+02  0.3568170E+01 -0.2586600E+01  0.9457835E-01
   04  0.3504130E+03  0.1411090E+02  0.3565242E+01 -0.2582188E+01  0.9387811E-01
   04  0.3517694E+03  0.1411021E+02  0.3562491E+01 -0.2577540E+01  0.9318091E-01
   04  0.3531259E+03  0.1410951E+02  0.3559913E+01 -0.2572656E+01  0.9248629E-01
   04  0.3544823E+03  0.1410882E+02  0.3557507E+01 -0.2567544E+01  0.9179430E-01
   04  0.3558388E+03  0.1410813E+02  0.3555269E+01 -0.2562214E+01  0.9110516E-01
   04  0.3574665E+03  0.1410731E+02  0.3552814E+01 -0.2555532E+01  0.9028616E-01
   04  0.3590942E+03  0.1410650E+02  0.3550590E+01 -0.2548482E+01  0.8947509E-01
   04  0.3607220E+03  0.1410570E+02  0.3548595E+01 -0.2540963E+01  0.8868017E-01
   04  0.3623497E+03  0.1410492E+02  0.3546822E+01 -0.2532974E+01  0.8790064E-01
   04  0.3639775E+03  0.1410416E+02  0.3545264E+01 -0.2524515E+01  0.8713566E-01
   04  0.3656052E+03  0.1410341E+02  0.3543915E+01 -0.2515588E+01  0.8638424E-01
   04  0.3672329E+03  0.1410267E+02  0.3542767E+01 -0.2506195E+01  0.8564532E-01
   04  0.3688607E+03  0.1410194E+02  0.3541813E+01 -0.2496338E+01  0.8491772E-01
   04  0.3704884E+03  0.1410122E+02  0.3541044E+01 -0.2486022E+01  0.8419997E-01
   04  0.3721162E+03  0.1410051E+02  0.3540451E+01 -0.2475253E+01  0.8349057E-01
   04  0.3737439E+03  0.1409981E+02  0.3540026E+01 -0.2464038E+01  0.8278794E-01
   04  0.3753717E+03  0.1409911E+02  0.3539759E+01 -0.2452382E+01  0.8209042E-01
   04  0.3769994E+03  0.1409842E+02  0.3539641E+01 -0.2440293E+01  0.8139630E-01
   04  0.3786271E+03  0.1409773E+02  0.3539661E+01 -0.2427779E+01  0.8070382E-01
   04  0.3802549E+03  0.1409704E+02  0.3539811E+01 -0.2414847E+01  0.8001114E-01
   04  0.3818826E+03  0.1409634E+02  0.3540079E+01 -0.2401507E+01  0.7931643E-01
   04  0.3835104E+03  0.1409564E+02  0.3540456E+01 -0.2387767E+01  0.7861777E-01
   04  0.3851381E+03  0.1409494E+02  0.3540931E+01 -0.2373636E+01  0.7791327E-01
   04  0.3867658E+03  0.1409423E+02  0.3541494E+01 -0.2359124E+01  0.7720098E-01
   04  0.3883936E+03  0.1409350E+02  0.3542134E+01 -0.2344241E+01  0.7647897E-01
   04  0.3900213E+03  0.1409277E+02  0.3542841E+01 -0.2328996E+01  0.7574530E-01
   04  0.3916491E+03  0.1409202E+02  0.3543604E+01 -0.2313399E+01  0.7499803E-01
   04  0.3932768E+03  0.1409126E+02  0.3544412E+01 -0.2297460E+01  0.7423524E-01
   04  0.3949046E+03  0.1409048E+02  0.3545257E+01 -0.2281189E+01  0.7345503E-01
   04  0.3965323E+03  0.1408968E+02  0.3546126E+01 -0.2264597E+01  0.7265553E-01
   04  0.3981600E+03  0.1408886E+02  0.3547010E+01 -0.2247692E+01  0.7183485E-01
   04  0.3997878E+03  0.1408802E+02  0.3547899E+01 -0.2230485E+01  0.7099118E-01
   04  0.4014155E+03  0.1408715E+02  0.3548782E+01 -0.2212985E+01  0.7012274E-01
   04  0.4030433E+03  0.1408625E+02  0.3549651E+01 -0.2195201E+01  0.6922779E-01
   04  0.4046710E+03  0.1408534E+02  0.3550496E+01 -0.2177237E+01  0.6831244E-01
   04  0.4062987E+03  0.1408440E+02  0.3551313E+01 -0.2159111E+01  0.6737562E-01
   04  0.4079265E+03  0.1408344E+02  0.3552095E+01 -0.2140829E+01  0.6641541E-01
   04  0.4095542E+03  0.1408245E+02  0.3552836E+01 -0.2122396E+01  0.6542993E-01
   04  0.4111820E+03  0.1408144E+02  0.3553528E+01 -0.2103817E+01  0.6441736E-01
   04  0.4128097E+03  0.1408040E+02  0.3554167E+01 -0.2085097E+01  0.6337592E-01
   04  0.4144375E+03  0.1407933E+02  0.3554747E+01 -0.2066238E+01  0.6230387E-01
   04  0.4160652E+03  0.1407822E+02  0.3555262E+01 -0.2047243E+01  0.6119956E-01
   04  0.4176929E+03  0.1407709E+02  0.3555705E+01 -0.2028115E+01  0.6006137E-01
   04  0.4193207E+03  0.1407591E+02  0.3556072E+01 -0.2008854E+01  0.5888777E-01
   04  0.4209484E+03  0.1407470E+02  0.3556358E+01 -0.1989461E+01  0.5767729E-01
   04  0.4225762E+03  0.1407345E+02  0.3556557E+01 -0.1969938E+01  0.5642853E-01
   04  0.4242039E+03  0.1407216E+02  0.3556665E+01 -0.1950284E+01  0.5514018E-01
   04  0.4258316E+03  0.1407084E+02  0.3556677E+01 -0.1930498E+01  0.5381099E-01
   04  0.4274594E+03  0.1406946E+02  0.3556588E+01 -0.1910577E+01  0.5243958E-01
   04  0.4290871E+03  0.1406805E+02  0.3556396E+01 -0.1890519E+01  0.5102475E-01
   04  0.4307149E+03  0.1406659E+02  0.3556094E+01 -0.1870320E+01  0.4956538E-01
   04  0.4323426E+03  0.1406508E+02  0.3555680E+01 -0.1849979E+01  0.4806043E-01
   04  0.4339704E+03  0.1406353E+02  0.3555150E+01 -0.1829491E+01  0.4650894E-01
   04  0.4355981E+03  0.1406193E+02  0.3554500E+01 -0.1808855E+01  0.4491003E-01
   04  0.4372258E+03  0.1406029E+02  0.3553728E+01 -0.1788066E+01  0.4326288E-01
   04  0.4388536E+03  0.1405859E+02  0.3552832E+01 -0.1767122E+01  0.4156678E-01
   04  0.4404813E+03  0.1405685E+02  0.3551808E+01 -0.1746019E+01  0.3982108E-01
   04  0.4421091E+03  0.1405505E+02  0.3550656E+01 -0.1724755E+01  0.3802520E-01
   04  0.4437368E+03  0.1405320E+02  0.3549372E+01 -0.1703326E+01  0.3617866E-01
   04  0.4453645E+03  0.1405131E+02  0.3547957E+01 -0.1681729E+01  0.3428105E-01
   04  0.4469923E+03  0.1404936E+02  0.3546409E+01 -0.1659961E+01  0.3233201E-01
   04  0.4486200E+03  0.1404736E+02  0.3544727E+01 -0.1638020E+01  0.3033129E-01
   04  0.4502478E+03  0.1404530E+02  0.3542912E+01 -0.1615903E+01  0.2827869E-01
   04  0.4518755E+03  0.1404320E+02  0.3540962E+01 -0.1593608E+01  0.2617407E-01
   04  0.4535033E+03  0.1404104E+02  0.3538879E+01 -0.1571131E+01  0.2401736E-01
   04  0.4551310E+03  0.1403883E+02  0.3536663E+01 -0.1548470E+01  0.2180858E-01
   04  0.4567587E+03  0.1403657E+02  0.3534315E+01 -0.1525624E+01  0.1954776E-01
   04  0.4583865E+03  0.1403426E+02  0.3531836E+01 -0.1502590E+01  0.1723508E-01
   04  0.4600142E+03  0.1403190E+02  0.3529227E+01 -0.1479369E+01  0.1487086E-01
   04  0.4616420E+03  0.1402948E+02  0.3526491E+01 -0.1455960E+01  0.1245548E-01
   04  0.4632697E+03  0.1402701E+02  0.3523630E+01 -0.1432365E+01  0.9989389E-02
   04  0.4648974E+03  0.1402450E+02  0.3520646E+01 -0.1408582E+01  0.7473045E-02
   04  0.4665252E+03  0.1402193E+02  0.3517542E+01 -0.1384614E+01  0.4906969E-02
   04  0.4681529E+03  0.1401932E+02  0.3514321E+01 -0.1360460E+01  0.2291727E-02
   04  0.4697807E+03  0.1401665E+02  0.3510986E+01 -0.1336122E+01 -0.3720250E-03
   04  0.4714084E+03  0.1401394E+02  0.3507540E+01 -0.1311601E+01 -0.3083602E-02
   04  0.4730362E+03  0.1401118E+02  0.3503988E+01 -0.1286900E+01 -0.5842299E-02
   04  0.4746639E+03  0.1400838E+02  0.3500332E+01 -0.1262019E+01 -0.8647396E-02
   04  0.4762916E+03  0.1400553E+02  0.3496576E+01 -0.1236961E+01 -0.1149816E-01
   04  0.4779194E+03  0.1400263E+02  0.3492724E+01 -0.1211725E+01 -0.1439385E-01
   04  0.4795471E+03  0.1399969E+02  0.3488780E+01 -0.1186314E+01 -0.1733371E-01
   04  0.4811749E+03  0.1399671E+02  0.3484748E+01 -0.1160728E+01 -0.2031701E-01
   04  0.4828026E+03  0.1399368E+02  0.3480631E+01 -0.1134969E+01 -0.2334299E-01
   04  0.4844303E+03  0.1399061E+02  0.3476434E+01 -0.1109037E+01 -0.2641078E-01
   04  0.4860581E+03  0.1398750E+02  0.3472164E+01 -0.1082934E+01 -0.2951946E-01
   04  0.4876858E+03  0.1398436E+02  0.3467825E+01 -0.1056660E+01 -0.3266812E-01
   04  0.4893136E+03  0.1398117E+02  0.3463424E+01 -0.1030217E+01 -0.3585587E-01
   04  0.4909413E+03  0.1397794E+02  0.3458969E+01 -0.1003605E+01 -0.3908187E-01
   04  0.4925691E+03  0.1397468E+02  0.3454465E+01 -0.9768226E+00 -0.4234533E-01
   04  0.4941968E+03  0.1397138E+02  0.3449920E+01 -0.9498523E+00 -0.4564710E-01
   04  0.4958245E+03  0.1396804E+02  0.3445342E+01 -0.9226771E+00 -0.4898799E-01
   04  0.4974523E+03  0.1396466E+02  0.3440740E+01 -0.8953240E+00 -0.5236496E-01
   04  0.4990800E+03  0.1396125E+02  0.3436123E+01 -0.8678167E+00 -0.5577531E-01
   04  0.5007078E+03  0.1395781E+02  0.3431499E+01 -0.8401560E+00 -0.5921842E-01
   04  0.5023355E+03  0.1395433E+02  0.3426875E+01 -0.8123125E+00 -0.6269625E-01
   04  0.5039632E+03  0.1395081E+02  0.3422257E+01 -0.7842280E+00 -0.6621316E-01
   04  0.5055910E+03  0.1394726E+02  0.3417651E+01 -0.7559112E+00 -0.6976790E-01
   04  0.5072187E+03  0.1394366E+02  0.3413062E+01 -0.7273689E+00 -0.7335938E-01
   04  0.5088465E+03  0.1394004E+02  0.3408500E+01 -0.6986066E+00 -0.7698660E-01
   04  0.5104742E+03  0.1393638E+02  0.3403966E+01 -0.6696320E+00 -0.8064852E-01
   04  0.5121020E+03  0.1393268E+02  0.3399464E+01 -0.6404518E+00 -0.8434412E-01
   04  0.5137297E+03  0.1392895E+02  0.3395000E+01 -0.6110724E+00 -0.8807239E-01
   04  0.5153574E+03  0.1392519E+02  0.3390579E+01 -0.5815004E+00 -0.9183234E-01
   04  0.5169852E+03  0.1392140E+02  0.3386205E+01 -0.5517422E+00 -0.9562299E-01
   04  0.5186129E+03  0.1391758E+02  0.3381882E+01 -0.5218041E+00 -0.9944337E-01
   04  0.5202407E+03  0.1391373E+02  0.3377616E+01 -0.4916922E+00 -0.1032926E+00
   04  0.5218684E+03  0.1390985E+02  0.3373411E+01 -0.4614179E+00 -0.1071701E+00
   04  0.5234961E+03  0.1390595E+02  0.3369270E+01 -0.4310046E+00 -0.1110766E+00
   04  0.5251239E+03  0.1390201E+02  0.3365198E+01 -0.4004590E+00 -0.1150113E+00
   04  0.5267516E+03  0.1389805E+02  0.3361198E+01 -0.3697877E+00 -0.1189733E+00
   04  0.5283794E+03  0.1389406E+02  0.3357275E+01 -0.3389966E+00 -0.1229620E+00
   04  0.5300071E+03  0.1389005E+02  0.3353433E+01 -0.3080987E+00 -0.1269773E+00
   04  0.5316349E+03  0.1388601E+02  0.3349676E+01 -0.2771035E+00 -0.1310188E+00
   04  0.5332626E+03  0.1388194E+02  0.3346008E+01 -0.2460177E+00 -0.1350860E+00
   04  0.5348903E+03  0.1387785E+02  0.3342433E+01 -0.2148477E+00 -0.1391785E+00
   04  0.5365181E+03  0.1387373E+02  0.3338957E+01 -0.1836002E+00 -0.1432958E+00
   04  0.5381458E+03  0.1386959E+02  0.3335580E+01 -0.1522841E+00 -0.1474374E+00
   04  0.5397736E+03  0.1386542E+02  0.3332307E+01 -0.1209066E+00 -0.1516029E+00
   04  0.5414013E+03  0.1386123E+02  0.3329139E+01 -0.8947237E-01 -0.1557918E+00
   04  0.5430290E+03  0.1385702E+02  0.3326079E+01 -0.5798602E-01 -0.1600038E+00
   04  0.5446568E+03  0.1385279E+02  0.3323130E+01 -0.2645161E-01 -0.1642385E+00
   04  0.5462845E+03  0.1384853E+02  0.3320293E+01  0.5127137E-02 -0.1684956E+00
   04  0.5479123E+03  0.1384425E+02  0.3317570E+01  0.3674689E-01 -0.1727748E+00
   04  0.5495400E+03  0.1383995E+02  0.3314963E+01  0.6840472E-01 -0.1770757E+00
   04  0.5511678E+03  0.1383563E+02  0.3312475E+01  0.1000850E+00 -0.1813971E+00
   04  0.5527955E+03  0.1383129E+02  0.3310107E+01  0.1317483E+00 -0.1857355E+00
   04  0.5544232E+03  0.1382693E+02  0.3307861E+01  0.1633944E+00 -0.1900911E+00
   04  0.5560510E+03  0.1382256E+02  0.3305740E+01  0.1950230E+00 -0.1944638E+00
   04  0.5576787E+03  0.1381817E+02  0.3303744E+01  0.2266340E+00 -0.1988538E+00
   04  0.5593065E+03  0.1381376E+02  0.3301875E+01  0.2582273E+00 -0.2032612E+00
   04  0.5609342E+03  0.1380934E+02  0.3300134E+01  0.2898028E+00 -0.2076860E+00
   04  0.5625619E+03  0.1380490E+02  0.3298521E+01  0.3213583E+00 -0.2121283E+00
   04  0.5641897E+03  0.1380044E+02  0.3297035E+01  0.3529012E+00 -0.2165891E+00
   04  0.5658174E+03  0.1379596E+02  0.3295676E+01  0.3844314E+00 -0.2210684E+00
   04  0.5674452E+03  0.1379146E+02  0.3294443E+01  0.4159485E+00 -0.2255663E+00
   04  0.5690729E+03  0.1378694E+02  0.3293335E+01  0.4474518E+00 -0.2300830E+00
   04  0.5707007E+03  0.1378241E+02  0.3292346E+01  0.4789394E+00 -0.2346183E+00
   04  0.5723284E+03  0.1377785E+02  0.3291468E+01  0.5104088E+00 -0.2391724E+00
   04  0.5739561E+03  0.1377328E+02  0.3290687E+01  0.5418564E+00 -0.2437453E+00
   04  0.5755839E+03  0.1376869E+02  0.3290011E+01  0.5732884E+00 -0.2483371E+00
   04  0.5772116E+03  0.1376408E+02  0.3289445E+01  0.6047064E+00 -0.2529479E+00
   04  0.5788394E+03  0.1375945E+02  0.3288987E+01  0.6361092E+00 -0.2575775E+00
   04  0.5804671E+03  0.1375480E+02  0.3288637E+01  0.6674954E+00 -0.2622261E+00
   04  0.5820948E+03  0.1375013E+02  0.3288393E+01  0.6988632E+00 -0.2668935E+00
   04  0.5837226E+03  0.1374544E+02  0.3288253E+01  0.7302109E+00 -0.2715798E+00
   04  0.5853503E+03  0.1374074E+02  0.3288215E+01  0.7615363E+00 -0.2762849E+00
   04  0.5869781E+03  0.1373602E+02  0.3288278E+01  0.7928371E+00 -0.2810087E+00
   04  0.5886058E+03  0.1373127E+02  0.3288439E+01  0.8241108E+00 -0.2857513E+00
   04  0.5902336E+03  0.1372651E+02  0.3288697E+01  0.8553546E+00 -0.2905124E+00
   04  0.5918613E+03  0.1372173E+02  0.3289050E+01  0.8865656E+00 -0.2952921E+00
   04  0.5934890E+03  0.1371693E+02  0.3289495E+01  0.9177406E+00 -0.3000901E+00
   04  0.5951168E+03  0.1371212E+02  0.3290031E+01  0.9488764E+00 -0.3049065E+00
   04  0.5967445E+03  0.1370728E+02  0.3290836E+01  0.9800300E+00 -0.3097408E+00
   04  0.5983723E+03  0.1370243E+02  0.3291732E+01  0.1011133E+01 -0.3145941E+00
