# gauge_id= 607 location=( -0.1242042291E+03  0.4176285853E+02 ) num_var=  4
# Stationary gauge
# level, time, q[  1  2  3], eta, aux[]
# file format ascii, time series follow in this file
   04  0.0000000E+00  0.1110772E+02  0.0000000E+00  0.0000000E+00  0.0000000E+00
   04  0.1000000E+01  0.1110772E+02 -0.5140276E-16  0.6810771E-16  0.1216661E+00
   04  0.1015873E+01  0.1110772E+02  0.6041879E-03  0.5266379E-05  0.1216678E+00
   04  0.1031746E+01  0.1110772E+02  0.1208377E-02  0.1053235E-04  0.1216695E+00
   04  0.1047619E+01  0.1110772E+02  0.1812567E-02  0.1579793E-04  0.1216712E+00
   04  0.1063492E+01  0.1110773E+02  0.2416758E-02  0.2106312E-04  0.1216729E+00
   04  0.1079365E+01  0.1110773E+02  0.3020951E-02  0.2632792E-04  0.1216746E+00
   04  0.1095238E+01  0.1110773E+02  0.3625144E-02  0.3159236E-04  0.1216763E+00
   04  0.1111111E+01  0.1110773E+02  0.4229339E-02  0.3685643E-04  0.1216780E+00
   04  0.1126984E+01  0.1110773E+02  0.4833535E-02  0.4212015E-04  0.1216797E+00
   04  0.1142857E+01  0.1110773E+02  0.5437732E-02  0.4738352E-04  0.1216814E+00
   04  0.1158730E+01  0.1110774E+02  0.6041930E-02  0.5264654E-04  0.1216832E+00
   04  0.1174603E+01  0.1110774E+02  0.6646129E-02  0.5790924E-04  0.1216849E+00
   04  0.1190476E+01  0.1110774E+02  0.7250329E-02  0.6317161E-04  0.1216867E+00
   04  0.1206349E+01  0.1110774E+02  0.7854531E-02  0.6843367E-04  0.1216884E+00
   04  0.1222222E+01  0.1110774E+02  0.8458733E-02  0.7369542E-04  0.1216902E+00
   04  0.1238095E+01  0.1110774E+02  0.9062936E-02  0.7895687E-04  0.1216919E+00
   04  0.1253968E+01  0.1110775E+02  0.9667141E-02  0.8421803E-04  0.1216937E+00
   04  0.1269841E+01  0.1110775E+02  0.1027135E-01  0.8947890E-04  0.1216955E+00
   04  0.1285714E+01  0.1110775E+02  0.1087555E-01  0.9473950E-04  0.1216973E+00
   04  0.1301587E+01  0.1110775E+02  0.1147976E-01  0.9999982E-04  0.1216991E+00
   04  0.1317460E+01  0.1110775E+02  0.1208397E-01  0.1052599E-03  0.1217009E+00
   04  0.1333333E+01  0.1110776E+02  0.1268818E-01  0.1105197E-03  0.1217027E+00
   04  0.1349206E+01  0.1110776E+02  0.1329239E-01  0.1157793E-03  0.1217045E+00
   04  0.1365079E+01  0.1110776E+02  0.1389660E-01  0.1210386E-03  0.1217063E+00
   04  0.1380952E+01  0.1110776E+02  0.1450081E-01  0.1262977E-03  0.1217082E+00
   04  0.1396825E+01  0.1110776E+02  0.1510503E-01  0.1315566E-03  0.1217100E+00
   04  0.1412698E+01  0.1110776E+02  0.1570924E-01  0.1368152E-03  0.1217118E+00
   04  0.1428571E+01  0.1110777E+02  0.1631346E-01  0.1420737E-03  0.1217137E+00
   04  0.1476190E+01  0.1110777E+02  0.1812609E-01  0.1578347E-03  0.1217193E+00
   04  0.1523810E+01  0.1110778E+02  0.1993873E-01  0.1735942E-03  0.1217249E+00
   04  0.1571429E+01  0.1110778E+02  0.2175138E-01  0.1893522E-03  0.1217306E+00
   04  0.1619048E+01  0.1110779E+02  0.2356403E-01  0.2051090E-03  0.1217364E+00
   04  0.1666667E+01  0.1110779E+02  0.2537670E-01  0.2208649E-03  0.1217422E+00
   04  0.1714286E+01  0.1110780E+02  0.2718937E-01  0.2366198E-03  0.1217481E+00
   04  0.1761905E+01  0.1110781E+02  0.2900206E-01  0.2523742E-03  0.1217541E+00
   04  0.1809524E+01  0.1110781E+02  0.3081475E-01  0.2681281E-03  0.1217601E+00
   04  0.1857143E+01  0.1110782E+02  0.3262744E-01  0.2838817E-03  0.1217662E+00
   04  0.1904762E+01  0.1110782E+02  0.3444015E-01  0.2996352E-03  0.1217723E+00
   04  0.1952381E+01  0.1110783E+02  0.3625286E-01  0.3153888E-03  0.1217785E+00
   04  0.2000000E+01  0.1110784E+02  0.3806558E-01  0.3311427E-03  0.1217848E+00
   04  0.5727919E+01  0.1110847E+02  0.1797875E+00  0.1482714E-02  0.1224217E+00
   04  0.9455838E+01  0.1110948E+02  0.3214849E+00  0.2726575E-02  0.1234308E+00
   04  0.1318376E+02  0.1111086E+02  0.4630667E+00  0.4178192E-02  0.1248111E+00
   04  0.1691168E+02  0.1111260E+02  0.6043540E+00  0.6040623E-02  0.1265432E+00
   04  0.2063960E+02  0.1111467E+02  0.7451707E+00  0.8488475E-02  0.1286154E+00
   04  0.2436752E+02  0.1111706E+02  0.8853160E+00  0.1164287E-01  0.1310055E+00
   04  0.2809543E+02  0.1111972E+02  0.1024545E+01  0.1550385E-01  0.1336713E+00
   04  0.3182335E+02  0.1112263E+02  0.1162605E+01  0.2014155E-01  0.1365792E+00
   04  0.3555127E+02  0.1112575E+02  0.1299217E+01  0.2556294E-01  0.1396983E+00
   04  0.3927919E+02  0.1112905E+02  0.1434083E+01  0.3175650E-01  0.1429983E+00
   04  0.4300711E+02  0.1113250E+02  0.1566887E+01  0.3870154E-01  0.1464489E+00
   04  0.4487107E+02  0.1113428E+02  0.1632341E+01  0.4232484E-01  0.1482243E+00
   04  0.4673503E+02  0.1113607E+02  0.1697155E+01  0.4605376E-01  0.1500207E+00
   04  0.4839188E+02  0.1113769E+02  0.1754174E+01  0.4949185E-01  0.1516352E+00
   04  0.5004874E+02  0.1113931E+02  0.1810615E+01  0.5303757E-01  0.1532621E+00
   04  0.5170559E+02  0.1114095E+02  0.1866456E+01  0.5667445E-01  0.1548980E+00
   04  0.5336244E+02  0.1114259E+02  0.1921680E+01  0.6038332E-01  0.1565399E+00
   04  0.5501930E+02  0.1114424E+02  0.1976267E+01  0.6414306E-01  0.1581847E+00
   04  0.5667615E+02  0.1114588E+02  0.2030202E+01  0.6794389E-01  0.1598279E+00
   04  0.5833300E+02  0.1114752E+02  0.2083469E+01  0.7177197E-01  0.1614655E+00
   04  0.5998985E+02  0.1114915E+02  0.2136055E+01  0.7560552E-01  0.1630942E+00
   04  0.6164671E+02  0.1115076E+02  0.2187946E+01  0.7942239E-01  0.1647109E+00
   04  0.6330356E+02  0.1115237E+02  0.2239131E+01  0.8320033E-01  0.1663125E+00
   04  0.6496041E+02  0.1115395E+02  0.2289601E+01  0.8691716E-01  0.1678961E+00
   04  0.6661727E+02  0.1115551E+02  0.2338986E+01  0.9056420E-01  0.1694589E+00
   04  0.6827412E+02  0.1115705E+02  0.2387655E+01  0.9410664E-01  0.1709977E+00
   04  0.6993097E+02  0.1115856E+02  0.2435601E+01  0.9752300E-01  0.1725100E+00
   04  0.7158783E+02  0.1116005E+02  0.2482819E+01  0.1007920E+00  0.1739936E+00
   04  0.7324468E+02  0.1116150E+02  0.2529303E+01  0.1038922E+00  0.1754465E+00
   04  0.7490153E+02  0.1116292E+02  0.2575049E+01  0.1068044E+00  0.1768667E+00
   04  0.7655838E+02  0.1116430E+02  0.2620054E+01  0.1095275E+00  0.1782508E+00
   04  0.7821524E+02  0.1116565E+02  0.2664313E+01  0.1120470E+00  0.1795968E+00
   04  0.7987209E+02  0.1116696E+02  0.2707823E+01  0.1143490E+00  0.1809028E+00
   04  0.8152894E+02  0.1116822E+02  0.2750584E+01  0.1164204E+00  0.1821669E+00
   04  0.8318580E+02  0.1116944E+02  0.2792592E+01  0.1182486E+00  0.1833875E+00
   04  0.8484265E+02  0.1117062E+02  0.2833847E+01  0.1198218E+00  0.1845630E+00
   04  0.8649950E+02  0.1117174E+02  0.2874348E+01  0.1211284E+00  0.1856919E+00
   04  0.8815636E+02  0.1117283E+02  0.2914095E+01  0.1221575E+00  0.1867727E+00
   04  0.8981321E+02  0.1117386E+02  0.2953091E+01  0.1229567E+00  0.1878094E+00
   04  0.9147006E+02  0.1117486E+02  0.2991338E+01  0.1236350E+00  0.1888114E+00
   04  0.9445240E+02  0.1117657E+02  0.3058431E+01  0.1244758E+00  0.1905131E+00
   04  0.9743473E+02  0.1117813E+02  0.3123056E+01  0.1247366E+00  0.1920799E+00
   04  0.1004171E+03  0.1117956E+02  0.3185200E+01  0.1243780E+00  0.1935047E+00
   04  0.1033994E+03  0.1118083E+02  0.3244854E+01  0.1233648E+00  0.1947810E+00
   04  0.1063817E+03  0.1118195E+02  0.3301980E+01  0.1216648E+00  0.1958998E+00
   04  0.1093641E+03  0.1118291E+02  0.3356637E+01  0.1192661E+00  0.1968623E+00
   04  0.1123464E+03  0.1118372E+02  0.3408891E+01  0.1161642E+00  0.1976705E+00
   04  0.1153287E+03  0.1118438E+02  0.3458806E+01  0.1123459E+00  0.1983265E+00
   04  0.1183111E+03  0.1118488E+02  0.3506475E+01  0.1078333E+00  0.1988318E+00
   04  0.1212934E+03  0.1118524E+02  0.3551944E+01  0.1026565E+00  0.1991898E+00
   04  0.1242758E+03  0.1118546E+02  0.3595256E+01  0.9683978E-01  0.1994031E+00
   04  0.1272581E+03  0.1118553E+02  0.3636455E+01  0.9039781E-01  0.1994735E+00
   04  0.1302404E+03  0.1118546E+02  0.3675608E+01  0.8336954E-01  0.1994032E+00
   04  0.1332228E+03  0.1118525E+02  0.3712778E+01  0.7578476E-01  0.1991946E+00
   04  0.1362051E+03  0.1118490E+02  0.3748034E+01  0.6768366E-01  0.1988522E+00
   04  0.1391874E+03  0.1118443E+02  0.3781449E+01  0.5911478E-01  0.1983819E+00
   04  0.1421698E+03  0.1118384E+02  0.3813094E+01  0.5011339E-01  0.1977883E+00
   04  0.1451521E+03  0.1118312E+02  0.3843091E+01  0.4071438E-01  0.1970703E+00
   04  0.1481344E+03  0.1118229E+02  0.3871505E+01  0.3095506E-01  0.1962343E+00
   04  0.1511168E+03  0.1118134E+02  0.3898452E+01  0.2085874E-01  0.1952837E+00
   04  0.1540991E+03  0.1118028E+02  0.3924011E+01  0.1044515E-01  0.1942260E+00
   04  0.1570814E+03  0.1117912E+02  0.3948254E+01 -0.2675579E-03  0.1930693E+00
   04  0.1600638E+03  0.1117786E+02  0.3971249E+01 -0.1150419E-01  0.1918050E+00
   04  0.1630461E+03  0.1117649E+02  0.3993083E+01 -0.2333495E-01  0.1904361E+00
   04  0.1660284E+03  0.1117502E+02  0.4013839E+01 -0.3573821E-01  0.1889719E+00
   04  0.1690108E+03  0.1117347E+02  0.4033598E+01 -0.4868596E-01  0.1874225E+00
   04  0.1719931E+03  0.1117185E+02  0.4052436E+01 -0.6214509E-01  0.1857978E+00
   04  0.1749755E+03  0.1117016E+02  0.4070470E+01 -0.7607288E-01  0.1841120E+00
   04  0.1779578E+03  0.1116843E+02  0.4087834E+01 -0.9041389E-01  0.1823809E+00
   04  0.1809401E+03  0.1116667E+02  0.4104587E+01 -0.1051062E+00  0.1806134E+00
   04  0.1824313E+03  0.1116577E+02  0.4112818E+01 -0.1125790E+00  0.1797190E+00
   04  0.1839225E+03  0.1116487E+02  0.4120917E+01 -0.1201093E+00  0.1788185E+00
   04  0.1854136E+03  0.1116397E+02  0.4128893E+01 -0.1276863E+00  0.1779126E+00
   04  0.1869048E+03  0.1116305E+02  0.4136753E+01 -0.1353011E+00  0.1770024E+00
   04  0.1883960E+03  0.1116214E+02  0.4144504E+01 -0.1429446E+00  0.1760885E+00
   04  0.1898871E+03  0.1116123E+02  0.4152151E+01 -0.1506188E+00  0.1751728E+00
   04  0.1913783E+03  0.1116031E+02  0.4159704E+01 -0.1583674E+00  0.1742610E+00
   04  0.1928695E+03  0.1115941E+02  0.4167171E+01 -0.1661854E+00  0.1733540E+00
   04  0.1943606E+03  0.1115851E+02  0.4174559E+01 -0.1740681E+00  0.1724529E+00
   04  0.1958518E+03  0.1115761E+02  0.4181879E+01 -0.1819992E+00  0.1715597E+00
   04  0.1973430E+03  0.1115673E+02  0.4189141E+01 -0.1899706E+00  0.1706758E+00
   04  0.1988341E+03  0.1115585E+02  0.4196354E+01 -0.1979805E+00  0.1698020E+00
   04  0.2003253E+03  0.1115499E+02  0.4203531E+01 -0.2060271E+00  0.1689393E+00
   04  0.2018165E+03  0.1115414E+02  0.4210682E+01 -0.2141084E+00  0.1680884E+00
   04  0.2033076E+03  0.1115330E+02  0.4217817E+01 -0.2222226E+00  0.1672502E+00
   04  0.2047988E+03  0.1115248E+02  0.4224948E+01 -0.2303680E+00  0.1664255E+00
   04  0.2062900E+03  0.1115167E+02  0.4232087E+01 -0.2385426E+00  0.1656152E+00
   04  0.2077811E+03  0.1115087E+02  0.4239247E+01 -0.2467446E+00  0.1648202E+00
   04  0.2092723E+03  0.1115009E+02  0.4246445E+01 -0.2549721E+00  0.1640416E+00
   04  0.2107635E+03  0.1114933E+02  0.4253699E+01 -0.2632229E+00  0.1632807E+00
   04  0.2122546E+03  0.1114858E+02  0.4260945E+01 -0.2714942E+00  0.1625325E+00
   04  0.2137458E+03  0.1114785E+02  0.4268151E+01 -0.2797827E+00  0.1617940E+00
   04  0.2152370E+03  0.1114712E+02  0.4275313E+01 -0.2880849E+00  0.1610647E+00
   04  0.2167281E+03  0.1114640E+02  0.4282425E+01 -0.2963976E+00  0.1603441E+00
   04  0.2182193E+03  0.1114568E+02  0.4289487E+01 -0.3047175E+00  0.1596315E+00
   04  0.2197105E+03  0.1114498E+02  0.4296495E+01 -0.3130415E+00  0.1589265E+00
   04  0.2212017E+03  0.1114428E+02  0.4303448E+01 -0.3213664E+00  0.1582286E+00
   04  0.2226928E+03  0.1114359E+02  0.4310344E+01 -0.3296893E+00  0.1575374E+00
   04  0.2241840E+03  0.1114290E+02  0.4317181E+01 -0.3380069E+00  0.1568525E+00
   04  0.2256752E+03  0.1114223E+02  0.4323958E+01 -0.3463162E+00  0.1561735E+00
   04  0.2271663E+03  0.1114155E+02  0.4330674E+01 -0.3546138E+00  0.1555001E+00
   04  0.2286575E+03  0.1114088E+02  0.4337328E+01 -0.3628966E+00  0.1548319E+00
   04  0.2301487E+03  0.1114022E+02  0.4343918E+01 -0.3711610E+00  0.1541687E+00
   04  0.2316398E+03  0.1113956E+02  0.4350444E+01 -0.3794036E+00  0.1535100E+00
   04  0.2331310E+03  0.1113891E+02  0.4356903E+01 -0.3876209E+00  0.1528556E+00
   04  0.2346222E+03  0.1113826E+02  0.4363296E+01 -0.3958090E+00  0.1522052E+00
   04  0.2361133E+03  0.1113761E+02  0.4369619E+01 -0.4039640E+00  0.1515583E+00
   04  0.2376045E+03  0.1113697E+02  0.4375872E+01 -0.4120821E+00  0.1509148E+00
   04  0.2390957E+03  0.1113633E+02  0.4382053E+01 -0.4201590E+00  0.1502741E+00
   04  0.2405868E+03  0.1113569E+02  0.4388160E+01 -0.4281900E+00  0.1496358E+00
   04  0.2420780E+03  0.1113505E+02  0.4394190E+01 -0.4361708E+00  0.1489997E+00
   04  0.2435692E+03  0.1113442E+02  0.4400142E+01 -0.4440965E+00  0.1483651E+00
   04  0.2450603E+03  0.1113378E+02  0.4406012E+01 -0.4519617E+00  0.1477317E+00
   04  0.2465515E+03  0.1113315E+02  0.4411799E+01 -0.4597613E+00  0.1470990E+00
   04  0.2480427E+03  0.1113252E+02  0.4417499E+01 -0.4674896E+00  0.1464664E+00
   04  0.2495338E+03  0.1113189E+02  0.4423111E+01 -0.4751413E+00  0.1458335E+00
   04  0.2510250E+03  0.1113125E+02  0.4428632E+01 -0.4827109E+00  0.1451999E+00
   04  0.2525162E+03  0.1113062E+02  0.4434061E+01 -0.4901928E+00  0.1445651E+00
   04  0.2540073E+03  0.1112998E+02  0.4439394E+01 -0.4975817E+00  0.1439286E+00
   04  0.2554985E+03  0.1112934E+02  0.4444632E+01 -0.5048721E+00  0.1432900E+00
   04  0.2569897E+03  0.1112870E+02  0.4449773E+01 -0.5120588E+00  0.1426491E+00
   04  0.2584808E+03  0.1112805E+02  0.4454775E+01 -0.5191372E+00  0.1420013E+00
   04  0.2599720E+03  0.1112740E+02  0.4459645E+01 -0.5261031E+00  0.1413472E+00
   04  0.2614632E+03  0.1112674E+02  0.4464393E+01 -0.5329526E+00  0.1406873E+00
   04  0.2629543E+03  0.1112607E+02  0.4469027E+01 -0.5396819E+00  0.1400224E+00
   04  0.2644455E+03  0.1112541E+02  0.4473555E+01 -0.5462868E+00  0.1393529E+00
   04  0.2659367E+03  0.1112473E+02  0.4477984E+01 -0.5527637E+00  0.1386793E+00
   04  0.2674278E+03  0.1112405E+02  0.4482320E+01 -0.5591088E+00  0.1380019E+00
   04  0.2689190E+03  0.1112337E+02  0.4486568E+01 -0.5653183E+00  0.1373210E+00
   04  0.2704102E+03  0.1112269E+02  0.4490733E+01 -0.5713886E+00  0.1366369E+00
   04  0.2719014E+03  0.1112200E+02  0.4494817E+01 -0.5773161E+00  0.1359498E+00
   04  0.2733925E+03  0.1112131E+02  0.4498825E+01 -0.5830974E+00  0.1352598E+00
   04  0.2748837E+03  0.1112062E+02  0.4502758E+01 -0.5887294E+00  0.1345670E+00
   04  0.2763749E+03  0.1111992E+02  0.4506619E+01 -0.5942087E+00  0.1338713E+00
   04  0.2778660E+03  0.1111923E+02  0.4510407E+01 -0.5995326E+00  0.1331727E+00
   04  0.2793572E+03  0.1111852E+02  0.4514123E+01 -0.6046979E+00  0.1324711E+00
   04  0.2808484E+03  0.1111782E+02  0.4517766E+01 -0.6097018E+00  0.1317661E+00
   04  0.2823395E+03  0.1111711E+02  0.4521335E+01 -0.6145413E+00  0.1310576E+00
   04  0.2838307E+03  0.1111640E+02  0.4524830E+01 -0.6192134E+00  0.1303454E+00
   04  0.2853219E+03  0.1111569E+02  0.4528249E+01 -0.6237593E+00  0.1296333E+00
   04  0.2868130E+03  0.1111497E+02  0.4531588E+01 -0.6281806E+00  0.1289214E+00
   04  0.2883042E+03  0.1111426E+02  0.4534846E+01 -0.6324710E+00  0.1282087E+00
   04  0.2897954E+03  0.1111355E+02  0.4538017E+01 -0.6366247E+00  0.1274945E+00
   04  0.2912865E+03  0.1111283E+02  0.4541097E+01 -0.6406369E+00  0.1267780E+00
   04  0.2927777E+03  0.1111211E+02  0.4544085E+01 -0.6445033E+00  0.1260586E+00
   04  0.2942689E+03  0.1111139E+02  0.4546974E+01 -0.6482200E+00  0.1253355E+00
   04  0.2957600E+03  0.1111066E+02  0.4549763E+01 -0.6517835E+00  0.1246082E+00
   04  0.2972512E+03  0.1110993E+02  0.4552449E+01 -0.6551907E+00  0.1238761E+00
   04  0.2987424E+03  0.1110919E+02  0.4555027E+01 -0.6584385E+00  0.1231387E+00
   04  0.3002335E+03  0.1110845E+02  0.4557496E+01 -0.6615241E+00  0.1223956E+00
   04  0.3017247E+03  0.1110770E+02  0.4559853E+01 -0.6644450E+00  0.1216463E+00
   04  0.3032159E+03  0.1110694E+02  0.4562088E+01 -0.6671786E+00  0.1208922E+00
   04  0.3047070E+03  0.1110619E+02  0.4564206E+01 -0.6697225E+00  0.1201330E+00
   04  0.3061982E+03  0.1110542E+02  0.4566205E+01 -0.6720761E+00  0.1193682E+00
   04  0.3076894E+03  0.1110465E+02  0.4568082E+01 -0.6742384E+00  0.1185973E+00
   04  0.3091805E+03  0.1110387E+02  0.4569834E+01 -0.6762082E+00  0.1178202E+00
   04  0.3106717E+03  0.1110309E+02  0.4571477E+01 -0.6779844E+00  0.1170352E+00
   04  0.3121629E+03  0.1110229E+02  0.4573014E+01 -0.6795658E+00  0.1162417E+00
   04  0.3136540E+03  0.1110149E+02  0.4574440E+01 -0.6810077E+00  0.1154349E+00
   04  0.3151452E+03  0.1110067E+02  0.4575752E+01 -0.6823178E+00  0.1146136E+00
   04  0.3165017E+03  0.1109991E+02  0.4576838E+01 -0.6833940E+00  0.1138535E+00
   04  0.3178581E+03  0.1109913E+02  0.4577824E+01 -0.6843619E+00  0.1130807E+00
   04  0.3192146E+03  0.1109835E+02  0.4578708E+01 -0.6852217E+00  0.1122952E+00
   04  0.3205710E+03  0.1109755E+02  0.4579487E+01 -0.6859744E+00  0.1114968E+00
   04  0.3219275E+03  0.1109674E+02  0.4580163E+01 -0.6866217E+00  0.1106856E+00
   04  0.3232839E+03  0.1109591E+02  0.4580734E+01 -0.6871676E+00  0.1098618E+00
   04  0.3246404E+03  0.1109508E+02  0.4581253E+01 -0.6876082E+00  0.1090301E+00
   04  0.3259968E+03  0.1109425E+02  0.4581762E+01 -0.6879242E+00  0.1081932E+00
   04  0.3273533E+03  0.1109340E+02  0.4582262E+01 -0.6881135E+00  0.1073510E+00
   04  0.3287097E+03  0.1109256E+02  0.4582754E+01 -0.6881742E+00  0.1065032E+00
   04  0.3300662E+03  0.1109170E+02  0.4583238E+01 -0.6881040E+00  0.1056498E+00
   04  0.3314226E+03  0.1109084E+02  0.4583713E+01 -0.6879008E+00  0.1047906E+00
   04  0.3327791E+03  0.1108998E+02  0.4584182E+01 -0.6875625E+00  0.1039256E+00
   04  0.3341355E+03  0.1108911E+02  0.4584644E+01 -0.6870874E+00  0.1030546E+00
   04  0.3354920E+03  0.1108823E+02  0.4585100E+01 -0.6864733E+00  0.1021777E+00
   04  0.3368484E+03  0.1108735E+02  0.4585551E+01 -0.6857182E+00  0.1012949E+00
   04  0.3382049E+03  0.1108646E+02  0.4585998E+01 -0.6848197E+00  0.1004060E+00
   04  0.3395613E+03  0.1108556E+02  0.4586441E+01 -0.6837753E+00  0.9951120E-01
   04  0.3409178E+03  0.1108466E+02  0.4586882E+01 -0.6825821E+00  0.9861039E-01
   04  0.3422742E+03  0.1108376E+02  0.4587320E+01 -0.6812368E+00  0.9770369E-01
   04  0.3436307E+03  0.1108284E+02  0.4587759E+01 -0.6797353E+00  0.9679121E-01
   04  0.3449871E+03  0.1108193E+02  0.4588197E+01 -0.6780720E+00  0.9587323E-01
   04  0.3463436E+03  0.1108100E+02  0.4588638E+01 -0.6762382E+00  0.9495025E-01
   04  0.3477000E+03  0.1108007E+02  0.4589086E+01 -0.6742546E+00  0.9402078E-01
   04  0.3490565E+03  0.1107914E+02  0.4589536E+01 -0.6721480E+00  0.9308264E-01
   04  0.3504130E+03  0.1107819E+02  0.4589990E+01 -0.6699148E+00  0.9213585E-01
   04  0.3517694E+03  0.1107723E+02  0.4590448E+01 -0.6675514E+00  0.9118041E-01
   04  0.3531259E+03  0.1107627E+02  0.4590913E+01 -0.6650545E+00  0.9021635E-01
   04  0.3544823E+03  0.1107530E+02  0.4591385E+01 -0.6624287E+00  0.8924430E-01
   04  0.3558388E+03  0.1107432E+02  0.4591867E+01 -0.6596806E+00  0.8826509E-01
   04  0.3574665E+03  0.1107313E+02  0.4592447E+01 -0.6562055E+00  0.8708114E-01
   04  0.3590942E+03  0.1107194E+02  0.4593053E+01 -0.6525121E+00  0.8588985E-01
   04  0.3607220E+03  0.1107074E+02  0.4593692E+01 -0.6485993E+00  0.8469115E-01
   04  0.3623497E+03  0.1106954E+02  0.4594370E+01 -0.6444647E+00  0.8348508E-01
   04  0.3639775E+03  0.1106832E+02  0.4595094E+01 -0.6401044E+00  0.8227183E-01
   04  0.3656052E+03  0.1106710E+02  0.4595871E+01 -0.6355141E+00  0.8105164E-01
   04  0.3672329E+03  0.1106588E+02  0.4596708E+01 -0.6306894E+00  0.7982474E-01
   04  0.3688607E+03  0.1106464E+02  0.4597612E+01 -0.6256256E+00  0.7859139E-01
   04  0.3704884E+03  0.1106340E+02  0.4598589E+01 -0.6203181E+00  0.7735181E-01
   04  0.3721162E+03  0.1106216E+02  0.4599648E+01 -0.6147623E+00  0.7610619E-01
   04  0.3737439E+03  0.1106091E+02  0.4600793E+01 -0.6089540E+00  0.7485470E-01
   04  0.3753717E+03  0.1105965E+02  0.4602032E+01 -0.6028891E+00  0.7359743E-01
   04  0.3769994E+03  0.1105839E+02  0.4603370E+01 -0.5965636E+00  0.7233448E-01
   04  0.3786271E+03  0.1105712E+02  0.4604814E+01 -0.5899736E+00  0.7106584E-01
   04  0.3802549E+03  0.1105584E+02  0.4606369E+01 -0.5831156E+00  0.6979153E-01
   04  0.3818826E+03  0.1105456E+02  0.4608040E+01 -0.5759860E+00  0.6851145E-01
   04  0.3835104E+03  0.1105328E+02  0.4609832E+01 -0.5685815E+00  0.6722549E-01
   04  0.3851381E+03  0.1105199E+02  0.4611750E+01 -0.5608991E+00  0.6593339E-01
   04  0.3867658E+03  0.1105069E+02  0.4613797E+01 -0.5529360E+00  0.6463487E-01
   04  0.3883936E+03  0.1104938E+02  0.4615979E+01 -0.5446896E+00  0.6332959E-01
   04  0.3900213E+03  0.1104807E+02  0.4618299E+01 -0.5361573E+00  0.6201714E-01
   04  0.3916491E+03  0.1104675E+02  0.4620759E+01 -0.5273372E+00  0.6069708E-01
   04  0.3932768E+03  0.1104542E+02  0.4623362E+01 -0.5182273E+00  0.5936891E-01
   04  0.3949046E+03  0.1104408E+02  0.4626110E+01 -0.5088259E+00  0.5803207E-01
   04  0.3965323E+03  0.1104274E+02  0.4629006E+01 -0.4991315E+00  0.5668596E-01
   04  0.3981600E+03  0.1104138E+02  0.4632049E+01 -0.4891429E+00  0.5532993E-01
   04  0.3997878E+03  0.1104002E+02  0.4635240E+01 -0.4788590E+00  0.5396329E-01
   04  0.4014155E+03  0.1103864E+02  0.4638580E+01 -0.4682791E+00  0.5258532E-01
   04  0.4030433E+03  0.1103725E+02  0.4642069E+01 -0.4574025E+00  0.5119522E-01
   04  0.4046710E+03  0.1103584E+02  0.4645706E+01 -0.4462289E+00  0.4979228E-01
   04  0.4062987E+03  0.1103443E+02  0.4649491E+01 -0.4347563E+00  0.4837551E-01
   04  0.4079265E+03  0.1103300E+02  0.4653424E+01 -0.4229770E+00  0.4694335E-01
   04  0.4095542E+03  0.1103155E+02  0.4657504E+01 -0.4108915E+00  0.4549497E-01
   04  0.4111820E+03  0.1103008E+02  0.4661728E+01 -0.3985004E+00  0.4402953E-01
   04  0.4128097E+03  0.1102860E+02  0.4666096E+01 -0.3858044E+00  0.4254617E-01
   04  0.4144375E+03  0.1102710E+02  0.4670606E+01 -0.3728043E+00  0.4104401E-01
   04  0.4160652E+03  0.1102557E+02  0.4675255E+01 -0.3595010E+00  0.3952216E-01
   04  0.4176929E+03  0.1102403E+02  0.4680040E+01 -0.3458954E+00  0.3797972E-01
   04  0.4193207E+03  0.1102247E+02  0.4684958E+01 -0.3319885E+00  0.3641577E-01
   04  0.4209484E+03  0.1102088E+02  0.4690007E+01 -0.3177813E+00  0.3482939E-01
   04  0.4225762E+03  0.1101927E+02  0.4695183E+01 -0.3032749E+00  0.3321965E-01
   04  0.4242039E+03  0.1101764E+02  0.4700482E+01 -0.2884704E+00  0.3158563E-01
   04  0.4258316E+03  0.1101598E+02  0.4705900E+01 -0.2733687E+00  0.2992639E-01
   04  0.4274594E+03  0.1101429E+02  0.4711433E+01 -0.2579596E+00  0.2824007E-01
   04  0.4290871E+03  0.1101258E+02  0.4717076E+01 -0.2422415E+00  0.2652553E-01
   04  0.4307149E+03  0.1101083E+02  0.4722824E+01 -0.2262140E+00  0.2478178E-01
   04  0.4323426E+03  0.1100906E+02  0.4728672E+01 -0.2098772E+00  0.2300784E-01
   04  0.4339704E+03  0.1100726E+02  0.4734615E+01 -0.1932311E+00  0.2120287E-01
   04  0.4355981E+03  0.1100542E+02  0.4740647E+01 -0.1762758E+00  0.1936603E-01
   04  0.4372258E+03  0.1100355E+02  0.4746761E+01 -0.1590118E+00  0.1749655E-01
   04  0.4388536E+03  0.1100165E+02  0.4752952E+01 -0.1414396E+00  0.1559365E-01
   04  0.4404813E+03  0.1099971E+02  0.4759214E+01 -0.1235600E+00  0.1365659E-01
   04  0.4421091E+03  0.1099774E+02  0.4765542E+01 -0.1053736E+00  0.1168464E-01
   04  0.4437368E+03  0.1099573E+02  0.4771928E+01 -0.8688141E-01  0.9677115E-02
   04  0.4453645E+03  0.1099369E+02  0.4778368E+01 -0.6808446E-01  0.7633323E-02
   04  0.4469923E+03  0.1099161E+02  0.4784856E+01 -0.4898382E-01  0.5552620E-02
   04  0.4486200E+03  0.1098949E+02  0.4791386E+01 -0.2958068E-01  0.3434382E-02
   04  0.4502478E+03  0.1098733E+02  0.4797953E+01 -0.9876380E-02  0.1278017E-02
   04  0.4518755E+03  0.1098514E+02  0.4804551E+01  0.1012766E-01 -0.9170408E-03
   04  0.4535033E+03  0.1098290E+02  0.4811175E+01  0.3042994E-01 -0.3151329E-02
   04  0.4551310E+03  0.1098063E+02  0.4817819E+01  0.5102907E-01 -0.5425377E-02
   04  0.4567587E+03  0.1097831E+02  0.4824478E+01  0.7192349E-01 -0.7739672E-02
   04  0.4583865E+03  0.1097596E+02  0.4831148E+01  0.9311144E-01 -0.1009467E-01
   04  0.4600142E+03  0.1097356E+02  0.4837822E+01  0.1145910E+00 -0.1249078E-01
   04  0.4616420E+03  0.1097112E+02  0.4844496E+01  0.1363602E+00 -0.1492839E-01
   04  0.4632697E+03  0.1096864E+02  0.4851165E+01  0.1584166E+00 -0.1740783E-01
   04  0.4648974E+03  0.1096612E+02  0.4857826E+01  0.1807581E+00 -0.1992942E-01
   04  0.4665252E+03  0.1096356E+02  0.4864472E+01  0.2033822E+00 -0.2249341E-01
   04  0.4681529E+03  0.1096095E+02  0.4871099E+01  0.2262861E+00 -0.2510005E-01
   04  0.4697807E+03  0.1095830E+02  0.4877704E+01  0.2494663E+00 -0.2774945E-01
   04  0.4714084E+03  0.1095561E+02  0.4884283E+01  0.2729191E+00 -0.3044172E-01
   04  0.4730362E+03  0.1095288E+02  0.4890830E+01  0.2966408E+00 -0.3317694E-01
   04  0.4746639E+03  0.1095010E+02  0.4897344E+01  0.3206278E+00 -0.3595517E-01
   04  0.4762916E+03  0.1094728E+02  0.4903820E+01  0.3448764E+00 -0.3877646E-01
   04  0.4779194E+03  0.1094441E+02  0.4910254E+01  0.3693832E+00 -0.4164081E-01
   04  0.4795471E+03  0.1094150E+02  0.4916645E+01  0.3941445E+00 -0.4454824E-01
   04  0.4811749E+03  0.1093855E+02  0.4922987E+01  0.4191569E+00 -0.4749874E-01
   04  0.4828026E+03  0.1093556E+02  0.4929280E+01  0.4444170E+00 -0.5049228E-01
   04  0.4844303E+03  0.1093252E+02  0.4935518E+01  0.4699214E+00 -0.5352881E-01
   04  0.4860581E+03  0.1092944E+02  0.4941701E+01  0.4956670E+00 -0.5660829E-01
   04  0.4876858E+03  0.1092632E+02  0.4947825E+01  0.5216506E+00 -0.5973065E-01
   04  0.4893136E+03  0.1092316E+02  0.4953887E+01  0.5478692E+00 -0.6289581E-01
   04  0.4909413E+03  0.1091995E+02  0.4959887E+01  0.5743200E+00 -0.6610367E-01
   04  0.4925691E+03  0.1091670E+02  0.4965820E+01  0.6009999E+00 -0.6935411E-01
   04  0.4941968E+03  0.1091340E+02  0.4971686E+01  0.6279156E+00 -0.7264780E-01
   04  0.4958245E+03  0.1091007E+02  0.4977483E+01  0.6550683E+00 -0.7598500E-01
   04  0.4974523E+03  0.1090669E+02  0.4983207E+01  0.6824545E+00 -0.7936551E-01
   04  0.4990800E+03  0.1090326E+02  0.4988858E+01  0.7100706E+00 -0.8278912E-01
   04  0.5007078E+03  0.1089980E+02  0.4994434E+01  0.7379131E+00 -0.8625558E-01
   04  0.5023355E+03  0.1089629E+02  0.4999934E+01  0.7659785E+00 -0.8976466E-01
   04  0.5039632E+03  0.1089274E+02  0.5005356E+01  0.7942631E+00 -0.9331612E-01
   04  0.5055910E+03  0.1088914E+02  0.5010700E+01  0.8227637E+00 -0.9690971E-01
   04  0.5072187E+03  0.1088551E+02  0.5015963E+01  0.8514768E+00 -0.1005452E+00
   04  0.5088465E+03  0.1088183E+02  0.5021153E+01  0.8804008E+00 -0.1042220E+00
   04  0.5104742E+03  0.1087811E+02  0.5026261E+01  0.9095304E+00 -0.1079402E+00
   04  0.5121020E+03  0.1087435E+02  0.5031286E+01  0.9388626E+00 -0.1116991E+00
   04  0.5137297E+03  0.1087055E+02  0.5036229E+01  0.9683941E+00 -0.1154987E+00
   04  0.5153574E+03  0.1086671E+02  0.5041089E+01  0.9981219E+00 -0.1193383E+00
   04  0.5169852E+03  0.1086283E+02  0.5045867E+01  0.1028043E+01 -0.1232178E+00
   04  0.5186129E+03  0.1085892E+02  0.5050563E+01  0.1058154E+01 -0.1271365E+00
   04  0.5202407E+03  0.1085496E+02  0.5055178E+01  0.1088453E+01 -0.1310942E+00
   04  0.5218684E+03  0.1085096E+02  0.5059713E+01  0.1118936E+01 -0.1350904E+00
   04  0.5234961E+03  0.1084693E+02  0.5064168E+01  0.1149601E+01 -0.1391245E+00
   04  0.5251239E+03  0.1084286E+02  0.5068546E+01  0.1180445E+01 -0.1431962E+00
   04  0.5267516E+03  0.1083875E+02  0.5072846E+01  0.1211465E+01 -0.1473049E+00
   04  0.5283794E+03  0.1083460E+02  0.5077071E+01  0.1242658E+01 -0.1514500E+00
   04  0.5300071E+03  0.1083042E+02  0.5081222E+01  0.1274018E+01 -0.1556314E+00
   04  0.5316349E+03  0.1082620E+02  0.5085300E+01  0.1305539E+01 -0.1598487E+00
   04  0.5332626E+03  0.1082195E+02  0.5089307E+01  0.1337217E+01 -0.1641016E+00
   04  0.5348903E+03  0.1081766E+02  0.5093243E+01  0.1369048E+01 -0.1683895E+00
   04  0.5365181E+03  0.1081334E+02  0.5097112E+01  0.1401029E+01 -0.1727119E+00
   04  0.5381458E+03  0.1080898E+02  0.5100913E+01  0.1433155E+01 -0.1770684E+00
   04  0.5397736E+03  0.1080459E+02  0.5104649E+01  0.1465422E+01 -0.1814584E+00
   04  0.5414013E+03  0.1080017E+02  0.5108321E+01  0.1497826E+01 -0.1858814E+00
   04  0.5430290E+03  0.1079572E+02  0.5111932E+01  0.1530364E+01 -0.1903368E+00
   04  0.5446568E+03  0.1079123E+02  0.5115482E+01  0.1563032E+01 -0.1948242E+00
   04  0.5462845E+03  0.1078671E+02  0.5118975E+01  0.1595826E+01 -0.1993429E+00
   04  0.5479123E+03  0.1078216E+02  0.5122410E+01  0.1628742E+01 -0.2038923E+00
   04  0.5495400E+03  0.1077758E+02  0.5125791E+01  0.1661776E+01 -0.2084720E+00
   04  0.5511678E+03  0.1077297E+02  0.5129119E+01  0.1694926E+01 -0.2130811E+00
   04  0.5527955E+03  0.1076833E+02  0.5132395E+01  0.1728186E+01 -0.2177190E+00
   04  0.5544232E+03  0.1076367E+02  0.5135621E+01  0.1761553E+01 -0.2223850E+00
   04  0.5560510E+03  0.1075897E+02  0.5138798E+01  0.1795024E+01 -0.2270785E+00
   04  0.5576787E+03  0.1075425E+02  0.5141929E+01  0.1828595E+01 -0.2317988E+00
   04  0.5593065E+03  0.1074951E+02  0.5145015E+01  0.1862262E+01 -0.2365451E+00
   04  0.5609342E+03  0.1074474E+02  0.5148057E+01  0.1896021E+01 -0.2413169E+00
   04  0.5625619E+03  0.1073994E+02  0.5151057E+01  0.1929869E+01 -0.2461133E+00
   04  0.5641897E+03  0.1073512E+02  0.5154016E+01  0.1963802E+01 -0.2509338E+00
   04  0.5658174E+03  0.1073027E+02  0.5156935E+01  0.1997815E+01 -0.2557777E+00
   04  0.5674452E+03  0.1072541E+02  0.5159815E+01  0.2031906E+01 -0.2606443E+00
   04  0.5690729E+03  0.1072052E+02  0.5162657E+01  0.2066071E+01 -0.2655330E+00
   04  0.5707007E+03  0.1071561E+02  0.5165463E+01  0.2100305E+01 -0.2704431E+00
   04  0.5723284E+03  0.1071068E+02  0.5168233E+01  0.2134606E+01 -0.2753739E+00
   04  0.5739561E+03  0.1070573E+02  0.5170968E+01  0.2168968E+01 -0.2803249E+00
   04  0.5755839E+03  0.1070076E+02  0.5173668E+01  0.2203388E+01 -0.2852954E+00
   04  0.5772116E+03  0.1069577E+02  0.5176334E+01  0.2237862E+01 -0.2902849E+00
   04  0.5788394E+03  0.1069076E+02  0.5178967E+01  0.2272386E+01 -0.2952925E+00
   04  0.5804671E+03  0.1068573E+02  0.5181566E+01  0.2306956E+01 -0.3003179E+00
   04  0.5820948E+03  0.1068069E+02  0.5184133E+01  0.2341567E+01 -0.3053603E+00
   04  0.5837226E+03  0.1067563E+02  0.5186667E+01  0.2376216E+01 -0.3104192E+00
   04  0.5853503E+03  0.1067056E+02  0.5189168E+01  0.2410898E+01 -0.3154939E+00
   04  0.5869781E+03  0.1066547E+02  0.5191637E+01  0.2445608E+01 -0.3205839E+00
   04  0.5886058E+03  0.1066036E+02  0.5194073E+01  0.2480343E+01 -0.3256886E+00
   04  0.5902336E+03  0.1065524E+02  0.5196476E+01  0.2515098E+01 -0.3308075E+00
   04  0.5918613E+03  0.1065011E+02  0.5198847E+01  0.2549868E+01 -0.3359399E+00
   04  0.5934890E+03  0.1064497E+02  0.5201184E+01  0.2584649E+01 -0.3410854E+00
   04  0.5951168E+03  0.1063981E+02  0.5203488E+01  0.2619436E+01 -0.3462434E+00
   04  0.5967445E+03  0.1063464E+02  0.5205942E+01  0.2654287E+01 -0.3514136E+00
   04  0.5983723E+03  0.1062946E+02  0.5208366E+01  0.2689130E+01 -0.3565941E+00
