# gauge_id= 610 location=( -0.1242130909E+03  0.4175877177E+02 ) num_var=  4
# Stationary gauge
# level, time, q[  1  2  3], eta, aux[]
# file format ascii, time series follow in this file
   04  0.0000000E+00  0.1507108E+02  0.0000000E+00  0.0000000E+00  0.0000000E+00
   04  0.1000000E+01  0.1507108E+02 -0.2335525E-15 -0.3767415E-16  0.3711189E+00
   04  0.1015873E+01  0.1507109E+02  0.9250766E-03  0.1501638E-04  0.3711311E+00
   04  0.1031746E+01  0.1507110E+02  0.1849978E-02  0.3001731E-04  0.3711433E+00
   04  0.1047619E+01  0.1507112E+02  0.2774705E-02  0.4500242E-04  0.3711554E+00
   04  0.1063492E+01  0.1507113E+02  0.3699258E-02  0.5997131E-04  0.3711676E+00
   04  0.1079365E+01  0.1507114E+02  0.4623635E-02  0.7492362E-04  0.3711797E+00
   04  0.1095238E+01  0.1507115E+02  0.5547837E-02  0.8985897E-04  0.3711918E+00
   04  0.1111111E+01  0.1507117E+02  0.6471864E-02  0.1047770E-03  0.3712038E+00
   04  0.1126984E+01  0.1507118E+02  0.7395716E-02  0.1196773E-03  0.3712159E+00
   04  0.1142857E+01  0.1507119E+02  0.8319393E-02  0.1345595E-03  0.3712279E+00
   04  0.1158730E+01  0.1507120E+02  0.9242895E-02  0.1494232E-03  0.3712399E+00
   04  0.1174603E+01  0.1507121E+02  0.1016622E-01  0.1642680E-03  0.3712519E+00
   04  0.1190476E+01  0.1507123E+02  0.1108937E-01  0.1790936E-03  0.3712638E+00
   04  0.1206349E+01  0.1507124E+02  0.1201235E-01  0.1938996E-03  0.3712757E+00
   04  0.1222222E+01  0.1507125E+02  0.1293515E-01  0.2086855E-03  0.3712876E+00
   04  0.1238095E+01  0.1507126E+02  0.1385777E-01  0.2234511E-03  0.3712995E+00
   04  0.1253968E+01  0.1507127E+02  0.1478022E-01  0.2381959E-03  0.3713113E+00
   04  0.1269841E+01  0.1507128E+02  0.1570250E-01  0.2529195E-03  0.3713232E+00
   04  0.1285714E+01  0.1507130E+02  0.1662460E-01  0.2676216E-03  0.3713350E+00
   04  0.1301587E+01  0.1507131E+02  0.1754652E-01  0.2823017E-03  0.3713467E+00
   04  0.1317460E+01  0.1507132E+02  0.1846827E-01  0.2969595E-03  0.3713585E+00
   04  0.1333333E+01  0.1507133E+02  0.1938984E-01  0.3115946E-03  0.3713702E+00
   04  0.1349206E+01  0.1507134E+02  0.2031123E-01  0.3262066E-03  0.3713819E+00
   04  0.1365079E+01  0.1507135E+02  0.2123245E-01  0.3407952E-03  0.3713936E+00
   04  0.1380952E+01  0.1507137E+02  0.2215350E-01  0.3553598E-03  0.3714053E+00
   04  0.1396825E+01  0.1507138E+02  0.2307437E-01  0.3699002E-03  0.3714169E+00
   04  0.1412698E+01  0.1507139E+02  0.2399506E-01  0.3844160E-03  0.3714285E+00
   04  0.1428571E+01  0.1507140E+02  0.2491557E-01  0.3989067E-03  0.3714401E+00
   04  0.1476190E+01  0.1507144E+02  0.2767620E-01  0.4423189E-03  0.3714747E+00
   04  0.1523810E+01  0.1507147E+02  0.3043524E-01  0.4854950E-03  0.3715091E+00
   04  0.1571429E+01  0.1507150E+02  0.3319270E-01  0.5284243E-03  0.3715433E+00
   04  0.1619048E+01  0.1507154E+02  0.3594857E-01  0.5710963E-03  0.3715773E+00
   04  0.1666667E+01  0.1507157E+02  0.3870285E-01  0.6135000E-03  0.3716110E+00
   04  0.1714286E+01  0.1507161E+02  0.4145554E-01  0.6556247E-03  0.3716446E+00
   04  0.1761905E+01  0.1507164E+02  0.4420663E-01  0.6974595E-03  0.3716779E+00
   04  0.1809524E+01  0.1507167E+02  0.4695614E-01  0.7389934E-03  0.3717110E+00
   04  0.1857143E+01  0.1507171E+02  0.4970405E-01  0.7802154E-03  0.3717439E+00
   04  0.1904762E+01  0.1507174E+02  0.5245037E-01  0.8211144E-03  0.3717766E+00
   04  0.1952381E+01  0.1507177E+02  0.5519509E-01  0.8616791E-03  0.3718090E+00
   04  0.2000000E+01  0.1507180E+02  0.5793821E-01  0.9018984E-03  0.3718413E+00
   04  0.5727919E+01  0.1507386E+02  0.2689855E+00  0.4123828E-02  0.3739018E+00
   04  0.9455838E+01  0.1507472E+02  0.4700344E+00  0.5810114E-02  0.3747603E+00
   04  0.1318376E+02  0.1507447E+02  0.6604917E+00  0.6690288E-02  0.3745055E+00
   04  0.1691168E+02  0.1507320E+02  0.8407458E+00  0.6585867E-02  0.3732371E+00
   04  0.2063960E+02  0.1507102E+02  0.1010912E+01  0.5292860E-02  0.3710574E+00
   04  0.2436752E+02  0.1506804E+02  0.1171177E+01  0.2593256E-02  0.3680763E+00
   04  0.2809543E+02  0.1506437E+02  0.1321737E+01 -0.1829970E-02  0.3644042E+00
   04  0.3182335E+02  0.1506002E+02  0.1462811E+01 -0.8824378E-02  0.3600579E+00
   04  0.3555127E+02  0.1505511E+02  0.1594663E+01 -0.1854469E-01  0.3551516E+00
   04  0.3927919E+02  0.1504977E+02  0.1717557E+01 -0.3127713E-01  0.3498075E+00
   04  0.4300711E+02  0.1504406E+02  0.1831750E+01 -0.4676558E-01  0.3440948E+00
   04  0.4487107E+02  0.1504099E+02  0.1884963E+01 -0.5570256E-01  0.3410279E+00
   04  0.4673503E+02  0.1503786E+02  0.1936061E+01 -0.6525015E-01  0.3378958E+00
   04  0.4839188E+02  0.1503508E+02  0.1980546E+01 -0.7426876E-01  0.3351231E+00
   04  0.5004874E+02  0.1503234E+02  0.2024345E+01 -0.8374819E-01  0.3323793E+00
   04  0.5170559E+02  0.1502962E+02  0.2067433E+01 -0.9367763E-01  0.3296613E+00
   04  0.5336244E+02  0.1502693E+02  0.2109781E+01 -0.1040527E+00  0.3269659E+00
   04  0.5501930E+02  0.1502425E+02  0.2151359E+01 -0.1148703E+00  0.3242899E+00
   04  0.5667615E+02  0.1502159E+02  0.2192135E+01 -0.1261272E+00  0.3216304E+00
   04  0.5833300E+02  0.1501895E+02  0.2232075E+01 -0.1378199E+00  0.3189848E+00
   04  0.5998985E+02  0.1501631E+02  0.2271146E+01 -0.1499440E+00  0.3163507E+00
   04  0.6164671E+02  0.1501369E+02  0.2309314E+01 -0.1624938E+00  0.3137259E+00
   04  0.6330356E+02  0.1501107E+02  0.2346546E+01 -0.1754628E+00  0.3111084E+00
   04  0.6496041E+02  0.1500846E+02  0.2382813E+01 -0.1888427E+00  0.3084967E+00
   04  0.6661727E+02  0.1500585E+02  0.2418086E+01 -0.2026242E+00  0.3058893E+00
   04  0.6827412E+02  0.1500325E+02  0.2452337E+01 -0.2167968E+00  0.3032850E+00
   04  0.6993097E+02  0.1500064E+02  0.2485543E+01 -0.2313486E+00  0.3006828E+00
   04  0.7158783E+02  0.1499804E+02  0.2517683E+01 -0.2462667E+00  0.2980820E+00
   04  0.7324468E+02  0.1499544E+02  0.2548739E+01 -0.2615368E+00  0.2954819E+00
   04  0.7490153E+02  0.1499284E+02  0.2578694E+01 -0.2771486E+00  0.2928826E+00
   04  0.7655838E+02  0.1499025E+02  0.2607533E+01 -0.2931252E+00  0.2902874E+00
   04  0.7821524E+02  0.1498766E+02  0.2635236E+01 -0.3094501E+00  0.2876965E+00
   04  0.7987209E+02  0.1498507E+02  0.2661790E+01 -0.3261066E+00  0.2851105E+00
   04  0.8152894E+02  0.1498249E+02  0.2687185E+01 -0.3430783E+00  0.2825299E+00
   04  0.8318580E+02  0.1497992E+02  0.2711413E+01 -0.3603486E+00  0.2799551E+00
   04  0.8484265E+02  0.1497735E+02  0.2734473E+01 -0.3779011E+00  0.2773869E+00
   04  0.8649950E+02  0.1497479E+02  0.2756365E+01 -0.3957196E+00  0.2748258E+00
   04  0.8815636E+02  0.1497223E+02  0.2777091E+01 -0.4137877E+00  0.2722727E+00
   04  0.8981321E+02  0.1496969E+02  0.2796658E+01 -0.4320893E+00  0.2697281E+00
   04  0.9147006E+02  0.1496715E+02  0.2815075E+01 -0.4506083E+00  0.2671930E+00
   04  0.9445240E+02  0.1496260E+02  0.2845339E+01 -0.4843818E+00  0.2626362E+00
   04  0.9743473E+02  0.1495808E+02  0.2872022E+01 -0.5187182E+00  0.2581229E+00
   04  0.1004171E+03  0.1495362E+02  0.2895229E+01 -0.5535295E+00  0.2536552E+00
   04  0.1033994E+03  0.1494919E+02  0.2915001E+01 -0.5887281E+00  0.2492295E+00
   04  0.1063817E+03  0.1494477E+02  0.2930922E+01 -0.6242262E+00  0.2448071E+00
   04  0.1093641E+03  0.1494035E+02  0.2943083E+01 -0.6599306E+00  0.2403886E+00
   04  0.1123464E+03  0.1493594E+02  0.2951617E+01 -0.6957546E+00  0.2359755E+00
   04  0.1153287E+03  0.1493153E+02  0.2956685E+01 -0.7316122E+00  0.2315697E+00
   04  0.1183111E+03  0.1492714E+02  0.2958483E+01 -0.7674106E+00  0.2271739E+00
   04  0.1212934E+03  0.1492276E+02  0.2957197E+01 -0.8030585E+00  0.2227993E+00
   04  0.1242758E+03  0.1491842E+02  0.2953018E+01 -0.8384699E+00  0.2184604E+00
   04  0.1272581E+03  0.1491412E+02  0.2946173E+01 -0.8736735E+00  0.2141624E+00
   04  0.1302404E+03  0.1490980E+02  0.2936876E+01 -0.9096178E+00  0.2098412E+00
   04  0.1332228E+03  0.1490548E+02  0.2925334E+01 -0.9462227E+00  0.2055185E+00
   04  0.1362051E+03  0.1490118E+02  0.2911774E+01 -0.9833930E+00  0.2012165E+00
   04  0.1391874E+03  0.1489692E+02  0.2896439E+01 -0.1021027E+01  0.1969575E+00
   04  0.1421698E+03  0.1489272E+02  0.2879580E+01 -0.1059020E+01  0.1927624E+00
   04  0.1451521E+03  0.1488861E+02  0.2861440E+01 -0.1097272E+01  0.1886509E+00
   04  0.1481344E+03  0.1488460E+02  0.2842252E+01 -0.1135686E+01  0.1846403E+00
   04  0.1511168E+03  0.1488071E+02  0.2822238E+01 -0.1174174E+01  0.1807463E+00
   04  0.1540991E+03  0.1487694E+02  0.2801600E+01 -0.1212658E+01  0.1769827E+00
   04  0.1570814E+03  0.1487332E+02  0.2780529E+01 -0.1251065E+01  0.1733606E+00
   04  0.1600638E+03  0.1486985E+02  0.2759203E+01 -0.1289330E+01  0.1698892E+00
   04  0.1630461E+03  0.1486654E+02  0.2737786E+01 -0.1327398E+01  0.1665751E+00
   04  0.1660284E+03  0.1486338E+02  0.2716424E+01 -0.1365219E+01  0.1634235E+00
   04  0.1690108E+03  0.1486040E+02  0.2695250E+01 -0.1402747E+01  0.1604378E+00
   04  0.1719931E+03  0.1485758E+02  0.2674377E+01 -0.1439945E+01  0.1576201E+00
   04  0.1749755E+03  0.1485493E+02  0.2653881E+01 -0.1476779E+01  0.1549695E+00
   04  0.1779578E+03  0.1485244E+02  0.2633812E+01 -0.1513217E+01  0.1524834E+00
   04  0.1809401E+03  0.1485012E+02  0.2614247E+01 -0.1549235E+01  0.1501619E+00
   04  0.1824313E+03  0.1484901E+02  0.2604665E+01 -0.1567088E+01  0.1490458E+00
   04  0.1839225E+03  0.1484793E+02  0.2595203E+01 -0.1584834E+01  0.1479719E+00
   04  0.1854136E+03  0.1484690E+02  0.2585874E+01 -0.1602466E+01  0.1469394E+00
   04  0.1869048E+03  0.1484591E+02  0.2576686E+01 -0.1619981E+01  0.1459478E+00
   04  0.1883960E+03  0.1484496E+02  0.2567651E+01 -0.1637376E+01  0.1449966E+00
   04  0.1898871E+03  0.1484405E+02  0.2558777E+01 -0.1654650E+01  0.1440856E+00
   04  0.1913783E+03  0.1484318E+02  0.2550070E+01 -0.1671799E+01  0.1432141E+00
   04  0.1928695E+03  0.1484234E+02  0.2541535E+01 -0.1688821E+01  0.1423815E+00
   04  0.1943606E+03  0.1484155E+02  0.2533172E+01 -0.1705711E+01  0.1415867E+00
   04  0.1958518E+03  0.1484079E+02  0.2524984E+01 -0.1722490E+01  0.1408266E+00
   04  0.1973430E+03  0.1484006E+02  0.2516976E+01 -0.1739162E+01  0.1400985E+00
   04  0.1988341E+03  0.1483936E+02  0.2509152E+01 -0.1755722E+01  0.1394006E+00
   04  0.2003253E+03  0.1483869E+02  0.2501515E+01 -0.1772160E+01  0.1387311E+00
   04  0.2018165E+03  0.1483805E+02  0.2494063E+01 -0.1788468E+01  0.1380879E+00
   04  0.2033076E+03  0.1483743E+02  0.2486794E+01 -0.1804635E+01  0.1374693E+00
   04  0.2047988E+03  0.1483683E+02  0.2479705E+01 -0.1820649E+01  0.1368731E+00
   04  0.2062900E+03  0.1483626E+02  0.2472788E+01 -0.1836498E+01  0.1362975E+00
   04  0.2077811E+03  0.1483570E+02  0.2466037E+01 -0.1852166E+01  0.1357401E+00
   04  0.2092723E+03  0.1483516E+02  0.2459442E+01 -0.1867640E+01  0.1351991E+00
   04  0.2107635E+03  0.1483463E+02  0.2452996E+01 -0.1882904E+01  0.1346726E+00
   04  0.2122546E+03  0.1483412E+02  0.2446742E+01 -0.1897947E+01  0.1341635E+00
   04  0.2137458E+03  0.1483363E+02  0.2440697E+01 -0.1912755E+01  0.1336729E+00
   04  0.2152370E+03  0.1483316E+02  0.2434857E+01 -0.1927323E+01  0.1332007E+00
   04  0.2167281E+03  0.1483271E+02  0.2429220E+01 -0.1941657E+01  0.1327466E+00
   04  0.2182193E+03  0.1483227E+02  0.2423783E+01 -0.1955759E+01  0.1323102E+00
   04  0.2197105E+03  0.1483185E+02  0.2418543E+01 -0.1969630E+01  0.1318911E+00
   04  0.2212017E+03  0.1483145E+02  0.2413498E+01 -0.1983270E+01  0.1314891E+00
   04  0.2226928E+03  0.1483106E+02  0.2408641E+01 -0.1996676E+01  0.1311035E+00
   04  0.2241840E+03  0.1483070E+02  0.2403966E+01 -0.2009848E+01  0.1307338E+00
   04  0.2256752E+03  0.1483034E+02  0.2399467E+01 -0.2022783E+01  0.1303792E+00
   04  0.2271663E+03  0.1483000E+02  0.2395134E+01 -0.2035477E+01  0.1300389E+00
   04  0.2286575E+03  0.1482967E+02  0.2390959E+01 -0.2047927E+01  0.1297119E+00
   04  0.2301487E+03  0.1482936E+02  0.2386932E+01 -0.2060129E+01  0.1293973E+00
   04  0.2316398E+03  0.1482906E+02  0.2383042E+01 -0.2072077E+01  0.1290939E+00
   04  0.2331310E+03  0.1482876E+02  0.2379278E+01 -0.2083766E+01  0.1288005E+00
   04  0.2346222E+03  0.1482848E+02  0.2375627E+01 -0.2095190E+01  0.1285160E+00
   04  0.2361133E+03  0.1482820E+02  0.2372078E+01 -0.2106343E+01  0.1282391E+00
   04  0.2376045E+03  0.1482793E+02  0.2368618E+01 -0.2117218E+01  0.1279684E+00
   04  0.2390957E+03  0.1482766E+02  0.2365234E+01 -0.2127808E+01  0.1277028E+00
   04  0.2405868E+03  0.1482740E+02  0.2361915E+01 -0.2138107E+01  0.1274409E+00
   04  0.2420780E+03  0.1482714E+02  0.2358647E+01 -0.2148106E+01  0.1271813E+00
   04  0.2435692E+03  0.1482688E+02  0.2355420E+01 -0.2157797E+01  0.1269228E+00
   04  0.2450603E+03  0.1482663E+02  0.2352220E+01 -0.2167173E+01  0.1266641E+00
   04  0.2465515E+03  0.1482637E+02  0.2349038E+01 -0.2176227E+01  0.1264041E+00
   04  0.2480427E+03  0.1482610E+02  0.2345861E+01 -0.2184954E+01  0.1261417E+00
   04  0.2495338E+03  0.1482584E+02  0.2342680E+01 -0.2193347E+01  0.1258759E+00
   04  0.2510250E+03  0.1482557E+02  0.2339484E+01 -0.2201402E+01  0.1256057E+00
   04  0.2525162E+03  0.1482529E+02  0.2336265E+01 -0.2209115E+01  0.1253304E+00
   04  0.2540073E+03  0.1482501E+02  0.2333014E+01 -0.2216482E+01  0.1250493E+00
   04  0.2554985E+03  0.1482472E+02  0.2329728E+01 -0.2223500E+01  0.1247623E+00
   04  0.2569897E+03  0.1482443E+02  0.2326401E+01 -0.2230170E+01  0.1244691E+00
   04  0.2584808E+03  0.1482413E+02  0.2323016E+01 -0.2236489E+01  0.1241683E+00
   04  0.2599720E+03  0.1482382E+02  0.2319566E+01 -0.2242458E+01  0.1238594E+00
   04  0.2614632E+03  0.1482350E+02  0.2316044E+01 -0.2248073E+01  0.1235420E+00
   04  0.2629543E+03  0.1482318E+02  0.2312444E+01 -0.2253335E+01  0.1232159E+00
   04  0.2644455E+03  0.1482284E+02  0.2308760E+01 -0.2258242E+01  0.1228807E+00
   04  0.2659367E+03  0.1482251E+02  0.2304991E+01 -0.2262669E+01  0.1225469E+00
   04  0.2674278E+03  0.1482218E+02  0.2301136E+01 -0.2266561E+01  0.1222184E+00
   04  0.2689190E+03  0.1482186E+02  0.2297194E+01 -0.2269913E+01  0.1218952E+00
   04  0.2704102E+03  0.1482154E+02  0.2293163E+01 -0.2272723E+01  0.1215773E+00
   04  0.2719014E+03  0.1482123E+02  0.2289042E+01 -0.2274989E+01  0.1212648E+00
   04  0.2733925E+03  0.1482092E+02  0.2284832E+01 -0.2276712E+01  0.1209575E+00
   04  0.2748837E+03  0.1482062E+02  0.2280533E+01 -0.2277892E+01  0.1206555E+00
   04  0.2763749E+03  0.1482032E+02  0.2276148E+01 -0.2278536E+01  0.1203587E+00
   04  0.2778660E+03  0.1482003E+02  0.2271677E+01 -0.2278648E+01  0.1200673E+00
   04  0.2793572E+03  0.1481974E+02  0.2267125E+01 -0.2278237E+01  0.1197811E+00
   04  0.2808484E+03  0.1481946E+02  0.2262495E+01 -0.2277310E+01  0.1195001E+00
   04  0.2823395E+03  0.1481919E+02  0.2257790E+01 -0.2275879E+01  0.1192243E+00
   04  0.2838307E+03  0.1481891E+02  0.2253015E+01 -0.2273955E+01  0.1189537E+00
   04  0.2853219E+03  0.1481865E+02  0.2248176E+01 -0.2271550E+01  0.1186881E+00
   04  0.2868130E+03  0.1481839E+02  0.2243279E+01 -0.2268680E+01  0.1184276E+00
   04  0.2883042E+03  0.1481813E+02  0.2238329E+01 -0.2265359E+01  0.1181719E+00
   04  0.2897954E+03  0.1481788E+02  0.2233334E+01 -0.2261603E+01  0.1179211E+00
   04  0.2912865E+03  0.1481764E+02  0.2228301E+01 -0.2257428E+01  0.1176751E+00
   04  0.2927777E+03  0.1481739E+02  0.2223237E+01 -0.2252851E+01  0.1174337E+00
   04  0.2942689E+03  0.1481716E+02  0.2218150E+01 -0.2247891E+01  0.1171969E+00
   04  0.2957600E+03  0.1481693E+02  0.2213047E+01 -0.2242564E+01  0.1169646E+00
   04  0.2972512E+03  0.1481670E+02  0.2207937E+01 -0.2236890E+01  0.1167367E+00
   04  0.2987424E+03  0.1481647E+02  0.2202829E+01 -0.2230888E+01  0.1165131E+00
   04  0.3002335E+03  0.1481626E+02  0.2197730E+01 -0.2224575E+01  0.1162939E+00
   04  0.3017247E+03  0.1481604E+02  0.2192649E+01 -0.2217971E+01  0.1160788E+00
   04  0.3032159E+03  0.1481583E+02  0.2187595E+01 -0.2211095E+01  0.1158679E+00
   04  0.3047070E+03  0.1481562E+02  0.2182577E+01 -0.2203965E+01  0.1156612E+00
   04  0.3061982E+03  0.1481542E+02  0.2177602E+01 -0.2196600E+01  0.1154585E+00
   04  0.3076894E+03  0.1481522E+02  0.2172679E+01 -0.2189018E+01  0.1152600E+00
   04  0.3091805E+03  0.1481503E+02  0.2167817E+01 -0.2181237E+01  0.1150655E+00
   04  0.3106717E+03  0.1481484E+02  0.2163015E+01 -0.2173275E+01  0.1148761E+00
   04  0.3121629E+03  0.1481465E+02  0.2158274E+01 -0.2165150E+01  0.1146920E+00
   04  0.3136540E+03  0.1481448E+02  0.2153597E+01 -0.2156863E+01  0.1145151E+00
   04  0.3151452E+03  0.1481431E+02  0.2148988E+01 -0.2148421E+01  0.1143453E+00
   04  0.3165017E+03  0.1481416E+02  0.2144856E+01 -0.2140614E+01  0.1141969E+00
   04  0.3178581E+03  0.1481402E+02  0.2140784E+01 -0.2132692E+01  0.1140538E+00
   04  0.3192146E+03  0.1481388E+02  0.2136775E+01 -0.2124664E+01  0.1139160E+00
   04  0.3205710E+03  0.1481374E+02  0.2132832E+01 -0.2116536E+01  0.1137830E+00
   04  0.3219275E+03  0.1481362E+02  0.2128957E+01 -0.2108317E+01  0.1136547E+00
   04  0.3232839E+03  0.1481349E+02  0.2125154E+01 -0.2100013E+01  0.1135308E+00
   04  0.3246404E+03  0.1481337E+02  0.2121425E+01 -0.2091634E+01  0.1134110E+00
   04  0.3259968E+03  0.1481326E+02  0.2117771E+01 -0.2083184E+01  0.1132946E+00
   04  0.3273533E+03  0.1481314E+02  0.2114197E+01 -0.2074670E+01  0.1131814E+00
   04  0.3287097E+03  0.1481303E+02  0.2110705E+01 -0.2066098E+01  0.1130709E+00
   04  0.3300662E+03  0.1481292E+02  0.2107298E+01 -0.2057474E+01  0.1129626E+00
   04  0.3314226E+03  0.1481282E+02  0.2103978E+01 -0.2048803E+01  0.1128560E+00
   04  0.3327791E+03  0.1481271E+02  0.2100749E+01 -0.2040090E+01  0.1127507E+00
   04  0.3341355E+03  0.1481261E+02  0.2097614E+01 -0.2031342E+01  0.1126461E+00
   04  0.3354920E+03  0.1481250E+02  0.2094574E+01 -0.2022563E+01  0.1125417E+00
   04  0.3368484E+03  0.1481240E+02  0.2091633E+01 -0.2013758E+01  0.1124371E+00
   04  0.3382049E+03  0.1481229E+02  0.2088792E+01 -0.2004932E+01  0.1123316E+00
   04  0.3395613E+03  0.1481219E+02  0.2086053E+01 -0.1996088E+01  0.1122249E+00
   04  0.3409178E+03  0.1481208E+02  0.2083420E+01 -0.1987232E+01  0.1121164E+00
   04  0.3422742E+03  0.1481197E+02  0.2080892E+01 -0.1978366E+01  0.1120055E+00
   04  0.3436307E+03  0.1481185E+02  0.2078472E+01 -0.1969495E+01  0.1118917E+00
   04  0.3449871E+03  0.1481174E+02  0.2076161E+01 -0.1960621E+01  0.1117745E+00
   04  0.3463436E+03  0.1481161E+02  0.2073959E+01 -0.1951747E+01  0.1116533E+00
   04  0.3477000E+03  0.1481149E+02  0.2071868E+01 -0.1942874E+01  0.1115276E+00
   04  0.3490565E+03  0.1481136E+02  0.2069888E+01 -0.1934007E+01  0.1113968E+00
   04  0.3504130E+03  0.1481122E+02  0.2068020E+01 -0.1925146E+01  0.1112605E+00
   04  0.3517694E+03  0.1481108E+02  0.2066263E+01 -0.1916294E+01  0.1111181E+00
   04  0.3531259E+03  0.1481093E+02  0.2064618E+01 -0.1907453E+01  0.1109693E+00
   04  0.3544823E+03  0.1481077E+02  0.2063084E+01 -0.1898623E+01  0.1108133E+00
   04  0.3558388E+03  0.1481061E+02  0.2061661E+01 -0.1889803E+01  0.1106494E+00
   04  0.3574665E+03  0.1481040E+02  0.2060095E+01 -0.1879233E+01  0.1104414E+00
   04  0.3590942E+03  0.1481018E+02  0.2058688E+01 -0.1868679E+01  0.1102213E+00
   04  0.3607220E+03  0.1480995E+02  0.2057439E+01 -0.1858129E+01  0.1099897E+00
   04  0.3623497E+03  0.1480971E+02  0.2056345E+01 -0.1847587E+01  0.1097457E+00
   04  0.3639775E+03  0.1480945E+02  0.2055404E+01 -0.1837053E+01  0.1094884E+00
   04  0.3656052E+03  0.1480918E+02  0.2054612E+01 -0.1826531E+01  0.1092170E+00
   04  0.3672329E+03  0.1480889E+02  0.2053965E+01 -0.1816021E+01  0.1089308E+00
   04  0.3688607E+03  0.1480859E+02  0.2053458E+01 -0.1805523E+01  0.1086289E+00
   04  0.3704884E+03  0.1480827E+02  0.2053086E+01 -0.1795038E+01  0.1083106E+00
   04  0.3721162E+03  0.1480794E+02  0.2052842E+01 -0.1784565E+01  0.1079750E+00
   04  0.3737439E+03  0.1480758E+02  0.2052721E+01 -0.1774103E+01  0.1076215E+00
   04  0.3753717E+03  0.1480721E+02  0.2052715E+01 -0.1763650E+01  0.1072492E+00
   04  0.3769994E+03  0.1480682E+02  0.2052818E+01 -0.1753205E+01  0.1068574E+00
   04  0.3786271E+03  0.1480641E+02  0.2053021E+01 -0.1742765E+01  0.1064454E+00
   04  0.3802549E+03  0.1480597E+02  0.2053318E+01 -0.1732326E+01  0.1060123E+00
   04  0.3818826E+03  0.1480552E+02  0.2053700E+01 -0.1721886E+01  0.1055574E+00
   04  0.3835104E+03  0.1480504E+02  0.2054160E+01 -0.1711440E+01  0.1050800E+00
   04  0.3851381E+03  0.1480454E+02  0.2054689E+01 -0.1700984E+01  0.1045793E+00
   04  0.3867658E+03  0.1480402E+02  0.2055279E+01 -0.1690513E+01  0.1040547E+00
   04  0.3883936E+03  0.1480347E+02  0.2055922E+01 -0.1680022E+01  0.1035052E+00
   04  0.3900213E+03  0.1480289E+02  0.2056610E+01 -0.1669505E+01  0.1029302E+00
   04  0.3916491E+03  0.1480229E+02  0.2057334E+01 -0.1658958E+01  0.1023290E+00
   04  0.3932768E+03  0.1480166E+02  0.2058086E+01 -0.1648373E+01  0.1017008E+00
   04  0.3949046E+03  0.1480101E+02  0.2058858E+01 -0.1637745E+01  0.1010449E+00
   04  0.3965323E+03  0.1480032E+02  0.2059641E+01 -0.1627067E+01  0.1003607E+00
   04  0.3981600E+03  0.1479961E+02  0.2060429E+01 -0.1616332E+01  0.9964726E-01
   04  0.3997878E+03  0.1479887E+02  0.2061212E+01 -0.1605534E+01  0.9890406E-01
   04  0.4014155E+03  0.1479809E+02  0.2061984E+01 -0.1594666E+01  0.9813038E-01
   04  0.4030433E+03  0.1479729E+02  0.2062736E+01 -0.1583721E+01  0.9732555E-01
   04  0.4046710E+03  0.1479644E+02  0.2063460E+01 -0.1572609E+01  0.9648257E-01
   04  0.4062987E+03  0.1479556E+02  0.2064149E+01 -0.1561327E+01  0.9560127E-01
   04  0.4079265E+03  0.1479464E+02  0.2064795E+01 -0.1549879E+01  0.9468221E-01
   04  0.4095542E+03  0.1479369E+02  0.2065392E+01 -0.1538268E+01  0.9372588E-01
   04  0.4111820E+03  0.1479269E+02  0.2065933E+01 -0.1526497E+01  0.9273272E-01
   04  0.4128097E+03  0.1479166E+02  0.2066411E+01 -0.1514566E+01  0.9170304E-01
   04  0.4144375E+03  0.1479060E+02  0.2066823E+01 -0.1502478E+01  0.9063710E-01
   04  0.4160652E+03  0.1478950E+02  0.2067161E+01 -0.1490232E+01  0.8953508E-01
   04  0.4176929E+03  0.1478836E+02  0.2067421E+01 -0.1477827E+01  0.8839708E-01
   04  0.4193207E+03  0.1478718E+02  0.2067599E+01 -0.1465262E+01  0.8722314E-01
   04  0.4209484E+03  0.1478597E+02  0.2067691E+01 -0.1452535E+01  0.8601327E-01
   04  0.4225762E+03  0.1478473E+02  0.2067692E+01 -0.1439644E+01  0.8476739E-01
   04  0.4242039E+03  0.1478345E+02  0.2067599E+01 -0.1426585E+01  0.8348542E-01
   04  0.4258316E+03  0.1478213E+02  0.2067410E+01 -0.1413356E+01  0.8216721E-01
   04  0.4274594E+03  0.1478078E+02  0.2067117E+01 -0.1399978E+01  0.8081490E-01
   04  0.4290871E+03  0.1477939E+02  0.2066712E+01 -0.1386451E+01  0.7942894E-01
   04  0.4307149E+03  0.1477797E+02  0.2066186E+01 -0.1372770E+01  0.7800943E-01
   04  0.4323426E+03  0.1477652E+02  0.2065533E+01 -0.1358930E+01  0.7655640E-01
   04  0.4339704E+03  0.1477503E+02  0.2064744E+01 -0.1344928E+01  0.7506980E-01
   04  0.4355981E+03  0.1477351E+02  0.2063812E+01 -0.1330758E+01  0.7354954E-01
   04  0.4372258E+03  0.1477196E+02  0.2062733E+01 -0.1316416E+01  0.7199550E-01
   04  0.4388536E+03  0.1477037E+02  0.2061500E+01 -0.1301894E+01  0.7040748E-01
   04  0.4404813E+03  0.1476875E+02  0.2060109E+01 -0.1287190E+01  0.6878528E-01
   04  0.4421091E+03  0.1476709E+02  0.2058556E+01 -0.1272296E+01  0.6712865E-01
   04  0.4437368E+03  0.1476540E+02  0.2056836E+01 -0.1257207E+01  0.6543731E-01
   04  0.4453645E+03  0.1476367E+02  0.2054947E+01 -0.1241919E+01  0.6371099E-01
   04  0.4469923E+03  0.1476191E+02  0.2052886E+01 -0.1226426E+01  0.6194938E-01
   04  0.4486200E+03  0.1476011E+02  0.2050651E+01 -0.1210722E+01  0.6015218E-01
   04  0.4502478E+03  0.1475828E+02  0.2048242E+01 -0.1194802E+01  0.5831906E-01
   04  0.4518755E+03  0.1475641E+02  0.2045656E+01 -0.1178662E+01  0.5644973E-01
   04  0.4535033E+03  0.1475451E+02  0.2042895E+01 -0.1162297E+01  0.5454389E-01
   04  0.4551310E+03  0.1475256E+02  0.2039958E+01 -0.1145701E+01  0.5260122E-01
   04  0.4567587E+03  0.1475058E+02  0.2036846E+01 -0.1128871E+01  0.5062147E-01
   04  0.4583865E+03  0.1474857E+02  0.2033561E+01 -0.1111803E+01  0.4860438E-01
   04  0.4600142E+03  0.1474651E+02  0.2030105E+01 -0.1094493E+01  0.4654972E-01
   04  0.4616420E+03  0.1474442E+02  0.2026479E+01 -0.1076937E+01  0.4445733E-01
   04  0.4632697E+03  0.1474229E+02  0.2022689E+01 -0.1059133E+01  0.4232704E-01
   04  0.4648974E+03  0.1474012E+02  0.2018736E+01 -0.1041079E+01  0.4015876E-01
   04  0.4665252E+03  0.1473791E+02  0.2014625E+01 -0.1022772E+01  0.3795240E-01
   04  0.4681529E+03  0.1473567E+02  0.2010361E+01 -0.1004211E+01  0.3570795E-01
   04  0.4697807E+03  0.1473339E+02  0.2005948E+01 -0.9853936E+00  0.3342540E-01
   04  0.4714084E+03  0.1473107E+02  0.2001394E+01 -0.9663201E+00  0.3110480E-01
   04  0.4730362E+03  0.1472871E+02  0.1996703E+01 -0.9469894E+00  0.2874625E-01
   04  0.4746639E+03  0.1472631E+02  0.1991883E+01 -0.9274014E+00  0.2634988E-01
   04  0.4762916E+03  0.1472388E+02  0.1986942E+01 -0.9075560E+00  0.2391588E-01
   04  0.4779194E+03  0.1472141E+02  0.1981887E+01 -0.8874538E+00  0.2144446E-01
   04  0.4795471E+03  0.1471890E+02  0.1976727E+01 -0.8670953E+00  0.1893591E-01
   04  0.4811749E+03  0.1471635E+02  0.1971472E+01 -0.8464813E+00  0.1639055E-01
   04  0.4828026E+03  0.1471377E+02  0.1966133E+01 -0.8256131E+00  0.1380873E-01
   04  0.4844303E+03  0.1471115E+02  0.1960714E+01 -0.8044918E+00  0.1119034E-01
   04  0.4860581E+03  0.1470850E+02  0.1955219E+01 -0.7831189E+00  0.8535277E-02
   04  0.4876858E+03  0.1470580E+02  0.1949650E+01 -0.7614960E+00  0.5843452E-02
   04  0.4893136E+03  0.1470308E+02  0.1944010E+01 -0.7396243E+00  0.3114718E-02
   04  0.4909413E+03  0.1470031E+02  0.1938302E+01 -0.7175046E+00  0.3488376E-03
   04  0.4925691E+03  0.1469751E+02  0.1932526E+01 -0.6951351E+00 -0.2454642E-02
   04  0.4941968E+03  0.1469466E+02  0.1926688E+01 -0.6724826E+00 -0.5299113E-02
   04  0.4958245E+03  0.1469177E+02  0.1920798E+01 -0.6495010E+00 -0.8189417E-02
   04  0.4974523E+03  0.1468884E+02  0.1914865E+01 -0.6262882E+00 -0.1111759E-01
   04  0.4990800E+03  0.1468588E+02  0.1908899E+01 -0.6029288E+00 -0.1407670E-01
   04  0.5007078E+03  0.1468289E+02  0.1902912E+01 -0.5794217E+00 -0.1706718E-01
   04  0.5023355E+03  0.1467987E+02  0.1896918E+01 -0.5557637E+00 -0.2009015E-01
   04  0.5039632E+03  0.1467681E+02  0.1890926E+01 -0.5319619E+00 -0.2314639E-01
   04  0.5055910E+03  0.1467373E+02  0.1884948E+01 -0.5080210E+00 -0.2623612E-01
   04  0.5072187E+03  0.1467060E+02  0.1878994E+01 -0.4839386E+00 -0.2936005E-01
   04  0.5088465E+03  0.1466744E+02  0.1873065E+01 -0.4597114E+00 -0.3251882E-01
   04  0.5104742E+03  0.1466425E+02  0.1867177E+01 -0.4353330E+00 -0.3571328E-01
   04  0.5121020E+03  0.1466102E+02  0.1861337E+01 -0.4107983E+00 -0.3894409E-01
   04  0.5137297E+03  0.1465775E+02  0.1855552E+01 -0.3861029E+00 -0.4221183E-01
   04  0.5153574E+03  0.1465444E+02  0.1849830E+01 -0.3612428E+00 -0.4551690E-01
   04  0.5169852E+03  0.1465110E+02  0.1844176E+01 -0.3362153E+00 -0.4885962E-01
   04  0.5186129E+03  0.1464772E+02  0.1838595E+01 -0.3110183E+00 -0.5224016E-01
   04  0.5202407E+03  0.1464430E+02  0.1833092E+01 -0.2856509E+00 -0.5565856E-01
   04  0.5218684E+03  0.1464084E+02  0.1827672E+01 -0.2601346E+00 -0.5911648E-01
   04  0.5234961E+03  0.1463734E+02  0.1822337E+01 -0.2345348E+00 -0.6261878E-01
   04  0.5251239E+03  0.1463380E+02  0.1817090E+01 -0.2088496E+00 -0.6616457E-01
   04  0.5267516E+03  0.1463021E+02  0.1811931E+01 -0.1830781E+00 -0.6975293E-01
   04  0.5283794E+03  0.1462658E+02  0.1806863E+01 -0.1572204E+00 -0.7338289E-01
   04  0.5300071E+03  0.1462291E+02  0.1801887E+01 -0.1312876E+00 -0.7705445E-01
   04  0.5316349E+03  0.1461919E+02  0.1797006E+01 -0.1052851E+00 -0.8076713E-01
   04  0.5332626E+03  0.1461544E+02  0.1792222E+01 -0.7921303E-01 -0.8452005E-01
   04  0.5348903E+03  0.1461165E+02  0.1787537E+01 -0.5307136E-01 -0.8831230E-01
   04  0.5365181E+03  0.1460782E+02  0.1782954E+01 -0.2685970E-01 -0.9214296E-01
   04  0.5381458E+03  0.1460395E+02  0.1778475E+01 -0.5702886E-03 -0.9601113E-01
   04  0.5397736E+03  0.1460005E+02  0.1774103E+01  0.2579959E-01 -0.9991587E-01
   04  0.5414013E+03  0.1459611E+02  0.1769841E+01  0.5224786E-01 -0.1038563E+00
   04  0.5430290E+03  0.1459213E+02  0.1765689E+01  0.7877203E-01 -0.1078314E+00
   04  0.5446568E+03  0.1458812E+02  0.1761648E+01  0.1053692E+00 -0.1118405E+00
   04  0.5462845E+03  0.1458408E+02  0.1757719E+01  0.1320364E+00 -0.1158827E+00
   04  0.5479123E+03  0.1458000E+02  0.1753902E+01  0.1587703E+00 -0.1199571E+00
   04  0.5495400E+03  0.1457590E+02  0.1750197E+01  0.1855675E+00 -0.1240631E+00
   04  0.5511678E+03  0.1457176E+02  0.1746603E+01  0.2124228E+00 -0.1281998E+00
   04  0.5527955E+03  0.1456760E+02  0.1743120E+01  0.2393260E+00 -0.1323660E+00
   04  0.5544232E+03  0.1456340E+02  0.1739748E+01  0.2662683E+00 -0.1365606E+00
   04  0.5560510E+03  0.1455918E+02  0.1736484E+01  0.2932407E+00 -0.1407828E+00
   04  0.5576787E+03  0.1455493E+02  0.1733329E+01  0.3202348E+00 -0.1450315E+00
   04  0.5593065E+03  0.1455066E+02  0.1730280E+01  0.3472425E+00 -0.1493061E+00
   04  0.5609342E+03  0.1454636E+02  0.1727338E+01  0.3742570E+00 -0.1536059E+00
   04  0.5625619E+03  0.1454203E+02  0.1724504E+01  0.4012760E+00 -0.1579302E+00
   04  0.5641897E+03  0.1453768E+02  0.1721776E+01  0.4282888E+00 -0.1622782E+00
   04  0.5658174E+03  0.1453331E+02  0.1719154E+01  0.4552893E+00 -0.1666495E+00
   04  0.5674452E+03  0.1452892E+02  0.1716635E+01  0.4822716E+00 -0.1710439E+00
   04  0.5690729E+03  0.1452450E+02  0.1714218E+01  0.5092303E+00 -0.1754609E+00
   04  0.5707007E+03  0.1452006E+02  0.1711899E+01  0.5361599E+00 -0.1799005E+00
   04  0.5723284E+03  0.1451560E+02  0.1709677E+01  0.5630555E+00 -0.1843625E+00
   04  0.5739561E+03  0.1451111E+02  0.1707547E+01  0.5899120E+00 -0.1888467E+00
   04  0.5755839E+03  0.1450661E+02  0.1705510E+01  0.6167258E+00 -0.1933531E+00
   04  0.5772116E+03  0.1450208E+02  0.1703563E+01  0.6434934E+00 -0.1978816E+00
   04  0.5788394E+03  0.1449753E+02  0.1701705E+01  0.6702111E+00 -0.2024323E+00
   04  0.5804671E+03  0.1449296E+02  0.1699934E+01  0.6968757E+00 -0.2070052E+00
   04  0.5820948E+03  0.1448836E+02  0.1698249E+01  0.7234840E+00 -0.2116004E+00
   04  0.5837226E+03  0.1448374E+02  0.1696647E+01  0.7500327E+00 -0.2162179E+00
   04  0.5853503E+03  0.1447910E+02  0.1695128E+01  0.7765191E+00 -0.2208580E+00
   04  0.5869781E+03  0.1447444E+02  0.1693689E+01  0.8029402E+00 -0.2255206E+00
   04  0.5886058E+03  0.1446976E+02  0.1692330E+01  0.8292932E+00 -0.2302059E+00
   04  0.5902336E+03  0.1446505E+02  0.1691048E+01  0.8555754E+00 -0.2349140E+00
   04  0.5918613E+03  0.1446032E+02  0.1689842E+01  0.8817839E+00 -0.2396450E+00
   04  0.5934890E+03  0.1445556E+02  0.1688711E+01  0.9079162E+00 -0.2443991E+00
   04  0.5951168E+03  0.1445078E+02  0.1687654E+01  0.9339695E+00 -0.2491763E+00
   04  0.5967445E+03  0.1444598E+02  0.1686679E+01  0.9599444E+00 -0.2539768E+00
   04  0.5983723E+03  0.1444116E+02  0.1685777E+01  0.9858356E+00 -0.2588008E+00
