# gauge_id= 604 location=( -0.1242128051E+03  0.4175523626E+02 ) num_var=  4
# Stationary gauge
# level, time, q[  1  2  3], eta, aux[]
# file format ascii, time series follow in this file
   04  0.0000000E+00  0.1211105E+02  0.0000000E+00  0.0000000E+00  0.0000000E+00
   04  0.1000000E+01  0.1211105E+02 -0.7428465E-16 -0.2030241E-16  0.3655170E+00
   04  0.1015873E+01  0.1211105E+02  0.5606611E-03  0.8647741E-05  0.3655174E+00
   04  0.1031746E+01  0.1211105E+02  0.1121229E-02  0.1727053E-04  0.3655177E+00
   04  0.1047619E+01  0.1211105E+02  0.1681702E-02  0.2586831E-04  0.3655180E+00
   04  0.1063492E+01  0.1211105E+02  0.2242083E-02  0.3444102E-04  0.3655183E+00
   04  0.1079365E+01  0.1211105E+02  0.2802369E-02  0.4298861E-04  0.3655186E+00
   04  0.1095238E+01  0.1211105E+02  0.3362562E-02  0.5151102E-04  0.3655189E+00
   04  0.1111111E+01  0.1211105E+02  0.3922661E-02  0.6000819E-04  0.3655191E+00
   04  0.1126984E+01  0.1211105E+02  0.4482666E-02  0.6848007E-04  0.3655194E+00
   04  0.1142857E+01  0.1211105E+02  0.5042577E-02  0.7692659E-04  0.3655196E+00
   04  0.1158730E+01  0.1211105E+02  0.5602395E-02  0.8534770E-04  0.3655198E+00
   04  0.1174603E+01  0.1211105E+02  0.6162119E-02  0.9374335E-04  0.3655200E+00
   04  0.1190476E+01  0.1211105E+02  0.6721748E-02  0.1021135E-03  0.3655202E+00
   04  0.1206349E+01  0.1211105E+02  0.7281284E-02  0.1104580E-03  0.3655203E+00
   04  0.1222222E+01  0.1211105E+02  0.7840726E-02  0.1187769E-03  0.3655205E+00
   04  0.1238095E+01  0.1211105E+02  0.8400074E-02  0.1270700E-03  0.3655206E+00
   04  0.1253968E+01  0.1211105E+02  0.8959328E-02  0.1353374E-03  0.3655207E+00
   04  0.1269841E+01  0.1211105E+02  0.9518488E-02  0.1435790E-03  0.3655209E+00
   04  0.1285714E+01  0.1211105E+02  0.1007755E-01  0.1517947E-03  0.3655209E+00
   04  0.1301587E+01  0.1211105E+02  0.1063652E-01  0.1599845E-03  0.3655210E+00
   04  0.1317460E+01  0.1211105E+02  0.1119540E-01  0.1681482E-03  0.3655211E+00
   04  0.1333333E+01  0.1211105E+02  0.1175419E-01  0.1762858E-03  0.3655211E+00
   04  0.1349206E+01  0.1211105E+02  0.1231288E-01  0.1843974E-03  0.3655211E+00
   04  0.1365079E+01  0.1211105E+02  0.1287147E-01  0.1924827E-03  0.3655212E+00
   04  0.1380952E+01  0.1211105E+02  0.1342997E-01  0.2005418E-03  0.3655212E+00
   04  0.1396825E+01  0.1211105E+02  0.1398838E-01  0.2085745E-03  0.3655211E+00
   04  0.1412698E+01  0.1211105E+02  0.1454669E-01  0.2165809E-03  0.3655211E+00
   04  0.1428571E+01  0.1211105E+02  0.1510491E-01  0.2245608E-03  0.3655211E+00
   04  0.1476190E+01  0.1211105E+02  0.1677921E-01  0.2483392E-03  0.3655208E+00
   04  0.1523810E+01  0.1211105E+02  0.1845266E-01  0.2718781E-03  0.3655205E+00
   04  0.1571429E+01  0.1211105E+02  0.2012526E-01  0.2951757E-03  0.3655199E+00
   04  0.1619048E+01  0.1211105E+02  0.2179702E-01  0.3182303E-03  0.3655193E+00
   04  0.1666667E+01  0.1211105E+02  0.2346791E-01  0.3410400E-03  0.3655185E+00
   04  0.1714286E+01  0.1211105E+02  0.2513796E-01  0.3636030E-03  0.3655176E+00
   04  0.1761905E+01  0.1211105E+02  0.2680715E-01  0.3859175E-03  0.3655165E+00
   04  0.1809524E+01  0.1211105E+02  0.2847549E-01  0.4079814E-03  0.3655153E+00
   04  0.1857143E+01  0.1211104E+02  0.3014298E-01  0.4297930E-03  0.3655140E+00
   04  0.1904762E+01  0.1211104E+02  0.3180960E-01  0.4513502E-03  0.3655125E+00
   04  0.1952381E+01  0.1211104E+02  0.3347537E-01  0.4726510E-03  0.3655109E+00
   04  0.2000000E+01  0.1211104E+02  0.3514029E-01  0.4936935E-03  0.3655091E+00
   04  0.5727919E+01  0.1211058E+02  0.1647933E+00  0.1502070E-02  0.3650460E+00
   04  0.9455838E+01  0.1210930E+02  0.2889221E+00  0.1352085E-02  0.3637736E+00
   04  0.1318376E+02  0.1210728E+02  0.4071734E+00  0.3033275E-03  0.3617479E+00
   04  0.1691168E+02  0.1210454E+02  0.5196179E+00 -0.1567194E-02  0.3590102E+00
   04  0.2063960E+02  0.1210114E+02  0.6262195E+00 -0.4229042E-02  0.3556064E+00
   04  0.2436752E+02  0.1209712E+02  0.7269817E+00 -0.7683355E-02  0.3515885E+00
   04  0.2809543E+02  0.1209255E+02  0.8219146E+00 -0.1196188E-01  0.3470175E+00
   04  0.3182335E+02  0.1208745E+02  0.9110277E+00 -0.1752216E-01  0.3419156E+00
   04  0.3555127E+02  0.1208186E+02  0.9943622E+00 -0.2411960E-01  0.3363269E+00
   04  0.3927919E+02  0.1207584E+02  0.1071957E+01 -0.3165821E-01  0.3303054E+00
   04  0.4300711E+02  0.1206944E+02  0.1143838E+01 -0.4018425E-01  0.3239138E+00
   04  0.4487107E+02  0.1206609E+02  0.1176898E+01 -0.4519954E-01  0.3205615E+00
   04  0.4673503E+02  0.1206267E+02  0.1208562E+01 -0.5045517E-01  0.3171400E+00
   04  0.4839188E+02  0.1205960E+02  0.1235855E+01 -0.5538911E-01  0.3140728E+00
   04  0.5004874E+02  0.1205652E+02  0.1262431E+01 -0.6053691E-01  0.3109887E+00
   04  0.5170559E+02  0.1205341E+02  0.1288189E+01 -0.6590431E-01  0.3078814E+00
   04  0.5336244E+02  0.1205028E+02  0.1313125E+01 -0.7149890E-01  0.3047531E+00
   04  0.5501930E+02  0.1204714E+02  0.1337237E+01 -0.7732700E-01  0.3016060E+00
   04  0.5667615E+02  0.1204397E+02  0.1360524E+01 -0.8339358E-01  0.2984422E+00
   04  0.5833300E+02  0.1204079E+02  0.1382987E+01 -0.8970224E-01  0.2952640E+00
   04  0.5998985E+02  0.1203760E+02  0.1404626E+01 -0.9625521E-01  0.2920734E+00
   04  0.6164671E+02  0.1203440E+02  0.1425442E+01 -0.1030534E+00  0.2888726E+00
   04  0.6330356E+02  0.1203119E+02  0.1445438E+01 -0.1100965E+00  0.2856637E+00
   04  0.6496041E+02  0.1202798E+02  0.1464615E+01 -0.1173827E+00  0.2824490E+00
   04  0.6661727E+02  0.1202476E+02  0.1482978E+01 -0.1249094E+00  0.2792306E+00
   04  0.6827412E+02  0.1202154E+02  0.1500531E+01 -0.1326724E+00  0.2760106E+00
   04  0.6993097E+02  0.1201832E+02  0.1517278E+01 -0.1406667E+00  0.2727911E+00
   04  0.7158783E+02  0.1201510E+02  0.1533225E+01 -0.1488862E+00  0.2695742E+00
   04  0.7324468E+02  0.1201189E+02  0.1548378E+01 -0.1573236E+00  0.2663618E+00
   04  0.7490153E+02  0.1200869E+02  0.1562746E+01 -0.1659716E+00  0.2631559E+00
   04  0.7655838E+02  0.1200549E+02  0.1576336E+01 -0.1748322E+00  0.2599593E+00
   04  0.7821524E+02  0.1200230E+02  0.1589154E+01 -0.1838997E+00  0.2567743E+00
   04  0.7987209E+02  0.1199913E+02  0.1601208E+01 -0.1931677E+00  0.2536027E+00
   04  0.8152894E+02  0.1199598E+02  0.1612505E+01 -0.2026295E+00  0.2504468E+00
   04  0.8318580E+02  0.1199284E+02  0.1623056E+01 -0.2122776E+00  0.2473082E+00
   04  0.8484265E+02  0.1198972E+02  0.1632869E+01 -0.2221042E+00  0.2441890E+00
   04  0.8649950E+02  0.1198662E+02  0.1641956E+01 -0.2321013E+00  0.2410909E+00
   04  0.8815636E+02  0.1198355E+02  0.1650328E+01 -0.2422604E+00  0.2380155E+00
   04  0.8981321E+02  0.1198049E+02  0.1657997E+01 -0.2525728E+00  0.2349644E+00
   04  0.9147006E+02  0.1197747E+02  0.1664976E+01 -0.2630297E+00  0.2319391E+00
   04  0.9445240E+02  0.1197209E+02  0.1676214E+01 -0.2818060E+00  0.2265572E+00
   04  0.9743473E+02  0.1196680E+02  0.1685299E+01 -0.3009925E+00  0.2212714E+00
   04  0.1004171E+03  0.1196162E+02  0.1692322E+01 -0.3205349E+00  0.2160882E+00
   04  0.1033994E+03  0.1195654E+02  0.1697348E+01 -0.3403759E+00  0.2110109E+00
   04  0.1063817E+03  0.1195156E+02  0.1700284E+01 -0.3604499E+00  0.2060297E+00
   04  0.1093641E+03  0.1194668E+02  0.1701196E+01 -0.3806896E+00  0.2011466E+00
   04  0.1123464E+03  0.1194188E+02  0.1700065E+01 -0.4010266E+00  0.1963540E+00
   04  0.1153287E+03  0.1193718E+02  0.1696996E+01 -0.4213990E+00  0.1916545E+00
   04  0.1183111E+03  0.1193258E+02  0.1692108E+01 -0.4417418E+00  0.1870507E+00
   04  0.1212934E+03  0.1192808E+02  0.1685495E+01 -0.4619928E+00  0.1825493E+00
   04  0.1242758E+03  0.1192369E+02  0.1677256E+01 -0.4820932E+00  0.1781577E+00
   04  0.1272581E+03  0.1191941E+02  0.1667518E+01 -0.5020010E+00  0.1738814E+00
   04  0.1302404E+03  0.1191524E+02  0.1656397E+01 -0.5218675E+00  0.1697126E+00
   04  0.1332228E+03  0.1191119E+02  0.1644017E+01 -0.5416516E+00  0.1656599E+00
   04  0.1362051E+03  0.1190726E+02  0.1630516E+01 -0.5613196E+00  0.1617315E+00
   04  0.1391874E+03  0.1190346E+02  0.1616035E+01 -0.5808451E+00  0.1579350E+00
   04  0.1421698E+03  0.1189981E+02  0.1600717E+01 -0.6002060E+00  0.1542773E+00
   04  0.1451521E+03  0.1189629E+02  0.1584706E+01 -0.6193849E+00  0.1507646E+00
   04  0.1481344E+03  0.1189293E+02  0.1568138E+01 -0.6383684E+00  0.1474020E+00
   04  0.1511168E+03  0.1188972E+02  0.1551147E+01 -0.6571466E+00  0.1441937E+00
   04  0.1540991E+03  0.1188667E+02  0.1533854E+01 -0.6757122E+00  0.1411432E+00
   04  0.1570814E+03  0.1188378E+02  0.1516376E+01 -0.6940604E+00  0.1382529E+00
   04  0.1600638E+03  0.1188105E+02  0.1498822E+01 -0.7121879E+00  0.1355242E+00
   04  0.1630461E+03  0.1187849E+02  0.1481291E+01 -0.7300924E+00  0.1329578E+00
   04  0.1660284E+03  0.1187608E+02  0.1463876E+01 -0.7477730E+00  0.1305535E+00
   04  0.1690108E+03  0.1187384E+02  0.1446657E+01 -0.7652291E+00  0.1283105E+00
   04  0.1719931E+03  0.1187176E+02  0.1429709E+01 -0.7824607E+00  0.1262276E+00
   04  0.1749755E+03  0.1186983E+02  0.1413077E+01 -0.7994675E+00  0.1243015E+00
   04  0.1779578E+03  0.1186806E+02  0.1396798E+01 -0.8162481E+00  0.1225283E+00
   04  0.1809401E+03  0.1186644E+02  0.1380920E+01 -0.8328016E+00  0.1209055E+00
   04  0.1824313E+03  0.1186568E+02  0.1373142E+01 -0.8410940E+00  0.1201467E+00
   04  0.1839225E+03  0.1186495E+02  0.1365474E+01 -0.8493264E+00  0.1194250E+00
   04  0.1854136E+03  0.1186427E+02  0.1357922E+01 -0.8574960E+00  0.1187398E+00
   04  0.1869048E+03  0.1186362E+02  0.1350493E+01 -0.8656030E+00  0.1180905E+00
   04  0.1883960E+03  0.1186301E+02  0.1343191E+01 -0.8736478E+00  0.1174767E+00
   04  0.1898871E+03  0.1186243E+02  0.1336022E+01 -0.8816305E+00  0.1168979E+00
   04  0.1913783E+03  0.1186188E+02  0.1328989E+01 -0.8895512E+00  0.1163536E+00
   04  0.1928695E+03  0.1186137E+02  0.1322098E+01 -0.8974098E+00  0.1158435E+00
   04  0.1943606E+03  0.1186090E+02  0.1315351E+01 -0.9052060E+00  0.1153668E+00
   04  0.1958518E+03  0.1186045E+02  0.1308750E+01 -0.9129451E+00  0.1149225E+00
   04  0.1973430E+03  0.1186004E+02  0.1302301E+01 -0.9206284E+00  0.1145096E+00
   04  0.1988341E+03  0.1185966E+02  0.1296006E+01 -0.9282537E+00  0.1141273E+00
   04  0.2003253E+03  0.1185930E+02  0.1289867E+01 -0.9358181E+00  0.1137748E+00
   04  0.2018165E+03  0.1185898E+02  0.1283888E+01 -0.9433184E+00  0.1134512E+00
   04  0.2033076E+03  0.1185869E+02  0.1278067E+01 -0.9507506E+00  0.1131557E+00
   04  0.2047988E+03  0.1185842E+02  0.1272405E+01 -0.9581104E+00  0.1128874E+00
   04  0.2062900E+03  0.1185818E+02  0.1266902E+01 -0.9653930E+00  0.1126453E+00
   04  0.2077811E+03  0.1185796E+02  0.1261556E+01 -0.9725929E+00  0.1124285E+00
   04  0.2092723E+03  0.1185777E+02  0.1256365E+01 -0.9797042E+00  0.1122360E+00
   04  0.2107635E+03  0.1185760E+02  0.1251329E+01 -0.9867206E+00  0.1120669E+00
   04  0.2122546E+03  0.1185745E+02  0.1246448E+01 -0.9936383E+00  0.1119208E+00
   04  0.2137458E+03  0.1185733E+02  0.1241722E+01 -0.1000455E+01  0.1117972E+00
   04  0.2152370E+03  0.1185723E+02  0.1237151E+01 -0.1007171E+01  0.1116958E+00
   04  0.2167281E+03  0.1185715E+02  0.1232734E+01 -0.1013783E+01  0.1116160E+00
   04  0.2182193E+03  0.1185709E+02  0.1228470E+01 -0.1020290E+01  0.1115574E+00
   04  0.2197105E+03  0.1185705E+02  0.1224359E+01 -0.1026691E+01  0.1115195E+00
   04  0.2212017E+03  0.1185703E+02  0.1220398E+01 -0.1032986E+01  0.1115019E+00
   04  0.2226928E+03  0.1185703E+02  0.1216586E+01 -0.1039174E+01  0.1115039E+00
   04  0.2241840E+03  0.1185705E+02  0.1212921E+01 -0.1045253E+01  0.1115251E+00
   04  0.2256752E+03  0.1185709E+02  0.1209399E+01 -0.1051222E+01  0.1115648E+00
   04  0.2271663E+03  0.1185715E+02  0.1206019E+01 -0.1057080E+01  0.1116224E+00
   04  0.2286575E+03  0.1185723E+02  0.1202775E+01 -0.1062825E+01  0.1116970E+00
   04  0.2301487E+03  0.1185732E+02  0.1199664E+01 -0.1068455E+01  0.1117880E+00
   04  0.2316398E+03  0.1185742E+02  0.1196681E+01 -0.1073968E+01  0.1118945E+00
   04  0.2331310E+03  0.1185755E+02  0.1193823E+01 -0.1079363E+01  0.1120157E+00
   04  0.2346222E+03  0.1185768E+02  0.1191084E+01 -0.1084635E+01  0.1121509E+00
   04  0.2361133E+03  0.1185783E+02  0.1188458E+01 -0.1089784E+01  0.1122990E+00
   04  0.2376045E+03  0.1185799E+02  0.1185941E+01 -0.1094805E+01  0.1124591E+00
   04  0.2390957E+03  0.1185816E+02  0.1183526E+01 -0.1099696E+01  0.1126304E+00
   04  0.2405868E+03  0.1185834E+02  0.1181209E+01 -0.1104453E+01  0.1128119E+00
   04  0.2420780E+03  0.1185853E+02  0.1178983E+01 -0.1109072E+01  0.1130026E+00
   04  0.2435692E+03  0.1185873E+02  0.1176842E+01 -0.1113549E+01  0.1132015E+00
   04  0.2450603E+03  0.1185894E+02  0.1174780E+01 -0.1117880E+01  0.1134077E+00
   04  0.2465515E+03  0.1185915E+02  0.1172792E+01 -0.1122061E+01  0.1136201E+00
   04  0.2480427E+03  0.1185937E+02  0.1170872E+01 -0.1126089E+01  0.1138379E+00
   04  0.2495338E+03  0.1185959E+02  0.1169013E+01 -0.1129960E+01  0.1140601E+00
   04  0.2510250E+03  0.1185982E+02  0.1167210E+01 -0.1133671E+01  0.1142858E+00
   04  0.2525162E+03  0.1186004E+02  0.1165458E+01 -0.1137218E+01  0.1145142E+00
   04  0.2540073E+03  0.1186027E+02  0.1163751E+01 -0.1140598E+01  0.1147444E+00
   04  0.2554985E+03  0.1186051E+02  0.1162084E+01 -0.1143810E+01  0.1149756E+00
   04  0.2569897E+03  0.1186074E+02  0.1160453E+01 -0.1146852E+01  0.1152070E+00
   04  0.2584808E+03  0.1186097E+02  0.1158852E+01 -0.1149721E+01  0.1154381E+00
   04  0.2599720E+03  0.1186120E+02  0.1157277E+01 -0.1152415E+01  0.1156679E+00
   04  0.2614632E+03  0.1186143E+02  0.1155723E+01 -0.1154934E+01  0.1158959E+00
   04  0.2629543E+03  0.1186165E+02  0.1154187E+01 -0.1157275E+01  0.1161213E+00
   04  0.2644455E+03  0.1186187E+02  0.1152664E+01 -0.1159438E+01  0.1163437E+00
   04  0.2659367E+03  0.1186210E+02  0.1151153E+01 -0.1161353E+01  0.1165680E+00
   04  0.2674278E+03  0.1186233E+02  0.1149651E+01 -0.1162989E+01  0.1167961E+00
   04  0.2689190E+03  0.1186256E+02  0.1148156E+01 -0.1164344E+01  0.1170273E+00
   04  0.2704102E+03  0.1186279E+02  0.1146668E+01 -0.1165414E+01  0.1172612E+00
   04  0.2719014E+03  0.1186303E+02  0.1145183E+01 -0.1166200E+01  0.1174970E+00
   04  0.2733925E+03  0.1186326E+02  0.1143701E+01 -0.1166699E+01  0.1177342E+00
   04  0.2748837E+03  0.1186350E+02  0.1142219E+01 -0.1166912E+01  0.1179723E+00
   04  0.2763749E+03  0.1186374E+02  0.1140738E+01 -0.1166840E+01  0.1182107E+00
   04  0.2778660E+03  0.1186398E+02  0.1139255E+01 -0.1166485E+01  0.1184487E+00
   04  0.2793572E+03  0.1186422E+02  0.1137769E+01 -0.1165850E+01  0.1186857E+00
   04  0.2808484E+03  0.1186445E+02  0.1136281E+01 -0.1164939E+01  0.1189212E+00
   04  0.2823395E+03  0.1186468E+02  0.1134789E+01 -0.1163755E+01  0.1191545E+00
   04  0.2838307E+03  0.1186491E+02  0.1133294E+01 -0.1162304E+01  0.1193851E+00
   04  0.2853219E+03  0.1186514E+02  0.1131795E+01 -0.1160592E+01  0.1196124E+00
   04  0.2868130E+03  0.1186537E+02  0.1130293E+01 -0.1158624E+01  0.1198358E+00
   04  0.2883042E+03  0.1186558E+02  0.1128787E+01 -0.1156408E+01  0.1200547E+00
   04  0.2897954E+03  0.1186580E+02  0.1127280E+01 -0.1153951E+01  0.1202686E+00
   04  0.2912865E+03  0.1186601E+02  0.1125770E+01 -0.1151261E+01  0.1204769E+00
   04  0.2927777E+03  0.1186621E+02  0.1124259E+01 -0.1148346E+01  0.1206792E+00
   04  0.2942689E+03  0.1186640E+02  0.1122749E+01 -0.1145215E+01  0.1208749E+00
   04  0.2957600E+03  0.1186659E+02  0.1121240E+01 -0.1141877E+01  0.1210636E+00
   04  0.2972512E+03  0.1186677E+02  0.1119733E+01 -0.1138341E+01  0.1212449E+00
   04  0.2987424E+03  0.1186695E+02  0.1118231E+01 -0.1134616E+01  0.1214183E+00
   04  0.3002335E+03  0.1186711E+02  0.1116734E+01 -0.1130712E+01  0.1215835E+00
   04  0.3017247E+03  0.1186727E+02  0.1115245E+01 -0.1126639E+01  0.1217401E+00
   04  0.3032159E+03  0.1186742E+02  0.1113765E+01 -0.1122407E+01  0.1218878E+00
   04  0.3047070E+03  0.1186756E+02  0.1112296E+01 -0.1118025E+01  0.1220263E+00
   04  0.3061982E+03  0.1186769E+02  0.1110841E+01 -0.1113504E+01  0.1221554E+00
   04  0.3076894E+03  0.1186780E+02  0.1109401E+01 -0.1108853E+01  0.1222749E+00
   04  0.3091805E+03  0.1186791E+02  0.1107978E+01 -0.1104083E+01  0.1223846E+00
   04  0.3106717E+03  0.1186801E+02  0.1106569E+01 -0.1099203E+01  0.1224848E+00
   04  0.3121629E+03  0.1186811E+02  0.1105172E+01 -0.1094225E+01  0.1225757E+00
   04  0.3136540E+03  0.1186819E+02  0.1103789E+01 -0.1089144E+01  0.1226584E+00
   04  0.3151452E+03  0.1186826E+02  0.1102418E+01 -0.1083969E+01  0.1227330E+00
   04  0.3165017E+03  0.1186832E+02  0.1101185E+01 -0.1079194E+01  0.1227944E+00
   04  0.3178581E+03  0.1186838E+02  0.1099963E+01 -0.1074353E+01  0.1228491E+00
   04  0.3192146E+03  0.1186843E+02  0.1098753E+01 -0.1069452E+01  0.1228969E+00
   04  0.3205710E+03  0.1186847E+02  0.1097555E+01 -0.1064496E+01  0.1229379E+00
   04  0.3219275E+03  0.1186850E+02  0.1096371E+01 -0.1059489E+01  0.1229719E+00
   04  0.3232839E+03  0.1186853E+02  0.1095200E+01 -0.1054438E+01  0.1229988E+00
   04  0.3246404E+03  0.1186855E+02  0.1094045E+01 -0.1049348E+01  0.1230186E+00
   04  0.3259968E+03  0.1186856E+02  0.1092906E+01 -0.1044223E+01  0.1230312E+00
   04  0.3273533E+03  0.1186857E+02  0.1091784E+01 -0.1039068E+01  0.1230364E+00
   04  0.3287097E+03  0.1186856E+02  0.1090681E+01 -0.1033887E+01  0.1230342E+00
   04  0.3300662E+03  0.1186855E+02  0.1089596E+01 -0.1028685E+01  0.1230244E+00
   04  0.3314226E+03  0.1186854E+02  0.1088532E+01 -0.1023465E+01  0.1230068E+00
   04  0.3327791E+03  0.1186851E+02  0.1087490E+01 -0.1018232E+01  0.1229815E+00
   04  0.3341355E+03  0.1186848E+02  0.1086470E+01 -0.1012989E+01  0.1229483E+00
   04  0.3354920E+03  0.1186844E+02  0.1085475E+01 -0.1007740E+01  0.1229070E+00
   04  0.3368484E+03  0.1186839E+02  0.1084504E+01 -0.1002488E+01  0.1228575E+00
   04  0.3382049E+03  0.1186833E+02  0.1083559E+01 -0.9972366E+00  0.1227998E+00
   04  0.3395613E+03  0.1186826E+02  0.1082642E+01 -0.9919888E+00  0.1227337E+00
   04  0.3409178E+03  0.1186819E+02  0.1081753E+01 -0.9867475E+00  0.1226591E+00
   04  0.3422742E+03  0.1186811E+02  0.1080893E+01 -0.9815156E+00  0.1225759E+00
   04  0.3436307E+03  0.1186801E+02  0.1080063E+01 -0.9762955E+00  0.1224840E+00
   04  0.3449871E+03  0.1186791E+02  0.1079265E+01 -0.9710892E+00  0.1223833E+00
   04  0.3463436E+03  0.1186780E+02  0.1078498E+01 -0.9658987E+00  0.1222735E+00
   04  0.3477000E+03  0.1186768E+02  0.1077763E+01 -0.9607257E+00  0.1221547E+00
   04  0.3490565E+03  0.1186756E+02  0.1077062E+01 -0.9555722E+00  0.1220266E+00
   04  0.3504130E+03  0.1186742E+02  0.1076394E+01 -0.9504397E+00  0.1218893E+00
   04  0.3517694E+03  0.1186727E+02  0.1075760E+01 -0.9453298E+00  0.1217425E+00
   04  0.3531259E+03  0.1186712E+02  0.1075161E+01 -0.9402440E+00  0.1215862E+00
   04  0.3544823E+03  0.1186695E+02  0.1074597E+01 -0.9351818E+00  0.1214202E+00
   04  0.3558388E+03  0.1186677E+02  0.1074068E+01 -0.9301423E+00  0.1212442E+00
   04  0.3574665E+03  0.1186655E+02  0.1073478E+01 -0.9240994E+00  0.1210179E+00
   04  0.3590942E+03  0.1186631E+02  0.1072939E+01 -0.9180939E+00  0.1207768E+00
   04  0.3607220E+03  0.1186605E+02  0.1072453E+01 -0.9121275E+00  0.1205207E+00
   04  0.3623497E+03  0.1186578E+02  0.1072019E+01 -0.9062020E+00  0.1202494E+00
   04  0.3639775E+03  0.1186549E+02  0.1071638E+01 -0.9003186E+00  0.1199627E+00
   04  0.3656052E+03  0.1186519E+02  0.1071308E+01 -0.8944784E+00  0.1196604E+00
   04  0.3672329E+03  0.1186487E+02  0.1071028E+01 -0.8886821E+00  0.1193422E+00
   04  0.3688607E+03  0.1186454E+02  0.1070799E+01 -0.8829301E+00  0.1190080E+00
   04  0.3704884E+03  0.1186419E+02  0.1070617E+01 -0.8772223E+00  0.1186576E+00
   04  0.3721162E+03  0.1186382E+02  0.1070482E+01 -0.8715583E+00  0.1182908E+00
   04  0.3737439E+03  0.1186344E+02  0.1070392E+01 -0.8659377E+00  0.1179074E+00
   04  0.3753717E+03  0.1186304E+02  0.1070344E+01 -0.8603592E+00  0.1175072E+00
   04  0.3769994E+03  0.1186262E+02  0.1070338E+01 -0.8548217E+00  0.1170902E+00
   04  0.3786271E+03  0.1186219E+02  0.1070371E+01 -0.8493235E+00  0.1166560E+00
   04  0.3802549E+03  0.1186173E+02  0.1070442E+01 -0.8438626E+00  0.1162046E+00
   04  0.3818826E+03  0.1186127E+02  0.1070546E+01 -0.8384367E+00  0.1157358E+00
   04  0.3835104E+03  0.1186078E+02  0.1070684E+01 -0.8330434E+00  0.1152494E+00
   04  0.3851381E+03  0.1186027E+02  0.1070850E+01 -0.8276798E+00  0.1147452E+00
   04  0.3867658E+03  0.1185975E+02  0.1071044E+01 -0.8223428E+00  0.1142230E+00
   04  0.3883936E+03  0.1185921E+02  0.1071263E+01 -0.8170291E+00  0.1136826E+00
   04  0.3900213E+03  0.1185865E+02  0.1071503E+01 -0.8117351E+00  0.1131238E+00
   04  0.3916491E+03  0.1185808E+02  0.1071762E+01 -0.8064572E+00  0.1125464E+00
   04  0.3932768E+03  0.1185748E+02  0.1072037E+01 -0.8011912E+00  0.1119501E+00
   04  0.3949046E+03  0.1185686E+02  0.1072325E+01 -0.7959330E+00  0.1113348E+00
   04  0.3965323E+03  0.1185623E+02  0.1072623E+01 -0.7906782E+00  0.1107001E+00
   04  0.3981600E+03  0.1185558E+02  0.1072928E+01 -0.7854224E+00  0.1100459E+00
   04  0.3997878E+03  0.1185490E+02  0.1073237E+01 -0.7801609E+00  0.1093719E+00
   04  0.4014155E+03  0.1185421E+02  0.1073547E+01 -0.7748889E+00  0.1086778E+00
   04  0.4030433E+03  0.1185349E+02  0.1073855E+01 -0.7696014E+00  0.1079634E+00
   04  0.4046710E+03  0.1185275E+02  0.1074157E+01 -0.7642496E+00  0.1072249E+00
   04  0.4062987E+03  0.1185199E+02  0.1074451E+01 -0.7588262E+00  0.1064621E+00
   04  0.4079265E+03  0.1185120E+02  0.1074733E+01 -0.7533291E+00  0.1056748E+00
   04  0.4095542E+03  0.1185039E+02  0.1074999E+01 -0.7477562E+00  0.1048631E+00
   04  0.4111820E+03  0.1184956E+02  0.1075247E+01 -0.7421055E+00  0.1040271E+00
   04  0.4128097E+03  0.1184870E+02  0.1075475E+01 -0.7363747E+00  0.1031666E+00
   04  0.4144375E+03  0.1184781E+02  0.1075679E+01 -0.7305616E+00  0.1022817E+00
   04  0.4160652E+03  0.1184690E+02  0.1075856E+01 -0.7246640E+00  0.1013721E+00
   04  0.4176929E+03  0.1184597E+02  0.1076005E+01 -0.7186793E+00  0.1004378E+00
   04  0.4193207E+03  0.1184501E+02  0.1076122E+01 -0.7126054E+00  0.9947862E-01
   04  0.4209484E+03  0.1184402E+02  0.1076207E+01 -0.7064395E+00  0.9849437E-01
   04  0.4225762E+03  0.1184301E+02  0.1076255E+01 -0.7001793E+00  0.9748488E-01
   04  0.4242039E+03  0.1184198E+02  0.1076266E+01 -0.6938220E+00  0.9644993E-01
   04  0.4258316E+03  0.1184092E+02  0.1076237E+01 -0.6873650E+00  0.9538930E-01
   04  0.4274594E+03  0.1183983E+02  0.1076166E+01 -0.6808120E+00  0.9430328E-01
   04  0.4290871E+03  0.1183872E+02  0.1076049E+01 -0.6741621E+00  0.9319182E-01
   04  0.4307149E+03  0.1183758E+02  0.1075882E+01 -0.6674139E+00  0.9205475E-01
   04  0.4323426E+03  0.1183642E+02  0.1075663E+01 -0.6605657E+00  0.9089190E-01
   04  0.4339704E+03  0.1183523E+02  0.1075389E+01 -0.6536158E+00  0.8970306E-01
   04  0.4355981E+03  0.1183402E+02  0.1075055E+01 -0.6465623E+00  0.8848799E-01
   04  0.4372258E+03  0.1183278E+02  0.1074660E+01 -0.6394034E+00  0.8724646E-01
   04  0.4388536E+03  0.1183151E+02  0.1074200E+01 -0.6321368E+00  0.8597818E-01
   04  0.4404813E+03  0.1183021E+02  0.1073672E+01 -0.6247606E+00  0.8468287E-01
   04  0.4421091E+03  0.1182889E+02  0.1073076E+01 -0.6172726E+00  0.8336023E-01
   04  0.4437368E+03  0.1182754E+02  0.1072408E+01 -0.6096703E+00  0.8200993E-01
   04  0.4453645E+03  0.1182616E+02  0.1071666E+01 -0.6019517E+00  0.8063165E-01
   04  0.4469923E+03  0.1182475E+02  0.1070849E+01 -0.5941142E+00  0.7922505E-01
   04  0.4486200E+03  0.1182332E+02  0.1069954E+01 -0.5861555E+00  0.7778977E-01
   04  0.4502478E+03  0.1182186E+02  0.1068982E+01 -0.5780732E+00  0.7632546E-01
   04  0.4518755E+03  0.1182036E+02  0.1067930E+01 -0.5698650E+00  0.7483177E-01
   04  0.4535033E+03  0.1181884E+02  0.1066798E+01 -0.5615284E+00  0.7330831E-01
   04  0.4551310E+03  0.1181728E+02  0.1065585E+01 -0.5530611E+00  0.7175474E-01
   04  0.4567587E+03  0.1181570E+02  0.1064290E+01 -0.5444608E+00  0.7017069E-01
   04  0.4583865E+03  0.1181409E+02  0.1062914E+01 -0.5357254E+00  0.6855579E-01
   04  0.4600142E+03  0.1181244E+02  0.1061457E+01 -0.5268525E+00  0.6690968E-01
   04  0.4616420E+03  0.1181076E+02  0.1059919E+01 -0.5178402E+00  0.6523203E-01
   04  0.4632697E+03  0.1180905E+02  0.1058300E+01 -0.5086866E+00  0.6352249E-01
   04  0.4648974E+03  0.1180731E+02  0.1056601E+01 -0.4993900E+00  0.6178074E-01
   04  0.4665252E+03  0.1180554E+02  0.1054824E+01 -0.4899487E+00  0.6000646E-01
   04  0.4681529E+03  0.1180373E+02  0.1052970E+01 -0.4803614E+00  0.5819937E-01
   04  0.4697807E+03  0.1180189E+02  0.1051040E+01 -0.4706267E+00  0.5635916E-01
   04  0.4714084E+03  0.1180002E+02  0.1049036E+01 -0.4607435E+00  0.5448557E-01
   04  0.4730362E+03  0.1179811E+02  0.1046961E+01 -0.4507111E+00  0.5257836E-01
   04  0.4746639E+03  0.1179617E+02  0.1044817E+01 -0.4405288E+00  0.5063729E-01
   04  0.4762916E+03  0.1179419E+02  0.1042607E+01 -0.4301959E+00  0.4866214E-01
   04  0.4779194E+03  0.1179218E+02  0.1040335E+01 -0.4197124E+00  0.4665275E-01
   04  0.4795471E+03  0.1179014E+02  0.1038003E+01 -0.4090781E+00  0.4460894E-01
   04  0.4811749E+03  0.1178806E+02  0.1035615E+01 -0.3982933E+00  0.4253059E-01
   04  0.4828026E+03  0.1178595E+02  0.1033177E+01 -0.3873583E+00  0.4041758E-01
   04  0.4844303E+03  0.1178380E+02  0.1030689E+01 -0.3762737E+00  0.3826961E-01
   04  0.4860581E+03  0.1178162E+02  0.1028153E+01 -0.3650405E+00  0.3608637E-01
   04  0.4876858E+03  0.1177940E+02  0.1025570E+01 -0.3536595E+00  0.3386756E-01
   04  0.4893136E+03  0.1177714E+02  0.1022940E+01 -0.3421323E+00  0.3161291E-01
   04  0.4909413E+03  0.1177485E+02  0.1020264E+01 -0.3304605E+00  0.2932216E-01
   04  0.4925691E+03  0.1177252E+02  0.1017543E+01 -0.3186462E+00  0.2699510E-01
   04  0.4941968E+03  0.1177016E+02  0.1014777E+01 -0.3066966E+00  0.2463200E-01
   04  0.4958245E+03  0.1176776E+02  0.1011966E+01 -0.2946184E+00  0.2223324E-01
   04  0.4974523E+03  0.1176533E+02  0.1009114E+01 -0.2823990E+00  0.1979756E-01
   04  0.4990800E+03  0.1176285E+02  0.1006223E+01 -0.2700301E+00  0.1732373E-01
   04  0.5007078E+03  0.1176034E+02  0.1003293E+01 -0.2575157E+00  0.1481156E-01
   04  0.5023355E+03  0.1175779E+02  0.1000328E+01 -0.2448879E+00  0.1226322E-01
   04  0.5039632E+03  0.1175521E+02  0.9973286E+00 -0.2322049E+00  0.9683189E-02
   04  0.5055910E+03  0.1175260E+02  0.9943000E+00 -0.2194603E+00  0.7070828E-02
   04  0.5072187E+03  0.1174996E+02  0.9912456E+00 -0.2066491E+00  0.4425574E-02
   04  0.5088465E+03  0.1174728E+02  0.9881650E+00 -0.1937672E+00  0.1746992E-02
   04  0.5104742E+03  0.1174456E+02  0.9850658E+00 -0.1808093E+00 -0.9654195E-03
   04  0.5121020E+03  0.1174182E+02  0.9819516E+00 -0.1677714E+00 -0.3712103E-02
   04  0.5137297E+03  0.1173904E+02  0.9788259E+00 -0.1546496E+00 -0.6493469E-02
   04  0.5153574E+03  0.1173622E+02  0.9756922E+00 -0.1414403E+00 -0.9309894E-02
   04  0.5169852E+03  0.1173337E+02  0.9725537E+00 -0.1281408E+00 -0.1216172E-01
   04  0.5186129E+03  0.1173048E+02  0.9694137E+00 -0.1147484E+00 -0.1504927E-01
   04  0.5202407E+03  0.1172756E+02  0.9662753E+00 -0.1012613E+00 -0.1797282E-01
   04  0.5218684E+03  0.1172460E+02  0.9631412E+00 -0.8767566E-01 -0.2093239E-01
   04  0.5234961E+03  0.1172160E+02  0.9600139E+00 -0.7398299E-01 -0.2392747E-01
   04  0.5251239E+03  0.1171857E+02  0.9568964E+00 -0.6018165E-01 -0.2695804E-01
   04  0.5267516E+03  0.1171551E+02  0.9537917E+00 -0.4627071E-01 -0.3002408E-01
   04  0.5283794E+03  0.1171240E+02  0.9507022E+00 -0.3224984E-01 -0.3312555E-01
   04  0.5300071E+03  0.1170927E+02  0.9476303E+00 -0.1811731E-01 -0.3626224E-01
   04  0.5316349E+03  0.1170610E+02  0.9445779E+00 -0.3872292E-02 -0.3943402E-01
   04  0.5332626E+03  0.1170289E+02  0.9415472E+00  0.1048529E-01 -0.4264078E-01
   04  0.5348903E+03  0.1169965E+02  0.9385400E+00  0.2495550E-01 -0.4588239E-01
   04  0.5365181E+03  0.1169637E+02  0.9355581E+00  0.3953847E-01 -0.4915874E-01
   04  0.5381458E+03  0.1169306E+02  0.9326041E+00  0.5423779E-01 -0.5246971E-01
   04  0.5397736E+03  0.1168971E+02  0.9296803E+00  0.6905459E-01 -0.5581517E-01
   04  0.5414013E+03  0.1168633E+02  0.9267887E+00  0.8398753E-01 -0.5919500E-01
   04  0.5430290E+03  0.1168292E+02  0.9239308E+00  0.9903489E-01 -0.6260907E-01
   04  0.5446568E+03  0.1167947E+02  0.9211082E+00  0.1141946E+00 -0.6605728E-01
   04  0.5462845E+03  0.1167599E+02  0.9183221E+00  0.1294643E+00 -0.6953951E-01
   04  0.5479123E+03  0.1167247E+02  0.9155735E+00  0.1448414E+00 -0.7305564E-01
   04  0.5495400E+03  0.1166892E+02  0.9128635E+00  0.1603231E+00 -0.7660558E-01
   04  0.5511678E+03  0.1166534E+02  0.9101927E+00  0.1759064E+00 -0.8018922E-01
   04  0.5527955E+03  0.1166172E+02  0.9075617E+00  0.1915875E+00 -0.8380644E-01
   04  0.5544232E+03  0.1165807E+02  0.9049709E+00  0.2073611E+00 -0.8745699E-01
   04  0.5560510E+03  0.1165439E+02  0.9024208E+00  0.2232215E+00 -0.9114062E-01
   04  0.5576787E+03  0.1165067E+02  0.8999114E+00  0.2391630E+00 -0.9485710E-01
   04  0.5593065E+03  0.1164692E+02  0.8974429E+00  0.2551797E+00 -0.9860622E-01
   04  0.5609342E+03  0.1164314E+02  0.8950155E+00  0.2712663E+00 -0.1023878E+00
   04  0.5625619E+03  0.1163933E+02  0.8926308E+00  0.2874193E+00 -0.1062015E+00
   04  0.5641897E+03  0.1163548E+02  0.8902889E+00  0.3036309E+00 -0.1100472E+00
   04  0.5658174E+03  0.1163161E+02  0.8879895E+00  0.3198951E+00 -0.1139246E+00
   04  0.5674452E+03  0.1162770E+02  0.8857324E+00  0.3362064E+00 -0.1178336E+00
   04  0.5690729E+03  0.1162376E+02  0.8835172E+00  0.3525591E+00 -0.1217741E+00
   04  0.5707007E+03  0.1161978E+02  0.8813434E+00  0.3689480E+00 -0.1257459E+00
   04  0.5723284E+03  0.1161578E+02  0.8792107E+00  0.3853675E+00 -0.1297491E+00
   04  0.5739561E+03  0.1161175E+02  0.8771185E+00  0.4018127E+00 -0.1337834E+00
   04  0.5755839E+03  0.1160768E+02  0.8750663E+00  0.4182782E+00 -0.1378487E+00
   04  0.5772116E+03  0.1160358E+02  0.8730536E+00  0.4347593E+00 -0.1419451E+00
   04  0.5788394E+03  0.1159946E+02  0.8710797E+00  0.4512514E+00 -0.1460724E+00
   04  0.5804671E+03  0.1159530E+02  0.8691442E+00  0.4677499E+00 -0.1502307E+00
   04  0.5820948E+03  0.1159111E+02  0.8672464E+00  0.4842505E+00 -0.1544197E+00
   04  0.5837226E+03  0.1158689E+02  0.8653859E+00  0.5007491E+00 -0.1586395E+00
   04  0.5853503E+03  0.1158264E+02  0.8635619E+00  0.5172417E+00 -0.1628901E+00
   04  0.5869781E+03  0.1157836E+02  0.8617741E+00  0.5337243E+00 -0.1671714E+00
   04  0.5886058E+03  0.1157405E+02  0.8600219E+00  0.5501932E+00 -0.1714832E+00
   04  0.5902336E+03  0.1156970E+02  0.8583047E+00  0.5666448E+00 -0.1758257E+00
   04  0.5918613E+03  0.1156533E+02  0.8566220E+00  0.5830756E+00 -0.1801987E+00
   04  0.5934890E+03  0.1156093E+02  0.8549735E+00  0.5994823E+00 -0.1846022E+00
   04  0.5951168E+03  0.1155649E+02  0.8533587E+00  0.6158615E+00 -0.1890362E+00
   04  0.5967445E+03  0.1155203E+02  0.8517771E+00  0.6322101E+00 -0.1935005E+00
   04  0.5983723E+03  0.1154753E+02  0.8502285E+00  0.6485257E+00 -0.1979952E+00
