# gauge_id= 304 location=( -0.1241920000E+03  0.4175062500E+02 ) num_var=  4
# Stationary gauge
# level, time, q[  1  2  3], eta, aux[]
# file format ascii, time series follow in this file
   04  0.0000000E+00  0.1227984E+01  0.0000000E+00  0.0000000E+00  0.0000000E+00
   04  0.1000000E+01  0.1227984E+01  0.1271753E-16 -0.4695144E-19 -0.2243846E+00
   04  0.1015873E+01  0.1227987E+01  0.8883487E-04  0.1662420E-06 -0.2243819E+00
   04  0.1031746E+01  0.1227989E+01  0.1776741E-03  0.3327178E-06 -0.2243791E+00
   04  0.1047619E+01  0.1227992E+01  0.2665177E-03  0.4994272E-06 -0.2243764E+00
   04  0.1063492E+01  0.1227995E+01  0.3553657E-03  0.6663696E-06 -0.2243737E+00
   04  0.1079365E+01  0.1227998E+01  0.4442180E-03  0.8335448E-06 -0.2243709E+00
   04  0.1095238E+01  0.1228000E+01  0.5330747E-03  0.1000952E-05 -0.2243682E+00
   04  0.1111111E+01  0.1228003E+01  0.6219357E-03  0.1168592E-05 -0.2243654E+00
   04  0.1126984E+01  0.1228006E+01  0.7108012E-03  0.1336463E-05 -0.2243627E+00
   04  0.1142857E+01  0.1228009E+01  0.7996709E-03  0.1504565E-05 -0.2243599E+00
   04  0.1158730E+01  0.1228011E+01  0.8885450E-03  0.1672898E-05 -0.2243572E+00
   04  0.1174603E+01  0.1228014E+01  0.9774235E-03  0.1841462E-05 -0.2243544E+00
   04  0.1190476E+01  0.1228017E+01  0.1066306E-02  0.2010255E-05 -0.2243517E+00
   04  0.1206349E+01  0.1228020E+01  0.1155194E-02  0.2179277E-05 -0.2243489E+00
   04  0.1222222E+01  0.1228022E+01  0.1244085E-02  0.2348528E-05 -0.2243462E+00
   04  0.1238095E+01  0.1228025E+01  0.1332981E-02  0.2518008E-05 -0.2243434E+00
   04  0.1253968E+01  0.1228028E+01  0.1421881E-02  0.2687716E-05 -0.2243407E+00
   04  0.1269841E+01  0.1228031E+01  0.1510786E-02  0.2857652E-05 -0.2243379E+00
   04  0.1285714E+01  0.1228033E+01  0.1599695E-02  0.3027815E-05 -0.2243352E+00
   04  0.1301587E+01  0.1228036E+01  0.1688608E-02  0.3198205E-05 -0.2243324E+00
   04  0.1317460E+01  0.1228039E+01  0.1777526E-02  0.3368821E-05 -0.2243297E+00
   04  0.1333333E+01  0.1228042E+01  0.1866448E-02  0.3539664E-05 -0.2243269E+00
   04  0.1349206E+01  0.1228044E+01  0.1955374E-02  0.3710731E-05 -0.2243242E+00
   04  0.1365079E+01  0.1228047E+01  0.2044305E-02  0.3882024E-05 -0.2243214E+00
   04  0.1380952E+01  0.1228050E+01  0.2133240E-02  0.4053542E-05 -0.2243186E+00
   04  0.1396825E+01  0.1228053E+01  0.2222179E-02  0.4225284E-05 -0.2243159E+00
   04  0.1412698E+01  0.1228055E+01  0.2311123E-02  0.4397250E-05 -0.2243131E+00
   04  0.1428571E+01  0.1228058E+01  0.2400071E-02  0.4569439E-05 -0.2243104E+00
   04  0.1476190E+01  0.1228066E+01  0.2666942E-02  0.5087690E-05 -0.2243021E+00
   04  0.1523810E+01  0.1228075E+01  0.2933853E-02  0.5607934E-05 -0.2242938E+00
   04  0.1571429E+01  0.1228083E+01  0.3200803E-02  0.6130158E-05 -0.2242855E+00
   04  0.1619048E+01  0.1228091E+01  0.3467792E-02  0.6654352E-05 -0.2242772E+00
   04  0.1666667E+01  0.1228100E+01  0.3734820E-02  0.7180502E-05 -0.2242689E+00
   04  0.1714286E+01  0.1228108E+01  0.4001887E-02  0.7708596E-05 -0.2242606E+00
   04  0.1761905E+01  0.1228116E+01  0.4268992E-02  0.8238622E-05 -0.2242522E+00
   04  0.1809524E+01  0.1228125E+01  0.4536137E-02  0.8770566E-05 -0.2242439E+00
   04  0.1857143E+01  0.1228133E+01  0.4803321E-02  0.9304417E-05 -0.2242356E+00
   04  0.1904762E+01  0.1228141E+01  0.5070543E-02  0.9840161E-05 -0.2242272E+00
   04  0.1952381E+01  0.1228150E+01  0.5337805E-02  0.1037779E-04 -0.2242189E+00
   04  0.2000000E+01  0.1228158E+01  0.5605105E-02  0.1091728E-04 -0.2242105E+00
   04  0.5727919E+01  0.1228864E+01  0.2666179E-01  0.5293006E-04 -0.2235049E+00
   04  0.9455838E+01  0.1229613E+01  0.4797990E-01  0.9887241E-04 -0.2227559E+00
   04  0.1318376E+02  0.1230410E+01  0.6955529E-01  0.1402532E-03 -0.2219590E+00
   04  0.1691168E+02  0.1231261E+01  0.9139918E-01  0.1689289E-03 -0.2211073E+00
   04  0.2063960E+02  0.1232177E+01  0.1135355E+00  0.1793667E-03 -0.2201920E+00
   04  0.2436752E+02  0.1233166E+01  0.1360005E+00  0.1697511E-03 -0.2192030E+00
   04  0.2809543E+02  0.1234239E+01  0.1588399E+00  0.1422191E-03 -0.2181294E+00
   04  0.3182335E+02  0.1235408E+01  0.1821083E+00  0.1000468E-03 -0.2169601E+00
   04  0.3555127E+02  0.1236693E+01  0.2058685E+00  0.2843229E-04 -0.2156760E+00
   04  0.3927919E+02  0.1238110E+01  0.2301903E+00 -0.8252606E-04 -0.2142585E+00
   04  0.4300711E+02  0.1239678E+01  0.2551491E+00 -0.2361331E-03 -0.2126902E+00
   04  0.4487107E+02  0.1240525E+01  0.2679259E+00 -0.3174519E-03 -0.2118438E+00
   04  0.4673503E+02  0.1241417E+01  0.2809003E+00 -0.4092393E-03 -0.2109513E+00
   04  0.4839188E+02  0.1242252E+01  0.2926130E+00 -0.4983757E-03 -0.2101168E+00
   04  0.5004874E+02  0.1243127E+01  0.3045006E+00 -0.5958483E-03 -0.2092416E+00
   04  0.5170559E+02  0.1244045E+01  0.3165724E+00 -0.7017214E-03 -0.2083237E+00
   04  0.5336244E+02  0.1245008E+01  0.3288390E+00 -0.8160544E-03 -0.2073609E+00
   04  0.5501930E+02  0.1246017E+01  0.3413103E+00 -0.9388930E-03 -0.2063511E+00
   04  0.5667615E+02  0.1247076E+01  0.3539958E+00 -0.1070274E-02 -0.2052921E+00
   04  0.5833300E+02  0.1248186E+01  0.3669042E+00 -0.1210229E-02 -0.2041821E+00
   04  0.5998985E+02  0.1249349E+01  0.3800435E+00 -0.1358797E-02 -0.2030193E+00
   04  0.6164671E+02  0.1250566E+01  0.3934210E+00 -0.1516019E-02 -0.2018022E+00
   04  0.6330356E+02  0.1251839E+01  0.4070438E+00 -0.1681942E-02 -0.2005292E+00
   04  0.6496041E+02  0.1253170E+01  0.4209182E+00 -0.1856621E-02 -0.1991988E+00
   04  0.6661727E+02  0.1254559E+01  0.4350498E+00 -0.2040120E-02 -0.1978097E+00
   04  0.6827412E+02  0.1256008E+01  0.4494439E+00 -0.2232510E-02 -0.1963607E+00
   04  0.6993097E+02  0.1257518E+01  0.4641049E+00 -0.2433872E-02 -0.1948506E+00
   04  0.7158783E+02  0.1259090E+01  0.4790368E+00 -0.2644295E-02 -0.1932784E+00
   04  0.7324468E+02  0.1260725E+01  0.4942426E+00 -0.2863878E-02 -0.1916432E+00
   04  0.7490153E+02  0.1262424E+01  0.5097250E+00 -0.3092725E-02 -0.1899443E+00
   04  0.7655838E+02  0.1264188E+01  0.5254858E+00 -0.3330947E-02 -0.1881810E+00
   04  0.7821524E+02  0.1266016E+01  0.5415259E+00 -0.3578660E-02 -0.1863528E+00
   04  0.7987209E+02  0.1267909E+01  0.5578460E+00 -0.3835980E-02 -0.1844593E+00
   04  0.8152894E+02  0.1269868E+01  0.5744456E+00 -0.4103024E-02 -0.1825002E+00
   04  0.8318580E+02  0.1271893E+01  0.5913237E+00 -0.4379906E-02 -0.1804753E+00
   04  0.8484265E+02  0.1273984E+01  0.6084786E+00 -0.4666733E-02 -0.1783847E+00
   04  0.8649950E+02  0.1276140E+01  0.6259077E+00 -0.4963605E-02 -0.1762283E+00
   04  0.8815636E+02  0.1278362E+01  0.6436077E+00 -0.5270612E-02 -0.1740066E+00
   04  0.8981321E+02  0.1280649E+01  0.6615746E+00 -0.5587830E-02 -0.1717198E+00
   04  0.9147006E+02  0.1283000E+01  0.6798036E+00 -0.5915321E-02 -0.1693685E+00
   04  0.9445240E+02  0.1287362E+01  0.7130010E+00 -0.6624383E-02 -0.1650065E+00
   04  0.9743473E+02  0.1291925E+01  0.7469818E+00 -0.7372449E-02 -0.1604432E+00
   04  0.1004171E+03  0.1296685E+01  0.7817060E+00 -0.8159371E-02 -0.1556839E+00
   04  0.1033994E+03  0.1301633E+01  0.8171259E+00 -0.8984589E-02 -0.1507351E+00
   04  0.1063817E+03  0.1306764E+01  0.8531869E+00 -0.9847123E-02 -0.1456049E+00
   04  0.1093641E+03  0.1312066E+01  0.8898291E+00 -0.1074569E-01 -0.1403023E+00
   04  0.1123464E+03  0.1317531E+01  0.9269847E+00 -0.1167850E-01 -0.1348378E+00
   04  0.1153287E+03  0.1323128E+01  0.9644826E+00 -0.1264259E-01 -0.1292408E+00
   04  0.1183111E+03  0.1328828E+01  0.1002154E+01 -0.1363516E-01 -0.1235406E+00
   04  0.1212934E+03  0.1334603E+01  0.1039835E+01 -0.1465339E-01 -0.1177657E+00
   04  0.1242758E+03  0.1340425E+01  0.1077371E+01 -0.1569438E-01 -0.1119436E+00
   04  0.1272581E+03  0.1346268E+01  0.1114616E+01 -0.1675514E-01 -0.1061007E+00
   04  0.1302404E+03  0.1352107E+01  0.1151436E+01 -0.1783263E-01 -0.1002615E+00
   04  0.1332228E+03  0.1357920E+01  0.1187708E+01 -0.1892367E-01 -0.9444885E-01
   04  0.1362051E+03  0.1363685E+01  0.1223322E+01 -0.2002498E-01 -0.8868395E-01
   04  0.1391874E+03  0.1369383E+01  0.1258183E+01 -0.2113337E-01 -0.8298559E-01
   04  0.1421698E+03  0.1374998E+01  0.1292213E+01 -0.2224588E-01 -0.7737017E-01
   04  0.1451521E+03  0.1380516E+01  0.1325343E+01 -0.2336004E-01 -0.7185259E-01
   04  0.1481344E+03  0.1385922E+01  0.1357515E+01 -0.2447348E-01 -0.6644625E-01
   04  0.1511168E+03  0.1391205E+01  0.1388679E+01 -0.2558004E-01 -0.6116395E-01
   04  0.1540991E+03  0.1396351E+01  0.1418797E+01 -0.2667455E-01 -0.5601712E-01
   04  0.1570814E+03  0.1401353E+01  0.1447836E+01 -0.2775326E-01 -0.5101582E-01
   04  0.1600638E+03  0.1406200E+01  0.1475773E+01 -0.2881505E-01 -0.4616888E-01
   04  0.1630461E+03  0.1410885E+01  0.1502591E+01 -0.2986540E-01 -0.4148388E-01
   04  0.1660284E+03  0.1415400E+01  0.1528271E+01 -0.3092773E-01 -0.3696808E-01
   04  0.1690108E+03  0.1419741E+01  0.1552764E+01 -0.3209270E-01 -0.3262741E-01
   04  0.1719931E+03  0.1423902E+01  0.1575995E+01 -0.3322277E-01 -0.2846666E-01
   04  0.1749755E+03  0.1427879E+01  0.1597972E+01 -0.3431432E-01 -0.2448922E-01
   04  0.1779578E+03  0.1431643E+01  0.1618543E+01 -0.3536222E-01 -0.2072549E-01
   04  0.1809401E+03  0.1435146E+01  0.1637451E+01 -0.3636149E-01 -0.1722256E-01
   04  0.1824313E+03  0.1436802E+01  0.1646335E+01 -0.3674168E-01 -0.1556633E-01
   04  0.1839225E+03  0.1438398E+01  0.1654841E+01 -0.3711364E-01 -0.1397039E-01
   04  0.1854136E+03  0.1439935E+01  0.1662982E+01 -0.3747726E-01 -0.1243321E-01
   04  0.1869048E+03  0.1441415E+01  0.1670771E+01 -0.3783237E-01 -0.1095332E-01
   04  0.1883960E+03  0.1442839E+01  0.1678218E+01 -0.3817878E-01 -0.9529256E-02
   04  0.1898871E+03  0.1444209E+01  0.1685335E+01 -0.3851628E-01 -0.8159613E-02
   04  0.1913783E+03  0.1445526E+01  0.1692133E+01 -0.3884464E-01 -0.6843007E-02
   04  0.1928695E+03  0.1446790E+01  0.1698624E+01 -0.3916360E-01 -0.5578092E-02
   04  0.1943606E+03  0.1448005E+01  0.1704818E+01 -0.3947290E-01 -0.4363562E-02
   04  0.1958518E+03  0.1449170E+01  0.1710726E+01 -0.3977227E-01 -0.3198149E-02
   04  0.1973430E+03  0.1450288E+01  0.1716356E+01 -0.4006144E-01 -0.2080626E-02
   04  0.1988341E+03  0.1451359E+01  0.1721720E+01 -0.4034014E-01 -0.1009806E-02
   04  0.2003253E+03  0.1452384E+01  0.1726825E+01 -0.4060810E-01  0.1545774E-04
   04  0.2018165E+03  0.1453365E+01  0.1731682E+01 -0.4086505E-01  0.9962712E-03
   04  0.2033076E+03  0.1454302E+01  0.1736299E+01 -0.4111075E-01  0.1933699E-02
   04  0.2047988E+03  0.1455197E+01  0.1740684E+01 -0.4134495E-01  0.2828765E-02
   04  0.2062900E+03  0.1456051E+01  0.1744845E+01 -0.4156741E-01  0.3682452E-02
   04  0.2077811E+03  0.1456864E+01  0.1748790E+01 -0.4177792E-01  0.4495705E-02
   04  0.2092723E+03  0.1457638E+01  0.1752527E+01 -0.4197627E-01  0.5269429E-02
   04  0.2107635E+03  0.1458373E+01  0.1756062E+01 -0.4216227E-01  0.6004488E-02
   04  0.2122546E+03  0.1459070E+01  0.1759408E+01 -0.4233574E-01  0.6700989E-02
   04  0.2137458E+03  0.1459728E+01  0.1762569E+01 -0.4249653E-01  0.7359799E-02
   04  0.2152370E+03  0.1460350E+01  0.1765552E+01 -0.4264452E-01  0.7981852E-02
   04  0.2167281E+03  0.1460937E+01  0.1768361E+01 -0.4277962E-01  0.8568047E-02
   04  0.2182193E+03  0.1461488E+01  0.1771001E+01 -0.4290173E-01  0.9119245E-02
   04  0.2197105E+03  0.1462005E+01  0.1773476E+01 -0.4301078E-01  0.9636272E-02
   04  0.2212017E+03  0.1462488E+01  0.1775791E+01 -0.4310674E-01  0.1011993E-01
   04  0.2226928E+03  0.1462940E+01  0.1777951E+01 -0.4318959E-01  0.1057097E-01
   04  0.2241840E+03  0.1463359E+01  0.1779958E+01 -0.4325933E-01  0.1099013E-01
   04  0.2256752E+03  0.1463747E+01  0.1781818E+01 -0.4331596E-01  0.1137811E-01
   04  0.2271663E+03  0.1464104E+01  0.1783536E+01 -0.4335950E-01  0.1173512E-01
   04  0.2286575E+03  0.1464430E+01  0.1785119E+01 -0.4338997E-01  0.1206130E-01
   04  0.2301487E+03  0.1464726E+01  0.1786571E+01 -0.4340745E-01  0.1235712E-01
   04  0.2316398E+03  0.1464992E+01  0.1787897E+01 -0.4341202E-01  0.1262304E-01
   04  0.2331310E+03  0.1465228E+01  0.1789100E+01 -0.4340380E-01  0.1285950E-01
   04  0.2346222E+03  0.1465435E+01  0.1790185E+01 -0.4338290E-01  0.1306692E-01
   04  0.2361133E+03  0.1465614E+01  0.1791154E+01 -0.4334947E-01  0.1324572E-01
   04  0.2376045E+03  0.1465765E+01  0.1792012E+01 -0.4330367E-01  0.1339631E-01
   04  0.2390957E+03  0.1465888E+01  0.1792762E+01 -0.4324568E-01  0.1351906E-01
   04  0.2405868E+03  0.1465983E+01  0.1793408E+01 -0.4317567E-01  0.1361437E-01
   04  0.2420780E+03  0.1466051E+01  0.1793952E+01 -0.4309387E-01  0.1368261E-01
   04  0.2435692E+03  0.1466093E+01  0.1794399E+01 -0.4300050E-01  0.1372412E-01
   04  0.2450603E+03  0.1466108E+01  0.1794755E+01 -0.4287058E-01  0.1373924E-01
   04  0.2465515E+03  0.1466097E+01  0.1795020E+01 -0.4269327E-01  0.1372822E-01
   04  0.2480427E+03  0.1466060E+01  0.1795191E+01 -0.4247751E-01  0.1369132E-01
   04  0.2495338E+03  0.1465997E+01  0.1795266E+01 -0.4222971E-01  0.1362885E-01
   04  0.2510250E+03  0.1465910E+01  0.1795247E+01 -0.4195458E-01  0.1354116E-01
   04  0.2525162E+03  0.1465797E+01  0.1795135E+01 -0.4165578E-01  0.1342863E-01
   04  0.2540073E+03  0.1465660E+01  0.1794932E+01 -0.4133618E-01  0.1329165E-01
   04  0.2554985E+03  0.1465499E+01  0.1794640E+01 -0.4099810E-01  0.1313063E-01
   04  0.2569897E+03  0.1465315E+01  0.1794262E+01 -0.4064349E-01  0.1294599E-01
   04  0.2584808E+03  0.1465107E+01  0.1793802E+01 -0.4027396E-01  0.1273814E-01
   04  0.2599720E+03  0.1464876E+01  0.1793263E+01 -0.3989093E-01  0.1250750E-01
   04  0.2614632E+03  0.1464623E+01  0.1792647E+01 -0.3949560E-01  0.1225451E-01
   04  0.2629543E+03  0.1464348E+01  0.1791959E+01 -0.3908907E-01  0.1197959E-01
   04  0.2644455E+03  0.1464052E+01  0.1791201E+01 -0.3867229E-01  0.1168313E-01
   04  0.2659367E+03  0.1463734E+01  0.1790378E+01 -0.3824612E-01  0.1136551E-01
   04  0.2674278E+03  0.1463396E+01  0.1789492E+01 -0.3781138E-01  0.1102710E-01
   04  0.2689190E+03  0.1463037E+01  0.1788547E+01 -0.3736881E-01  0.1066831E-01
   04  0.2704102E+03  0.1462658E+01  0.1787546E+01 -0.3691914E-01  0.1028949E-01
   04  0.2719014E+03  0.1462260E+01  0.1786493E+01 -0.3646303E-01  0.9891024E-02
   04  0.2733925E+03  0.1461842E+01  0.1785392E+01 -0.3600114E-01  0.9473302E-02
   04  0.2748837E+03  0.1461405E+01  0.1784245E+01 -0.3553409E-01  0.9036703E-02
   04  0.2763749E+03  0.1460950E+01  0.1783057E+01 -0.3506247E-01  0.8581610E-02
   04  0.2778660E+03  0.1460477E+01  0.1781829E+01 -0.3458684E-01  0.8108408E-02
   04  0.2793572E+03  0.1459986E+01  0.1780567E+01 -0.3410775E-01  0.7617481E-02
   04  0.2808484E+03  0.1459478E+01  0.1779273E+01 -0.3362571E-01  0.7109213E-02
   04  0.2823395E+03  0.1458953E+01  0.1777949E+01 -0.3314121E-01  0.6583987E-02
   04  0.2838307E+03  0.1458411E+01  0.1776600E+01 -0.3265473E-01  0.6042186E-02
   04  0.2853219E+03  0.1457853E+01  0.1775228E+01 -0.3216679E-01  0.5484208E-02
   04  0.2868130E+03  0.1457279E+01  0.1773837E+01 -0.3167792E-01  0.4910451E-02
   04  0.2883042E+03  0.1456690E+01  0.1772428E+01 -0.3118860E-01  0.4321311E-02
   04  0.2897954E+03  0.1456086E+01  0.1771006E+01 -0.3069933E-01  0.3717188E-02
   04  0.2912865E+03  0.1455467E+01  0.1769572E+01 -0.3021060E-01  0.3098484E-02
   04  0.2927777E+03  0.1454834E+01  0.1768130E+01 -0.2972291E-01  0.2465600E-02
   04  0.2942689E+03  0.1454187E+01  0.1766682E+01 -0.2923669E-01  0.1818935E-02
   04  0.2957600E+03  0.1453527E+01  0.1765231E+01 -0.2875241E-01  0.1158883E-02
   04  0.2972512E+03  0.1452854E+01  0.1763779E+01 -0.2827048E-01  0.4858340E-03
   04  0.2987424E+03  0.1452169E+01  0.1762329E+01 -0.2779131E-01 -0.1998235E-03
   04  0.3002335E+03  0.1451471E+01  0.1760882E+01 -0.2731529E-01 -0.8977067E-03
   04  0.3017247E+03  0.1450761E+01  0.1759442E+01 -0.2684278E-01 -0.1607436E-02
   04  0.3032159E+03  0.1450040E+01  0.1758010E+01 -0.2637414E-01 -0.2328638E-02
   04  0.3047070E+03  0.1449308E+01  0.1756588E+01 -0.2590970E-01 -0.3060934E-02
   04  0.3061982E+03  0.1448565E+01  0.1755178E+01 -0.2544977E-01 -0.3803948E-02
   04  0.3076894E+03  0.1447811E+01  0.1753783E+01 -0.2499465E-01 -0.4557308E-02
   04  0.3091805E+03  0.1447048E+01  0.1752404E+01 -0.2454463E-01 -0.5320646E-02
   04  0.3106717E+03  0.1446275E+01  0.1751043E+01 -0.2409995E-01 -0.6093595E-02
   04  0.3121629E+03  0.1445493E+01  0.1749701E+01 -0.2366086E-01 -0.6875797E-02
   04  0.3136540E+03  0.1444702E+01  0.1748381E+01 -0.2322757E-01 -0.7666897E-02
   04  0.3151452E+03  0.1443902E+01  0.1747084E+01 -0.2280028E-01 -0.8466548E-02
   04  0.3165017E+03  0.1443169E+01  0.1745933E+01 -0.2241337E-01 -0.9199473E-02
   04  0.3178581E+03  0.1442430E+01  0.1744804E+01 -0.2203181E-01 -0.9938958E-02
   04  0.3192146E+03  0.1441684E+01  0.1743696E+01 -0.2165569E-01 -0.1068476E-01
   04  0.3205710E+03  0.1440932E+01  0.1742612E+01 -0.2128508E-01 -0.1143664E-01
   04  0.3219275E+03  0.1440174E+01  0.1741552E+01 -0.2092005E-01 -0.1219436E-01
   04  0.3232839E+03  0.1439411E+01  0.1740516E+01 -0.2056065E-01 -0.1295769E-01
   04  0.3246404E+03  0.1438642E+01  0.1739507E+01 -0.2020691E-01 -0.1372643E-01
   04  0.3259968E+03  0.1437868E+01  0.1738524E+01 -0.1985886E-01 -0.1450035E-01
   04  0.3273533E+03  0.1437089E+01  0.1737568E+01 -0.1951650E-01 -0.1527924E-01
   04  0.3287097E+03  0.1436306E+01  0.1736641E+01 -0.1917982E-01 -0.1606292E-01
   04  0.3300662E+03  0.1435517E+01  0.1735742E+01 -0.1884881E-01 -0.1685119E-01
   04  0.3314226E+03  0.1434725E+01  0.1734872E+01 -0.1852343E-01 -0.1764386E-01
   04  0.3327791E+03  0.1433928E+01  0.1734032E+01 -0.1820364E-01 -0.1844077E-01
   04  0.3341355E+03  0.1433127E+01  0.1733222E+01 -0.1788937E-01 -0.1924174E-01
   04  0.3354920E+03  0.1432322E+01  0.1732443E+01 -0.1758057E-01 -0.2004663E-01
   04  0.3368484E+03  0.1431513E+01  0.1731695E+01 -0.1727713E-01 -0.2085529E-01
   04  0.3382049E+03  0.1430701E+01  0.1730979E+01 -0.1697898E-01 -0.2166756E-01
   04  0.3395613E+03  0.1429885E+01  0.1730294E+01 -0.1668600E-01 -0.2248333E-01
   04  0.3409178E+03  0.1429066E+01  0.1729641E+01 -0.1639807E-01 -0.2330248E-01
   04  0.3422742E+03  0.1428244E+01  0.1729020E+01 -0.1611508E-01 -0.2412490E-01
   04  0.3436307E+03  0.1427418E+01  0.1728431E+01 -0.1583687E-01 -0.2495049E-01
   04  0.3449871E+03  0.1426589E+01  0.1727875E+01 -0.1556331E-01 -0.2577917E-01
   04  0.3463436E+03  0.1425758E+01  0.1727352E+01 -0.1529424E-01 -0.2661087E-01
   04  0.3477000E+03  0.1424923E+01  0.1726861E+01 -0.1502950E-01 -0.2744554E-01
   04  0.3490565E+03  0.1424085E+01  0.1726402E+01 -0.1476891E-01 -0.2828313E-01
   04  0.3504130E+03  0.1423245E+01  0.1725976E+01 -0.1451230E-01 -0.2912360E-01
   04  0.3517694E+03  0.1422402E+01  0.1725582E+01 -0.1425947E-01 -0.2996693E-01
   04  0.3531259E+03  0.1421555E+01  0.1725221E+01 -0.1401024E-01 -0.3081311E-01
   04  0.3544823E+03  0.1420706E+01  0.1724892E+01 -0.1376442E-01 -0.3166212E-01
   04  0.3558388E+03  0.1419855E+01  0.1724595E+01 -0.1352179E-01 -0.3251398E-01
   04  0.3574665E+03  0.1418824E+01  0.1724254E+01 -0.1324415E-01 -0.3354416E-01
   04  0.3590942E+03  0.1417790E+01  0.1723958E+01 -0.1297006E-01 -0.3457834E-01
   04  0.3607220E+03  0.1416752E+01  0.1723709E+01 -0.1269915E-01 -0.3561660E-01
   04  0.3623497E+03  0.1415710E+01  0.1723504E+01 -0.1243106E-01 -0.3665902E-01
   04  0.3639775E+03  0.1414663E+01  0.1723344E+01 -0.1216541E-01 -0.3770569E-01
   04  0.3656052E+03  0.1413612E+01  0.1723227E+01 -0.1190180E-01 -0.3875673E-01
   04  0.3672329E+03  0.1412556E+01  0.1723152E+01 -0.1163985E-01 -0.3981228E-01
   04  0.3688607E+03  0.1411496E+01  0.1723119E+01 -0.1137917E-01 -0.4087249E-01
   04  0.3704884E+03  0.1410431E+01  0.1723127E+01 -0.1111936E-01 -0.4193753E-01
   04  0.3721162E+03  0.1409361E+01  0.1723174E+01 -0.1086002E-01 -0.4300757E-01
   04  0.3737439E+03  0.1408269E+01  0.1723160E+01 -0.1060034E-01 -0.4409933E-01
   04  0.3753717E+03  0.1407156E+01  0.1723086E+01 -0.1034058E-01 -0.4521248E-01
   04  0.3769994E+03  0.1406025E+01  0.1722976E+01 -0.1008107E-01 -0.4634350E-01
   04  0.3786271E+03  0.1404879E+01  0.1722847E+01 -0.9821947E-02 -0.4748942E-01
   04  0.3802549E+03  0.1403721E+01  0.1722714E+01 -0.9563209E-02 -0.4864776E-01
   04  0.3818826E+03  0.1402552E+01  0.1722590E+01 -0.9304729E-02 -0.4981642E-01
   04  0.3835104E+03  0.1401375E+01  0.1722486E+01 -0.9046281E-02 -0.5099363E-01
   04  0.3851381E+03  0.1400191E+01  0.1722409E+01 -0.8787551E-02 -0.5217787E-01
   04  0.3867658E+03  0.1399001E+01  0.1722367E+01 -0.8528160E-02 -0.5336787E-01
   04  0.3883936E+03  0.1397805E+01  0.1722361E+01 -0.8261041E-02 -0.5456313E-01
   04  0.3900213E+03  0.1396602E+01  0.1722365E+01 -0.7951087E-02 -0.5576611E-01
   04  0.3916491E+03  0.1395393E+01  0.1722386E+01 -0.7603777E-02 -0.5697573E-01
   04  0.3932768E+03  0.1394178E+01  0.1722429E+01 -0.7224118E-02 -0.5819104E-01
   04  0.3949046E+03  0.1392957E+01  0.1722500E+01 -0.6816615E-02 -0.5941120E-01
   04  0.3965323E+03  0.1391733E+01  0.1722602E+01 -0.6385271E-02 -0.6063548E-01
   04  0.3981600E+03  0.1390505E+01  0.1722741E+01 -0.5933616E-02 -0.6186324E-01
   04  0.3997878E+03  0.1389276E+01  0.1722922E+01 -0.5471596E-02 -0.6309231E-01
   04  0.4014155E+03  0.1388046E+01  0.1723148E+01 -0.5001956E-02 -0.6432219E-01
   04  0.4030433E+03  0.1386816E+01  0.1723422E+01 -0.4527067E-02 -0.6555251E-01
   04  0.4046710E+03  0.1385586E+01  0.1723745E+01 -0.4048999E-02 -0.6678297E-01
   04  0.4062987E+03  0.1384355E+01  0.1724118E+01 -0.3569548E-02 -0.6801331E-01
   04  0.4079265E+03  0.1383125E+01  0.1724544E+01 -0.3090265E-02 -0.6924334E-01
   04  0.4095542E+03  0.1381896E+01  0.1725023E+01 -0.2612480E-02 -0.7047291E-01
   04  0.4111820E+03  0.1380667E+01  0.1725556E+01 -0.2137327E-02 -0.7170190E-01
   04  0.4128097E+03  0.1379438E+01  0.1726143E+01 -0.1665771E-02 -0.7293026E-01
   04  0.4144375E+03  0.1378211E+01  0.1726783E+01 -0.1198624E-02 -0.7415801E-01
   04  0.4160652E+03  0.1376983E+01  0.1727475E+01 -0.7365625E-03 -0.7538517E-01
   04  0.4176929E+03  0.1375757E+01  0.1728220E+01 -0.2801451E-03 -0.7661183E-01
   04  0.4193207E+03  0.1374530E+01  0.1729015E+01  0.1701755E-03 -0.7783812E-01
   04  0.4209484E+03  0.1373304E+01  0.1729859E+01  0.6123763E-03 -0.7906451E-01
   04  0.4225762E+03  0.1372077E+01  0.1730750E+01  0.1043573E-02 -0.8029171E-01
   04  0.4242039E+03  0.1370849E+01  0.1731685E+01  0.1463783E-02 -0.8151989E-01
   04  0.4258316E+03  0.1369619E+01  0.1732662E+01  0.1873083E-02 -0.8274922E-01
   04  0.4274594E+03  0.1368389E+01  0.1733679E+01  0.2271596E-02 -0.8397993E-01
   04  0.4290871E+03  0.1367156E+01  0.1734734E+01  0.2659489E-02 -0.8521225E-01
   04  0.4307149E+03  0.1365922E+01  0.1735824E+01  0.3036967E-02 -0.8644642E-01
   04  0.4323426E+03  0.1364686E+01  0.1736946E+01  0.3404263E-02 -0.8768270E-01
   04  0.4339704E+03  0.1363447E+01  0.1738098E+01  0.3761640E-02 -0.8892135E-01
   04  0.4355981E+03  0.1362206E+01  0.1739277E+01  0.4109385E-02 -0.9016265E-01
   04  0.4372258E+03  0.1360962E+01  0.1740480E+01  0.4447805E-02 -0.9140689E-01
   04  0.4388536E+03  0.1359714E+01  0.1741703E+01  0.4777222E-02 -0.9265436E-01
   04  0.4404813E+03  0.1358463E+01  0.1742945E+01  0.5097971E-02 -0.9390537E-01
   04  0.4421091E+03  0.1357208E+01  0.1744201E+01  0.5410397E-02 -0.9516022E-01
   04  0.4437368E+03  0.1355949E+01  0.1745470E+01  0.5714854E-02 -0.9641922E-01
   04  0.4453645E+03  0.1354686E+01  0.1746747E+01  0.6011701E-02 -0.9768267E-01
   04  0.4469923E+03  0.1353418E+01  0.1748029E+01  0.6301302E-02 -0.9895090E-01
   04  0.4486200E+03  0.1352144E+01  0.1749315E+01  0.6584023E-02 -0.1002242E+00
   04  0.4502478E+03  0.1350866E+01  0.1750600E+01  0.6860230E-02 -0.1015029E+00
   04  0.4518755E+03  0.1349581E+01  0.1751881E+01  0.7130293E-02 -0.1027874E+00
   04  0.4535033E+03  0.1348291E+01  0.1753156E+01  0.7394577E-02 -0.1040778E+00
   04  0.4551310E+03  0.1346994E+01  0.1754422E+01  0.7653448E-02 -0.1053746E+00
   04  0.4567587E+03  0.1345691E+01  0.1755675E+01  0.7907263E-02 -0.1066780E+00
   04  0.4583865E+03  0.1344380E+01  0.1756913E+01  0.8156375E-02 -0.1079883E+00
   04  0.4600142E+03  0.1343063E+01  0.1758134E+01  0.8401134E-02 -0.1093059E+00
   04  0.4616420E+03  0.1341732E+01  0.1759301E+01  0.8641943E-02 -0.1106363E+00
   04  0.4632697E+03  0.1340389E+01  0.1760415E+01  0.8879064E-02 -0.1119796E+00
   04  0.4648974E+03  0.1339033E+01  0.1761476E+01  0.9112755E-02 -0.1133357E+00
   04  0.4665252E+03  0.1337664E+01  0.1762484E+01  0.9343270E-02 -0.1147042E+00
   04  0.4681529E+03  0.1336283E+01  0.1763441E+01  0.9570858E-02 -0.1160852E+00
   04  0.4697807E+03  0.1334890E+01  0.1764346E+01  0.9795767E-02 -0.1174783E+00
   04  0.4714084E+03  0.1333485E+01  0.1765199E+01  0.1001824E-01 -0.1188835E+00
   04  0.4730362E+03  0.1332068E+01  0.1766002E+01  0.1023852E-01 -0.1203007E+00
   04  0.4746639E+03  0.1330639E+01  0.1766754E+01  0.1045683E-01 -0.1217296E+00
   04  0.4762916E+03  0.1329198E+01  0.1767456E+01  0.1067342E-01 -0.1231701E+00
   04  0.4779194E+03  0.1327746E+01  0.1768107E+01  0.1088851E-01 -0.1246221E+00
   04  0.4795471E+03  0.1326283E+01  0.1768708E+01  0.1110232E-01 -0.1260855E+00
   04  0.4811749E+03  0.1324805E+01  0.1769266E+01  0.1131509E-01 -0.1275631E+00
   04  0.4828026E+03  0.1323303E+01  0.1769803E+01  0.1152720E-01 -0.1290652E+00
   04  0.4844303E+03  0.1321778E+01  0.1770319E+01  0.1173912E-01 -0.1305906E+00
   04  0.4860581E+03  0.1320236E+01  0.1770799E+01  0.1195127E-01 -0.1321321E+00
   04  0.4876858E+03  0.1318680E+01  0.1771240E+01  0.1216396E-01 -0.1336883E+00
   04  0.4893136E+03  0.1317110E+01  0.1771641E+01  0.1237751E-01 -0.1352582E+00
   04  0.4909413E+03  0.1315528E+01  0.1772000E+01  0.1259219E-01 -0.1368408E+00
   04  0.4925691E+03  0.1313933E+01  0.1772315E+01  0.1280827E-01 -0.1384352E+00
   04  0.4941968E+03  0.1312328E+01  0.1772586E+01  0.1302601E-01 -0.1400407E+00
   04  0.4958245E+03  0.1310712E+01  0.1772810E+01  0.1324565E-01 -0.1416563E+00
   04  0.4974523E+03  0.1309087E+01  0.1772985E+01  0.1346739E-01 -0.1432815E+00
   04  0.4990800E+03  0.1307453E+01  0.1773111E+01  0.1369143E-01 -0.1449159E+00
   04  0.5007078E+03  0.1305809E+01  0.1773185E+01  0.1391793E-01 -0.1465591E+00
   04  0.5023355E+03  0.1304158E+01  0.1773206E+01  0.1414706E-01 -0.1482110E+00
   04  0.5039632E+03  0.1302497E+01  0.1773172E+01  0.1437898E-01 -0.1498711E+00
   04  0.5055910E+03  0.1300829E+01  0.1773082E+01  0.1461383E-01 -0.1515393E+00
   04  0.5072187E+03  0.1299153E+01  0.1772934E+01  0.1485173E-01 -0.1532153E+00
   04  0.5088465E+03  0.1297470E+01  0.1772727E+01  0.1509283E-01 -0.1548989E+00
   04  0.5104742E+03  0.1295779E+01  0.1772459E+01  0.1533724E-01 -0.1565900E+00
   04  0.5121020E+03  0.1294080E+01  0.1772129E+01  0.1558508E-01 -0.1582884E+00
   04  0.5137297E+03  0.1292374E+01  0.1771736E+01  0.1583647E-01 -0.1599941E+00
   04  0.5153574E+03  0.1290662E+01  0.1771278E+01  0.1609151E-01 -0.1617069E+00
   04  0.5169852E+03  0.1288942E+01  0.1770754E+01  0.1635030E-01 -0.1634267E+00
   04  0.5186129E+03  0.1287215E+01  0.1770163E+01  0.1661293E-01 -0.1651537E+00
   04  0.5202407E+03  0.1285481E+01  0.1769502E+01  0.1687948E-01 -0.1668876E+00
   04  0.5218684E+03  0.1283740E+01  0.1768772E+01  0.1715004E-01 -0.1686287E+00
   04  0.5234961E+03  0.1281992E+01  0.1767971E+01  0.1742469E-01 -0.1703767E+00
   04  0.5251239E+03  0.1280236E+01  0.1767097E+01  0.1770346E-01 -0.1721322E+00
   04  0.5267516E+03  0.1278473E+01  0.1766150E+01  0.1798638E-01 -0.1738952E+00
   04  0.5283794E+03  0.1276702E+01  0.1765130E+01  0.1827348E-01 -0.1756662E+00
   04  0.5300071E+03  0.1274923E+01  0.1764035E+01  0.1856479E-01 -0.1774454E+00
   04  0.5316349E+03  0.1273135E+01  0.1762865E+01  0.1886034E-01 -0.1792333E+00
   04  0.5332626E+03  0.1271339E+01  0.1761618E+01  0.1916017E-01 -0.1810300E+00
   04  0.5348903E+03  0.1269533E+01  0.1760294E+01  0.1946430E-01 -0.1828358E+00
   04  0.5365181E+03  0.1267717E+01  0.1758892E+01  0.1977278E-01 -0.1846512E+00
   04  0.5381458E+03  0.1265892E+01  0.1757411E+01  0.2008563E-01 -0.1864764E+00
   04  0.5397736E+03  0.1264057E+01  0.1755851E+01  0.2040290E-01 -0.1883116E+00
   04  0.5414013E+03  0.1262211E+01  0.1754210E+01  0.2072461E-01 -0.1901572E+00
   04  0.5430290E+03  0.1260355E+01  0.1752487E+01  0.2105080E-01 -0.1920135E+00
   04  0.5446568E+03  0.1258488E+01  0.1750682E+01  0.2138150E-01 -0.1938808E+00
   04  0.5462845E+03  0.1256609E+01  0.1748793E+01  0.2171675E-01 -0.1957593E+00
   04  0.5479123E+03  0.1254719E+01  0.1746821E+01  0.2205658E-01 -0.1976494E+00
   04  0.5495400E+03  0.1252817E+01  0.1744763E+01  0.2240100E-01 -0.1995513E+00
   04  0.5511678E+03  0.1250903E+01  0.1742619E+01  0.2275028E-01 -0.2014656E+00
   04  0.5527955E+03  0.1248976E+01  0.1740389E+01  0.2310441E-01 -0.2033924E+00
   04  0.5544232E+03  0.1247037E+01  0.1738072E+01  0.2346341E-01 -0.2053320E+00
   04  0.5560510E+03  0.1245084E+01  0.1735667E+01  0.2382730E-01 -0.2072848E+00
   04  0.5576787E+03  0.1243118E+01  0.1733172E+01  0.2419607E-01 -0.2092509E+00
   04  0.5593065E+03  0.1241138E+01  0.1730588E+01  0.2456975E-01 -0.2112308E+00
   04  0.5609342E+03  0.1239144E+01  0.1727913E+01  0.2494833E-01 -0.2132246E+00
   04  0.5625619E+03  0.1237136E+01  0.1725146E+01  0.2533184E-01 -0.2152326E+00
   04  0.5641897E+03  0.1235114E+01  0.1722287E+01  0.2572026E-01 -0.2172550E+00
   04  0.5658174E+03  0.1233076E+01  0.1719335E+01  0.2611361E-01 -0.2192922E+00
   04  0.5674452E+03  0.1231024E+01  0.1716289E+01  0.2651188E-01 -0.2213444E+00
   04  0.5690729E+03  0.1228957E+01  0.1713148E+01  0.2691508E-01 -0.2234119E+00
   04  0.5707007E+03  0.1226874E+01  0.1709912E+01  0.2732319E-01 -0.2254949E+00
   04  0.5723284E+03  0.1224775E+01  0.1706580E+01  0.2773622E-01 -0.2275937E+00
   04  0.5739561E+03  0.1222660E+01  0.1703151E+01  0.2815414E-01 -0.2297084E+00
   04  0.5755839E+03  0.1220529E+01  0.1699625E+01  0.2857695E-01 -0.2318395E+00
   04  0.5772116E+03  0.1218381E+01  0.1696001E+01  0.2900463E-01 -0.2339871E+00
   04  0.5788394E+03  0.1216217E+01  0.1692278E+01  0.2943715E-01 -0.2361514E+00
   04  0.5804671E+03  0.1214036E+01  0.1688456E+01  0.2987449E-01 -0.2383327E+00
   04  0.5820948E+03  0.1211837E+01  0.1684535E+01  0.3031663E-01 -0.2405312E+00
   04  0.5837226E+03  0.1209621E+01  0.1680514E+01  0.3076351E-01 -0.2427472E+00
   04  0.5853503E+03  0.1207388E+01  0.1676392E+01  0.3121512E-01 -0.2449808E+00
   04  0.5869781E+03  0.1205136E+01  0.1672169E+01  0.3167139E-01 -0.2472322E+00
   04  0.5886058E+03  0.1202867E+01  0.1667845E+01  0.3213229E-01 -0.2495018E+00
   04  0.5902336E+03  0.1200579E+01  0.1663418E+01  0.3259776E-01 -0.2517896E+00
   04  0.5918613E+03  0.1198273E+01  0.1658890E+01  0.3306773E-01 -0.2540960E+00
   04  0.5934890E+03  0.1195948E+01  0.1654260E+01  0.3354215E-01 -0.2564209E+00
   04  0.5951168E+03  0.1193604E+01  0.1649526E+01  0.3402094E-01 -0.2587648E+00
   04  0.5967445E+03  0.1191241E+01  0.1644690E+01  0.3450403E-01 -0.2611277E+00
   04  0.5983723E+03  0.1188859E+01  0.1639750E+01  0.3499134E-01 -0.2635097E+00
