# gauge_id= 608 location=( -0.1242042364E+03  0.4174837307E+02 ) num_var=  4
# Stationary gauge
# level, time, q[  1  2  3], eta, aux[]
# file format ascii, time series follow in this file
   04  0.0000000E+00  0.2309275E+01  0.0000000E+00  0.0000000E+00  0.0000000E+00
   04  0.1000000E+01  0.2309275E+01  0.0000000E+00  0.4297923E-16  0.8813209E-01
   04  0.1015873E+01  0.2309275E+01  0.9947804E-25  0.7331557E-06  0.8813199E-01
   04  0.1031746E+01  0.2309275E+01 -0.1171043E-13  0.1465432E-05  0.8813189E-01
   04  0.1047619E+01  0.2309275E+01 -0.3498758E-13  0.2196821E-05  0.8813179E-01
   04  0.1063492E+01  0.2309275E+01 -0.6968774E-13  0.2927318E-05  0.8813169E-01
   04  0.1079365E+01  0.2309275E+01 -0.1156672E-12  0.3656915E-05  0.8813159E-01
   04  0.1095238E+01  0.2309275E+01 -0.1727823E-12  0.4385607E-05  0.8813149E-01
   04  0.1111111E+01  0.2309275E+01 -0.2408893E-12  0.5113386E-05  0.8813139E-01
   04  0.1126984E+01  0.2309275E+01 -0.3198446E-12  0.5840246E-05  0.8813129E-01
   04  0.1142857E+01  0.2309274E+01 -0.4095045E-12  0.6566182E-05  0.8813119E-01
   04  0.1158730E+01  0.2309274E+01 -0.5097253E-12  0.7291186E-05  0.8813109E-01
   04  0.1174603E+01  0.2309274E+01 -0.6203634E-12  0.8015252E-05  0.8813100E-01
   04  0.1190476E+01  0.2309274E+01 -0.7412752E-12  0.8738373E-05  0.8813090E-01
   04  0.1206349E+01  0.2309274E+01 -0.8723171E-12  0.9460545E-05  0.8813080E-01
   04  0.1222222E+01  0.2309274E+01 -0.1013345E-11  0.1018176E-04  0.8813070E-01
   04  0.1238095E+01  0.2309274E+01 -0.1164217E-11  0.1090201E-04  0.8813060E-01
   04  0.1253968E+01  0.2309274E+01 -0.1324787E-11  0.1162129E-04  0.8813050E-01
   04  0.1269841E+01  0.2309274E+01 -0.1494913E-11  0.1233960E-04  0.8813040E-01
   04  0.1285714E+01  0.2309274E+01 -0.1674451E-11  0.1305692E-04  0.8813030E-01
   04  0.1301587E+01  0.2309273E+01 -0.1863258E-11  0.1377326E-04  0.8813020E-01
   04  0.1317460E+01  0.2309273E+01 -0.2061190E-11  0.1448860E-04  0.8813011E-01
   04  0.1333333E+01  0.2309273E+01 -0.2268103E-11  0.1520295E-04  0.8813001E-01
   04  0.1349206E+01  0.2309273E+01 -0.2483854E-11  0.1591628E-04  0.8812991E-01
   04  0.1365079E+01  0.2309273E+01 -0.2708299E-11  0.1662861E-04  0.8812981E-01
   04  0.1380952E+01  0.2309273E+01 -0.2941296E-11  0.1733991E-04  0.8812971E-01
   04  0.1396825E+01  0.2309273E+01 -0.3182700E-11  0.1805019E-04  0.8812962E-01
   04  0.1412698E+01  0.2309273E+01 -0.3432368E-11  0.1875944E-04  0.8812952E-01
   04  0.1428571E+01  0.2309273E+01 -0.3690157E-11  0.1946765E-04  0.8812942E-01
   04  0.1476190E+01  0.2309272E+01 -0.6078622E-11  0.2160061E-04  0.8812913E-01
   04  0.1523810E+01  0.2309272E+01 -0.8673580E-11  0.2372390E-04  0.8812883E-01
   04  0.1571429E+01  0.2309272E+01 -0.1146342E-10  0.2583737E-04  0.8812854E-01
   04  0.1619048E+01  0.2309271E+01 -0.1443653E-10  0.2794085E-04  0.8812825E-01
   04  0.1666667E+01  0.2309271E+01 -0.1758130E-10  0.3003419E-04  0.8812796E-01
   04  0.1714286E+01  0.2309271E+01 -0.2088614E-10  0.3211725E-04  0.8812768E-01
   04  0.1761905E+01  0.2309271E+01 -0.2433944E-10  0.3418985E-04  0.8812739E-01
   04  0.1809524E+01  0.2309270E+01 -0.2792962E-10  0.3625186E-04  0.8812710E-01
   04  0.1857143E+01  0.2309270E+01 -0.3164508E-10  0.3830313E-04  0.8812682E-01
   04  0.1904762E+01  0.2309270E+01 -0.3547424E-10  0.4034350E-04  0.8812653E-01
   04  0.1952381E+01  0.2309269E+01 -0.3940552E-10  0.4237284E-04  0.8812625E-01
   04  0.2000000E+01  0.2309269E+01 -0.4342734E-10  0.4439100E-04  0.8812597E-01
   04  0.5727919E+01  0.2309243E+01 -0.8025670E-08  0.2354001E-03  0.8810001E-01
   04  0.9455838E+01  0.2309241E+01  0.2186677E-06  0.2057254E-03  0.8809816E-01
   04  0.1318376E+02  0.2309267E+01  0.1059552E-05 -0.5854549E-04  0.8812356E-01
   04  0.1691168E+02  0.2309341E+01  0.2882033E-05 -0.6780266E-03  0.8819749E-01
   04  0.2063960E+02  0.2309493E+01  0.5928144E-05 -0.1851995E-02  0.8834994E-01
   04  0.2436752E+02  0.2309735E+01  0.1036398E-04 -0.3618826E-02  0.8859208E-01
   04  0.2809543E+02  0.2310076E+01  0.1625505E-04 -0.5996798E-02  0.8893270E-01
   04  0.3182335E+02  0.2310522E+01  0.2356863E-04 -0.8989465E-02  0.8937882E-01
   04  0.3555127E+02  0.2311079E+01  0.3219361E-04 -0.1258492E-01  0.8993535E-01
   04  0.3927919E+02  0.2311748E+01  0.4195459E-04 -0.1675692E-01  0.9060510E-01
   04  0.4300711E+02  0.2312532E+01  0.5269743E-04 -0.2146656E-01  0.9138885E-01
   04  0.4487107E+02  0.2312955E+01  0.5465885E-04 -0.2383129E-01  0.9181172E-01
   04  0.4673503E+02  0.2313405E+01  0.5673474E-04 -0.2631189E-01  0.9226211E-01
   04  0.4839188E+02  0.2313827E+01  0.5824672E-04 -0.2858926E-01  0.9268393E-01
   04  0.5004874E+02  0.2314270E+01  0.5978966E-04 -0.3094440E-01  0.9312648E-01
   04  0.5170559E+02  0.2314732E+01  0.6125640E-04 -0.3336498E-01  0.9358855E-01
   04  0.5336244E+02  0.2315212E+01  0.6264287E-04 -0.3584083E-01  0.9406905E-01
   04  0.5501930E+02  0.2315710E+01  0.6394598E-04 -0.3836241E-01  0.9456692E-01
   04  0.5667615E+02  0.2316213E+01  0.6516314E-04 -0.4083506E-01  0.9506944E-01
   04  0.5833300E+02  0.2316713E+01  0.6629252E-04 -0.4321276E-01  0.9557014E-01
   04  0.5998985E+02  0.2317214E+01  0.6733268E-04 -0.4550901E-01  0.9607043E-01
   04  0.6164671E+02  0.2317715E+01  0.6828220E-04 -0.4773521E-01  0.9657150E-01
   04  0.6330356E+02  0.2318218E+01  0.6913967E-04 -0.4990091E-01  0.9707435E-01
   04  0.6496041E+02  0.2318723E+01  0.6990366E-04 -0.5201422E-01  0.9757980E-01
   04  0.6661727E+02  0.2319232E+01  0.7057266E-04 -0.5408192E-01  0.9808855E-01
   04  0.6827412E+02  0.2319744E+01  0.7114514E-04 -0.5610973E-01  0.9860118E-01
   04  0.6993097E+02  0.2320261E+01  0.7161951E-04 -0.5810241E-01  0.9911816E-01
   04  0.7158783E+02  0.2320783E+01  0.7199416E-04 -0.6006387E-01  0.9963986E-01
   04  0.7324468E+02  0.2321310E+01  0.7226745E-04 -0.6199731E-01  0.1001666E+00
   04  0.7490153E+02  0.2321842E+01  0.7243774E-04 -0.6390527E-01  0.1006985E+00
   04  0.7655838E+02  0.2322379E+01  0.7250328E-04 -0.6578968E-01  0.1012359E+00
   04  0.7821524E+02  0.2322922E+01  0.7246162E-04 -0.6765186E-01  0.1017787E+00
   04  0.7987209E+02  0.2323470E+01  0.7231047E-04 -0.6949254E-01  0.1023270E+00
   04  0.8152894E+02  0.2324024E+01  0.7204782E-04 -0.7131198E-01  0.1028807E+00
   04  0.8318580E+02  0.2324583E+01  0.7167185E-04 -0.7311001E-01  0.1034397E+00
   04  0.8484265E+02  0.2325147E+01  0.7118100E-04 -0.7488611E-01  0.1040039E+00
   04  0.8649950E+02  0.2325716E+01  0.7057392E-04 -0.7663947E-01  0.1045729E+00
   04  0.8815636E+02  0.2326290E+01  0.6984954E-04 -0.7836899E-01  0.1051467E+00
   04  0.8981321E+02  0.2326868E+01  0.6900699E-04 -0.8007336E-01  0.1057249E+00
   04  0.9147006E+02  0.2327450E+01  0.6804562E-04 -0.8175109E-01  0.1063071E+00
   04  0.9445240E+02  0.2328516E+01  0.6781923E-04 -0.8480788E-01  0.1073726E+00
   04  0.9743473E+02  0.2329593E+01  0.6665895E-04 -0.8776490E-01  0.1084498E+00
   04  0.1004171E+03  0.2330679E+01  0.6458282E-04 -0.9060473E-01  0.1095356E+00
   04  0.1033994E+03  0.2331770E+01  0.6160781E-04 -0.9331055E-01  0.1106269E+00
   04  0.1063817E+03  0.2332864E+01  0.5774807E-04 -0.9586698E-01  0.1117205E+00
   04  0.1093641E+03  0.2333958E+01  0.5306997E-04 -0.9826797E-01  0.1128143E+00
   04  0.1123464E+03  0.2335054E+01  0.4905552E-04 -0.1005487E+00  0.1139107E+00
   04  0.1153287E+03  0.2336156E+01  0.4566579E-04 -0.1027404E+00  0.1150130E+00
   04  0.1183111E+03  0.2337266E+01  0.4285453E-04 -0.1048628E+00  0.1161231E+00
   04  0.1212934E+03  0.2338386E+01  0.4056910E-04 -0.1069290E+00  0.1172423E+00
   04  0.1242758E+03  0.2339514E+01  0.3875147E-04 -0.1089464E+00  0.1183712E+00
   04  0.1272581E+03  0.2340653E+01  0.3733945E-04 -0.1109172E+00  0.1195098E+00
   04  0.1302404E+03  0.2341801E+01  0.3626821E-04 -0.1128394E+00  0.1206573E+00
   04  0.1332228E+03  0.2342956E+01  0.3547135E-04 -0.1147080E+00  0.1218129E+00
   04  0.1362051E+03  0.2344131E+01  0.3786592E-04 -0.1164043E+00  0.1229873E+00
   04  0.1391874E+03  0.2345338E+01  0.4716302E-04 -0.1177733E+00  0.1241943E+00
   04  0.1421698E+03  0.2346570E+01  0.6202173E-04 -0.1188415E+00  0.1254272E+00
   04  0.1451521E+03  0.2347823E+01  0.8127090E-04 -0.1196314E+00  0.1266796E+00
   04  0.1481344E+03  0.2349089E+01  0.1038978E-03 -0.1201624E+00  0.1279458E+00
   04  0.1511168E+03  0.2350364E+01  0.1290316E-03 -0.1204511E+00  0.1292205E+00
   04  0.1540991E+03  0.2351643E+01  0.1559258E-03 -0.1205134E+00  0.1304994E+00
   04  0.1570814E+03  0.2352921E+01  0.1839420E-03 -0.1203619E+00  0.1317779E+00
   04  0.1600638E+03  0.2354195E+01  0.2125361E-03 -0.1200063E+00  0.1330521E+00
   04  0.1630461E+03  0.2355461E+01  0.2412395E-03 -0.1194542E+00  0.1343179E+00
   04  0.1660284E+03  0.2356715E+01  0.2696536E-03 -0.1187112E+00  0.1355715E+00
   04  0.1690108E+03  0.2357953E+01  0.2974465E-03 -0.1177818E+00  0.1368093E+00
   04  0.1719931E+03  0.2359171E+01  0.3243400E-03 -0.1166701E+00  0.1380277E+00
   04  0.1749755E+03  0.2360367E+01  0.3501021E-03 -0.1153796E+00  0.1392234E+00
   04  0.1779578E+03  0.2361536E+01  0.3744007E-03 -0.1139075E+00  0.1403926E+00
   04  0.1809401E+03  0.2362674E+01  0.3968383E-03 -0.1122408E+00  0.1415303E+00
   04  0.1824313E+03  0.2363227E+01  0.4082123E-03 -0.1112932E+00  0.1420840E+00
   04  0.1839225E+03  0.2363772E+01  0.4191270E-03 -0.1102982E+00  0.1426283E+00
   04  0.1854136E+03  0.2364306E+01  0.4295699E-03 -0.1092555E+00  0.1431626E+00
   04  0.1869048E+03  0.2364830E+01  0.4395297E-03 -0.1081650E+00  0.1436866E+00
   04  0.1883960E+03  0.2365343E+01  0.4489962E-03 -0.1070269E+00  0.1441999E+00
   04  0.1898871E+03  0.2365845E+01  0.4579607E-03 -0.1058420E+00  0.1447022E+00
   04  0.1913783E+03  0.2366336E+01  0.4664157E-03 -0.1046110E+00  0.1451931E+00
   04  0.1928695E+03  0.2366816E+01  0.4743547E-03 -0.1033352E+00  0.1456725E+00
   04  0.1943606E+03  0.2367283E+01  0.4817729E-03 -0.1020160E+00  0.1461401E+00
   04  0.1958518E+03  0.2367739E+01  0.4886665E-03 -0.1006551E+00  0.1465958E+00
   04  0.1973430E+03  0.2368183E+01  0.4950333E-03 -0.9925444E-01  0.1470395E+00
   04  0.1988341E+03  0.2368614E+01  0.5008728E-03 -0.9781606E-01  0.1474710E+00
   04  0.2003253E+03  0.2369034E+01  0.5061854E-03 -0.9634235E-01  0.1478905E+00
   04  0.2018165E+03  0.2369441E+01  0.5109731E-03 -0.9483582E-01  0.1482980E+00
   04  0.2033076E+03  0.2369837E+01  0.5152391E-03 -0.9329916E-01  0.1486933E+00
   04  0.2047988E+03  0.2370220E+01  0.5189879E-03 -0.9173518E-01  0.1490768E+00
   04  0.2062900E+03  0.2370592E+01  0.5222250E-03 -0.9014680E-01  0.1494484E+00
   04  0.2077811E+03  0.2370952E+01  0.5249574E-03 -0.8853706E-01  0.1498084E+00
   04  0.2092723E+03  0.2371300E+01  0.5271929E-03 -0.8690908E-01  0.1501570E+00
   04  0.2107635E+03  0.2371638E+01  0.5289408E-03 -0.8526603E-01  0.1504943E+00
   04  0.2122546E+03  0.2371964E+01  0.5302116E-03 -0.8361120E-01  0.1508207E+00
   04  0.2137458E+03  0.2372280E+01  0.5310164E-03 -0.8194786E-01  0.1511364E+00
   04  0.2152370E+03  0.2372585E+01  0.5313669E-03 -0.8027930E-01  0.1514417E+00
   04  0.2167281E+03  0.2372880E+01  0.5312758E-03 -0.7860880E-01  0.1517371E+00
   04  0.2182193E+03  0.2373166E+01  0.5307567E-03 -0.7693964E-01  0.1520227E+00
   04  0.2197105E+03  0.2373442E+01  0.5298239E-03 -0.7527509E-01  0.1522991E+00
   04  0.2212017E+03  0.2373710E+01  0.5284925E-03 -0.7361838E-01  0.1525665E+00
   04  0.2226928E+03  0.2373969E+01  0.5267780E-03 -0.7197271E-01  0.1528256E+00
   04  0.2241840E+03  0.2374220E+01  0.5246968E-03 -0.7034127E-01  0.1530765E+00
   04  0.2256752E+03  0.2374463E+01  0.5222655E-03 -0.6872717E-01  0.1533199E+00
   04  0.2271663E+03  0.2374699E+01  0.5195017E-03 -0.6713353E-01  0.1535562E+00
   04  0.2286575E+03  0.2374929E+01  0.5164234E-03 -0.6556342E-01  0.1537859E+00
   04  0.2301487E+03  0.2375153E+01  0.5130485E-03 -0.6401985E-01  0.1540094E+00
   04  0.2316398E+03  0.2375368E+01  0.5093945E-03 -0.6248787E-01  0.1542250E+00
   04  0.2331310E+03  0.2375570E+01  0.5054746E-03 -0.6092101E-01  0.1544263E+00
   04  0.2346222E+03  0.2375757E+01  0.5012933E-03 -0.5932285E-01  0.1546136E+00
   04  0.2361133E+03  0.2375930E+01  0.4968556E-03 -0.5769685E-01  0.1547870E+00
   04  0.2376045E+03  0.2376090E+01  0.4921672E-03 -0.5604637E-01  0.1549469E+00
   04  0.2390957E+03  0.2376237E+01  0.4872343E-03 -0.5437468E-01  0.1550934E+00
   04  0.2405868E+03  0.2376370E+01  0.4820635E-03 -0.5268493E-01  0.1552268E+00
   04  0.2420780E+03  0.2376491E+01  0.4766620E-03 -0.5098018E-01  0.1553475E+00
   04  0.2435692E+03  0.2376599E+01  0.4710371E-03 -0.4926339E-01  0.1554555E+00
   04  0.2450603E+03  0.2376695E+01  0.4651967E-03 -0.4753738E-01  0.1555513E+00
   04  0.2465515E+03  0.2376778E+01  0.4591489E-03 -0.4580492E-01  0.1556351E+00
   04  0.2480427E+03  0.2376850E+01  0.4529021E-03 -0.4406863E-01  0.1557072E+00
   04  0.2495338E+03  0.2376911E+01  0.4464647E-03 -0.4233105E-01  0.1557678E+00
   04  0.2510250E+03  0.2376960E+01  0.4398455E-03 -0.4059461E-01  0.1558173E+00
   04  0.2525162E+03  0.2376999E+01  0.4330531E-03 -0.3886162E-01  0.1558559E+00
   04  0.2540073E+03  0.2377027E+01  0.4260966E-03 -0.3713430E-01  0.1558839E+00
   04  0.2554985E+03  0.2377045E+01  0.4189847E-03 -0.3541477E-01  0.1559017E+00
   04  0.2569897E+03  0.2377053E+01  0.4117265E-03 -0.3370503E-01  0.1559096E+00
   04  0.2584808E+03  0.2377051E+01  0.4043309E-03 -0.3200697E-01  0.1559077E+00
   04  0.2599720E+03  0.2377040E+01  0.3968068E-03 -0.3032240E-01  0.1558965E+00
   04  0.2614632E+03  0.2377019E+01  0.3891631E-03 -0.2865301E-01  0.1558762E+00
   04  0.2629543E+03  0.2376990E+01  0.3814093E-03 -0.2700038E-01  0.1558471E+00
   04  0.2644455E+03  0.2376953E+01  0.3735541E-03 -0.2536597E-01  0.1558095E+00
   04  0.2659367E+03  0.2376907E+01  0.3656063E-03 -0.2375117E-01  0.1557638E+00
   04  0.2674278E+03  0.2376853E+01  0.3575744E-03 -0.2215727E-01  0.1557100E+00
   04  0.2689190E+03  0.2376792E+01  0.3494667E-03 -0.2058548E-01  0.1556487E+00
   04  0.2704102E+03  0.2376723E+01  0.3412913E-03 -0.1903688E-01  0.1555799E+00
   04  0.2719014E+03  0.2376647E+01  0.3330564E-03 -0.1751252E-01  0.1555041E+00
   04  0.2733925E+03  0.2376565E+01  0.3247696E-03 -0.1601330E-01  0.1554215E+00
   04  0.2748837E+03  0.2376476E+01  0.3164386E-03 -0.1454008E-01  0.1553323E+00
   04  0.2763749E+03  0.2376380E+01  0.3080708E-03 -0.1309362E-01  0.1552368E+00
   04  0.2778660E+03  0.2376279E+01  0.2996735E-03 -0.1167460E-01  0.1551353E+00
   04  0.2793572E+03  0.2376171E+01  0.2912536E-03 -0.1028360E-01  0.1550281E+00
   04  0.2808484E+03  0.2376058E+01  0.2828179E-03 -0.8921164E-02  0.1549153E+00
   04  0.2823395E+03  0.2375940E+01  0.2743730E-03 -0.7587727E-02  0.1547971E+00
   04  0.2838307E+03  0.2375817E+01  0.2659253E-03 -0.6283667E-02  0.1546740E+00
   04  0.2853219E+03  0.2375689E+01  0.2574809E-03 -0.5009289E-02  0.1545460E+00
   04  0.2868130E+03  0.2375557E+01  0.2490456E-03 -0.3764829E-02  0.1544134E+00
   04  0.2883042E+03  0.2375420E+01  0.2406253E-03 -0.2550457E-02  0.1542764E+00
   04  0.2897954E+03  0.2375278E+01  0.2322254E-03 -0.1366278E-02  0.1541352E+00
   04  0.2912865E+03  0.2375133E+01  0.2238510E-03 -0.2123392E-03  0.1539901E+00
   04  0.2927777E+03  0.2374984E+01  0.2155069E-03  0.9113691E-03  0.1538411E+00
   04  0.2942689E+03  0.2374833E+01  0.2073995E-03  0.2015415E-02  0.1536897E+00
   04  0.2957600E+03  0.2374680E+01  0.1995679E-03  0.3101913E-02  0.1535363E+00
   04  0.2972512E+03  0.2374524E+01  0.1920030E-03  0.4170553E-02  0.1533809E+00
   04  0.2987424E+03  0.2374367E+01  0.1846962E-03  0.5221071E-02  0.1532236E+00
   04  0.3002335E+03  0.2374208E+01  0.1776388E-03  0.6253253E-02  0.1530646E+00
   04  0.3017247E+03  0.2374047E+01  0.1708226E-03  0.7266928E-02  0.1529040E+00
   04  0.3032159E+03  0.2373885E+01  0.1642396E-03  0.8261970E-02  0.1527418E+00
   04  0.3047070E+03  0.2373721E+01  0.1578820E-03  0.9238329E-02  0.1525782E+00
   04  0.3061982E+03  0.2373556E+01  0.1517422E-03  0.1019599E-01  0.1524132E+00
   04  0.3076894E+03  0.2373390E+01  0.1458127E-03  0.1113501E-01  0.1522468E+00
   04  0.3091805E+03  0.2373222E+01  0.1400866E-03  0.1205546E-01  0.1520791E+00
   04  0.3106717E+03  0.2373054E+01  0.1345569E-03  0.1295749E-01  0.1519103E+00
   04  0.3121629E+03  0.2372884E+01  0.1292169E-03  0.1384130E-01  0.1517403E+00
   04  0.3136540E+03  0.2372712E+01  0.1240603E-03  0.1470716E-01  0.1515692E+00
   04  0.3151452E+03  0.2372540E+01  0.1190808E-03  0.1555538E-01  0.1513969E+00
   04  0.3165017E+03  0.2372383E+01  0.1147961E-03  0.1630583E-01  0.1512399E+00
   04  0.3178581E+03  0.2372225E+01  0.1106448E-03  0.1704268E-01  0.1510819E+00
   04  0.3192146E+03  0.2372066E+01  0.1066226E-03  0.1776626E-01  0.1509231E+00
   04  0.3205710E+03  0.2371907E+01  0.1027258E-03  0.1847693E-01  0.1507633E+00
   04  0.3219275E+03  0.2371746E+01  0.9895045E-04  0.1917506E-01  0.1506026E+00
   04  0.3232839E+03  0.2371584E+01  0.9529301E-04  0.1986105E-01  0.1504410E+00
   04  0.3246404E+03  0.2371422E+01  0.9174991E-04  0.2053533E-01  0.1502785E+00
   04  0.3259968E+03  0.2371258E+01  0.8831775E-04  0.2119833E-01  0.1501151E+00
   04  0.3273533E+03  0.2371094E+01  0.8499324E-04  0.2185050E-01  0.1499507E+00
   04  0.3287097E+03  0.2370928E+01  0.8177322E-04  0.2249230E-01  0.1497852E+00
   04  0.3300662E+03  0.2370762E+01  0.7865464E-04  0.2312421E-01  0.1496188E+00
   04  0.3314226E+03  0.2370595E+01  0.7563457E-04  0.2374669E-01  0.1494514E+00
   04  0.3327791E+03  0.2370426E+01  0.7271019E-04  0.2436024E-01  0.1492828E+00
   04  0.3341355E+03  0.2370256E+01  0.6987879E-04  0.2496533E-01  0.1491132E+00
   04  0.3354920E+03  0.2370086E+01  0.6713776E-04  0.2556245E-01  0.1489424E+00
   04  0.3368484E+03  0.2369914E+01  0.6448458E-04  0.2615207E-01  0.1487704E+00
   04  0.3382049E+03  0.2369740E+01  0.6191686E-04  0.2673469E-01  0.1485972E+00
   04  0.3395613E+03  0.2369566E+01  0.5943226E-04  0.2731077E-01  0.1484228E+00
   04  0.3409178E+03  0.2369390E+01  0.5702858E-04  0.2788079E-01  0.1482470E+00
   04  0.3422742E+03  0.2369213E+01  0.5470366E-04  0.2844521E-01  0.1480699E+00
   04  0.3436307E+03  0.2369035E+01  0.5245545E-04  0.2900450E-01  0.1478915E+00
   04  0.3449871E+03  0.2368855E+01  0.5028198E-04  0.2955909E-01  0.1477116E+00
   04  0.3463436E+03  0.2368673E+01  0.4818136E-04  0.3010944E-01  0.1475302E+00
   04  0.3477000E+03  0.2368491E+01  0.4615175E-04  0.3065598E-01  0.1473473E+00
   04  0.3490565E+03  0.2368306E+01  0.4419141E-04  0.3119914E-01  0.1471629E+00
   04  0.3504130E+03  0.2368120E+01  0.4229865E-04  0.3173933E-01  0.1469768E+00
   04  0.3517694E+03  0.2367932E+01  0.4047185E-04  0.3227696E-01  0.1467892E+00
   04  0.3531259E+03  0.2367743E+01  0.3870944E-04  0.3281243E-01  0.1465998E+00
   04  0.3544823E+03  0.2367552E+01  0.3700992E-04  0.3334613E-01  0.1464086E+00
   04  0.3558388E+03  0.2367359E+01  0.3537185E-04  0.3387844E-01  0.1462157E+00
   04  0.3574665E+03  0.2367124E+01  0.3333680E-04  0.3452535E-01  0.1459810E+00
   04  0.3590942E+03  0.2366887E+01  0.3139490E-04  0.3517064E-01  0.1457437E+00
   04  0.3607220E+03  0.2366647E+01  0.2954371E-04  0.3581497E-01  0.1455035E+00
   04  0.3623497E+03  0.2366404E+01  0.2778086E-04  0.3645896E-01  0.1452606E+00
   04  0.3639775E+03  0.2366158E+01  0.2610409E-04  0.3710322E-01  0.1450147E+00
   04  0.3656052E+03  0.2365909E+01  0.2451119E-04  0.3774834E-01  0.1447659E+00
   04  0.3672329E+03  0.2365657E+01  0.2300005E-04  0.3839489E-01  0.1445140E+00
   04  0.3688607E+03  0.2365402E+01  0.2156860E-04  0.3904344E-01  0.1442589E+00
   04  0.3704884E+03  0.2365144E+01  0.2021485E-04  0.3969454E-01  0.1440006E+00
   04  0.3721162E+03  0.2364882E+01  0.1893684E-04  0.4034873E-01  0.1437389E+00
   04  0.3737439E+03  0.2364617E+01  0.1769870E-04  0.4100795E-01  0.1434737E+00
   04  0.3753717E+03  0.2364348E+01  0.1649235E-04  0.4167395E-01  0.1432046E+00
   04  0.3769994E+03  0.2364075E+01  0.1531660E-04  0.4234835E-01  0.1429315E+00
   04  0.3786271E+03  0.2363797E+01  0.1417028E-04  0.4303267E-01  0.1426540E+00
   04  0.3802549E+03  0.2363515E+01  0.1305226E-04  0.4372839E-01  0.1423720E+00
   04  0.3818826E+03  0.2363228E+01  0.1196145E-04  0.4443690E-01  0.1420851E+00
   04  0.3835104E+03  0.2362937E+01  0.1089679E-04  0.4515954E-01  0.1417933E+00
   04  0.3851381E+03  0.2362639E+01  0.9857292E-05  0.4589759E-01  0.1414961E+00
   04  0.3867658E+03  0.2362337E+01  0.8841975E-05  0.4665226E-01  0.1411934E+00
   04  0.3883936E+03  0.2362028E+01  0.7849918E-05  0.4742472E-01  0.1408850E+00
   04  0.3900213E+03  0.2361714E+01  0.6880212E-05  0.4821608E-01  0.1405705E+00
   04  0.3916491E+03  0.2361393E+01  0.5931852E-05  0.4902740E-01  0.1402499E+00
   04  0.3932768E+03  0.2361066E+01  0.5003899E-05  0.4985972E-01  0.1399228E+00
   04  0.3949046E+03  0.2360732E+01  0.4095468E-05  0.5071401E-01  0.1395891E+00
   04  0.3965323E+03  0.2360392E+01  0.3205735E-05  0.5159122E-01  0.1392485E+00
   04  0.3981600E+03  0.2360044E+01  0.2333929E-05  0.5249224E-01  0.1389007E+00
   04  0.3997878E+03  0.2359689E+01  0.1479331E-05  0.5341793E-01  0.1385456E+00
   04  0.4014155E+03  0.2359326E+01  0.6412634E-06  0.5436911E-01  0.1381830E+00
   04  0.4030433E+03  0.2358956E+01 -0.1809050E-06  0.5534655E-01  0.1378126E+00
   04  0.4046710E+03  0.2358577E+01 -0.9877603E-06  0.5635099E-01  0.1374341E+00
   04  0.4062987E+03  0.2358192E+01 -0.1779848E-05  0.5737079E-01  0.1370492E+00
   04  0.4079265E+03  0.2357808E+01 -0.2557661E-05  0.5835267E-01  0.1366649E+00
   04  0.4095542E+03  0.2357424E+01 -0.3321602E-05  0.5930264E-01  0.1362806E+00
   04  0.4111820E+03  0.2357039E+01 -0.4072039E-05  0.6022591E-01  0.1358958E+00
   04  0.4128097E+03  0.2356653E+01 -0.4809318E-05  0.6112697E-01  0.1355099E+00
   04  0.4144375E+03  0.2356266E+01 -0.5533758E-05  0.6200975E-01  0.1351225E+00
   04  0.4160652E+03  0.2355877E+01 -0.6245656E-05  0.6287767E-01  0.1347333E+00
   04  0.4176929E+03  0.2355485E+01 -0.6945290E-05  0.6373376E-01  0.1343418E+00
   04  0.4193207E+03  0.2355091E+01 -0.7632919E-05  0.6458068E-01  0.1339478E+00
   04  0.4209484E+03  0.2354694E+01 -0.8308787E-05  0.6542079E-01  0.1335510E+00
   04  0.4225762E+03  0.2354294E+01 -0.8973124E-05  0.6625620E-01  0.1331511E+00
   04  0.4242039E+03  0.2353891E+01 -0.9626141E-05  0.6708879E-01  0.1327479E+00
   04  0.4258316E+03  0.2353484E+01 -0.1026804E-04  0.6792027E-01  0.1323411E+00
   04  0.4274594E+03  0.2353074E+01 -0.1089561E-04  0.6875215E-01  0.1319306E+00
   04  0.4290871E+03  0.2352659E+01 -0.1150579E-04  0.6958587E-01  0.1315162E+00
   04  0.4307149E+03  0.2352241E+01 -0.1209920E-04  0.7042276E-01  0.1310976E+00
   04  0.4323426E+03  0.2351818E+01 -0.1267640E-04  0.7126405E-01  0.1306748E+00
   04  0.4339704E+03  0.2351391E+01 -0.1323795E-04  0.7211091E-01  0.1302474E+00
   04  0.4355981E+03  0.2350959E+01 -0.1378437E-04  0.7296443E-01  0.1298154E+00
   04  0.4372258E+03  0.2350522E+01 -0.1431617E-04  0.7382560E-01  0.1293785E+00
   04  0.4388536E+03  0.2350080E+01 -0.1483381E-04  0.7469539E-01  0.1289367E+00
   04  0.4404813E+03  0.2349633E+01 -0.1533775E-04  0.7557469E-01  0.1284897E+00
   04  0.4421091E+03  0.2349181E+01 -0.1582843E-04  0.7646434E-01  0.1280373E+00
   04  0.4437368E+03  0.2348723E+01 -0.1630625E-04  0.7736515E-01  0.1275795E+00
   04  0.4453645E+03  0.2348259E+01 -0.1677160E-04  0.7827789E-01  0.1271161E+00
   04  0.4469923E+03  0.2347790E+01 -0.1722486E-04  0.7920330E-01  0.1266468E+00
   04  0.4486200E+03  0.2347315E+01 -0.1766640E-04  0.8014208E-01  0.1261716E+00
   04  0.4502478E+03  0.2346834E+01 -0.1809654E-04  0.8109492E-01  0.1256904E+00
   04  0.4518755E+03  0.2346346E+01 -0.1851563E-04  0.8206248E-01  0.1252028E+00
   04  0.4535033E+03  0.2345852E+01 -0.1892397E-04  0.8304540E-01  0.1247089E+00
   04  0.4551310E+03  0.2345352E+01 -0.1932187E-04  0.8404431E-01  0.1242084E+00
   04  0.4567587E+03  0.2344844E+01 -0.1970963E-04  0.8505982E-01  0.1237012E+00
   04  0.4583865E+03  0.2344330E+01 -0.2008751E-04  0.8609253E-01  0.1231871E+00
   04  0.4600142E+03  0.2343809E+01 -0.2045581E-04  0.8714303E-01  0.1226660E+00
   04  0.4616420E+03  0.2343281E+01 -0.2082403E-04  0.8821234E-01  0.1221376E+00
   04  0.4632697E+03  0.2342745E+01 -0.2119300E-04  0.8930142E-01  0.1216017E+00
   04  0.4648974E+03  0.2342201E+01 -0.2156322E-04  0.9041125E-01  0.1210582E+00
   04  0.4665252E+03  0.2341650E+01 -0.2193518E-04  0.9154274E-01  0.1205068E+00
   04  0.4681529E+03  0.2341090E+01 -0.2230934E-04  0.9269685E-01  0.1199472E+00
   04  0.4697807E+03  0.2340523E+01 -0.2268611E-04  0.9387448E-01  0.1193793E+00
   04  0.4714084E+03  0.2339946E+01 -0.2306590E-04  0.9507656E-01  0.1188028E+00
   04  0.4730362E+03  0.2339361E+01 -0.2344906E-04  0.9630398E-01  0.1182174E+00
   04  0.4746639E+03  0.2338766E+01 -0.2383593E-04  0.9755765E-01  0.1176230E+00
   04  0.4762916E+03  0.2338163E+01 -0.2422682E-04  0.9883846E-01  0.1170193E+00
   04  0.4779194E+03  0.2337549E+01 -0.2462200E-04  0.1001473E+00  0.1164060E+00
   04  0.4795471E+03  0.2336926E+01 -0.2502172E-04  0.1014850E+00  0.1157829E+00
   04  0.4811749E+03  0.2336293E+01 -0.2542619E-04  0.1028526E+00  0.1151498E+00
   04  0.4828026E+03  0.2335650E+01 -0.2583560E-04  0.1042508E+00  0.1145063E+00
   04  0.4844303E+03  0.2334996E+01 -0.2625000E-04  0.1056805E+00  0.1138523E+00
   04  0.4860581E+03  0.2334331E+01 -0.2666945E-04  0.1071426E+00  0.1131874E+00
   04  0.4876858E+03  0.2333655E+01 -0.2709402E-04  0.1086380E+00  0.1125114E+00
   04  0.4893136E+03  0.2332967E+01 -0.2752378E-04  0.1101675E+00  0.1118241E+00
   04  0.4909413E+03  0.2332268E+01 -0.2795877E-04  0.1117320E+00  0.1111251E+00
   04  0.4925691E+03  0.2331557E+01 -0.2839902E-04  0.1133323E+00  0.1104142E+00
   04  0.4941968E+03  0.2330834E+01 -0.2884454E-04  0.1149694E+00  0.1096910E+00
   04  0.4958245E+03  0.2330099E+01 -0.2929501E-04  0.1166439E+00  0.1089554E+00
   04  0.4974523E+03  0.2329350E+01 -0.2975003E-04  0.1183567E+00  0.1082070E+00
   04  0.4990800E+03  0.2328589E+01 -0.3020901E-04  0.1201085E+00  0.1074455E+00
   04  0.5007078E+03  0.2327814E+01 -0.3067128E-04  0.1219000E+00  0.1066708E+00
   04  0.5023355E+03  0.2327026E+01 -0.3113616E-04  0.1237317E+00  0.1058824E+00
   04  0.5039632E+03  0.2326223E+01 -0.3160308E-04  0.1256044E+00  0.1050802E+00
   04  0.5055910E+03  0.2325407E+01 -0.3207161E-04  0.1275186E+00  0.1042638E+00
   04  0.5072187E+03  0.2324576E+01 -0.3254133E-04  0.1294749E+00  0.1034330E+00
   04  0.5088465E+03  0.2323731E+01 -0.3301182E-04  0.1314738E+00  0.1025875E+00
   04  0.5104742E+03  0.2322870E+01 -0.3348268E-04  0.1335160E+00  0.1017270E+00
   04  0.5121020E+03  0.2321995E+01 -0.3395354E-04  0.1356019E+00  0.1008513E+00
   04  0.5137297E+03  0.2321103E+01 -0.3442405E-04  0.1377321E+00  0.9996009E-01
   04  0.5153574E+03  0.2320196E+01 -0.3489388E-04  0.1399072E+00  0.9905306E-01
   04  0.5169852E+03  0.2319273E+01 -0.3536272E-04  0.1421277E+00  0.9812993E-01
   04  0.5186129E+03  0.2318334E+01 -0.3583029E-04  0.1443941E+00  0.9719040E-01
   04  0.5202407E+03  0.2317377E+01 -0.3629632E-04  0.1467071E+00  0.9623420E-01
   04  0.5218684E+03  0.2316404E+01 -0.3676056E-04  0.1490672E+00  0.9526101E-01
   04  0.5234961E+03  0.2315414E+01 -0.3722282E-04  0.1514750E+00  0.9427053E-01
   04  0.5251239E+03  0.2314406E+01 -0.3768298E-04  0.1539311E+00  0.9326245E-01
   04  0.5267516E+03  0.2313380E+01 -0.3814094E-04  0.1564361E+00  0.9223645E-01
   04  0.5283794E+03  0.2312335E+01 -0.3859658E-04  0.1589907E+00  0.9119222E-01
   04  0.5300071E+03  0.2311273E+01 -0.3904979E-04  0.1615955E+00  0.9012943E-01
   04  0.5316349E+03  0.2310191E+01 -0.3950036E-04  0.1642511E+00  0.8904774E-01
   04  0.5332626E+03  0.2309090E+01 -0.3994799E-04  0.1669583E+00  0.8794683E-01
   04  0.5348903E+03  0.2307970E+01 -0.4039243E-04  0.1697177E+00  0.8682634E-01
   04  0.5365181E+03  0.2306829E+01 -0.4083340E-04  0.1725299E+00  0.8568596E-01
   04  0.5381458E+03  0.2305669E+01 -0.4127064E-04  0.1753956E+00  0.8452532E-01
   04  0.5397736E+03  0.2304487E+01 -0.4170390E-04  0.1783154E+00  0.8334408E-01
   04  0.5414013E+03  0.2303285E+01 -0.4213292E-04  0.1812900E+00  0.8214188E-01
   04  0.5430290E+03  0.2302062E+01 -0.4255745E-04  0.1843201E+00  0.8091838E-01
   04  0.5446568E+03  0.2300816E+01 -0.4297724E-04  0.1874062E+00  0.7967320E-01
   04  0.5462845E+03  0.2299549E+01 -0.4339205E-04  0.1905491E+00  0.7840599E-01
   04  0.5479123E+03  0.2298260E+01 -0.4380164E-04  0.1937494E+00  0.7711637E-01
   04  0.5495400E+03  0.2296947E+01 -0.4420576E-04  0.1970078E+00  0.7580398E-01
   04  0.5511678E+03  0.2295612E+01 -0.4460419E-04  0.2003250E+00  0.7446843E-01
   04  0.5527955E+03  0.2294253E+01 -0.4499668E-04  0.2037015E+00  0.7310934E-01
   04  0.5544232E+03  0.2292870E+01 -0.4538301E-04  0.2071381E+00  0.7172634E-01
   04  0.5560510E+03  0.2291462E+01 -0.4576293E-04  0.2106354E+00  0.7031904E-01
   04  0.5576787E+03  0.2290030E+01 -0.4613623E-04  0.2141941E+00  0.6888704E-01
   04  0.5593065E+03  0.2288573E+01 -0.4650267E-04  0.2178147E+00  0.6742996E-01
   04  0.5609342E+03  0.2287091E+01 -0.4686202E-04  0.2214979E+00  0.6594739E-01
   04  0.5625619E+03  0.2285582E+01 -0.4721406E-04  0.2252443E+00  0.6443894E-01
   04  0.5641897E+03  0.2284047E+01 -0.4755858E-04  0.2290545E+00  0.6290422E-01
   04  0.5658174E+03  0.2282486E+01 -0.4789535E-04  0.2329291E+00  0.6134281E-01
   04  0.5674452E+03  0.2280898E+01 -0.4822415E-04  0.2368688E+00  0.5975431E-01
   04  0.5690729E+03  0.2279282E+01 -0.4854479E-04  0.2408740E+00  0.5813831E-01
   04  0.5707007E+03  0.2277638E+01 -0.4885705E-04  0.2449454E+00  0.5649440E-01
   04  0.5723284E+03  0.2275965E+01 -0.4916074E-04  0.2490835E+00  0.5482218E-01
   04  0.5739561E+03  0.2274264E+01 -0.4945565E-04  0.2532887E+00  0.5312123E-01
   04  0.5755839E+03  0.2272534E+01 -0.4974159E-04  0.2575617E+00  0.5139113E-01
   04  0.5772116E+03  0.2270775E+01 -0.5001838E-04  0.2619029E+00  0.4963147E-01
   04  0.5788394E+03  0.2268985E+01 -0.5028583E-04  0.2663128E+00  0.4784184E-01
   04  0.5804671E+03  0.2267165E+01 -0.5054376E-04  0.2707918E+00  0.4602181E-01
   04  0.5820948E+03  0.2265314E+01 -0.5079200E-04  0.2753404E+00  0.4417098E-01
   04  0.5837226E+03  0.2263432E+01 -0.5103039E-04  0.2799589E+00  0.4228892E-01
   04  0.5853503E+03  0.2261518E+01 -0.5125875E-04  0.2846478E+00  0.4037522E-01
   04  0.5869781E+03  0.2259573E+01 -0.5147694E-04  0.2894073E+00  0.3842946E-01
   04  0.5886058E+03  0.2257594E+01 -0.5168481E-04  0.2942378E+00  0.3645124E-01
   04  0.5902336E+03  0.2255583E+01 -0.5188221E-04  0.2991397E+00  0.3444013E-01
   04  0.5918613E+03  0.2253539E+01 -0.5206901E-04  0.3041130E+00  0.3239573E-01
   04  0.5934890E+03  0.2251461E+01 -0.5224508E-04  0.3091581E+00  0.3031762E-01
   04  0.5951168E+03  0.2249349E+01 -0.5241030E-04  0.3142752E+00  0.2820540E-01
   04  0.5967445E+03  0.2247202E+01 -0.5256455E-04  0.3194644E+00  0.2605866E-01
   04  0.5983723E+03  0.2245020E+01 -0.5270774E-04  0.3247257E+00  0.2387701E-01
