# gauge_id= 305 location=( -0.1241963333E+03  0.4175583333E+02 ) num_var=  4
# Stationary gauge
# level, time, q[  1  2  3], eta, aux[]
# file format ascii, time series follow in this file
   04  0.0000000E+00  0.4596900E+01  0.0000000E+00  0.0000000E+00  0.0000000E+00
   04  0.1000000E+01  0.4596900E+01 -0.2774021E-16  0.2074411E-17 -0.9560563E-01
   04  0.1015873E+01  0.4596902E+01  0.2424526E-03  0.1925964E-05 -0.9560361E-01
   04  0.1031746E+01  0.4596904E+01  0.4849088E-03  0.3853507E-05 -0.9560159E-01
   04  0.1047619E+01  0.4596906E+01  0.7273685E-03  0.5782630E-05 -0.9559956E-01
   04  0.1063492E+01  0.4596908E+01  0.9698317E-03  0.7713334E-05 -0.9559752E-01
   04  0.1079365E+01  0.4596910E+01  0.1212298E-02  0.9645611E-05 -0.9559548E-01
   04  0.1095238E+01  0.4596912E+01  0.1454769E-02  0.1157944E-04 -0.9559343E-01
   04  0.1111111E+01  0.4596914E+01  0.1697243E-02  0.1351481E-04 -0.9559138E-01
   04  0.1126984E+01  0.4596916E+01  0.1939720E-02  0.1545173E-04 -0.9558932E-01
   04  0.1142857E+01  0.4596918E+01  0.2182201E-02  0.1739020E-04 -0.9558725E-01
   04  0.1158730E+01  0.4596920E+01  0.2424686E-02  0.1933022E-04 -0.9558518E-01
   04  0.1174603E+01  0.4596922E+01  0.2667175E-02  0.2127179E-04 -0.9558310E-01
   04  0.1190476E+01  0.4596924E+01  0.2909667E-02  0.2321491E-04 -0.9558101E-01
   04  0.1206349E+01  0.4596926E+01  0.3152162E-02  0.2515958E-04 -0.9557892E-01
   04  0.1222222E+01  0.4596929E+01  0.3394662E-02  0.2710581E-04 -0.9557682E-01
   04  0.1238095E+01  0.4596931E+01  0.3637165E-02  0.2905359E-04 -0.9557472E-01
   04  0.1253968E+01  0.4596933E+01  0.3879671E-02  0.3100292E-04 -0.9557260E-01
   04  0.1269841E+01  0.4596935E+01  0.4122182E-02  0.3295380E-04 -0.9557049E-01
   04  0.1285714E+01  0.4596937E+01  0.4364696E-02  0.3490624E-04 -0.9556836E-01
   04  0.1301587E+01  0.4596939E+01  0.4607214E-02  0.3686023E-04 -0.9556623E-01
   04  0.1317460E+01  0.4596941E+01  0.4849736E-02  0.3881578E-04 -0.9556410E-01
   04  0.1333333E+01  0.4596943E+01  0.5092261E-02  0.4077288E-04 -0.9556195E-01
   04  0.1349206E+01  0.4596946E+01  0.5334791E-02  0.4273154E-04 -0.9555980E-01
   04  0.1365079E+01  0.4596948E+01  0.5577324E-02  0.4469176E-04 -0.9555765E-01
   04  0.1380952E+01  0.4596950E+01  0.5819860E-02  0.4665353E-04 -0.9555549E-01
   04  0.1396825E+01  0.4596952E+01  0.6062401E-02  0.4861686E-04 -0.9555332E-01
   04  0.1412698E+01  0.4596954E+01  0.6304946E-02  0.5058175E-04 -0.9555114E-01
   04  0.1428571E+01  0.4596956E+01  0.6547494E-02  0.5254820E-04 -0.9554896E-01
   04  0.1476190E+01  0.4596963E+01  0.7275192E-02  0.5846315E-04 -0.9554238E-01
   04  0.1523810E+01  0.4596970E+01  0.8002926E-02  0.6439210E-04 -0.9553574E-01
   04  0.1571429E+01  0.4596976E+01  0.8730694E-02  0.7033505E-04 -0.9552904E-01
   04  0.1619048E+01  0.4596983E+01  0.9458499E-02  0.7629202E-04 -0.9552229E-01
   04  0.1666667E+01  0.4596990E+01  0.1018634E-01  0.8226301E-04 -0.9551548E-01
   04  0.1714286E+01  0.4596997E+01  0.1091422E-01  0.8824805E-04 -0.9550861E-01
   04  0.1761905E+01  0.4597004E+01  0.1164213E-01  0.9424714E-04 -0.9550169E-01
   04  0.1809524E+01  0.4597011E+01  0.1237008E-01  0.1002603E-03 -0.9549471E-01
   04  0.1857143E+01  0.4597018E+01  0.1309807E-01  0.1062875E-03 -0.9548767E-01
   04  0.1904762E+01  0.4597025E+01  0.1382610E-01  0.1123289E-03 -0.9548058E-01
   04  0.1952381E+01  0.4597032E+01  0.1455417E-01  0.1183843E-03 -0.9547343E-01
   04  0.2000000E+01  0.4597039E+01  0.1528227E-01  0.1244538E-03 -0.9546622E-01
   04  0.5727919E+01  0.4597788E+01  0.7267450E-01  0.6665876E-03 -0.9471749E-01
   04  0.9455838E+01  0.4598884E+01  0.1304531E+00  0.1248630E-02 -0.9362168E-01
   04  0.1318376E+02  0.4600337E+01  0.1887895E+00  0.1815988E-02 -0.9216816E-01
   04  0.1691168E+02  0.4602159E+01  0.2478708E+00  0.2360340E-02 -0.9034669E-01
   04  0.2063960E+02  0.4604365E+01  0.3078971E+00  0.2912472E-02 -0.8814069E-01
   04  0.2436752E+02  0.4606970E+01  0.3690710E+00  0.3492627E-02 -0.8553491E-01
   04  0.2809543E+02  0.4609989E+01  0.4315520E+00  0.4114642E-02 -0.8251594E-01
   04  0.3182335E+02  0.4613434E+01  0.4955452E+00  0.4794684E-02 -0.7907085E-01
   04  0.3555127E+02  0.4617314E+01  0.5611992E+00  0.5551446E-02 -0.7519095E-01
   04  0.3927919E+02  0.4621634E+01  0.6286283E+00  0.6403898E-02 -0.7087139E-01
   04  0.4300711E+02  0.4626393E+01  0.6979051E+00  0.7371610E-02 -0.6611186E-01
   04  0.4487107E+02  0.4628962E+01  0.7332694E+00  0.8003913E-02 -0.6354362E-01
   04  0.4673503E+02  0.4631641E+01  0.7691247E+00  0.8668837E-02 -0.6086386E-01
   04  0.4839188E+02  0.4634120E+01  0.8014111E+00  0.9289058E-02 -0.5838512E-01
   04  0.5004874E+02  0.4636687E+01  0.8340858E+00  0.9928643E-02 -0.5581871E-01
   04  0.5170559E+02  0.4639339E+01  0.8671415E+00  0.1058818E-01 -0.5316626E-01
   04  0.5336244E+02  0.4642074E+01  0.9005557E+00  0.1126821E-01 -0.5043125E-01
   04  0.5501930E+02  0.4644888E+01  0.9343037E+00  0.1196900E-01 -0.4761748E-01
   04  0.5667615E+02  0.4647776E+01  0.9683586E+00  0.1269051E-01 -0.4472896E-01
   04  0.5833300E+02  0.4650735E+01  0.1002692E+01  0.1343251E-01 -0.4176990E-01
   04  0.5998985E+02  0.4653761E+01  0.1037273E+01  0.1419449E-01 -0.3874470E-01
   04  0.6164671E+02  0.4656847E+01  0.1072071E+01  0.1497574E-01 -0.3565791E-01
   04  0.6330356E+02  0.4659991E+01  0.1107053E+01  0.1577540E-01 -0.3251428E-01
   04  0.6496041E+02  0.4663187E+01  0.1142183E+01  0.1659251E-01 -0.2931867E-01
   04  0.6661727E+02  0.4666429E+01  0.1177427E+01  0.1742572E-01 -0.2607599E-01
   04  0.6827412E+02  0.4669714E+01  0.1212749E+01  0.1827400E-01 -0.2279129E-01
   04  0.6993097E+02  0.4673036E+01  0.1248113E+01  0.1913620E-01 -0.1946964E-01
   04  0.7158783E+02  0.4676389E+01  0.1283483E+01  0.2001115E-01 -0.1611610E-01
   04  0.7324468E+02  0.4679770E+01  0.1318822E+01  0.2089763E-01 -0.1273576E-01
   04  0.7490153E+02  0.4683172E+01  0.1354095E+01  0.2179440E-01 -0.9333650E-02
   04  0.7655838E+02  0.4686591E+01  0.1389266E+01  0.2270022E-01 -0.5914749E-02
   04  0.7821524E+02  0.4690021E+01  0.1424299E+01  0.2361386E-01 -0.2484014E-02
   04  0.7987209E+02  0.4693459E+01  0.1459161E+01  0.2453412E-01  0.9537105E-03
   04  0.8152894E+02  0.4696899E+01  0.1493818E+01  0.2545982E-01  0.4393703E-02
   04  0.8318580E+02  0.4700337E+01  0.1528237E+01  0.2638984E-01  0.7831373E-02
   04  0.8484265E+02  0.4703768E+01  0.1562388E+01  0.2732306E-01  0.1126227E-01
   04  0.8649950E+02  0.4707187E+01  0.1596240E+01  0.2825846E-01  0.1468211E-01
   04  0.8815636E+02  0.4710592E+01  0.1629766E+01  0.2919503E-01  0.1808675E-01
   04  0.8981321E+02  0.4713978E+01  0.1662938E+01  0.3013179E-01  0.2147219E-01
   04  0.9147006E+02  0.4717340E+01  0.1695728E+01  0.3106778E-01  0.2483445E-01
   04  0.9445240E+02  0.4723304E+01  0.1753860E+01  0.3256280E-01  0.3079888E-01
   04  0.9743473E+02  0.4729165E+01  0.1810548E+01  0.3405616E-01  0.3665978E-01
   04  0.1004171E+03  0.4734904E+01  0.1865673E+01  0.3554456E-01  0.4239914E-01
   04  0.1033994E+03  0.4740507E+01  0.1919134E+01  0.3702480E-01  0.4800131E-01
   04  0.1063817E+03  0.4745957E+01  0.1970841E+01  0.3849436E-01  0.5345204E-01
   04  0.1093641E+03  0.4751234E+01  0.2020613E+01  0.3995406E-01  0.5872836E-01
   04  0.1123464E+03  0.4756271E+01  0.2067924E+01  0.4141342E-01  0.6376560E-01
   04  0.1153287E+03  0.4761066E+01  0.2112740E+01  0.4292470E-01  0.6856067E-01
   04  0.1183111E+03  0.4765621E+01  0.2154956E+01  0.4444425E-01  0.7311550E-01
   04  0.1212934E+03  0.4769924E+01  0.2194746E+01  0.4593132E-01  0.7741822E-01
   04  0.1242758E+03  0.4773970E+01  0.2232259E+01  0.4738379E-01  0.8146477E-01
   04  0.1272581E+03  0.4777767E+01  0.2267563E+01  0.4880139E-01  0.8526149E-01
   04  0.1302404E+03  0.4781321E+01  0.2300730E+01  0.5018684E-01  0.8881525E-01
   04  0.1332228E+03  0.4784639E+01  0.2331841E+01  0.5154399E-01  0.9213373E-01
   04  0.1362051E+03  0.4787730E+01  0.2360975E+01  0.5287861E-01  0.9522478E-01
   04  0.1391874E+03  0.4790601E+01  0.2388216E+01  0.5420038E-01  0.9809612E-01
   04  0.1421698E+03  0.4793261E+01  0.2413653E+01  0.5552474E-01  0.1007553E+00
   04  0.1451521E+03  0.4795715E+01  0.2437398E+01  0.5686842E-01  0.1032093E+00
   04  0.1481344E+03  0.4797970E+01  0.2459591E+01  0.5822570E-01  0.1054642E+00
   04  0.1511168E+03  0.4800055E+01  0.2480044E+01  0.5956509E-01  0.1075498E+00
   04  0.1540991E+03  0.4801978E+01  0.2498788E+01  0.6089181E-01  0.1094726E+00
   04  0.1570814E+03  0.4803739E+01  0.2515898E+01  0.6221111E-01  0.1112333E+00
   04  0.1600638E+03  0.4805339E+01  0.2531440E+01  0.6352835E-01  0.1128334E+00
   04  0.1630461E+03  0.4806780E+01  0.2545324E+01  0.6478624E-01  0.1142746E+00
   04  0.1660284E+03  0.4808064E+01  0.2557743E+01  0.6604758E-01  0.1155583E+00
   04  0.1690108E+03  0.4809183E+01  0.2568776E+01  0.6727074E-01  0.1166777E+00
   04  0.1719931E+03  0.4810137E+01  0.2578463E+01  0.6838301E-01  0.1176321E+00
   04  0.1749755E+03  0.4810923E+01  0.2586776E+01  0.6939704E-01  0.1184181E+00
   04  0.1779578E+03  0.4811551E+01  0.2593775E+01  0.7032661E-01  0.1190459E+00
   04  0.1809401E+03  0.4812060E+01  0.2599771E+01  0.7118953E-01  0.1195542E+00
   04  0.1824313E+03  0.4812272E+01  0.2602393E+01  0.7161800E-01  0.1197663E+00
   04  0.1839225E+03  0.4812457E+01  0.2604795E+01  0.7203824E-01  0.1199515E+00
   04  0.1854136E+03  0.4812616E+01  0.2606987E+01  0.7245341E-01  0.1201106E+00
   04  0.1869048E+03  0.4812750E+01  0.2608977E+01  0.7286653E-01  0.1202444E+00
   04  0.1883960E+03  0.4812859E+01  0.2610774E+01  0.7328055E-01  0.1203539E+00
   04  0.1898871E+03  0.4812945E+01  0.2612386E+01  0.7369827E-01  0.1204397E+00
   04  0.1913783E+03  0.4813008E+01  0.2613820E+01  0.7412234E-01  0.1205025E+00
   04  0.1928695E+03  0.4813048E+01  0.2615083E+01  0.7455529E-01  0.1205430E+00
   04  0.1943606E+03  0.4813067E+01  0.2616181E+01  0.7499947E-01  0.1205618E+00
   04  0.1958518E+03  0.4813065E+01  0.2617121E+01  0.7545707E-01  0.1205594E+00
   04  0.1973430E+03  0.4813042E+01  0.2617909E+01  0.7593015E-01  0.1205364E+00
   04  0.1988341E+03  0.4812999E+01  0.2618549E+01  0.7642059E-01  0.1204933E+00
   04  0.2003253E+03  0.4812936E+01  0.2619048E+01  0.7693014E-01  0.1204305E+00
   04  0.2018165E+03  0.4812854E+01  0.2619409E+01  0.7746036E-01  0.1203484E+00
   04  0.2033076E+03  0.4812753E+01  0.2619638E+01  0.7801270E-01  0.1202474E+00
   04  0.2047988E+03  0.4812633E+01  0.2619739E+01  0.7858841E-01  0.1201278E+00
   04  0.2062900E+03  0.4812495E+01  0.2619716E+01  0.7918862E-01  0.1199901E+00
   04  0.2077811E+03  0.4812340E+01  0.2619573E+01  0.7981429E-01  0.1198344E+00
   04  0.2092723E+03  0.4812167E+01  0.2619314E+01  0.8046622E-01  0.1196612E+00
   04  0.2107635E+03  0.4811976E+01  0.2618942E+01  0.8114510E-01  0.1194708E+00
   04  0.2122546E+03  0.4811769E+01  0.2618462E+01  0.8185143E-01  0.1192634E+00
   04  0.2137458E+03  0.4811545E+01  0.2617876E+01  0.8258561E-01  0.1190393E+00
   04  0.2152370E+03  0.4811304E+01  0.2617190E+01  0.8334782E-01  0.1187988E+00
   04  0.2167281E+03  0.4811047E+01  0.2616404E+01  0.8413810E-01  0.1185421E+00
   04  0.2182193E+03  0.4810775E+01  0.2615524E+01  0.8495644E-01  0.1182696E+00
   04  0.2197105E+03  0.4810486E+01  0.2614552E+01  0.8579962E-01  0.1179811E+00
   04  0.2212017E+03  0.4810182E+01  0.2613493E+01  0.8666776E-01  0.1176767E+00
   04  0.2226928E+03  0.4809862E+01  0.2612350E+01  0.8756072E-01  0.1173567E+00
   04  0.2241840E+03  0.4809527E+01  0.2611125E+01  0.8847821E-01  0.1170215E+00
   04  0.2256752E+03  0.4809177E+01  0.2609821E+01  0.8941977E-01  0.1166713E+00
   04  0.2271663E+03  0.4808812E+01  0.2608442E+01  0.9038485E-01  0.1163065E+00
   04  0.2286575E+03  0.4808433E+01  0.2606992E+01  0.9137279E-01  0.1159272E+00
   04  0.2301487E+03  0.4808039E+01  0.2605472E+01  0.9238286E-01  0.1155340E+00
   04  0.2316398E+03  0.4807632E+01  0.2603887E+01  0.9341423E-01  0.1151270E+00
   04  0.2331310E+03  0.4807212E+01  0.2602239E+01  0.9446600E-01  0.1147067E+00
   04  0.2346222E+03  0.4806779E+01  0.2600533E+01  0.9553721E-01  0.1142734E+00
   04  0.2361133E+03  0.4806333E+01  0.2598771E+01  0.9662689E-01  0.1138275E+00
   04  0.2376045E+03  0.4805875E+01  0.2596957E+01  0.9773400E-01  0.1133694E+00
   04  0.2390957E+03  0.4805405E+01  0.2595095E+01  0.9885746E-01  0.1128995E+00
   04  0.2405868E+03  0.4804923E+01  0.2593188E+01  0.9999617E-01  0.1124181E+00
   04  0.2420780E+03  0.4804431E+01  0.2591240E+01  0.1011495E+00  0.1119258E+00
   04  0.2435692E+03  0.4803928E+01  0.2589253E+01  0.1023163E+00  0.1114229E+00
   04  0.2450603E+03  0.4803415E+01  0.2587228E+01  0.1034887E+00  0.1109098E+00
   04  0.2465515E+03  0.4802892E+01  0.2585168E+01  0.1046627E+00  0.1103869E+00
   04  0.2480427E+03  0.4802360E+01  0.2583077E+01  0.1058397E+00  0.1098545E+00
   04  0.2495338E+03  0.4801819E+01  0.2580961E+01  0.1070203E+00  0.1093132E+00
   04  0.2510250E+03  0.4801269E+01  0.2578825E+01  0.1082043E+00  0.1087632E+00
   04  0.2525162E+03  0.4800710E+01  0.2576672E+01  0.1093917E+00  0.1082050E+00
   04  0.2540073E+03  0.4800144E+01  0.2574506E+01  0.1105819E+00  0.1076391E+00
   04  0.2554985E+03  0.4799571E+01  0.2572331E+01  0.1117742E+00  0.1070659E+00
   04  0.2569897E+03  0.4798991E+01  0.2570152E+01  0.1129679E+00  0.1064858E+00
   04  0.2584808E+03  0.4798405E+01  0.2567971E+01  0.1141622E+00  0.1058992E+00
   04  0.2599720E+03  0.4797812E+01  0.2565792E+01  0.1153561E+00  0.1053067E+00
   04  0.2614632E+03  0.4797214E+01  0.2563617E+01  0.1165488E+00  0.1047085E+00
   04  0.2629543E+03  0.4796610E+01  0.2561447E+01  0.1177386E+00  0.1041051E+00
   04  0.2644455E+03  0.4796002E+01  0.2559283E+01  0.1189244E+00  0.1034969E+00
   04  0.2659367E+03  0.4795390E+01  0.2557128E+01  0.1201059E+00  0.1028842E+00
   04  0.2674278E+03  0.4794773E+01  0.2554985E+01  0.1212822E+00  0.1022675E+00
   04  0.2689190E+03  0.4794152E+01  0.2552858E+01  0.1224531E+00  0.1016470E+00
   04  0.2704102E+03  0.4793528E+01  0.2550749E+01  0.1236179E+00  0.1010231E+00
   04  0.2719014E+03  0.4792902E+01  0.2548660E+01  0.1247762E+00  0.1003962E+00
   04  0.2733925E+03  0.4792272E+01  0.2546594E+01  0.1259275E+00  0.9976648E-01
   04  0.2748837E+03  0.4791640E+01  0.2544554E+01  0.1270716E+00  0.9913436E-01
   04  0.2763749E+03  0.4791005E+01  0.2542541E+01  0.1282078E+00  0.9850008E-01
   04  0.2778660E+03  0.4790369E+01  0.2540558E+01  0.1293359E+00  0.9786394E-01
   04  0.2793572E+03  0.4789732E+01  0.2538607E+01  0.1304554E+00  0.9722621E-01
   04  0.2808484E+03  0.4789092E+01  0.2536688E+01  0.1315657E+00  0.9658714E-01
   04  0.2823395E+03  0.4788452E+01  0.2534805E+01  0.1326662E+00  0.9594698E-01
   04  0.2838307E+03  0.4787811E+01  0.2532959E+01  0.1337561E+00  0.9530595E-01
   04  0.2853219E+03  0.4787170E+01  0.2531164E+01  0.1348359E+00  0.9466429E-01
   04  0.2868130E+03  0.4786528E+01  0.2529422E+01  0.1359054E+00  0.9402222E-01
   04  0.2883042E+03  0.4785885E+01  0.2527733E+01  0.1369646E+00  0.9337996E-01
   04  0.2897954E+03  0.4785243E+01  0.2526099E+01  0.1380137E+00  0.9273776E-01
   04  0.2912865E+03  0.4784601E+01  0.2524521E+01  0.1390527E+00  0.9209588E-01
   04  0.2927777E+03  0.4783960E+01  0.2523001E+01  0.1400817E+00  0.9145450E-01
   04  0.2942689E+03  0.4783319E+01  0.2521539E+01  0.1411009E+00  0.9081379E-01
   04  0.2957600E+03  0.4782679E+01  0.2520136E+01  0.1421105E+00  0.9017388E-01
   04  0.2972512E+03  0.4782040E+01  0.2518795E+01  0.1431108E+00  0.8953489E-01
   04  0.2987424E+03  0.4781402E+01  0.2517516E+01  0.1441019E+00  0.8889691E-01
   04  0.3002335E+03  0.4780765E+01  0.2516300E+01  0.1450843E+00  0.8826000E-01
   04  0.3017247E+03  0.4780130E+01  0.2515149E+01  0.1460583E+00  0.8762417E-01
   04  0.3032159E+03  0.4779495E+01  0.2514065E+01  0.1470244E+00  0.8698930E-01
   04  0.3047070E+03  0.4778861E+01  0.2513049E+01  0.1479829E+00  0.8635517E-01
   04  0.3061982E+03  0.4778227E+01  0.2512104E+01  0.1489345E+00  0.8572147E-01
   04  0.3076894E+03  0.4777593E+01  0.2511234E+01  0.1498799E+00  0.8508771E-01
   04  0.3091805E+03  0.4776958E+01  0.2510448E+01  0.1508196E+00  0.8445308E-01
   04  0.3106717E+03  0.4776325E+01  0.2509718E+01  0.1517544E+00  0.8382008E-01
   04  0.3121629E+03  0.4775695E+01  0.2509038E+01  0.1526847E+00  0.8318925E-01
   04  0.3136540E+03  0.4775066E+01  0.2508406E+01  0.1536111E+00  0.8256050E-01
   04  0.3151452E+03  0.4774439E+01  0.2507823E+01  0.1545345E+00  0.8193376E-01
   04  0.3165017E+03  0.4773871E+01  0.2507338E+01  0.1553706E+00  0.8136566E-01
   04  0.3178581E+03  0.4773304E+01  0.2506892E+01  0.1562053E+00  0.8079910E-01
   04  0.3192146E+03  0.4772739E+01  0.2506485E+01  0.1570391E+00  0.8023402E-01
   04  0.3205710E+03  0.4772176E+01  0.2506117E+01  0.1578725E+00  0.7967035E-01
   04  0.3219275E+03  0.4771613E+01  0.2505788E+01  0.1587062E+00  0.7910803E-01
   04  0.3232839E+03  0.4771052E+01  0.2505497E+01  0.1595406E+00  0.7854698E-01
   04  0.3246404E+03  0.4770492E+01  0.2505244E+01  0.1603767E+00  0.7798711E-01
   04  0.3259968E+03  0.4769934E+01  0.2505029E+01  0.1612154E+00  0.7742829E-01
   04  0.3273533E+03  0.4769376E+01  0.2504852E+01  0.1620578E+00  0.7687042E-01
   04  0.3287097E+03  0.4768819E+01  0.2504711E+01  0.1629048E+00  0.7631339E-01
   04  0.3300662E+03  0.4768262E+01  0.2504608E+01  0.1637575E+00  0.7575709E-01
   04  0.3314226E+03  0.4767707E+01  0.2504541E+01  0.1646168E+00  0.7520141E-01
   04  0.3327791E+03  0.4767152E+01  0.2504511E+01  0.1654836E+00  0.7464624E-01
   04  0.3341355E+03  0.4766597E+01  0.2504516E+01  0.1663588E+00  0.7409146E-01
   04  0.3354920E+03  0.4766042E+01  0.2504557E+01  0.1672433E+00  0.7353697E-01
   04  0.3368484E+03  0.4765488E+01  0.2504633E+01  0.1681378E+00  0.7298265E-01
   04  0.3382049E+03  0.4764934E+01  0.2504744E+01  0.1690433E+00  0.7242838E-01
   04  0.3395613E+03  0.4764379E+01  0.2504890E+01  0.1699606E+00  0.7187404E-01
   04  0.3409178E+03  0.4763825E+01  0.2505069E+01  0.1708905E+00  0.7131949E-01
   04  0.3422742E+03  0.4763270E+01  0.2505282E+01  0.1718337E+00  0.7076461E-01
   04  0.3436307E+03  0.4762715E+01  0.2505527E+01  0.1727911E+00  0.7020925E-01
   04  0.3449871E+03  0.4762159E+01  0.2505806E+01  0.1737634E+00  0.6965327E-01
   04  0.3463436E+03  0.4761602E+01  0.2506116E+01  0.1747514E+00  0.6909652E-01
   04  0.3477000E+03  0.4761044E+01  0.2506457E+01  0.1757559E+00  0.6853885E-01
   04  0.3490565E+03  0.4760485E+01  0.2506829E+01  0.1767775E+00  0.6798010E-01
   04  0.3504130E+03  0.4759925E+01  0.2507232E+01  0.1778170E+00  0.6742010E-01
   04  0.3517694E+03  0.4759364E+01  0.2507663E+01  0.1788752E+00  0.6685869E-01
   04  0.3531259E+03  0.4758801E+01  0.2508124E+01  0.1799527E+00  0.6629568E-01
   04  0.3544823E+03  0.4758236E+01  0.2508613E+01  0.1810503E+00  0.6573090E-01
   04  0.3558388E+03  0.4757670E+01  0.2509129E+01  0.1821687E+00  0.6516417E-01
   04  0.3574665E+03  0.4756986E+01  0.2509779E+01  0.1835432E+00  0.6448053E-01
   04  0.3590942E+03  0.4756299E+01  0.2510468E+01  0.1849500E+00  0.6379361E-01
   04  0.3607220E+03  0.4755609E+01  0.2511196E+01  0.1863902E+00  0.6310318E-01
   04  0.3623497E+03  0.4754914E+01  0.2511963E+01  0.1878650E+00  0.6240900E-01
   04  0.3639775E+03  0.4754216E+01  0.2512767E+01  0.1893756E+00  0.6171079E-01
   04  0.3656052E+03  0.4753514E+01  0.2513608E+01  0.1909230E+00  0.6100830E-01
   04  0.3672329E+03  0.4752807E+01  0.2514486E+01  0.1925083E+00  0.6030123E-01
   04  0.3688607E+03  0.4752095E+01  0.2515398E+01  0.1941328E+00  0.5958930E-01
   04  0.3704884E+03  0.4751378E+01  0.2516346E+01  0.1957973E+00  0.5887219E-01
   04  0.3721162E+03  0.4750655E+01  0.2517326E+01  0.1975031E+00  0.5814959E-01
   04  0.3737439E+03  0.4749936E+01  0.2518410E+01  0.1992513E+00  0.5743104E-01
   04  0.3753717E+03  0.4749223E+01  0.2519603E+01  0.2010447E+00  0.5671725E-01
   04  0.3769994E+03  0.4748512E+01  0.2520898E+01  0.2028862E+00  0.5600697E-01
   04  0.3786271E+03  0.4747804E+01  0.2522288E+01  0.2047785E+00  0.5529906E-01
   04  0.3802549E+03  0.4747098E+01  0.2523767E+01  0.2067241E+00  0.5459250E-01
   04  0.3818826E+03  0.4746392E+01  0.2525329E+01  0.2087253E+00  0.5388629E-01
   04  0.3835104E+03  0.4745685E+01  0.2526970E+01  0.2107841E+00  0.5317954E-01
   04  0.3851381E+03  0.4744977E+01  0.2528683E+01  0.2129027E+00  0.5247140E-01
   04  0.3867658E+03  0.4744266E+01  0.2530466E+01  0.2150831E+00  0.5176107E-01
   04  0.3883936E+03  0.4743553E+01  0.2532314E+01  0.2173275E+00  0.5104778E-01
   04  0.3900213E+03  0.4742836E+01  0.2534237E+01  0.2196395E+00  0.5033063E-01
   04  0.3916491E+03  0.4742114E+01  0.2536228E+01  0.2220205E+00  0.4960890E-01
   04  0.3932768E+03  0.4741387E+01  0.2538283E+01  0.2244718E+00  0.4888193E-01
   04  0.3949046E+03  0.4740654E+01  0.2540397E+01  0.2269947E+00  0.4814906E-01
   04  0.3965323E+03  0.4739915E+01  0.2542565E+01  0.2295904E+00  0.4740967E-01
   04  0.3981600E+03  0.4739168E+01  0.2544782E+01  0.2322601E+00  0.4666315E-01
   04  0.3997878E+03  0.4738414E+01  0.2547046E+01  0.2350052E+00  0.4590889E-01
   04  0.4014155E+03  0.4737652E+01  0.2549351E+01  0.2378269E+00  0.4514631E-01
   04  0.4030433E+03  0.4736880E+01  0.2551694E+01  0.2407264E+00  0.4437484E-01
   04  0.4046710E+03  0.4736099E+01  0.2554071E+01  0.2437048E+00  0.4359393E-01
   04  0.4062987E+03  0.4735308E+01  0.2556478E+01  0.2467632E+00  0.4280303E-01
   04  0.4079265E+03  0.4734507E+01  0.2558913E+01  0.2499029E+00  0.4200153E-01
   04  0.4095542E+03  0.4733694E+01  0.2561369E+01  0.2531250E+00  0.4118881E-01
   04  0.4111820E+03  0.4732870E+01  0.2563844E+01  0.2564307E+00  0.4036424E-01
   04  0.4128097E+03  0.4732033E+01  0.2566334E+01  0.2598210E+00  0.3952724E-01
   04  0.4144375E+03  0.4731183E+01  0.2568836E+01  0.2632971E+00  0.3867726E-01
   04  0.4160652E+03  0.4730319E+01  0.2571346E+01  0.2668601E+00  0.3781373E-01
   04  0.4176929E+03  0.4729441E+01  0.2573860E+01  0.2705112E+00  0.3693613E-01
   04  0.4193207E+03  0.4728549E+01  0.2576376E+01  0.2742516E+00  0.3604395E-01
   04  0.4209484E+03  0.4727642E+01  0.2578892E+01  0.2780823E+00  0.3513670E-01
   04  0.4225762E+03  0.4726719E+01  0.2581403E+01  0.2820048E+00  0.3421391E-01
   04  0.4242039E+03  0.4725780E+01  0.2583907E+01  0.2860201E+00  0.3327512E-01
   04  0.4258316E+03  0.4724825E+01  0.2586402E+01  0.2901294E+00  0.3231987E-01
   04  0.4274594E+03  0.4723853E+01  0.2588884E+01  0.2943340E+00  0.3134774E-01
   04  0.4290871E+03  0.4722864E+01  0.2591352E+01  0.2986351E+00  0.3035831E-01
   04  0.4307149E+03  0.4721857E+01  0.2593802E+01  0.3030340E+00  0.2935119E-01
   04  0.4323426E+03  0.4720831E+01  0.2596233E+01  0.3075320E+00  0.2832598E-01
   04  0.4339704E+03  0.4719785E+01  0.2598640E+01  0.3121030E+00  0.2727927E-01
   04  0.4355981E+03  0.4718716E+01  0.2601021E+01  0.3167434E+00  0.2621023E-01
   04  0.4372258E+03  0.4717624E+01  0.2603373E+01  0.3214536E+00  0.2511856E-01
   04  0.4388536E+03  0.4716509E+01  0.2605696E+01  0.3262343E+00  0.2400398E-01
   04  0.4404813E+03  0.4715372E+01  0.2607988E+01  0.3310858E+00  0.2286620E-01
   04  0.4421091E+03  0.4714210E+01  0.2610246E+01  0.3360088E+00  0.2170495E-01
   04  0.4437368E+03  0.4713025E+01  0.2612470E+01  0.3410037E+00  0.2051995E-01
   04  0.4453645E+03  0.4711816E+01  0.2614658E+01  0.3460711E+00  0.1931096E-01
   04  0.4469923E+03  0.4710583E+01  0.2616808E+01  0.3512114E+00  0.1807770E-01
   04  0.4486200E+03  0.4709325E+01  0.2618919E+01  0.3564253E+00  0.1681993E-01
   04  0.4502478E+03  0.4708043E+01  0.2620989E+01  0.3617131E+00  0.1553740E-01
   04  0.4518755E+03  0.4706735E+01  0.2623018E+01  0.3670754E+00  0.1422986E-01
   04  0.4535033E+03  0.4705402E+01  0.2625004E+01  0.3725126E+00  0.1289709E-01
   04  0.4551310E+03  0.4704044E+01  0.2626946E+01  0.3780253E+00  0.1153886E-01
   04  0.4567587E+03  0.4702660E+01  0.2628841E+01  0.3836140E+00  0.1015493E-01
   04  0.4583865E+03  0.4701250E+01  0.2630690E+01  0.3892790E+00  0.8745133E-02
   04  0.4600142E+03  0.4699815E+01  0.2632490E+01  0.3950209E+00  0.7309259E-02
   04  0.4616420E+03  0.4698356E+01  0.2634263E+01  0.4008403E+00  0.5850272E-02
   04  0.4632697E+03  0.4696873E+01  0.2636008E+01  0.4067380E+00  0.4368103E-02
   04  0.4648974E+03  0.4695368E+01  0.2637724E+01  0.4127151E+00  0.2862590E-02
   04  0.4665252E+03  0.4693839E+01  0.2639409E+01  0.4187725E+00  0.1333566E-02
   04  0.4681529E+03  0.4692286E+01  0.2641062E+01  0.4249110E+00 -0.2191365E-03
   04  0.4697807E+03  0.4690710E+01  0.2642682E+01  0.4311318E+00 -0.1795692E-02
   04  0.4714084E+03  0.4689109E+01  0.2644267E+01  0.4374355E+00 -0.3396276E-02
   04  0.4730362E+03  0.4687484E+01  0.2645816E+01  0.4438230E+00 -0.5021069E-02
   04  0.4746639E+03  0.4685835E+01  0.2647327E+01  0.4502953E+00 -0.6670255E-02
   04  0.4762916E+03  0.4684161E+01  0.2648798E+01  0.4568530E+00 -0.8344025E-02
   04  0.4779194E+03  0.4682463E+01  0.2650229E+01  0.4634970E+00 -0.1004257E-01
   04  0.4795471E+03  0.4680739E+01  0.2651616E+01  0.4702281E+00 -0.1176609E-01
   04  0.4811749E+03  0.4678990E+01  0.2652960E+01  0.4770468E+00 -0.1351500E-01
   04  0.4828026E+03  0.4677215E+01  0.2654259E+01  0.4839539E+00 -0.1529028E-01
   04  0.4844303E+03  0.4675413E+01  0.2655513E+01  0.4909501E+00 -0.1709210E-01
   04  0.4860581E+03  0.4673585E+01  0.2656717E+01  0.4980358E+00 -0.1892021E-01
   04  0.4876858E+03  0.4671731E+01  0.2657871E+01  0.5052118E+00 -0.2077476E-01
   04  0.4893136E+03  0.4669849E+01  0.2658972E+01  0.5124785E+00 -0.2265593E-01
   04  0.4909413E+03  0.4667941E+01  0.2660017E+01  0.5198364E+00 -0.2456389E-01
   04  0.4925691E+03  0.4666007E+01  0.2661006E+01  0.5272861E+00 -0.2649883E-01
   04  0.4941968E+03  0.4664044E+01  0.2661936E+01  0.5348278E+00 -0.2846093E-01
   04  0.4958245E+03  0.4662055E+01  0.2662804E+01  0.5424622E+00 -0.3045039E-01
   04  0.4974523E+03  0.4660038E+01  0.2663608E+01  0.5501894E+00 -0.3246744E-01
   04  0.4990800E+03  0.4657993E+01  0.2664347E+01  0.5580098E+00 -0.3451231E-01
   04  0.5007078E+03  0.4655920E+01  0.2665017E+01  0.5659237E+00 -0.3658526E-01
   04  0.5023355E+03  0.4653819E+01  0.2665616E+01  0.5739314E+00 -0.3868656E-01
   04  0.5039632E+03  0.4651689E+01  0.2666141E+01  0.5820331E+00 -0.4081646E-01
   04  0.5055910E+03  0.4649530E+01  0.2666591E+01  0.5902289E+00 -0.4297523E-01
   04  0.5072187E+03  0.4647342E+01  0.2666962E+01  0.5985189E+00 -0.4516315E-01
   04  0.5088465E+03  0.4645125E+01  0.2667252E+01  0.6069034E+00 -0.4738050E-01
   04  0.5104742E+03  0.4642878E+01  0.2667458E+01  0.6153823E+00 -0.4962756E-01
   04  0.5121020E+03  0.4640601E+01  0.2667578E+01  0.6239559E+00 -0.5190462E-01
   04  0.5137297E+03  0.4638293E+01  0.2667608E+01  0.6326244E+00 -0.5421194E-01
   04  0.5153574E+03  0.4635956E+01  0.2667547E+01  0.6413876E+00 -0.5654981E-01
   04  0.5169852E+03  0.4633587E+01  0.2667392E+01  0.6502455E+00 -0.5891849E-01
   04  0.5186129E+03  0.4631187E+01  0.2667139E+01  0.6591980E+00 -0.6131826E-01
   04  0.5202407E+03  0.4628756E+01  0.2666788E+01  0.6682450E+00 -0.6374938E-01
   04  0.5218684E+03  0.4626293E+01  0.2666336E+01  0.6773863E+00 -0.6621212E-01
   04  0.5234961E+03  0.4623799E+01  0.2665780E+01  0.6866216E+00 -0.6870672E-01
   04  0.5251239E+03  0.4621272E+01  0.2665118E+01  0.6959507E+00 -0.7123345E-01
   04  0.5267516E+03  0.4618713E+01  0.2664348E+01  0.7053732E+00 -0.7379257E-01
   04  0.5283794E+03  0.4616121E+01  0.2663469E+01  0.7148889E+00 -0.7638432E-01
   04  0.5300071E+03  0.4613496E+01  0.2662478E+01  0.7244974E+00 -0.7900896E-01
   04  0.5316349E+03  0.4610839E+01  0.2661374E+01  0.7341981E+00 -0.8166672E-01
   04  0.5332626E+03  0.4608148E+01  0.2660155E+01  0.7439907E+00 -0.8435784E-01
   04  0.5348903E+03  0.4605423E+01  0.2658819E+01  0.7538746E+00 -0.8708254E-01
   04  0.5365181E+03  0.4602664E+01  0.2657365E+01  0.7638493E+00 -0.8984105E-01
   04  0.5381458E+03  0.4599872E+01  0.2655790E+01  0.7739141E+00 -0.9263358E-01
   04  0.5397736E+03  0.4597045E+01  0.2654094E+01  0.7840685E+00 -0.9546033E-01
   04  0.5414013E+03  0.4594184E+01  0.2652275E+01  0.7943116E+00 -0.9832150E-01
   04  0.5430290E+03  0.4591288E+01  0.2650332E+01  0.8046428E+00 -0.1012173E+00
   04  0.5446568E+03  0.4588358E+01  0.2648263E+01  0.8150613E+00 -0.1041478E+00
   04  0.5462845E+03  0.4585392E+01  0.2646068E+01  0.8255662E+00 -0.1071133E+00
   04  0.5479123E+03  0.4582392E+01  0.2643745E+01  0.8361566E+00 -0.1101138E+00
   04  0.5495400E+03  0.4579355E+01  0.2641293E+01  0.8468267E+00 -0.1131502E+00
   04  0.5511678E+03  0.4576282E+01  0.2638711E+01  0.8575641E+00 -0.1162237E+00
   04  0.5527955E+03  0.4573171E+01  0.2635996E+01  0.8683669E+00 -0.1193345E+00
   04  0.5544232E+03  0.4570023E+01  0.2633150E+01  0.8792333E+00 -0.1224826E+00
   04  0.5560510E+03  0.4566837E+01  0.2630172E+01  0.8901614E+00 -0.1256683E+00
   04  0.5576787E+03  0.4563614E+01  0.2627061E+01  0.9011493E+00 -0.1288916E+00
   04  0.5593065E+03  0.4560353E+01  0.2623817E+01  0.9121951E+00 -0.1321525E+00
   04  0.5609342E+03  0.4557054E+01  0.2620441E+01  0.9232970E+00 -0.1354512E+00
   04  0.5625619E+03  0.4553718E+01  0.2616933E+01  0.9344530E+00 -0.1387876E+00
   04  0.5641897E+03  0.4550344E+01  0.2613292E+01  0.9456613E+00 -0.1421618E+00
   04  0.5658174E+03  0.4546932E+01  0.2609518E+01  0.9569199E+00 -0.1455738E+00
   04  0.5674452E+03  0.4543482E+01  0.2605613E+01  0.9682272E+00 -0.1490235E+00
   04  0.5690729E+03  0.4539994E+01  0.2601577E+01  0.9795810E+00 -0.1525110E+00
   04  0.5707007E+03  0.4536469E+01  0.2597410E+01  0.9909796E+00 -0.1560362E+00
   04  0.5723284E+03  0.4532906E+01  0.2593113E+01  0.1002421E+01 -0.1595990E+00
   04  0.5739561E+03  0.4529306E+01  0.2588687E+01  0.1013904E+01 -0.1631993E+00
   04  0.5755839E+03  0.4525668E+01  0.2584132E+01  0.1025425E+01 -0.1668370E+00
   04  0.5772116E+03  0.4521993E+01  0.2579450E+01  0.1036984E+01 -0.1705121E+00
   04  0.5788394E+03  0.4518281E+01  0.2574640E+01  0.1048579E+01 -0.1742244E+00
   04  0.5804671E+03  0.4514532E+01  0.2569705E+01  0.1060207E+01 -0.1779737E+00
   04  0.5820948E+03  0.4510745E+01  0.2564646E+01  0.1071867E+01 -0.1817600E+00
   04  0.5837226E+03  0.4506922E+01  0.2559463E+01  0.1083556E+01 -0.1855829E+00
   04  0.5853503E+03  0.4503063E+01  0.2554158E+01  0.1095274E+01 -0.1894424E+00
   04  0.5869781E+03  0.4499167E+01  0.2548732E+01  0.1107018E+01 -0.1933383E+00
   04  0.5886058E+03  0.4495235E+01  0.2543186E+01  0.1118785E+01 -0.1972703E+00
   04  0.5902336E+03  0.4491267E+01  0.2537522E+01  0.1130576E+01 -0.2012382E+00
   04  0.5918613E+03  0.4487264E+01  0.2531741E+01  0.1142386E+01 -0.2052418E+00
   04  0.5934890E+03  0.4483225E+01  0.2525844E+01  0.1154216E+01 -0.2092808E+00
   04  0.5951168E+03  0.4479150E+01  0.2519834E+01  0.1166062E+01 -0.2133550E+00
   04  0.5967445E+03  0.4475041E+01  0.2513710E+01  0.1177923E+01 -0.2174642E+00
   04  0.5983723E+03  0.4470897E+01  0.2507475E+01  0.1189796E+01 -0.2216081E+00
