# gauge_id= 501 location=( -0.1243000000E+03  0.4150000000E+02 ) num_var=  4
# Stationary gauge
# level, time, q[  1  2  3], eta, aux[]
# file format ascii, time series follow in this file
   03  0.0000000E+00  0.0000000E+00  0.0000000E+00  0.0000000E+00  0.7005609E+02
   03  0.1000000E+01  0.0000000E+00  0.0000000E+00  0.0000000E+00  0.7330341E+02
   03  0.1047619E+01  0.0000000E+00  0.0000000E+00  0.0000000E+00  0.7330341E+02
   03  0.1095238E+01  0.0000000E+00  0.0000000E+00  0.0000000E+00  0.7330341E+02
   03  0.1142857E+01  0.0000000E+00  0.0000000E+00  0.0000000E+00  0.7330341E+02
   03  0.1190476E+01  0.0000000E+00  0.0000000E+00  0.0000000E+00  0.7330341E+02
   03  0.1238095E+01  0.0000000E+00  0.0000000E+00  0.0000000E+00  0.7330341E+02
   03  0.1285714E+01  0.0000000E+00  0.0000000E+00  0.0000000E+00  0.7330341E+02
   03  0.1333333E+01  0.0000000E+00  0.0000000E+00  0.0000000E+00  0.7330341E+02
   03  0.1380952E+01  0.0000000E+00  0.0000000E+00  0.0000000E+00  0.7330341E+02
   03  0.1428571E+01  0.0000000E+00  0.0000000E+00  0.0000000E+00  0.7330341E+02
   03  0.1476190E+01  0.0000000E+00  0.0000000E+00  0.0000000E+00  0.7330341E+02
   03  0.1523810E+01  0.0000000E+00  0.0000000E+00  0.0000000E+00  0.7330341E+02
   03  0.1571429E+01  0.0000000E+00  0.0000000E+00  0.0000000E+00  0.7330341E+02
   03  0.1619048E+01  0.0000000E+00  0.0000000E+00  0.0000000E+00  0.7330341E+02
   03  0.1666667E+01  0.0000000E+00  0.0000000E+00  0.0000000E+00  0.7330341E+02
   03  0.1714286E+01  0.0000000E+00  0.0000000E+00  0.0000000E+00  0.7330341E+02
   03  0.1761905E+01  0.0000000E+00  0.0000000E+00  0.0000000E+00  0.7330341E+02
   03  0.1809524E+01  0.0000000E+00  0.0000000E+00  0.0000000E+00  0.7330341E+02
   03  0.1857143E+01  0.0000000E+00  0.0000000E+00  0.0000000E+00  0.7330341E+02
   03  0.1904762E+01  0.0000000E+00  0.0000000E+00  0.0000000E+00  0.7330341E+02
   03  0.1952381E+01  0.0000000E+00  0.0000000E+00  0.0000000E+00  0.7330341E+02
   03  0.2000000E+01  0.0000000E+00  0.0000000E+00  0.0000000E+00  0.7330341E+02
   03  0.1691168E+02  0.0000000E+00  0.0000000E+00  0.0000000E+00  0.7330341E+02
   03  0.3182335E+02  0.0000000E+00  0.0000000E+00  0.0000000E+00  0.7330341E+02
   03  0.4673503E+02  0.0000000E+00  0.0000000E+00  0.0000000E+00  0.7330341E+02
   03  0.6164671E+02  0.0000000E+00  0.0000000E+00  0.0000000E+00  0.7330341E+02
   03  0.7655838E+02  0.0000000E+00  0.0000000E+00  0.0000000E+00  0.7330341E+02
   03  0.9147006E+02  0.0000000E+00  0.0000000E+00  0.0000000E+00  0.8512207E+02
   03  0.1004171E+03  0.0000000E+00  0.0000000E+00  0.0000000E+00  0.8512207E+02
   03  0.1093641E+03  0.0000000E+00  0.0000000E+00  0.0000000E+00  0.8512207E+02
   03  0.1183111E+03  0.0000000E+00  0.0000000E+00  0.0000000E+00  0.8512207E+02
   03  0.1272581E+03  0.0000000E+00  0.0000000E+00  0.0000000E+00  0.8512207E+02
   03  0.1362051E+03  0.0000000E+00  0.0000000E+00  0.0000000E+00  0.8512207E+02
   03  0.1451521E+03  0.0000000E+00  0.0000000E+00  0.0000000E+00  0.8512207E+02
   03  0.1540991E+03  0.0000000E+00  0.0000000E+00  0.0000000E+00  0.8512207E+02
   03  0.1630461E+03  0.0000000E+00  0.0000000E+00  0.0000000E+00  0.8512207E+02
   03  0.1719931E+03  0.0000000E+00  0.0000000E+00  0.0000000E+00  0.8512207E+02
   03  0.1809401E+03  0.0000000E+00  0.0000000E+00  0.0000000E+00  0.8512207E+02
   03  0.1898871E+03  0.0000000E+00  0.0000000E+00  0.0000000E+00  0.8512207E+02
   03  0.1988341E+03  0.0000000E+00  0.0000000E+00  0.0000000E+00  0.8512207E+02
   03  0.2077811E+03  0.0000000E+00  0.0000000E+00  0.0000000E+00  0.8512207E+02
   03  0.2167281E+03  0.0000000E+00  0.0000000E+00  0.0000000E+00  0.8512207E+02
   03  0.2256752E+03  0.0000000E+00  0.0000000E+00  0.0000000E+00  0.8512207E+02
   03  0.2346222E+03  0.0000000E+00  0.0000000E+00  0.0000000E+00  0.8512207E+02
   03  0.2435692E+03  0.0000000E+00  0.0000000E+00  0.0000000E+00  0.8512207E+02
   03  0.2525162E+03  0.0000000E+00  0.0000000E+00  0.0000000E+00  0.8512207E+02
   03  0.2614632E+03  0.0000000E+00  0.0000000E+00  0.0000000E+00  0.8512207E+02
   03  0.2704102E+03  0.0000000E+00  0.0000000E+00  0.0000000E+00  0.8512207E+02
   03  0.2793572E+03  0.0000000E+00  0.0000000E+00  0.0000000E+00  0.8512207E+02
   03  0.2883042E+03  0.0000000E+00  0.0000000E+00  0.0000000E+00  0.8512207E+02
   03  0.2972512E+03  0.0000000E+00  0.0000000E+00  0.0000000E+00  0.8512207E+02
   03  0.3061982E+03  0.0000000E+00  0.0000000E+00  0.0000000E+00  0.8512207E+02
   03  0.3151452E+03  0.0000000E+00  0.0000000E+00  0.0000000E+00  0.8512207E+02
   03  0.3232839E+03  0.0000000E+00  0.0000000E+00  0.0000000E+00  0.8512207E+02
   03  0.3314226E+03  0.0000000E+00  0.0000000E+00  0.0000000E+00  0.8512207E+02
   03  0.3395613E+03  0.0000000E+00  0.0000000E+00  0.0000000E+00  0.8512207E+02
   03  0.3477000E+03  0.0000000E+00  0.0000000E+00  0.0000000E+00  0.8512207E+02
   03  0.3558388E+03  0.0000000E+00  0.0000000E+00  0.0000000E+00  0.8512207E+02
   03  0.3639775E+03  0.0000000E+00  0.0000000E+00  0.0000000E+00  0.8512207E+02
   03  0.3721162E+03  0.0000000E+00  0.0000000E+00  0.0000000E+00  0.8512207E+02
   03  0.3802549E+03  0.0000000E+00  0.0000000E+00  0.0000000E+00  0.8512207E+02
   03  0.3883936E+03  0.0000000E+00  0.0000000E+00  0.0000000E+00  0.8512207E+02
   03  0.3965323E+03  0.0000000E+00  0.0000000E+00  0.0000000E+00  0.8512207E+02
   03  0.4046710E+03  0.0000000E+00  0.0000000E+00  0.0000000E+00  0.8512207E+02
   03  0.4128097E+03  0.0000000E+00  0.0000000E+00  0.0000000E+00  0.8512207E+02
   03  0.4209484E+03  0.0000000E+00  0.0000000E+00  0.0000000E+00  0.8512207E+02
   03  0.4290871E+03  0.0000000E+00  0.0000000E+00  0.0000000E+00  0.8512207E+02
   03  0.4372258E+03  0.0000000E+00  0.0000000E+00  0.0000000E+00  0.8512207E+02
   03  0.4453645E+03  0.0000000E+00  0.0000000E+00  0.0000000E+00  0.8512207E+02
   03  0.4535033E+03  0.0000000E+00  0.0000000E+00  0.0000000E+00  0.8512207E+02
   03  0.4616420E+03  0.0000000E+00  0.0000000E+00  0.0000000E+00  0.8512207E+02
   03  0.4697807E+03  0.0000000E+00  0.0000000E+00  0.0000000E+00  0.8512207E+02
   03  0.4779194E+03  0.0000000E+00  0.0000000E+00  0.0000000E+00  0.8512207E+02
   03  0.4860581E+03  0.0000000E+00  0.0000000E+00  0.0000000E+00  0.8512207E+02
   03  0.4941968E+03  0.0000000E+00  0.0000000E+00  0.0000000E+00  0.8512207E+02
   03  0.5023355E+03  0.0000000E+00  0.0000000E+00  0.0000000E+00  0.8512207E+02
   03  0.5104742E+03  0.0000000E+00  0.0000000E+00  0.0000000E+00  0.8512207E+02
   03  0.5186129E+03  0.0000000E+00  0.0000000E+00  0.0000000E+00  0.8512207E+02
   03  0.5267516E+03  0.0000000E+00  0.0000000E+00  0.0000000E+00  0.8512207E+02
   03  0.5348903E+03  0.0000000E+00  0.0000000E+00  0.0000000E+00  0.8512207E+02
   03  0.5430290E+03  0.0000000E+00  0.0000000E+00  0.0000000E+00  0.8512207E+02
   03  0.5511678E+03  0.0000000E+00  0.0000000E+00  0.0000000E+00  0.8512207E+02
   03  0.5593065E+03  0.0000000E+00  0.0000000E+00  0.0000000E+00  0.8512207E+02
   03  0.5674452E+03  0.0000000E+00  0.0000000E+00  0.0000000E+00  0.8512207E+02
   03  0.5755839E+03  0.0000000E+00  0.0000000E+00  0.0000000E+00  0.8512207E+02
   03  0.5837226E+03  0.0000000E+00  0.0000000E+00  0.0000000E+00  0.8512207E+02
   03  0.5918613E+03  0.0000000E+00  0.0000000E+00  0.0000000E+00  0.8512207E+02
