# gauge_id= 506 location=( -0.1253000000E+03  0.4150000000E+02 ) num_var=  4
# Stationary gauge
# level, time, q[  1  2  3], eta, aux[]
# file format ascii, time series follow in this file
   02  0.0000000E+00  0.3126981E+04  0.0000000E+00  0.0000000E+00  0.0000000E+00
   02  0.1000000E+01  0.3126981E+04 -0.2358721E-13  0.5426062E-14  0.6587343E-01
   02  0.1142857E+01  0.3126982E+04 -0.4777117E-01 -0.7089167E-02  0.6620639E-01
   02  0.1285714E+01  0.3126982E+04 -0.9556446E-01 -0.1425478E-01  0.6653933E-01
   02  0.1428571E+01  0.3126982E+04 -0.1433813E+00 -0.2149661E-01  0.6687225E-01
   02  0.1571429E+01  0.3126983E+04 -0.1912235E+00 -0.2881445E-01  0.6720518E-01
   02  0.1714286E+01  0.3126983E+04 -0.2390933E+00 -0.3620810E-01  0.6753812E-01
   02  0.1857143E+01  0.3126983E+04 -0.2869936E+00 -0.4367737E-01  0.6787109E-01
   02  0.2000000E+01  0.3126984E+04 -0.3349278E+00 -0.5122209E-01  0.6820412E-01
   02  0.4673503E+02  0.3127098E+04 -0.1673077E+02 -0.5578466E+01  0.1826105E+00
   03  0.9147006E+02  0.3144917E+04 -0.4182303E+02 -0.1581132E+02  0.3221833E+00
   03  0.1004171E+03  0.3144927E+04 -0.4330193E+02 -0.1917382E+02  0.3323304E+00
   03  0.1093641E+03  0.3144937E+04 -0.4455769E+02 -0.2172914E+02  0.3421872E+00
   03  0.1183111E+03  0.3144946E+04 -0.4583945E+02 -0.2367385E+02  0.3510993E+00
   03  0.1272581E+03  0.3144954E+04 -0.4733239E+02 -0.2524401E+02  0.3595593E+00
   03  0.1362051E+03  0.3144963E+04 -0.4921022E+02 -0.2669016E+02  0.3689230E+00
   03  0.1451521E+03  0.3144973E+04 -0.5132946E+02 -0.2813104E+02  0.3787788E+00
   03  0.1540991E+03  0.3144981E+04 -0.5322842E+02 -0.2952764E+02  0.3869707E+00
   03  0.1630461E+03  0.3144987E+04 -0.5462641E+02 -0.3081230E+02  0.3922690E+00
   03  0.1719931E+03  0.3144988E+04 -0.5540565E+02 -0.3194977E+02  0.3940924E+00
   04  0.1809401E+03  0.3145532E+04 -0.5579278E+02 -0.3312468E+02  0.3937071E+00
   04  0.1824313E+03  0.3145531E+04 -0.5578211E+02 -0.3323591E+02  0.3928098E+00
   04  0.1839225E+03  0.3145530E+04 -0.5575016E+02 -0.3331691E+02  0.3921283E+00
   04  0.1854136E+03  0.3145529E+04 -0.5570894E+02 -0.3337467E+02  0.3916051E+00
   04  0.1869048E+03  0.3145529E+04 -0.5566557E+02 -0.3341942E+02  0.3911457E+00
   04  0.1883960E+03  0.3145529E+04 -0.5562432E+02 -0.3345558E+02  0.3907284E+00
   04  0.1898871E+03  0.3145528E+04 -0.5558523E+02 -0.3348520E+02  0.3903220E+00
   04  0.1913783E+03  0.3145528E+04 -0.5554109E+02 -0.3351130E+02  0.3898420E+00
   04  0.1928695E+03  0.3145527E+04 -0.5547783E+02 -0.3353909E+02  0.3891443E+00
   04  0.1943606E+03  0.3145526E+04 -0.5537960E+02 -0.3357735E+02  0.3880968E+00
   04  0.1958518E+03  0.3145525E+04 -0.5523665E+02 -0.3363974E+02  0.3866884E+00
   04  0.1973430E+03  0.3145523E+04 -0.5505375E+02 -0.3373970E+02  0.3850552E+00
   04  0.1988341E+03  0.3145521E+04 -0.5484851E+02 -0.3388835E+02  0.3834369E+00
   04  0.2003253E+03  0.3145520E+04 -0.5464391E+02 -0.3408671E+02  0.3820464E+00
   04  0.2018165E+03  0.3145519E+04 -0.5445668E+02 -0.3432628E+02  0.3809807E+00
   04  0.2033076E+03  0.3145518E+04 -0.5429130E+02 -0.3459262E+02  0.3802042E+00
   04  0.2047988E+03  0.3145517E+04 -0.5413697E+02 -0.3486507E+02  0.3795661E+00
   04  0.2062900E+03  0.3145517E+04 -0.5397172E+02 -0.3512317E+02  0.3788610E+00
   04  0.2077811E+03  0.3145516E+04 -0.5376516E+02 -0.3535170E+02  0.3778956E+00
   04  0.2092723E+03  0.3145514E+04 -0.5348686E+02 -0.3554490E+02  0.3765076E+00
   04  0.2107635E+03  0.3145512E+04 -0.5311900E+02 -0.3570629E+02  0.3746020E+00
   04  0.2122546E+03  0.3145510E+04 -0.5266803E+02 -0.3584462E+02  0.3722149E+00
   04  0.2137458E+03  0.3145507E+04 -0.5216903E+02 -0.3596978E+02  0.3695334E+00
   04  0.2152370E+03  0.3145505E+04 -0.5167298E+02 -0.3609007E+02  0.3668304E+00
   04  0.2167281E+03  0.3145502E+04 -0.5122308E+02 -0.3621283E+02  0.3643414E+00
   04  0.2182193E+03  0.3145500E+04 -0.5083570E+02 -0.3634323E+02  0.3621707E+00
   04  0.2197105E+03  0.3145498E+04 -0.5049457E+02 -0.3648521E+02  0.3602682E+00
   04  0.2212017E+03  0.3145496E+04 -0.5015915E+02 -0.3664009E+02  0.3584704E+00
   04  0.2226928E+03  0.3145494E+04 -0.4977681E+02 -0.3680654E+02  0.3565395E+00
   04  0.2241840E+03  0.3145492E+04 -0.4929371E+02 -0.3698151E+02  0.3541976E+00
   04  0.2256752E+03  0.3145489E+04 -0.4866693E+02 -0.3716432E+02  0.3511760E+00
   04  0.2271663E+03  0.3145485E+04 -0.4788138E+02 -0.3735386E+02  0.3473418E+00
   04  0.2286575E+03  0.3145481E+04 -0.4696349E+02 -0.3754818E+02  0.3427905E+00
   04  0.2301487E+03  0.3145476E+04 -0.4597766E+02 -0.3774411E+02  0.3378395E+00
   04  0.2316398E+03  0.3145471E+04 -0.4500257E+02 -0.3793764E+02  0.3329003E+00
   04  0.2331310E+03  0.3145466E+04 -0.4409918E+02 -0.3812586E+02  0.3282954E+00
   04  0.2346222E+03  0.3145462E+04 -0.4328924E+02 -0.3830769E+02  0.3241387E+00
   04  0.2361133E+03  0.3145458E+04 -0.4255383E+02 -0.3848395E+02  0.3203287E+00
   04  0.2376045E+03  0.3145454E+04 -0.4184716E+02 -0.3865659E+02  0.3166239E+00
   04  0.2390957E+03  0.3145451E+04 -0.4111538E+02 -0.3882758E+02  0.3127451E+00
   04  0.2405868E+03  0.3145446E+04 -0.4031507E+02 -0.3899771E+02  0.3084742E+00
   04  0.2420780E+03  0.3145442E+04 -0.3942973E+02 -0.3916525E+02  0.3037449E+00
   04  0.2435692E+03  0.3145437E+04 -0.3847965E+02 -0.3932507E+02  0.2986975E+00
   04  0.2450603E+03  0.3145432E+04 -0.3751776E+02 -0.3946865E+02  0.2936540E+00
   04  0.2465515E+03  0.3145427E+04 -0.3660956E+02 -0.3958580E+02  0.2890011E+00
   04  0.2480427E+03  0.3145423E+04 -0.3580667E+02 -0.3966767E+02  0.2850357E+00
   04  0.2495338E+03  0.3145420E+04 -0.3512854E+02 -0.3970966E+02  0.2818576E+00
   04  0.2510250E+03  0.3145417E+04 -0.3456095E+02 -0.3971304E+02  0.2793580E+00
   04  0.2525162E+03  0.3145415E+04 -0.3406820E+02 -0.3968470E+02  0.2772890E+00
   04  0.2540073E+03  0.3145413E+04 -0.3360976E+02 -0.3963546E+02  0.2753636E+00
   04  0.2554985E+03  0.3145411E+04 -0.3315541E+02 -0.3957770E+02  0.2733523E+00
   04  0.2569897E+03  0.3145409E+04 -0.3269676E+02 -0.3952263E+02  0.2711625E+00
   04  0.2584808E+03  0.3145407E+04 -0.3225244E+02 -0.3947788E+02  0.2688810E+00
   04  0.2599720E+03  0.3145405E+04 -0.3186210E+02 -0.3944617E+02  0.2667462E+00
   04  0.2614632E+03  0.3145403E+04 -0.3156879E+02 -0.3942591E+02  0.2650462E+00
   04  0.2629543E+03  0.3145402E+04 -0.3139887E+02 -0.3941295E+02  0.2639935E+00
   04  0.2644455E+03  0.3145401E+04 -0.3135130E+02 -0.3940226E+02  0.2636496E+00
   04  0.2659367E+03  0.3145402E+04 -0.3140144E+02 -0.3938852E+02  0.2639325E+00
   04  0.2674278E+03  0.3145403E+04 -0.3151385E+02 -0.3936595E+02  0.2646810E+00
   04  0.2689190E+03  0.3145404E+04 -0.3165438E+02 -0.3932817E+02  0.2657203E+00
   04  0.2704102E+03  0.3145405E+04 -0.3179648E+02 -0.3926869E+02  0.2668995E+00
   04  0.2719014E+03  0.3145406E+04 -0.3192342E+02 -0.3918182E+02  0.2681079E+00
   04  0.2733925E+03  0.3145407E+04 -0.3202986E+02 -0.3906346E+02  0.2692893E+00
   04  0.2748837E+03  0.3145408E+04 -0.3212174E+02 -0.3891211E+02  0.2704459E+00
   04  0.2763749E+03  0.3145409E+04 -0.3221211E+02 -0.3873082E+02  0.2716179E+00
   04  0.2778660E+03  0.3145411E+04 -0.3231451E+02 -0.3852914E+02  0.2728520E+00
   04  0.2793572E+03  0.3145412E+04 -0.3243752E+02 -0.3832316E+02  0.2741784E+00
   04  0.2808484E+03  0.3145413E+04 -0.3258312E+02 -0.3813286E+02  0.2756070E+00
   04  0.2823395E+03  0.3145415E+04 -0.3274803E+02 -0.3797768E+02  0.2771382E+00
   04  0.2838307E+03  0.3145417E+04 -0.3292648E+02 -0.3787220E+02  0.2787747E+00
   04  0.2853219E+03  0.3145418E+04 -0.3311246E+02 -0.3782359E+02  0.2805246E+00
   04  0.2868130E+03  0.3145420E+04 -0.3330172E+02 -0.3783118E+02  0.2823997E+00
   04  0.2883042E+03  0.3145422E+04 -0.3349007E+02 -0.3788816E+02  0.2843996E+00
   04  0.2897954E+03  0.3145424E+04 -0.3367421E+02 -0.3798437E+02  0.2865100E+00
   04  0.2912865E+03  0.3145427E+04 -0.3385300E+02 -0.3810864E+02  0.2887163E+00
   04  0.2927777E+03  0.3145429E+04 -0.3402690E+02 -0.3824973E+02  0.2910044E+00
   04  0.2942689E+03  0.3145431E+04 -0.3419411E+02 -0.3839756E+02  0.2933514E+00
   04  0.2957600E+03  0.3145434E+04 -0.3435282E+02 -0.3854416E+02  0.2957384E+00
   04  0.2972512E+03  0.3145436E+04 -0.3450183E+02 -0.3868366E+02  0.2981581E+00
   04  0.2987424E+03  0.3145438E+04 -0.3464157E+02 -0.3881151E+02  0.3006176E+00
   04  0.3002335E+03  0.3145441E+04 -0.3477336E+02 -0.3892401E+02  0.3031318E+00
   04  0.3017247E+03  0.3145444E+04 -0.3489943E+02 -0.3901804E+02  0.3057193E+00
   04  0.3032159E+03  0.3145446E+04 -0.3502287E+02 -0.3909085E+02  0.3083964E+00
   04  0.3047070E+03  0.3145449E+04 -0.3514567E+02 -0.3914023E+02  0.3111648E+00
   04  0.3061982E+03  0.3145452E+04 -0.3526927E+02 -0.3916472E+02  0.3140129E+00
   04  0.3076894E+03  0.3145455E+04 -0.3539464E+02 -0.3916389E+02  0.3169188E+00
   04  0.3091805E+03  0.3145458E+04 -0.3552288E+02 -0.3913866E+02  0.3198568E+00
   04  0.3106717E+03  0.3145461E+04 -0.3565538E+02 -0.3909140E+02  0.3228030E+00
   04  0.3121629E+03  0.3145464E+04 -0.3579346E+02 -0.3902586E+02  0.3257369E+00
   04  0.3136540E+03  0.3145466E+04 -0.3593783E+02 -0.3894676E+02  0.3286430E+00
   04  0.3151452E+03  0.3145469E+04 -0.3608861E+02 -0.3885926E+02  0.3315108E+00
   04  0.3165017E+03  0.3145472E+04 -0.3623054E+02 -0.3877672E+02  0.3340795E+00
   04  0.3178581E+03  0.3145474E+04 -0.3637623E+02 -0.3869425E+02  0.3366093E+00
   04  0.3192146E+03  0.3145477E+04 -0.3652501E+02 -0.3861386E+02  0.3391023E+00
   04  0.3205710E+03  0.3145479E+04 -0.3667629E+02 -0.3853614E+02  0.3415613E+00
   04  0.3219275E+03  0.3145482E+04 -0.3682927E+02 -0.3846017E+02  0.3439867E+00
   04  0.3232839E+03  0.3145484E+04 -0.3698269E+02 -0.3838373E+02  0.3463734E+00
   04  0.3246404E+03  0.3145487E+04 -0.3713461E+02 -0.3830364E+02  0.3487088E+00
   04  0.3259968E+03  0.3145489E+04 -0.3728257E+02 -0.3821618E+02  0.3509737E+00
   04  0.3273533E+03  0.3145491E+04 -0.3742385E+02 -0.3811751E+02  0.3531456E+00
   04  0.3287097E+03  0.3145493E+04 -0.3755585E+02 -0.3800409E+02  0.3552025E+00
   04  0.3300662E+03  0.3145495E+04 -0.3767723E+02 -0.3787285E+02  0.3571301E+00
   04  0.3314226E+03  0.3145497E+04 -0.3778830E+02 -0.3772122E+02  0.3589262E+00
   04  0.3327791E+03  0.3145498E+04 -0.3789009E+02 -0.3754743E+02  0.3605960E+00
   04  0.3341355E+03  0.3145500E+04 -0.3798436E+02 -0.3735064E+02  0.3621525E+00
   04  0.3354920E+03  0.3145501E+04 -0.3807345E+02 -0.3713097E+02  0.3636152E+00
   04  0.3368484E+03  0.3145503E+04 -0.3816139E+02 -0.3688918E+02  0.3650147E+00
   04  0.3382049E+03  0.3145504E+04 -0.3825254E+02 -0.3662663E+02  0.3663858E+00
   04  0.3395613E+03  0.3145506E+04 -0.3835226E+02 -0.3634507E+02  0.3677697E+00
   04  0.3409178E+03  0.3145507E+04 -0.3846662E+02 -0.3604657E+02  0.3692106E+00
   04  0.3422742E+03  0.3145509E+04 -0.3860181E+02 -0.3573348E+02  0.3707513E+00
   04  0.3436307E+03  0.3145510E+04 -0.3875892E+02 -0.3540796E+02  0.3724066E+00
   04  0.3449871E+03  0.3145512E+04 -0.3893443E+02 -0.3507221E+02  0.3741621E+00
   04  0.3463436E+03  0.3145514E+04 -0.3912074E+02 -0.3472875E+02  0.3759799E+00
   04  0.3477000E+03  0.3145516E+04 -0.3931256E+02 -0.3438085E+02  0.3778323E+00
   04  0.3490565E+03  0.3145518E+04 -0.3950630E+02 -0.3403274E+02  0.3797001E+00
   04  0.3504130E+03  0.3145519E+04 -0.3969844E+02 -0.3368835E+02  0.3815650E+00
   04  0.3517694E+03  0.3145521E+04 -0.3988767E+02 -0.3335029E+02  0.3834189E+00
   04  0.3531259E+03  0.3145523E+04 -0.4007460E+02 -0.3301954E+02  0.3852642E+00
   04  0.3544823E+03  0.3145525E+04 -0.4026131E+02 -0.3269572E+02  0.3871095E+00
   04  0.3558388E+03  0.3145527E+04 -0.4045041E+02 -0.3237741E+02  0.3889646E+00
   04  0.3574665E+03  0.3145529E+04 -0.4068399E+02 -0.3199933E+02  0.3912172E+00
   04  0.3590942E+03  0.3145531E+04 -0.4092873E+02 -0.3162208E+02  0.3935126E+00
   04  0.3607220E+03  0.3145534E+04 -0.4118933E+02 -0.3124054E+02  0.3958729E+00
   04  0.3623497E+03  0.3145536E+04 -0.4147066E+02 -0.3084975E+02  0.3983255E+00
   04  0.3639775E+03  0.3145539E+04 -0.4177695E+02 -0.3044535E+02  0.4008982E+00
   04  0.3656052E+03  0.3145541E+04 -0.4211043E+02 -0.3002393E+02  0.4036119E+00
   04  0.3672329E+03  0.3145544E+04 -0.4247040E+02 -0.2958334E+02  0.4064732E+00
   04  0.3688607E+03  0.3145547E+04 -0.4285313E+02 -0.2912387E+02  0.4094728E+00
   04  0.3704884E+03  0.3145550E+04 -0.4325128E+02 -0.2864748E+02  0.4125801E+00
   04  0.3721162E+03  0.3145554E+04 -0.4365675E+02 -0.2815665E+02  0.4157556E+00
   04  0.3737439E+03  0.3145557E+04 -0.4406396E+02 -0.2765552E+02  0.4189740E+00
   04  0.3753717E+03  0.3145560E+04 -0.4446978E+02 -0.2714880E+02  0.4222228E+00
   04  0.3769994E+03  0.3145563E+04 -0.4487367E+02 -0.2664040E+02  0.4254990E+00
   04  0.3786271E+03  0.3145567E+04 -0.4527717E+02 -0.2613332E+02  0.4288109E+00
   04  0.3802549E+03  0.3145570E+04 -0.4568307E+02 -0.2562903E+02  0.4321726E+00
   04  0.3818826E+03  0.3145573E+04 -0.4609516E+02 -0.2512845E+02  0.4356069E+00
   04  0.3835104E+03  0.3145577E+04 -0.4651732E+02 -0.2463243E+02  0.4391449E+00
   04  0.3851381E+03  0.3145581E+04 -0.4695283E+02 -0.2414048E+02  0.4428142E+00
   04  0.3867658E+03  0.3145584E+04 -0.4740409E+02 -0.2365113E+02  0.4466364E+00
   04  0.3883936E+03  0.3145588E+04 -0.4787241E+02 -0.2316242E+02  0.4506249E+00
   04  0.3900213E+03  0.3145593E+04 -0.4835757E+02 -0.2267253E+02  0.4547848E+00
   04  0.3916491E+03  0.3145597E+04 -0.4885756E+02 -0.2218094E+02  0.4591130E+00
   04  0.3932768E+03  0.3145601E+04 -0.4936924E+02 -0.2168748E+02  0.4635928E+00
   04  0.3949046E+03  0.3145606E+04 -0.4988850E+02 -0.2119261E+02  0.4681966E+00
   04  0.3965323E+03  0.3145611E+04 -0.5041060E+02 -0.2069691E+02  0.4728884E+00
   04  0.3981600E+03  0.3145615E+04 -0.5093041E+02 -0.2020124E+02  0.4776278E+00
   04  0.3997878E+03  0.3145620E+04 -0.5144289E+02 -0.1970638E+02  0.4823737E+00
   04  0.4014155E+03  0.3145625E+04 -0.5194349E+02 -0.1921297E+02  0.4870858E+00
   04  0.4030433E+03  0.3145630E+04 -0.5242843E+02 -0.1872138E+02  0.4917269E+00
   04  0.4046710E+03  0.3145634E+04 -0.5289482E+02 -0.1823144E+02  0.4962664E+00
   04  0.4062987E+03  0.3145639E+04 -0.5334094E+02 -0.1774269E+02  0.5006827E+00
   04  0.4079265E+03  0.3145643E+04 -0.5376658E+02 -0.1725459E+02  0.5049645E+00
   04  0.4095542E+03  0.3145647E+04 -0.5417295E+02 -0.1676695E+02  0.5091111E+00
   04  0.4111820E+03  0.3145651E+04 -0.5456228E+02 -0.1628027E+02  0.5131309E+00
   04  0.4128097E+03  0.3145655E+04 -0.5493719E+02 -0.1579583E+02  0.5170391E+00
   04  0.4144375E+03  0.3145659E+04 -0.5530018E+02 -0.1531569E+02  0.5208553E+00
   04  0.4160652E+03  0.3145662E+04 -0.5565337E+02 -0.1484268E+02  0.5246007E+00
   04  0.4176929E+03  0.3145666E+04 -0.5599838E+02 -0.1438015E+02  0.5282970E+00
   04  0.4193207E+03  0.3145670E+04 -0.5633629E+02 -0.1393172E+02  0.5319661E+00
   04  0.4209484E+03  0.3145673E+04 -0.5666778E+02 -0.1350101E+02  0.5356297E+00
   04  0.4225762E+03  0.3145677E+04 -0.5699328E+02 -0.1309124E+02  0.5393089E+00
   04  0.4242039E+03  0.3145681E+04 -0.5731313E+02 -0.1270503E+02  0.5430225E+00
   04  0.4258316E+03  0.3145685E+04 -0.5762757E+02 -0.1234398E+02  0.5467852E+00
   04  0.4274594E+03  0.3145688E+04 -0.5793670E+02 -0.1200846E+02  0.5506053E+00
   04  0.4290871E+03  0.3145692E+04 -0.5824053E+02 -0.1169736E+02  0.5544830E+00
   04  0.4307149E+03  0.3145696E+04 -0.5853898E+02 -0.1140817E+02  0.5584105E+00
   04  0.4323426E+03  0.3145700E+04 -0.5883206E+02 -0.1113720E+02  0.5623732E+00
   04  0.4339704E+03  0.3145704E+04 -0.5911999E+02 -0.1088005E+02  0.5663514E+00
   04  0.4355981E+03  0.3145708E+04 -0.5940324E+02 -0.1063206E+02  0.5703241E+00
   04  0.4372258E+03  0.3145712E+04 -0.5968250E+02 -0.1038876E+02  0.5742705E+00
   04  0.4388536E+03  0.3145716E+04 -0.5995859E+02 -0.1014614E+02  0.5781726E+00
   04  0.4404813E+03  0.3145720E+04 -0.6023244E+02 -0.9900783E+01  0.5820164E+00
   04  0.4421091E+03  0.3145724E+04 -0.6050502E+02 -0.9649998E+01  0.5857933E+00
   04  0.4437368E+03  0.3145727E+04 -0.6077739E+02 -0.9391831E+01  0.5894999E+00
   04  0.4453645E+03  0.3145731E+04 -0.6105062E+02 -0.9125157E+01  0.5931384E+00
   04  0.4469923E+03  0.3145735E+04 -0.6132578E+02 -0.8849700E+01  0.5967151E+00
   04  0.4486200E+03  0.3145738E+04 -0.6160373E+02 -0.8565983E+01  0.6002391E+00
   04  0.4502478E+03  0.3145742E+04 -0.6188512E+02 -0.8275263E+01  0.6037217E+00
   04  0.4518755E+03  0.3145745E+04 -0.6217042E+02 -0.7979473E+01  0.6071755E+00
   04  0.4535033E+03  0.3145748E+04 -0.6246000E+02 -0.7681148E+01  0.6106143E+00
   04  0.4551310E+03  0.3145752E+04 -0.6275428E+02 -0.7383298E+01  0.6140533E+00
   04  0.4567587E+03  0.3145755E+04 -0.6305372E+02 -0.7089190E+01  0.6175086E+00
   04  0.4583865E+03  0.3145759E+04 -0.6335878E+02 -0.6802054E+01  0.6209965E+00
   04  0.4600142E+03  0.3145762E+04 -0.6366988E+02 -0.6524744E+01  0.6245326E+00
   04  0.4616420E+03  0.3145766E+04 -0.6398729E+02 -0.6259431E+01  0.6281307E+00
   04  0.4632697E+03  0.3145770E+04 -0.6431111E+02 -0.6007362E+01  0.6318019E+00
   04  0.4648974E+03  0.3145773E+04 -0.6464122E+02 -0.5768723E+01  0.6355533E+00
   04  0.4665252E+03  0.3145777E+04 -0.6497735E+02 -0.5542618E+01  0.6393873E+00
   04  0.4681529E+03  0.3145781E+04 -0.6531913E+02 -0.5327162E+01  0.6433014E+00
   04  0.4697807E+03  0.3145785E+04 -0.6566611E+02 -0.5119693E+01  0.6472878E+00
   04  0.4714084E+03  0.3145789E+04 -0.6601772E+02 -0.4917076E+01  0.6513345E+00
   04  0.4730362E+03  0.3145793E+04 -0.6637325E+02 -0.4716063E+01  0.6554253E+00
   04  0.4746639E+03  0.3145797E+04 -0.6673177E+02 -0.4513684E+01  0.6595417E+00
   04  0.4762916E+03  0.3145802E+04 -0.6709215E+02 -0.4307590E+01  0.6636644E+00
   04  0.4779194E+03  0.3145806E+04 -0.6745304E+02 -0.4096311E+01  0.6677755E+00
   04  0.4795471E+03  0.3145810E+04 -0.6781294E+02 -0.3879371E+01  0.6718607E+00
   04  0.4811749E+03  0.3145814E+04 -0.6817031E+02 -0.3657272E+01  0.6759105E+00
   04  0.4828026E+03  0.3145818E+04 -0.6852363E+02 -0.3431376E+01  0.6799214E+00
   04  0.4844303E+03  0.3145822E+04 -0.6887151E+02 -0.3203748E+01  0.6838959E+00
   04  0.4860581E+03  0.3145826E+04 -0.6921275E+02 -0.2976998E+01  0.6878426E+00
   04  0.4876858E+03  0.3145830E+04 -0.6954645E+02 -0.2754088E+01  0.6917744E+00
   04  0.4893136E+03  0.3145834E+04 -0.6987201E+02 -0.2538065E+01  0.6957075E+00
   04  0.4909413E+03  0.3145838E+04 -0.7018929E+02 -0.2331910E+01  0.6996600E+00
   04  0.4925691E+03  0.3145841E+04 -0.7049857E+02 -0.2138390E+01  0.7036505E+00
   04  0.4941968E+03  0.3145846E+04 -0.7080048E+02 -0.1959828E+01  0.7076950E+00
   04  0.4958245E+03  0.3145850E+04 -0.7109577E+02 -0.1797878E+01  0.7118048E+00
   04  0.4974523E+03  0.3145854E+04 -0.7138520E+02 -0.1653418E+01  0.7159853E+00
   04  0.4990800E+03  0.3145858E+04 -0.7166960E+02 -0.1526508E+01  0.7202358E+00
   04  0.5007078E+03  0.3145862E+04 -0.7194982E+02 -0.1416428E+01  0.7245509E+00
   04  0.5023355E+03  0.3145867E+04 -0.7222676E+02 -0.1321784E+01  0.7289212E+00
   04  0.5039632E+03  0.3145871E+04 -0.7250132E+02 -0.1240644E+01  0.7333360E+00
   04  0.5055910E+03  0.3145876E+04 -0.7277443E+02 -0.1170676E+01  0.7377844E+00
   04  0.5072187E+03  0.3145880E+04 -0.7304708E+02 -0.1109288E+01  0.7422581E+00
   04  0.5088465E+03  0.3145885E+04 -0.7332035E+02 -0.1053751E+01  0.7467513E+00
   04  0.5104742E+03  0.3145889E+04 -0.7359538E+02 -0.1001339E+01  0.7512622E+00
   04  0.5121020E+03  0.3145894E+04 -0.7387335E+02 -0.9494555E+00  0.7557913E+00
   04  0.5137297E+03  0.3145898E+04 -0.7415526E+02 -0.8957353E+00  0.7603404E+00
   04  0.5153574E+03  0.3145903E+04 -0.7444184E+02 -0.8382029E+00  0.7649108E+00
   04  0.5169852E+03  0.3145907E+04 -0.7473344E+02 -0.7754249E+00  0.7695013E+00
   04  0.5186129E+03  0.3145912E+04 -0.7502982E+02 -0.7066036E+00  0.7741067E+00
   04  0.5202407E+03  0.3145917E+04 -0.7533027E+02 -0.6316870E+00  0.7787176E+00
   04  0.5218684E+03  0.3145921E+04 -0.7563361E+02 -0.5514406E+00  0.7833203E+00
   04  0.5234961E+03  0.3145926E+04 -0.7593823E+02 -0.4673629E+00  0.7878976E+00
   04  0.5251239E+03  0.3145930E+04 -0.7624234E+02 -0.3814660E+00  0.7924302E+00
   04  0.5267516E+03  0.3145935E+04 -0.7654417E+02 -0.2959994E+00  0.7968987E+00
   04  0.5283794E+03  0.3145939E+04 -0.7684212E+02 -0.2131173E+00  0.8012848E+00
   04  0.5300071E+03  0.3145943E+04 -0.7713489E+02 -0.1344899E+00  0.8055728E+00
   04  0.5316349E+03  0.3145948E+04 -0.7742179E+02 -0.6106256E-01  0.8097512E+00
   04  0.5332626E+03  0.3145952E+04 -0.7770241E+02  0.7174707E-02  0.8138115E+00
   04  0.5348903E+03  0.3145956E+04 -0.7797716E+02  0.7119980E-01  0.8177503E+00
   04  0.5365181E+03  0.3145959E+04 -0.7824699E+02  0.1329012E+00  0.8215680E+00
   04  0.5381458E+03  0.3145963E+04 -0.7851268E+02  0.1949544E+00  0.8252651E+00
   04  0.5397736E+03  0.3145967E+04 -0.7877533E+02  0.2604647E+00  0.8288453E+00
   04  0.5414013E+03  0.3145970E+04 -0.7903572E+02  0.3327718E+00  0.8323109E+00
   04  0.5430290E+03  0.3145974E+04 -0.7929432E+02  0.4152979E+00  0.8356627E+00
   04  0.5446568E+03  0.3145977E+04 -0.7955114E+02  0.5111558E+00  0.8389019E+00
   04  0.5462845E+03  0.3145980E+04 -0.7980563E+02  0.6227352E+00  0.8420290E+00
   04  0.5479123E+03  0.3145983E+04 -0.8005735E+02  0.7513744E+00  0.8450466E+00
   04  0.5495400E+03  0.3145986E+04 -0.8030617E+02  0.8971102E+00  0.8479605E+00
   04  0.5511678E+03  0.3145989E+04 -0.8055133E+02  0.1058607E+01  0.8507757E+00
   04  0.5527955E+03  0.3145991E+04 -0.8079222E+02  0.1233220E+01  0.8535006E+00
   04  0.5544232E+03  0.3145994E+04 -0.8102828E+02  0.1417251E+01  0.8561452E+00
   04  0.5560510E+03  0.3145997E+04 -0.8125890E+02  0.1606245E+01  0.8587206E+00
   04  0.5576787E+03  0.3145999E+04 -0.8148373E+02  0.1795213E+01  0.8612405E+00
   04  0.5593065E+03  0.3146002E+04 -0.8170265E+02  0.1978886E+01  0.8637213E+00
   04  0.5609342E+03  0.3146004E+04 -0.8191554E+02  0.2151881E+01  0.8661808E+00
   04  0.5625619E+03  0.3146006E+04 -0.8212258E+02  0.2308872E+01  0.8686407E+00
   04  0.5641897E+03  0.3146009E+04 -0.8232440E+02  0.2444824E+01  0.8711260E+00
   04  0.5658174E+03  0.3146012E+04 -0.8252169E+02  0.2555164E+01  0.8736630E+00
   04  0.5674452E+03  0.3146014E+04 -0.8271505E+02  0.2635918E+01  0.8762770E+00
   04  0.5690729E+03  0.3146017E+04 -0.8290486E+02  0.2683812E+01  0.8789921E+00
   04  0.5707007E+03  0.3146020E+04 -0.8309172E+02  0.2696415E+01  0.8818304E+00
   04  0.5723284E+03  0.3146023E+04 -0.8327658E+02  0.2672276E+01  0.8848122E+00
   04  0.5739561E+03  0.3146026E+04 -0.8346068E+02  0.2611018E+01  0.8879540E+00
   04  0.5755839E+03  0.3146029E+04 -0.8364537E+02  0.2513383E+01  0.8912677E+00
   04  0.5772116E+03  0.3146033E+04 -0.8383207E+02  0.2381077E+01  0.8947601E+00
   04  0.5788394E+03  0.3146036E+04 -0.8402210E+02  0.2216436E+01  0.8984329E+00
   04  0.5804671E+03  0.3146040E+04 -0.8421663E+02  0.2022058E+01  0.9022839E+00
   04  0.5820948E+03  0.3146044E+04 -0.8441630E+02  0.1800329E+01  0.9063071E+00
   04  0.5837226E+03  0.3146048E+04 -0.8462190E+02  0.1553154E+01  0.9104991E+00
   04  0.5853503E+03  0.3146053E+04 -0.8483399E+02  0.1281669E+01  0.9148586E+00
   04  0.5869781E+03  0.3146057E+04 -0.8505288E+02  0.9860640E+00  0.9193881E+00
   04  0.5886058E+03  0.3146062E+04 -0.8527867E+02  0.6655326E+00  0.9240952E+00
   04  0.5902336E+03  0.3146067E+04 -0.8551124E+02  0.3183329E+00  0.9289917E+00
   04  0.5918613E+03  0.3146072E+04 -0.8575021E+02 -0.5805374E-01  0.9340933E+00
   04  0.5934890E+03  0.3146077E+04 -0.8599491E+02 -0.4666760E+00  0.9394175E+00
   04  0.5951168E+03  0.3146083E+04 -0.8624434E+02 -0.9107788E+00  0.9449817E+00
   04  0.5967445E+03  0.3146089E+04 -0.8649718E+02 -0.1393395E+01  0.9508001E+00
   04  0.5983723E+03  0.3146095E+04 -0.8675178E+02 -0.1916883E+01  0.9568807E+00
