# gauge_id= 515 location=( -0.1251000000E+03  0.4170000000E+02 ) num_var=  4
# Stationary gauge
# level, time, q[  1  2  3], eta, aux[]
# file format ascii, time series follow in this file
   02  0.0000000E+00  0.1974486E+04  0.0000000E+00  0.0000000E+00  0.0000000E+00
   02  0.1000000E+01  0.1974486E+04 -0.2753501E-13  0.1109535E-12  0.1138628E+01
   02  0.1142857E+01  0.1974485E+04 -0.1507447E+00 -0.6390934E-01  0.1137870E+01
   02  0.1285714E+01  0.1974484E+04 -0.3010380E+00 -0.1277926E+00  0.1137113E+01
   02  0.1428571E+01  0.1974483E+04 -0.4508808E+00 -0.1916499E+00  0.1136355E+01
   02  0.1571429E+01  0.1974483E+04 -0.6002741E+00 -0.2554811E+00  0.1135598E+01
   02  0.1714286E+01  0.1974482E+04 -0.7492188E+00 -0.3192863E+00  0.1134840E+01
   02  0.1857143E+01  0.1974481E+04 -0.8977160E+00 -0.3830655E+00  0.1134082E+01
   02  0.2000000E+01  0.1974480E+04 -0.1045782E+01 -0.4468187E+00  0.1133325E+01
   02  0.4673503E+02  0.1974247E+04 -0.4729615E+02 -0.1978938E+02  0.9004240E+00
   03  0.9147006E+02  0.1874660E+04 -0.4998653E+02 -0.3763807E+02  0.6864462E+00
   03  0.1004171E+03  0.1874639E+04 -0.5018845E+02 -0.4118020E+02  0.6656457E+00
   03  0.1093641E+03  0.1874612E+04 -0.5177837E+02 -0.4473274E+02  0.6387002E+00
   03  0.1183111E+03  0.1874577E+04 -0.5393507E+02 -0.4802963E+02  0.6035867E+00
   03  0.1272581E+03  0.1874534E+04 -0.5520265E+02 -0.5087386E+02  0.5604260E+00
   03  0.1362051E+03  0.1874484E+04 -0.5453349E+02 -0.5318496E+02  0.5108756E+00
   03  0.1451521E+03  0.1874432E+04 -0.5169584E+02 -0.5501298E+02  0.4586170E+00
   03  0.1540991E+03  0.1874382E+04 -0.4714893E+02 -0.5651331E+02  0.4084753E+00
   03  0.1630461E+03  0.1874339E+04 -0.4170238E+02 -0.5783552E+02  0.3652599E+00
   03  0.1719931E+03  0.1874305E+04 -0.3615840E+02 -0.5914049E+02  0.3318884E+00
   04  0.1809401E+03  0.1815954E+04 -0.3036501E+02 -0.5777724E+02  0.2993316E+00
   04  0.1824313E+03  0.1815952E+04 -0.2910136E+02 -0.5809386E+02  0.2967421E+00
   04  0.1839225E+03  0.1815950E+04 -0.2803816E+02 -0.5843347E+02  0.2949040E+00
   04  0.1854136E+03  0.1815948E+04 -0.2718758E+02 -0.5872775E+02  0.2934903E+00
   04  0.1869048E+03  0.1815947E+04 -0.2651277E+02 -0.5896866E+02  0.2920981E+00
   04  0.1883960E+03  0.1815945E+04 -0.2597351E+02 -0.5916159E+02  0.2906345E+00
   04  0.1898871E+03  0.1815944E+04 -0.2553080E+02 -0.5931036E+02  0.2891926E+00
   04  0.1913783E+03  0.1815943E+04 -0.2514317E+02 -0.5942752E+02  0.2878588E+00
   04  0.1928695E+03  0.1815942E+04 -0.2476187E+02 -0.5952125E+02  0.2867190E+00
   04  0.1943606E+03  0.1815941E+04 -0.2433549E+02 -0.5960025E+02  0.2858279E+00
   04  0.1958518E+03  0.1815940E+04 -0.2382418E+02 -0.5967256E+02  0.2851863E+00
   04  0.1973430E+03  0.1815940E+04 -0.2321561E+02 -0.5974941E+02  0.2846965E+00
   04  0.1988341E+03  0.1815939E+04 -0.2253004E+02 -0.5984461E+02  0.2842071E+00
   04  0.2003253E+03  0.1815938E+04 -0.2180817E+02 -0.5997388E+02  0.2836257E+00
   04  0.2018165E+03  0.1815938E+04 -0.2109571E+02 -0.6015235E+02  0.2829777E+00
   04  0.2033076E+03  0.1815937E+04 -0.2043096E+02 -0.6038851E+02  0.2823869E+00
   04  0.2047988E+03  0.1815937E+04 -0.1983939E+02 -0.6067379E+02  0.2819901E+00
   04  0.2062900E+03  0.1815937E+04 -0.1933317E+02 -0.6098168E+02  0.2818739E+00
   04  0.2077811E+03  0.1815937E+04 -0.1891323E+02 -0.6128520E+02  0.2819945E+00
   04  0.2092723E+03  0.1815937E+04 -0.1856856E+02 -0.6155981E+02  0.2822297E+00
   04  0.2107635E+03  0.1815937E+04 -0.1827636E+02 -0.6179370E+02  0.2824770E+00
   04  0.2122546E+03  0.1815937E+04 -0.1800663E+02 -0.6198279E+02  0.2826553E+00
   04  0.2137458E+03  0.1815938E+04 -0.1772670E+02 -0.6212948E+02  0.2827159E+00
   04  0.2152370E+03  0.1815937E+04 -0.1740784E+02 -0.6223701E+02  0.2826075E+00
   04  0.2167281E+03  0.1815937E+04 -0.1702997E+02 -0.6230773E+02  0.2822421E+00
   04  0.2182193E+03  0.1815936E+04 -0.1658307E+02 -0.6234354E+02  0.2814814E+00
   04  0.2197105E+03  0.1815935E+04 -0.1607078E+02 -0.6234957E+02  0.2801506E+00
   04  0.2212017E+03  0.1815933E+04 -0.1550957E+02 -0.6233060E+02  0.2780867E+00
   04  0.2226928E+03  0.1815930E+04 -0.1492331E+02 -0.6229412E+02  0.2752567E+00
   04  0.2241840E+03  0.1815927E+04 -0.1433751E+02 -0.6224636E+02  0.2718172E+00
   04  0.2256752E+03  0.1815923E+04 -0.1377840E+02 -0.6219258E+02  0.2680776E+00
   04  0.2271663E+03  0.1815919E+04 -0.1327084E+02 -0.6214041E+02  0.2644178E+00
   04  0.2286575E+03  0.1815916E+04 -0.1283368E+02 -0.6209496E+02  0.2611544E+00
   04  0.2301487E+03  0.1815913E+04 -0.1247631E+02 -0.6206072E+02  0.2584695E+00
   04  0.2316398E+03  0.1815911E+04 -0.1219611E+02 -0.6204192E+02  0.2564013E+00
   04  0.2331310E+03  0.1815910E+04 -0.1198115E+02 -0.6204246E+02  0.2548635E+00
   04  0.2346222E+03  0.1815908E+04 -0.1181517E+02 -0.6206612E+02  0.2536833E+00
   04  0.2361133E+03  0.1815907E+04 -0.1168278E+02 -0.6211711E+02  0.2526486E+00
   04  0.2376045E+03  0.1815906E+04 -0.1157211E+02 -0.6219875E+02  0.2515400E+00
   04  0.2390957E+03  0.1815905E+04 -0.1147384E+02 -0.6231306E+02  0.2501534E+00
   04  0.2405868E+03  0.1815903E+04 -0.1137715E+02 -0.6245873E+02  0.2483076E+00
   04  0.2420780E+03  0.1815901E+04 -0.1126703E+02 -0.6262939E+02  0.2458704E+00
   04  0.2435692E+03  0.1815898E+04 -0.1112353E+02 -0.6281326E+02  0.2427689E+00
   04  0.2450603E+03  0.1815894E+04 -0.1092362E+02 -0.6299520E+02  0.2389922E+00
   04  0.2465515E+03  0.1815889E+04 -0.1064919E+02 -0.6315975E+02  0.2346086E+00
   04  0.2480427E+03  0.1815885E+04 -0.1029438E+02 -0.6329468E+02  0.2297818E+00
   04  0.2495338E+03  0.1815880E+04 -0.9869624E+01 -0.6339406E+02  0.2247608E+00
   04  0.2510250E+03  0.1815875E+04 -0.9400678E+01 -0.6345856E+02  0.2198316E+00
   04  0.2525162E+03  0.1815870E+04 -0.8918926E+01 -0.6349496E+02  0.2152820E+00
   04  0.2540073E+03  0.1815866E+04 -0.8452935E+01 -0.6351324E+02  0.2113286E+00
   04  0.2554985E+03  0.1815863E+04 -0.8024862E+01 -0.6352329E+02  0.2080559E+00
   04  0.2569897E+03  0.1815860E+04 -0.7646586E+01 -0.6353332E+02  0.2054198E+00
   04  0.2584808E+03  0.1815858E+04 -0.7320158E+01 -0.6354952E+02  0.2032839E+00
   04  0.2599720E+03  0.1815856E+04 -0.7040920E+01 -0.6357639E+02  0.2014635E+00
   04  0.2614632E+03  0.1815855E+04 -0.6800904E+01 -0.6361729E+02  0.1997636E+00
   04  0.2629543E+03  0.1815853E+04 -0.6590741E+01 -0.6367525E+02  0.1980074E+00
   04  0.2644455E+03  0.1815851E+04 -0.6399564E+01 -0.6375309E+02  0.1960484E+00
   04  0.2659367E+03  0.1815849E+04 -0.6215079E+01 -0.6385279E+02  0.1937671E+00
   04  0.2674278E+03  0.1815846E+04 -0.6022626E+01 -0.6397501E+02  0.1910711E+00
   04  0.2689190E+03  0.1815843E+04 -0.5804819E+01 -0.6411834E+02  0.1878984E+00
   04  0.2704102E+03  0.1815839E+04 -0.5542898E+01 -0.6427998E+02  0.1842291E+00
   04  0.2719014E+03  0.1815835E+04 -0.5220156E+01 -0.6445502E+02  0.1800870E+00
   04  0.2733925E+03  0.1815830E+04 -0.4825994E+01 -0.6463592E+02  0.1755404E+00
   04  0.2748837E+03  0.1815826E+04 -0.4359681E+01 -0.6481458E+02  0.1707112E+00
   04  0.2763749E+03  0.1815821E+04 -0.3831632E+01 -0.6498384E+02  0.1657714E+00
   04  0.2778660E+03  0.1815816E+04 -0.3262044E+01 -0.6513926E+02  0.1609281E+00
   04  0.2793572E+03  0.1815811E+04 -0.2677213E+01 -0.6527761E+02  0.1563827E+00
   04  0.2808484E+03  0.1815807E+04 -0.2104363E+01 -0.6539743E+02  0.1523035E+00
   04  0.2823395E+03  0.1815804E+04 -0.1565748E+01 -0.6549897E+02  0.1488037E+00
   04  0.2838307E+03  0.1815801E+04 -0.1077771E+01 -0.6558314E+02  0.1459428E+00
   04  0.2853219E+03  0.1815799E+04 -0.6528740E+00 -0.6565053E+02  0.1437501E+00
   04  0.2868130E+03  0.1815797E+04 -0.2998003E+00 -0.6569989E+02  0.1422279E+00
   04  0.2883042E+03  0.1815796E+04 -0.2185361E-01 -0.6572943E+02  0.1413256E+00
   04  0.2897954E+03  0.1815796E+04  0.1867679E+00 -0.6573846E+02  0.1409309E+00
   04  0.2912865E+03  0.1815796E+04  0.3402836E+00 -0.6572764E+02  0.1408998E+00
   04  0.2927777E+03  0.1815796E+04  0.4553244E+00 -0.6570046E+02  0.1411043E+00
   04  0.2942689E+03  0.1815796E+04  0.5475478E+00 -0.6565902E+02  0.1414725E+00
   04  0.2957600E+03  0.1815797E+04  0.6183556E+00 -0.6560631E+02  0.1420509E+00
   04  0.2972512E+03  0.1815798E+04  0.6689571E+00 -0.6554554E+02  0.1428993E+00
   04  0.2987424E+03  0.1815799E+04  0.7044447E+00 -0.6547958E+02  0.1440500E+00
   04  0.3002335E+03  0.1815800E+04  0.7321810E+00 -0.6541165E+02  0.1455169E+00
   04  0.3017247E+03  0.1815802E+04  0.7592279E+00 -0.6534075E+02  0.1473000E+00
   04  0.3032159E+03  0.1815804E+04  0.7917086E+00 -0.6526645E+02  0.1493919E+00
   04  0.3047070E+03  0.1815807E+04  0.8340309E+00 -0.6518749E+02  0.1517694E+00
   04  0.3061982E+03  0.1815809E+04  0.8877847E+00 -0.6510467E+02  0.1543841E+00
   04  0.3076894E+03  0.1815812E+04  0.9538345E+00 -0.6501745E+02  0.1571934E+00
   04  0.3091805E+03  0.1815815E+04  0.1033345E+01 -0.6492436E+02  0.1601713E+00
   04  0.3106717E+03  0.1815818E+04  0.1126945E+01 -0.6482554E+02  0.1632879E+00
   04  0.3121629E+03  0.1815821E+04  0.1234874E+01 -0.6472228E+02  0.1665303E+00
   04  0.3136540E+03  0.1815825E+04  0.1356879E+01 -0.6461670E+02  0.1698985E+00
   04  0.3151452E+03  0.1815828E+04  0.1492330E+01 -0.6451054E+02  0.1733943E+00
   04  0.3165017E+03  0.1815831E+04  0.1625655E+01 -0.6441518E+02  0.1766897E+00
   04  0.3178581E+03  0.1815835E+04  0.1767185E+01 -0.6432330E+02  0.1801066E+00
   04  0.3192146E+03  0.1815838E+04  0.1915039E+01 -0.6423650E+02  0.1836525E+00
   04  0.3205710E+03  0.1815842E+04  0.2067265E+01 -0.6415570E+02  0.1873354E+00
   04  0.3219275E+03  0.1815846E+04  0.2222159E+01 -0.6408129E+02  0.1911645E+00
   04  0.3232839E+03  0.1815850E+04  0.2378350E+01 -0.6401292E+02  0.1951501E+00
   04  0.3246404E+03  0.1815854E+04  0.2534792E+01 -0.6394922E+02  0.1993019E+00
   04  0.3259968E+03  0.1815858E+04  0.2690452E+01 -0.6388763E+02  0.2036274E+00
   04  0.3273533E+03  0.1815863E+04  0.2843961E+01 -0.6382442E+02  0.2081295E+00
   04  0.3287097E+03  0.1815868E+04  0.2993533E+01 -0.6375476E+02  0.2128036E+00
   04  0.3300662E+03  0.1815872E+04  0.3136760E+01 -0.6367310E+02  0.2176391E+00
   04  0.3314226E+03  0.1815877E+04  0.3270690E+01 -0.6357364E+02  0.2226201E+00
   04  0.3327791E+03  0.1815883E+04  0.3392073E+01 -0.6345092E+02  0.2277274E+00
   04  0.3341355E+03  0.1815888E+04  0.3497786E+01 -0.6330046E+02  0.2329407E+00
   04  0.3354920E+03  0.1815893E+04  0.3585343E+01 -0.6311937E+02  0.2382439E+00
   04  0.3368484E+03  0.1815898E+04  0.3652644E+01 -0.6290682E+02  0.2436222E+00
   04  0.3382049E+03  0.1815904E+04  0.3698150E+01 -0.6266410E+02  0.2490588E+00
   04  0.3395613E+03  0.1815909E+04  0.3721097E+01 -0.6239466E+02  0.2545323E+00
   04  0.3409178E+03  0.1815915E+04  0.3722027E+01 -0.6210399E+02  0.2600166E+00
   04  0.3422742E+03  0.1815920E+04  0.3703389E+01 -0.6179902E+02  0.2654862E+00
   04  0.3436307E+03  0.1815926E+04  0.3668821E+01 -0.6148732E+02  0.2709154E+00
   04  0.3449871E+03  0.1815931E+04  0.3622450E+01 -0.6117640E+02  0.2762752E+00
   04  0.3463436E+03  0.1815936E+04  0.3568225E+01 -0.6087278E+02  0.2815365E+00
   04  0.3477000E+03  0.1815941E+04  0.3509477E+01 -0.6058134E+02  0.2866732E+00
   04  0.3490565E+03  0.1815946E+04  0.3447559E+01 -0.6030515E+02  0.2916567E+00
   04  0.3504130E+03  0.1815951E+04  0.3382316E+01 -0.6004544E+02  0.2964606E+00
   04  0.3517694E+03  0.1815956E+04  0.3313681E+01 -0.5980172E+02  0.3010755E+00
   04  0.3531259E+03  0.1815960E+04  0.3239159E+01 -0.5957197E+02  0.3054890E+00
   04  0.3544823E+03  0.1815965E+04  0.3157659E+01 -0.5935319E+02  0.3097062E+00
   04  0.3558388E+03  0.1815969E+04  0.3068646E+01 -0.5914201E+02  0.3137393E+00
   04  0.3574665E+03  0.1815973E+04  0.2955442E+01 -0.5889433E+02  0.3183748E+00
   04  0.3590942E+03  0.1815978E+04  0.2831365E+01 -0.5864956E+02  0.3227937E+00
   04  0.3607220E+03  0.1815982E+04  0.2692430E+01 -0.5840526E+02  0.3269962E+00
   04  0.3623497E+03  0.1815986E+04  0.2537572E+01 -0.5816044E+02  0.3310038E+00
   04  0.3639775E+03  0.1815990E+04  0.2369344E+01 -0.5791523E+02  0.3348635E+00
   04  0.3656052E+03  0.1815993E+04  0.2192256E+01 -0.5767069E+02  0.3386385E+00
   04  0.3672329E+03  0.1815997E+04  0.2011244E+01 -0.5742880E+02  0.3423903E+00
   04  0.3688607E+03  0.1816001E+04  0.1829134E+01 -0.5719207E+02  0.3461702E+00
   04  0.3704884E+03  0.1816005E+04  0.1646316E+01 -0.5696310E+02  0.3500081E+00
   04  0.3721162E+03  0.1816009E+04  0.1461181E+01 -0.5674410E+02  0.3539109E+00
   04  0.3737439E+03  0.1816013E+04  0.1271066E+01 -0.5653657E+02  0.3578678E+00
   04  0.3753717E+03  0.1816017E+04  0.1073396E+01 -0.5634117E+02  0.3618567E+00
   04  0.3769994E+03  0.1816021E+04  0.8665406E+00 -0.5615781E+02  0.3658507E+00
   04  0.3786271E+03  0.1816025E+04  0.6502570E+00 -0.5598588E+02  0.3698264E+00
   04  0.3802549E+03  0.1816029E+04  0.4257579E+00 -0.5582471E+02  0.3737707E+00
   04  0.3818826E+03  0.1816032E+04  0.1956797E+00 -0.5567397E+02  0.3776842E+00
   04  0.3835104E+03  0.1816036E+04 -0.3603812E-01 -0.5553439E+02  0.3815856E+00
   04  0.3851381E+03  0.1816040E+04 -0.2649930E+00 -0.5540801E+02  0.3855061E+00
   04  0.3867658E+03  0.1816044E+04 -0.4872813E+00 -0.5529774E+02  0.3894810E+00
   04  0.3883936E+03  0.1816048E+04 -0.6990272E+00 -0.5520699E+02  0.3935475E+00
   04  0.3900213E+03  0.1816053E+04 -0.8976092E+00 -0.5513959E+02  0.3977359E+00
   04  0.3916491E+03  0.1816057E+04 -0.1084283E+01 -0.5509930E+02  0.4020500E+00
   04  0.3932768E+03  0.1816061E+04 -0.1260748E+01 -0.5508962E+02  0.4064817E+00
   04  0.3949046E+03  0.1816066E+04 -0.1427203E+01 -0.5511320E+02  0.4110240E+00
   04  0.3965323E+03  0.1816070E+04 -0.1583794E+01 -0.5517118E+02  0.4156590E+00
   04  0.3981600E+03  0.1816075E+04 -0.1731905E+01 -0.5526276E+02  0.4203514E+00
   04  0.3997878E+03  0.1816080E+04 -0.1872293E+01 -0.5538502E+02  0.4250685E+00
   04  0.4014155E+03  0.1816085E+04 -0.2004478E+01 -0.5553329E+02  0.4297787E+00
   04  0.4030433E+03  0.1816089E+04 -0.2125840E+01 -0.5570091E+02  0.4344668E+00
   04  0.4046710E+03  0.1816094E+04 -0.2236635E+01 -0.5587968E+02  0.4391013E+00
   04  0.4062987E+03  0.1816098E+04 -0.2337398E+01 -0.5606118E+02  0.4436535E+00
   04  0.4079265E+03  0.1816103E+04 -0.2428306E+01 -0.5623790E+02  0.4481076E+00
   04  0.4095542E+03  0.1816107E+04 -0.2508388E+01 -0.5640402E+02  0.4524691E+00
   04  0.4111820E+03  0.1816112E+04 -0.2576281E+01 -0.5655558E+02  0.4567599E+00
   04  0.4128097E+03  0.1816116E+04 -0.2631088E+01 -0.5669057E+02  0.4610104E+00
   04  0.4144375E+03  0.1816120E+04 -0.2672794E+01 -0.5680881E+02  0.4652533E+00
   04  0.4160652E+03  0.1816124E+04 -0.2702449E+01 -0.5691182E+02  0.4695176E+00
   04  0.4176929E+03  0.1816129E+04 -0.2722045E+01 -0.5700256E+02  0.4738251E+00
   04  0.4193207E+03  0.1816133E+04 -0.2734192E+01 -0.5708509E+02  0.4781891E+00
   04  0.4209484E+03  0.1816137E+04 -0.2741671E+01 -0.5716410E+02  0.4826133E+00
   04  0.4225762E+03  0.1816142E+04 -0.2747055E+01 -0.5724432E+02  0.4870936E+00
   04  0.4242039E+03  0.1816146E+04 -0.2752368E+01 -0.5732994E+02  0.4916193E+00
   04  0.4258316E+03  0.1816151E+04 -0.2758828E+01 -0.5742399E+02  0.4961745E+00
   04  0.4274594E+03  0.1816156E+04 -0.2766703E+01 -0.5752791E+02  0.5007409E+00
   04  0.4290871E+03  0.1816160E+04 -0.2775346E+01 -0.5764128E+02  0.5052979E+00
   04  0.4307149E+03  0.1816165E+04 -0.2783428E+01 -0.5776177E+02  0.5098237E+00
   04  0.4323426E+03  0.1816169E+04 -0.2789382E+01 -0.5788541E+02  0.5142949E+00
   04  0.4339704E+03  0.1816173E+04 -0.2791858E+01 -0.5800690E+02  0.5186863E+00
   04  0.4355981E+03  0.1816178E+04 -0.2790085E+01 -0.5812009E+02  0.5229729E+00
   04  0.4372258E+03  0.1816182E+04 -0.2783977E+01 -0.5821858E+02  0.5271366E+00
   04  0.4388536E+03  0.1816186E+04 -0.2774775E+01 -0.5829596E+02  0.5311615E+00
   04  0.4404813E+03  0.1816190E+04 -0.2765637E+01 -0.5834346E+02  0.5350113E+00
   04  0.4421091E+03  0.1816193E+04 -0.2760117E+01 -0.5835009E+02  0.5386259E+00
   04  0.4437368E+03  0.1816197E+04 -0.2758611E+01 -0.5830724E+02  0.5419643E+00
   04  0.4453645E+03  0.1816200E+04 -0.2756921E+01 -0.5821167E+02  0.5450254E+00
   04  0.4469923E+03  0.1816203E+04 -0.2749192E+01 -0.5806823E+02  0.5478651E+00
   04  0.4486200E+03  0.1816205E+04 -0.2731738E+01 -0.5788420E+02  0.5505594E+00
   04  0.4502478E+03  0.1816208E+04 -0.2703499E+01 -0.5766576E+02  0.5531711E+00
   04  0.4518755E+03  0.1816211E+04 -0.2666059E+01 -0.5741723E+02  0.5557397E+00
   04  0.4535033E+03  0.1816213E+04 -0.2620817E+01 -0.5713886E+02  0.5582680E+00
   04  0.4551310E+03  0.1816216E+04 -0.2567964E+01 -0.5683165E+02  0.5607568E+00
   04  0.4567587E+03  0.1816218E+04 -0.2506408E+01 -0.5649761E+02  0.5632108E+00
   04  0.4583865E+03  0.1816220E+04 -0.2434384E+01 -0.5614197E+02  0.5656542E+00
   04  0.4600142E+03  0.1816223E+04 -0.2349162E+01 -0.5577164E+02  0.5681112E+00
   04  0.4616420E+03  0.1816225E+04 -0.2248540E+01 -0.5539406E+02  0.5706164E+00
   04  0.4632697E+03  0.1816228E+04 -0.2130440E+01 -0.5501644E+02  0.5732031E+00
   04  0.4648974E+03  0.1816231E+04 -0.1993496E+01 -0.5464390E+02  0.5758925E+00
   04  0.4665252E+03  0.1816234E+04 -0.1838382E+01 -0.5428050E+02  0.5787054E+00
   04  0.4681529E+03  0.1816236E+04 -0.1664640E+01 -0.5392784E+02  0.5816307E+00
   04  0.4697807E+03  0.1816239E+04 -0.1472161E+01 -0.5358637E+02  0.5846478E+00
   04  0.4714084E+03  0.1816243E+04 -0.1262351E+01 -0.5325523E+02  0.5877304E+00
   04  0.4730362E+03  0.1816246E+04 -0.1038052E+01 -0.5293337E+02  0.5908656E+00
   04  0.4746639E+03  0.1816249E+04 -0.8025261E+00 -0.5262169E+02  0.5940600E+00
   04  0.4762916E+03  0.1816252E+04 -0.5584817E+00 -0.5232183E+02  0.5973287E+00
   04  0.4779194E+03  0.1816256E+04 -0.3073242E+00 -0.5203988E+02  0.6007143E+00
   04  0.4795471E+03  0.1816259E+04 -0.4962940E-01 -0.5178018E+02  0.6042459E+00
   04  0.4811749E+03  0.1816263E+04  0.2150903E+00 -0.5154515E+02  0.6079360E+00
   04  0.4828026E+03  0.1816267E+04  0.4883032E+00 -0.5133582E+02  0.6117858E+00
   04  0.4844303E+03  0.1816271E+04  0.7723191E+00 -0.5115211E+02  0.6157917E+00
   04  0.4860581E+03  0.1816275E+04  0.1070001E+01 -0.5099345E+02  0.6199506E+00
   04  0.4876858E+03  0.1816279E+04  0.1384519E+01 -0.5085943E+02  0.6242657E+00
   04  0.4893136E+03  0.1816284E+04  0.1719092E+01 -0.5075040E+02  0.6287517E+00
   04  0.4909413E+03  0.1816288E+04  0.2076680E+01 -0.5066782E+02  0.6334366E+00
   04  0.4925691E+03  0.1816293E+04  0.2459700E+01 -0.5061439E+02  0.6383613E+00
   04  0.4941968E+03  0.1816298E+04  0.2869779E+01 -0.5059390E+02  0.6435772E+00
   04  0.4958245E+03  0.1816304E+04  0.3307562E+01 -0.5061081E+02  0.6491407E+00
   04  0.4974523E+03  0.1816310E+04  0.3772586E+01 -0.5066980E+02  0.6551080E+00
   04  0.4990800E+03  0.1816316E+04  0.4263198E+01 -0.5077517E+02  0.6615292E+00
   04  0.5007078E+03  0.1816323E+04  0.4776524E+01 -0.5093025E+02  0.6684429E+00
   04  0.5023355E+03  0.1816331E+04  0.5308541E+01 -0.5113700E+02  0.6758713E+00
   04  0.5039632E+03  0.1816339E+04  0.5854273E+01 -0.5139570E+02  0.6838173E+00
   04  0.5055910E+03  0.1816347E+04  0.6408125E+01 -0.5170491E+02  0.6922633E+00
   04  0.5072187E+03  0.1816356E+04  0.6964314E+01 -0.5206172E+02  0.7011729E+00
   04  0.5088465E+03  0.1816365E+04  0.7517297E+01 -0.5246210E+02  0.7104942E+00
   04  0.5104742E+03  0.1816375E+04  0.8062106E+01 -0.5290145E+02  0.7201662E+00
   04  0.5121020E+03  0.1816385E+04  0.8594526E+01 -0.5337516E+02  0.7301252E+00
   04  0.5137297E+03  0.1816395E+04  0.9111103E+01 -0.5387901E+02  0.7403105E+00
   04  0.5153574E+03  0.1816405E+04  0.9609033E+01 -0.5440947E+02  0.7506696E+00
   04  0.5169852E+03  0.1816416E+04  0.1008594E+02 -0.5496369E+02  0.7611604E+00
   04  0.5186129E+03  0.1816427E+04  0.1053962E+02 -0.5553936E+02  0.7717517E+00
   04  0.5202407E+03  0.1816437E+04  0.1096785E+02 -0.5613435E+02  0.7824206E+00
   04  0.5218684E+03  0.1816448E+04  0.1136878E+02 -0.5674648E+02  0.7931444E+00
   04  0.5234961E+03  0.1816459E+04  0.1173854E+02 -0.5737277E+02  0.8039152E+00
   04  0.5251239E+03  0.1816470E+04  0.1207244E+02 -0.5800913E+02  0.8147265E+00
   04  0.5267516E+03  0.1816480E+04  0.1236823E+02 -0.5865111E+02  0.8255453E+00
   04  0.5283794E+03  0.1816491E+04  0.1262160E+02 -0.5929434E+02  0.8363474E+00
   04  0.5300071E+03  0.1816502E+04  0.1282641E+02 -0.5993430E+02  0.8471053E+00
   04  0.5316349E+03  0.1816513E+04  0.1297715E+02 -0.6056596E+02  0.8577886E+00
   04  0.5332626E+03  0.1816523E+04  0.1306985E+02 -0.6118470E+02  0.8683486E+00
   04  0.5348903E+03  0.1816534E+04  0.1310273E+02 -0.6178681E+02  0.8787422E+00
   04  0.5365181E+03  0.1816544E+04  0.1307699E+02 -0.6237023E+02  0.8889427E+00
   04  0.5381458E+03  0.1816554E+04  0.1299481E+02 -0.6293509E+02  0.8989328E+00
   04  0.5397736E+03  0.1816564E+04  0.1286345E+02 -0.6348284E+02  0.9087229E+00
   04  0.5414013E+03  0.1816573E+04  0.1269328E+02 -0.6401517E+02  0.9183415E+00
   04  0.5430290E+03  0.1816583E+04  0.1248978E+02 -0.6453251E+02  0.9277756E+00
   04  0.5446568E+03  0.1816592E+04  0.1225759E+02 -0.6503391E+02  0.9370076E+00
   04  0.5462845E+03  0.1816601E+04  0.1200175E+02 -0.6551785E+02  0.9460318E+00
   04  0.5479123E+03  0.1816610E+04  0.1172286E+02 -0.6598421E+02  0.9548198E+00
   04  0.5495400E+03  0.1816618E+04  0.1142555E+02 -0.6643419E+02  0.9633789E+00
   04  0.5511678E+03  0.1816627E+04  0.1111614E+02 -0.6687007E+02  0.9717372E+00
   04  0.5527955E+03  0.1816635E+04  0.1080098E+02 -0.6729468E+02  0.9799290E+00
   04  0.5544232E+03  0.1816643E+04  0.1048504E+02 -0.6771020E+02  0.9879852E+00
   04  0.5560510E+03  0.1816651E+04  0.1017161E+02 -0.6811782E+02  0.9959244E+00
   04  0.5576787E+03  0.1816659E+04  0.9861954E+01 -0.6851771E+02  0.1003753E+01
   04  0.5593065E+03  0.1816666E+04  0.9555528E+01 -0.6890926E+02  0.1011469E+01
   04  0.5609342E+03  0.1816674E+04  0.9250505E+01 -0.6929144E+02  0.1019069E+01
   04  0.5625619E+03  0.1816681E+04  0.8944215E+01 -0.6966290E+02  0.1026546E+01
   04  0.5641897E+03  0.1816689E+04  0.8633573E+01 -0.7002217E+02  0.1033899E+01
   04  0.5658174E+03  0.1816696E+04  0.8315526E+01 -0.7036775E+02  0.1041127E+01
   04  0.5674452E+03  0.1816703E+04  0.7987245E+01 -0.7069826E+02  0.1048232E+01
   04  0.5690729E+03  0.1816710E+04  0.7646245E+01 -0.7101264E+02  0.1055215E+01
   04  0.5707007E+03  0.1816717E+04  0.7290321E+01 -0.7131029E+02  0.1062080E+01
   04  0.5723284E+03  0.1816724E+04  0.6917453E+01 -0.7159120E+02  0.1068834E+01
   04  0.5739561E+03  0.1816730E+04  0.6525756E+01 -0.7185595E+02  0.1075486E+01
   04  0.5755839E+03  0.1816737E+04  0.6113469E+01 -0.7210567E+02  0.1082049E+01
   04  0.5772116E+03  0.1816743E+04  0.5678943E+01 -0.7234185E+02  0.1088534E+01
   04  0.5788394E+03  0.1816750E+04  0.5220646E+01 -0.7256603E+02  0.1094953E+01
   04  0.5804671E+03  0.1816756E+04  0.4737167E+01 -0.7277953E+02  0.1101316E+01
   04  0.5820948E+03  0.1816762E+04  0.4227234E+01 -0.7298316E+02  0.1107625E+01
   04  0.5837226E+03  0.1816769E+04  0.3689725E+01 -0.7317700E+02  0.1113879E+01
   04  0.5853503E+03  0.1816775E+04  0.3123694E+01 -0.7336038E+02  0.1120068E+01
   04  0.5869781E+03  0.1816781E+04  0.2528387E+01 -0.7353185E+02  0.1126181E+01
   04  0.5886058E+03  0.1816787E+04  0.1903255E+01 -0.7368937E+02  0.1132198E+01
   04  0.5902336E+03  0.1816793E+04  0.1247949E+01 -0.7383046E+02  0.1138102E+01
   04  0.5918613E+03  0.1816799E+04  0.5623043E+00 -0.7395242E+02  0.1143874E+01
   04  0.5934890E+03  0.1816804E+04 -0.1536804E+00 -0.7405260E+02  0.1149496E+01
   04  0.5951168E+03  0.1816810E+04 -0.8999014E+00 -0.7412851E+02  0.1154956E+01
   04  0.5967445E+03  0.1816815E+04 -0.1676226E+01 -0.7417799E+02  0.1160241E+01
   04  0.5983723E+03  0.1816820E+04 -0.2482499E+01 -0.7419931E+02  0.1165343E+01
