# gauge_id= 202 location=( -0.1241912000E+03  0.4174125000E+02 ) num_var=  4
# Stationary gauge
# level, time, q[  1  2  3], eta, aux[]
# file format ascii, time series follow in this file
   04  0.0000000E+00  0.0000000E+00  0.0000000E+00  0.0000000E+00  0.6586101E+01
   04  0.1000000E+01  0.0000000E+00  0.0000000E+00  0.0000000E+00  0.6365858E+01
   04  0.1015873E+01  0.0000000E+00  0.0000000E+00  0.0000000E+00  0.6365858E+01
   04  0.1031746E+01  0.0000000E+00  0.0000000E+00  0.0000000E+00  0.6365858E+01
   04  0.1047619E+01  0.0000000E+00  0.0000000E+00  0.0000000E+00  0.6365858E+01
   04  0.1063492E+01  0.0000000E+00  0.0000000E+00  0.0000000E+00  0.6365858E+01
   04  0.1079365E+01  0.0000000E+00  0.0000000E+00  0.0000000E+00  0.6365858E+01
   04  0.1095238E+01  0.0000000E+00  0.0000000E+00  0.0000000E+00  0.6365858E+01
   04  0.1111111E+01  0.0000000E+00  0.0000000E+00  0.0000000E+00  0.6365858E+01
   04  0.1126984E+01  0.0000000E+00  0.0000000E+00  0.0000000E+00  0.6365858E+01
   04  0.1142857E+01  0.0000000E+00  0.0000000E+00  0.0000000E+00  0.6365858E+01
   04  0.1158730E+01  0.0000000E+00  0.0000000E+00  0.0000000E+00  0.6365858E+01
   04  0.1174603E+01  0.0000000E+00  0.0000000E+00  0.0000000E+00  0.6365858E+01
   04  0.1190476E+01  0.0000000E+00  0.0000000E+00  0.0000000E+00  0.6365858E+01
   04  0.1206349E+01  0.0000000E+00  0.0000000E+00  0.0000000E+00  0.6365858E+01
   04  0.1222222E+01  0.0000000E+00  0.0000000E+00  0.0000000E+00  0.6365858E+01
   04  0.1238095E+01  0.0000000E+00  0.0000000E+00  0.0000000E+00  0.6365858E+01
   04  0.1253968E+01  0.0000000E+00  0.0000000E+00  0.0000000E+00  0.6365858E+01
   04  0.1269841E+01  0.0000000E+00  0.0000000E+00  0.0000000E+00  0.6365858E+01
   04  0.1285714E+01  0.0000000E+00  0.0000000E+00  0.0000000E+00  0.6365858E+01
   04  0.1301587E+01  0.0000000E+00  0.0000000E+00  0.0000000E+00  0.6365858E+01
   04  0.1317460E+01  0.0000000E+00  0.0000000E+00  0.0000000E+00  0.6365858E+01
   04  0.1333333E+01  0.0000000E+00  0.0000000E+00  0.0000000E+00  0.6365858E+01
   04  0.1349206E+01  0.0000000E+00  0.0000000E+00  0.0000000E+00  0.6365858E+01
   04  0.1365079E+01  0.0000000E+00  0.0000000E+00  0.0000000E+00  0.6365858E+01
   04  0.1380952E+01  0.0000000E+00  0.0000000E+00  0.0000000E+00  0.6365858E+01
   04  0.1396825E+01  0.0000000E+00  0.0000000E+00  0.0000000E+00  0.6365858E+01
   04  0.1412698E+01  0.0000000E+00  0.0000000E+00  0.0000000E+00  0.6365858E+01
   04  0.1428571E+01  0.0000000E+00  0.0000000E+00  0.0000000E+00  0.6365858E+01
   04  0.1476190E+01  0.0000000E+00  0.0000000E+00  0.0000000E+00  0.6365858E+01
   04  0.1523810E+01  0.0000000E+00  0.0000000E+00  0.0000000E+00  0.6365858E+01
   04  0.1571429E+01  0.0000000E+00  0.0000000E+00  0.0000000E+00  0.6365858E+01
   04  0.1619048E+01  0.0000000E+00  0.0000000E+00  0.0000000E+00  0.6365858E+01
   04  0.1666667E+01  0.0000000E+00  0.0000000E+00  0.0000000E+00  0.6365858E+01
   04  0.1714286E+01  0.0000000E+00  0.0000000E+00  0.0000000E+00  0.6365858E+01
   04  0.1761905E+01  0.0000000E+00  0.0000000E+00  0.0000000E+00  0.6365858E+01
   04  0.1809524E+01  0.0000000E+00  0.0000000E+00  0.0000000E+00  0.6365858E+01
   04  0.1857143E+01  0.0000000E+00  0.0000000E+00  0.0000000E+00  0.6365858E+01
   04  0.1904762E+01  0.0000000E+00  0.0000000E+00  0.0000000E+00  0.6365858E+01
   04  0.1952381E+01  0.0000000E+00  0.0000000E+00  0.0000000E+00  0.6365858E+01
   04  0.2000000E+01  0.0000000E+00  0.0000000E+00  0.0000000E+00  0.6365858E+01
   04  0.5727919E+01  0.0000000E+00  0.0000000E+00  0.0000000E+00  0.6365858E+01
   04  0.9455838E+01  0.0000000E+00  0.0000000E+00  0.0000000E+00  0.6365858E+01
   04  0.1318376E+02  0.0000000E+00  0.0000000E+00  0.0000000E+00  0.6365858E+01
   04  0.1691168E+02  0.0000000E+00  0.0000000E+00  0.0000000E+00  0.6365858E+01
   04  0.2063960E+02  0.0000000E+00  0.0000000E+00  0.0000000E+00  0.6365858E+01
   04  0.2436752E+02  0.0000000E+00  0.0000000E+00  0.0000000E+00  0.6365858E+01
   04  0.2809543E+02  0.0000000E+00  0.0000000E+00  0.0000000E+00  0.6365858E+01
   04  0.3182335E+02  0.0000000E+00  0.0000000E+00  0.0000000E+00  0.6365858E+01
   04  0.3555127E+02  0.0000000E+00  0.0000000E+00  0.0000000E+00  0.6365858E+01
   04  0.3927919E+02  0.0000000E+00  0.0000000E+00  0.0000000E+00  0.6365858E+01
   04  0.4300711E+02  0.0000000E+00  0.0000000E+00  0.0000000E+00  0.6365858E+01
   04  0.4487107E+02  0.0000000E+00  0.0000000E+00  0.0000000E+00  0.6365858E+01
   04  0.4673503E+02  0.0000000E+00  0.0000000E+00  0.0000000E+00  0.6365858E+01
   04  0.4839188E+02  0.0000000E+00  0.0000000E+00  0.0000000E+00  0.6365858E+01
   04  0.5004874E+02  0.0000000E+00  0.0000000E+00  0.0000000E+00  0.6365858E+01
   04  0.5170559E+02  0.0000000E+00  0.0000000E+00  0.0000000E+00  0.6365858E+01
   04  0.5336244E+02  0.0000000E+00  0.0000000E+00  0.0000000E+00  0.6365858E+01
   04  0.5501930E+02  0.0000000E+00  0.0000000E+00  0.0000000E+00  0.6365858E+01
   04  0.5667615E+02  0.0000000E+00  0.0000000E+00  0.0000000E+00  0.6365858E+01
   04  0.5833300E+02  0.0000000E+00  0.0000000E+00  0.0000000E+00  0.6365858E+01
   04  0.5998985E+02  0.0000000E+00  0.0000000E+00  0.0000000E+00  0.6365858E+01
   04  0.6164671E+02  0.0000000E+00  0.0000000E+00  0.0000000E+00  0.6365858E+01
   04  0.6330356E+02  0.0000000E+00  0.0000000E+00  0.0000000E+00  0.6365858E+01
   04  0.6496041E+02  0.0000000E+00  0.0000000E+00  0.0000000E+00  0.6365858E+01
   04  0.6661727E+02  0.0000000E+00  0.0000000E+00  0.0000000E+00  0.6365858E+01
   04  0.6827412E+02  0.0000000E+00  0.0000000E+00  0.0000000E+00  0.6365858E+01
   04  0.6993097E+02  0.0000000E+00  0.0000000E+00  0.0000000E+00  0.6365858E+01
   04  0.7158783E+02  0.0000000E+00  0.0000000E+00  0.0000000E+00  0.6365858E+01
   04  0.7324468E+02  0.0000000E+00  0.0000000E+00  0.0000000E+00  0.6365858E+01
   04  0.7490153E+02  0.0000000E+00  0.0000000E+00  0.0000000E+00  0.6365858E+01
   04  0.7655838E+02  0.0000000E+00  0.0000000E+00  0.0000000E+00  0.6365858E+01
   04  0.7821524E+02  0.0000000E+00  0.0000000E+00  0.0000000E+00  0.6365858E+01
   04  0.7987209E+02  0.0000000E+00  0.0000000E+00  0.0000000E+00  0.6365858E+01
   04  0.8152894E+02  0.0000000E+00  0.0000000E+00  0.0000000E+00  0.6365858E+01
   04  0.8318580E+02  0.0000000E+00  0.0000000E+00  0.0000000E+00  0.6365858E+01
   04  0.8484265E+02  0.0000000E+00  0.0000000E+00  0.0000000E+00  0.6365858E+01
   04  0.8649950E+02  0.0000000E+00  0.0000000E+00  0.0000000E+00  0.6365858E+01
   04  0.8815636E+02  0.0000000E+00  0.0000000E+00  0.0000000E+00  0.6365858E+01
   04  0.8981321E+02  0.0000000E+00  0.0000000E+00  0.0000000E+00  0.6365858E+01
   04  0.9147006E+02  0.0000000E+00  0.0000000E+00  0.0000000E+00  0.6365858E+01
   04  0.9445240E+02  0.0000000E+00  0.0000000E+00  0.0000000E+00  0.6365858E+01
   04  0.9743473E+02  0.0000000E+00  0.0000000E+00  0.0000000E+00  0.6365858E+01
   04  0.1004171E+03  0.0000000E+00  0.0000000E+00  0.0000000E+00  0.6365858E+01
   04  0.1033994E+03  0.0000000E+00  0.0000000E+00  0.0000000E+00  0.6365858E+01
   04  0.1063817E+03  0.0000000E+00  0.0000000E+00  0.0000000E+00  0.6365858E+01
   04  0.1093641E+03  0.0000000E+00  0.0000000E+00  0.0000000E+00  0.6365858E+01
   04  0.1123464E+03  0.0000000E+00  0.0000000E+00  0.0000000E+00  0.6365858E+01
   04  0.1153287E+03  0.0000000E+00  0.0000000E+00  0.0000000E+00  0.6365858E+01
   04  0.1183111E+03  0.0000000E+00  0.0000000E+00  0.0000000E+00  0.6365858E+01
   04  0.1212934E+03  0.0000000E+00  0.0000000E+00  0.0000000E+00  0.6365858E+01
   04  0.1242758E+03  0.0000000E+00  0.0000000E+00  0.0000000E+00  0.6365858E+01
   04  0.1272581E+03  0.0000000E+00  0.0000000E+00  0.0000000E+00  0.6365858E+01
   04  0.1302404E+03  0.0000000E+00  0.0000000E+00  0.0000000E+00  0.6365858E+01
   04  0.1332228E+03  0.0000000E+00  0.0000000E+00  0.0000000E+00  0.6365858E+01
   04  0.1362051E+03  0.0000000E+00  0.0000000E+00  0.0000000E+00  0.6365858E+01
   04  0.1391874E+03  0.0000000E+00  0.0000000E+00  0.0000000E+00  0.6365858E+01
   04  0.1421698E+03  0.0000000E+00  0.0000000E+00  0.0000000E+00  0.6365858E+01
   04  0.1451521E+03  0.0000000E+00  0.0000000E+00  0.0000000E+00  0.6365858E+01
   04  0.1481344E+03  0.0000000E+00  0.0000000E+00  0.0000000E+00  0.6365858E+01
   04  0.1511168E+03  0.0000000E+00  0.0000000E+00  0.0000000E+00  0.6365858E+01
   04  0.1540991E+03  0.0000000E+00  0.0000000E+00  0.0000000E+00  0.6365858E+01
   04  0.1570814E+03  0.0000000E+00  0.0000000E+00  0.0000000E+00  0.6365858E+01
   04  0.1600638E+03  0.0000000E+00  0.0000000E+00  0.0000000E+00  0.6365858E+01
   04  0.1630461E+03  0.0000000E+00  0.0000000E+00  0.0000000E+00  0.6365858E+01
   04  0.1660284E+03  0.0000000E+00  0.0000000E+00  0.0000000E+00  0.6365858E+01
   04  0.1690108E+03  0.0000000E+00  0.0000000E+00  0.0000000E+00  0.6365858E+01
   04  0.1719931E+03  0.0000000E+00  0.0000000E+00  0.0000000E+00  0.6365858E+01
   04  0.1749755E+03  0.0000000E+00  0.0000000E+00  0.0000000E+00  0.6365858E+01
   04  0.1779578E+03  0.0000000E+00  0.0000000E+00  0.0000000E+00  0.6365858E+01
   04  0.1809401E+03  0.0000000E+00  0.0000000E+00  0.0000000E+00  0.6365858E+01
   04  0.1824313E+03  0.0000000E+00  0.0000000E+00  0.0000000E+00  0.6365858E+01
   04  0.1839225E+03  0.0000000E+00  0.0000000E+00  0.0000000E+00  0.6365858E+01
   04  0.1854136E+03  0.0000000E+00  0.0000000E+00  0.0000000E+00  0.6365858E+01
   04  0.1869048E+03  0.0000000E+00  0.0000000E+00  0.0000000E+00  0.6365858E+01
   04  0.1883960E+03  0.0000000E+00  0.0000000E+00  0.0000000E+00  0.6365858E+01
   04  0.1898871E+03  0.0000000E+00  0.0000000E+00  0.0000000E+00  0.6365858E+01
   04  0.1913783E+03  0.0000000E+00  0.0000000E+00  0.0000000E+00  0.6365858E+01
   04  0.1928695E+03  0.0000000E+00  0.0000000E+00  0.0000000E+00  0.6365858E+01
   04  0.1943606E+03  0.0000000E+00  0.0000000E+00  0.0000000E+00  0.6365858E+01
   04  0.1958518E+03  0.0000000E+00  0.0000000E+00  0.0000000E+00  0.6365858E+01
   04  0.1973430E+03  0.0000000E+00  0.0000000E+00  0.0000000E+00  0.6365858E+01
   04  0.1988341E+03  0.0000000E+00  0.0000000E+00  0.0000000E+00  0.6365858E+01
   04  0.2003253E+03  0.0000000E+00  0.0000000E+00  0.0000000E+00  0.6365858E+01
   04  0.2018165E+03  0.0000000E+00  0.0000000E+00  0.0000000E+00  0.6365858E+01
   04  0.2033076E+03  0.0000000E+00  0.0000000E+00  0.0000000E+00  0.6365858E+01
   04  0.2047988E+03  0.0000000E+00  0.0000000E+00  0.0000000E+00  0.6365858E+01
   04  0.2062900E+03  0.0000000E+00  0.0000000E+00  0.0000000E+00  0.6365858E+01
   04  0.2077811E+03  0.0000000E+00  0.0000000E+00  0.0000000E+00  0.6365858E+01
   04  0.2092723E+03  0.0000000E+00  0.0000000E+00  0.0000000E+00  0.6365858E+01
   04  0.2107635E+03  0.0000000E+00  0.0000000E+00  0.0000000E+00  0.6365858E+01
   04  0.2122546E+03  0.0000000E+00  0.0000000E+00  0.0000000E+00  0.6365858E+01
   04  0.2137458E+03  0.0000000E+00  0.0000000E+00  0.0000000E+00  0.6365858E+01
   04  0.2152370E+03  0.0000000E+00  0.0000000E+00  0.0000000E+00  0.6365858E+01
   04  0.2167281E+03  0.0000000E+00  0.0000000E+00  0.0000000E+00  0.6365858E+01
   04  0.2182193E+03  0.0000000E+00  0.0000000E+00  0.0000000E+00  0.6365858E+01
   04  0.2197105E+03  0.0000000E+00  0.0000000E+00  0.0000000E+00  0.6365858E+01
   04  0.2212017E+03  0.0000000E+00  0.0000000E+00  0.0000000E+00  0.6365858E+01
   04  0.2226928E+03  0.0000000E+00  0.0000000E+00  0.0000000E+00  0.6365858E+01
   04  0.2241840E+03  0.0000000E+00  0.0000000E+00  0.0000000E+00  0.6365858E+01
   04  0.2256752E+03  0.0000000E+00  0.0000000E+00  0.0000000E+00  0.6365858E+01
   04  0.2271663E+03  0.0000000E+00  0.0000000E+00  0.0000000E+00  0.6365858E+01
   04  0.2286575E+03  0.0000000E+00  0.0000000E+00  0.0000000E+00  0.6365858E+01
   04  0.2301487E+03  0.0000000E+00  0.0000000E+00  0.0000000E+00  0.6365858E+01
   04  0.2316398E+03  0.0000000E+00  0.0000000E+00  0.0000000E+00  0.6365858E+01
   04  0.2331310E+03  0.0000000E+00  0.0000000E+00  0.0000000E+00  0.6365858E+01
   04  0.2346222E+03  0.0000000E+00  0.0000000E+00  0.0000000E+00  0.6365858E+01
   04  0.2361133E+03  0.0000000E+00  0.0000000E+00  0.0000000E+00  0.6365858E+01
   04  0.2376045E+03  0.0000000E+00  0.0000000E+00  0.0000000E+00  0.6365858E+01
   04  0.2390957E+03  0.0000000E+00  0.0000000E+00  0.0000000E+00  0.6365858E+01
   04  0.2405868E+03  0.0000000E+00  0.0000000E+00  0.0000000E+00  0.6365858E+01
   04  0.2420780E+03  0.0000000E+00  0.0000000E+00  0.0000000E+00  0.6365858E+01
   04  0.2435692E+03  0.0000000E+00  0.0000000E+00  0.0000000E+00  0.6365858E+01
   04  0.2450603E+03  0.0000000E+00  0.0000000E+00  0.0000000E+00  0.6365858E+01
   04  0.2465515E+03  0.0000000E+00  0.0000000E+00  0.0000000E+00  0.6365858E+01
   04  0.2480427E+03  0.0000000E+00  0.0000000E+00  0.0000000E+00  0.6365858E+01
   04  0.2495338E+03  0.0000000E+00  0.0000000E+00  0.0000000E+00  0.6365858E+01
   04  0.2510250E+03  0.0000000E+00  0.0000000E+00  0.0000000E+00  0.6365858E+01
   04  0.2525162E+03  0.0000000E+00  0.0000000E+00  0.0000000E+00  0.6365858E+01
   04  0.2540073E+03  0.0000000E+00  0.0000000E+00  0.0000000E+00  0.6365858E+01
   04  0.2554985E+03  0.0000000E+00  0.0000000E+00  0.0000000E+00  0.6365858E+01
   04  0.2569897E+03  0.0000000E+00  0.0000000E+00  0.0000000E+00  0.6365858E+01
   04  0.2584808E+03  0.0000000E+00  0.0000000E+00  0.0000000E+00  0.6365858E+01
   04  0.2599720E+03  0.0000000E+00  0.0000000E+00  0.0000000E+00  0.6365858E+01
   04  0.2614632E+03  0.0000000E+00  0.0000000E+00  0.0000000E+00  0.6365858E+01
   04  0.2629543E+03  0.0000000E+00  0.0000000E+00  0.0000000E+00  0.6365858E+01
   04  0.2644455E+03  0.0000000E+00  0.0000000E+00  0.0000000E+00  0.6365858E+01
   04  0.2659367E+03  0.0000000E+00  0.0000000E+00  0.0000000E+00  0.6365858E+01
   04  0.2674278E+03  0.0000000E+00  0.0000000E+00  0.0000000E+00  0.6365858E+01
   04  0.2689190E+03  0.0000000E+00  0.0000000E+00  0.0000000E+00  0.6365858E+01
   04  0.2704102E+03  0.0000000E+00  0.0000000E+00  0.0000000E+00  0.6365858E+01
   04  0.2719014E+03  0.0000000E+00  0.0000000E+00  0.0000000E+00  0.6365858E+01
   04  0.2733925E+03  0.0000000E+00  0.0000000E+00  0.0000000E+00  0.6365858E+01
   04  0.2748837E+03  0.0000000E+00  0.0000000E+00  0.0000000E+00  0.6365858E+01
   04  0.2763749E+03  0.0000000E+00  0.0000000E+00  0.0000000E+00  0.6365858E+01
   04  0.2778660E+03  0.0000000E+00  0.0000000E+00  0.0000000E+00  0.6365858E+01
   04  0.2793572E+03  0.0000000E+00  0.0000000E+00  0.0000000E+00  0.6365858E+01
   04  0.2808484E+03  0.0000000E+00  0.0000000E+00  0.0000000E+00  0.6365858E+01
   04  0.2823395E+03  0.0000000E+00  0.0000000E+00  0.0000000E+00  0.6365858E+01
   04  0.2838307E+03  0.0000000E+00  0.0000000E+00  0.0000000E+00  0.6365858E+01
   04  0.2853219E+03  0.0000000E+00  0.0000000E+00  0.0000000E+00  0.6365858E+01
   04  0.2868130E+03  0.0000000E+00  0.0000000E+00  0.0000000E+00  0.6365858E+01
   04  0.2883042E+03  0.0000000E+00  0.0000000E+00  0.0000000E+00  0.6365858E+01
   04  0.2897954E+03  0.0000000E+00  0.0000000E+00  0.0000000E+00  0.6365858E+01
   04  0.2912865E+03  0.0000000E+00  0.0000000E+00  0.0000000E+00  0.6365858E+01
   04  0.2927777E+03  0.0000000E+00  0.0000000E+00  0.0000000E+00  0.6365858E+01
   04  0.2942689E+03  0.0000000E+00  0.0000000E+00  0.0000000E+00  0.6365858E+01
   04  0.2957600E+03  0.0000000E+00  0.0000000E+00  0.0000000E+00  0.6365858E+01
   04  0.2972512E+03  0.0000000E+00  0.0000000E+00  0.0000000E+00  0.6365858E+01
   04  0.2987424E+03  0.0000000E+00  0.0000000E+00  0.0000000E+00  0.6365858E+01
   04  0.3002335E+03  0.0000000E+00  0.0000000E+00  0.0000000E+00  0.6365858E+01
   04  0.3017247E+03  0.0000000E+00  0.0000000E+00  0.0000000E+00  0.6365858E+01
   04  0.3032159E+03  0.0000000E+00  0.0000000E+00  0.0000000E+00  0.6365858E+01
   04  0.3047070E+03  0.0000000E+00  0.0000000E+00  0.0000000E+00  0.6365858E+01
   04  0.3061982E+03  0.0000000E+00  0.0000000E+00  0.0000000E+00  0.6365858E+01
   04  0.3076894E+03  0.0000000E+00  0.0000000E+00  0.0000000E+00  0.6365858E+01
   04  0.3091805E+03  0.0000000E+00  0.0000000E+00  0.0000000E+00  0.6365858E+01
   04  0.3106717E+03  0.0000000E+00  0.0000000E+00  0.0000000E+00  0.6365858E+01
   04  0.3121629E+03  0.0000000E+00  0.0000000E+00  0.0000000E+00  0.6365858E+01
   04  0.3136540E+03  0.0000000E+00  0.0000000E+00  0.0000000E+00  0.6365858E+01
   04  0.3151452E+03  0.0000000E+00  0.0000000E+00  0.0000000E+00  0.6365858E+01
   04  0.3165017E+03  0.0000000E+00  0.0000000E+00  0.0000000E+00  0.6365858E+01
   04  0.3178581E+03  0.0000000E+00  0.0000000E+00  0.0000000E+00  0.6365858E+01
   04  0.3192146E+03  0.0000000E+00  0.0000000E+00  0.0000000E+00  0.6365858E+01
   04  0.3205710E+03  0.0000000E+00  0.0000000E+00  0.0000000E+00  0.6365858E+01
   04  0.3219275E+03  0.0000000E+00  0.0000000E+00  0.0000000E+00  0.6365858E+01
   04  0.3232839E+03  0.0000000E+00  0.0000000E+00  0.0000000E+00  0.6365858E+01
   04  0.3246404E+03  0.0000000E+00  0.0000000E+00  0.0000000E+00  0.6365858E+01
   04  0.3259968E+03  0.0000000E+00  0.0000000E+00  0.0000000E+00  0.6365858E+01
   04  0.3273533E+03  0.0000000E+00  0.0000000E+00  0.0000000E+00  0.6365858E+01
   04  0.3287097E+03  0.0000000E+00  0.0000000E+00  0.0000000E+00  0.6365858E+01
   04  0.3300662E+03  0.0000000E+00  0.0000000E+00  0.0000000E+00  0.6365858E+01
   04  0.3314226E+03  0.0000000E+00  0.0000000E+00  0.0000000E+00  0.6365858E+01
   04  0.3327791E+03  0.0000000E+00  0.0000000E+00  0.0000000E+00  0.6365858E+01
   04  0.3341355E+03  0.0000000E+00  0.0000000E+00  0.0000000E+00  0.6365858E+01
   04  0.3354920E+03  0.0000000E+00  0.0000000E+00  0.0000000E+00  0.6365858E+01
   04  0.3368484E+03  0.0000000E+00  0.0000000E+00  0.0000000E+00  0.6365858E+01
   04  0.3382049E+03  0.0000000E+00  0.0000000E+00  0.0000000E+00  0.6365858E+01
   04  0.3395613E+03  0.0000000E+00  0.0000000E+00  0.0000000E+00  0.6365858E+01
   04  0.3409178E+03  0.0000000E+00  0.0000000E+00  0.0000000E+00  0.6365858E+01
   04  0.3422742E+03  0.0000000E+00  0.0000000E+00  0.0000000E+00  0.6365858E+01
   04  0.3436307E+03  0.0000000E+00  0.0000000E+00  0.0000000E+00  0.6365858E+01
   04  0.3449871E+03  0.0000000E+00  0.0000000E+00  0.0000000E+00  0.6365858E+01
   04  0.3463436E+03  0.0000000E+00  0.0000000E+00  0.0000000E+00  0.6365858E+01
   04  0.3477000E+03  0.0000000E+00  0.0000000E+00  0.0000000E+00  0.6365858E+01
   04  0.3490565E+03  0.0000000E+00  0.0000000E+00  0.0000000E+00  0.6365858E+01
   04  0.3504130E+03  0.0000000E+00  0.0000000E+00  0.0000000E+00  0.6365858E+01
   04  0.3517694E+03  0.0000000E+00  0.0000000E+00  0.0000000E+00  0.6365858E+01
   04  0.3531259E+03  0.0000000E+00  0.0000000E+00  0.0000000E+00  0.6365858E+01
   04  0.3544823E+03  0.0000000E+00  0.0000000E+00  0.0000000E+00  0.6365858E+01
   04  0.3558388E+03  0.0000000E+00  0.0000000E+00  0.0000000E+00  0.6365858E+01
   04  0.3574665E+03  0.0000000E+00  0.0000000E+00  0.0000000E+00  0.6365858E+01
   04  0.3590942E+03  0.0000000E+00  0.0000000E+00  0.0000000E+00  0.6365858E+01
   04  0.3607220E+03  0.0000000E+00  0.0000000E+00  0.0000000E+00  0.6365858E+01
   04  0.3623497E+03  0.0000000E+00  0.0000000E+00  0.0000000E+00  0.6365858E+01
   04  0.3639775E+03  0.0000000E+00  0.0000000E+00  0.0000000E+00  0.6365858E+01
   04  0.3656052E+03  0.0000000E+00  0.0000000E+00  0.0000000E+00  0.6365858E+01
   04  0.3672329E+03  0.0000000E+00  0.0000000E+00  0.0000000E+00  0.6365858E+01
   04  0.3688607E+03  0.0000000E+00  0.0000000E+00  0.0000000E+00  0.6365858E+01
   04  0.3704884E+03  0.0000000E+00  0.0000000E+00  0.0000000E+00  0.6365858E+01
   04  0.3721162E+03  0.0000000E+00  0.0000000E+00  0.0000000E+00  0.6365858E+01
   04  0.3737439E+03  0.0000000E+00  0.0000000E+00  0.0000000E+00  0.6365858E+01
   04  0.3753717E+03  0.0000000E+00  0.0000000E+00  0.0000000E+00  0.6365858E+01
   04  0.3769994E+03  0.0000000E+00  0.0000000E+00  0.0000000E+00  0.6365858E+01
   04  0.3786271E+03  0.0000000E+00  0.0000000E+00  0.0000000E+00  0.6365858E+01
   04  0.3802549E+03  0.0000000E+00  0.0000000E+00  0.0000000E+00  0.6365858E+01
   04  0.3818826E+03  0.0000000E+00  0.0000000E+00  0.0000000E+00  0.6365858E+01
   04  0.3835104E+03  0.0000000E+00  0.0000000E+00  0.0000000E+00  0.6365858E+01
   04  0.3851381E+03  0.0000000E+00  0.0000000E+00  0.0000000E+00  0.6365858E+01
   04  0.3867658E+03  0.0000000E+00  0.0000000E+00  0.0000000E+00  0.6365858E+01
   04  0.3883936E+03  0.0000000E+00  0.0000000E+00  0.0000000E+00  0.6365858E+01
   04  0.3900213E+03  0.0000000E+00  0.0000000E+00  0.0000000E+00  0.6365858E+01
   04  0.3916491E+03  0.0000000E+00  0.0000000E+00  0.0000000E+00  0.6365858E+01
   04  0.3932768E+03  0.0000000E+00  0.0000000E+00  0.0000000E+00  0.6365858E+01
   04  0.3949046E+03  0.0000000E+00  0.0000000E+00  0.0000000E+00  0.6365858E+01
   04  0.3965323E+03  0.0000000E+00  0.0000000E+00  0.0000000E+00  0.6365858E+01
   04  0.3981600E+03  0.0000000E+00  0.0000000E+00  0.0000000E+00  0.6365858E+01
   04  0.3997878E+03  0.0000000E+00  0.0000000E+00  0.0000000E+00  0.6365858E+01
   04  0.4014155E+03  0.0000000E+00  0.0000000E+00  0.0000000E+00  0.6365858E+01
   04  0.4030433E+03  0.0000000E+00  0.0000000E+00  0.0000000E+00  0.6365858E+01
   04  0.4046710E+03  0.0000000E+00  0.0000000E+00  0.0000000E+00  0.6365858E+01
   04  0.4062987E+03  0.0000000E+00  0.0000000E+00  0.0000000E+00  0.6365858E+01
   04  0.4079265E+03  0.0000000E+00  0.0000000E+00  0.0000000E+00  0.6365858E+01
   04  0.4095542E+03  0.0000000E+00  0.0000000E+00  0.0000000E+00  0.6365858E+01
   04  0.4111820E+03  0.0000000E+00  0.0000000E+00  0.0000000E+00  0.6365858E+01
   04  0.4128097E+03  0.0000000E+00  0.0000000E+00  0.0000000E+00  0.6365858E+01
   04  0.4144375E+03  0.0000000E+00  0.0000000E+00  0.0000000E+00  0.6365858E+01
   04  0.4160652E+03  0.0000000E+00  0.0000000E+00  0.0000000E+00  0.6365858E+01
   04  0.4176929E+03  0.0000000E+00  0.0000000E+00  0.0000000E+00  0.6365858E+01
   04  0.4193207E+03  0.0000000E+00  0.0000000E+00  0.0000000E+00  0.6365858E+01
   04  0.4209484E+03  0.0000000E+00  0.0000000E+00  0.0000000E+00  0.6365858E+01
   04  0.4225762E+03  0.0000000E+00  0.0000000E+00  0.0000000E+00  0.6365858E+01
   04  0.4242039E+03  0.0000000E+00  0.0000000E+00  0.0000000E+00  0.6365858E+01
   04  0.4258316E+03  0.0000000E+00  0.0000000E+00  0.0000000E+00  0.6365858E+01
   04  0.4274594E+03  0.0000000E+00  0.0000000E+00  0.0000000E+00  0.6365858E+01
   04  0.4290871E+03  0.0000000E+00  0.0000000E+00  0.0000000E+00  0.6365858E+01
   04  0.4307149E+03  0.0000000E+00  0.0000000E+00  0.0000000E+00  0.6365858E+01
   04  0.4323426E+03  0.0000000E+00  0.0000000E+00  0.0000000E+00  0.6365858E+01
   04  0.4339704E+03  0.0000000E+00  0.0000000E+00  0.0000000E+00  0.6365858E+01
   04  0.4355981E+03  0.0000000E+00  0.0000000E+00  0.0000000E+00  0.6365858E+01
   04  0.4372258E+03  0.0000000E+00  0.0000000E+00  0.0000000E+00  0.6365858E+01
   04  0.4388536E+03  0.0000000E+00  0.0000000E+00  0.0000000E+00  0.6365858E+01
   04  0.4404813E+03  0.0000000E+00  0.0000000E+00  0.0000000E+00  0.6365858E+01
   04  0.4421091E+03  0.0000000E+00  0.0000000E+00  0.0000000E+00  0.6365858E+01
   04  0.4437368E+03  0.0000000E+00  0.0000000E+00  0.0000000E+00  0.6365858E+01
   04  0.4453645E+03  0.0000000E+00  0.0000000E+00  0.0000000E+00  0.6365858E+01
   04  0.4469923E+03  0.0000000E+00  0.0000000E+00  0.0000000E+00  0.6365858E+01
   04  0.4486200E+03  0.0000000E+00  0.0000000E+00  0.0000000E+00  0.6365858E+01
   04  0.4502478E+03  0.0000000E+00  0.0000000E+00  0.0000000E+00  0.6365858E+01
   04  0.4518755E+03  0.0000000E+00  0.0000000E+00  0.0000000E+00  0.6365858E+01
   04  0.4535033E+03  0.0000000E+00  0.0000000E+00  0.0000000E+00  0.6365858E+01
   04  0.4551310E+03  0.0000000E+00  0.0000000E+00  0.0000000E+00  0.6365858E+01
   04  0.4567587E+03  0.0000000E+00  0.0000000E+00  0.0000000E+00  0.6365858E+01
   04  0.4583865E+03  0.0000000E+00  0.0000000E+00  0.0000000E+00  0.6365858E+01
   04  0.4600142E+03  0.0000000E+00  0.0000000E+00  0.0000000E+00  0.6365858E+01
   04  0.4616420E+03  0.0000000E+00  0.0000000E+00  0.0000000E+00  0.6365858E+01
   04  0.4632697E+03  0.0000000E+00  0.0000000E+00  0.0000000E+00  0.6365858E+01
   04  0.4648974E+03  0.0000000E+00  0.0000000E+00  0.0000000E+00  0.6365858E+01
   04  0.4665252E+03  0.0000000E+00  0.0000000E+00  0.0000000E+00  0.6365858E+01
   04  0.4681529E+03  0.0000000E+00  0.0000000E+00  0.0000000E+00  0.6365858E+01
   04  0.4697807E+03  0.0000000E+00  0.0000000E+00  0.0000000E+00  0.6365858E+01
   04  0.4714084E+03  0.0000000E+00  0.0000000E+00  0.0000000E+00  0.6365858E+01
   04  0.4730362E+03  0.0000000E+00  0.0000000E+00  0.0000000E+00  0.6365858E+01
   04  0.4746639E+03  0.0000000E+00  0.0000000E+00  0.0000000E+00  0.6365858E+01
   04  0.4762916E+03  0.0000000E+00  0.0000000E+00  0.0000000E+00  0.6365858E+01
   04  0.4779194E+03  0.0000000E+00  0.0000000E+00  0.0000000E+00  0.6365858E+01
   04  0.4795471E+03  0.0000000E+00  0.0000000E+00  0.0000000E+00  0.6365858E+01
   04  0.4811749E+03  0.0000000E+00  0.0000000E+00  0.0000000E+00  0.6365858E+01
   04  0.4828026E+03  0.0000000E+00  0.0000000E+00  0.0000000E+00  0.6365858E+01
   04  0.4844303E+03  0.0000000E+00  0.0000000E+00  0.0000000E+00  0.6365858E+01
   04  0.4860581E+03  0.0000000E+00  0.0000000E+00  0.0000000E+00  0.6365858E+01
   04  0.4876858E+03  0.0000000E+00  0.0000000E+00  0.0000000E+00  0.6365858E+01
   04  0.4893136E+03  0.0000000E+00  0.0000000E+00  0.0000000E+00  0.6365858E+01
   04  0.4909413E+03  0.0000000E+00  0.0000000E+00  0.0000000E+00  0.6365858E+01
   04  0.4925691E+03  0.0000000E+00  0.0000000E+00  0.0000000E+00  0.6365858E+01
   04  0.4941968E+03  0.0000000E+00  0.0000000E+00  0.0000000E+00  0.6365858E+01
   04  0.4958245E+03  0.0000000E+00  0.0000000E+00  0.0000000E+00  0.6365858E+01
   04  0.4974523E+03  0.0000000E+00  0.0000000E+00  0.0000000E+00  0.6365858E+01
   04  0.4990800E+03  0.0000000E+00  0.0000000E+00  0.0000000E+00  0.6365858E+01
   04  0.5007078E+03  0.0000000E+00  0.0000000E+00  0.0000000E+00  0.6365858E+01
   04  0.5023355E+03  0.0000000E+00  0.0000000E+00  0.0000000E+00  0.6365858E+01
   04  0.5039632E+03  0.0000000E+00  0.0000000E+00  0.0000000E+00  0.6365858E+01
   04  0.5055910E+03  0.0000000E+00  0.0000000E+00  0.0000000E+00  0.6365858E+01
   04  0.5072187E+03  0.0000000E+00  0.0000000E+00  0.0000000E+00  0.6365858E+01
   04  0.5088465E+03  0.0000000E+00  0.0000000E+00  0.0000000E+00  0.6365858E+01
   04  0.5104742E+03  0.0000000E+00  0.0000000E+00  0.0000000E+00  0.6365858E+01
   04  0.5121020E+03  0.0000000E+00  0.0000000E+00  0.0000000E+00  0.6365858E+01
   04  0.5137297E+03  0.0000000E+00  0.0000000E+00  0.0000000E+00  0.6365858E+01
   04  0.5153574E+03  0.0000000E+00  0.0000000E+00  0.0000000E+00  0.6365858E+01
   04  0.5169852E+03  0.0000000E+00  0.0000000E+00  0.0000000E+00  0.6365858E+01
   04  0.5186129E+03  0.0000000E+00  0.0000000E+00  0.0000000E+00  0.6365858E+01
   04  0.5202407E+03  0.0000000E+00  0.0000000E+00  0.0000000E+00  0.6365858E+01
   04  0.5218684E+03  0.0000000E+00  0.0000000E+00  0.0000000E+00  0.6365858E+01
   04  0.5234961E+03  0.0000000E+00  0.0000000E+00  0.0000000E+00  0.6365858E+01
   04  0.5251239E+03  0.0000000E+00  0.0000000E+00  0.0000000E+00  0.6365858E+01
   04  0.5267516E+03  0.0000000E+00  0.0000000E+00  0.0000000E+00  0.6365858E+01
   04  0.5283794E+03  0.0000000E+00  0.0000000E+00  0.0000000E+00  0.6365858E+01
   04  0.5300071E+03  0.0000000E+00  0.0000000E+00  0.0000000E+00  0.6365858E+01
   04  0.5316349E+03  0.0000000E+00  0.0000000E+00  0.0000000E+00  0.6365858E+01
   04  0.5332626E+03  0.0000000E+00  0.0000000E+00  0.0000000E+00  0.6365858E+01
   04  0.5348903E+03  0.0000000E+00  0.0000000E+00  0.0000000E+00  0.6365858E+01
   04  0.5365181E+03  0.0000000E+00  0.0000000E+00  0.0000000E+00  0.6365858E+01
   04  0.5381458E+03  0.0000000E+00  0.0000000E+00  0.0000000E+00  0.6365858E+01
   04  0.5397736E+03  0.0000000E+00  0.0000000E+00  0.0000000E+00  0.6365858E+01
   04  0.5414013E+03  0.0000000E+00  0.0000000E+00  0.0000000E+00  0.6365858E+01
   04  0.5430290E+03  0.0000000E+00  0.0000000E+00  0.0000000E+00  0.6365858E+01
   04  0.5446568E+03  0.0000000E+00  0.0000000E+00  0.0000000E+00  0.6365858E+01
   04  0.5462845E+03  0.0000000E+00  0.0000000E+00  0.0000000E+00  0.6365858E+01
   04  0.5479123E+03  0.0000000E+00  0.0000000E+00  0.0000000E+00  0.6365858E+01
   04  0.5495400E+03  0.0000000E+00  0.0000000E+00  0.0000000E+00  0.6365858E+01
   04  0.5511678E+03  0.0000000E+00  0.0000000E+00  0.0000000E+00  0.6365858E+01
   04  0.5527955E+03  0.0000000E+00  0.0000000E+00  0.0000000E+00  0.6365858E+01
   04  0.5544232E+03  0.0000000E+00  0.0000000E+00  0.0000000E+00  0.6365858E+01
   04  0.5560510E+03  0.0000000E+00  0.0000000E+00  0.0000000E+00  0.6365858E+01
   04  0.5576787E+03  0.0000000E+00  0.0000000E+00  0.0000000E+00  0.6365858E+01
   04  0.5593065E+03  0.0000000E+00  0.0000000E+00  0.0000000E+00  0.6365858E+01
   04  0.5609342E+03  0.0000000E+00  0.0000000E+00  0.0000000E+00  0.6365858E+01
   04  0.5625619E+03  0.0000000E+00  0.0000000E+00  0.0000000E+00  0.6365858E+01
   04  0.5641897E+03  0.0000000E+00  0.0000000E+00  0.0000000E+00  0.6365858E+01
   04  0.5658174E+03  0.0000000E+00  0.0000000E+00  0.0000000E+00  0.6365858E+01
   04  0.5674452E+03  0.0000000E+00  0.0000000E+00  0.0000000E+00  0.6365858E+01
   04  0.5690729E+03  0.0000000E+00  0.0000000E+00  0.0000000E+00  0.6365858E+01
   04  0.5707007E+03  0.0000000E+00  0.0000000E+00  0.0000000E+00  0.6365858E+01
   04  0.5723284E+03  0.0000000E+00  0.0000000E+00  0.0000000E+00  0.6365858E+01
   04  0.5739561E+03  0.0000000E+00  0.0000000E+00  0.0000000E+00  0.6365858E+01
   04  0.5755839E+03  0.0000000E+00  0.0000000E+00  0.0000000E+00  0.6365858E+01
   04  0.5772116E+03  0.0000000E+00  0.0000000E+00  0.0000000E+00  0.6365858E+01
   04  0.5788394E+03  0.0000000E+00  0.0000000E+00  0.0000000E+00  0.6365858E+01
   04  0.5804671E+03  0.0000000E+00  0.0000000E+00  0.0000000E+00  0.6365858E+01
   04  0.5820948E+03  0.0000000E+00  0.0000000E+00  0.0000000E+00  0.6365858E+01
   04  0.5837226E+03  0.0000000E+00  0.0000000E+00  0.0000000E+00  0.6365858E+01
   04  0.5853503E+03  0.0000000E+00  0.0000000E+00  0.0000000E+00  0.6365858E+01
   04  0.5869781E+03  0.0000000E+00  0.0000000E+00  0.0000000E+00  0.6365858E+01
   04  0.5886058E+03  0.0000000E+00  0.0000000E+00  0.0000000E+00  0.6365858E+01
   04  0.5902336E+03  0.0000000E+00  0.0000000E+00  0.0000000E+00  0.6365858E+01
   04  0.5918613E+03  0.0000000E+00  0.0000000E+00  0.0000000E+00  0.6365858E+01
   04  0.5934890E+03  0.0000000E+00  0.0000000E+00  0.0000000E+00  0.6365858E+01
   04  0.5951168E+03  0.0000000E+00  0.0000000E+00  0.0000000E+00  0.6365858E+01
   04  0.5967445E+03  0.0000000E+00  0.0000000E+00  0.0000000E+00  0.6365858E+01
   04  0.5983723E+03  0.0000000E+00  0.0000000E+00  0.0000000E+00  0.6365858E+01
