1.413333333333333444e-04
3.474200000000000205e-02
1.049733333333333248e-02
3.433333333333333484e-04
2.901799999999999866e-02
7.333333333333333143e-06
1.193333333333333382e-04
3.726399999999999851e-02
5.686666666666666476e-04
1.449020000000000030e-01
0.000000000000000000e+00
0.000000000000000000e+00
4.740666666666666466e-03
0.000000000000000000e+00
4.215800000000000103e-02
6.666666666666667071e-07
2.466666666666666541e-05
9.333333333333332629e-06
5.266666666666666838e-05
4.739999999999999747e-04
6.000000000000000152e-05
6.000000000000000152e-06
0.000000000000000000e+00
0.000000000000000000e+00
0.000000000000000000e+00
0.000000000000000000e+00
6.666666666666667071e-07
0.000000000000000000e+00
1.106666666666666687e-04
6.840000000000000377e-04
5.599999999999999916e-05
0.000000000000000000e+00
4.133333333333333287e-05
2.133333333333333463e-05
1.999999999999999909e-06
6.666666666666667071e-07
1.886666666666666538e-04
3.999999999999999819e-06
0.000000000000000000e+00
1.066666666666666731e-05
0.000000000000000000e+00
0.000000000000000000e+00
1.873333333333333242e-04
6.386666666666666360e-03
0.000000000000000000e+00
0.000000000000000000e+00
4.666666666666666314e-06
6.666666666666666647e-06
1.696666666666666635e-03
9.229600000000000304e-02
2.666666666666666828e-06
3.420000000000000188e-04
0.000000000000000000e+00
0.000000000000000000e+00
3.326666666666666574e-04
7.240000000000000342e-04
1.333333333333333414e-06
0.000000000000000000e+00
1.666666666666666747e-05
0.000000000000000000e+00
1.666666666666666747e-05
9.179999999999999792e-04
1.399999999999999979e-05
9.266666666666666487e-05
4.966666666666666322e-04
5.742666666666666753e-03
0.000000000000000000e+00
7.999999999999999638e-06
2.524666666666666812e-03
0.000000000000000000e+00
3.652999999999999997e-02
4.666666666666666314e-06
0.000000000000000000e+00
1.956153333333333355e-01
4.733333333333333641e-05
0.000000000000000000e+00
0.000000000000000000e+00
1.498666666666666593e-03
0.000000000000000000e+00
1.999999999999999909e-06
1.333333333333333414e-06
6.933333333333332907e-05
1.533333333333333380e-04
5.377466666666666506e-02
2.626666666666666733e-02
4.353333333333333078e-04
0.000000000000000000e+00
6.666666666666667071e-07
3.266666666666666335e-05
6.213999999999999906e-03
1.200733333333333340e-02
3.070866666666666536e-02
4.252266666666666695e-02
9.288266666666666893e-02
2.218600000000000086e-02
1.333333333333333329e-05
4.557333333333333375e-03
2.403066666666666545e-02
3.170733333333333043e-02
6.780000000000000002e-04
