3.829333333333333460e-03
7.255333333333333252e-03
1.480666666666666589e-03
5.244666666666666574e-03
6.699333333333333182e-03
1.152599999999999979e-02
6.246666666666667077e-04
7.680000000000000195e-04
2.912000000000000092e-03
4.821999999999999897e-03
2.866666666666666777e-05
3.133333333333333375e-05
9.201333333333333933e-03
3.293333333333333529e-02
1.666666666666666747e-05
8.799999999999999771e-05
8.600000000000000331e-05
1.648799999999999918e-02
1.277599999999999916e-02
1.230906666666666677e-01
3.015866666666666696e-02
3.608666666666666707e-03
2.185399999999999843e-02
2.953333333333333201e-04
1.493333333333333221e-04
7.865066666666666040e-02
4.670200000000000046e-02
7.381333333333333496e-03
2.333333333333333242e-05
6.000000000000000152e-06
1.206666666666666678e-04
2.979999999999999793e-04
5.825333333333333405e-03
4.429333333333333733e-03
4.533333333333333117e-04
1.279999999999999942e-04
2.759999999999999867e-04
3.227333333333333356e-03
3.067999999999999981e-03
6.386666666666666143e-04
4.979999999999999618e-04
2.257333333333333414e-03
5.399999999999999798e-05
1.245933333333333337e-01
4.430666666666666954e-03
1.786000000000000044e-03
1.113333333333333335e-04
3.002666666666666505e-03
3.967333333333333129e-03
8.873333333333332899e-04
8.770000000000000018e-03
1.566666666666666728e-03
2.853333333333333156e-03
3.725333333333333535e-03
1.196266666666666659e-02
2.400000000000000061e-05
9.788666666666666002e-03
4.897999999999999576e-03
4.101733333333333620e-02
2.709533333333333238e-02
1.579600000000000101e-02
5.000000000000000240e-05
4.513333333333333173e-04
1.920000000000000049e-04
1.302466666666666703e-02
8.739999999999999939e-04
2.499866666666666556e-02
3.333333333333333493e-05
1.123333333333333389e-03
4.113999999999999602e-03
8.293333333333332896e-04
1.113999999999999973e-03
1.265999999999999981e-03
6.732000000000000137e-03
1.320666666666666603e-03
7.934666666666666257e-03
2.028733333333333430e-02
1.014666666666666755e-03
5.006666666666666210e-04
4.662666666666666522e-03
2.320000000000000014e-04
2.237999999999999972e-03
1.230999999999999976e-02
3.403533333333333410e-02
1.586600000000000163e-02
1.436933333333333292e-02
3.066666666666666895e-05
1.098666666666666628e-03
2.579999999999999828e-03
3.105999999999999820e-03
2.328600000000000114e-02
2.504466666666666647e-02
5.033333333333332802e-04
1.060000000000000016e-04
9.053333333333332938e-04
4.406000000000000194e-03
4.309333333333333418e-03
4.500666666666666704e-03
1.867399999999999963e-02
2.559399999999999870e-02
