# gauge_id= 307 location=( -0.1242050000E+03  0.4176625000E+02 ) num_var=  4
# Stationary gauge
# level, time, q[  1  2  3], eta, aux[]
# file format ascii, time series follow in this file
   06  0.0000000E+00  0.4403900E+01  0.0000000E+00  0.0000000E+00  0.0000000E+00
   06  0.1000000E+01  0.4403900E+01 -0.1048975E-16 -0.5646345E-16 -0.9127787E+00
   06  0.1003968E+01  0.4403900E+01 -0.1148651E-04  0.4662220E-06 -0.9127787E+00
   06  0.1007937E+01  0.4403900E+01 -0.2297390E-04  0.9322382E-06 -0.9127788E+00
   06  0.1011905E+01  0.4403900E+01 -0.3446216E-04  0.1398048E-05 -0.9127788E+00
   06  0.1015873E+01  0.4403900E+01 -0.4595131E-04  0.1863650E-05 -0.9127788E+00
   06  0.1019841E+01  0.4403900E+01 -0.5744134E-04  0.2329044E-05 -0.9127789E+00
   06  0.1023810E+01  0.4403900E+01 -0.6893225E-04  0.2794230E-05 -0.9127789E+00
   06  0.1027778E+01  0.4403900E+01 -0.8042405E-04  0.3259207E-05 -0.9127789E+00
   06  0.1031746E+01  0.4403900E+01 -0.9191674E-04  0.3723974E-05 -0.9127790E+00
   06  0.1035714E+01  0.4403900E+01 -0.1034103E-03  0.4188531E-05 -0.9127790E+00
   06  0.1039683E+01  0.4403900E+01 -0.1149048E-03  0.4652876E-05 -0.9127790E+00
   06  0.1043651E+01  0.4403900E+01 -0.1264002E-03  0.5117010E-05 -0.9127791E+00
   06  0.1047619E+01  0.4403900E+01 -0.1378965E-03  0.5580932E-05 -0.9127791E+00
   06  0.1051587E+01  0.4403900E+01 -0.1493937E-03  0.6044640E-05 -0.9127791E+00
   06  0.1055556E+01  0.4403900E+01 -0.1608918E-03  0.6508135E-05 -0.9127792E+00
   06  0.1059524E+01  0.4403900E+01 -0.1723908E-03  0.6971415E-05 -0.9127792E+00
   06  0.1063492E+01  0.4403900E+01 -0.1838907E-03  0.7434481E-05 -0.9127792E+00
   06  0.1067460E+01  0.4403900E+01 -0.1953915E-03  0.7897331E-05 -0.9127793E+00
   06  0.1071429E+01  0.4403900E+01 -0.2068933E-03  0.8359965E-05 -0.9127793E+00
   06  0.1075397E+01  0.4403900E+01 -0.2183959E-03  0.8822381E-05 -0.9127793E+00
   06  0.1079365E+01  0.4403900E+01 -0.2298995E-03  0.9284581E-05 -0.9127794E+00
   06  0.1083333E+01  0.4403900E+01 -0.2414040E-03  0.9746562E-05 -0.9127794E+00
   06  0.1087302E+01  0.4403900E+01 -0.2529095E-03  0.1020832E-04 -0.9127794E+00
   06  0.1091270E+01  0.4403900E+01 -0.2644159E-03  0.1066987E-04 -0.9127795E+00
   06  0.1095238E+01  0.4403899E+01 -0.2759232E-03  0.1113119E-04 -0.9127795E+00
   06  0.1099206E+01  0.4403899E+01 -0.2874314E-03  0.1159229E-04 -0.9127796E+00
   06  0.1103175E+01  0.4403899E+01 -0.2989406E-03  0.1205317E-04 -0.9127796E+00
   06  0.1107143E+01  0.4403899E+01 -0.3104508E-03  0.1251383E-04 -0.9127796E+00
   06  0.1119048E+01  0.4403899E+01 -0.3449879E-03  0.1389528E-04 -0.9127797E+00
   06  0.1130952E+01  0.4403899E+01 -0.3795336E-03  0.1527470E-04 -0.9127799E+00
   06  0.1142857E+01  0.4403899E+01 -0.4140880E-03  0.1665208E-04 -0.9127800E+00
   06  0.1154762E+01  0.4403899E+01 -0.4486511E-03  0.1802741E-04 -0.9127801E+00
   06  0.1166667E+01  0.4403899E+01 -0.4832231E-03  0.1940065E-04 -0.9127802E+00
   06  0.1178571E+01  0.4403899E+01 -0.5178039E-03  0.2077180E-04 -0.9127803E+00
   06  0.1190476E+01  0.4403899E+01 -0.5523937E-03  0.2214084E-04 -0.9127805E+00
   06  0.1202381E+01  0.4403898E+01 -0.5869925E-03  0.2350775E-04 -0.9127806E+00
   06  0.1214286E+01  0.4403898E+01 -0.6216004E-03  0.2487251E-04 -0.9127807E+00
   06  0.1226190E+01  0.4403898E+01 -0.6562175E-03  0.2623511E-04 -0.9127809E+00
   06  0.1238095E+01  0.4403898E+01 -0.6908439E-03  0.2759552E-04 -0.9127810E+00
   06  0.1250000E+01  0.4403898E+01 -0.7254797E-03  0.2895374E-04 -0.9127811E+00
   06  0.1261905E+01  0.4403898E+01 -0.7601248E-03  0.3030973E-04 -0.9127813E+00
   06  0.1273810E+01  0.4403898E+01 -0.7947794E-03  0.3166348E-04 -0.9127814E+00
   06  0.1285714E+01  0.4403897E+01 -0.8294436E-03  0.3301498E-04 -0.9127816E+00
   06  0.1297619E+01  0.4403897E+01 -0.8641175E-03  0.3436421E-04 -0.9127817E+00
   06  0.1309524E+01  0.4403897E+01 -0.8988010E-03  0.3571114E-04 -0.9127819E+00
   06  0.1321429E+01  0.4403897E+01 -0.9334944E-03  0.3705577E-04 -0.9127820E+00
   06  0.1333333E+01  0.4403897E+01 -0.9681976E-03  0.3839806E-04 -0.9127822E+00
   06  0.1345238E+01  0.4403897E+01 -0.1002911E-02  0.3973801E-04 -0.9127823E+00
   06  0.1357143E+01  0.4403897E+01 -0.1037634E-02  0.4107560E-04 -0.9127825E+00
   06  0.1369048E+01  0.4403896E+01 -0.1072367E-02  0.4241080E-04 -0.9127826E+00
   06  0.1380952E+01  0.4403896E+01 -0.1107111E-02  0.4374360E-04 -0.9127828E+00
   06  0.1392857E+01  0.4403896E+01 -0.1141865E-02  0.4507398E-04 -0.9127830E+00
   06  0.1404762E+01  0.4403896E+01 -0.1176629E-02  0.4640192E-04 -0.9127831E+00
   06  0.1416667E+01  0.4403896E+01 -0.1211403E-02  0.4772741E-04 -0.9127833E+00
   06  0.1428571E+01  0.4403896E+01 -0.1246188E-02  0.4905042E-04 -0.9127835E+00
   06  0.1476190E+01  0.4403895E+01 -0.1385454E-02  0.5433217E-04 -0.9127842E+00
   06  0.1523810E+01  0.4403894E+01 -0.1524894E-02  0.5957272E-04 -0.9127850E+00
   06  0.1571429E+01  0.4403893E+01 -0.1664513E-02  0.6477086E-04 -0.9127858E+00
   06  0.1619048E+01  0.4403892E+01 -0.1804317E-02  0.6992536E-04 -0.9127866E+00
   06  0.1666667E+01  0.4403891E+01 -0.1944310E-02  0.7503499E-04 -0.9127875E+00
   06  0.1714286E+01  0.4403891E+01 -0.2084499E-02  0.8009850E-04 -0.9127884E+00
   06  0.1761905E+01  0.4403890E+01 -0.2224887E-02  0.8511464E-04 -0.9127894E+00
   06  0.1809524E+01  0.4403889E+01 -0.2365480E-02  0.9008212E-04 -0.9127904E+00
   06  0.1857143E+01  0.4403888E+01 -0.2506284E-02  0.9499965E-04 -0.9127915E+00
   06  0.1904762E+01  0.4403886E+01 -0.2647304E-02  0.9986593E-04 -0.9127926E+00
   06  0.1952381E+01  0.4403885E+01 -0.2788544E-02  0.1046796E-03 -0.9127937E+00
