# gauge_id= 613 location=( -0.1242110343E+03  0.4176499358E+02 ) num_var=  4
# Stationary gauge
# level, time, q[  1  2  3], eta, aux[]
# file format ascii, time series follow in this file
   06  0.0000000E+00  0.1560618E+02  0.0000000E+00  0.0000000E+00  0.0000000E+00
   06  0.1000000E+01  0.1560618E+02  0.2367942E-14 -0.1387562E-14 -0.9446250E+00
   06  0.1003968E+01  0.1560618E+02 -0.3912739E-04  0.1638565E-05 -0.9446250E+00
   06  0.1007937E+01  0.1560618E+02 -0.7825473E-04  0.3277130E-05 -0.9446250E+00
   06  0.1011905E+01  0.1560618E+02 -0.1173820E-03  0.4915696E-05 -0.9446250E+00
   06  0.1015873E+01  0.1560618E+02 -0.1565092E-03  0.6554263E-05 -0.9446250E+00
   06  0.1019841E+01  0.1560618E+02 -0.1956364E-03  0.8192833E-05 -0.9446250E+00
   06  0.1023810E+01  0.1560618E+02 -0.2347635E-03  0.9831404E-05 -0.9446250E+00
   06  0.1027778E+01  0.1560618E+02 -0.2738905E-03  0.1146998E-04 -0.9446250E+00
   06  0.1031746E+01  0.1560618E+02 -0.3130175E-03  0.1310855E-04 -0.9446250E+00
   06  0.1035714E+01  0.1560618E+02 -0.3521444E-03  0.1474713E-04 -0.9446250E+00
   06  0.1039683E+01  0.1560618E+02 -0.3912713E-03  0.1638572E-04 -0.9446250E+00
   06  0.1043651E+01  0.1560618E+02 -0.4303981E-03  0.1802431E-04 -0.9446250E+00
   06  0.1047619E+01  0.1560618E+02 -0.4695248E-03  0.1966290E-04 -0.9446250E+00
   06  0.1051587E+01  0.1560618E+02 -0.5086515E-03  0.2130150E-04 -0.9446250E+00
   06  0.1055556E+01  0.1560618E+02 -0.5477781E-03  0.2294010E-04 -0.9446250E+00
   06  0.1059524E+01  0.1560618E+02 -0.5869047E-03  0.2457871E-04 -0.9446250E+00
   06  0.1063492E+01  0.1560618E+02 -0.6260312E-03  0.2621732E-04 -0.9446250E+00
   06  0.1067460E+01  0.1560618E+02 -0.6651576E-03  0.2785594E-04 -0.9446250E+00
   06  0.1071429E+01  0.1560618E+02 -0.7042840E-03  0.2949457E-04 -0.9446250E+00
   06  0.1075397E+01  0.1560618E+02 -0.7434103E-03  0.3113320E-04 -0.9446250E+00
   06  0.1079365E+01  0.1560618E+02 -0.7825365E-03  0.3277184E-04 -0.9446250E+00
   06  0.1083333E+01  0.1560618E+02 -0.8216627E-03  0.3441049E-04 -0.9446250E+00
   06  0.1087302E+01  0.1560618E+02 -0.8607888E-03  0.3604915E-04 -0.9446250E+00
   06  0.1091270E+01  0.1560618E+02 -0.8999148E-03  0.3768782E-04 -0.9446250E+00
   06  0.1095238E+01  0.1560618E+02 -0.9390408E-03  0.3932649E-04 -0.9446250E+00
   06  0.1099206E+01  0.1560618E+02 -0.9781667E-03  0.4096518E-04 -0.9446250E+00
   06  0.1103175E+01  0.1560618E+02 -0.1017292E-02  0.4260387E-04 -0.9446250E+00
   06  0.1107143E+01  0.1560618E+02 -0.1056418E-02  0.4424258E-04 -0.9446250E+00
   06  0.1119048E+01  0.1560618E+02 -0.1173795E-02  0.4915863E-04 -0.9446250E+00
   06  0.1130952E+01  0.1560618E+02 -0.1291171E-02  0.5407479E-04 -0.9446250E+00
   06  0.1142857E+01  0.1560618E+02 -0.1408547E-02  0.5899106E-04 -0.9446250E+00
   06  0.1154762E+01  0.1560618E+02 -0.1525922E-02  0.6390746E-04 -0.9446250E+00
   06  0.1166667E+01  0.1560618E+02 -0.1643296E-02  0.6882400E-04 -0.9446250E+00
   06  0.1178571E+01  0.1560618E+02 -0.1760670E-02  0.7374068E-04 -0.9446249E+00
   06  0.1190476E+01  0.1560618E+02 -0.1878042E-02  0.7865751E-04 -0.9446249E+00
   06  0.1202381E+01  0.1560618E+02 -0.1995415E-02  0.8357452E-04 -0.9446249E+00
   06  0.1214286E+01  0.1560618E+02 -0.2112786E-02  0.8849170E-04 -0.9446249E+00
   06  0.1226190E+01  0.1560618E+02 -0.2230157E-02  0.9340907E-04 -0.9446249E+00
   06  0.1238095E+01  0.1560618E+02 -0.2347527E-02  0.9832664E-04 -0.9446249E+00
   06  0.1250000E+01  0.1560618E+02 -0.2464896E-02  0.1032444E-03 -0.9446249E+00
   06  0.1261905E+01  0.1560618E+02 -0.2582265E-02  0.1081624E-03 -0.9446249E+00
   06  0.1273810E+01  0.1560618E+02 -0.2699632E-02  0.1130806E-03 -0.9446249E+00
   06  0.1285714E+01  0.1560618E+02 -0.2816999E-02  0.1179991E-03 -0.9446249E+00
   06  0.1297619E+01  0.1560618E+02 -0.2934365E-02  0.1229178E-03 -0.9446248E+00
   06  0.1309524E+01  0.1560618E+02 -0.3051731E-02  0.1278368E-03 -0.9446248E+00
   06  0.1321429E+01  0.1560618E+02 -0.3169095E-02  0.1327560E-03 -0.9446248E+00
   06  0.1333333E+01  0.1560618E+02 -0.3286459E-02  0.1376755E-03 -0.9446248E+00
   06  0.1345238E+01  0.1560618E+02 -0.3403822E-02  0.1425953E-03 -0.9446248E+00
   06  0.1357143E+01  0.1560618E+02 -0.3521184E-02  0.1475154E-03 -0.9446248E+00
   06  0.1369048E+01  0.1560618E+02 -0.3638545E-02  0.1524358E-03 -0.9446248E+00
   06  0.1380952E+01  0.1560618E+02 -0.3755906E-02  0.1573566E-03 -0.9446248E+00
   06  0.1392857E+01  0.1560618E+02 -0.3873265E-02  0.1622776E-03 -0.9446247E+00
   06  0.1404762E+01  0.1560618E+02 -0.3990624E-02  0.1671990E-03 -0.9446247E+00
   06  0.1416667E+01  0.1560618E+02 -0.4107981E-02  0.1721208E-03 -0.9446247E+00
   06  0.1428571E+01  0.1560618E+02 -0.4225338E-02  0.1770429E-03 -0.9446247E+00
   06  0.1476190E+01  0.1560618E+02 -0.4694756E-02  0.1967326E-03 -0.9446246E+00
   06  0.1523810E+01  0.1560618E+02 -0.5164158E-02  0.2164288E-03 -0.9446245E+00
   06  0.1571429E+01  0.1560618E+02 -0.5633544E-02  0.2361322E-03 -0.9446245E+00
   06  0.1619048E+01  0.1560618E+02 -0.6102914E-02  0.2558434E-03 -0.9446244E+00
   06  0.1666667E+01  0.1560618E+02 -0.6572267E-02  0.2755629E-03 -0.9446243E+00
   06  0.1714286E+01  0.1560618E+02 -0.7041602E-02  0.2952915E-03 -0.9446242E+00
   06  0.1761905E+01  0.1560618E+02 -0.7510918E-02  0.3150297E-03 -0.9446240E+00
   06  0.1809524E+01  0.1560618E+02 -0.7980216E-02  0.3347781E-03 -0.9446239E+00
   06  0.1857143E+01  0.1560618E+02 -0.8449494E-02  0.3545374E-03 -0.9446238E+00
   06  0.1904762E+01  0.1560618E+02 -0.8918752E-02  0.3743082E-03 -0.9446237E+00
   06  0.1952381E+01  0.1560618E+02 -0.9387990E-02  0.3940910E-03 -0.9446235E+00
