# gauge_id= 204 location=( -0.1242016000E+03  0.4175375000E+02 ) num_var=  4
# Stationary gauge
# level, time, q[  1  2  3], eta, aux[]
# file format ascii, time series follow in this file
   06  0.0000000E+00  0.6801339E+01  0.0000000E+00  0.0000000E+00  0.0000000E+00
   06  0.1000000E+01  0.6801339E+01  0.2512107E-15 -0.1728428E-15 -0.8894419E+00
   06  0.1003968E+01  0.6801339E+01 -0.1748097E-04  0.1131803E-05 -0.8894420E+00
   06  0.1007937E+01  0.6801339E+01 -0.3496229E-04  0.2263435E-05 -0.8894420E+00
   06  0.1011905E+01  0.6801339E+01 -0.5244397E-04  0.3394893E-05 -0.8894420E+00
   06  0.1015873E+01  0.6801339E+01 -0.6992601E-04  0.4526176E-05 -0.8894420E+00
   06  0.1019841E+01  0.6801339E+01 -0.8740840E-04  0.5657284E-05 -0.8894421E+00
   06  0.1023810E+01  0.6801339E+01 -0.1048912E-03  0.6788215E-05 -0.8894421E+00
   06  0.1027778E+01  0.6801339E+01 -0.1223743E-03  0.7918969E-05 -0.8894421E+00
   06  0.1031746E+01  0.6801339E+01 -0.1398578E-03  0.9049543E-05 -0.8894421E+00
   06  0.1035714E+01  0.6801339E+01 -0.1573416E-03  0.1017994E-04 -0.8894422E+00
   06  0.1039683E+01  0.6801339E+01 -0.1748258E-03  0.1131015E-04 -0.8894422E+00
   06  0.1043651E+01  0.6801339E+01 -0.1923104E-03  0.1244018E-04 -0.8894422E+00
   06  0.1047619E+01  0.6801339E+01 -0.2097954E-03  0.1357003E-04 -0.8894422E+00
   06  0.1051587E+01  0.6801339E+01 -0.2272807E-03  0.1469970E-04 -0.8894423E+00
   06  0.1055556E+01  0.6801339E+01 -0.2447664E-03  0.1582917E-04 -0.8894423E+00
   06  0.1059524E+01  0.6801338E+01 -0.2622525E-03  0.1695847E-04 -0.8894423E+00
   06  0.1063492E+01  0.6801338E+01 -0.2797390E-03  0.1808757E-04 -0.8894423E+00
   06  0.1067460E+01  0.6801338E+01 -0.2972258E-03  0.1921649E-04 -0.8894424E+00
   06  0.1071429E+01  0.6801338E+01 -0.3147130E-03  0.2034521E-04 -0.8894424E+00
   06  0.1075397E+01  0.6801338E+01 -0.3322006E-03  0.2147375E-04 -0.8894424E+00
   06  0.1079365E+01  0.6801338E+01 -0.3496886E-03  0.2260209E-04 -0.8894424E+00
   06  0.1083333E+01  0.6801338E+01 -0.3671770E-03  0.2373024E-04 -0.8894425E+00
   06  0.1087302E+01  0.6801338E+01 -0.3846658E-03  0.2485819E-04 -0.8894425E+00
   06  0.1091270E+01  0.6801338E+01 -0.4021550E-03  0.2598596E-04 -0.8894425E+00
   06  0.1095238E+01  0.6801338E+01 -0.4196445E-03  0.2711352E-04 -0.8894426E+00
   06  0.1099206E+01  0.6801338E+01 -0.4371344E-03  0.2824089E-04 -0.8894426E+00
   06  0.1103175E+01  0.6801338E+01 -0.4546248E-03  0.2936805E-04 -0.8894426E+00
   06  0.1107143E+01  0.6801338E+01 -0.4721155E-03  0.3049502E-04 -0.8894426E+00
   06  0.1119048E+01  0.6801338E+01 -0.5245899E-03  0.3387530E-04 -0.8894427E+00
   06  0.1130952E+01  0.6801338E+01 -0.5770678E-03  0.3725374E-04 -0.8894428E+00
   06  0.1142857E+01  0.6801338E+01 -0.6295495E-03  0.4063032E-04 -0.8894429E+00
   06  0.1154762E+01  0.6801338E+01 -0.6820348E-03  0.4400501E-04 -0.8894430E+00
   06  0.1166667E+01  0.6801338E+01 -0.7345239E-03  0.4737777E-04 -0.8894431E+00
   06  0.1178571E+01  0.6801338E+01 -0.7870169E-03  0.5074859E-04 -0.8894431E+00
   06  0.1190476E+01  0.6801338E+01 -0.8395137E-03  0.5411743E-04 -0.8894432E+00
   06  0.1202381E+01  0.6801337E+01 -0.8920144E-03  0.5748426E-04 -0.8894433E+00
   06  0.1214286E+01  0.6801337E+01 -0.9445191E-03  0.6084905E-04 -0.8894434E+00
   06  0.1226190E+01  0.6801337E+01 -0.9970277E-03  0.6421178E-04 -0.8894435E+00
   06  0.1238095E+01  0.6801337E+01 -0.1049540E-02  0.6757241E-04 -0.8894436E+00
   06  0.1250000E+01  0.6801337E+01 -0.1102057E-02  0.7093093E-04 -0.8894437E+00
   06  0.1261905E+01  0.6801337E+01 -0.1154578E-02  0.7428729E-04 -0.8894438E+00
   06  0.1273810E+01  0.6801337E+01 -0.1207103E-02  0.7764147E-04 -0.8894439E+00
   06  0.1285714E+01  0.6801337E+01 -0.1259633E-02  0.8099344E-04 -0.8894440E+00
   06  0.1297619E+01  0.6801337E+01 -0.1312166E-02  0.8434318E-04 -0.8894441E+00
   06  0.1309524E+01  0.6801337E+01 -0.1364704E-02  0.8769066E-04 -0.8894442E+00
   06  0.1321429E+01  0.6801336E+01 -0.1417246E-02  0.9103584E-04 -0.8894443E+00
   06  0.1333333E+01  0.6801336E+01 -0.1469793E-02  0.9437870E-04 -0.8894444E+00
   06  0.1345238E+01  0.6801336E+01 -0.1522344E-02  0.9771922E-04 -0.8894445E+00
   06  0.1357143E+01  0.6801336E+01 -0.1574900E-02  0.1010574E-03 -0.8894446E+00
   06  0.1369048E+01  0.6801336E+01 -0.1627460E-02  0.1043931E-03 -0.8894447E+00
   06  0.1380952E+01  0.6801336E+01 -0.1680025E-02  0.1077264E-03 -0.8894448E+00
   06  0.1392857E+01  0.6801336E+01 -0.1732594E-02  0.1110572E-03 -0.8894449E+00
   06  0.1404762E+01  0.6801336E+01 -0.1785168E-02  0.1143856E-03 -0.8894450E+00
   06  0.1416667E+01  0.6801336E+01 -0.1837747E-02  0.1177114E-03 -0.8894452E+00
   06  0.1428571E+01  0.6801336E+01 -0.1890331E-02  0.1210347E-03 -0.8894453E+00
   06  0.1476190E+01  0.6801335E+01 -0.2100706E-02  0.1343124E-03 -0.8894457E+00
   06  0.1523810E+01  0.6801335E+01 -0.2311161E-02  0.1475474E-03 -0.8894462E+00
   06  0.1571429E+01  0.6801334E+01 -0.2521698E-02  0.1607379E-03 -0.8894467E+00
   06  0.1619048E+01  0.6801334E+01 -0.2732320E-02  0.1738824E-03 -0.8894472E+00
   06  0.1666667E+01  0.6801333E+01 -0.2943030E-02  0.1869789E-03 -0.8894478E+00
   06  0.1714286E+01  0.6801332E+01 -0.3153830E-02  0.2000260E-03 -0.8894483E+00
   06  0.1761905E+01  0.6801332E+01 -0.3364723E-02  0.2130220E-03 -0.8894489E+00
   06  0.1809524E+01  0.6801331E+01 -0.3575712E-02  0.2259652E-03 -0.8894495E+00
   06  0.1857143E+01  0.6801331E+01 -0.3786799E-02  0.2388539E-03 -0.8894501E+00
   06  0.1904762E+01  0.6801330E+01 -0.3997987E-02  0.2516867E-03 -0.8894507E+00
   06  0.1952381E+01  0.6801329E+01 -0.4209280E-02  0.2644620E-03 -0.8894513E+00
