# gauge_id= 605 location=( -0.1242015246E+03  0.4175949634E+02 ) num_var=  4
# Stationary gauge
# level, time, q[  1  2  3], eta, aux[]
# file format ascii, time series follow in this file
   06  0.0000000E+00  0.1253674E+02  0.0000000E+00  0.0000000E+00  0.0000000E+00
   06  0.1000000E+01  0.1253674E+02 -0.3448609E-14 -0.6429130E-15 -0.8917684E+00
   06  0.1003968E+01  0.1253674E+02 -0.3150043E-04  0.2085824E-05 -0.8917684E+00
   06  0.1007937E+01  0.1253674E+02 -0.6300102E-04  0.4171666E-05 -0.8917684E+00
   06  0.1011905E+01  0.1253674E+02 -0.9450178E-04  0.6257526E-05 -0.8917684E+00
   06  0.1015873E+01  0.1253674E+02 -0.1260027E-03  0.8343404E-05 -0.8917684E+00
   06  0.1019841E+01  0.1253674E+02 -0.1575038E-03  0.1042930E-04 -0.8917684E+00
   06  0.1023810E+01  0.1253674E+02 -0.1890051E-03  0.1251521E-04 -0.8917684E+00
   06  0.1027778E+01  0.1253674E+02 -0.2205065E-03  0.1460115E-04 -0.8917684E+00
   06  0.1031746E+01  0.1253674E+02 -0.2520081E-03  0.1668710E-04 -0.8917684E+00
   06  0.1035714E+01  0.1253674E+02 -0.2835099E-03  0.1877307E-04 -0.8917684E+00
   06  0.1039683E+01  0.1253674E+02 -0.3150118E-03  0.2085906E-04 -0.8917684E+00
   06  0.1043651E+01  0.1253674E+02 -0.3465139E-03  0.2294507E-04 -0.8917684E+00
   06  0.1047619E+01  0.1253674E+02 -0.3780163E-03  0.2503110E-04 -0.8917684E+00
   06  0.1051587E+01  0.1253674E+02 -0.4095187E-03  0.2711715E-04 -0.8917684E+00
   06  0.1055556E+01  0.1253674E+02 -0.4410214E-03  0.2920322E-04 -0.8917684E+00
   06  0.1059524E+01  0.1253674E+02 -0.4725243E-03  0.3128932E-04 -0.8917684E+00
   06  0.1063492E+01  0.1253674E+02 -0.5040273E-03  0.3337543E-04 -0.8917684E+00
   06  0.1067460E+01  0.1253674E+02 -0.5355305E-03  0.3546156E-04 -0.8917684E+00
   06  0.1071429E+01  0.1253674E+02 -0.5670340E-03  0.3754771E-04 -0.8917684E+00
   06  0.1075397E+01  0.1253674E+02 -0.5985376E-03  0.3963389E-04 -0.8917684E+00
   06  0.1079365E+01  0.1253674E+02 -0.6300414E-03  0.4172009E-04 -0.8917684E+00
   06  0.1083333E+01  0.1253674E+02 -0.6615453E-03  0.4380630E-04 -0.8917684E+00
   06  0.1087302E+01  0.1253674E+02 -0.6930495E-03  0.4589255E-04 -0.8917684E+00
   06  0.1091270E+01  0.1253674E+02 -0.7245539E-03  0.4797881E-04 -0.8917684E+00
   06  0.1095238E+01  0.1253674E+02 -0.7560585E-03  0.5006509E-04 -0.8917684E+00
   06  0.1099206E+01  0.1253674E+02 -0.7875633E-03  0.5215140E-04 -0.8917684E+00
   06  0.1103175E+01  0.1253674E+02 -0.8190682E-03  0.5423773E-04 -0.8917684E+00
   06  0.1107143E+01  0.1253674E+02 -0.8505734E-03  0.5632409E-04 -0.8917684E+00
   06  0.1119048E+01  0.1253674E+02 -0.9450899E-03  0.6258312E-04 -0.8917684E+00
   06  0.1130952E+01  0.1253674E+02 -0.1039608E-02  0.6884238E-04 -0.8917685E+00
   06  0.1142857E+01  0.1253674E+02 -0.1134128E-02  0.7510185E-04 -0.8917685E+00
   06  0.1154762E+01  0.1253674E+02 -0.1228651E-02  0.8136155E-04 -0.8917685E+00
   06  0.1166667E+01  0.1253674E+02 -0.1323175E-02  0.8762149E-04 -0.8917685E+00
   06  0.1178571E+01  0.1253674E+02 -0.1417701E-02  0.9388167E-04 -0.8917685E+00
   06  0.1190476E+01  0.1253674E+02 -0.1512229E-02  0.1001421E-03 -0.8917685E+00
   06  0.1202381E+01  0.1253674E+02 -0.1606759E-02  0.1064028E-03 -0.8917685E+00
   06  0.1214286E+01  0.1253674E+02 -0.1701292E-02  0.1126637E-03 -0.8917685E+00
   06  0.1226190E+01  0.1253674E+02 -0.1795827E-02  0.1189249E-03 -0.8917685E+00
   06  0.1238095E+01  0.1253674E+02 -0.1890364E-02  0.1251864E-03 -0.8917685E+00
   06  0.1250000E+01  0.1253674E+02 -0.1984903E-02  0.1314481E-03 -0.8917686E+00
   06  0.1261905E+01  0.1253674E+02 -0.2079444E-02  0.1377101E-03 -0.8917686E+00
   06  0.1273810E+01  0.1253674E+02 -0.2173988E-02  0.1439725E-03 -0.8917686E+00
   06  0.1285714E+01  0.1253674E+02 -0.2268534E-02  0.1502351E-03 -0.8917686E+00
   06  0.1297619E+01  0.1253674E+02 -0.2363083E-02  0.1564980E-03 -0.8917686E+00
   06  0.1309524E+01  0.1253674E+02 -0.2457634E-02  0.1627612E-03 -0.8917686E+00
   06  0.1321429E+01  0.1253674E+02 -0.2552188E-02  0.1690247E-03 -0.8917687E+00
   06  0.1333333E+01  0.1253674E+02 -0.2646744E-02  0.1752885E-03 -0.8917687E+00
   06  0.1345238E+01  0.1253674E+02 -0.2741302E-02  0.1815527E-03 -0.8917687E+00
   06  0.1357143E+01  0.1253674E+02 -0.2835864E-02  0.1878172E-03 -0.8917687E+00
   06  0.1369048E+01  0.1253674E+02 -0.2930428E-02  0.1940820E-03 -0.8917687E+00
   06  0.1380952E+01  0.1253674E+02 -0.3024995E-02  0.2003471E-03 -0.8917688E+00
   06  0.1392857E+01  0.1253674E+02 -0.3119564E-02  0.2066126E-03 -0.8917688E+00
   06  0.1404762E+01  0.1253674E+02 -0.3214136E-02  0.2128785E-03 -0.8917688E+00
   06  0.1416667E+01  0.1253674E+02 -0.3308711E-02  0.2191447E-03 -0.8917688E+00
   06  0.1428571E+01  0.1253674E+02 -0.3403289E-02  0.2254112E-03 -0.8917688E+00
   06  0.1476190E+01  0.1253674E+02 -0.3781619E-02  0.2504786E-03 -0.8917689E+00
   06  0.1523810E+01  0.1253674E+02 -0.4159996E-02  0.2755522E-03 -0.8917690E+00
   06  0.1571429E+01  0.1253674E+02 -0.4538423E-02  0.3006324E-03 -0.8917692E+00
   06  0.1619048E+01  0.1253674E+02 -0.4916901E-02  0.3257196E-03 -0.8917693E+00
   06  0.1666667E+01  0.1253674E+02 -0.5295433E-02  0.3508141E-03 -0.8917694E+00
   06  0.1714286E+01  0.1253674E+02 -0.5674020E-02  0.3759162E-03 -0.8917696E+00
   06  0.1761905E+01  0.1253674E+02 -0.6052665E-02  0.4010263E-03 -0.8917697E+00
   06  0.1809524E+01  0.1253674E+02 -0.6431370E-02  0.4261447E-03 -0.8917699E+00
   06  0.1857143E+01  0.1253674E+02 -0.6810136E-02  0.4512716E-03 -0.8917700E+00
   06  0.1904762E+01  0.1253674E+02 -0.7188965E-02  0.4764075E-03 -0.8917702E+00
   06  0.1952381E+01  0.1253674E+02 -0.7567859E-02  0.5015525E-03 -0.8917704E+00
