# gauge_id= 205 location=( -0.1242068000E+03  0.4176000000E+02 ) num_var=  4
# Stationary gauge
# level, time, q[  1  2  3], eta, aux[]
# file format ascii, time series follow in this file
   06  0.0000000E+00  0.1565069E+02  0.0000000E+00  0.0000000E+00  0.0000000E+00
   06  0.1000000E+01  0.1565069E+02 -0.8464369E-15  0.6228500E-15 -0.9202151E+00
   06  0.1003968E+01  0.1565069E+02 -0.3927990E-04  0.2501114E-05 -0.9202151E+00
   06  0.1007937E+01  0.1565069E+02 -0.7855978E-04  0.5002231E-05 -0.9202151E+00
   06  0.1011905E+01  0.1565069E+02 -0.1178396E-03  0.7503349E-05 -0.9202151E+00
   06  0.1015873E+01  0.1565069E+02 -0.1571195E-03  0.1000447E-04 -0.9202151E+00
   06  0.1019841E+01  0.1565069E+02 -0.1963993E-03  0.1250559E-04 -0.9202151E+00
   06  0.1023810E+01  0.1565069E+02 -0.2356791E-03  0.1500672E-04 -0.9202151E+00
   06  0.1027778E+01  0.1565069E+02 -0.2749589E-03  0.1750784E-04 -0.9202151E+00
   06  0.1031746E+01  0.1565069E+02 -0.3142386E-03  0.2000897E-04 -0.9202151E+00
   06  0.1035714E+01  0.1565069E+02 -0.3535183E-03  0.2251010E-04 -0.9202151E+00
   06  0.1039683E+01  0.1565069E+02 -0.3927980E-03  0.2501123E-04 -0.9202151E+00
   06  0.1043651E+01  0.1565069E+02 -0.4320777E-03  0.2751236E-04 -0.9202151E+00
   06  0.1047619E+01  0.1565069E+02 -0.4713574E-03  0.3001350E-04 -0.9202151E+00
   06  0.1051587E+01  0.1565069E+02 -0.5106370E-03  0.3251464E-04 -0.9202151E+00
   06  0.1055556E+01  0.1565069E+02 -0.5499166E-03  0.3501578E-04 -0.9202151E+00
   06  0.1059524E+01  0.1565069E+02 -0.5891962E-03  0.3751692E-04 -0.9202151E+00
   06  0.1063492E+01  0.1565069E+02 -0.6284757E-03  0.4001806E-04 -0.9202151E+00
   06  0.1067460E+01  0.1565069E+02 -0.6677553E-03  0.4251920E-04 -0.9202151E+00
   06  0.1071429E+01  0.1565069E+02 -0.7070348E-03  0.4502035E-04 -0.9202151E+00
   06  0.1075397E+01  0.1565069E+02 -0.7463143E-03  0.4752150E-04 -0.9202151E+00
   06  0.1079365E+01  0.1565069E+02 -0.7855937E-03  0.5002265E-04 -0.9202151E+00
   06  0.1083333E+01  0.1565069E+02 -0.8248731E-03  0.5252380E-04 -0.9202151E+00
   06  0.1087302E+01  0.1565069E+02 -0.8641525E-03  0.5502495E-04 -0.9202151E+00
   06  0.1091270E+01  0.1565069E+02 -0.9034319E-03  0.5752611E-04 -0.9202151E+00
   06  0.1095238E+01  0.1565069E+02 -0.9427113E-03  0.6002726E-04 -0.9202151E+00
   06  0.1099206E+01  0.1565069E+02 -0.9819906E-03  0.6252842E-04 -0.9202151E+00
   06  0.1103175E+01  0.1565069E+02 -0.1021270E-02  0.6502958E-04 -0.9202151E+00
   06  0.1107143E+01  0.1565069E+02 -0.1060549E-02  0.6753074E-04 -0.9202151E+00
   06  0.1119048E+01  0.1565069E+02 -0.1178387E-02  0.7503421E-04 -0.9202151E+00
   06  0.1130952E+01  0.1565069E+02 -0.1296224E-02  0.8253769E-04 -0.9202151E+00
   06  0.1142857E+01  0.1565069E+02 -0.1414061E-02  0.9004119E-04 -0.9202151E+00
   06  0.1154762E+01  0.1565069E+02 -0.1531898E-02  0.9754470E-04 -0.9202151E+00
   06  0.1166667E+01  0.1565069E+02 -0.1649735E-02  0.1050482E-03 -0.9202151E+00
   06  0.1178571E+01  0.1565069E+02 -0.1767571E-02  0.1125518E-03 -0.9202151E+00
   06  0.1190476E+01  0.1565069E+02 -0.1885407E-02  0.1200553E-03 -0.9202151E+00
   06  0.1202381E+01  0.1565069E+02 -0.2003242E-02  0.1275589E-03 -0.9202151E+00
   06  0.1214286E+01  0.1565069E+02 -0.2121078E-02  0.1350625E-03 -0.9202151E+00
   06  0.1226190E+01  0.1565069E+02 -0.2238912E-02  0.1425661E-03 -0.9202151E+00
   06  0.1238095E+01  0.1565069E+02 -0.2356747E-02  0.1500697E-03 -0.9202151E+00
   06  0.1250000E+01  0.1565069E+02 -0.2474581E-02  0.1575733E-03 -0.9202151E+00
   06  0.1261905E+01  0.1565069E+02 -0.2592415E-02  0.1650769E-03 -0.9202151E+00
   06  0.1273810E+01  0.1565069E+02 -0.2710249E-02  0.1725806E-03 -0.9202151E+00
   06  0.1285714E+01  0.1565069E+02 -0.2828082E-02  0.1800842E-03 -0.9202151E+00
   06  0.1297619E+01  0.1565069E+02 -0.2945915E-02  0.1875879E-03 -0.9202151E+00
   06  0.1309524E+01  0.1565069E+02 -0.3063747E-02  0.1950916E-03 -0.9202151E+00
   06  0.1321429E+01  0.1565069E+02 -0.3181579E-02  0.2025953E-03 -0.9202151E+00
   06  0.1333333E+01  0.1565069E+02 -0.3299411E-02  0.2100990E-03 -0.9202151E+00
   06  0.1345238E+01  0.1565069E+02 -0.3417242E-02  0.2176027E-03 -0.9202151E+00
   06  0.1357143E+01  0.1565069E+02 -0.3535072E-02  0.2251064E-03 -0.9202151E+00
   06  0.1369048E+01  0.1565069E+02 -0.3652903E-02  0.2326101E-03 -0.9202151E+00
   06  0.1380952E+01  0.1565069E+02 -0.3770733E-02  0.2401139E-03 -0.9202151E+00
   06  0.1392857E+01  0.1565069E+02 -0.3888562E-02  0.2476177E-03 -0.9202151E+00
   06  0.1404762E+01  0.1565069E+02 -0.4006391E-02  0.2551214E-03 -0.9202151E+00
   06  0.1416667E+01  0.1565069E+02 -0.4124219E-02  0.2626252E-03 -0.9202151E+00
   06  0.1428571E+01  0.1565069E+02 -0.4242047E-02  0.2701290E-03 -0.9202151E+00
   06  0.1476190E+01  0.1565069E+02 -0.4713356E-02  0.3001439E-03 -0.9202152E+00
   06  0.1523810E+01  0.1565069E+02 -0.5184656E-02  0.3301591E-03 -0.9202152E+00
   06  0.1571429E+01  0.1565069E+02 -0.5655949E-02  0.3601744E-03 -0.9202152E+00
   06  0.1619048E+01  0.1565069E+02 -0.6127232E-02  0.3901900E-03 -0.9202153E+00
   06  0.1666667E+01  0.1565069E+02 -0.6598505E-02  0.4202057E-03 -0.9202153E+00
   06  0.1714286E+01  0.1565069E+02 -0.7069769E-02  0.4502217E-03 -0.9202154E+00
   06  0.1761905E+01  0.1565069E+02 -0.7541023E-02  0.4802378E-03 -0.9202155E+00
   06  0.1809524E+01  0.1565069E+02 -0.8012266E-02  0.5102542E-03 -0.9202155E+00
   06  0.1857143E+01  0.1565069E+02 -0.8483497E-02  0.5402708E-03 -0.9202156E+00
   06  0.1904762E+01  0.1565069E+02 -0.8954717E-02  0.5702876E-03 -0.9202157E+00
   06  0.1952381E+01  0.1565069E+02 -0.9425926E-02  0.6003047E-03 -0.9202157E+00
