# gauge_id= 606 location=( -0.1242062325E+03  0.4175453827E+02 ) num_var=  4
# Stationary gauge
# level, time, q[  1  2  3], eta, aux[]
# file format ascii, time series follow in this file
   06  0.0000000E+00  0.1298148E+02  0.0000000E+00  0.0000000E+00  0.0000000E+00
   06  0.1000000E+01  0.1298148E+02 -0.6085573E-15 -0.1109071E-14 -0.9146772E+00
   06  0.1003968E+01  0.1298148E+02 -0.3269645E-04  0.2082303E-05 -0.9146772E+00
   06  0.1007937E+01  0.1298148E+02 -0.6539285E-04  0.4164607E-05 -0.9146772E+00
   06  0.1011905E+01  0.1298148E+02 -0.9808922E-04  0.6246911E-05 -0.9146772E+00
   06  0.1015873E+01  0.1298148E+02 -0.1307855E-03  0.8329216E-05 -0.9146772E+00
   06  0.1019841E+01  0.1298148E+02 -0.1634818E-03  0.1041152E-04 -0.9146772E+00
   06  0.1023810E+01  0.1298148E+02 -0.1961781E-03  0.1249383E-04 -0.9146772E+00
   06  0.1027778E+01  0.1298148E+02 -0.2288743E-03  0.1457614E-04 -0.9146772E+00
   06  0.1031746E+01  0.1298148E+02 -0.2615705E-03  0.1665844E-04 -0.9146772E+00
   06  0.1035714E+01  0.1298148E+02 -0.2942666E-03  0.1874075E-04 -0.9146772E+00
   06  0.1039683E+01  0.1298148E+02 -0.3269627E-03  0.2082306E-04 -0.9146772E+00
   06  0.1043651E+01  0.1298148E+02 -0.3596587E-03  0.2290536E-04 -0.9146772E+00
   06  0.1047619E+01  0.1298148E+02 -0.3923548E-03  0.2498767E-04 -0.9146772E+00
   06  0.1051587E+01  0.1298148E+02 -0.4250507E-03  0.2706998E-04 -0.9146772E+00
   06  0.1055556E+01  0.1298148E+02 -0.4577467E-03  0.2915228E-04 -0.9146773E+00
   06  0.1059524E+01  0.1298148E+02 -0.4904426E-03  0.3123459E-04 -0.9146773E+00
   06  0.1063492E+01  0.1298148E+02 -0.5231385E-03  0.3331690E-04 -0.9146773E+00
   06  0.1067460E+01  0.1298148E+02 -0.5558343E-03  0.3539920E-04 -0.9146773E+00
   06  0.1071429E+01  0.1298148E+02 -0.5885301E-03  0.3748150E-04 -0.9146773E+00
   06  0.1075397E+01  0.1298148E+02 -0.6212258E-03  0.3956381E-04 -0.9146773E+00
   06  0.1079365E+01  0.1298148E+02 -0.6539215E-03  0.4164611E-04 -0.9146773E+00
   06  0.1083333E+01  0.1298148E+02 -0.6866172E-03  0.4372841E-04 -0.9146773E+00
   06  0.1087302E+01  0.1298148E+02 -0.7193128E-03  0.4581071E-04 -0.9146773E+00
   06  0.1091270E+01  0.1298148E+02 -0.7520084E-03  0.4789301E-04 -0.9146773E+00
   06  0.1095238E+01  0.1298148E+02 -0.7847040E-03  0.4997531E-04 -0.9146773E+00
   06  0.1099206E+01  0.1298148E+02 -0.8173995E-03  0.5205760E-04 -0.9146773E+00
   06  0.1103175E+01  0.1298148E+02 -0.8500950E-03  0.5413990E-04 -0.9146773E+00
   06  0.1107143E+01  0.1298148E+02 -0.8827905E-03  0.5622219E-04 -0.9146773E+00
   06  0.1119048E+01  0.1298148E+02 -0.9808767E-03  0.6246909E-04 -0.9146773E+00
   06  0.1130952E+01  0.1298148E+02 -0.1078963E-02  0.6871598E-04 -0.9146773E+00
   06  0.1142857E+01  0.1298148E+02 -0.1177048E-02  0.7496284E-04 -0.9146773E+00
   06  0.1154762E+01  0.1298148E+02 -0.1275133E-02  0.8120968E-04 -0.9146773E+00
   06  0.1166667E+01  0.1298148E+02 -0.1373218E-02  0.8745649E-04 -0.9146774E+00
   06  0.1178571E+01  0.1298148E+02 -0.1471303E-02  0.9370327E-04 -0.9146774E+00
   06  0.1190476E+01  0.1298148E+02 -0.1569387E-02  0.9995002E-04 -0.9146774E+00
   06  0.1202381E+01  0.1298148E+02 -0.1667471E-02  0.1061967E-03 -0.9146774E+00
   06  0.1214286E+01  0.1298148E+02 -0.1765555E-02  0.1124434E-03 -0.9146774E+00
   06  0.1226190E+01  0.1298148E+02 -0.1863638E-02  0.1186900E-03 -0.9146775E+00
   06  0.1238095E+01  0.1298148E+02 -0.1961721E-02  0.1249366E-03 -0.9146775E+00
   06  0.1250000E+01  0.1298148E+02 -0.2059804E-02  0.1311832E-03 -0.9146775E+00
   06  0.1261905E+01  0.1298148E+02 -0.2157886E-02  0.1374297E-03 -0.9146775E+00
   06  0.1273810E+01  0.1298148E+02 -0.2255968E-02  0.1436761E-03 -0.9146776E+00
   06  0.1285714E+01  0.1298148E+02 -0.2354050E-02  0.1499225E-03 -0.9146776E+00
   06  0.1297619E+01  0.1298148E+02 -0.2452132E-02  0.1561688E-03 -0.9146776E+00
   06  0.1309524E+01  0.1298148E+02 -0.2550213E-02  0.1624151E-03 -0.9146776E+00
   06  0.1321429E+01  0.1298148E+02 -0.2648294E-02  0.1686613E-03 -0.9146777E+00
   06  0.1333333E+01  0.1298148E+02 -0.2746374E-02  0.1749074E-03 -0.9146777E+00
   06  0.1345238E+01  0.1298148E+02 -0.2844455E-02  0.1811535E-03 -0.9146777E+00
   06  0.1357143E+01  0.1298148E+02 -0.2942535E-02  0.1873995E-03 -0.9146778E+00
   06  0.1369048E+01  0.1298148E+02 -0.3040615E-02  0.1936454E-03 -0.9146778E+00
   06  0.1380952E+01  0.1298148E+02 -0.3138694E-02  0.1998913E-03 -0.9146778E+00
   06  0.1392857E+01  0.1298148E+02 -0.3236774E-02  0.2061370E-03 -0.9146779E+00
   06  0.1404762E+01  0.1298148E+02 -0.3334853E-02  0.2123827E-03 -0.9146779E+00
   06  0.1416667E+01  0.1298148E+02 -0.3432931E-02  0.2186283E-03 -0.9146779E+00
   06  0.1428571E+01  0.1298148E+02 -0.3531010E-02  0.2248738E-03 -0.9146780E+00
   06  0.1476190E+01  0.1298148E+02 -0.3923323E-02  0.2498557E-03 -0.9146782E+00
   06  0.1523810E+01  0.1298148E+02 -0.4315632E-02  0.2748361E-03 -0.9146783E+00
   06  0.1571429E+01  0.1298148E+02 -0.4707937E-02  0.2998147E-03 -0.9146785E+00
   06  0.1619048E+01  0.1298148E+02 -0.5100239E-02  0.3247913E-03 -0.9146788E+00
   06  0.1666667E+01  0.1298147E+02 -0.5492538E-02  0.3497659E-03 -0.9146790E+00
   06  0.1714286E+01  0.1298147E+02 -0.5884833E-02  0.3747383E-03 -0.9146792E+00
   06  0.1761905E+01  0.1298147E+02 -0.6277125E-02  0.3997083E-03 -0.9146795E+00
   06  0.1809524E+01  0.1298147E+02 -0.6669415E-02  0.4246757E-03 -0.9146798E+00
   06  0.1857143E+01  0.1298147E+02 -0.7061703E-02  0.4496404E-03 -0.9146801E+00
   06  0.1904762E+01  0.1298147E+02 -0.7453988E-02  0.4746022E-03 -0.9146804E+00
   06  0.1952381E+01  0.1298147E+02 -0.7846271E-02  0.4995610E-03 -0.9146807E+00
