# gauge_id= 602 location=( -0.1242122490E+03  0.4176223506E+02 ) num_var=  4
# Stationary gauge
# level, time, q[  1  2  3], eta, aux[]
# file format ascii, time series follow in this file
   06  0.0000000E+00  0.1472056E+02  0.0000000E+00  0.0000000E+00  0.0000000E+00
   06  0.1000000E+01  0.1472056E+02  0.4675906E-15  0.1214170E-14 -0.9502828E+00
   06  0.1003968E+01  0.1472056E+02 -0.3691994E-04  0.1627070E-05 -0.9502828E+00
   06  0.1007937E+01  0.1472056E+02 -0.7383990E-04  0.3254248E-05 -0.9502828E+00
   06  0.1011905E+01  0.1472056E+02 -0.1107599E-03  0.4881534E-05 -0.9502828E+00
   06  0.1015873E+01  0.1472056E+02 -0.1476799E-03  0.6508930E-05 -0.9502828E+00
   06  0.1019841E+01  0.1472056E+02 -0.1845999E-03  0.8136435E-05 -0.9502828E+00
   06  0.1023810E+01  0.1472056E+02 -0.2215200E-03  0.9764048E-05 -0.9502828E+00
   06  0.1027778E+01  0.1472056E+02 -0.2584400E-03  0.1139177E-04 -0.9502828E+00
   06  0.1031746E+01  0.1472056E+02 -0.2953601E-03  0.1301960E-04 -0.9502828E+00
   06  0.1035714E+01  0.1472056E+02 -0.3322802E-03  0.1464754E-04 -0.9502828E+00
   06  0.1039683E+01  0.1472056E+02 -0.3692004E-03  0.1627559E-04 -0.9502828E+00
   06  0.1043651E+01  0.1472056E+02 -0.4061205E-03  0.1790375E-04 -0.9502828E+00
   06  0.1047619E+01  0.1472056E+02 -0.4430407E-03  0.1953202E-04 -0.9502828E+00
   06  0.1051587E+01  0.1472056E+02 -0.4799609E-03  0.2116040E-04 -0.9502828E+00
   06  0.1055556E+01  0.1472056E+02 -0.5168811E-03  0.2278889E-04 -0.9502828E+00
   06  0.1059524E+01  0.1472056E+02 -0.5538014E-03  0.2441749E-04 -0.9502828E+00
   06  0.1063492E+01  0.1472056E+02 -0.5907216E-03  0.2604620E-04 -0.9502828E+00
   06  0.1067460E+01  0.1472056E+02 -0.6276419E-03  0.2767502E-04 -0.9502828E+00
   06  0.1071429E+01  0.1472056E+02 -0.6645622E-03  0.2930395E-04 -0.9502828E+00
   06  0.1075397E+01  0.1472056E+02 -0.7014826E-03  0.3093299E-04 -0.9502828E+00
   06  0.1079365E+01  0.1472056E+02 -0.7384029E-03  0.3256214E-04 -0.9502828E+00
   06  0.1083333E+01  0.1472056E+02 -0.7753233E-03  0.3419140E-04 -0.9502827E+00
   06  0.1087302E+01  0.1472056E+02 -0.8122437E-03  0.3582078E-04 -0.9502827E+00
   06  0.1091270E+01  0.1472056E+02 -0.8491641E-03  0.3745026E-04 -0.9502827E+00
   06  0.1095238E+01  0.1472056E+02 -0.8860846E-03  0.3907985E-04 -0.9502827E+00
   06  0.1099206E+01  0.1472056E+02 -0.9230050E-03  0.4070956E-04 -0.9502827E+00
   06  0.1103175E+01  0.1472056E+02 -0.9599255E-03  0.4233937E-04 -0.9502827E+00
   06  0.1107143E+01  0.1472056E+02 -0.9968461E-03  0.4396930E-04 -0.9502827E+00
   06  0.1119048E+01  0.1472056E+02 -0.1107608E-02  0.4885975E-04 -0.9502827E+00
   06  0.1130952E+01  0.1472056E+02 -0.1218370E-02  0.5375121E-04 -0.9502827E+00
   06  0.1142857E+01  0.1472056E+02 -0.1329132E-02  0.5864367E-04 -0.9502827E+00
   06  0.1154762E+01  0.1472056E+02 -0.1439894E-02  0.6353714E-04 -0.9502827E+00
   06  0.1166667E+01  0.1472056E+02 -0.1550657E-02  0.6843162E-04 -0.9502827E+00
   06  0.1178571E+01  0.1472056E+02 -0.1661420E-02  0.7332712E-04 -0.9502827E+00
   06  0.1190476E+01  0.1472056E+02 -0.1772183E-02  0.7822363E-04 -0.9502827E+00
   06  0.1202381E+01  0.1472056E+02 -0.1882946E-02  0.8312116E-04 -0.9502827E+00
   06  0.1214286E+01  0.1472056E+02 -0.1993710E-02  0.8801972E-04 -0.9502827E+00
   06  0.1226190E+01  0.1472056E+02 -0.2104473E-02  0.9291929E-04 -0.9502826E+00
   06  0.1238095E+01  0.1472056E+02 -0.2215237E-02  0.9781989E-04 -0.9502826E+00
   06  0.1250000E+01  0.1472056E+02 -0.2326002E-02  0.1027215E-03 -0.9502826E+00
   06  0.1261905E+01  0.1472056E+02 -0.2436766E-02  0.1076242E-03 -0.9502826E+00
   06  0.1273810E+01  0.1472056E+02 -0.2547531E-02  0.1125279E-03 -0.9502826E+00
   06  0.1285714E+01  0.1472056E+02 -0.2658296E-02  0.1174326E-03 -0.9502826E+00
   06  0.1297619E+01  0.1472056E+02 -0.2769061E-02  0.1223384E-03 -0.9502826E+00
   06  0.1309524E+01  0.1472056E+02 -0.2879826E-02  0.1272452E-03 -0.9502825E+00
   06  0.1321429E+01  0.1472056E+02 -0.2990592E-02  0.1321531E-03 -0.9502825E+00
   06  0.1333333E+01  0.1472056E+02 -0.3101358E-02  0.1370620E-03 -0.9502825E+00
   06  0.1345238E+01  0.1472056E+02 -0.3212124E-02  0.1419719E-03 -0.9502825E+00
   06  0.1357143E+01  0.1472056E+02 -0.3322891E-02  0.1468829E-03 -0.9502825E+00
   06  0.1369048E+01  0.1472056E+02 -0.3433658E-02  0.1517949E-03 -0.9502825E+00
   06  0.1380952E+01  0.1472056E+02 -0.3544425E-02  0.1567081E-03 -0.9502824E+00
   06  0.1392857E+01  0.1472056E+02 -0.3655192E-02  0.1616222E-03 -0.9502824E+00
   06  0.1404762E+01  0.1472056E+02 -0.3765959E-02  0.1665374E-03 -0.9502824E+00
   06  0.1416667E+01  0.1472056E+02 -0.3876727E-02  0.1714537E-03 -0.9502824E+00
   06  0.1428571E+01  0.1472056E+02 -0.3987495E-02  0.1763710E-03 -0.9502824E+00
   06  0.1476190E+01  0.1472056E+02 -0.4430571E-02  0.1960509E-03 -0.9502823E+00
   06  0.1523810E+01  0.1472056E+02 -0.4873651E-02  0.2157479E-03 -0.9502822E+00
   06  0.1571429E+01  0.1472056E+02 -0.5316736E-02  0.2354621E-03 -0.9502821E+00
   06  0.1619048E+01  0.1472056E+02 -0.5759825E-02  0.2551936E-03 -0.9502820E+00
   06  0.1666667E+01  0.1472056E+02 -0.6202920E-02  0.2749425E-03 -0.9502818E+00
   06  0.1714286E+01  0.1472056E+02 -0.6646019E-02  0.2947090E-03 -0.9502817E+00
   06  0.1761905E+01  0.1472056E+02 -0.7089124E-02  0.3144931E-03 -0.9502816E+00
   06  0.1809524E+01  0.1472056E+02 -0.7532234E-02  0.3342950E-03 -0.9502814E+00
   06  0.1857143E+01  0.1472056E+02 -0.7975349E-02  0.3541146E-03 -0.9502813E+00
   06  0.1904762E+01  0.1472056E+02 -0.8418470E-02  0.3739521E-03 -0.9502811E+00
   06  0.1952381E+01  0.1472056E+02 -0.8861596E-02  0.3938076E-03 -0.9502809E+00
