# gauge_id= 601 location=( -0.1242093003E+03  0.4175447275E+02 ) num_var=  4
# Stationary gauge
# level, time, q[  1  2  3], eta, aux[]
# file format ascii, time series follow in this file
   06  0.0000000E+00  0.1471186E+02  0.0000000E+00  0.0000000E+00  0.0000000E+00
   06  0.1000000E+01  0.1471186E+02  0.1342859E-15  0.1397330E-14 -0.9311113E+00
   06  0.1003968E+01  0.1471186E+02 -0.3712173E-04  0.2302379E-05 -0.9311113E+00
   06  0.1007937E+01  0.1471186E+02 -0.7424354E-04  0.4604709E-05 -0.9311113E+00
   06  0.1011905E+01  0.1471186E+02 -0.1113654E-03  0.6906991E-05 -0.9311113E+00
   06  0.1015873E+01  0.1471186E+02 -0.1484874E-03  0.9209224E-05 -0.9311113E+00
   06  0.1019841E+01  0.1471186E+02 -0.1856094E-03  0.1151141E-04 -0.9311113E+00
   06  0.1023810E+01  0.1471186E+02 -0.2227316E-03  0.1381354E-04 -0.9311113E+00
   06  0.1027778E+01  0.1471186E+02 -0.2598538E-03  0.1611563E-04 -0.9311113E+00
   06  0.1031746E+01  0.1471186E+02 -0.2969760E-03  0.1841767E-04 -0.9311113E+00
   06  0.1035714E+01  0.1471186E+02 -0.3340984E-03  0.2071967E-04 -0.9311113E+00
   06  0.1039683E+01  0.1471186E+02 -0.3712208E-03  0.2302161E-04 -0.9311113E+00
   06  0.1043651E+01  0.1471186E+02 -0.4083433E-03  0.2532351E-04 -0.9311113E+00
   06  0.1047619E+01  0.1471186E+02 -0.4454659E-03  0.2762536E-04 -0.9311113E+00
   06  0.1051587E+01  0.1471186E+02 -0.4825886E-03  0.2992716E-04 -0.9311113E+00
   06  0.1055556E+01  0.1471186E+02 -0.5197113E-03  0.3222892E-04 -0.9311113E+00
   06  0.1059524E+01  0.1471186E+02 -0.5568341E-03  0.3453063E-04 -0.9311113E+00
   06  0.1063492E+01  0.1471186E+02 -0.5939570E-03  0.3683229E-04 -0.9311113E+00
   06  0.1067460E+01  0.1471186E+02 -0.6310799E-03  0.3913391E-04 -0.9311113E+00
   06  0.1071429E+01  0.1471186E+02 -0.6682030E-03  0.4143548E-04 -0.9311113E+00
   06  0.1075397E+01  0.1471186E+02 -0.7053261E-03  0.4373701E-04 -0.9311113E+00
   06  0.1079365E+01  0.1471186E+02 -0.7424493E-03  0.4603849E-04 -0.9311113E+00
   06  0.1083333E+01  0.1471186E+02 -0.7795725E-03  0.4833992E-04 -0.9311113E+00
   06  0.1087302E+01  0.1471186E+02 -0.8166958E-03  0.5064131E-04 -0.9311113E+00
   06  0.1091270E+01  0.1471186E+02 -0.8538192E-03  0.5294265E-04 -0.9311113E+00
   06  0.1095238E+01  0.1471186E+02 -0.8909427E-03  0.5524395E-04 -0.9311113E+00
   06  0.1099206E+01  0.1471186E+02 -0.9280663E-03  0.5754520E-04 -0.9311113E+00
   06  0.1103175E+01  0.1471186E+02 -0.9651899E-03  0.5984641E-04 -0.9311113E+00
   06  0.1107143E+01  0.1471186E+02 -0.1002314E-02  0.6214757E-04 -0.9311113E+00
   06  0.1119048E+01  0.1471186E+02 -0.1113685E-02  0.6905073E-04 -0.9311113E+00
   06  0.1130952E+01  0.1471186E+02 -0.1225056E-02  0.7595350E-04 -0.9311113E+00
   06  0.1142857E+01  0.1471186E+02 -0.1336429E-02  0.8285588E-04 -0.9311113E+00
   06  0.1154762E+01  0.1471186E+02 -0.1447802E-02  0.8975787E-04 -0.9311113E+00
   06  0.1166667E+01  0.1471186E+02 -0.1559176E-02  0.9665948E-04 -0.9311113E+00
   06  0.1178571E+01  0.1471186E+02 -0.1670550E-02  0.1035607E-03 -0.9311113E+00
   06  0.1190476E+01  0.1471186E+02 -0.1781925E-02  0.1104616E-03 -0.9311113E+00
   06  0.1202381E+01  0.1471186E+02 -0.1893300E-02  0.1173621E-03 -0.9311113E+00
   06  0.1214286E+01  0.1471186E+02 -0.2004676E-02  0.1242622E-03 -0.9311113E+00
   06  0.1226190E+01  0.1471186E+02 -0.2116053E-02  0.1311619E-03 -0.9311113E+00
   06  0.1238095E+01  0.1471186E+02 -0.2227430E-02  0.1380614E-03 -0.9311113E+00
   06  0.1250000E+01  0.1471186E+02 -0.2338808E-02  0.1449604E-03 -0.9311113E+00
   06  0.1261905E+01  0.1471186E+02 -0.2450186E-02  0.1518591E-03 -0.9311113E+00
   06  0.1273810E+01  0.1471186E+02 -0.2561565E-02  0.1587575E-03 -0.9311113E+00
   06  0.1285714E+01  0.1471186E+02 -0.2672944E-02  0.1656556E-03 -0.9311113E+00
   06  0.1297619E+01  0.1471186E+02 -0.2784324E-02  0.1725533E-03 -0.9311113E+00
   06  0.1309524E+01  0.1471186E+02 -0.2895705E-02  0.1794507E-03 -0.9311113E+00
   06  0.1321429E+01  0.1471186E+02 -0.3007086E-02  0.1863478E-03 -0.9311113E+00
   06  0.1333333E+01  0.1471186E+02 -0.3118467E-02  0.1932446E-03 -0.9311113E+00
   06  0.1345238E+01  0.1471186E+02 -0.3229849E-02  0.2001411E-03 -0.9311113E+00
   06  0.1357143E+01  0.1471186E+02 -0.3341232E-02  0.2070372E-03 -0.9311113E+00
   06  0.1369048E+01  0.1471186E+02 -0.3452615E-02  0.2139331E-03 -0.9311113E+00
   06  0.1380952E+01  0.1471186E+02 -0.3563998E-02  0.2208287E-03 -0.9311113E+00
   06  0.1392857E+01  0.1471186E+02 -0.3675382E-02  0.2277240E-03 -0.9311113E+00
   06  0.1404762E+01  0.1471186E+02 -0.3786767E-02  0.2346190E-03 -0.9311113E+00
   06  0.1416667E+01  0.1471186E+02 -0.3898152E-02  0.2415138E-03 -0.9311113E+00
   06  0.1428571E+01  0.1471186E+02 -0.4009537E-02  0.2484083E-03 -0.9311113E+00
   06  0.1476190E+01  0.1471186E+02 -0.4455077E-02  0.2759826E-03 -0.9311113E+00
   06  0.1523810E+01  0.1471186E+02 -0.4900623E-02  0.3035531E-03 -0.9311113E+00
   06  0.1571429E+01  0.1471186E+02 -0.5346176E-02  0.3311200E-03 -0.9311113E+00
   06  0.1619048E+01  0.1471186E+02 -0.5791735E-02  0.3586838E-03 -0.9311114E+00
   06  0.1666667E+01  0.1471186E+02 -0.6237299E-02  0.3862449E-03 -0.9311114E+00
   06  0.1714286E+01  0.1471186E+02 -0.6682868E-02  0.4138036E-03 -0.9311114E+00
   06  0.1761905E+01  0.1471186E+02 -0.7128441E-02  0.4413603E-03 -0.9311114E+00
   06  0.1809524E+01  0.1471186E+02 -0.7574019E-02  0.4689156E-03 -0.9311114E+00
   06  0.1857143E+01  0.1471186E+02 -0.8019599E-02  0.4964698E-03 -0.9311115E+00
   06  0.1904762E+01  0.1471186E+02 -0.8465183E-02  0.5240233E-03 -0.9311115E+00
   06  0.1952381E+01  0.1471186E+02 -0.8910770E-02  0.5515766E-03 -0.9311115E+00
