# gauge_id= 206 location=( -0.1242120000E+03  0.4176625000E+02 ) num_var=  4
# Stationary gauge
# level, time, q[  1  2  3], eta, aux[]
# file format ascii, time series follow in this file
   06  0.0000000E+00  0.1605432E+02  0.0000000E+00  0.0000000E+00  0.0000000E+00
   06  0.1000000E+01  0.1605432E+02  0.4689072E-14  0.1790141E-14 -0.9501587E+00
   06  0.1003968E+01  0.1605432E+02 -0.4024888E-04  0.1687646E-05 -0.9501587E+00
   06  0.1007937E+01  0.1605432E+02 -0.8049774E-04  0.3375281E-05 -0.9501587E+00
   06  0.1011905E+01  0.1605432E+02 -0.1207466E-03  0.5062907E-05 -0.9501587E+00
   06  0.1015873E+01  0.1605432E+02 -0.1609954E-03  0.6750522E-05 -0.9501587E+00
   06  0.1019841E+01  0.1605432E+02 -0.2012443E-03  0.8438127E-05 -0.9501587E+00
   06  0.1023810E+01  0.1605432E+02 -0.2414931E-03  0.1012572E-04 -0.9501587E+00
   06  0.1027778E+01  0.1605432E+02 -0.2817419E-03  0.1181330E-04 -0.9501587E+00
   06  0.1031746E+01  0.1605432E+02 -0.3219907E-03  0.1350087E-04 -0.9501587E+00
   06  0.1035714E+01  0.1605432E+02 -0.3622395E-03  0.1518843E-04 -0.9501587E+00
   06  0.1039683E+01  0.1605432E+02 -0.4024883E-03  0.1687598E-04 -0.9501587E+00
   06  0.1043651E+01  0.1605432E+02 -0.4427371E-03  0.1856351E-04 -0.9501587E+00
   06  0.1047619E+01  0.1605432E+02 -0.4829859E-03  0.2025104E-04 -0.9501587E+00
   06  0.1051587E+01  0.1605432E+02 -0.5232346E-03  0.2193855E-04 -0.9501587E+00
   06  0.1055556E+01  0.1605432E+02 -0.5634833E-03  0.2362604E-04 -0.9501587E+00
   06  0.1059524E+01  0.1605432E+02 -0.6037321E-03  0.2531353E-04 -0.9501587E+00
   06  0.1063492E+01  0.1605432E+02 -0.6439808E-03  0.2700100E-04 -0.9501587E+00
   06  0.1067460E+01  0.1605432E+02 -0.6842295E-03  0.2868845E-04 -0.9501587E+00
   06  0.1071429E+01  0.1605432E+02 -0.7244782E-03  0.3037589E-04 -0.9501587E+00
   06  0.1075397E+01  0.1605432E+02 -0.7647269E-03  0.3206332E-04 -0.9501587E+00
   06  0.1079365E+01  0.1605432E+02 -0.8049756E-03  0.3375073E-04 -0.9501587E+00
   06  0.1083333E+01  0.1605432E+02 -0.8452242E-03  0.3543813E-04 -0.9501587E+00
   06  0.1087302E+01  0.1605432E+02 -0.8854729E-03  0.3712551E-04 -0.9501587E+00
   06  0.1091270E+01  0.1605432E+02 -0.9257215E-03  0.3881288E-04 -0.9501587E+00
   06  0.1095238E+01  0.1605432E+02 -0.9659701E-03  0.4050023E-04 -0.9501587E+00
   06  0.1099206E+01  0.1605432E+02 -0.1006219E-02  0.4218757E-04 -0.9501587E+00
   06  0.1103175E+01  0.1605432E+02 -0.1046467E-02  0.4387489E-04 -0.9501587E+00
   06  0.1107143E+01  0.1605432E+02 -0.1086716E-02  0.4556219E-04 -0.9501587E+00
   06  0.1119048E+01  0.1605432E+02 -0.1207462E-02  0.5062414E-04 -0.9501587E+00
   06  0.1130952E+01  0.1605432E+02 -0.1328207E-02  0.5568593E-04 -0.9501587E+00
   06  0.1142857E+01  0.1605432E+02 -0.1448953E-02  0.6074756E-04 -0.9501587E+00
   06  0.1154762E+01  0.1605432E+02 -0.1569698E-02  0.6580901E-04 -0.9501587E+00
   06  0.1166667E+01  0.1605432E+02 -0.1690443E-02  0.7087028E-04 -0.9501587E+00
   06  0.1178571E+01  0.1605432E+02 -0.1811188E-02  0.7593137E-04 -0.9501586E+00
   06  0.1190476E+01  0.1605432E+02 -0.1931933E-02  0.8099226E-04 -0.9501586E+00
   06  0.1202381E+01  0.1605432E+02 -0.2052678E-02  0.8605295E-04 -0.9501586E+00
   06  0.1214286E+01  0.1605432E+02 -0.2173422E-02  0.9111344E-04 -0.9501586E+00
   06  0.1226190E+01  0.1605432E+02 -0.2294167E-02  0.9617370E-04 -0.9501586E+00
   06  0.1238095E+01  0.1605432E+02 -0.2414911E-02  0.1012337E-03 -0.9501586E+00
   06  0.1250000E+01  0.1605432E+02 -0.2535655E-02  0.1062936E-03 -0.9501586E+00
   06  0.1261905E+01  0.1605432E+02 -0.2656399E-02  0.1113531E-03 -0.9501585E+00
   06  0.1273810E+01  0.1605432E+02 -0.2777143E-02  0.1164125E-03 -0.9501585E+00
   06  0.1285714E+01  0.1605432E+02 -0.2897887E-02  0.1214716E-03 -0.9501585E+00
   06  0.1297619E+01  0.1605432E+02 -0.3018630E-02  0.1265304E-03 -0.9501585E+00
   06  0.1309524E+01  0.1605432E+02 -0.3139374E-02  0.1315889E-03 -0.9501585E+00
   06  0.1321429E+01  0.1605432E+02 -0.3260117E-02  0.1366472E-03 -0.9501584E+00
   06  0.1333333E+01  0.1605432E+02 -0.3380860E-02  0.1417052E-03 -0.9501584E+00
   06  0.1345238E+01  0.1605432E+02 -0.3501603E-02  0.1467629E-03 -0.9501584E+00
   06  0.1357143E+01  0.1605432E+02 -0.3622345E-02  0.1518203E-03 -0.9501584E+00
   06  0.1369048E+01  0.1605432E+02 -0.3743088E-02  0.1568775E-03 -0.9501584E+00
   06  0.1380952E+01  0.1605432E+02 -0.3863830E-02  0.1619343E-03 -0.9501583E+00
   06  0.1392857E+01  0.1605432E+02 -0.3984572E-02  0.1669907E-03 -0.9501583E+00
   06  0.1404762E+01  0.1605432E+02 -0.4105314E-02  0.1720469E-03 -0.9501583E+00
   06  0.1416667E+01  0.1605432E+02 -0.4226055E-02  0.1771027E-03 -0.9501583E+00
   06  0.1428571E+01  0.1605432E+02 -0.4346797E-02  0.1821582E-03 -0.9501582E+00
   06  0.1476190E+01  0.1605432E+02 -0.4829761E-02  0.2023789E-03 -0.9501581E+00
   06  0.1523810E+01  0.1605432E+02 -0.5312721E-02  0.2225935E-03 -0.9501580E+00
   06  0.1571429E+01  0.1605432E+02 -0.5795677E-02  0.2428016E-03 -0.9501578E+00
   06  0.1619048E+01  0.1605432E+02 -0.6278630E-02  0.2630028E-03 -0.9501577E+00
   06  0.1666667E+01  0.1605432E+02 -0.6761578E-02  0.2831965E-03 -0.9501575E+00
   06  0.1714286E+01  0.1605432E+02 -0.7244522E-02  0.3033822E-03 -0.9501573E+00
   06  0.1761905E+01  0.1605432E+02 -0.7727462E-02  0.3235596E-03 -0.9501571E+00
   06  0.1809524E+01  0.1605432E+02 -0.8210396E-02  0.3437282E-03 -0.9501569E+00
   06  0.1857143E+01  0.1605432E+02 -0.8693326E-02  0.3638873E-03 -0.9501566E+00
   06  0.1904762E+01  0.1605432E+02 -0.9176251E-02  0.3840367E-03 -0.9501564E+00
   06  0.1952381E+01  0.1605432E+02 -0.9659170E-02  0.4041758E-03 -0.9501561E+00
