# gauge_id= 611 location=( -0.1242076147E+03  0.4175697547E+02 ) num_var=  4
# Stationary gauge
# level, time, q[  1  2  3], eta, aux[]
# file format ascii, time series follow in this file
   06  0.0000000E+00  0.1401419E+02  0.0000000E+00  0.0000000E+00  0.0000000E+00
   06  0.1000000E+01  0.1401419E+02 -0.3408127E-14 -0.3169466E-15 -0.9231997E+00
   06  0.1003968E+01  0.1401419E+02 -0.3525432E-04  0.2226977E-05 -0.9231996E+00
   06  0.1007937E+01  0.1401419E+02 -0.7050863E-04  0.4453945E-05 -0.9231996E+00
   06  0.1011905E+01  0.1401419E+02 -0.1057629E-03  0.6680902E-05 -0.9231996E+00
   06  0.1015873E+01  0.1401419E+02 -0.1410172E-03  0.8907850E-05 -0.9231996E+00
   06  0.1019841E+01  0.1401419E+02 -0.1762715E-03  0.1113479E-04 -0.9231996E+00
   06  0.1023810E+01  0.1401419E+02 -0.2115257E-03  0.1336171E-04 -0.9231996E+00
   06  0.1027778E+01  0.1401419E+02 -0.2467799E-03  0.1558863E-04 -0.9231996E+00
   06  0.1031746E+01  0.1401419E+02 -0.2820342E-03  0.1781553E-04 -0.9231996E+00
   06  0.1035714E+01  0.1401419E+02 -0.3172884E-03  0.2004243E-04 -0.9231996E+00
   06  0.1039683E+01  0.1401419E+02 -0.3525426E-03  0.2226931E-04 -0.9231996E+00
   06  0.1043651E+01  0.1401419E+02 -0.3877968E-03  0.2449618E-04 -0.9231996E+00
   06  0.1047619E+01  0.1401419E+02 -0.4230509E-03  0.2672304E-04 -0.9231996E+00
   06  0.1051587E+01  0.1401419E+02 -0.4583051E-03  0.2894988E-04 -0.9231996E+00
   06  0.1055556E+01  0.1401419E+02 -0.4935592E-03  0.3117672E-04 -0.9231996E+00
   06  0.1059524E+01  0.1401419E+02 -0.5288133E-03  0.3340354E-04 -0.9231996E+00
   06  0.1063492E+01  0.1401419E+02 -0.5640675E-03  0.3563035E-04 -0.9231996E+00
   06  0.1067460E+01  0.1401419E+02 -0.5993216E-03  0.3785715E-04 -0.9231996E+00
   06  0.1071429E+01  0.1401419E+02 -0.6345757E-03  0.4008393E-04 -0.9231996E+00
   06  0.1075397E+01  0.1401419E+02 -0.6698297E-03  0.4231070E-04 -0.9231996E+00
   06  0.1079365E+01  0.1401419E+02 -0.7050838E-03  0.4453746E-04 -0.9231996E+00
   06  0.1083333E+01  0.1401419E+02 -0.7403378E-03  0.4676420E-04 -0.9231996E+00
   06  0.1087302E+01  0.1401419E+02 -0.7755919E-03  0.4899093E-04 -0.9231996E+00
   06  0.1091270E+01  0.1401419E+02 -0.8108459E-03  0.5121764E-04 -0.9231996E+00
   06  0.1095238E+01  0.1401419E+02 -0.8460999E-03  0.5344434E-04 -0.9231996E+00
   06  0.1099206E+01  0.1401419E+02 -0.8813539E-03  0.5567103E-04 -0.9231996E+00
   06  0.1103175E+01  0.1401419E+02 -0.9166079E-03  0.5789770E-04 -0.9231996E+00
   06  0.1107143E+01  0.1401419E+02 -0.9518618E-03  0.6012436E-04 -0.9231996E+00
   06  0.1119048E+01  0.1401419E+02 -0.1057624E-02  0.6680434E-04 -0.9231996E+00
   06  0.1130952E+01  0.1401419E+02 -0.1163386E-02  0.7348417E-04 -0.9231997E+00
   06  0.1142857E+01  0.1401419E+02 -0.1269147E-02  0.8016386E-04 -0.9231997E+00
   06  0.1154762E+01  0.1401419E+02 -0.1374909E-02  0.8684340E-04 -0.9231997E+00
   06  0.1166667E+01  0.1401419E+02 -0.1480670E-02  0.9352278E-04 -0.9231997E+00
   06  0.1178571E+01  0.1401419E+02 -0.1586432E-02  0.1002020E-03 -0.9231997E+00
   06  0.1190476E+01  0.1401419E+02 -0.1692193E-02  0.1068811E-03 -0.9231997E+00
   06  0.1202381E+01  0.1401419E+02 -0.1797954E-02  0.1135599E-03 -0.9231997E+00
   06  0.1214286E+01  0.1401419E+02 -0.1903715E-02  0.1202386E-03 -0.9231997E+00
   06  0.1226190E+01  0.1401419E+02 -0.2009476E-02  0.1269172E-03 -0.9231997E+00
   06  0.1238095E+01  0.1401419E+02 -0.2115236E-02  0.1335955E-03 -0.9231997E+00
   06  0.1250000E+01  0.1401419E+02 -0.2220997E-02  0.1402736E-03 -0.9231997E+00
   06  0.1261905E+01  0.1401419E+02 -0.2326758E-02  0.1469516E-03 -0.9231997E+00
   06  0.1273810E+01  0.1401419E+02 -0.2432518E-02  0.1536293E-03 -0.9231997E+00
   06  0.1285714E+01  0.1401419E+02 -0.2538278E-02  0.1603068E-03 -0.9231997E+00
   06  0.1297619E+01  0.1401419E+02 -0.2644039E-02  0.1669841E-03 -0.9231997E+00
   06  0.1309524E+01  0.1401419E+02 -0.2749799E-02  0.1736612E-03 -0.9231997E+00
   06  0.1321429E+01  0.1401419E+02 -0.2855559E-02  0.1803381E-03 -0.9231997E+00
   06  0.1333333E+01  0.1401419E+02 -0.2961319E-02  0.1870147E-03 -0.9231997E+00
   06  0.1345238E+01  0.1401419E+02 -0.3067078E-02  0.1936911E-03 -0.9231997E+00
   06  0.1357143E+01  0.1401419E+02 -0.3172838E-02  0.2003673E-03 -0.9231997E+00
   06  0.1369048E+01  0.1401419E+02 -0.3278598E-02  0.2070432E-03 -0.9231997E+00
   06  0.1380952E+01  0.1401419E+02 -0.3384357E-02  0.2137188E-03 -0.9231997E+00
   06  0.1392857E+01  0.1401419E+02 -0.3490117E-02  0.2203943E-03 -0.9231997E+00
   06  0.1404762E+01  0.1401419E+02 -0.3595876E-02  0.2270694E-03 -0.9231997E+00
   06  0.1416667E+01  0.1401419E+02 -0.3701635E-02  0.2337443E-03 -0.9231997E+00
   06  0.1428571E+01  0.1401419E+02 -0.3807394E-02  0.2404189E-03 -0.9231997E+00
   06  0.1476190E+01  0.1401419E+02 -0.4230431E-02  0.2671161E-03 -0.9231998E+00
   06  0.1523810E+01  0.1401419E+02 -0.4653466E-02  0.2938086E-03 -0.9231998E+00
   06  0.1571429E+01  0.1401419E+02 -0.5076500E-02  0.3204960E-03 -0.9231998E+00
   06  0.1619048E+01  0.1401419E+02 -0.5499533E-02  0.3471781E-03 -0.9231999E+00
   06  0.1666667E+01  0.1401419E+02 -0.5922564E-02  0.3738545E-03 -0.9231999E+00
   06  0.1714286E+01  0.1401419E+02 -0.6345594E-02  0.4005249E-03 -0.9232000E+00
   06  0.1761905E+01  0.1401419E+02 -0.6768623E-02  0.4271890E-03 -0.9232000E+00
   06  0.1809524E+01  0.1401419E+02 -0.7191651E-02  0.4538465E-03 -0.9232001E+00
   06  0.1857143E+01  0.1401419E+02 -0.7614677E-02  0.4804971E-03 -0.9232001E+00
   06  0.1904762E+01  0.1401419E+02 -0.8037703E-02  0.5071405E-03 -0.9232002E+00
   06  0.1952381E+01  0.1401419E+02 -0.8460728E-02  0.5337765E-03 -0.9232002E+00
