# gauge_id= 603 location=( -0.1241950425E+03  0.4175001983E+02 ) num_var=  4
# Stationary gauge
# level, time, q[  1  2  3], eta, aux[]
# file format ascii, time series follow in this file
   06  0.0000000E+00  0.1986658E+01  0.0000000E+00  0.0000000E+00  0.0000000E+00
   06  0.1000000E+01  0.1986658E+01  0.3082880E-16  0.1200120E-16 -0.8588169E+00
   06  0.1003968E+01  0.1986658E+01 -0.3894822E-05  0.3324259E-06 -0.8588169E+00
   06  0.1007937E+01  0.1986658E+01 -0.7789515E-05  0.6648594E-06 -0.8588169E+00
   06  0.1011905E+01  0.1986658E+01 -0.1168408E-04  0.9973007E-06 -0.8588169E+00
   06  0.1015873E+01  0.1986658E+01 -0.1557851E-04  0.1329750E-05 -0.8588169E+00
   06  0.1019841E+01  0.1986658E+01 -0.1947282E-04  0.1662206E-05 -0.8588169E+00
   06  0.1023810E+01  0.1986658E+01 -0.2336700E-04  0.1994671E-05 -0.8588169E+00
   06  0.1027778E+01  0.1986658E+01 -0.2726106E-04  0.2327143E-05 -0.8588169E+00
   06  0.1031746E+01  0.1986658E+01 -0.3115499E-04  0.2659624E-05 -0.8588169E+00
   06  0.1035714E+01  0.1986658E+01 -0.3504880E-04  0.2992112E-05 -0.8588169E+00
   06  0.1039683E+01  0.1986658E+01 -0.3894249E-04  0.3324608E-05 -0.8588169E+00
   06  0.1043651E+01  0.1986658E+01 -0.4283605E-04  0.3657113E-05 -0.8588169E+00
   06  0.1047619E+01  0.1986658E+01 -0.4672949E-04  0.3989625E-05 -0.8588169E+00
   06  0.1051587E+01  0.1986658E+01 -0.5062282E-04  0.4322146E-05 -0.8588169E+00
   06  0.1055556E+01  0.1986658E+01 -0.5451602E-04  0.4654675E-05 -0.8588169E+00
   06  0.1059524E+01  0.1986658E+01 -0.5840911E-04  0.4987212E-05 -0.8588169E+00
   06  0.1063492E+01  0.1986658E+01 -0.6230208E-04  0.5319757E-05 -0.8588169E+00
   06  0.1067460E+01  0.1986658E+01 -0.6619493E-04  0.5652311E-05 -0.8588170E+00
   06  0.1071429E+01  0.1986658E+01 -0.7008767E-04  0.5984873E-05 -0.8588170E+00
   06  0.1075397E+01  0.1986658E+01 -0.7398030E-04  0.6317444E-05 -0.8588170E+00
   06  0.1079365E+01  0.1986658E+01 -0.7787281E-04  0.6650023E-05 -0.8588170E+00
   06  0.1083333E+01  0.1986658E+01 -0.8176521E-04  0.6982610E-05 -0.8588170E+00
   06  0.1087302E+01  0.1986658E+01 -0.8565749E-04  0.7315207E-05 -0.8588170E+00
   06  0.1091270E+01  0.1986658E+01 -0.8954967E-04  0.7647812E-05 -0.8588170E+00
   06  0.1095238E+01  0.1986658E+01 -0.9344174E-04  0.7980425E-05 -0.8588170E+00
   06  0.1099206E+01  0.1986658E+01 -0.9733369E-04  0.8313048E-05 -0.8588170E+00
   06  0.1103175E+01  0.1986658E+01 -0.1012255E-03  0.8645679E-05 -0.8588170E+00
   06  0.1107143E+01  0.1986658E+01 -0.1051173E-03  0.8978319E-05 -0.8588170E+00
   06  0.1119048E+01  0.1986658E+01 -0.1167922E-03  0.9976266E-05 -0.8588170E+00
   06  0.1130952E+01  0.1986658E+01 -0.1284662E-03  0.1097429E-04 -0.8588170E+00
   06  0.1142857E+01  0.1986658E+01 -0.1401393E-03  0.1197241E-04 -0.8588171E+00
   06  0.1154762E+01  0.1986658E+01 -0.1518115E-03  0.1297060E-04 -0.8588171E+00
   06  0.1166667E+01  0.1986658E+01 -0.1634828E-03  0.1396888E-04 -0.8588171E+00
   06  0.1178571E+01  0.1986658E+01 -0.1751533E-03  0.1496725E-04 -0.8588171E+00
   06  0.1190476E+01  0.1986658E+01 -0.1868229E-03  0.1596570E-04 -0.8588171E+00
   06  0.1202381E+01  0.1986658E+01 -0.1984918E-03  0.1696425E-04 -0.8588171E+00
   06  0.1214286E+01  0.1986658E+01 -0.2101598E-03  0.1796289E-04 -0.8588172E+00
   06  0.1226190E+01  0.1986658E+01 -0.2218271E-03  0.1896162E-04 -0.8588172E+00
   06  0.1238095E+01  0.1986658E+01 -0.2334937E-03  0.1996044E-04 -0.8588172E+00
   06  0.1250000E+01  0.1986658E+01 -0.2451596E-03  0.2095936E-04 -0.8588172E+00
   06  0.1261905E+01  0.1986658E+01 -0.2568248E-03  0.2195838E-04 -0.8588172E+00
   06  0.1273810E+01  0.1986658E+01 -0.2684893E-03  0.2295749E-04 -0.8588173E+00
   06  0.1285714E+01  0.1986658E+01 -0.2801532E-03  0.2395671E-04 -0.8588173E+00
   06  0.1297619E+01  0.1986658E+01 -0.2918165E-03  0.2495603E-04 -0.8588173E+00
   06  0.1309524E+01  0.1986658E+01 -0.3034792E-03  0.2595545E-04 -0.8588173E+00
   06  0.1321429E+01  0.1986658E+01 -0.3151413E-03  0.2695498E-04 -0.8588173E+00
   06  0.1333333E+01  0.1986658E+01 -0.3268029E-03  0.2795462E-04 -0.8588174E+00
   06  0.1345238E+01  0.1986658E+01 -0.3384640E-03  0.2895436E-04 -0.8588174E+00
   06  0.1357143E+01  0.1986658E+01 -0.3501245E-03  0.2995421E-04 -0.8588174E+00
   06  0.1369048E+01  0.1986658E+01 -0.3617846E-03  0.3095418E-04 -0.8588174E+00
   06  0.1380952E+01  0.1986658E+01 -0.3734443E-03  0.3195425E-04 -0.8588175E+00
   06  0.1392857E+01  0.1986658E+01 -0.3851034E-03  0.3295445E-04 -0.8588175E+00
   06  0.1404762E+01  0.1986658E+01 -0.3967622E-03  0.3395476E-04 -0.8588175E+00
   06  0.1416667E+01  0.1986658E+01 -0.4084206E-03  0.3495519E-04 -0.8588175E+00
   06  0.1428571E+01  0.1986658E+01 -0.4200786E-03  0.3595573E-04 -0.8588175E+00
   06  0.1476190E+01  0.1986658E+01 -0.4667107E-03  0.3995852E-04 -0.8588176E+00
   06  0.1523810E+01  0.1986657E+01 -0.5133377E-03  0.4396334E-04 -0.8588177E+00
   06  0.1571429E+01  0.1986657E+01 -0.5599612E-03  0.4797030E-04 -0.8588178E+00
   06  0.1619048E+01  0.1986657E+01 -0.6065824E-03  0.5197952E-04 -0.8588179E+00
   06  0.1666667E+01  0.1986657E+01 -0.6532026E-03  0.5599112E-04 -0.8588180E+00
   06  0.1714286E+01  0.1986657E+01 -0.6998232E-03  0.6000522E-04 -0.8588181E+00
   06  0.1761905E+01  0.1986657E+01 -0.7464455E-03  0.6402195E-04 -0.8588182E+00
   06  0.1809524E+01  0.1986657E+01 -0.7930708E-03  0.6804143E-04 -0.8588183E+00
   06  0.1857143E+01  0.1986657E+01 -0.8397001E-03  0.7206381E-04 -0.8588185E+00
   06  0.1904762E+01  0.1986657E+01 -0.8863349E-03  0.7608921E-04 -0.8588186E+00
   06  0.1952381E+01  0.1986656E+01 -0.9329763E-03  0.8011777E-04 -0.8588187E+00
