# gauge_id= 516 location=( -0.1253000000E+03  0.4170000000E+02 ) num_var=  4
# Stationary gauge
# level, time, q[  1  2  3], eta, aux[]
# file format ascii, time series follow in this file
   02  0.0000000E+00  0.3099757E+04  0.0000000E+00  0.0000000E+00  0.0000000E+00
   02  0.1000000E+01  0.3099757E+04 -0.2402277E-12  0.1112490E-12  0.1257637E+00
   02  0.1142857E+01  0.3099759E+04 -0.2045483E+00  0.1386718E-01  0.1272161E+00
   02  0.1285714E+01  0.3099760E+04 -0.4092619E+00  0.2770682E-01  0.1286681E+00
   02  0.1428571E+01  0.3099761E+04 -0.6141391E+00  0.4151939E-01  0.1301197E+00
   02  0.1571429E+01  0.3099763E+04 -0.8191782E+00  0.5530535E-01  0.1315710E+00
   02  0.1714286E+01  0.3099764E+04 -0.1024378E+01  0.6906518E-01  0.1330220E+00
   02  0.1857143E+01  0.3099766E+04 -0.1229735E+01  0.8279940E-01  0.1344726E+00
