# gauge_id= 608 location=( -0.1242042364E+03  0.4174837307E+02 ) num_var=  4
# Stationary gauge
# level, time, q[  1  2  3], eta, aux[]
# file format ascii, time series follow in this file
   06  0.0000000E+00  0.5446985E+01  0.0000000E+00  0.0000000E+00  0.0000000E+00
   06  0.1000000E+01  0.5446985E+01 -0.5054751E-15  0.1894360E-15 -0.9010947E+00
   06  0.1003968E+01  0.5446985E+01 -0.1394530E-04  0.8868547E-06 -0.9010947E+00
   06  0.1007937E+01  0.5446985E+01 -0.2789067E-04  0.1773980E-05 -0.9010947E+00
   06  0.1011905E+01  0.5446985E+01 -0.4183610E-04  0.2661374E-05 -0.9010948E+00
   06  0.1015873E+01  0.5446985E+01 -0.5578161E-04  0.3549035E-05 -0.9010948E+00
   06  0.1019841E+01  0.5446985E+01 -0.6972719E-04  0.4436964E-05 -0.9010948E+00
   06  0.1023810E+01  0.5446985E+01 -0.8367283E-04  0.5325157E-05 -0.9010948E+00
   06  0.1027778E+01  0.5446985E+01 -0.9761855E-04  0.6213614E-05 -0.9010948E+00
   06  0.1031746E+01  0.5446985E+01 -0.1115643E-03  0.7102334E-05 -0.9010948E+00
   06  0.1035714E+01  0.5446985E+01 -0.1255102E-03  0.7991315E-05 -0.9010948E+00
   06  0.1039683E+01  0.5446985E+01 -0.1394561E-03  0.8880556E-05 -0.9010949E+00
   06  0.1043651E+01  0.5446985E+01 -0.1534021E-03  0.9770056E-05 -0.9010949E+00
   06  0.1047619E+01  0.5446985E+01 -0.1673482E-03  0.1065981E-04 -0.9010949E+00
   06  0.1051587E+01  0.5446985E+01 -0.1812944E-03  0.1154983E-04 -0.9010949E+00
   06  0.1055556E+01  0.5446985E+01 -0.1952406E-03  0.1244009E-04 -0.9010949E+00
   06  0.1059524E+01  0.5446985E+01 -0.2091869E-03  0.1333062E-04 -0.9010950E+00
   06  0.1063492E+01  0.5446985E+01 -0.2231332E-03  0.1422139E-04 -0.9010950E+00
   06  0.1067460E+01  0.5446985E+01 -0.2370797E-03  0.1511241E-04 -0.9010950E+00
   06  0.1071429E+01  0.5446985E+01 -0.2510262E-03  0.1600369E-04 -0.9010950E+00
   06  0.1075397E+01  0.5446985E+01 -0.2649728E-03  0.1689521E-04 -0.9010950E+00
   06  0.1079365E+01  0.5446985E+01 -0.2789195E-03  0.1778698E-04 -0.9010950E+00
   06  0.1083333E+01  0.5446985E+01 -0.2928662E-03  0.1867900E-04 -0.9010951E+00
   06  0.1087302E+01  0.5446985E+01 -0.3068130E-03  0.1957125E-04 -0.9010951E+00
   06  0.1091270E+01  0.5446985E+01 -0.3207599E-03  0.2046376E-04 -0.9010951E+00
   06  0.1095238E+01  0.5446985E+01 -0.3347069E-03  0.2135650E-04 -0.9010951E+00
   06  0.1099206E+01  0.5446985E+01 -0.3486539E-03  0.2224949E-04 -0.9010951E+00
   06  0.1103175E+01  0.5446985E+01 -0.3626010E-03  0.2314271E-04 -0.9010952E+00
   06  0.1107143E+01  0.5446985E+01 -0.3765482E-03  0.2403617E-04 -0.9010952E+00
   06  0.1119048E+01  0.5446985E+01 -0.4183898E-03  0.2671762E-04 -0.9010953E+00
   06  0.1130952E+01  0.5446985E+01 -0.4602321E-03  0.2940117E-04 -0.9010953E+00
   06  0.1142857E+01  0.5446984E+01 -0.5020752E-03  0.3208679E-04 -0.9010954E+00
   06  0.1154762E+01  0.5446984E+01 -0.5439189E-03  0.3477444E-04 -0.9010955E+00
   06  0.1166667E+01  0.5446984E+01 -0.5857633E-03  0.3746410E-04 -0.9010955E+00
   06  0.1178571E+01  0.5446984E+01 -0.6276085E-03  0.4015571E-04 -0.9010956E+00
   06  0.1190476E+01  0.5446984E+01 -0.6694544E-03  0.4284926E-04 -0.9010957E+00
   06  0.1202381E+01  0.5446984E+01 -0.7113011E-03  0.4554470E-04 -0.9010957E+00
   06  0.1214286E+01  0.5446984E+01 -0.7531484E-03  0.4824200E-04 -0.9010958E+00
   06  0.1226190E+01  0.5446984E+01 -0.7949966E-03  0.5094113E-04 -0.9010959E+00
   06  0.1238095E+01  0.5446984E+01 -0.8368455E-03  0.5364205E-04 -0.9010960E+00
   06  0.1250000E+01  0.5446984E+01 -0.8786951E-03  0.5634473E-04 -0.9010961E+00
   06  0.1261905E+01  0.5446984E+01 -0.9205456E-03  0.5904913E-04 -0.9010962E+00
   06  0.1273810E+01  0.5446984E+01 -0.9623968E-03  0.6175522E-04 -0.9010962E+00
   06  0.1285714E+01  0.5446984E+01 -0.1004249E-02  0.6446296E-04 -0.9010963E+00
   06  0.1297619E+01  0.5446983E+01 -0.1046102E-02  0.6717233E-04 -0.9010964E+00
   06  0.1309524E+01  0.5446983E+01 -0.1087955E-02  0.6988328E-04 -0.9010965E+00
   06  0.1321429E+01  0.5446983E+01 -0.1129809E-02  0.7259578E-04 -0.9010966E+00
   06  0.1333333E+01  0.5446983E+01 -0.1171665E-02  0.7530979E-04 -0.9010967E+00
   06  0.1345238E+01  0.5446983E+01 -0.1213521E-02  0.7802529E-04 -0.9010968E+00
   06  0.1357143E+01  0.5446983E+01 -0.1255377E-02  0.8074224E-04 -0.9010969E+00
   06  0.1369048E+01  0.5446983E+01 -0.1297235E-02  0.8346061E-04 -0.9010970E+00
   06  0.1380952E+01  0.5446983E+01 -0.1339094E-02  0.8618036E-04 -0.9010971E+00
   06  0.1392857E+01  0.5446983E+01 -0.1380953E-02  0.8890145E-04 -0.9010972E+00
   06  0.1404762E+01  0.5446983E+01 -0.1422813E-02  0.9162386E-04 -0.9010973E+00
   06  0.1416667E+01  0.5446982E+01 -0.1464674E-02  0.9434755E-04 -0.9010974E+00
   06  0.1428571E+01  0.5446982E+01 -0.1506536E-02  0.9707248E-04 -0.9010975E+00
   06  0.1476190E+01  0.5446982E+01 -0.1673985E-02  0.1079809E-03 -0.9010980E+00
   06  0.1523810E+01  0.5446981E+01 -0.1841447E-02  0.1189072E-03 -0.9010985E+00
   06  0.1571429E+01  0.5446981E+01 -0.2008924E-02  0.1298493E-03 -0.9010990E+00
   06  0.1619048E+01  0.5446980E+01 -0.2176416E-02  0.1408050E-03 -0.9010996E+00
   06  0.1666667E+01  0.5446980E+01 -0.2343923E-02  0.1517723E-03 -0.9011002E+00
   06  0.1714286E+01  0.5446979E+01 -0.2511446E-02  0.1627492E-03 -0.9011008E+00
   06  0.1761905E+01  0.5446978E+01 -0.2678983E-02  0.1737337E-03 -0.9011014E+00
   06  0.1809524E+01  0.5446978E+01 -0.2846537E-02  0.1847237E-03 -0.9011021E+00
   06  0.1857143E+01  0.5446977E+01 -0.3014107E-02  0.1957174E-03 -0.9011028E+00
   06  0.1904762E+01  0.5446976E+01 -0.3181693E-02  0.2067127E-03 -0.9011035E+00
   06  0.1952381E+01  0.5446976E+01 -0.3349295E-02  0.2177079E-03 -0.9011043E+00
