# gauge_id= 525 location=( -0.1251000000E+03  0.4200000000E+02 ) num_var=  4
# Stationary gauge
# level, time, q[  1  2  3], eta, aux[]
# file format ascii, time series follow in this file
   02  0.0000000E+00  0.1660376E+04  0.0000000E+00  0.0000000E+00  0.0000000E+00
   02  0.1000000E+01  0.1660376E+04  0.7289846E-13 -0.2150818E-13  0.2219044E+01
   02  0.1142857E+01  0.1660374E+04 -0.2854721E+00  0.5901088E-02  0.2217464E+01
   02  0.1285714E+01  0.1660373E+04 -0.5701327E+00  0.1179529E-01  0.2215883E+01
   02  0.1428571E+01  0.1660371E+04 -0.8539834E+00  0.1768202E-01  0.2214303E+01
   02  0.1571429E+01  0.1660369E+04 -0.1137074E+01  0.2356068E-01  0.2212723E+01
   02  0.1714286E+01  0.1660368E+04 -0.1419409E+01  0.2943074E-01  0.2211143E+01
   02  0.1857143E+01  0.1660366E+04 -0.1700989E+01  0.3529164E-01  0.2209564E+01
