# gauge_id= 304 location=( -0.1241920000E+03  0.4175062500E+02 ) num_var=  4
# Stationary gauge
# level, time, q[  1  2  3], eta, aux[]
# file format ascii, time series follow in this file
   06  0.0000000E+00  0.1185211E+01  0.0000000E+00  0.0000000E+00  0.0000000E+00
   06  0.1000000E+01  0.1185211E+01 -0.2740377E-17  0.1278314E-16 -0.8465116E+00
   06  0.1003968E+01  0.1185211E+01 -0.2743232E-05  0.1995046E-06 -0.8465117E+00
   06  0.1007937E+01  0.1185211E+01 -0.5485972E-05  0.3989908E-06 -0.8465119E+00
   06  0.1011905E+01  0.1185211E+01 -0.8228218E-05  0.5984588E-06 -0.8465120E+00
   06  0.1015873E+01  0.1185211E+01 -0.1096997E-04  0.7979085E-06 -0.8465121E+00
   06  0.1019841E+01  0.1185211E+01 -0.1371123E-04  0.9973399E-06 -0.8465122E+00
   06  0.1023810E+01  0.1185211E+01 -0.1645200E-04  0.1196753E-05 -0.8465123E+00
   06  0.1027778E+01  0.1185210E+01 -0.1919227E-04  0.1396148E-05 -0.8465125E+00
   06  0.1031746E+01  0.1185210E+01 -0.2193205E-04  0.1595525E-05 -0.8465126E+00
   06  0.1035714E+01  0.1185210E+01 -0.2467134E-04  0.1794883E-05 -0.8465127E+00
   06  0.1039683E+01  0.1185210E+01 -0.2741013E-04  0.1994224E-05 -0.8465128E+00
   06  0.1043651E+01  0.1185210E+01 -0.3014843E-04  0.2193546E-05 -0.8465129E+00
   06  0.1047619E+01  0.1185210E+01 -0.3288624E-04  0.2392850E-05 -0.8465131E+00
   06  0.1051587E+01  0.1185210E+01 -0.3562355E-04  0.2592136E-05 -0.8465132E+00
   06  0.1055556E+01  0.1185210E+01 -0.3836036E-04  0.2791404E-05 -0.8465133E+00
   06  0.1059524E+01  0.1185210E+01 -0.4109669E-04  0.2990655E-05 -0.8465134E+00
   06  0.1063492E+01  0.1185209E+01 -0.4383252E-04  0.3189887E-05 -0.8465135E+00
   06  0.1067460E+01  0.1185209E+01 -0.4656785E-04  0.3389101E-05 -0.8465137E+00
   06  0.1071429E+01  0.1185209E+01 -0.4930269E-04  0.3588297E-05 -0.8465138E+00
   06  0.1075397E+01  0.1185209E+01 -0.5203704E-04  0.3787475E-05 -0.8465139E+00
   06  0.1079365E+01  0.1185209E+01 -0.5477089E-04  0.3986635E-05 -0.8465140E+00
   06  0.1083333E+01  0.1185209E+01 -0.5750425E-04  0.4185777E-05 -0.8465141E+00
   06  0.1087302E+01  0.1185209E+01 -0.6023711E-04  0.4384902E-05 -0.8465142E+00
   06  0.1091270E+01  0.1185209E+01 -0.6296948E-04  0.4584008E-05 -0.8465144E+00
   06  0.1095238E+01  0.1185208E+01 -0.6570135E-04  0.4783097E-05 -0.8465145E+00
   06  0.1099206E+01  0.1185208E+01 -0.6843273E-04  0.4982168E-05 -0.8465146E+00
   06  0.1103175E+01  0.1185208E+01 -0.7116361E-04  0.5181222E-05 -0.8465147E+00
   06  0.1107143E+01  0.1185208E+01 -0.7389400E-04  0.5380258E-05 -0.8465148E+00
   06  0.1119048E+01  0.1185208E+01 -0.8208257E-04  0.5977199E-05 -0.8465152E+00
   06  0.1130952E+01  0.1185207E+01 -0.9026668E-04  0.6573983E-05 -0.8465155E+00
   06  0.1142857E+01  0.1185207E+01 -0.9844634E-04  0.7170610E-05 -0.8465159E+00
   06  0.1154762E+01  0.1185207E+01 -0.1066215E-03  0.7767080E-05 -0.8465162E+00
   06  0.1166667E+01  0.1185206E+01 -0.1147923E-03  0.8363395E-05 -0.8465166E+00
   06  0.1178571E+01  0.1185206E+01 -0.1229585E-03  0.8959556E-05 -0.8465169E+00
   06  0.1190476E+01  0.1185206E+01 -0.1311203E-03  0.9555564E-05 -0.8465172E+00
   06  0.1202381E+01  0.1185205E+01 -0.1392777E-03  0.1015142E-04 -0.8465176E+00
   06  0.1214286E+01  0.1185205E+01 -0.1474305E-03  0.1074712E-04 -0.8465179E+00
   06  0.1226190E+01  0.1185205E+01 -0.1555789E-03  0.1134268E-04 -0.8465182E+00
   06  0.1238095E+01  0.1185204E+01 -0.1637228E-03  0.1193808E-04 -0.8465186E+00
   06  0.1250000E+01  0.1185204E+01 -0.1718622E-03  0.1253334E-04 -0.8465189E+00
   06  0.1261905E+01  0.1185204E+01 -0.1799972E-03  0.1312846E-04 -0.8465192E+00
   06  0.1273810E+01  0.1185203E+01 -0.1881277E-03  0.1372342E-04 -0.8465195E+00
   06  0.1285714E+01  0.1185203E+01 -0.1962536E-03  0.1431825E-04 -0.8465199E+00
   06  0.1297619E+01  0.1185203E+01 -0.2043752E-03  0.1491293E-04 -0.8465202E+00
   06  0.1309524E+01  0.1185202E+01 -0.2124922E-03  0.1550747E-04 -0.8465205E+00
   06  0.1321429E+01  0.1185202E+01 -0.2206047E-03  0.1610187E-04 -0.8465208E+00
   06  0.1333333E+01  0.1185202E+01 -0.2287127E-03  0.1669614E-04 -0.8465211E+00
   06  0.1345238E+01  0.1185201E+01 -0.2368163E-03  0.1729027E-04 -0.8465215E+00
   06  0.1357143E+01  0.1185201E+01 -0.2449153E-03  0.1788426E-04 -0.8465218E+00
   06  0.1369048E+01  0.1185201E+01 -0.2530099E-03  0.1847812E-04 -0.8465221E+00
   06  0.1380952E+01  0.1185201E+01 -0.2611000E-03  0.1907185E-04 -0.8465224E+00
   06  0.1392857E+01  0.1185200E+01 -0.2691855E-03  0.1966545E-04 -0.8465227E+00
   06  0.1404762E+01  0.1185200E+01 -0.2772666E-03  0.2025892E-04 -0.8465230E+00
   06  0.1416667E+01  0.1185200E+01 -0.2853431E-03  0.2085226E-04 -0.8465233E+00
   06  0.1428571E+01  0.1185199E+01 -0.2934152E-03  0.2144548E-04 -0.8465236E+00
   06  0.1476190E+01  0.1185198E+01 -0.3256656E-03  0.2381616E-04 -0.8465248E+00
   06  0.1523810E+01  0.1185197E+01 -0.3578440E-03  0.2618496E-04 -0.8465259E+00
   06  0.1571429E+01  0.1185196E+01 -0.3899503E-03  0.2855200E-04 -0.8465271E+00
   06  0.1619048E+01  0.1185195E+01 -0.4219843E-03  0.3091742E-04 -0.8465282E+00
   06  0.1666667E+01  0.1185194E+01 -0.4539460E-03  0.3328132E-04 -0.8465292E+00
   06  0.1714286E+01  0.1185193E+01 -0.4858353E-03  0.3564386E-04 -0.8465303E+00
   06  0.1761905E+01  0.1185192E+01 -0.5176522E-03  0.3800518E-04 -0.8465313E+00
   06  0.1809524E+01  0.1185191E+01 -0.5493965E-03  0.4036541E-04 -0.8465323E+00
   06  0.1857143E+01  0.1185190E+01 -0.5810683E-03  0.4272470E-04 -0.8465333E+00
   06  0.1904762E+01  0.1185189E+01 -0.6126674E-03  0.4508322E-04 -0.8465342E+00
   06  0.1952381E+01  0.1185188E+01 -0.6441939E-03  0.4744111E-04 -0.8465351E+00
