# gauge_id= 607 location=( -0.1242042291E+03  0.4176285853E+02 ) num_var=  4
# Stationary gauge
# level, time, q[  1  2  3], eta, aux[]
# file format ascii, time series follow in this file
   06  0.0000000E+00  0.1288720E+02  0.0000000E+00  0.0000000E+00  0.0000000E+00
   06  0.1000000E+01  0.1288720E+02 -0.7331616E-15  0.2288548E-15 -0.9076445E+00
   06  0.1003968E+01  0.1288720E+02 -0.3248557E-04  0.1353596E-05 -0.9076445E+00
   06  0.1007937E+01  0.1288720E+02 -0.6497200E-04  0.2707106E-05 -0.9076445E+00
   06  0.1011905E+01  0.1288720E+02 -0.9745926E-04  0.4060532E-05 -0.9076445E+00
   06  0.1015873E+01  0.1288720E+02 -0.1299474E-03  0.5413876E-05 -0.9076445E+00
   06  0.1019841E+01  0.1288720E+02 -0.1624363E-03  0.6767138E-05 -0.9076445E+00
   06  0.1023810E+01  0.1288720E+02 -0.1949261E-03  0.8120320E-05 -0.9076445E+00
   06  0.1027778E+01  0.1288720E+02 -0.2274167E-03  0.9473423E-05 -0.9076445E+00
   06  0.1031746E+01  0.1288720E+02 -0.2599082E-03  0.1082645E-04 -0.9076445E+00
   06  0.1035714E+01  0.1288720E+02 -0.2924005E-03  0.1217940E-04 -0.9076445E+00
   06  0.1039683E+01  0.1288720E+02 -0.3248936E-03  0.1353227E-04 -0.9076445E+00
   06  0.1043651E+01  0.1288720E+02 -0.3573875E-03  0.1488508E-04 -0.9076445E+00
   06  0.1047619E+01  0.1288720E+02 -0.3898822E-03  0.1623781E-04 -0.9076445E+00
   06  0.1051587E+01  0.1288720E+02 -0.4223778E-03  0.1759047E-04 -0.9076445E+00
   06  0.1055556E+01  0.1288720E+02 -0.4548741E-03  0.1894306E-04 -0.9076445E+00
   06  0.1059524E+01  0.1288720E+02 -0.4873713E-03  0.2029558E-04 -0.9076444E+00
   06  0.1063492E+01  0.1288720E+02 -0.5198693E-03  0.2164804E-04 -0.9076444E+00
   06  0.1067460E+01  0.1288720E+02 -0.5523681E-03  0.2300043E-04 -0.9076444E+00
   06  0.1071429E+01  0.1288720E+02 -0.5848676E-03  0.2435276E-04 -0.9076444E+00
   06  0.1075397E+01  0.1288720E+02 -0.6173680E-03  0.2570503E-04 -0.9076444E+00
   06  0.1079365E+01  0.1288720E+02 -0.6498691E-03  0.2705723E-04 -0.9076444E+00
   06  0.1083333E+01  0.1288720E+02 -0.6823711E-03  0.2840938E-04 -0.9076444E+00
   06  0.1087302E+01  0.1288720E+02 -0.7148738E-03  0.2976147E-04 -0.9076444E+00
   06  0.1091270E+01  0.1288720E+02 -0.7473773E-03  0.3111350E-04 -0.9076444E+00
   06  0.1095238E+01  0.1288720E+02 -0.7798816E-03  0.3246548E-04 -0.9076444E+00
   06  0.1099206E+01  0.1288720E+02 -0.8123866E-03  0.3381740E-04 -0.9076444E+00
   06  0.1103175E+01  0.1288720E+02 -0.8448925E-03  0.3516927E-04 -0.9076444E+00
   06  0.1107143E+01  0.1288720E+02 -0.8773990E-03  0.3652109E-04 -0.9076444E+00
   06  0.1119048E+01  0.1288720E+02 -0.9749192E-03  0.4057575E-04 -0.9076444E+00
   06  0.1130952E+01  0.1288720E+02 -0.1072446E-02  0.4463001E-04 -0.9076444E+00
   06  0.1142857E+01  0.1288720E+02 -0.1169980E-02  0.4868389E-04 -0.9076445E+00
   06  0.1154762E+01  0.1288720E+02 -0.1267520E-02  0.5273745E-04 -0.9076445E+00
   06  0.1166667E+01  0.1288720E+02 -0.1365066E-02  0.5679071E-04 -0.9076445E+00
   06  0.1178571E+01  0.1288720E+02 -0.1462619E-02  0.6084371E-04 -0.9076445E+00
   06  0.1190476E+01  0.1288720E+02 -0.1560179E-02  0.6489650E-04 -0.9076445E+00
   06  0.1202381E+01  0.1288720E+02 -0.1657744E-02  0.6894912E-04 -0.9076445E+00
   06  0.1214286E+01  0.1288720E+02 -0.1755315E-02  0.7300160E-04 -0.9076445E+00
   06  0.1226190E+01  0.1288720E+02 -0.1852893E-02  0.7705398E-04 -0.9076446E+00
   06  0.1238095E+01  0.1288720E+02 -0.1950476E-02  0.8110630E-04 -0.9076446E+00
   06  0.1250000E+01  0.1288720E+02 -0.2048065E-02  0.8515861E-04 -0.9076446E+00
   06  0.1261905E+01  0.1288720E+02 -0.2145659E-02  0.8921094E-04 -0.9076446E+00
   06  0.1273810E+01  0.1288720E+02 -0.2243259E-02  0.9326334E-04 -0.9076447E+00
   06  0.1285714E+01  0.1288720E+02 -0.2340864E-02  0.9731584E-04 -0.9076447E+00
   06  0.1297619E+01  0.1288720E+02 -0.2438475E-02  0.1013685E-03 -0.9076447E+00
   06  0.1309524E+01  0.1288720E+02 -0.2536091E-02  0.1054213E-03 -0.9076448E+00
   06  0.1321429E+01  0.1288720E+02 -0.2633711E-02  0.1094744E-03 -0.9076448E+00
   06  0.1333333E+01  0.1288720E+02 -0.2731337E-02  0.1135277E-03 -0.9076448E+00
   06  0.1345238E+01  0.1288720E+02 -0.2828968E-02  0.1175813E-03 -0.9076449E+00
   06  0.1357143E+01  0.1288720E+02 -0.2926603E-02  0.1216353E-03 -0.9076449E+00
   06  0.1369048E+01  0.1288720E+02 -0.3024242E-02  0.1256897E-03 -0.9076450E+00
   06  0.1380952E+01  0.1288720E+02 -0.3121886E-02  0.1297445E-03 -0.9076450E+00
   06  0.1392857E+01  0.1288720E+02 -0.3219535E-02  0.1337998E-03 -0.9076451E+00
   06  0.1404762E+01  0.1288720E+02 -0.3317187E-02  0.1378556E-03 -0.9076451E+00
   06  0.1416667E+01  0.1288720E+02 -0.3414844E-02  0.1419120E-03 -0.9076452E+00
   06  0.1428571E+01  0.1288720E+02 -0.3512504E-02  0.1459690E-03 -0.9076452E+00
   06  0.1476190E+01  0.1288720E+02 -0.3903109E-02  0.1621952E-03 -0.9076455E+00
   06  0.1523810E+01  0.1288720E+02 -0.4293766E-02  0.1784344E-03 -0.9076457E+00
   06  0.1571429E+01  0.1288720E+02 -0.4684467E-02  0.1946895E-03 -0.9076460E+00
   06  0.1619048E+01  0.1288720E+02 -0.5075205E-02  0.2109633E-03 -0.9076464E+00
   06  0.1666667E+01  0.1288720E+02 -0.5465969E-02  0.2272588E-03 -0.9076468E+00
   06  0.1714286E+01  0.1288720E+02 -0.5856749E-02  0.2435788E-03 -0.9076472E+00
   06  0.1761905E+01  0.1288720E+02 -0.6247538E-02  0.2599265E-03 -0.9076476E+00
   06  0.1809524E+01  0.1288720E+02 -0.6638324E-02  0.2763049E-03 -0.9076481E+00
   06  0.1857143E+01  0.1288720E+02 -0.7029097E-02  0.2927172E-03 -0.9076487E+00
   06  0.1904762E+01  0.1288720E+02 -0.7419847E-02  0.3091664E-03 -0.9076492E+00
   06  0.1952381E+01  0.1288720E+02 -0.7810564E-02  0.3256559E-03 -0.9076498E+00
