# gauge_id= 615 location=( -0.1242106071E+03  0.4175726850E+02 ) num_var=  4
# Stationary gauge
# level, time, q[  1  2  3], eta, aux[]
# file format ascii, time series follow in this file
   06  0.0000000E+00  0.1509483E+02  0.0000000E+00  0.0000000E+00  0.0000000E+00
   06  0.1000000E+01  0.1509483E+02 -0.1564852E-14  0.6172834E-15 -0.9393625E+00
   06  0.1003968E+01  0.1509483E+02 -0.3797729E-04  0.2342081E-05 -0.9393625E+00
   06  0.1007937E+01  0.1509483E+02 -0.7595461E-04  0.4684158E-05 -0.9393625E+00
   06  0.1011905E+01  0.1509483E+02 -0.1139320E-03  0.7026232E-05 -0.9393625E+00
   06  0.1015873E+01  0.1509483E+02 -0.1519093E-03  0.9368303E-05 -0.9393625E+00
   06  0.1019841E+01  0.1509483E+02 -0.1898868E-03  0.1171037E-04 -0.9393625E+00
   06  0.1023810E+01  0.1509483E+02 -0.2278642E-03  0.1405244E-04 -0.9393625E+00
   06  0.1027778E+01  0.1509483E+02 -0.2658417E-03  0.1639450E-04 -0.9393625E+00
   06  0.1031746E+01  0.1509483E+02 -0.3038192E-03  0.1873655E-04 -0.9393625E+00
   06  0.1035714E+01  0.1509483E+02 -0.3417967E-03  0.2107860E-04 -0.9393625E+00
   06  0.1039683E+01  0.1509483E+02 -0.3797743E-03  0.2342065E-04 -0.9393625E+00
   06  0.1043651E+01  0.1509483E+02 -0.4177519E-03  0.2576270E-04 -0.9393625E+00
   06  0.1047619E+01  0.1509483E+02 -0.4557295E-03  0.2810473E-04 -0.9393625E+00
   06  0.1051587E+01  0.1509483E+02 -0.4937072E-03  0.3044677E-04 -0.9393625E+00
   06  0.1055556E+01  0.1509483E+02 -0.5316849E-03  0.3278880E-04 -0.9393625E+00
   06  0.1059524E+01  0.1509483E+02 -0.5696627E-03  0.3513082E-04 -0.9393625E+00
   06  0.1063492E+01  0.1509483E+02 -0.6076405E-03  0.3747284E-04 -0.9393625E+00
   06  0.1067460E+01  0.1509483E+02 -0.6456183E-03  0.3981486E-04 -0.9393625E+00
   06  0.1071429E+01  0.1509483E+02 -0.6835961E-03  0.4215687E-04 -0.9393625E+00
   06  0.1075397E+01  0.1509483E+02 -0.7215740E-03  0.4449887E-04 -0.9393625E+00
   06  0.1079365E+01  0.1509483E+02 -0.7595520E-03  0.4684087E-04 -0.9393625E+00
   06  0.1083333E+01  0.1509483E+02 -0.7975299E-03  0.4918286E-04 -0.9393625E+00
   06  0.1087302E+01  0.1509483E+02 -0.8355080E-03  0.5152485E-04 -0.9393625E+00
   06  0.1091270E+01  0.1509483E+02 -0.8734860E-03  0.5386683E-04 -0.9393625E+00
   06  0.1095238E+01  0.1509483E+02 -0.9114641E-03  0.5620880E-04 -0.9393625E+00
   06  0.1099206E+01  0.1509483E+02 -0.9494422E-03  0.5855077E-04 -0.9393625E+00
   06  0.1103175E+01  0.1509483E+02 -0.9874204E-03  0.6089273E-04 -0.9393626E+00
   06  0.1107143E+01  0.1509483E+02 -0.1025399E-02  0.6323468E-04 -0.9393626E+00
   06  0.1119048E+01  0.1509483E+02 -0.1139334E-02  0.7026052E-04 -0.9393626E+00
   06  0.1130952E+01  0.1509483E+02 -0.1253269E-02  0.7728630E-04 -0.9393626E+00
   06  0.1142857E+01  0.1509483E+02 -0.1367205E-02  0.8431201E-04 -0.9393626E+00
   06  0.1154762E+01  0.1509483E+02 -0.1481141E-02  0.9133764E-04 -0.9393626E+00
   06  0.1166667E+01  0.1509483E+02 -0.1595077E-02  0.9836320E-04 -0.9393626E+00
   06  0.1178571E+01  0.1509483E+02 -0.1709015E-02  0.1053887E-03 -0.9393626E+00
   06  0.1190476E+01  0.1509483E+02 -0.1822952E-02  0.1124141E-03 -0.9393627E+00
   06  0.1202381E+01  0.1509483E+02 -0.1936890E-02  0.1194394E-03 -0.9393627E+00
   06  0.1214286E+01  0.1509483E+02 -0.2050829E-02  0.1264646E-03 -0.9393627E+00
   06  0.1226190E+01  0.1509483E+02 -0.2164767E-02  0.1334897E-03 -0.9393627E+00
   06  0.1238095E+01  0.1509483E+02 -0.2278707E-02  0.1405147E-03 -0.9393627E+00
   06  0.1250000E+01  0.1509482E+02 -0.2392647E-02  0.1475396E-03 -0.9393627E+00
   06  0.1261905E+01  0.1509482E+02 -0.2506588E-02  0.1545644E-03 -0.9393628E+00
   06  0.1273810E+01  0.1509482E+02 -0.2620529E-02  0.1615891E-03 -0.9393628E+00
   06  0.1285714E+01  0.1509482E+02 -0.2734470E-02  0.1686137E-03 -0.9393628E+00
   06  0.1297619E+01  0.1509482E+02 -0.2848413E-02  0.1756382E-03 -0.9393628E+00
   06  0.1309524E+01  0.1509482E+02 -0.2962355E-02  0.1826625E-03 -0.9393629E+00
   06  0.1321429E+01  0.1509482E+02 -0.3076299E-02  0.1896867E-03 -0.9393629E+00
   06  0.1333333E+01  0.1509482E+02 -0.3190243E-02  0.1967108E-03 -0.9393629E+00
   06  0.1345238E+01  0.1509482E+02 -0.3304188E-02  0.2037347E-03 -0.9393629E+00
   06  0.1357143E+01  0.1509482E+02 -0.3418133E-02  0.2107586E-03 -0.9393630E+00
   06  0.1369048E+01  0.1509482E+02 -0.3532079E-02  0.2177822E-03 -0.9393630E+00
   06  0.1380952E+01  0.1509482E+02 -0.3646026E-02  0.2248058E-03 -0.9393630E+00
   06  0.1392857E+01  0.1509482E+02 -0.3759973E-02  0.2318292E-03 -0.9393631E+00
   06  0.1404762E+01  0.1509482E+02 -0.3873921E-02  0.2388524E-03 -0.9393631E+00
   06  0.1416667E+01  0.1509482E+02 -0.3987870E-02  0.2458755E-03 -0.9393631E+00
   06  0.1428571E+01  0.1509482E+02 -0.4101819E-02  0.2528984E-03 -0.9393632E+00
   06  0.1476190E+01  0.1509482E+02 -0.4557625E-02  0.2809889E-03 -0.9393633E+00
   06  0.1523810E+01  0.1509482E+02 -0.5013444E-02  0.3090767E-03 -0.9393635E+00
   06  0.1571429E+01  0.1509482E+02 -0.5469275E-02  0.3371615E-03 -0.9393636E+00
   06  0.1619048E+01  0.1509482E+02 -0.5925121E-02  0.3652432E-03 -0.9393638E+00
   06  0.1666667E+01  0.1509482E+02 -0.6380981E-02  0.3933216E-03 -0.9393640E+00
   06  0.1714286E+01  0.1509482E+02 -0.6836857E-02  0.4213964E-03 -0.9393642E+00
   06  0.1761905E+01  0.1509482E+02 -0.7292749E-02  0.4494675E-03 -0.9393645E+00
   06  0.1809524E+01  0.1509482E+02 -0.7748658E-02  0.4775347E-03 -0.9393647E+00
   06  0.1857143E+01  0.1509482E+02 -0.8204585E-02  0.5055979E-03 -0.9393650E+00
   06  0.1904762E+01  0.1509482E+02 -0.8660530E-02  0.5336568E-03 -0.9393652E+00
   06  0.1952381E+01  0.1509482E+02 -0.9116494E-02  0.5617114E-03 -0.9393655E+00
