# gauge_id= 303 location=( -0.1241876667E+03  0.4174541667E+02 ) num_var=  4
# Stationary gauge
# level, time, q[  1  2  3], eta, aux[]
# file format ascii, time series follow in this file
   06  0.0000000E+00  0.0000000E+00  0.0000000E+00  0.0000000E+00  0.5125730E+01
   06  0.1000000E+01  0.0000000E+00  0.0000000E+00  0.0000000E+00  0.4299990E+01
   06  0.1003968E+01  0.0000000E+00  0.0000000E+00  0.0000000E+00  0.4299990E+01
   06  0.1007937E+01  0.0000000E+00  0.0000000E+00  0.0000000E+00  0.4299990E+01
   06  0.1011905E+01  0.0000000E+00  0.0000000E+00  0.0000000E+00  0.4299990E+01
   06  0.1015873E+01  0.0000000E+00  0.0000000E+00  0.0000000E+00  0.4299990E+01
   06  0.1019841E+01  0.0000000E+00  0.0000000E+00  0.0000000E+00  0.4299990E+01
   06  0.1023810E+01  0.0000000E+00  0.0000000E+00  0.0000000E+00  0.4299990E+01
   06  0.1027778E+01  0.0000000E+00  0.0000000E+00  0.0000000E+00  0.4299990E+01
   06  0.1031746E+01  0.0000000E+00  0.0000000E+00  0.0000000E+00  0.4299990E+01
   06  0.1035714E+01  0.0000000E+00  0.0000000E+00  0.0000000E+00  0.4299990E+01
   06  0.1039683E+01  0.0000000E+00  0.0000000E+00  0.0000000E+00  0.4299990E+01
   06  0.1043651E+01  0.0000000E+00  0.0000000E+00  0.0000000E+00  0.4299990E+01
   06  0.1047619E+01  0.0000000E+00  0.0000000E+00  0.0000000E+00  0.4299990E+01
   06  0.1051587E+01  0.0000000E+00  0.0000000E+00  0.0000000E+00  0.4299990E+01
   06  0.1055556E+01  0.0000000E+00  0.0000000E+00  0.0000000E+00  0.4299990E+01
   06  0.1059524E+01  0.0000000E+00  0.0000000E+00  0.0000000E+00  0.4299990E+01
   06  0.1063492E+01  0.0000000E+00  0.0000000E+00  0.0000000E+00  0.4299990E+01
   06  0.1067460E+01  0.0000000E+00  0.0000000E+00  0.0000000E+00  0.4299990E+01
   06  0.1071429E+01  0.0000000E+00  0.0000000E+00  0.0000000E+00  0.4299990E+01
   06  0.1075397E+01  0.0000000E+00  0.0000000E+00  0.0000000E+00  0.4299990E+01
   06  0.1079365E+01  0.0000000E+00  0.0000000E+00  0.0000000E+00  0.4299990E+01
   06  0.1083333E+01  0.0000000E+00  0.0000000E+00  0.0000000E+00  0.4299990E+01
   06  0.1087302E+01  0.0000000E+00  0.0000000E+00  0.0000000E+00  0.4299990E+01
   06  0.1091270E+01  0.0000000E+00  0.0000000E+00  0.0000000E+00  0.4299990E+01
   06  0.1095238E+01  0.0000000E+00  0.0000000E+00  0.0000000E+00  0.4299990E+01
   06  0.1099206E+01  0.0000000E+00  0.0000000E+00  0.0000000E+00  0.4299990E+01
   06  0.1103175E+01  0.0000000E+00  0.0000000E+00  0.0000000E+00  0.4299990E+01
   06  0.1107143E+01  0.0000000E+00  0.0000000E+00  0.0000000E+00  0.4299990E+01
   06  0.1119048E+01  0.0000000E+00  0.0000000E+00  0.0000000E+00  0.4299990E+01
   06  0.1130952E+01  0.0000000E+00  0.0000000E+00  0.0000000E+00  0.4299990E+01
   06  0.1142857E+01  0.0000000E+00  0.0000000E+00  0.0000000E+00  0.4299990E+01
   06  0.1154762E+01  0.0000000E+00  0.0000000E+00  0.0000000E+00  0.4299990E+01
   06  0.1166667E+01  0.0000000E+00  0.0000000E+00  0.0000000E+00  0.4299990E+01
   06  0.1178571E+01  0.0000000E+00  0.0000000E+00  0.0000000E+00  0.4299990E+01
   06  0.1190476E+01  0.0000000E+00  0.0000000E+00  0.0000000E+00  0.4299990E+01
   06  0.1202381E+01  0.0000000E+00  0.0000000E+00  0.0000000E+00  0.4299990E+01
   06  0.1214286E+01  0.0000000E+00  0.0000000E+00  0.0000000E+00  0.4299990E+01
   06  0.1226190E+01  0.0000000E+00  0.0000000E+00  0.0000000E+00  0.4299990E+01
   06  0.1238095E+01  0.0000000E+00  0.0000000E+00  0.0000000E+00  0.4299990E+01
   06  0.1250000E+01  0.0000000E+00  0.0000000E+00  0.0000000E+00  0.4299990E+01
   06  0.1261905E+01  0.0000000E+00  0.0000000E+00  0.0000000E+00  0.4299990E+01
   06  0.1273810E+01  0.0000000E+00  0.0000000E+00  0.0000000E+00  0.4299990E+01
   06  0.1285714E+01  0.0000000E+00  0.0000000E+00  0.0000000E+00  0.4299990E+01
   06  0.1297619E+01  0.0000000E+00  0.0000000E+00  0.0000000E+00  0.4299990E+01
   06  0.1309524E+01  0.0000000E+00  0.0000000E+00  0.0000000E+00  0.4299990E+01
   06  0.1321429E+01  0.0000000E+00  0.0000000E+00  0.0000000E+00  0.4299990E+01
   06  0.1333333E+01  0.0000000E+00  0.0000000E+00  0.0000000E+00  0.4299990E+01
   06  0.1345238E+01  0.0000000E+00  0.0000000E+00  0.0000000E+00  0.4299990E+01
   06  0.1357143E+01  0.0000000E+00  0.0000000E+00  0.0000000E+00  0.4299990E+01
   06  0.1369048E+01  0.0000000E+00  0.0000000E+00  0.0000000E+00  0.4299990E+01
   06  0.1380952E+01  0.0000000E+00  0.0000000E+00  0.0000000E+00  0.4299990E+01
   06  0.1392857E+01  0.0000000E+00  0.0000000E+00  0.0000000E+00  0.4299990E+01
   06  0.1404762E+01  0.0000000E+00  0.0000000E+00  0.0000000E+00  0.4299990E+01
   06  0.1416667E+01  0.0000000E+00  0.0000000E+00  0.0000000E+00  0.4299990E+01
   06  0.1428571E+01  0.0000000E+00  0.0000000E+00  0.0000000E+00  0.4299990E+01
   06  0.1476190E+01  0.0000000E+00  0.0000000E+00  0.0000000E+00  0.4299990E+01
   06  0.1523810E+01  0.0000000E+00  0.0000000E+00  0.0000000E+00  0.4299990E+01
   06  0.1571429E+01  0.0000000E+00  0.0000000E+00  0.0000000E+00  0.4299990E+01
   06  0.1619048E+01  0.0000000E+00  0.0000000E+00  0.0000000E+00  0.4299990E+01
   06  0.1666667E+01  0.0000000E+00  0.0000000E+00  0.0000000E+00  0.4299990E+01
   06  0.1714286E+01  0.0000000E+00  0.0000000E+00  0.0000000E+00  0.4299990E+01
   06  0.1761905E+01  0.0000000E+00  0.0000000E+00  0.0000000E+00  0.4299990E+01
   06  0.1809524E+01  0.0000000E+00  0.0000000E+00  0.0000000E+00  0.4299990E+01
   06  0.1857143E+01  0.0000000E+00  0.0000000E+00  0.0000000E+00  0.4299990E+01
   06  0.1904762E+01  0.0000000E+00  0.0000000E+00  0.0000000E+00  0.4299990E+01
   06  0.1952381E+01  0.0000000E+00  0.0000000E+00  0.0000000E+00  0.4299990E+01
