# gauge_id= 614 location=( -0.1241981210E+03  0.4174777778E+02 ) num_var=  4
# Stationary gauge
# level, time, q[  1  2  3], eta, aux[]
# file format ascii, time series follow in this file
   06  0.0000000E+00  0.3179391E+01  0.0000000E+00  0.0000000E+00  0.0000000E+00
   06  0.1000000E+01  0.3179391E+01 -0.1005079E-15  0.2554692E-16 -0.8704860E+00
   06  0.1003968E+01  0.3179391E+01 -0.6166647E-05  0.5390634E-06 -0.8704860E+00
   06  0.1007937E+01  0.3179391E+01 -0.1233350E-04  0.1078158E-05 -0.8704860E+00
   06  0.1011905E+01  0.3179391E+01 -0.1850056E-04  0.1617282E-05 -0.8704860E+00
   06  0.1015873E+01  0.3179391E+01 -0.2466783E-04  0.2156437E-05 -0.8704859E+00
   06  0.1019841E+01  0.3179391E+01 -0.3083530E-04  0.2695621E-05 -0.8704859E+00
   06  0.1023810E+01  0.3179391E+01 -0.3700298E-04  0.3234835E-05 -0.8704859E+00
   06  0.1027778E+01  0.3179391E+01 -0.4317086E-04  0.3774078E-05 -0.8704859E+00
   06  0.1031746E+01  0.3179391E+01 -0.4933895E-04  0.4313350E-05 -0.8704859E+00
   06  0.1035714E+01  0.3179391E+01 -0.5550724E-04  0.4852651E-05 -0.8704859E+00
   06  0.1039683E+01  0.3179391E+01 -0.6167573E-04  0.5391979E-05 -0.8704858E+00
   06  0.1043651E+01  0.3179391E+01 -0.6784442E-04  0.5931335E-05 -0.8704858E+00
   06  0.1047619E+01  0.3179391E+01 -0.7401331E-04  0.6470719E-05 -0.8704858E+00
   06  0.1051587E+01  0.3179391E+01 -0.8018240E-04  0.7010130E-05 -0.8704858E+00
   06  0.1055556E+01  0.3179391E+01 -0.8635170E-04  0.7549567E-05 -0.8704858E+00
   06  0.1059524E+01  0.3179391E+01 -0.9252118E-04  0.8089031E-05 -0.8704858E+00
   06  0.1063492E+01  0.3179391E+01 -0.9869087E-04  0.8628521E-05 -0.8704858E+00
   06  0.1067460E+01  0.3179391E+01 -0.1048608E-03  0.9168036E-05 -0.8704857E+00
   06  0.1071429E+01  0.3179391E+01 -0.1110308E-03  0.9707577E-05 -0.8704857E+00
   06  0.1075397E+01  0.3179391E+01 -0.1172011E-03  0.1024714E-04 -0.8704857E+00
   06  0.1079365E+01  0.3179391E+01 -0.1233716E-03  0.1078673E-04 -0.8704857E+00
   06  0.1083333E+01  0.3179391E+01 -0.1295422E-03  0.1132635E-04 -0.8704857E+00
   06  0.1087302E+01  0.3179391E+01 -0.1357131E-03  0.1186599E-04 -0.8704857E+00
   06  0.1091270E+01  0.3179391E+01 -0.1418842E-03  0.1240565E-04 -0.8704856E+00
   06  0.1095238E+01  0.3179391E+01 -0.1480554E-03  0.1294534E-04 -0.8704856E+00
   06  0.1099206E+01  0.3179391E+01 -0.1542268E-03  0.1348505E-04 -0.8704856E+00
   06  0.1103175E+01  0.3179391E+01 -0.1603985E-03  0.1402478E-04 -0.8704856E+00
   06  0.1107143E+01  0.3179391E+01 -0.1665703E-03  0.1456453E-04 -0.8704856E+00
   06  0.1119048E+01  0.3179391E+01 -0.1850862E-03  0.1618428E-04 -0.8704855E+00
   06  0.1130952E+01  0.3179391E+01 -0.2036038E-03  0.1780422E-04 -0.8704855E+00
   06  0.1142857E+01  0.3179391E+01 -0.2221230E-03  0.1942434E-04 -0.8704854E+00
   06  0.1154762E+01  0.3179391E+01 -0.2406439E-03  0.2104462E-04 -0.8704854E+00
   06  0.1166667E+01  0.3179391E+01 -0.2591664E-03  0.2266506E-04 -0.8704853E+00
   06  0.1178571E+01  0.3179392E+01 -0.2776906E-03  0.2428565E-04 -0.8704853E+00
   06  0.1190476E+01  0.3179392E+01 -0.2962163E-03  0.2590637E-04 -0.8704852E+00
   06  0.1202381E+01  0.3179392E+01 -0.3147436E-03  0.2752722E-04 -0.8704852E+00
   06  0.1214286E+01  0.3179392E+01 -0.3332725E-03  0.2914819E-04 -0.8704851E+00
   06  0.1226190E+01  0.3179392E+01 -0.3518029E-03  0.3076926E-04 -0.8704851E+00
   06  0.1238095E+01  0.3179392E+01 -0.3703348E-03  0.3239043E-04 -0.8704850E+00
   06  0.1250000E+01  0.3179392E+01 -0.3888681E-03  0.3401168E-04 -0.8704850E+00
   06  0.1261905E+01  0.3179392E+01 -0.4074030E-03  0.3563300E-04 -0.8704849E+00
   06  0.1273810E+01  0.3179392E+01 -0.4259393E-03  0.3725438E-04 -0.8704849E+00
   06  0.1285714E+01  0.3179392E+01 -0.4444771E-03  0.3887581E-04 -0.8704848E+00
   06  0.1297619E+01  0.3179392E+01 -0.4630163E-03  0.4049729E-04 -0.8704848E+00
   06  0.1309524E+01  0.3179392E+01 -0.4815569E-03  0.4211879E-04 -0.8704847E+00
   06  0.1321429E+01  0.3179392E+01 -0.5000988E-03  0.4374030E-04 -0.8704847E+00
   06  0.1333333E+01  0.3179392E+01 -0.5186421E-03  0.4536182E-04 -0.8704846E+00
   06  0.1345238E+01  0.3179392E+01 -0.5371868E-03  0.4698333E-04 -0.8704846E+00
   06  0.1357143E+01  0.3179392E+01 -0.5557328E-03  0.4860483E-04 -0.8704845E+00
   06  0.1369048E+01  0.3179392E+01 -0.5742800E-03  0.5022629E-04 -0.8704845E+00
   06  0.1380952E+01  0.3179392E+01 -0.5928286E-03  0.5184771E-04 -0.8704844E+00
   06  0.1392857E+01  0.3179392E+01 -0.6113784E-03  0.5346907E-04 -0.8704844E+00
   06  0.1404762E+01  0.3179392E+01 -0.6299295E-03  0.5509037E-04 -0.8704843E+00
   06  0.1416667E+01  0.3179393E+01 -0.6484818E-03  0.5671159E-04 -0.8704843E+00
   06  0.1428571E+01  0.3179393E+01 -0.6670353E-03  0.5833271E-04 -0.8704842E+00
   06  0.1476190E+01  0.3179393E+01 -0.7412498E-03  0.6482307E-04 -0.8704840E+00
   06  0.1523810E+01  0.3179393E+01 -0.8154823E-03  0.7131110E-04 -0.8704838E+00
   06  0.1571429E+01  0.3179393E+01 -0.8897315E-03  0.7779599E-04 -0.8704836E+00
   06  0.1619048E+01  0.3179393E+01 -0.9639964E-03  0.8427690E-04 -0.8704834E+00
   06  0.1666667E+01  0.3179394E+01 -0.1038276E-02  0.9075297E-04 -0.8704832E+00
   06  0.1714286E+01  0.3179394E+01 -0.1112568E-02  0.9722330E-04 -0.8704830E+00
   06  0.1761905E+01  0.3179394E+01 -0.1186872E-02  0.1036870E-03 -0.8704829E+00
   06  0.1809524E+01  0.3179394E+01 -0.1261187E-02  0.1101431E-03 -0.8704827E+00
   06  0.1857143E+01  0.3179394E+01 -0.1335512E-02  0.1165908E-03 -0.8704825E+00
   06  0.1904762E+01  0.3179395E+01 -0.1409844E-02  0.1230289E-03 -0.8704823E+00
   06  0.1952381E+01  0.3179395E+01 -0.1484184E-02  0.1294567E-03 -0.8704821E+00
