# gauge_id= 604 location=( -0.1242128051E+03  0.4175523626E+02 ) num_var=  4
# Stationary gauge
# level, time, q[  1  2  3], eta, aux[]
# file format ascii, time series follow in this file
   06  0.0000000E+00  0.1519521E+02  0.0000000E+00  0.0000000E+00  0.0000000E+00
   06  0.1000000E+01  0.1519521E+02 -0.3756052E-15  0.4522956E-15 -0.9502531E+00
   06  0.1003968E+01  0.1519521E+02 -0.3825702E-04  0.2314986E-05 -0.9502531E+00
   06  0.1007937E+01  0.1519521E+02 -0.7651462E-04  0.4630165E-05 -0.9502532E+00
   06  0.1011905E+01  0.1519521E+02 -0.1147728E-03  0.6945538E-05 -0.9502532E+00
   06  0.1015873E+01  0.1519521E+02 -0.1530316E-03  0.9261105E-05 -0.9502532E+00
   06  0.1019841E+01  0.1519521E+02 -0.1912909E-03  0.1157687E-04 -0.9502532E+00
   06  0.1023810E+01  0.1519521E+02 -0.2295508E-03  0.1389282E-04 -0.9502532E+00
   06  0.1027778E+01  0.1519521E+02 -0.2678113E-03  0.1620897E-04 -0.9502533E+00
   06  0.1031746E+01  0.1519521E+02 -0.3060724E-03  0.1852532E-04 -0.9502533E+00
   06  0.1035714E+01  0.1519521E+02 -0.3443341E-03  0.2084186E-04 -0.9502533E+00
   06  0.1039683E+01  0.1519521E+02 -0.3825964E-03  0.2315860E-04 -0.9502533E+00
   06  0.1043651E+01  0.1519521E+02 -0.4208592E-03  0.2547553E-04 -0.9502533E+00
   06  0.1047619E+01  0.1519521E+02 -0.4591227E-03  0.2779266E-04 -0.9502533E+00
   06  0.1051587E+01  0.1519521E+02 -0.4973867E-03  0.3010999E-04 -0.9502534E+00
   06  0.1055556E+01  0.1519521E+02 -0.5356514E-03  0.3242751E-04 -0.9502534E+00
   06  0.1059524E+01  0.1519521E+02 -0.5739166E-03  0.3474523E-04 -0.9502534E+00
   06  0.1063492E+01  0.1519521E+02 -0.6121824E-03  0.3706315E-04 -0.9502534E+00
   06  0.1067460E+01  0.1519521E+02 -0.6504489E-03  0.3938127E-04 -0.9502534E+00
   06  0.1071429E+01  0.1519521E+02 -0.6887159E-03  0.4169958E-04 -0.9502534E+00
   06  0.1075397E+01  0.1519521E+02 -0.7269835E-03  0.4401810E-04 -0.9502535E+00
   06  0.1079365E+01  0.1519521E+02 -0.7652517E-03  0.4633681E-04 -0.9502535E+00
   06  0.1083333E+01  0.1519521E+02 -0.8035206E-03  0.4865572E-04 -0.9502535E+00
   06  0.1087302E+01  0.1519521E+02 -0.8417900E-03  0.5097483E-04 -0.9502535E+00
   06  0.1091270E+01  0.1519521E+02 -0.8800600E-03  0.5329413E-04 -0.9502535E+00
   06  0.1095238E+01  0.1519521E+02 -0.9183307E-03  0.5561364E-04 -0.9502535E+00
   06  0.1099206E+01  0.1519521E+02 -0.9566019E-03  0.5793335E-04 -0.9502536E+00
   06  0.1103175E+01  0.1519521E+02 -0.9948738E-03  0.6025326E-04 -0.9502536E+00
   06  0.1107143E+01  0.1519521E+02 -0.1033146E-02  0.6257337E-04 -0.9502536E+00
   06  0.1119048E+01  0.1519521E+02 -0.1147967E-02  0.6953474E-04 -0.9502536E+00
   06  0.1130952E+01  0.1519521E+02 -0.1262792E-02  0.7649792E-04 -0.9502537E+00
   06  0.1142857E+01  0.1519521E+02 -0.1377624E-02  0.8346293E-04 -0.9502537E+00
   06  0.1154762E+01  0.1519521E+02 -0.1492461E-02  0.9042976E-04 -0.9502538E+00
   06  0.1166667E+01  0.1519521E+02 -0.1607304E-02  0.9739842E-04 -0.9502538E+00
   06  0.1178571E+01  0.1519521E+02 -0.1722152E-02  0.1043689E-03 -0.9502539E+00
   06  0.1190476E+01  0.1519521E+02 -0.1837006E-02  0.1113413E-03 -0.9502539E+00
   06  0.1202381E+01  0.1519521E+02 -0.1951866E-02  0.1183155E-03 -0.9502540E+00
   06  0.1214286E+01  0.1519521E+02 -0.2066731E-02  0.1252915E-03 -0.9502540E+00
   06  0.1226190E+01  0.1519521E+02 -0.2181602E-02  0.1322694E-03 -0.9502541E+00
   06  0.1238095E+01  0.1519521E+02 -0.2296480E-02  0.1392492E-03 -0.9502541E+00
   06  0.1250000E+01  0.1519521E+02 -0.2411362E-02  0.1462308E-03 -0.9502542E+00
   06  0.1261905E+01  0.1519521E+02 -0.2526251E-02  0.1532143E-03 -0.9502542E+00
   06  0.1273810E+01  0.1519521E+02 -0.2641146E-02  0.1601997E-03 -0.9502543E+00
   06  0.1285714E+01  0.1519521E+02 -0.2756047E-02  0.1671870E-03 -0.9502543E+00
   06  0.1297619E+01  0.1519521E+02 -0.2870953E-02  0.1741761E-03 -0.9502543E+00
   06  0.1309524E+01  0.1519521E+02 -0.2985866E-02  0.1811672E-03 -0.9502544E+00
   06  0.1321429E+01  0.1519521E+02 -0.3100784E-02  0.1881601E-03 -0.9502544E+00
   06  0.1333333E+01  0.1519521E+02 -0.3215709E-02  0.1951549E-03 -0.9502545E+00
   06  0.1345238E+01  0.1519521E+02 -0.3330640E-02  0.2021517E-03 -0.9502545E+00
   06  0.1357143E+01  0.1519521E+02 -0.3445577E-02  0.2091503E-03 -0.9502545E+00
   06  0.1369048E+01  0.1519521E+02 -0.3560520E-02  0.2161508E-03 -0.9502546E+00
   06  0.1380952E+01  0.1519521E+02 -0.3675469E-02  0.2231533E-03 -0.9502546E+00
   06  0.1392857E+01  0.1519521E+02 -0.3790424E-02  0.2301576E-03 -0.9502547E+00
   06  0.1404762E+01  0.1519521E+02 -0.3905385E-02  0.2371639E-03 -0.9502547E+00
   06  0.1416667E+01  0.1519521E+02 -0.4020353E-02  0.2441721E-03 -0.9502547E+00
   06  0.1428571E+01  0.1519521E+02 -0.4135327E-02  0.2511822E-03 -0.9502548E+00
   06  0.1476190E+01  0.1519521E+02 -0.4595271E-02  0.2792396E-03 -0.9502549E+00
   06  0.1523810E+01  0.1519521E+02 -0.5055317E-02  0.3073280E-03 -0.9502551E+00
   06  0.1571429E+01  0.1519521E+02 -0.5515466E-02  0.3354473E-03 -0.9502552E+00
   06  0.1619048E+01  0.1519521E+02 -0.5975720E-02  0.3635976E-03 -0.9502553E+00
   06  0.1666667E+01  0.1519521E+02 -0.6436079E-02  0.3917789E-03 -0.9502555E+00
   06  0.1714286E+01  0.1519521E+02 -0.6896546E-02  0.4199911E-03 -0.9502556E+00
   06  0.1761905E+01  0.1519521E+02 -0.7357122E-02  0.4482341E-03 -0.9502557E+00
   06  0.1809524E+01  0.1519521E+02 -0.7817807E-02  0.4765077E-03 -0.9502558E+00
   06  0.1857143E+01  0.1519521E+02 -0.8278602E-02  0.5048118E-03 -0.9502559E+00
   06  0.1904762E+01  0.1519521E+02 -0.8739509E-02  0.5331460E-03 -0.9502559E+00
   06  0.1952381E+01  0.1519521E+02 -0.9200529E-02  0.5615102E-03 -0.9502560E+00
