# gauge_id= 505 location=( -0.1251000000E+03  0.4150000000E+02 ) num_var=  4
# Stationary gauge
# level, time, q[  1  2  3], eta, aux[]
# file format ascii, time series follow in this file
   02  0.0000000E+00  0.2436365E+04  0.0000000E+00  0.0000000E+00  0.0000000E+00
   02  0.1000000E+01  0.2436365E+04  0.6962816E-14 -0.9739722E-13  0.2016718E+01
   02  0.1142857E+01  0.2436364E+04 -0.4904601E+00 -0.1736954E+00  0.2015864E+01
   02  0.1285714E+01  0.2436363E+04 -0.9799301E+00 -0.3470289E+00  0.2015009E+01
   02  0.1428571E+01  0.2436362E+04 -0.1468423E+01 -0.5200009E+00  0.2014154E+01
   02  0.1571429E+01  0.2436361E+04 -0.1955941E+01 -0.6926119E+00  0.2013298E+01
   02  0.1714286E+01  0.2436361E+04 -0.2442484E+01 -0.8648620E+00  0.2012441E+01
   02  0.1857143E+01  0.2436360E+04 -0.2928053E+01 -0.1036752E+01  0.2011583E+01
