# gauge_id= 306 location=( -0.1242006667E+03  0.4176104167E+02 ) num_var=  4
# Stationary gauge
# level, time, q[  1  2  3], eta, aux[]
# file format ascii, time series follow in this file
   06  0.0000000E+00  0.3116695E+01  0.0000000E+00  0.0000000E+00  0.0000000E+00
   06  0.1000000E+01  0.3116695E+01 -0.2820437E-16  0.9009593E-16 -0.8879190E+00
   06  0.1003968E+01  0.3116695E+01 -0.7867209E-05  0.5684979E-06 -0.8879190E+00
   06  0.1007937E+01  0.3116695E+01 -0.1573437E-04  0.1137000E-05 -0.8879189E+00
   06  0.1011905E+01  0.3116695E+01 -0.2360149E-04  0.1705504E-05 -0.8879189E+00
   06  0.1015873E+01  0.3116695E+01 -0.3146856E-04  0.2274008E-05 -0.8879189E+00
   06  0.1019841E+01  0.3116695E+01 -0.3933558E-04  0.2842512E-05 -0.8879189E+00
   06  0.1023810E+01  0.3116695E+01 -0.4720256E-04  0.3411014E-05 -0.8879189E+00
   06  0.1027778E+01  0.3116695E+01 -0.5506949E-04  0.3979511E-05 -0.8879188E+00
   06  0.1031746E+01  0.3116695E+01 -0.6293639E-04  0.4548003E-05 -0.8879188E+00
   06  0.1035714E+01  0.3116695E+01 -0.7080323E-04  0.5116488E-05 -0.8879188E+00
   06  0.1039683E+01  0.3116696E+01 -0.7867004E-04  0.5684964E-05 -0.8879188E+00
   06  0.1043651E+01  0.3116696E+01 -0.8653680E-04  0.6253430E-05 -0.8879188E+00
   06  0.1047619E+01  0.3116696E+01 -0.9440353E-04  0.6821884E-05 -0.8879187E+00
   06  0.1051587E+01  0.3116696E+01 -0.1022702E-03  0.7390324E-05 -0.8879187E+00
   06  0.1055556E+01  0.3116696E+01 -0.1101368E-03  0.7958750E-05 -0.8879187E+00
   06  0.1059524E+01  0.3116696E+01 -0.1180035E-03  0.8527159E-05 -0.8879187E+00
   06  0.1063492E+01  0.3116696E+01 -0.1258700E-03  0.9095550E-05 -0.8879187E+00
   06  0.1067460E+01  0.3116696E+01 -0.1337365E-03  0.9663921E-05 -0.8879186E+00
   06  0.1071429E+01  0.3116696E+01 -0.1416030E-03  0.1023227E-04 -0.8879186E+00
   06  0.1075397E+01  0.3116696E+01 -0.1494695E-03  0.1080060E-04 -0.8879186E+00
   06  0.1079365E+01  0.3116696E+01 -0.1573359E-03  0.1136890E-04 -0.8879186E+00
   06  0.1083333E+01  0.3116696E+01 -0.1652023E-03  0.1193718E-04 -0.8879186E+00
   06  0.1087302E+01  0.3116696E+01 -0.1730686E-03  0.1250543E-04 -0.8879185E+00
   06  0.1091270E+01  0.3116696E+01 -0.1809349E-03  0.1307365E-04 -0.8879185E+00
   06  0.1095238E+01  0.3116696E+01 -0.1888012E-03  0.1364184E-04 -0.8879185E+00
   06  0.1099206E+01  0.3116696E+01 -0.1966674E-03  0.1421000E-04 -0.8879185E+00
   06  0.1103175E+01  0.3116696E+01 -0.2045336E-03  0.1477812E-04 -0.8879185E+00
   06  0.1107143E+01  0.3116696E+01 -0.2123998E-03  0.1534621E-04 -0.8879184E+00
   06  0.1119048E+01  0.3116696E+01 -0.2359992E-03  0.1705212E-04 -0.8879184E+00
   06  0.1130952E+01  0.3116696E+01 -0.2595983E-03  0.1875766E-04 -0.8879183E+00
   06  0.1142857E+01  0.3116696E+01 -0.2831972E-03  0.2046277E-04 -0.8879183E+00
   06  0.1154762E+01  0.3116696E+01 -0.3067959E-03  0.2216742E-04 -0.8879183E+00
   06  0.1166667E+01  0.3116696E+01 -0.3303943E-03  0.2387156E-04 -0.8879182E+00
   06  0.1178571E+01  0.3116696E+01 -0.3539926E-03  0.2557516E-04 -0.8879182E+00
   06  0.1190476E+01  0.3116696E+01 -0.3775906E-03  0.2727817E-04 -0.8879181E+00
   06  0.1202381E+01  0.3116696E+01 -0.4011885E-03  0.2898055E-04 -0.8879181E+00
   06  0.1214286E+01  0.3116696E+01 -0.4247862E-03  0.3068226E-04 -0.8879180E+00
   06  0.1226190E+01  0.3116696E+01 -0.4483838E-03  0.3238325E-04 -0.8879180E+00
   06  0.1238095E+01  0.3116696E+01 -0.4719813E-03  0.3408350E-04 -0.8879180E+00
   06  0.1250000E+01  0.3116696E+01 -0.4955787E-03  0.3578294E-04 -0.8879179E+00
   06  0.1261905E+01  0.3116696E+01 -0.5191760E-03  0.3748156E-04 -0.8879179E+00
   06  0.1273810E+01  0.3116696E+01 -0.5427732E-03  0.3917929E-04 -0.8879179E+00
   06  0.1285714E+01  0.3116696E+01 -0.5663703E-03  0.4087611E-04 -0.8879179E+00
   06  0.1297619E+01  0.3116696E+01 -0.5899675E-03  0.4257197E-04 -0.8879178E+00
   06  0.1309524E+01  0.3116696E+01 -0.6135646E-03  0.4426683E-04 -0.8879178E+00
   06  0.1321429E+01  0.3116696E+01 -0.6371617E-03  0.4596066E-04 -0.8879178E+00
   06  0.1333333E+01  0.3116697E+01 -0.6607588E-03  0.4765340E-04 -0.8879178E+00
   06  0.1345238E+01  0.3116697E+01 -0.6843559E-03  0.4934502E-04 -0.8879178E+00
   06  0.1357143E+01  0.3116697E+01 -0.7079531E-03  0.5103548E-04 -0.8879177E+00
   06  0.1369048E+01  0.3116697E+01 -0.7315503E-03  0.5272474E-04 -0.8879177E+00
   06  0.1380952E+01  0.3116697E+01 -0.7551476E-03  0.5441276E-04 -0.8879177E+00
   06  0.1392857E+01  0.3116697E+01 -0.7787450E-03  0.5609950E-04 -0.8879177E+00
   06  0.1404762E+01  0.3116697E+01 -0.8023426E-03  0.5778491E-04 -0.8879177E+00
   06  0.1416667E+01  0.3116697E+01 -0.8259402E-03  0.5946897E-04 -0.8879177E+00
   06  0.1428571E+01  0.3116697E+01 -0.8495380E-03  0.6115162E-04 -0.8879177E+00
   06  0.1476190E+01  0.3116697E+01 -0.9439516E-03  0.6789725E-04 -0.8879177E+00
   06  0.1523810E+01  0.3116697E+01 -0.1038369E-02  0.7461684E-04 -0.8879177E+00
   06  0.1571429E+01  0.3116696E+01 -0.1132792E-02  0.8130788E-04 -0.8879178E+00
   06  0.1619048E+01  0.3116696E+01 -0.1227221E-02  0.8796792E-04 -0.8879179E+00
   06  0.1666667E+01  0.3116696E+01 -0.1321656E-02  0.9459449E-04 -0.8879180E+00
   06  0.1714286E+01  0.3116696E+01 -0.1416101E-02  0.1011852E-03 -0.8879182E+00
   06  0.1761905E+01  0.3116696E+01 -0.1510554E-02  0.1077376E-03 -0.8879184E+00
   06  0.1809524E+01  0.3116696E+01 -0.1605018E-02  0.1142494E-03 -0.8879186E+00
   06  0.1857143E+01  0.3116695E+01 -0.1699493E-02  0.1207182E-03 -0.8879189E+00
   06  0.1904762E+01  0.3116695E+01 -0.1793981E-02  0.1271418E-03 -0.8879192E+00
   06  0.1952381E+01  0.3116695E+01 -0.1888482E-02  0.1335178E-03 -0.8879195E+00
