# gauge_id= 305 location=( -0.1241963333E+03  0.4175583333E+02 ) num_var=  4
# Stationary gauge
# level, time, q[  1  2  3], eta, aux[]
# file format ascii, time series follow in this file
   06  0.0000000E+00  0.6066836E+01  0.0000000E+00  0.0000000E+00  0.0000000E+00
   06  0.1000000E+01  0.6066836E+01  0.1575464E-15 -0.4112918E-15 -0.8669516E+00
   06  0.1003968E+01  0.6066836E+01 -0.1180217E-04  0.1016811E-05 -0.8669516E+00
   06  0.1007937E+01  0.6066836E+01 -0.2360436E-04  0.2033633E-05 -0.8669516E+00
   06  0.1011905E+01  0.6066836E+01 -0.3540658E-04  0.3050466E-05 -0.8669516E+00
   06  0.1015873E+01  0.6066836E+01 -0.4720882E-04  0.4067311E-05 -0.8669516E+00
   06  0.1019841E+01  0.6066836E+01 -0.5901109E-04  0.5084168E-05 -0.8669516E+00
   06  0.1023810E+01  0.6066836E+01 -0.7081339E-04  0.6101038E-05 -0.8669516E+00
   06  0.1027778E+01  0.6066836E+01 -0.8261571E-04  0.7117919E-05 -0.8669516E+00
   06  0.1031746E+01  0.6066836E+01 -0.9441806E-04  0.8134813E-05 -0.8669516E+00
   06  0.1035714E+01  0.6066836E+01 -0.1062204E-03  0.9151719E-05 -0.8669516E+00
   06  0.1039683E+01  0.6066836E+01 -0.1180228E-03  0.1016864E-04 -0.8669516E+00
   06  0.1043651E+01  0.6066836E+01 -0.1298253E-03  0.1118557E-04 -0.8669516E+00
   06  0.1047619E+01  0.6066836E+01 -0.1416277E-03  0.1220252E-04 -0.8669516E+00
   06  0.1051587E+01  0.6066836E+01 -0.1534302E-03  0.1321947E-04 -0.8669516E+00
   06  0.1055556E+01  0.6066836E+01 -0.1652327E-03  0.1423645E-04 -0.8669516E+00
   06  0.1059524E+01  0.6066836E+01 -0.1770352E-03  0.1525343E-04 -0.8669516E+00
   06  0.1063492E+01  0.6066836E+01 -0.1888377E-03  0.1627043E-04 -0.8669516E+00
   06  0.1067460E+01  0.6066836E+01 -0.2006403E-03  0.1728745E-04 -0.8669516E+00
   06  0.1071429E+01  0.6066836E+01 -0.2124429E-03  0.1830448E-04 -0.8669516E+00
   06  0.1075397E+01  0.6066836E+01 -0.2242455E-03  0.1932152E-04 -0.8669516E+00
   06  0.1079365E+01  0.6066836E+01 -0.2360482E-03  0.2033858E-04 -0.8669516E+00
   06  0.1083333E+01  0.6066836E+01 -0.2478508E-03  0.2135565E-04 -0.8669516E+00
   06  0.1087302E+01  0.6066836E+01 -0.2596535E-03  0.2237274E-04 -0.8669516E+00
   06  0.1091270E+01  0.6066836E+01 -0.2714562E-03  0.2338984E-04 -0.8669516E+00
   06  0.1095238E+01  0.6066836E+01 -0.2832590E-03  0.2440696E-04 -0.8669516E+00
   06  0.1099206E+01  0.6066836E+01 -0.2950618E-03  0.2542409E-04 -0.8669516E+00
   06  0.1103175E+01  0.6066836E+01 -0.3068645E-03  0.2644124E-04 -0.8669516E+00
   06  0.1107143E+01  0.6066836E+01 -0.3186673E-03  0.2745841E-04 -0.8669516E+00
   06  0.1119048E+01  0.6066836E+01 -0.3540758E-03  0.3050992E-04 -0.8669516E+00
   06  0.1130952E+01  0.6066836E+01 -0.3894844E-03  0.3356158E-04 -0.8669516E+00
   06  0.1142857E+01  0.6066836E+01 -0.4248932E-03  0.3661340E-04 -0.8669516E+00
   06  0.1154762E+01  0.6066836E+01 -0.4603023E-03  0.3966538E-04 -0.8669516E+00
   06  0.1166667E+01  0.6066836E+01 -0.4957115E-03  0.4271753E-04 -0.8669516E+00
   06  0.1178571E+01  0.6066836E+01 -0.5311209E-03  0.4576985E-04 -0.8669516E+00
   06  0.1190476E+01  0.6066836E+01 -0.5665305E-03  0.4882234E-04 -0.8669517E+00
   06  0.1202381E+01  0.6066836E+01 -0.6019403E-03  0.5187501E-04 -0.8669517E+00
   06  0.1214286E+01  0.6066836E+01 -0.6373503E-03  0.5492787E-04 -0.8669517E+00
   06  0.1226190E+01  0.6066836E+01 -0.6727605E-03  0.5798092E-04 -0.8669517E+00
   06  0.1238095E+01  0.6066836E+01 -0.7081708E-03  0.6103416E-04 -0.8669517E+00
   06  0.1250000E+01  0.6066836E+01 -0.7435813E-03  0.6408761E-04 -0.8669517E+00
   06  0.1261905E+01  0.6066836E+01 -0.7789920E-03  0.6714126E-04 -0.8669518E+00
   06  0.1273810E+01  0.6066836E+01 -0.8144029E-03  0.7019512E-04 -0.8669518E+00
   06  0.1285714E+01  0.6066836E+01 -0.8498139E-03  0.7324920E-04 -0.8669518E+00
   06  0.1297619E+01  0.6066836E+01 -0.8852251E-03  0.7630350E-04 -0.8669518E+00
   06  0.1309524E+01  0.6066836E+01 -0.9206364E-03  0.7935802E-04 -0.8669518E+00
   06  0.1321429E+01  0.6066836E+01 -0.9560479E-03  0.8241277E-04 -0.8669519E+00
   06  0.1333333E+01  0.6066836E+01 -0.9914595E-03  0.8546776E-04 -0.8669519E+00
   06  0.1345238E+01  0.6066836E+01 -0.1026871E-02  0.8852299E-04 -0.8669519E+00
   06  0.1357143E+01  0.6066836E+01 -0.1062283E-02  0.9157846E-04 -0.8669519E+00
   06  0.1369048E+01  0.6066836E+01 -0.1097695E-02  0.9463418E-04 -0.8669520E+00
   06  0.1380952E+01  0.6066836E+01 -0.1133107E-02  0.9769016E-04 -0.8669520E+00
   06  0.1392857E+01  0.6066836E+01 -0.1168520E-02  0.1007464E-03 -0.8669520E+00
   06  0.1404762E+01  0.6066836E+01 -0.1203932E-02  0.1038029E-03 -0.8669520E+00
   06  0.1416667E+01  0.6066836E+01 -0.1239345E-02  0.1068597E-03 -0.8669521E+00
   06  0.1428571E+01  0.6066836E+01 -0.1274757E-02  0.1099167E-03 -0.8669521E+00
   06  0.1476190E+01  0.6066836E+01 -0.1416407E-02  0.1221467E-03 -0.8669523E+00
   06  0.1523810E+01  0.6066836E+01 -0.1558058E-02  0.1343814E-03 -0.8669524E+00
   06  0.1571429E+01  0.6066835E+01 -0.1699711E-02  0.1466212E-03 -0.8669526E+00
   06  0.1619048E+01  0.6066835E+01 -0.1841365E-02  0.1588663E-03 -0.8669528E+00
   06  0.1666667E+01  0.6066835E+01 -0.1983020E-02  0.1711172E-03 -0.8669530E+00
   06  0.1714286E+01  0.6066835E+01 -0.2124676E-02  0.1833740E-03 -0.8669532E+00
   06  0.1761905E+01  0.6066835E+01 -0.2266332E-02  0.1956371E-03 -0.8669534E+00
   06  0.1809524E+01  0.6066834E+01 -0.2407988E-02  0.2079068E-03 -0.8669537E+00
   06  0.1857143E+01  0.6066834E+01 -0.2549645E-02  0.2201833E-03 -0.8669540E+00
   06  0.1904762E+01  0.6066834E+01 -0.2691301E-02  0.2324669E-03 -0.8669543E+00
   06  0.1952381E+01  0.6066833E+01 -0.2832956E-02  0.2447580E-03 -0.8669546E+00
