# gauge_id= 612 location=( -0.1242043567E+03  0.4175754751E+02 ) num_var=  4
# Stationary gauge
# level, time, q[  1  2  3], eta, aux[]
# file format ascii, time series follow in this file
   06  0.0000000E+00  0.1315901E+02  0.0000000E+00  0.0000000E+00  0.0000000E+00
   06  0.1000000E+01  0.1315901E+02 -0.2198208E-15  0.1222750E-14 -0.9060102E+00
   06  0.1003968E+01  0.1315901E+02 -0.3310764E-04  0.2144375E-05 -0.9060102E+00
   06  0.1007937E+01  0.1315901E+02 -0.6621531E-04  0.4288741E-05 -0.9060102E+00
   06  0.1011905E+01  0.1315901E+02 -0.9932302E-04  0.6433098E-05 -0.9060102E+00
   06  0.1015873E+01  0.1315901E+02 -0.1324308E-03  0.8577446E-05 -0.9060102E+00
   06  0.1019841E+01  0.1315901E+02 -0.1655386E-03  0.1072178E-04 -0.9060102E+00
   06  0.1023810E+01  0.1315901E+02 -0.1986464E-03  0.1286611E-04 -0.9060102E+00
   06  0.1027778E+01  0.1315901E+02 -0.2317543E-03  0.1501043E-04 -0.9060103E+00
   06  0.1031746E+01  0.1315901E+02 -0.2648622E-03  0.1715474E-04 -0.9060103E+00
   06  0.1035714E+01  0.1315901E+02 -0.2979701E-03  0.1929904E-04 -0.9060103E+00
   06  0.1039683E+01  0.1315901E+02 -0.3310781E-03  0.2144332E-04 -0.9060103E+00
   06  0.1043651E+01  0.1315901E+02 -0.3641861E-03  0.2358760E-04 -0.9060103E+00
   06  0.1047619E+01  0.1315901E+02 -0.3972942E-03  0.2573186E-04 -0.9060103E+00
   06  0.1051587E+01  0.1315901E+02 -0.4304023E-03  0.2787612E-04 -0.9060103E+00
   06  0.1055556E+01  0.1315901E+02 -0.4635104E-03  0.3002036E-04 -0.9060103E+00
   06  0.1059524E+01  0.1315901E+02 -0.4966186E-03  0.3216459E-04 -0.9060103E+00
   06  0.1063492E+01  0.1315901E+02 -0.5297268E-03  0.3430881E-04 -0.9060103E+00
   06  0.1067460E+01  0.1315901E+02 -0.5628350E-03  0.3645301E-04 -0.9060103E+00
   06  0.1071429E+01  0.1315901E+02 -0.5959433E-03  0.3859721E-04 -0.9060103E+00
   06  0.1075397E+01  0.1315901E+02 -0.6290516E-03  0.4074139E-04 -0.9060103E+00
   06  0.1079365E+01  0.1315901E+02 -0.6621600E-03  0.4288556E-04 -0.9060103E+00
   06  0.1083333E+01  0.1315901E+02 -0.6952684E-03  0.4502972E-04 -0.9060103E+00
   06  0.1087302E+01  0.1315901E+02 -0.7283768E-03  0.4717386E-04 -0.9060103E+00
   06  0.1091270E+01  0.1315901E+02 -0.7614853E-03  0.4931799E-04 -0.9060103E+00
   06  0.1095238E+01  0.1315901E+02 -0.7945938E-03  0.5146210E-04 -0.9060103E+00
   06  0.1099206E+01  0.1315901E+02 -0.8277024E-03  0.5360621E-04 -0.9060103E+00
   06  0.1103175E+01  0.1315901E+02 -0.8608110E-03  0.5575029E-04 -0.9060103E+00
   06  0.1107143E+01  0.1315901E+02 -0.8939196E-03  0.5789437E-04 -0.9060103E+00
   06  0.1119048E+01  0.1315901E+02 -0.9932457E-03  0.6432657E-04 -0.9060103E+00
   06  0.1130952E+01  0.1315901E+02 -0.1092572E-02  0.7075864E-04 -0.9060103E+00
   06  0.1142857E+01  0.1315901E+02 -0.1191899E-02  0.7719057E-04 -0.9060103E+00
   06  0.1154762E+01  0.1315901E+02 -0.1291226E-02  0.8362236E-04 -0.9060103E+00
   06  0.1166667E+01  0.1315901E+02 -0.1390553E-02  0.9005399E-04 -0.9060103E+00
   06  0.1178571E+01  0.1315901E+02 -0.1489881E-02  0.9648547E-04 -0.9060103E+00
   06  0.1190476E+01  0.1315901E+02 -0.1589209E-02  0.1029168E-03 -0.9060103E+00
   06  0.1202381E+01  0.1315901E+02 -0.1688538E-02  0.1093479E-03 -0.9060103E+00
   06  0.1214286E+01  0.1315901E+02 -0.1787866E-02  0.1157789E-03 -0.9060104E+00
   06  0.1226190E+01  0.1315901E+02 -0.1887196E-02  0.1222097E-03 -0.9060104E+00
   06  0.1238095E+01  0.1315901E+02 -0.1986525E-02  0.1286403E-03 -0.9060104E+00
   06  0.1250000E+01  0.1315901E+02 -0.2085855E-02  0.1350707E-03 -0.9060104E+00
   06  0.1261905E+01  0.1315901E+02 -0.2185185E-02  0.1415010E-03 -0.9060104E+00
   06  0.1273810E+01  0.1315901E+02 -0.2284516E-02  0.1479310E-03 -0.9060104E+00
   06  0.1285714E+01  0.1315901E+02 -0.2383846E-02  0.1543608E-03 -0.9060104E+00
   06  0.1297619E+01  0.1315901E+02 -0.2483178E-02  0.1607904E-03 -0.9060105E+00
   06  0.1309524E+01  0.1315901E+02 -0.2582509E-02  0.1672198E-03 -0.9060105E+00
   06  0.1321429E+01  0.1315901E+02 -0.2681841E-02  0.1736490E-03 -0.9060105E+00
   06  0.1333333E+01  0.1315901E+02 -0.2781173E-02  0.1800779E-03 -0.9060105E+00
   06  0.1345238E+01  0.1315901E+02 -0.2880506E-02  0.1865066E-03 -0.9060105E+00
   06  0.1357143E+01  0.1315901E+02 -0.2979838E-02  0.1929351E-03 -0.9060105E+00
   06  0.1369048E+01  0.1315901E+02 -0.3079172E-02  0.1993633E-03 -0.9060106E+00
   06  0.1380952E+01  0.1315901E+02 -0.3178505E-02  0.2057913E-03 -0.9060106E+00
   06  0.1392857E+01  0.1315901E+02 -0.3277839E-02  0.2122190E-03 -0.9060106E+00
   06  0.1404762E+01  0.1315901E+02 -0.3377173E-02  0.2186465E-03 -0.9060106E+00
   06  0.1416667E+01  0.1315901E+02 -0.3476508E-02  0.2250737E-03 -0.9060107E+00
   06  0.1428571E+01  0.1315901E+02 -0.3575843E-02  0.2315006E-03 -0.9060107E+00
   06  0.1476190E+01  0.1315901E+02 -0.3973184E-02  0.2572069E-03 -0.9060108E+00
   06  0.1523810E+01  0.1315901E+02 -0.4370531E-02  0.2829086E-03 -0.9060109E+00
   06  0.1571429E+01  0.1315901E+02 -0.4767884E-02  0.3086052E-03 -0.9060110E+00
   06  0.1619048E+01  0.1315901E+02 -0.5165241E-02  0.3342964E-03 -0.9060111E+00
   06  0.1666667E+01  0.1315901E+02 -0.5562604E-02  0.3599820E-03 -0.9060113E+00
   06  0.1714286E+01  0.1315901E+02 -0.5959972E-02  0.3856616E-03 -0.9060114E+00
   06  0.1761905E+01  0.1315901E+02 -0.6357346E-02  0.4113349E-03 -0.9060116E+00
   06  0.1809524E+01  0.1315901E+02 -0.6754724E-02  0.4370015E-03 -0.9060118E+00
   06  0.1857143E+01  0.1315901E+02 -0.7152108E-02  0.4626613E-03 -0.9060120E+00
   06  0.1904762E+01  0.1315901E+02 -0.7549496E-02  0.4883138E-03 -0.9060122E+00
   06  0.1952381E+01  0.1315901E+02 -0.7946890E-02  0.5139589E-03 -0.9060124E+00
