# gauge_id= 522 location=( -0.1245000000E+03  0.4200000000E+02 ) num_var=  4
# Stationary gauge
# level, time, q[  1  2  3], eta, aux[]
# file format ascii, time series follow in this file
   03  0.0000000E+00  0.0000000E+00  0.0000000E+00  0.0000000E+00  0.1092448E+03
   03  0.1000000E+01  0.0000000E+00  0.0000000E+00  0.0000000E+00  0.1043342E+03
   03  0.1047619E+01  0.0000000E+00  0.0000000E+00  0.0000000E+00  0.1043342E+03
   03  0.1095238E+01  0.0000000E+00  0.0000000E+00  0.0000000E+00  0.1043342E+03
   03  0.1142857E+01  0.0000000E+00  0.0000000E+00  0.0000000E+00  0.1043342E+03
   03  0.1190476E+01  0.0000000E+00  0.0000000E+00  0.0000000E+00  0.1043342E+03
   03  0.1238095E+01  0.0000000E+00  0.0000000E+00  0.0000000E+00  0.1043342E+03
   03  0.1285714E+01  0.0000000E+00  0.0000000E+00  0.0000000E+00  0.1043342E+03
   03  0.1333333E+01  0.0000000E+00  0.0000000E+00  0.0000000E+00  0.1043342E+03
   03  0.1380952E+01  0.0000000E+00  0.0000000E+00  0.0000000E+00  0.1043342E+03
   03  0.1428571E+01  0.0000000E+00  0.0000000E+00  0.0000000E+00  0.1043342E+03
   03  0.1476190E+01  0.0000000E+00  0.0000000E+00  0.0000000E+00  0.1043342E+03
   03  0.1523810E+01  0.0000000E+00  0.0000000E+00  0.0000000E+00  0.1043342E+03
   03  0.1571429E+01  0.0000000E+00  0.0000000E+00  0.0000000E+00  0.1043342E+03
   03  0.1619048E+01  0.0000000E+00  0.0000000E+00  0.0000000E+00  0.1043342E+03
   03  0.1666667E+01  0.0000000E+00  0.0000000E+00  0.0000000E+00  0.1043342E+03
   03  0.1714286E+01  0.0000000E+00  0.0000000E+00  0.0000000E+00  0.1043342E+03
   03  0.1761905E+01  0.0000000E+00  0.0000000E+00  0.0000000E+00  0.1043342E+03
   03  0.1809524E+01  0.0000000E+00  0.0000000E+00  0.0000000E+00  0.1043342E+03
   03  0.1857143E+01  0.0000000E+00  0.0000000E+00  0.0000000E+00  0.1043342E+03
   03  0.1904762E+01  0.0000000E+00  0.0000000E+00  0.0000000E+00  0.1043342E+03
   03  0.1952381E+01  0.0000000E+00  0.0000000E+00  0.0000000E+00  0.1043342E+03
   03  0.2000000E+01  0.0000000E+00  0.0000000E+00  0.0000000E+00  0.1043342E+03
   03  0.1691168E+02  0.0000000E+00  0.0000000E+00  0.0000000E+00  0.1043342E+03
   03  0.3182335E+02  0.0000000E+00  0.0000000E+00  0.0000000E+00  0.1043342E+03
   03  0.4673503E+02  0.0000000E+00  0.0000000E+00  0.0000000E+00  0.1043342E+03
   03  0.6164671E+02  0.0000000E+00  0.0000000E+00  0.0000000E+00  0.1043342E+03
   03  0.7655838E+02  0.0000000E+00  0.0000000E+00  0.0000000E+00  0.1043342E+03
   03  0.9147006E+02  0.0000000E+00  0.0000000E+00  0.0000000E+00  0.1175727E+03
   03  0.1004171E+03  0.0000000E+00  0.0000000E+00  0.0000000E+00  0.1175727E+03
   03  0.1093641E+03  0.0000000E+00  0.0000000E+00  0.0000000E+00  0.1175727E+03
   03  0.1183111E+03  0.0000000E+00  0.0000000E+00  0.0000000E+00  0.1175727E+03
   03  0.1272581E+03  0.0000000E+00  0.0000000E+00  0.0000000E+00  0.1175727E+03
   03  0.1362051E+03  0.0000000E+00  0.0000000E+00  0.0000000E+00  0.1175727E+03
   03  0.1451521E+03  0.0000000E+00  0.0000000E+00  0.0000000E+00  0.1175727E+03
   03  0.1540991E+03  0.0000000E+00  0.0000000E+00  0.0000000E+00  0.1175727E+03
   03  0.1630461E+03  0.0000000E+00  0.0000000E+00  0.0000000E+00  0.1175727E+03
   03  0.1719931E+03  0.0000000E+00  0.0000000E+00  0.0000000E+00  0.1175727E+03
   03  0.1809401E+03  0.0000000E+00  0.0000000E+00  0.0000000E+00  0.1175727E+03
   03  0.1898871E+03  0.0000000E+00  0.0000000E+00  0.0000000E+00  0.1175727E+03
   03  0.1988341E+03  0.0000000E+00  0.0000000E+00  0.0000000E+00  0.1175727E+03
   03  0.2077811E+03  0.0000000E+00  0.0000000E+00  0.0000000E+00  0.1175727E+03
   03  0.2167281E+03  0.0000000E+00  0.0000000E+00  0.0000000E+00  0.1175727E+03
   03  0.2256752E+03  0.0000000E+00  0.0000000E+00  0.0000000E+00  0.1175727E+03
   03  0.2346222E+03  0.0000000E+00  0.0000000E+00  0.0000000E+00  0.1175727E+03
   03  0.2435692E+03  0.0000000E+00  0.0000000E+00  0.0000000E+00  0.1175727E+03
   03  0.2525162E+03  0.0000000E+00  0.0000000E+00  0.0000000E+00  0.1175727E+03
   03  0.2614632E+03  0.0000000E+00  0.0000000E+00  0.0000000E+00  0.1175727E+03
   03  0.2704102E+03  0.0000000E+00  0.0000000E+00  0.0000000E+00  0.1175727E+03
   03  0.2793572E+03  0.0000000E+00  0.0000000E+00  0.0000000E+00  0.1175727E+03
   03  0.2883042E+03  0.0000000E+00  0.0000000E+00  0.0000000E+00  0.1175727E+03
   03  0.2972512E+03  0.0000000E+00  0.0000000E+00  0.0000000E+00  0.1175727E+03
   03  0.3061982E+03  0.0000000E+00  0.0000000E+00  0.0000000E+00  0.1175727E+03
   03  0.3151452E+03  0.0000000E+00  0.0000000E+00  0.0000000E+00  0.1175727E+03
   03  0.3232839E+03  0.0000000E+00  0.0000000E+00  0.0000000E+00  0.1175727E+03
   03  0.3314226E+03  0.0000000E+00  0.0000000E+00  0.0000000E+00  0.1175727E+03
   03  0.3395613E+03  0.0000000E+00  0.0000000E+00  0.0000000E+00  0.1175727E+03
   03  0.3477000E+03  0.0000000E+00  0.0000000E+00  0.0000000E+00  0.1175727E+03
   03  0.3558388E+03  0.0000000E+00  0.0000000E+00  0.0000000E+00  0.1175727E+03
   03  0.3639775E+03  0.0000000E+00  0.0000000E+00  0.0000000E+00  0.1175727E+03
   03  0.3721162E+03  0.0000000E+00  0.0000000E+00  0.0000000E+00  0.1175727E+03
   03  0.3802549E+03  0.0000000E+00  0.0000000E+00  0.0000000E+00  0.1175727E+03
   03  0.3883936E+03  0.0000000E+00  0.0000000E+00  0.0000000E+00  0.1175727E+03
   03  0.3965323E+03  0.0000000E+00  0.0000000E+00  0.0000000E+00  0.1175727E+03
   03  0.4046710E+03  0.0000000E+00  0.0000000E+00  0.0000000E+00  0.1175727E+03
   03  0.4128097E+03  0.0000000E+00  0.0000000E+00  0.0000000E+00  0.1175727E+03
   03  0.4209484E+03  0.0000000E+00  0.0000000E+00  0.0000000E+00  0.1175727E+03
   03  0.4290871E+03  0.0000000E+00  0.0000000E+00  0.0000000E+00  0.1175727E+03
   04  0.4372258E+03  0.0000000E+00  0.0000000E+00  0.0000000E+00  0.1093891E+03
   04  0.4388536E+03  0.0000000E+00  0.0000000E+00  0.0000000E+00  0.1093891E+03
   04  0.4404813E+03  0.0000000E+00  0.0000000E+00  0.0000000E+00  0.1093891E+03
   04  0.4421091E+03  0.0000000E+00  0.0000000E+00  0.0000000E+00  0.1093891E+03
   04  0.4437368E+03  0.0000000E+00  0.0000000E+00  0.0000000E+00  0.1093891E+03
   04  0.4453645E+03  0.0000000E+00  0.0000000E+00  0.0000000E+00  0.1093891E+03
   04  0.4469923E+03  0.0000000E+00  0.0000000E+00  0.0000000E+00  0.1093891E+03
   04  0.4486200E+03  0.0000000E+00  0.0000000E+00  0.0000000E+00  0.1093891E+03
   04  0.4502478E+03  0.0000000E+00  0.0000000E+00  0.0000000E+00  0.1093891E+03
   04  0.4518755E+03  0.0000000E+00  0.0000000E+00  0.0000000E+00  0.1093891E+03
   04  0.4535033E+03  0.0000000E+00  0.0000000E+00  0.0000000E+00  0.1093891E+03
   04  0.4551310E+03  0.0000000E+00  0.0000000E+00  0.0000000E+00  0.1093891E+03
   04  0.4567587E+03  0.0000000E+00  0.0000000E+00  0.0000000E+00  0.1093891E+03
   04  0.4583865E+03  0.0000000E+00  0.0000000E+00  0.0000000E+00  0.1093891E+03
   04  0.4600142E+03  0.0000000E+00  0.0000000E+00  0.0000000E+00  0.1093891E+03
   04  0.4616420E+03  0.0000000E+00  0.0000000E+00  0.0000000E+00  0.1093891E+03
   04  0.4632697E+03  0.0000000E+00  0.0000000E+00  0.0000000E+00  0.1093891E+03
   04  0.4648974E+03  0.0000000E+00  0.0000000E+00  0.0000000E+00  0.1093891E+03
   04  0.4665252E+03  0.0000000E+00  0.0000000E+00  0.0000000E+00  0.1093891E+03
   04  0.4681529E+03  0.0000000E+00  0.0000000E+00  0.0000000E+00  0.1093891E+03
   04  0.4697807E+03  0.0000000E+00  0.0000000E+00  0.0000000E+00  0.1093891E+03
   04  0.4714084E+03  0.0000000E+00  0.0000000E+00  0.0000000E+00  0.1093891E+03
   04  0.4730362E+03  0.0000000E+00  0.0000000E+00  0.0000000E+00  0.1093891E+03
   04  0.4746639E+03  0.0000000E+00  0.0000000E+00  0.0000000E+00  0.1093891E+03
   04  0.4762916E+03  0.0000000E+00  0.0000000E+00  0.0000000E+00  0.1093891E+03
   04  0.4779194E+03  0.0000000E+00  0.0000000E+00  0.0000000E+00  0.1093891E+03
   04  0.4795471E+03  0.0000000E+00  0.0000000E+00  0.0000000E+00  0.1093891E+03
   04  0.4811749E+03  0.0000000E+00  0.0000000E+00  0.0000000E+00  0.1093891E+03
   04  0.4828026E+03  0.0000000E+00  0.0000000E+00  0.0000000E+00  0.1093891E+03
   04  0.4844303E+03  0.0000000E+00  0.0000000E+00  0.0000000E+00  0.1093891E+03
   04  0.4860581E+03  0.0000000E+00  0.0000000E+00  0.0000000E+00  0.1093891E+03
   04  0.4876858E+03  0.0000000E+00  0.0000000E+00  0.0000000E+00  0.1093891E+03
   04  0.4893136E+03  0.0000000E+00  0.0000000E+00  0.0000000E+00  0.1093891E+03
   04  0.4909413E+03  0.0000000E+00  0.0000000E+00  0.0000000E+00  0.1093891E+03
   04  0.4925691E+03  0.0000000E+00  0.0000000E+00  0.0000000E+00  0.1093891E+03
   04  0.4941968E+03  0.0000000E+00  0.0000000E+00  0.0000000E+00  0.1093891E+03
   04  0.4958245E+03  0.0000000E+00  0.0000000E+00  0.0000000E+00  0.1093891E+03
   04  0.4974523E+03  0.0000000E+00  0.0000000E+00  0.0000000E+00  0.1093891E+03
   04  0.4990800E+03  0.0000000E+00  0.0000000E+00  0.0000000E+00  0.1093891E+03
   04  0.5007078E+03  0.0000000E+00  0.0000000E+00  0.0000000E+00  0.1093891E+03
   04  0.5023355E+03  0.0000000E+00  0.0000000E+00  0.0000000E+00  0.1093891E+03
   04  0.5039632E+03  0.0000000E+00  0.0000000E+00  0.0000000E+00  0.1093891E+03
   04  0.5055910E+03  0.0000000E+00  0.0000000E+00  0.0000000E+00  0.1093891E+03
   04  0.5072187E+03  0.0000000E+00  0.0000000E+00  0.0000000E+00  0.1093891E+03
   04  0.5088465E+03  0.0000000E+00  0.0000000E+00  0.0000000E+00  0.1093891E+03
   04  0.5104742E+03  0.0000000E+00  0.0000000E+00  0.0000000E+00  0.1093891E+03
   04  0.5121020E+03  0.0000000E+00  0.0000000E+00  0.0000000E+00  0.1093891E+03
   04  0.5137297E+03  0.0000000E+00  0.0000000E+00  0.0000000E+00  0.1093891E+03
   04  0.5153574E+03  0.0000000E+00  0.0000000E+00  0.0000000E+00  0.1093891E+03
   04  0.5169852E+03  0.0000000E+00  0.0000000E+00  0.0000000E+00  0.1093891E+03
   04  0.5186129E+03  0.0000000E+00  0.0000000E+00  0.0000000E+00  0.1117668E+03
   04  0.5202407E+03  0.0000000E+00  0.0000000E+00  0.0000000E+00  0.1117668E+03
   04  0.5218684E+03  0.0000000E+00  0.0000000E+00  0.0000000E+00  0.1117668E+03
   04  0.5234961E+03  0.0000000E+00  0.0000000E+00  0.0000000E+00  0.1117668E+03
   04  0.5251239E+03  0.0000000E+00  0.0000000E+00  0.0000000E+00  0.1117668E+03
   04  0.5267516E+03  0.0000000E+00  0.0000000E+00  0.0000000E+00  0.1117668E+03
   04  0.5283794E+03  0.0000000E+00  0.0000000E+00  0.0000000E+00  0.1117668E+03
   04  0.5300071E+03  0.0000000E+00  0.0000000E+00  0.0000000E+00  0.1117668E+03
   04  0.5316349E+03  0.0000000E+00  0.0000000E+00  0.0000000E+00  0.1117668E+03
   04  0.5332626E+03  0.0000000E+00  0.0000000E+00  0.0000000E+00  0.1117668E+03
   04  0.5348903E+03  0.0000000E+00  0.0000000E+00  0.0000000E+00  0.1117668E+03
   04  0.5365181E+03  0.0000000E+00  0.0000000E+00  0.0000000E+00  0.1117668E+03
   04  0.5381458E+03  0.0000000E+00  0.0000000E+00  0.0000000E+00  0.1117668E+03
   04  0.5397736E+03  0.0000000E+00  0.0000000E+00  0.0000000E+00  0.1117668E+03
   04  0.5414013E+03  0.0000000E+00  0.0000000E+00  0.0000000E+00  0.1117668E+03
   04  0.5430290E+03  0.0000000E+00  0.0000000E+00  0.0000000E+00  0.1117668E+03
   04  0.5446568E+03  0.0000000E+00  0.0000000E+00  0.0000000E+00  0.1117668E+03
   04  0.5462845E+03  0.0000000E+00  0.0000000E+00  0.0000000E+00  0.1117668E+03
   04  0.5479123E+03  0.0000000E+00  0.0000000E+00  0.0000000E+00  0.1117668E+03
   04  0.5495400E+03  0.0000000E+00  0.0000000E+00  0.0000000E+00  0.1117668E+03
   04  0.5511678E+03  0.0000000E+00  0.0000000E+00  0.0000000E+00  0.1117668E+03
   04  0.5527955E+03  0.0000000E+00  0.0000000E+00  0.0000000E+00  0.1117668E+03
   04  0.5544232E+03  0.0000000E+00  0.0000000E+00  0.0000000E+00  0.1117668E+03
   04  0.5560510E+03  0.0000000E+00  0.0000000E+00  0.0000000E+00  0.1117668E+03
   04  0.5576787E+03  0.0000000E+00  0.0000000E+00  0.0000000E+00  0.1117668E+03
   04  0.5593065E+03  0.0000000E+00  0.0000000E+00  0.0000000E+00  0.1117668E+03
   04  0.5609342E+03  0.0000000E+00  0.0000000E+00  0.0000000E+00  0.1117668E+03
   04  0.5625619E+03  0.0000000E+00  0.0000000E+00  0.0000000E+00  0.1117668E+03
   04  0.5641897E+03  0.0000000E+00  0.0000000E+00  0.0000000E+00  0.1117668E+03
   04  0.5658174E+03  0.0000000E+00  0.0000000E+00  0.0000000E+00  0.1117668E+03
   04  0.5674452E+03  0.0000000E+00  0.0000000E+00  0.0000000E+00  0.1117668E+03
   04  0.5690729E+03  0.0000000E+00  0.0000000E+00  0.0000000E+00  0.1117668E+03
   04  0.5707007E+03  0.0000000E+00  0.0000000E+00  0.0000000E+00  0.1117668E+03
   04  0.5723284E+03  0.0000000E+00  0.0000000E+00  0.0000000E+00  0.1117668E+03
   04  0.5739561E+03  0.0000000E+00  0.0000000E+00  0.0000000E+00  0.1117668E+03
   04  0.5755839E+03  0.0000000E+00  0.0000000E+00  0.0000000E+00  0.1117668E+03
   04  0.5772116E+03  0.0000000E+00  0.0000000E+00  0.0000000E+00  0.1117668E+03
   04  0.5788394E+03  0.0000000E+00  0.0000000E+00  0.0000000E+00  0.1117668E+03
   04  0.5804671E+03  0.0000000E+00  0.0000000E+00  0.0000000E+00  0.1117668E+03
   04  0.5820948E+03  0.0000000E+00  0.0000000E+00  0.0000000E+00  0.1117668E+03
   04  0.5837226E+03  0.0000000E+00  0.0000000E+00  0.0000000E+00  0.1117668E+03
   04  0.5853503E+03  0.0000000E+00  0.0000000E+00  0.0000000E+00  0.1117668E+03
   04  0.5869781E+03  0.0000000E+00  0.0000000E+00  0.0000000E+00  0.1117668E+03
   04  0.5886058E+03  0.0000000E+00  0.0000000E+00  0.0000000E+00  0.1117668E+03
   04  0.5902336E+03  0.0000000E+00  0.0000000E+00  0.0000000E+00  0.1117668E+03
   04  0.5918613E+03  0.0000000E+00  0.0000000E+00  0.0000000E+00  0.1117668E+03
   04  0.5934890E+03  0.0000000E+00  0.0000000E+00  0.0000000E+00  0.1117668E+03
   04  0.5951168E+03  0.0000000E+00  0.0000000E+00  0.0000000E+00  0.1117668E+03
   04  0.5967445E+03  0.0000000E+00  0.0000000E+00  0.0000000E+00  0.1117668E+03
   04  0.5983723E+03  0.0000000E+00  0.0000000E+00  0.0000000E+00  0.1117668E+03
