# gauge_id= 515 location=( -0.1251000000E+03  0.4170000000E+02 ) num_var=  4
# Stationary gauge
# level, time, q[  1  2  3], eta, aux[]
# file format ascii, time series follow in this file
   02  0.0000000E+00  0.1974486E+04  0.0000000E+00  0.0000000E+00  0.0000000E+00
   02  0.1000000E+01  0.1974486E+04 -0.2753501E-13  0.1109535E-12  0.6809584E+01
   02  0.1142857E+01  0.1974481E+04 -0.8989222E+00 -0.1045482E+00  0.6804858E+01
   02  0.1285714E+01  0.1974476E+04 -0.1795215E+01 -0.2090382E+00  0.6800132E+01
   02  0.1428571E+01  0.1974471E+04 -0.2688885E+01 -0.3134703E+00  0.6795405E+01
   02  0.1571429E+01  0.1974467E+04 -0.3579938E+01 -0.4178448E+00  0.6790679E+01
   02  0.1714286E+01  0.1974462E+04 -0.4468382E+01 -0.5221622E+00  0.6785953E+01
   02  0.1857143E+01  0.1974457E+04 -0.5354221E+01 -0.6264226E+00  0.6781226E+01
   02  0.2000000E+01  0.1974453E+04 -0.6237463E+01 -0.7306265E+00  0.6776500E+01
   02  0.4673503E+02  0.1972940E+04 -0.2837378E+03 -0.3491483E+02  0.5264006E+01
   03  0.9147006E+02  0.1875062E+04 -0.3112319E+03 -0.6065590E+02  0.3908124E+01
   03  0.1004171E+03  0.1874873E+04 -0.3119837E+03 -0.6964510E+02  0.3718525E+01
   03  0.1093641E+03  0.1874636E+04 -0.3211299E+03 -0.7962772E+02  0.3481413E+01
   03  0.1183111E+03  0.1874341E+04 -0.3336759E+03 -0.8971425E+02  0.3186683E+01
   03  0.1272581E+03  0.1873991E+04 -0.3400457E+03 -0.9898198E+02  0.2836868E+01
   03  0.1362051E+03  0.1873595E+04 -0.3337474E+03 -0.1063925E+03  0.2440964E+01
   03  0.1451521E+03  0.1873175E+04 -0.3135806E+03 -0.1110879E+03  0.2020851E+01
   03  0.1540991E+03  0.1872760E+04 -0.2829677E+03 -0.1129838E+03  0.1605481E+01
   03  0.1630461E+03  0.1872377E+04 -0.2477268E+03 -0.1127478E+03  0.1222272E+01
   03  0.1719931E+03  0.1872048E+04 -0.2131010E+03 -0.1113063E+03  0.8938904E+00
   04  0.1809401E+03  0.1814582E+04 -0.1787994E+03 -0.1050454E+03  0.5686901E+00
   04  0.1824313E+03  0.1814521E+04 -0.1714944E+03 -0.1040737E+03  0.5073084E+00
   04  0.1839225E+03  0.1814473E+04 -0.1661339E+03 -0.1032227E+03  0.4595220E+00
   04  0.1854136E+03  0.1814437E+04 -0.1622098E+03 -0.1025530E+03  0.4236596E+00
   04  0.1869048E+03  0.1814409E+04 -0.1590814E+03 -0.1020531E+03  0.3956396E+00
   04  0.1883960E+03  0.1814386E+04 -0.1563264E+03 -0.1016778E+03  0.3723916E+00
   04  0.1898871E+03  0.1814366E+04 -0.1537300E+03 -0.1013812E+03  0.3520969E+00
   04  0.1913783E+03  0.1814347E+04 -0.1511474E+03 -0.1011326E+03  0.3336982E+00
   04  0.1928695E+03  0.1814330E+04 -0.1484240E+03 -0.1009117E+03  0.3165590E+00
   04  0.1943606E+03  0.1814314E+04 -0.1453857E+03 -0.1007119E+03  0.3002821E+00
   04  0.1958518E+03  0.1814298E+04 -0.1418825E+03 -0.1005337E+03  0.2845654E+00
   04  0.1973430E+03  0.1814283E+04 -0.1378628E+03 -0.1003850E+03  0.2689755E+00
   04  0.1988341E+03  0.1814267E+04 -0.1334229E+03 -0.1002780E+03  0.2528586E+00
   04  0.2003253E+03  0.1814249E+04 -0.1287939E+03 -0.1002246E+03  0.2355053E+00
   04  0.2018165E+03  0.1814230E+04 -0.1242760E+03 -0.1002301E+03  0.2164444E+00
   04  0.2033076E+03  0.1814209E+04 -0.1201498E+03 -0.1002881E+03  0.1956834E+00
   04  0.2047988E+03  0.1814188E+04 -0.1166020E+03 -0.1003807E+03  0.1737905E+00
   04  0.2062900E+03  0.1814166E+04 -0.1136898E+03 -0.1004813E+03  0.1517515E+00
   04  0.2077811E+03  0.1814144E+04 -0.1113519E+03 -0.1005588E+03  0.1306408E+00
   04  0.2092723E+03  0.1814125E+04 -0.1094489E+03 -0.1005850E+03  0.1113026E+00
   04  0.2107635E+03  0.1814108E+04 -0.1078065E+03 -0.1005412E+03  0.9416193E-01
   04  0.2122546E+03  0.1814093E+04 -0.1062500E+03 -0.1004224E+03  0.7919459E-01
   04  0.2137458E+03  0.1814080E+04 -0.1046247E+03 -0.1002383E+03  0.6597463E-01
   04  0.2152370E+03  0.1814067E+04 -0.1028051E+03 -0.1000110E+03  0.5372176E-01
   04  0.2167281E+03  0.1814055E+04 -0.1006966E+03 -0.9976927E+02  0.4136868E-01
   04  0.2182193E+03  0.1814041E+04 -0.9823542E+02 -0.9954347E+02  0.2772869E-01
   04  0.2197105E+03  0.1814026E+04 -0.9539274E+02 -0.9936096E+02  0.1178544E-01
   04  0.2212017E+03  0.1814007E+04 -0.9218818E+02 -0.9924428E+02 -0.6974760E-02
   04  0.2226928E+03  0.1813985E+04 -0.8870322E+02 -0.9921108E+02 -0.2832346E-01
   04  0.2241840E+03  0.1813962E+04 -0.8508136E+02 -0.9927354E+02 -0.5128059E-01
   04  0.2256752E+03  0.1813939E+04 -0.8150583E+02 -0.9943727E+02 -0.7436064E-01
   04  0.2271663E+03  0.1813918E+04 -0.7815888E+02 -0.9970041E+02 -0.9598439E-01
   04  0.2286575E+03  0.1813899E+04 -0.7517817E+02 -0.1000536E+03 -0.1148968E+00
   04  0.2301487E+03  0.1813883E+04 -0.7262841E+02 -0.1004815E+03 -0.1304411E+00
   04  0.2316398E+03  0.1813871E+04 -0.7049836E+02 -0.1009646E+03 -0.1426144E+00
   04  0.2331310E+03  0.1813862E+04 -0.6872005E+02 -0.1014828E+03 -0.1519324E+00
   04  0.2346222E+03  0.1813855E+04 -0.6719816E+02 -0.1020173E+03 -0.1591965E+00
   04  0.2361133E+03  0.1813849E+04 -0.6583698E+02 -0.1025525E+03 -0.1652646E+00
   04  0.2376045E+03  0.1813843E+04 -0.6455405E+02 -0.1030766E+03 -0.1709143E+00
   04  0.2390957E+03  0.1813837E+04 -0.6327685E+02 -0.1035828E+03 -0.1768360E+00
   04  0.2405868E+03  0.1813830E+04 -0.6193045E+02 -0.1040691E+03 -0.1837028E+00
   04  0.2420780E+03  0.1813822E+04 -0.6042618E+02 -0.1045397E+03 -0.1922454E+00
   04  0.2435692E+03  0.1813811E+04 -0.5866094E+02 -0.1050034E+03 -0.2032579E+00
   04  0.2450603E+03  0.1813796E+04 -0.5653322E+02 -0.1054719E+03 -0.2174847E+00
   04  0.2465515E+03  0.1813778E+04 -0.5397260E+02 -0.1059576E+03 -0.2354094E+00
   04  0.2480427E+03  0.1813757E+04 -0.5097044E+02 -0.1064707E+03 -0.2570376E+00
   04  0.2495338E+03  0.1813732E+04 -0.4759609E+02 -0.1070170E+03 -0.2817874E+00
   04  0.2510250E+03  0.1813705E+04 -0.4398821E+02 -0.1075974E+03 -0.3085650E+00
   04  0.2525162E+03  0.1813678E+04 -0.4032259E+02 -0.1082080E+03 -0.3360127E+00
   04  0.2540073E+03  0.1813651E+04 -0.3676883E+02 -0.1088422E+03 -0.3628347E+00
   04  0.2554985E+03  0.1813626E+04 -0.3345284E+02 -0.1094920E+03 -0.3880751E+00
   04  0.2569897E+03  0.1813603E+04 -0.3043790E+02 -0.1101500E+03 -0.4112577E+00
   04  0.2584808E+03  0.1813581E+04 -0.2772648E+02 -0.1108098E+03 -0.4323706E+00
   04  0.2599720E+03  0.1813562E+04 -0.2527616E+02 -0.1114664E+03 -0.4517494E+00
   04  0.2614632E+03  0.1813544E+04 -0.2301951E+02 -0.1121155E+03 -0.4699314E+00
   04  0.2629543E+03  0.1813526E+04 -0.2087964E+02 -0.1127540E+03 -0.4875388E+00
   04  0.2644455E+03  0.1813509E+04 -0.1877858E+02 -0.1133796E+03 -0.5052103E+00
   04  0.2659367E+03  0.1813490E+04 -0.1663924E+02 -0.1139911E+03 -0.5235729E+00
   04  0.2674278E+03  0.1813471E+04 -0.1438460E+02 -0.1145879E+03 -0.5432296E+00
   04  0.2689190E+03  0.1813449E+04 -0.1193798E+02 -0.1151694E+03 -0.5647388E+00
   04  0.2704102E+03  0.1813425E+04 -0.9227348E+01 -0.1157329E+03 -0.5885659E+00
   04  0.2719014E+03  0.1813399E+04 -0.6194411E+01 -0.1162721E+03 -0.6150105E+00
   04  0.2733925E+03  0.1813370E+04 -0.2806977E+01 -0.1167755E+03 -0.6441219E+00
   04  0.2748837E+03  0.1813338E+04  0.9295115E+00 -0.1172267E+03 -0.6756337E+00
   04  0.2763749E+03  0.1813305E+04  0.4965686E+01 -0.1176054E+03 -0.7089473E+00
   04  0.2778660E+03  0.1813271E+04  0.9210438E+01 -0.1178897E+03 -0.7431732E+00
   04  0.2793572E+03  0.1813237E+04  0.1354199E+02 -0.1180583E+03 -0.7772378E+00
   04  0.2808484E+03  0.1813204E+04  0.1782557E+02 -0.1180945E+03 -0.8100346E+00
   04  0.2823395E+03  0.1813173E+04  0.2193300E+02 -0.1179883E+03 -0.8405794E+00
   04  0.2838307E+03  0.1813146E+04  0.2575922E+02 -0.1177395E+03 -0.8681426E+00
   04  0.2853219E+03  0.1813121E+04  0.2923233E+02 -0.1173569E+03 -0.8923083E+00
   04  0.2868130E+03  0.1813101E+04  0.3231588E+02 -0.1168564E+03 -0.9129756E+00
   04  0.2883042E+03  0.1813083E+04  0.3500454E+02 -0.1162582E+03 -0.9303078E+00
   04  0.2897954E+03  0.1813069E+04  0.3731589E+02 -0.1155810E+03 -0.9446404E+00
   04  0.2912865E+03  0.1813057E+04  0.3928169E+02 -0.1148397E+03 -0.9564011E+00
   04  0.2927777E+03  0.1813048E+04  0.4094107E+02 -0.1140447E+03 -0.9660515E+00
   04  0.2942689E+03  0.1813040E+04  0.4233657E+02 -0.1132020E+03 -0.9740450E+00
   04  0.2957600E+03  0.1813033E+04  0.4350935E+02 -0.1123156E+03 -0.9807956E+00
   04  0.2972512E+03  0.1813027E+04  0.4450072E+02 -0.1113854E+03 -0.9866715E+00
   04  0.2987424E+03  0.1813022E+04  0.4534846E+02 -0.1104136E+03 -0.9919839E+00
   04  0.3002335E+03  0.1813017E+04  0.4608864E+02 -0.1094045E+03 -0.9969877E+00
   04  0.3017247E+03  0.1813012E+04  0.4675044E+02 -0.1083575E+03 -0.1001795E+01
   04  0.3032159E+03  0.1813007E+04  0.4734171E+02 -0.1072659E+03 -0.1006316E+01
   04  0.3047070E+03  0.1813003E+04  0.4786696E+02 -0.1061328E+03 -0.1010484E+01
   04  0.3061982E+03  0.1812999E+04  0.4834791E+02 -0.1049599E+03 -0.1014307E+01
   04  0.3076894E+03  0.1812996E+04  0.4880304E+02 -0.1037483E+03 -0.1017771E+01
   04  0.3091805E+03  0.1812993E+04  0.4924064E+02 -0.1025050E+03 -0.1020816E+01
   04  0.3106717E+03  0.1812991E+04  0.4965477E+02 -0.1012191E+03 -0.1023195E+01
   04  0.3121629E+03  0.1812989E+04  0.5003254E+02 -0.9986984E+02 -0.1024582E+01
   04  0.3136540E+03  0.1812989E+04  0.5035820E+02 -0.9842229E+02 -0.1024594E+01
   04  0.3151452E+03  0.1812991E+04  0.5061678E+02 -0.9682489E+02 -0.1022789E+01
   04  0.3165017E+03  0.1812994E+04  0.5078509E+02 -0.9520728E+02 -0.1019291E+01
   04  0.3178581E+03  0.1813000E+04  0.5088889E+02 -0.9340651E+02 -0.1013847E+01
   04  0.3192146E+03  0.1813007E+04  0.5093255E+02 -0.9140463E+02 -0.1006372E+01
   04  0.3205710E+03  0.1813017E+04  0.5092547E+02 -0.8919100E+02 -0.9968595E+00
   04  0.3219275E+03  0.1813028E+04  0.5088019E+02 -0.8676227E+02 -0.9853628E+00
   04  0.3232839E+03  0.1813042E+04  0.5081009E+02 -0.8412172E+02 -0.9719780E+00
   04  0.3246404E+03  0.1813057E+04  0.5072739E+02 -0.8127805E+02 -0.9568209E+00
   04  0.3259968E+03  0.1813074E+04  0.5064162E+02 -0.7824410E+02 -0.9400059E+00
   04  0.3273533E+03  0.1813092E+04  0.5055860E+02 -0.7503569E+02 -0.9216322E+00
   04  0.3287097E+03  0.1813112E+04  0.5047986E+02 -0.7167070E+02 -0.9017787E+00
   04  0.3300662E+03  0.1813133E+04  0.5040256E+02 -0.6816814E+02 -0.8805070E+00
   04  0.3314226E+03  0.1813156E+04  0.5031986E+02 -0.6454742E+02 -0.8578716E+00
   04  0.3327791E+03  0.1813180E+04  0.5022193E+02 -0.6082737E+02 -0.8339289E+00
   04  0.3341355E+03  0.1813205E+04  0.5009731E+02 -0.5702571E+02 -0.8087460E+00
   04  0.3354920E+03  0.1813231E+04  0.4993427E+02 -0.5315877E+02 -0.7824090E+00
   04  0.3368484E+03  0.1813259E+04  0.4972186E+02 -0.4924113E+02 -0.7550275E+00
   04  0.3382049E+03  0.1813287E+04  0.4945019E+02 -0.4528617E+02 -0.7267428E+00
   04  0.3395613E+03  0.1813316E+04  0.4910880E+02 -0.4130657E+02 -0.6977404E+00
   04  0.3409178E+03  0.1813346E+04  0.4868874E+02 -0.3731523E+02 -0.6682352E+00
   04  0.3422742E+03  0.1813375E+04  0.4818281E+02 -0.3332521E+02 -0.6384558E+00
   04  0.3436307E+03  0.1813405E+04  0.4758905E+02 -0.2934907E+02 -0.6086060E+00
   04  0.3449871E+03  0.1813435E+04  0.4690534E+02 -0.2539789E+02 -0.5788871E+00
   04  0.3463436E+03  0.1813464E+04  0.4613313E+02 -0.2148056E+02 -0.5494630E+00
   04  0.3477000E+03  0.1813493E+04  0.4527430E+02 -0.1760349E+02 -0.5204717E+00
   04  0.3490565E+03  0.1813522E+04  0.4433413E+02 -0.1377107E+02 -0.4919974E+00
   04  0.3504130E+03  0.1813550E+04  0.4332099E+02 -0.9984910E+01 -0.4640728E+00
   04  0.3517694E+03  0.1813577E+04  0.4224886E+02 -0.6243676E+01 -0.4366673E+00
   04  0.3531259E+03  0.1813604E+04  0.4112711E+02 -0.2543306E+01 -0.4097557E+00
   04  0.3544823E+03  0.1813630E+04  0.3996808E+02  0.1121133E+01 -0.3832784E+00
   04  0.3558388E+03  0.1813657E+04  0.3878456E+02  0.4754042E+01 -0.3571648E+00
   04  0.3574665E+03  0.1813688E+04  0.3735812E+02  0.9078454E+01 -0.3262160E+00
   04  0.3590942E+03  0.1813718E+04  0.3592471E+02  0.1336578E+02 -0.2956217E+00
   04  0.3607220E+03  0.1813748E+04  0.3449967E+02  0.1761848E+02 -0.2653157E+00
   04  0.3623497E+03  0.1813779E+04  0.3309710E+02  0.2183784E+02 -0.2352617E+00
   04  0.3639775E+03  0.1813808E+04  0.3172831E+02  0.2602191E+02 -0.2054639E+00
   04  0.3656052E+03  0.1813838E+04  0.3040424E+02  0.3016415E+02 -0.1759448E+00
   04  0.3672329E+03  0.1813867E+04  0.2913207E+02  0.3425350E+02 -0.1467632E+00
   04  0.3688607E+03  0.1813896E+04  0.2791334E+02  0.3827608E+02 -0.1180206E+00
   04  0.3704884E+03  0.1813924E+04  0.2674419E+02  0.4221740E+02 -0.8984809E-01
   04  0.3721162E+03  0.1813951E+04  0.2561694E+02  0.4606410E+02 -0.6238395E-01
   04  0.3737439E+03  0.1813978E+04  0.2452179E+02  0.4980528E+02 -0.3575272E-01
   04  0.3753717E+03  0.1814004E+04  0.2344830E+02  0.5343321E+02 -0.1005035E-01
   04  0.3769994E+03  0.1814028E+04  0.2238654E+02  0.5694341E+02  0.1466024E-01
   04  0.3786271E+03  0.1814052E+04  0.2132754E+02  0.6033409E+02  0.3834344E-01
   04  0.3802549E+03  0.1814075E+04  0.2026507E+02  0.6360476E+02  0.6098835E-01
   04  0.3818826E+03  0.1814096E+04  0.1919222E+02  0.6675511E+02  0.8256855E-01
   04  0.3835104E+03  0.1814117E+04  0.1810123E+02  0.6978396E+02  0.1030274E+00
   04  0.3851381E+03  0.1814136E+04  0.1698621E+02  0.7268727E+02  0.1222886E+00
   04  0.3867658E+03  0.1814154E+04  0.1584417E+02  0.7545781E+02  0.1402464E+00
   04  0.3883936E+03  0.1814171E+04  0.1467391E+02  0.7808574E+02  0.1567551E+00
   04  0.3900213E+03  0.1814185E+04  0.1347671E+02  0.8056019E+02  0.1716404E+00
   04  0.3916491E+03  0.1814198E+04  0.1225673E+02  0.8287143E+02  0.1847312E+00
   04  0.3932768E+03  0.1814210E+04  0.1102119E+02  0.8501319E+02  0.1958974E+00
   04  0.3949046E+03  0.1814219E+04  0.9780169E+01  0.8698468E+02  0.2050805E+00
   04  0.3965323E+03  0.1814226E+04  0.8546000E+01  0.8879167E+02  0.2123147E+00
   04  0.3981600E+03  0.1814231E+04  0.7332843E+01  0.9044576E+02  0.2177298E+00
   04  0.3997878E+03  0.1814235E+04  0.6156553E+01  0.9196236E+02  0.2215371E+00
   04  0.4014155E+03  0.1814238E+04  0.5034440E+01  0.9335827E+02  0.2240050E+00
   04  0.4030433E+03  0.1814239E+04  0.3984857E+01  0.9464987E+02  0.2254302E+00
   04  0.4046710E+03  0.1814240E+04  0.3026023E+01  0.9585259E+02  0.2261164E+00
   04  0.4062987E+03  0.1814240E+04  0.2173943E+01  0.9698097E+02  0.2263652E+00
   04  0.4079265E+03  0.1814240E+04  0.1440535E+01  0.9804883E+02  0.2264620E+00
   04  0.4095542E+03  0.1814240E+04  0.8336880E+00  0.9906820E+02  0.2266543E+00
   04  0.4111820E+03  0.1814241E+04  0.3545802E+00  0.1000488E+03  0.2271415E+00
   04  0.4128097E+03  0.1814242E+04  0.7010540E-02  0.1009966E+03  0.2280620E+00
   04  0.4144375E+03  0.1814243E+04 -0.2046423E+00  0.1019135E+03  0.2294957E+00
   04  0.4160652E+03  0.1814245E+04 -0.2878946E+00  0.1027991E+03  0.2313966E+00
   04  0.4176929E+03  0.1814247E+04 -0.2466022E+00  0.1036486E+03  0.2337220E+00
   04  0.4193207E+03  0.1814250E+04 -0.9344749E-01  0.1044532E+03  0.2363784E+00
   04  0.4209484E+03  0.1814253E+04  0.1456968E+00  0.1052064E+03  0.2392110E+00
   04  0.4225762E+03  0.1814256E+04  0.4456587E+00  0.1059045E+03  0.2421051E+00
   04  0.4242039E+03  0.1814259E+04  0.7834173E+00  0.1065449E+03  0.2449867E+00
   04  0.4258316E+03  0.1814262E+04  0.1137046E+01  0.1071258E+03  0.2478005E+00
   04  0.4274594E+03  0.1814264E+04  0.1489027E+01  0.1076471E+03  0.2504757E+00
   04  0.4290871E+03  0.1814267E+04  0.1823173E+01  0.1081112E+03  0.2529905E+00
   04  0.4307149E+03  0.1814269E+04  0.2127024E+01  0.1085216E+03  0.2553578E+00
   04  0.4323426E+03  0.1814271E+04  0.2393058E+01  0.1088810E+03  0.2576087E+00
   04  0.4339704E+03  0.1814274E+04  0.2617667E+01  0.1091988E+03  0.2598134E+00
   04  0.4355981E+03  0.1814276E+04  0.2799561E+01  0.1094867E+03  0.2620568E+00
   04  0.4372258E+03  0.1814278E+04  0.2941437E+01  0.1097562E+03  0.2644491E+00
   04  0.4388536E+03  0.1814281E+04  0.3047254E+01  0.1100159E+03  0.2671154E+00
   04  0.4404813E+03  0.1814284E+04  0.3119190E+01  0.1102794E+03  0.2701390E+00
   04  0.4421091E+03  0.1814287E+04  0.3164073E+01  0.1105577E+03  0.2735973E+00
   04  0.4437368E+03  0.1814291E+04  0.3186294E+01  0.1108631E+03  0.2775538E+00
   04  0.4453645E+03  0.1814296E+04  0.3187818E+01  0.1112073E+03  0.2820399E+00
   04  0.4469923E+03  0.1814301E+04  0.3169977E+01  0.1115952E+03  0.2870610E+00
   04  0.4486200E+03  0.1814306E+04  0.3135060E+01  0.1120276E+03  0.2926216E+00
   04  0.4502478E+03  0.1814312E+04  0.3088767E+01  0.1124950E+03  0.2986648E+00
   04  0.4518755E+03  0.1814319E+04  0.3036909E+01  0.1129852E+03  0.3050960E+00
   04  0.4535033E+03  0.1814326E+04  0.2985940E+01  0.1134838E+03  0.3117951E+00
   04  0.4551310E+03  0.1814332E+04  0.2941487E+01  0.1139758E+03  0.3186257E+00
   04  0.4567587E+03  0.1814339E+04  0.2906924E+01  0.1144478E+03  0.3254591E+00
   04  0.4583865E+03  0.1814346E+04  0.2883661E+01  0.1148897E+03  0.3321833E+00
   04  0.4600142E+03  0.1814352E+04  0.2872687E+01  0.1152968E+03  0.3387036E+00
   04  0.4616420E+03  0.1814359E+04  0.2874851E+01  0.1156674E+03  0.3449561E+00
   04  0.4632697E+03  0.1814365E+04  0.2891017E+01  0.1160027E+03  0.3509276E+00
   04  0.4648974E+03  0.1814370E+04  0.2920741E+01  0.1163058E+03  0.3566571E+00
   04  0.4665252E+03  0.1814376E+04  0.2963117E+01  0.1165817E+03  0.3622195E+00
   04  0.4681529E+03  0.1814381E+04  0.3018115E+01  0.1168360E+03  0.3677103E+00
   04  0.4697807E+03  0.1814387E+04  0.3083822E+01  0.1170744E+03  0.3732537E+00
   04  0.4714084E+03  0.1814393E+04  0.3158896E+01  0.1173027E+03  0.3789710E+00
   04  0.4730362E+03  0.1814399E+04  0.3242131E+01  0.1175283E+03  0.3849741E+00
   04  0.4746639E+03  0.1814405E+04  0.3332186E+01  0.1177591E+03  0.3913528E+00
   04  0.4762916E+03  0.1814412E+04  0.3426430E+01  0.1180021E+03  0.3981746E+00
   04  0.4779194E+03  0.1814419E+04  0.3521065E+01  0.1182618E+03  0.4054895E+00
   04  0.4795471E+03  0.1814427E+04  0.3611657E+01  0.1185386E+03  0.4133287E+00
   04  0.4811749E+03  0.1814435E+04  0.3695088E+01  0.1188285E+03  0.4216690E+00
   04  0.4828026E+03  0.1814444E+04  0.3769915E+01  0.1191237E+03  0.4304442E+00
   04  0.4844303E+03  0.1814453E+04  0.3835048E+01  0.1194136E+03  0.4395705E+00
   04  0.4860581E+03  0.1814463E+04  0.3891035E+01  0.1196866E+03  0.4489504E+00
   04  0.4876858E+03  0.1814472E+04  0.3939258E+01  0.1199313E+03  0.4584966E+00
   04  0.4893136E+03  0.1814482E+04  0.3982104E+01  0.1201383E+03  0.4681280E+00
   04  0.4909413E+03  0.1814492E+04  0.4022673E+01  0.1203003E+03  0.4777726E+00
   04  0.4925691E+03  0.1814501E+04  0.4065011E+01  0.1204127E+03  0.4873755E+00
   04  0.4941968E+03  0.1814511E+04  0.4116912E+01  0.1204736E+03  0.4968855E+00
   04  0.4958245E+03  0.1814520E+04  0.4188344E+01  0.1204832E+03  0.5062671E+00
   04  0.4974523E+03  0.1814529E+04  0.4290840E+01  0.1204436E+03  0.5154967E+00
   04  0.4990800E+03  0.1814538E+04  0.4430235E+01  0.1203587E+03  0.5245869E+00
   04  0.5007078E+03  0.1814547E+04  0.4612866E+01  0.1202344E+03  0.5336038E+00
   04  0.5023355E+03  0.1814556E+04  0.4847024E+01  0.1200786E+03  0.5426166E+00
   04  0.5039632E+03  0.1814566E+04  0.5129960E+01  0.1198983E+03  0.5517351E+00
   04  0.5055910E+03  0.1814575E+04  0.5455551E+01  0.1197002E+03  0.5610452E+00
   04  0.5072187E+03  0.1814584E+04  0.5818204E+01  0.1194909E+03  0.5705795E+00
   04  0.5088465E+03  0.1814594E+04  0.6215885E+01  0.1192749E+03  0.5803003E+00
   04  0.5104742E+03  0.1814604E+04  0.6643795E+01  0.1190543E+03  0.5901495E+00
   04  0.5121020E+03  0.1814614E+04  0.7095048E+01  0.1188296E+03  0.6000844E+00
   04  0.5137297E+03  0.1814624E+04  0.7559221E+01  0.1185998E+03  0.6100569E+00
   04  0.5153574E+03  0.1814634E+04  0.8021896E+01  0.1183628E+03  0.6200087E+00
   04  0.5169852E+03  0.1814644E+04  0.8468291E+01  0.1181151E+03  0.6298629E+00
   04  0.5186129E+03  0.1814653E+04  0.8886615E+01  0.1178524E+03  0.6395409E+00
   04  0.5202407E+03  0.1814663E+04  0.9267286E+01  0.1175701E+03  0.6489621E+00
   04  0.5218684E+03  0.1814672E+04  0.9604378E+01  0.1172643E+03  0.6580426E+00
   04  0.5234961E+03  0.1814680E+04  0.9895485E+01  0.1169319E+03  0.6667296E+00
   04  0.5251239E+03  0.1814689E+04  0.1013841E+02  0.1165694E+03  0.6749746E+00
   04  0.5267516E+03  0.1814697E+04  0.1033418E+02  0.1161742E+03  0.6827495E+00
   04  0.5283794E+03  0.1814704E+04  0.1048703E+02  0.1157456E+03  0.6900479E+00
   04  0.5300071E+03  0.1814711E+04  0.1060001E+02  0.1152812E+03  0.6968499E+00
   04  0.5316349E+03  0.1814717E+04  0.1067488E+02  0.1147858E+03  0.7031723E+00
   04  0.5332626E+03  0.1814723E+04  0.1071230E+02  0.1142667E+03  0.7090491E+00
   04  0.5348903E+03  0.1814728E+04  0.1071213E+02  0.1137302E+03  0.7145095E+00
   04  0.5365181E+03  0.1814733E+04  0.1067559E+02  0.1131823E+03  0.7196039E+00
   04  0.5381458E+03  0.1814738E+04  0.1060293E+02  0.1126250E+03  0.7243912E+00
   04  0.5397736E+03  0.1814743E+04  0.1049974E+02  0.1120590E+03  0.7289248E+00
   04  0.5414013E+03  0.1814747E+04  0.1037078E+02  0.1114852E+03  0.7332779E+00
   04  0.5430290E+03  0.1814751E+04  0.1021850E+02  0.1109014E+03  0.7375085E+00
   04  0.5446568E+03  0.1814755E+04  0.1004772E+02  0.1103022E+03  0.7416756E+00
   04  0.5462845E+03  0.1814760E+04  0.9860028E+01  0.1096820E+03  0.7458255E+00
   04  0.5479123E+03  0.1814764E+04  0.9655810E+01  0.1090337E+03  0.7500029E+00
   04  0.5495400E+03  0.1814768E+04  0.9434592E+01  0.1083494E+03  0.7542492E+00
   04  0.5511678E+03  0.1814772E+04  0.9195488E+01  0.1076195E+03  0.7586008E+00
   04  0.5527955E+03  0.1814777E+04  0.8936173E+01  0.1068342E+03  0.7630937E+00
   04  0.5544232E+03  0.1814782E+04  0.8655869E+01  0.1059854E+03  0.7677720E+00
   04  0.5560510E+03  0.1814786E+04  0.8352559E+01  0.1050682E+03  0.7726868E+00
   04  0.5576787E+03  0.1814792E+04  0.8022126E+01  0.1040778E+03  0.7778628E+00
   04  0.5593065E+03  0.1814797E+04  0.7661542E+01  0.1030118E+03  0.7833057E+00
   04  0.5609342E+03  0.1814803E+04  0.7268279E+01  0.1018697E+03  0.7889959E+00
   04  0.5625619E+03  0.1814809E+04  0.6840210E+01  0.1006512E+03  0.7948835E+00
   04  0.5641897E+03  0.1814815E+04  0.6376740E+01  0.9935755E+02  0.8009008E+00
   04  0.5658174E+03  0.1814821E+04  0.5878912E+01  0.9799291E+02  0.8069748E+00
   04  0.5674452E+03  0.1814827E+04  0.5348031E+01  0.9656354E+02  0.8130199E+00
   04  0.5690729E+03  0.1814833E+04  0.4785975E+01  0.9507697E+02  0.8189524E+00
   04  0.5707007E+03  0.1814838E+04  0.4194920E+01  0.9354197E+02  0.8246976E+00
   04  0.5723284E+03  0.1814844E+04  0.3576396E+01  0.9196818E+02  0.8301915E+00
   04  0.5739561E+03  0.1814849E+04  0.2931347E+01  0.9036533E+02  0.8353862E+00
   04  0.5755839E+03  0.1814854E+04  0.2260053E+01  0.8874256E+02  0.8402468E+00
   04  0.5772116E+03  0.1814859E+04  0.1562028E+01  0.8710809E+02  0.8447479E+00
   04  0.5788394E+03  0.1814863E+04  0.8359151E+00  0.8546880E+02  0.8488682E+00
   04  0.5804671E+03  0.1814866E+04  0.7976216E-01  0.8382988E+02  0.8525880E+00
   04  0.5820948E+03  0.1814870E+04 -0.7086099E+00  0.8219495E+02  0.8558857E+00
   04  0.5837226E+03  0.1814873E+04 -0.1531117E+01  0.8056645E+02  0.8587350E+00
   04  0.5853503E+03  0.1814875E+04 -0.2388949E+01  0.7894607E+02  0.8611042E+00
   04  0.5869781E+03  0.1814877E+04 -0.3282148E+01  0.7733531E+02  0.8629577E+00
   04  0.5886058E+03  0.1814878E+04 -0.4209417E+01  0.7573559E+02  0.8642600E+00
   04  0.5902336E+03  0.1814879E+04 -0.5168184E+01  0.7414814E+02  0.8649807E+00
   04  0.5918613E+03  0.1814879E+04 -0.6154871E+01  0.7257388E+02  0.8650991E+00
   04  0.5934890E+03  0.1814878E+04 -0.7165315E+01  0.7101317E+02  0.8646084E+00
   04  0.5951168E+03  0.1814877E+04 -0.8195316E+01  0.6946564E+02  0.8635174E+00
   04  0.5967445E+03  0.1814876E+04 -0.9241182E+01  0.6793028E+02  0.8618495E+00
   04  0.5983723E+03  0.1814873E+04 -0.1030015E+02  0.6640543E+02  0.8596401E+00
