# gauge_id= 516 location=( -0.1253000000E+03  0.4170000000E+02 ) num_var=  4
# Stationary gauge
# level, time, q[  1  2  3], eta, aux[]
# file format ascii, time series follow in this file
   02  0.0000000E+00  0.3099757E+04  0.0000000E+00  0.0000000E+00  0.0000000E+00
   02  0.1000000E+01  0.3099757E+04 -0.2402277E-12  0.1112490E-12  0.5120939E+00
   02  0.1142857E+01  0.3099761E+04 -0.6097803E+00  0.2486374E-01  0.5161668E+00
   02  0.1285714E+01  0.3099765E+04 -0.1220032E+01  0.4954451E-01  0.5202379E+00
   02  0.1428571E+01  0.3099769E+04 -0.1830742E+01  0.7404133E-01  0.5243073E+00
   02  0.1571429E+01  0.3099773E+04 -0.2441899E+01  0.9835322E-01  0.5283747E+00
   02  0.1714286E+01  0.3099777E+04 -0.3053494E+01  0.1224793E+00  0.5324402E+00
   02  0.1857143E+01  0.3099781E+04 -0.3665517E+01  0.1464187E+00  0.5365037E+00
   02  0.2000000E+01  0.3099786E+04 -0.4277960E+01  0.1701707E+00  0.5405652E+00
   02  0.4673503E+02  0.3101011E+04 -0.1927954E+03  0.6188696E-01  0.1766081E+01
   03  0.9147006E+02  0.3119467E+04 -0.4691369E+03 -0.6251635E+01  0.3072363E+01
   03  0.1004171E+03  0.3119452E+04 -0.4793869E+03 -0.9691713E+01  0.3057699E+01
   03  0.1093641E+03  0.3119440E+04 -0.4856377E+03 -0.1452018E+02  0.3045416E+01
   03  0.1183111E+03  0.3119430E+04 -0.4915622E+03 -0.2048664E+02  0.3035452E+01
   03  0.1272581E+03  0.3119408E+04 -0.4954939E+03 -0.2700310E+02  0.3013545E+01
   03  0.1362051E+03  0.3119369E+04 -0.4960784E+03 -0.3314321E+02  0.2974621E+01
   03  0.1451521E+03  0.3119312E+04 -0.4930573E+03 -0.3824188E+02  0.2917656E+01
   03  0.1540991E+03  0.3119239E+04 -0.4868669E+03 -0.4214713E+02  0.2844800E+01
   03  0.1630461E+03  0.3119149E+04 -0.4774780E+03 -0.4532542E+02  0.2754329E+01
   03  0.1719931E+03  0.3119046E+04 -0.4661612E+03 -0.4866258E+02  0.2652068E+01
   04  0.1809401E+03  0.3116269E+04 -0.4544464E+03 -0.5224496E+02  0.2544016E+01
   04  0.1824313E+03  0.3116247E+04 -0.4521570E+03 -0.5309947E+02  0.2522947E+01
   04  0.1839225E+03  0.3116229E+04 -0.4501266E+03 -0.5396756E+02  0.2504326E+01
   04  0.1854136E+03  0.3116212E+04 -0.4483083E+03 -0.5483519E+02  0.2487480E+01
   04  0.1869048E+03  0.3116196E+04 -0.4466207E+03 -0.5570322E+02  0.2471592E+01
   04  0.1883960E+03  0.3116181E+04 -0.4450001E+03 -0.5655104E+02  0.2456148E+01
   04  0.1898871E+03  0.3116165E+04 -0.4434087E+03 -0.5735340E+02  0.2440888E+01
   04  0.1913783E+03  0.3116150E+04 -0.4418251E+03 -0.5812115E+02  0.2425700E+01
   04  0.1928695E+03  0.3116135E+04 -0.4402338E+03 -0.5891499E+02  0.2410524E+01
   04  0.1943606E+03  0.3116120E+04 -0.4386208E+03 -0.5981856E+02  0.2395235E+01
   04  0.1958518E+03  0.3116104E+04 -0.4369744E+03 -0.6089872E+02  0.2379580E+01
   04  0.1973430E+03  0.3116088E+04 -0.4352881E+03 -0.6218727E+02  0.2363293E+01
   04  0.1988341E+03  0.3116071E+04 -0.4335670E+03 -0.6367086E+02  0.2346248E+01
   04  0.2003253E+03  0.3116053E+04 -0.4318316E+03 -0.6529584E+02  0.2328587E+01
   04  0.2018165E+03  0.3116035E+04 -0.4301057E+03 -0.6698534E+02  0.2310700E+01
   04  0.2033076E+03  0.3116018E+04 -0.4283981E+03 -0.6865356E+02  0.2293018E+01
   04  0.2047988E+03  0.3116000E+04 -0.4266891E+03 -0.7022428E+02  0.2275792E+01
   04  0.2062900E+03  0.3115984E+04 -0.4249314E+03 -0.7164626E+02  0.2258970E+01
   04  0.2077811E+03  0.3115967E+04 -0.4230618E+03 -0.7290074E+02  0.2242220E+01
   04  0.2092723E+03  0.3115950E+04 -0.4210221E+03 -0.7399878E+02  0.2225063E+01
   04  0.2107635E+03  0.3115932E+04 -0.4187828E+03 -0.7497315E+02  0.2207075E+01
   04  0.2122546E+03  0.3115913E+04 -0.4163640E+03 -0.7587064E+02  0.2188085E+01
   04  0.2137458E+03  0.3115893E+04 -0.4138405E+03 -0.7674577E+02  0.2168260E+01
   04  0.2152370E+03  0.3115873E+04 -0.4113170E+03 -0.7765276E+02  0.2148019E+01
   04  0.2167281E+03  0.3115852E+04 -0.4088809E+03 -0.7863323E+02  0.2127801E+01
   04  0.2182193E+03  0.3115832E+04 -0.4065560E+03 -0.7970295E+02  0.2107821E+01
   04  0.2197105E+03  0.3115812E+04 -0.4042821E+03 -0.8084461E+02  0.2087951E+01
   04  0.2212017E+03  0.3115792E+04 -0.4019233E+03 -0.8201125E+02  0.2067736E+01
   04  0.2226928E+03  0.3115771E+04 -0.3992957E+03 -0.8313879E+02  0.2046475E+01
   04  0.2241840E+03  0.3115748E+04 -0.3962098E+03 -0.8416191E+02  0.2023336E+01
   04  0.2256752E+03  0.3115722E+04 -0.3925283E+03 -0.8502817E+02  0.1997555E+01
   04  0.2271663E+03  0.3115693E+04 -0.3882258E+03 -0.8570778E+02  0.1968791E+01
   04  0.2286575E+03  0.3115662E+04 -0.3834223E+03 -0.8619798E+02  0.1937446E+01
   04  0.2301487E+03  0.3115629E+04 -0.3783554E+03 -0.8652130E+02  0.1904664E+01
   04  0.2316398E+03  0.3115596E+04 -0.3732931E+03 -0.8671773E+02  0.1871918E+01
   04  0.2331310E+03  0.3115565E+04 -0.3684286E+03 -0.8683308E+02  0.1840360E+01
   04  0.2346222E+03  0.3115535E+04 -0.3638121E+03 -0.8690770E+02  0.1810351E+01
   04  0.2361133E+03  0.3115506E+04 -0.3593434E+03 -0.8696937E+02  0.1781367E+01
   04  0.2376045E+03  0.3115477E+04 -0.3548108E+03 -0.8703141E+02  0.1752212E+01
   04  0.2390957E+03  0.3115446E+04 -0.3499492E+03 -0.8709428E+02  0.1721360E+01
   04  0.2405868E+03  0.3115412E+04 -0.3445026E+03 -0.8714857E+02  0.1687321E+01
   04  0.2420780E+03  0.3115374E+04 -0.3382921E+03 -0.8717779E+02  0.1649029E+01
   04  0.2435692E+03  0.3115331E+04 -0.3312824E+03 -0.8716137E+02  0.1606206E+01
   04  0.2450603E+03  0.3115284E+04 -0.3236141E+03 -0.8707798E+02  0.1559536E+01
   04  0.2465515E+03  0.3115235E+04 -0.3155713E+03 -0.8690900E+02  0.1510497E+01
   04  0.2480427E+03  0.3115185E+04 -0.3074852E+03 -0.8664161E+02  0.1460851E+01
   04  0.2495338E+03  0.3115137E+04 -0.2996192E+03 -0.8626997E+02  0.1412021E+01
   04  0.2510250E+03  0.3115089E+04 -0.2920909E+03 -0.8579501E+02  0.1364670E+01
   04  0.2525162E+03  0.3115043E+04 -0.2848594E+03 -0.8522060E+02  0.1318636E+01
   04  0.2540073E+03  0.3114998E+04 -0.2777651E+03 -0.8455488E+02  0.1273113E+01
   04  0.2554985E+03  0.3114952E+04 -0.2705919E+03 -0.8381392E+02  0.1226989E+01
   04  0.2569897E+03  0.3114904E+04 -0.2631347E+03 -0.8301881E+02  0.1179203E+01
   04  0.2584808E+03  0.3114854E+04 -0.2552631E+03 -0.8219201E+02  0.1129080E+01
   04  0.2599720E+03  0.3114801E+04 -0.2469641E+03 -0.8135077E+02  0.1076611E+01
   04  0.2614632E+03  0.3114747E+04 -0.2383618E+03 -0.8050351E+02  0.1022576E+01
   04  0.2629543E+03  0.3114693E+04 -0.2296907E+03 -0.7964552E+02  0.9684053E+00
   04  0.2644455E+03  0.3114640E+04 -0.2212333E+03 -0.7876097E+02  0.9158237E+00
   04  0.2659367E+03  0.3114591E+04 -0.2132366E+03 -0.7783045E+02  0.8663520E+00
   04  0.2674278E+03  0.3114545E+04 -0.2058457E+03 -0.7683971E+02  0.8208800E+00
   04  0.2689190E+03  0.3114504E+04 -0.1990768E+03 -0.7578846E+02  0.7794850E+00
   04  0.2704102E+03  0.3114466E+04 -0.1928345E+03 -0.7469064E+02  0.7415187E+00
   04  0.2719014E+03  0.3114430E+04 -0.1869549E+03 -0.7356760E+02  0.7058795E+00
   04  0.2733925E+03  0.3114396E+04 -0.1812530E+03 -0.7243955E+02  0.6713307E+00
   04  0.2748837E+03  0.3114361E+04 -0.1755648E+03 -0.7131928E+02  0.6367671E+00
   04  0.2763749E+03  0.3114326E+04 -0.1697756E+03 -0.7021400E+02  0.6013671E+00
   04  0.2778660E+03  0.3114289E+04 -0.1638325E+03 -0.6913790E+02  0.5646650E+00
   04  0.2793572E+03  0.3114251E+04 -0.1577604E+03 -0.6811812E+02  0.5266259E+00
   04  0.2808484E+03  0.3114212E+04 -0.1516740E+03 -0.6716303E+02  0.4877735E+00
   04  0.2823395E+03  0.3114174E+04 -0.1457388E+03 -0.6624126E+02  0.4491136E+00
   04  0.2838307E+03  0.3114136E+04 -0.1401203E+03 -0.6532574E+02  0.4116910E+00
   04  0.2853219E+03  0.3114101E+04 -0.1349266E+03 -0.6440712E+02  0.3762917E+00
   04  0.2868130E+03  0.3114068E+04 -0.1301850E+03 -0.6351339E+02  0.3431933E+00
   04  0.2883042E+03  0.3114037E+04 -0.1258537E+03 -0.6269011E+02  0.3122348E+00
   04  0.2897954E+03  0.3114008E+04 -0.1218436E+03 -0.6197208E+02  0.2829982E+00
   04  0.2912865E+03  0.3113979E+04 -0.1180404E+03 -0.6138581E+02  0.2549036E+00
   04  0.2927777E+03  0.3113952E+04 -0.1143255E+03 -0.6094945E+02  0.2273104E+00
   04  0.2942689E+03  0.3113924E+04 -0.1105930E+03 -0.6067396E+02  0.1996050E+00
   04  0.2957600E+03  0.3113896E+04 -0.1067630E+03 -0.6056558E+02  0.1712886E+00
   04  0.2972512E+03  0.3113867E+04 -0.1027925E+03 -0.6062729E+02  0.1420563E+00
   04  0.2987424E+03  0.3113836E+04 -0.9868279E+02 -0.6085850E+02  0.1118559E+00
   04  0.3002335E+03  0.3113805E+04 -0.9447850E+02 -0.6125411E+02  0.8091025E-01
   04  0.3017247E+03  0.3113774E+04 -0.9025786E+02 -0.6180317E+02  0.4968401E-01
   04  0.3032159E+03  0.3113743E+04 -0.8611354E+02 -0.6248740E+02  0.1879061E-01
   04  0.3047070E+03  0.3113713E+04 -0.8213075E+02 -0.6328062E+02 -0.1113817E-01
   04  0.3061982E+03  0.3113685E+04 -0.7836906E+02 -0.6414955E+02 -0.3958013E-01
   04  0.3076894E+03  0.3113658E+04 -0.7485285E+02 -0.6505629E+02 -0.6621365E-01
   04  0.3091805E+03  0.3113634E+04 -0.7157078E+02 -0.6596234E+02 -0.9095605E-01
   04  0.3106717E+03  0.3113611E+04 -0.6848147E+02 -0.6683360E+02 -0.1139554E+00
   04  0.3121629E+03  0.3113589E+04 -0.6552176E+02 -0.6764510E+02 -0.1355526E+00
   04  0.3136540E+03  0.3113568E+04 -0.6261542E+02 -0.6838414E+02 -0.1562290E+00
   04  0.3151452E+03  0.3113548E+04 -0.5968165E+02 -0.6905110E+02 -0.1765465E+00
   04  0.3165017E+03  0.3113529E+04 -0.5692425E+02 -0.6960486E+02 -0.1952000E+00
   04  0.3178581E+03  0.3113510E+04 -0.5403358E+02 -0.7012523E+02 -0.2144248E+00
   04  0.3192146E+03  0.3113490E+04 -0.5098148E+02 -0.7063272E+02 -0.2345056E+00
   04  0.3205710E+03  0.3113469E+04 -0.4776640E+02 -0.7114943E+02 -0.2555660E+00
   04  0.3219275E+03  0.3113447E+04 -0.4441934E+02 -0.7169532E+02 -0.2775187E+00
   04  0.3232839E+03  0.3113424E+04 -0.4100497E+02 -0.7228284E+02 -0.3000380E+00
   04  0.3246404E+03  0.3113402E+04 -0.3761532E+02 -0.7291088E+02 -0.3225750E+00
   04  0.3259968E+03  0.3113380E+04 -0.3435525E+02 -0.7356198E+02 -0.3444324E+00
   04  0.3273533E+03  0.3113360E+04 -0.3132339E+02 -0.7420471E+02 -0.3648878E+00
   04  0.3287097E+03  0.3113341E+04 -0.2859509E+02 -0.7479912E+02 -0.3833204E+00
   04  0.3300662E+03  0.3113325E+04 -0.2621357E+02 -0.7530253E+02 -0.3992964E+00
   04  0.3314226E+03  0.3113312E+04 -0.2418887E+02 -0.7567538E+02 -0.4126072E+00
   04  0.3327791E+03  0.3113301E+04 -0.2250060E+02 -0.7588952E+02 -0.4232837E+00
   04  0.3341355E+03  0.3113293E+04 -0.2110130E+02 -0.7593431E+02 -0.4315854E+00
   04  0.3354920E+03  0.3113287E+04 -0.1992008E+02 -0.7582440E+02 -0.4379839E+00
   04  0.3368484E+03  0.3113281E+04 -0.1887578E+02 -0.7559359E+02 -0.4430559E+00
   04  0.3382049E+03  0.3113277E+04 -0.1789424E+02 -0.7527398E+02 -0.4473267E+00
   04  0.3395613E+03  0.3113273E+04 -0.1691572E+02 -0.7487721E+02 -0.4511724E+00
   04  0.3409178E+03  0.3113270E+04 -0.1589721E+02 -0.7438818E+02 -0.4547825E+00
   04  0.3422742E+03  0.3113266E+04 -0.1481161E+02 -0.7376615E+02 -0.4581809E+00
   04  0.3436307E+03  0.3113263E+04 -0.1363832E+02 -0.7295262E+02 -0.4613107E+00
   04  0.3449871E+03  0.3113260E+04 -0.1235630E+02 -0.7189494E+02 -0.4641341E+00
   04  0.3463436E+03  0.3113258E+04 -0.1094668E+02 -0.7056304E+02 -0.4666766E+00
   04  0.3477000E+03  0.3113256E+04 -0.9398765E+01 -0.6895148E+02 -0.4690040E+00
   04  0.3490565E+03  0.3113253E+04 -0.7719093E+01 -0.6707978E+02 -0.4711623E+00
   04  0.3504130E+03  0.3113251E+04 -0.5940828E+01 -0.6498577E+02 -0.4730993E+00
   04  0.3517694E+03  0.3113250E+04 -0.4124486E+01 -0.6271389E+02 -0.4746078E+00
   04  0.3531259E+03  0.3113249E+04 -0.2357937E+01 -0.6030623E+02 -0.4753651E+00
   04  0.3544823E+03  0.3113250E+04 -0.7324963E+00 -0.5779566E+02 -0.4749565E+00
   04  0.3558388E+03  0.3113252E+04  0.6702582E+00 -0.5520365E+02 -0.4730119E+00
   04  0.3574665E+03  0.3113256E+04  0.1991279E+01 -0.5200278E+02 -0.4683283E+00
   04  0.3590942E+03  0.3113263E+04  0.2901688E+01 -0.4871309E+02 -0.4610390E+00
   04  0.3607220E+03  0.3113273E+04  0.3452131E+01 -0.4534094E+02 -0.4514484E+00
   04  0.3623497E+03  0.3113284E+04  0.3735915E+01 -0.4189204E+02 -0.4401236E+00
   04  0.3639775E+03  0.3113297E+04  0.3863307E+01 -0.3837233E+02 -0.4277231E+00
   04  0.3656052E+03  0.3113310E+04  0.3938066E+01 -0.3478792E+02 -0.4149106E+00
   04  0.3672329E+03  0.3113322E+04  0.4057396E+01 -0.3114514E+02 -0.4023494E+00
   04  0.3688607E+03  0.3113334E+04  0.4323873E+01 -0.2745239E+02 -0.3907570E+00
   04  0.3704884E+03  0.3113344E+04  0.4850339E+01 -0.2372288E+02 -0.3809190E+00
   04  0.3721162E+03  0.3113351E+04  0.5747092E+01 -0.1997685E+02 -0.3735967E+00
   04  0.3737439E+03  0.3113355E+04  0.7096934E+01 -0.1624126E+02 -0.3693616E+00
   04  0.3753717E+03  0.3113356E+04  0.8928039E+01 -0.1254636E+02 -0.3684275E+00
   04  0.3769994E+03  0.3113354E+04  0.1119534E+02 -0.8919547E+01 -0.3705389E+00
   04  0.3786271E+03  0.3113350E+04  0.1378182E+02 -0.5379893E+01 -0.3749783E+00
   04  0.3802549E+03  0.3113344E+04  0.1652456E+02 -0.1935289E+01 -0.3807170E+00
   04  0.3818826E+03  0.3113338E+04  0.1923754E+02  0.1419750E+01 -0.3865504E+00
   04  0.3835104E+03  0.3113334E+04  0.2169056E+02  0.4709391E+01 -0.3909844E+00
   04  0.3851381E+03  0.3113332E+04  0.2357600E+02  0.7982653E+01 -0.3920516E+00
   04  0.3867658E+03  0.3113337E+04  0.2461304E+02  0.1129998E+02 -0.3879287E+00
   04  0.3883936E+03  0.3113346E+04  0.2480738E+02  0.1469796E+02 -0.3784337E+00
   04  0.3900213E+03  0.3113360E+04  0.2444450E+02  0.1818753E+02 -0.3649878E+00
   04  0.3916491E+03  0.3113376E+04  0.2379545E+02  0.2177883E+02 -0.3490030E+00
   04  0.3932768E+03  0.3113394E+04  0.2290894E+02  0.2550058E+02 -0.3307012E+00
   04  0.3949046E+03  0.3113415E+04  0.2173252E+02  0.2937776E+02 -0.3098465E+00
   04  0.3965323E+03  0.3113438E+04  0.2028565E+02  0.3341257E+02 -0.2866885E+00
   04  0.3981600E+03  0.3113463E+04  0.1862073E+02  0.3758078E+02 -0.2617873E+00
   04  0.3997878E+03  0.3113489E+04  0.1680920E+02  0.4183256E+02 -0.2359006E+00
   04  0.4014155E+03  0.3113515E+04  0.1492667E+02  0.4609676E+02 -0.2098832E+00
   04  0.4030433E+03  0.3113540E+04  0.1304254E+02  0.5028876E+02 -0.1845913E+00
   04  0.4046710E+03  0.3113564E+04  0.1121535E+02  0.5432147E+02 -0.1607873E+00
   04  0.4062987E+03  0.3113585E+04  0.9489267E+01  0.5811704E+02 -0.1390769E+00
   04  0.4079265E+03  0.3113605E+04  0.7894432E+01  0.6161736E+02 -0.1198665E+00
   04  0.4095542E+03  0.3113621E+04  0.6448545E+01  0.6479127E+02 -0.1033454E+00
   04  0.4111820E+03  0.3113635E+04  0.5158652E+01  0.6763693E+02 -0.8949619E-01
   04  0.4128097E+03  0.3113646E+04  0.4023410E+01  0.7017956E+02 -0.7812217E-01
   04  0.4144375E+03  0.3113656E+04  0.3034193E+01  0.7246559E+02 -0.6888655E-01
   04  0.4160652E+03  0.3113663E+04  0.2174866E+01  0.7455603E+02 -0.6135098E-01
   04  0.4176929E+03  0.3113670E+04  0.1421200E+01  0.7652063E+02 -0.5500712E-01
   04  0.4193207E+03  0.3113675E+04  0.7417600E+00  0.7843323E+02 -0.4930769E-01
   04  0.4209484E+03  0.3113681E+04  0.1006891E+00  0.8036800E+02 -0.4369813E-01
   04  0.4225762E+03  0.3113687E+04 -0.5388423E+00  0.8239616E+02 -0.3764699E-01
   04  0.4242039E+03  0.3113694E+04 -0.1211947E+01  0.8458241E+02 -0.3067321E-01
   04  0.4258316E+03  0.3113702E+04 -0.1949931E+01  0.8698028E+02 -0.2237458E-01
   04  0.4274594E+03  0.3113712E+04 -0.2778269E+01  0.8962616E+02 -0.1246101E-01
   04  0.4290871E+03  0.3113724E+04 -0.3714284E+01  0.9253306E+02 -0.7873342E-03
   04  0.4307149E+03  0.3113737E+04 -0.4765242E+01  0.9568635E+02  0.1262462E-01
   04  0.4323426E+03  0.3113752E+04 -0.5927323E+01  0.9904318E+02  0.2758249E-01
   04  0.4339704E+03  0.3113768E+04 -0.7186159E+01  0.1025372E+03  0.4374853E-01
   04  0.4355981E+03  0.3113785E+04 -0.8519271E+01  0.1060878E+03  0.6069244E-01
   04  0.4372258E+03  0.3113802E+04 -0.9899816E+01  0.1096121E+03  0.7795763E-01
   04  0.4388536E+03  0.3113820E+04 -0.1130082E+02  0.1130368E+03  0.9512752E-01
   04  0.4404813E+03  0.3113836E+04 -0.1269893E+02  0.1163072E+03  0.1118766E+00
   04  0.4421091E+03  0.3113853E+04 -0.1407676E+02  0.1193914E+03  0.1279971E+00
   04  0.4437368E+03  0.3113868E+04 -0.1542368E+02  0.1222804E+03  0.1433988E+00
   04  0.4453645E+03  0.3113883E+04 -0.1673486E+02  0.1249852E+03  0.1580882E+00
   04  0.4469923E+03  0.3113897E+04 -0.1800959E+02  0.1275307E+03  0.1721376E+00
   04  0.4486200E+03  0.3113910E+04 -0.1924953E+02  0.1299496E+03  0.1856555E+00
   04  0.4502478E+03  0.3113923E+04 -0.2045757E+02  0.1322766E+03  0.1987633E+00
   04  0.4518755E+03  0.3113936E+04 -0.2163717E+02  0.1345432E+03  0.2115790E+00
   04  0.4535033E+03  0.3113949E+04 -0.2279193E+02  0.1367747E+03  0.2242044E+00
   04  0.4551310E+03  0.3113961E+04 -0.2392490E+02  0.1389885E+03  0.2367148E+00
   04  0.4567587E+03  0.3113974E+04 -0.2503781E+02  0.1411927E+03  0.2491510E+00
   04  0.4583865E+03  0.3113986E+04 -0.2613053E+02  0.1433868E+03  0.2615185E+00
   04  0.4600142E+03  0.3113998E+04 -0.2720136E+02  0.1455606E+03  0.2737931E+00
   04  0.4616420E+03  0.3114010E+04 -0.2824604E+02  0.1476966E+03  0.2859219E+00
   04  0.4632697E+03  0.3114022E+04 -0.2925734E+02  0.1497753E+03  0.2978221E+00
   04  0.4648974E+03  0.3114034E+04 -0.3022371E+02  0.1517786E+03  0.3093816E+00
   04  0.4665252E+03  0.3114045E+04 -0.3113037E+02  0.1536925E+03  0.3204796E+00
   04  0.4681529E+03  0.3114056E+04 -0.3196946E+02  0.1555093E+03  0.3310385E+00
   04  0.4697807E+03  0.3114066E+04 -0.3274025E+02  0.1572182E+03  0.3410386E+00
   04  0.4714084E+03  0.3114075E+04 -0.3343539E+02  0.1588023E+03  0.3504498E+00
   04  0.4730362E+03  0.3114084E+04 -0.3404413E+02  0.1602459E+03  0.3592729E+00
   04  0.4746639E+03  0.3114092E+04 -0.3457151E+02  0.1615523E+03  0.3676061E+00
   04  0.4762916E+03  0.3114100E+04 -0.3504111E+02  0.1627403E+03  0.3756453E+00
   04  0.4779194E+03  0.3114108E+04 -0.3547971E+02  0.1638337E+03  0.3835979E+00
   04  0.4795471E+03  0.3114116E+04 -0.3590143E+02  0.1648510E+03  0.3915868E+00
   04  0.4811749E+03  0.3114124E+04 -0.3630576E+02  0.1658060E+03  0.3996379E+00
   04  0.4828026E+03  0.3114132E+04 -0.3669129E+02  0.1667105E+03  0.4077565E+00
   04  0.4844303E+03  0.3114140E+04 -0.3705462E+02  0.1675767E+03  0.4159293E+00
   04  0.4860581E+03  0.3114149E+04 -0.3739684E+02  0.1684150E+03  0.4241608E+00
   04  0.4876858E+03  0.3114157E+04 -0.3772108E+02  0.1692331E+03  0.4324607E+00
   04  0.4893136E+03  0.3114165E+04 -0.3803446E+02  0.1700334E+03  0.4408449E+00
   04  0.4909413E+03  0.3114174E+04 -0.3834322E+02  0.1708136E+03  0.4493152E+00
   04  0.4925691E+03  0.3114182E+04 -0.3865052E+02  0.1715667E+03  0.4578466E+00
   04  0.4941968E+03  0.3114191E+04 -0.3895619E+02  0.1722819E+03  0.4663915E+00
   04  0.4958245E+03  0.3114199E+04 -0.3925812E+02  0.1729460E+03  0.4748878E+00
   04  0.4974523E+03  0.3114208E+04 -0.3955330E+02  0.1735450E+03  0.4832746E+00
   04  0.4990800E+03  0.3114216E+04 -0.3983915E+02  0.1740670E+03  0.4915029E+00
   04  0.5007078E+03  0.3114224E+04 -0.4011440E+02  0.1745035E+03  0.4995437E+00
   04  0.5023355E+03  0.3114232E+04 -0.4037966E+02  0.1748518E+03  0.5073894E+00
   04  0.5039632E+03  0.3114240E+04 -0.4063761E+02  0.1751148E+03  0.5150504E+00
   04  0.5055910E+03  0.3114247E+04 -0.4089268E+02  0.1753014E+03  0.5225494E+00
   04  0.5072187E+03  0.3114254E+04 -0.4115013E+02  0.1754246E+03  0.5299170E+00
   04  0.5088465E+03  0.3114262E+04 -0.4141529E+02  0.1755000E+03  0.5371865E+00
   04  0.5104742E+03  0.3114269E+04 -0.4169319E+02  0.1755444E+03  0.5443878E+00
   04  0.5121020E+03  0.3114276E+04 -0.4198806E+02  0.1755744E+03  0.5515431E+00
   04  0.5137297E+03  0.3114283E+04 -0.4230277E+02  0.1756051E+03  0.5586635E+00
   04  0.5153574E+03  0.3114290E+04 -0.4263852E+02  0.1756502E+03  0.5657450E+00
   04  0.5169852E+03  0.3114297E+04 -0.4299491E+02  0.1757209E+03  0.5727642E+00
   04  0.5186129E+03  0.3114304E+04 -0.4337010E+02  0.1758260E+03  0.5796778E+00
   04  0.5202407E+03  0.3114311E+04 -0.4376116E+02  0.1759714E+03  0.5864259E+00
   04  0.5218684E+03  0.3114317E+04 -0.4416437E+02  0.1761598E+03  0.5929400E+00
   04  0.5234961E+03  0.3114324E+04 -0.4457562E+02  0.1763909E+03  0.5991519E+00
   04  0.5251239E+03  0.3114330E+04 -0.4499092E+02  0.1766613E+03  0.6050039E+00
   04  0.5267516E+03  0.3114335E+04 -0.4540681E+02  0.1769653E+03  0.6104546E+00
   04  0.5283794E+03  0.3114340E+04 -0.4582074E+02  0.1772956E+03  0.6154837E+00
   04  0.5300071E+03  0.3114345E+04 -0.4623121E+02  0.1776445E+03  0.6200912E+00
   04  0.5316349E+03  0.3114349E+04 -0.4663784E+02  0.1780048E+03  0.6242957E+00
   04  0.5332626E+03  0.3114353E+04 -0.4704115E+02  0.1783707E+03  0.6281298E+00
   04  0.5348903E+03  0.3114356E+04 -0.4744225E+02  0.1787375E+03  0.6316355E+00
   04  0.5365181E+03  0.3114359E+04 -0.4784259E+02  0.1791023E+03  0.6348592E+00
   04  0.5381458E+03  0.3114362E+04 -0.4824365E+02  0.1794632E+03  0.6378473E+00
   04  0.5397736E+03  0.3114365E+04 -0.4864687E+02  0.1798193E+03  0.6406423E+00
   04  0.5414013E+03  0.3114368E+04 -0.4905354E+02  0.1801703E+03  0.6432801E+00
   04  0.5430290E+03  0.3114370E+04 -0.4946471E+02  0.1805162E+03  0.6457887E+00
   04  0.5446568E+03  0.3114373E+04 -0.4988108E+02  0.1808563E+03  0.6481877E+00
   04  0.5462845E+03  0.3114375E+04 -0.5030291E+02  0.1811900E+03  0.6504890E+00
   04  0.5479123E+03  0.3114377E+04 -0.5072997E+02  0.1815154E+03  0.6526976E+00
   04  0.5495400E+03  0.3114379E+04 -0.5116157E+02  0.1818303E+03  0.6548130E+00
   04  0.5511678E+03  0.3114381E+04 -0.5159667E+02  0.1821314E+03  0.6568313E+00
   04  0.5527955E+03  0.3114383E+04 -0.5203407E+02  0.1824152E+03  0.6587472E+00
   04  0.5544232E+03  0.3114385E+04 -0.5247251E+02  0.1826776E+03  0.6605572E+00
   04  0.5560510E+03  0.3114387E+04 -0.5291091E+02  0.1829148E+03  0.6622614E+00
   04  0.5576787E+03  0.3114388E+04 -0.5334851E+02  0.1831229E+03  0.6638651E+00
   04  0.5593065E+03  0.3114390E+04 -0.5378489E+02  0.1832983E+03  0.6653804E+00
   04  0.5609342E+03  0.3114391E+04 -0.5421985E+02  0.1834377E+03  0.6668241E+00
   04  0.5625619E+03  0.3114393E+04 -0.5465329E+02  0.1835381E+03  0.6682156E+00
   04  0.5641897E+03  0.3114394E+04 -0.5508478E+02  0.1835965E+03  0.6695734E+00
   04  0.5658174E+03  0.3114395E+04 -0.5551337E+02  0.1836106E+03  0.6709132E+00
   04  0.5674452E+03  0.3114397E+04 -0.5593758E+02  0.1835787E+03  0.6722464E+00
   04  0.5690729E+03  0.3114398E+04 -0.5635539E+02  0.1835005E+03  0.6735789E+00
   04  0.5707007E+03  0.3114399E+04 -0.5676412E+02  0.1833767E+03  0.6749068E+00
   04  0.5723284E+03  0.3114401E+04 -0.5716028E+02  0.1832084E+03  0.6762101E+00
   04  0.5739561E+03  0.3114402E+04 -0.5753930E+02  0.1829961E+03  0.6774458E+00
   04  0.5755839E+03  0.3114403E+04 -0.5789443E+02  0.1827386E+03  0.6785394E+00
   04  0.5772116E+03  0.3114404E+04 -0.5821508E+02  0.1824308E+03  0.6793749E+00
   04  0.5788394E+03  0.3114404E+04 -0.5848883E+02  0.1820617E+03  0.6797980E+00
   04  0.5804671E+03  0.3114404E+04 -0.5870856E+02  0.1816243E+03  0.6796866E+00
   04  0.5820948E+03  0.3114404E+04 -0.5887687E+02  0.1811321E+03  0.6790386E+00
   04  0.5837226E+03  0.3114402E+04 -0.5900190E+02  0.1806101E+03  0.6779404E+00
   04  0.5853503E+03  0.3114401E+04 -0.5909144E+02  0.1800793E+03  0.6764760E+00
   04  0.5869781E+03  0.3114399E+04 -0.5915048E+02  0.1795487E+03  0.6746831E+00
   04  0.5886058E+03  0.3114397E+04 -0.5918158E+02  0.1790147E+03  0.6725504E+00
   04  0.5902336E+03  0.3114395E+04 -0.5918576E+02  0.1784652E+03  0.6700438E+00
   04  0.5918613E+03  0.3114392E+04 -0.5916370E+02  0.1778894E+03  0.6671523E+00
   04  0.5934890E+03  0.3114388E+04 -0.5911614E+02  0.1772784E+03  0.6638903E+00
   04  0.5951168E+03  0.3114385E+04 -0.5904395E+02  0.1766258E+03  0.6602949E+00
   04  0.5967445E+03  0.3114381E+04 -0.5894870E+02  0.1759276E+03  0.6564156E+00
   04  0.5983723E+03  0.3114377E+04 -0.5883311E+02  0.1751826E+03  0.6523064E+00
