# gauge_id= 526 location=( -0.1253000000E+03  0.4200000000E+02 ) num_var=  4
# Stationary gauge
# level, time, q[  1  2  3], eta, aux[]
# file format ascii, time series follow in this file
   02  0.0000000E+00  0.2923778E+04  0.0000000E+00  0.0000000E+00  0.0000000E+00
   02  0.1000000E+01  0.2923778E+04 -0.4277515E-15 -0.7736769E-13  0.1765885E+00
   02  0.1142857E+01  0.2923782E+04 -0.5397044E+00  0.5359438E-01  0.1807799E+00
   02  0.1285714E+01  0.2923786E+04 -0.1079702E+01  0.1073708E+00  0.1849681E+00
   02  0.1428571E+01  0.2923790E+04 -0.1620006E+01  0.1613303E+00  0.1891532E+00
   02  0.1571429E+01  0.2923794E+04 -0.2160638E+01  0.2154738E+00  0.1933354E+00
   02  0.1714286E+01  0.2923799E+04 -0.2701635E+01  0.2698022E+00  0.1975149E+00
   02  0.1857143E+01  0.2923803E+04 -0.3243083E+01  0.3243163E+00  0.2016921E+00
   02  0.2000000E+01  0.2923807E+04 -0.3785021E+01  0.3790171E+00  0.2058675E+00
   02  0.4673503E+02  0.2925104E+04 -0.1727150E+03  0.2214594E+02  0.1502561E+01
   03  0.9147006E+02  0.3095001E+04 -0.4498752E+03  0.5362009E+02  0.2798123E+01
   03  0.1004171E+03  0.3095021E+04 -0.4610369E+03  0.6304190E+02  0.2818664E+01
   03  0.1093641E+03  0.3095040E+04 -0.4656211E+03  0.6992928E+02  0.2837409E+01
   03  0.1183111E+03  0.3095039E+04 -0.4659810E+03  0.7576792E+02  0.2836180E+01
   03  0.1272581E+03  0.3095031E+04 -0.4655066E+03  0.8222912E+02  0.2828016E+01
   03  0.1362051E+03  0.3095024E+04 -0.4656270E+03  0.8946144E+02  0.2821016E+01
   03  0.1451521E+03  0.3095018E+04 -0.4660166E+03  0.9660719E+02  0.2815455E+01
   03  0.1540991E+03  0.3095012E+04 -0.4660436E+03  0.1027854E+03  0.2809326E+01
   03  0.1630461E+03  0.3095000E+04 -0.4647377E+03  0.1075794E+03  0.2796979E+01
   03  0.1719931E+03  0.3094975E+04 -0.4610616E+03  0.1108322E+03  0.2772556E+01
   04  0.1809401E+03  0.3100973E+04 -0.4558103E+03  0.1137433E+03  0.2742456E+01
   04  0.1824313E+03  0.3100957E+04 -0.4533025E+03  0.1145564E+03  0.2726625E+01
   04  0.1839225E+03  0.3100944E+04 -0.4510985E+03  0.1155606E+03  0.2713556E+01
   04  0.1854136E+03  0.3100934E+04 -0.4492820E+03  0.1164279E+03  0.2703322E+01
   04  0.1869048E+03  0.3100925E+04 -0.4476817E+03  0.1170585E+03  0.2694484E+01
   04  0.1883960E+03  0.3100917E+04 -0.4462316E+03  0.1174955E+03  0.2686494E+01
   04  0.1898871E+03  0.3100909E+04 -0.4448559E+03  0.1178154E+03  0.2678883E+01
   04  0.1913783E+03  0.3100901E+04 -0.4433724E+03  0.1180790E+03  0.2670494E+01
   04  0.1928695E+03  0.3100890E+04 -0.4415430E+03  0.1183248E+03  0.2659872E+01
   04  0.1943606E+03  0.3100877E+04 -0.4392170E+03  0.1185611E+03  0.2646186E+01
   04  0.1958518E+03  0.3100861E+04 -0.4364582E+03  0.1187458E+03  0.2629946E+01
   04  0.1973430E+03  0.3100843E+04 -0.4335209E+03  0.1187883E+03  0.2612773E+01
   04  0.1988341E+03  0.3100827E+04 -0.4306879E+03  0.1185823E+03  0.2596407E+01
   04  0.2003253E+03  0.3100812E+04 -0.4281170E+03  0.1180488E+03  0.2581825E+01
   04  0.2018165E+03  0.3100800E+04 -0.4258105E+03  0.1172184E+03  0.2568985E+01
   04  0.2033076E+03  0.3100788E+04 -0.4236879E+03  0.1161110E+03  0.2557477E+01
   04  0.2047988E+03  0.3100777E+04 -0.4216834E+03  0.1147677E+03  0.2546878E+01
   04  0.2062900E+03  0.3100767E+04 -0.4197823E+03  0.1132559E+03  0.2536930E+01
   04  0.2077811E+03  0.3100758E+04 -0.4179972E+03  0.1116836E+03  0.2527503E+01
   04  0.2092723E+03  0.3100749E+04 -0.4163283E+03  0.1101588E+03  0.2518437E+01
   04  0.2107635E+03  0.3100740E+04 -0.4147363E+03  0.1087570E+03  0.2509467E+01
   04  0.2122546E+03  0.3100731E+04 -0.4131392E+03  0.1075101E+03  0.2500208E+01
   04  0.2137458E+03  0.3100721E+04 -0.4114263E+03  0.1064156E+03  0.2490205E+01
   04  0.2152370E+03  0.3100710E+04 -0.4094846E+03  0.1054563E+03  0.2478993E+01
   04  0.2167281E+03  0.3100697E+04 -0.4072269E+03  0.1046133E+03  0.2466175E+01
   04  0.2182193E+03  0.3100682E+04 -0.4046215E+03  0.1038706E+03  0.2451551E+01
   04  0.2197105E+03  0.3100666E+04 -0.4016974E+03  0.1032033E+03  0.2435142E+01
   04  0.2212017E+03  0.3100648E+04 -0.3985363E+03  0.1025767E+03  0.2417238E+01
   04  0.2226928E+03  0.3100629E+04 -0.3952546E+03  0.1019447E+03  0.2398310E+01
   04  0.2241840E+03  0.3100609E+04 -0.3919585E+03  0.1012585E+03  0.2378844E+01
   04  0.2256752E+03  0.3100590E+04 -0.3887158E+03  0.1004729E+03  0.2359194E+01
   04  0.2271663E+03  0.3100570E+04 -0.3855606E+03  0.9955216E+02  0.2339602E+01
   04  0.2286575E+03  0.3100551E+04 -0.3825200E+03  0.9849370E+02  0.2320349E+01
   04  0.2301487E+03  0.3100532E+04 -0.3796232E+03  0.9733649E+02  0.2301796E+01
   04  0.2316398E+03  0.3100515E+04 -0.3768910E+03  0.9614075E+02  0.2284285E+01
   04  0.2331310E+03  0.3100499E+04 -0.3743233E+03  0.9496184E+02  0.2267965E+01
   04  0.2346222E+03  0.3100483E+04 -0.3718933E+03  0.9383653E+02  0.2252726E+01
   04  0.2361133E+03  0.3100469E+04 -0.3695460E+03  0.9278326E+02  0.2238204E+01
   04  0.2376045E+03  0.3100454E+04 -0.3672007E+03  0.9180955E+02  0.2223830E+01
   04  0.2390957E+03  0.3100439E+04 -0.3647554E+03  0.9091883E+02  0.2208891E+01
   04  0.2405868E+03  0.3100423E+04 -0.3620915E+03  0.9011395E+02  0.2192589E+01
   04  0.2420780E+03  0.3100405E+04 -0.3590811E+03  0.8939672E+02  0.2174111E+01
   04  0.2435692E+03  0.3100383E+04 -0.3555984E+03  0.8876464E+02  0.2152699E+01
   04  0.2450603E+03  0.3100358E+04 -0.3515393E+03  0.8820789E+02  0.2127772E+01
   04  0.2465515E+03  0.3100330E+04 -0.3468452E+03  0.8770862E+02  0.2099050E+01
   04  0.2480427E+03  0.3100297E+04 -0.3415269E+03  0.8723839E+02  0.2066673E+01
   04  0.2495338E+03  0.3100262E+04 -0.3356775E+03  0.8677413E+02  0.2031221E+01
   04  0.2510250E+03  0.3100224E+04 -0.3294646E+03  0.8629393E+02  0.1993719E+01
   04  0.2525162E+03  0.3100186E+04 -0.3230921E+03  0.8578023E+02  0.1955417E+01
   04  0.2540073E+03  0.3100148E+04 -0.3167499E+03  0.8523470E+02  0.1917418E+01
   04  0.2554985E+03  0.3100111E+04 -0.3105663E+03  0.8465969E+02  0.1880487E+01
   04  0.2569897E+03  0.3100075E+04 -0.3045803E+03  0.8405724E+02  0.1844856E+01
   04  0.2584808E+03  0.3100041E+04 -0.2987357E+03  0.8342882E+02  0.1810216E+01
   04  0.2599720E+03  0.3100006E+04 -0.2929019E+03  0.8277381E+02  0.1775834E+01
   04  0.2614632E+03  0.3099971E+04 -0.2869090E+03  0.8208822E+02  0.1740730E+01
   04  0.2629543E+03  0.3099934E+04 -0.2805801E+03  0.8137365E+02  0.1703768E+01
   04  0.2644455E+03  0.3099895E+04 -0.2737701E+03  0.8064106E+02  0.1663949E+01
   04  0.2659367E+03  0.3099851E+04 -0.2663931E+03  0.7991120E+02  0.1620645E+01
   04  0.2674278E+03  0.3099804E+04 -0.2584466E+03  0.7920262E+02  0.1573725E+01
   04  0.2689190E+03  0.3099754E+04 -0.2500183E+03  0.7852726E+02  0.1523606E+01
   04  0.2704102E+03  0.3099702E+04 -0.2412713E+03  0.7788865E+02  0.1471173E+01
   04  0.2719014E+03  0.3099648E+04 -0.2324038E+03  0.7728344E+02  0.1417588E+01
   04  0.2733925E+03  0.3099595E+04 -0.2236083E+03  0.7669731E+02  0.1363965E+01
   04  0.2748837E+03  0.3099542E+04 -0.2150246E+03  0.7611093E+02  0.1311182E+01
   04  0.2763749E+03  0.3099490E+04 -0.2067237E+03  0.7550658E+02  0.1259740E+01
   04  0.2778660E+03  0.3099440E+04 -0.1986980E+03  0.7487334E+02  0.1209737E+01
   04  0.2793572E+03  0.3099391E+04 -0.1908719E+03  0.7420470E+02  0.1160908E+01
   04  0.2808484E+03  0.3099343E+04 -0.1831295E+03  0.7349580E+02  0.1112758E+01
   04  0.2823395E+03  0.3099295E+04 -0.1753465E+03  0.7273591E+02  0.1064718E+01
   04  0.2838307E+03  0.3099247E+04 -0.1674206E+03  0.7191157E+02  0.1016323E+01
   04  0.2853219E+03  0.3099198E+04 -0.1593005E+03  0.7100842E+02  0.9673460E+00
   04  0.2868130E+03  0.3099148E+04 -0.1510053E+03  0.7001824E+02  0.9178789E+00
   04  0.2883042E+03  0.3099099E+04 -0.1426235E+03  0.6894377E+02  0.8683703E+00
   04  0.2897954E+03  0.3099050E+04 -0.1343094E+03  0.6777688E+02  0.8196968E+00
   04  0.2912865E+03  0.3099003E+04 -0.1262566E+03  0.6651985E+02  0.7729008E+00
   04  0.2927777E+03  0.3098960E+04 -0.1186589E+03  0.6517336E+02  0.7290479E+00
   04  0.2942689E+03  0.3098920E+04 -0.1116735E+03  0.6374133E+02  0.6889419E+00
   04  0.2957600E+03  0.3098884E+04 -0.1053905E+03  0.6223444E+02  0.6529572E+00
   04  0.2972512E+03  0.3098852E+04 -0.9982193E+02  0.6066143E+02  0.6210254E+00
   04  0.2987424E+03  0.3098823E+04 -0.9490999E+02  0.5902291E+02  0.5927106E+00
   04  0.3002335E+03  0.3098798E+04 -0.9054784E+02  0.5731090E+02  0.5673252E+00
   04  0.3017247E+03  0.3098775E+04 -0.8660378E+02  0.5551174E+02  0.5440508E+00
   04  0.3032159E+03  0.3098753E+04 -0.8294157E+02  0.5361067E+02  0.5220511E+00
   04  0.3047070E+03  0.3098731E+04 -0.7943585E+02  0.5159529E+02  0.5005573E+00
   04  0.3061982E+03  0.3098709E+04 -0.7598277E+02  0.4945813E+02  0.4789307E+00
   04  0.3076894E+03  0.3098687E+04 -0.7250693E+02  0.4719797E+02  0.4567094E+00
   04  0.3091805E+03  0.3098664E+04 -0.6896549E+02  0.4482044E+02  0.4336427E+00
   04  0.3106717E+03  0.3098640E+04 -0.6534970E+02  0.4233774E+02  0.4097083E+00
   04  0.3121629E+03  0.3098616E+04 -0.6168307E+02  0.3976781E+02  0.3851025E+00
   04  0.3136540E+03  0.3098591E+04 -0.5801506E+02  0.3713282E+02  0.3601983E+00
   04  0.3151452E+03  0.3098566E+04 -0.5441037E+02  0.3445719E+02  0.3354763E+00
   04  0.3165017E+03  0.3098544E+04 -0.5124275E+02  0.3200726E+02  0.3135665E+00
   04  0.3178581E+03  0.3098523E+04 -0.4822583E+02  0.2956217E+02  0.2925613E+00
   04  0.3192146E+03  0.3098503E+04 -0.4538835E+02  0.2713571E+02  0.2727085E+00
   04  0.3205710E+03  0.3098485E+04 -0.4274176E+02  0.2473877E+02  0.2541436E+00
   04  0.3219275E+03  0.3098467E+04 -0.4028021E+02  0.2237920E+02  0.2368871E+00
   04  0.3232839E+03  0.3098451E+04 -0.3798331E+02  0.2006209E+02  0.2208577E+00
   04  0.3246404E+03  0.3098436E+04 -0.3582066E+02  0.1779018E+02  0.2058989E+00
   04  0.3259968E+03  0.3098422E+04 -0.3375732E+02  0.1556435E+02  0.1918115E+00
   04  0.3273533E+03  0.3098409E+04 -0.3175917E+02  0.1338397E+02  0.1783882E+00
   04  0.3287097E+03  0.3098396E+04 -0.2979754E+02  0.1124709E+02  0.1654438E+00
   04  0.3300662E+03  0.3098383E+04 -0.2785250E+02  0.9150592E+01  0.1528382E+00
   04  0.3314226E+03  0.3098371E+04 -0.2591504E+02  0.7090266E+01  0.1404903E+00
   04  0.3327791E+03  0.3098359E+04 -0.2398904E+02  0.5061244E+01  0.1283897E+00
   04  0.3341355E+03  0.3098347E+04 -0.2209308E+02  0.3058972E+01  0.1166068E+00
   04  0.3354920E+03  0.3098336E+04 -0.2026081E+02  0.1080720E+01  0.1052950E+00
   04  0.3368484E+03  0.3098325E+04 -0.1853771E+02 -0.8730678E+00  0.9467152E-01
   04  0.3382049E+03  0.3098316E+04 -0.1697441E+02 -0.2797716E+01  0.8498046E-01
   04  0.3395613E+03  0.3098307E+04 -0.1561742E+02 -0.4683163E+01  0.7644290E-01
   04  0.3409178E+03  0.3098300E+04 -0.1449600E+02 -0.6514300E+01  0.6918393E-01
   04  0.3422742E+03  0.3098294E+04 -0.1361148E+02 -0.8274244E+01  0.6317434E-01
   04  0.3436307E+03  0.3098289E+04 -0.1293856E+02 -0.9948974E+01  0.5823934E-01
   04  0.3449871E+03  0.3098285E+04 -0.1243536E+02 -0.1153068E+02  0.5411771E-01
   04  0.3463436E+03  0.3098281E+04 -0.1205570E+02 -0.1301893E+02  0.5052775E-01
   04  0.3477000E+03  0.3098278E+04 -0.1175593E+02 -0.1441899E+02  0.4721173E-01
   04  0.3490565E+03  0.3098275E+04 -0.1150022E+02 -0.1573656E+02  0.4397086E-01
   04  0.3504130E+03  0.3098271E+04 -0.1125936E+02 -0.1697506E+02  0.4064903E-01
   04  0.3517694E+03  0.3098268E+04 -0.1101330E+02 -0.1813673E+02  0.3713209E-01
   04  0.3531259E+03  0.3098264E+04 -0.1074265E+02 -0.1922256E+02  0.3330677E-01
   04  0.3544823E+03  0.3098260E+04 -0.1042552E+02 -0.2023110E+02  0.2905230E-01
   04  0.3558388E+03  0.3098255E+04 -0.1003655E+02 -0.2115980E+02  0.2421474E-01
   04  0.3574665E+03  0.3098248E+04 -0.9431372E+01 -0.2216289E+02  0.1736129E-01
   04  0.3590942E+03  0.3098240E+04 -0.8617483E+01 -0.2304939E+02  0.9005358E-02
   04  0.3607220E+03  0.3098229E+04 -0.7533633E+01 -0.2381991E+02 -0.1235150E-02
   04  0.3623497E+03  0.3098217E+04 -0.6134784E+01 -0.2448685E+02 -0.1363776E-01
   04  0.3639775E+03  0.3098202E+04 -0.4407272E+01 -0.2507464E+02 -0.2826643E-01
   04  0.3656052E+03  0.3098186E+04 -0.2387552E+01 -0.2560520E+02 -0.4493923E-01
   04  0.3672329E+03  0.3098167E+04 -0.1593976E+00 -0.2611577E+02 -0.6308543E-01
   04  0.3688607E+03  0.3098149E+04  0.2159983E+01 -0.2662953E+02 -0.8196172E-01
   04  0.3704884E+03  0.3098130E+04  0.4442682E+01 -0.2715946E+02 -0.1007761E+00
   04  0.3721162E+03  0.3098112E+04  0.6580626E+01 -0.2771274E+02 -0.1188455E+00
   04  0.3737439E+03  0.3098095E+04  0.8511503E+01 -0.2828696E+02 -0.1357730E+00
   04  0.3753717E+03  0.3098079E+04  0.1022690E+02 -0.2887652E+02 -0.1514858E+00
   04  0.3769994E+03  0.3098064E+04  0.1176277E+02 -0.2947344E+02 -0.1661968E+00
   04  0.3786271E+03  0.3098050E+04  0.1318461E+02 -0.3007078E+02 -0.1802996E+00
   04  0.3802549E+03  0.3098036E+04  0.1457183E+02 -0.3066161E+02 -0.1942741E+00
   04  0.3818826E+03  0.3098022E+04  0.1600911E+02 -0.3124220E+02 -0.2086315E+00
   04  0.3835104E+03  0.3098007E+04  0.1758212E+02 -0.3181290E+02 -0.2238772E+00
   04  0.3851381E+03  0.3097990E+04  0.1937718E+02 -0.3236793E+02 -0.2405386E+00
   04  0.3867658E+03  0.3097971E+04  0.2147527E+02 -0.3289861E+02 -0.2591234E+00
   04  0.3883936E+03  0.3097951E+04  0.2394451E+02 -0.3339958E+02 -0.2800339E+00
   04  0.3900213E+03  0.3097927E+04  0.2683055E+02 -0.3386975E+02 -0.3035140E+00
   04  0.3916491E+03  0.3097901E+04  0.3014630E+02 -0.3431129E+02 -0.3296079E+00
   04  0.3932768E+03  0.3097872E+04  0.3386459E+02 -0.3472814E+02 -0.3581341E+00
   04  0.3949046E+03  0.3097842E+04  0.3791640E+02 -0.3512534E+02 -0.3886820E+00
   04  0.3965323E+03  0.3097810E+04  0.4219669E+02 -0.3550925E+02 -0.4206402E+00
   04  0.3981600E+03  0.3097777E+04  0.4657772E+02 -0.3588797E+02 -0.4532596E+00
   04  0.3997878E+03  0.3097745E+04  0.5092733E+02 -0.3627118E+02 -0.4857441E+00
   04  0.4014155E+03  0.3097713E+04  0.5512841E+02 -0.3666808E+02 -0.5173554E+00
   04  0.4030433E+03  0.3097683E+04  0.5909362E+02 -0.3708441E+02 -0.5475009E+00
   04  0.4046710E+03  0.3097655E+04  0.6276935E+02 -0.3752684E+02 -0.5757458E+00
   04  0.4062987E+03  0.3097629E+04  0.6613423E+02 -0.3800696E+02 -0.6018111E+00
   04  0.4079265E+03  0.3097605E+04  0.6919987E+02 -0.3853698E+02 -0.6255978E+00
   04  0.4095542E+03  0.3097583E+04  0.7200781E+02 -0.3910455E+02 -0.6472684E+00
   04  0.4111820E+03  0.3097563E+04  0.7461179E+02 -0.3968171E+02 -0.6671549E+00
   04  0.4128097E+03  0.3097545E+04  0.7705873E+02 -0.4024673E+02 -0.6855933E+00
   04  0.4144375E+03  0.3097528E+04  0.7938363E+02 -0.4079209E+02 -0.7028299E+00
   04  0.4160652E+03  0.3097512E+04  0.8160825E+02 -0.4132571E+02 -0.7190070E+00
   04  0.4176929E+03  0.3097496E+04  0.8374234E+02 -0.4186164E+02 -0.7341903E+00
   04  0.4193207E+03  0.3097482E+04  0.8578250E+02 -0.4241167E+02 -0.7484045E+00
   04  0.4209484E+03  0.3097469E+04  0.8771542E+02 -0.4298146E+02 -0.7616504E+00
   04  0.4225762E+03  0.3097457E+04  0.8952471E+02 -0.4357011E+02 -0.7739294E+00
   04  0.4242039E+03  0.3097445E+04  0.9119898E+02 -0.4417078E+02 -0.7852755E+00
   04  0.4258316E+03  0.3097435E+04  0.9273571E+02 -0.4477222E+02 -0.7957641E+00
   04  0.4274594E+03  0.3097425E+04  0.9413863E+02 -0.4536031E+02 -0.8054886E+00
   04  0.4290871E+03  0.3097416E+04  0.9541407E+02 -0.4591942E+02 -0.8145179E+00
   04  0.4307149E+03  0.3097408E+04  0.9656728E+02 -0.4643386E+02 -0.8228832E+00
   04  0.4323426E+03  0.3097400E+04  0.9759949E+02 -0.4689050E+02 -0.8305823E+00
   04  0.4339704E+03  0.3097393E+04  0.9850849E+02 -0.4728143E+02 -0.8375675E+00
   04  0.4355981E+03  0.3097387E+04  0.9928996E+02 -0.4760428E+02 -0.8437713E+00
   04  0.4372258E+03  0.3097381E+04  0.9994815E+02 -0.4786179E+02 -0.8491754E+00
   04  0.4388536E+03  0.3097377E+04  0.1004935E+03 -0.4806162E+02 -0.8537864E+00
   04  0.4404813E+03  0.3097373E+04  0.1009206E+03 -0.4820966E+02 -0.8575200E+00
   04  0.4421091E+03  0.3097370E+04  0.1012114E+03 -0.4830847E+02 -0.8602271E+00
   04  0.4437368E+03  0.3097369E+04  0.1013454E+03 -0.4835490E+02 -0.8617695E+00
   04  0.4453645E+03  0.3097368E+04  0.1013340E+03 -0.4834351E+02 -0.8621764E+00
   04  0.4469923E+03  0.3097369E+04  0.1012063E+03 -0.4827239E+02 -0.8616344E+00
   04  0.4486200E+03  0.3097370E+04  0.1009824E+03 -0.4814525E+02 -0.8602690E+00
   04  0.4502478E+03  0.3097372E+04  0.1006554E+03 -0.4797621E+02 -0.8580917E+00
   04  0.4518755E+03  0.3097375E+04  0.1002204E+03 -0.4777521E+02 -0.8551082E+00
   04  0.4535033E+03  0.3097379E+04  0.9968174E+02 -0.4755939E+02 -0.8514383E+00
   04  0.4551310E+03  0.3097383E+04  0.9905040E+02 -0.4733835E+02 -0.8471997E+00
   04  0.4567587E+03  0.3097388E+04  0.9833854E+02 -0.4710170E+02 -0.8425597E+00
   04  0.4583865E+03  0.3097393E+04  0.9755848E+02 -0.4684139E+02 -0.8376613E+00
   04  0.4600142E+03  0.3097398E+04  0.9672261E+02 -0.4655213E+02 -0.8326287E+00
   04  0.4616420E+03  0.3097403E+04  0.9584124E+02 -0.4623618E+02 -0.8275517E+00
   04  0.4632697E+03  0.3097408E+04  0.9492424E+02 -0.4590085E+02 -0.8225088E+00
   04  0.4648974E+03  0.3097413E+04  0.9398402E+02 -0.4555373E+02 -0.8176073E+00
   04  0.4665252E+03  0.3097418E+04  0.9303769E+02 -0.4519961E+02 -0.8130080E+00
   04  0.4681529E+03  0.3097422E+04  0.9210697E+02 -0.4484028E+02 -0.8089215E+00
   04  0.4697807E+03  0.3097425E+04  0.9121300E+02 -0.4447442E+02 -0.8055563E+00
   04  0.4714084E+03  0.3097427E+04  0.9037767E+02 -0.4410245E+02 -0.8031035E+00
   04  0.4730362E+03  0.3097429E+04  0.8962059E+02 -0.4373837E+02 -0.8017319E+00
   04  0.4746639E+03  0.3097429E+04  0.8895168E+02 -0.4339898E+02 -0.8015205E+00
   04  0.4762916E+03  0.3097428E+04  0.8837058E+02 -0.4310027E+02 -0.8024425E+00
   04  0.4779194E+03  0.3097426E+04  0.8786984E+02 -0.4286206E+02 -0.8044375E+00
   04  0.4795471E+03  0.3097423E+04  0.8743127E+02 -0.4269463E+02 -0.8073859E+00
   04  0.4811749E+03  0.3097419E+04  0.8703159E+02 -0.4258910E+02 -0.8110880E+00
   04  0.4828026E+03  0.3097415E+04  0.8664598E+02 -0.4252342E+02 -0.8153094E+00
   04  0.4844303E+03  0.3097411E+04  0.8624969E+02 -0.4246573E+02 -0.8198033E+00
   04  0.4860581E+03  0.3097406E+04  0.8581940E+02 -0.4237931E+02 -0.8243388E+00
   04  0.4876858E+03  0.3097402E+04  0.8533511E+02 -0.4222615E+02 -0.8287140E+00
   04  0.4893136E+03  0.3097398E+04  0.8478172E+02 -0.4197038E+02 -0.8327728E+00
   04  0.4909413E+03  0.3097394E+04  0.8415103E+02 -0.4158189E+02 -0.8364211E+00
   04  0.4925691E+03  0.3097391E+04  0.8344357E+02 -0.4103911E+02 -0.8396372E+00
   04  0.4941968E+03  0.3097388E+04  0.8266933E+02 -0.4033033E+02 -0.8424737E+00
   04  0.4958245E+03  0.3097386E+04  0.8184695E+02 -0.3945372E+02 -0.8450468E+00
   04  0.4974523E+03  0.3097383E+04  0.8100145E+02 -0.3841661E+02 -0.8475143E+00
   04  0.4990800E+03  0.3097381E+04  0.8016097E+02 -0.3723407E+02 -0.8500490E+00
   04  0.5007078E+03  0.3097378E+04  0.7935252E+02 -0.3592683E+02 -0.8528092E+00
   04  0.5023355E+03  0.3097375E+04  0.7859734E+02 -0.3451701E+02 -0.8559013E+00
   04  0.5039632E+03  0.3097371E+04  0.7790696E+02 -0.3302338E+02 -0.8593478E+00
   04  0.5055910E+03  0.3097367E+04  0.7728568E+02 -0.3145982E+02 -0.8630879E+00
   04  0.5072187E+03  0.3097364E+04  0.7672807E+02 -0.2983392E+02 -0.8669481E+00
   04  0.5088465E+03  0.3097360E+04  0.7622549E+02 -0.2815226E+02 -0.8707002E+00
   04  0.5104742E+03  0.3097356E+04  0.7576126E+02 -0.2644190E+02 -0.8742252E+00
   04  0.5121020E+03  0.3097353E+04  0.7531152E+02 -0.2473054E+02 -0.8773847E+00
   04  0.5137297E+03  0.3097351E+04  0.7484872E+02 -0.2304641E+02 -0.8800468E+00
   04  0.5153574E+03  0.3097349E+04  0.7435139E+02 -0.2140797E+02 -0.8820414E+00
   04  0.5169852E+03  0.3097347E+04  0.7380280E+02 -0.1981896E+02 -0.8831584E+00
   04  0.5186129E+03  0.3097347E+04  0.7318982E+02 -0.1827435E+02 -0.8831743E+00
   04  0.5202407E+03  0.3097349E+04  0.7250163E+02 -0.1676609E+02 -0.8818486E+00
   04  0.5218684E+03  0.3097352E+04  0.7172975E+02 -0.1528613E+02 -0.8789363E+00
   04  0.5234961E+03  0.3097356E+04  0.7087433E+02 -0.1381942E+02 -0.8742618E+00
   04  0.5251239E+03  0.3097363E+04  0.6994948E+02 -0.1233873E+02 -0.8677851E+00
   04  0.5267516E+03  0.3097371E+04  0.6898184E+02 -0.1081113E+02 -0.8596127E+00
   04  0.5283794E+03  0.3097381E+04  0.6800407E+02 -0.9200562E+01 -0.8500007E+00
   04  0.5300071E+03  0.3097391E+04  0.6704706E+02 -0.7490601E+01 -0.8392069E+00
   04  0.5316349E+03  0.3097403E+04  0.6613644E+02 -0.5675737E+01 -0.8275037E+00
   04  0.5332626E+03  0.3097415E+04  0.6529088E+02 -0.3763073E+01 -0.8151192E+00
   04  0.5348903E+03  0.3097428E+04  0.6452187E+02 -0.1766350E+01 -0.8022257E+00
   04  0.5365181E+03  0.3097442E+04  0.6383281E+02  0.2942200E+00 -0.7889020E+00
   04  0.5381458E+03  0.3097455E+04  0.6321789E+02  0.2385561E+01 -0.7750922E+00
   04  0.5397736E+03  0.3097470E+04  0.6266361E+02  0.4468880E+01 -0.7606558E+00
   04  0.5414013E+03  0.3097485E+04  0.6215328E+02  0.6510291E+01 -0.7454487E+00
   04  0.5430290E+03  0.3097501E+04  0.6167267E+02  0.8489557E+01 -0.7293979E+00
   04  0.5446568E+03  0.3097518E+04  0.6121056E+02  0.1042019E+02 -0.7126330E+00
   04  0.5462845E+03  0.3097535E+04  0.6075967E+02  0.1229146E+02 -0.6951504E+00
   04  0.5479123E+03  0.3097554E+04  0.6031710E+02  0.1411233E+02 -0.6770554E+00
   04  0.5495400E+03  0.3097572E+04  0.5988183E+02  0.1588686E+02 -0.6584183E+00
   04  0.5511678E+03  0.3097591E+04  0.5945650E+02  0.1764406E+02 -0.6394571E+00
   04  0.5527955E+03  0.3097610E+04  0.5904371E+02  0.1941799E+02 -0.6204016E+00
   04  0.5544232E+03  0.3097629E+04  0.5864802E+02  0.2123695E+02 -0.6014517E+00
   04  0.5560510E+03  0.3097648E+04  0.5827499E+02  0.2311738E+02 -0.5827509E+00
   04  0.5576787E+03  0.3097666E+04  0.5793001E+02  0.2506593E+02 -0.5643895E+00
   04  0.5593065E+03  0.3097684E+04  0.5761588E+02  0.2708271E+02 -0.5463998E+00
   04  0.5609342E+03  0.3097702E+04  0.5733009E+02  0.2916348E+02 -0.5287555E+00
   04  0.5625619E+03  0.3097719E+04  0.5707024E+02  0.3130303E+02 -0.5114150E+00
   04  0.5641897E+03  0.3097736E+04  0.5683765E+02  0.3349778E+02 -0.4943419E+00
   04  0.5658174E+03  0.3097753E+04  0.5663521E+02  0.3574700E+02 -0.4775189E+00
   04  0.5674452E+03  0.3097770E+04  0.5646644E+02  0.3805208E+02 -0.4609349E+00
   04  0.5690729E+03  0.3097786E+04  0.5633416E+02  0.4041526E+02 -0.4445711E+00
   04  0.5707007E+03  0.3097802E+04  0.5624110E+02  0.4283790E+02 -0.4284102E+00
   04  0.5723284E+03  0.3097818E+04  0.5618731E+02  0.4531989E+02 -0.4124148E+00
   04  0.5739561E+03  0.3097834E+04  0.5616627E+02  0.4785937E+02 -0.3965215E+00
   04  0.5755839E+03  0.3097850E+04  0.5617297E+02  0.5045099E+02 -0.3806922E+00
   04  0.5772116E+03  0.3097866E+04  0.5621059E+02  0.5308428E+02 -0.3649532E+00
   04  0.5788394E+03  0.3097881E+04  0.5627905E+02  0.5574394E+02 -0.3493496E+00
   04  0.5804671E+03  0.3097897E+04  0.5637803E+02  0.5841113E+02 -0.3339434E+00
   04  0.5820948E+03  0.3097912E+04  0.5650646E+02  0.6106405E+02 -0.3188226E+00
   04  0.5837226E+03  0.3097926E+04  0.5666336E+02  0.6367834E+02 -0.3040949E+00
   04  0.5853503E+03  0.3097941E+04  0.5684741E+02  0.6622857E+02 -0.2898791E+00
   04  0.5869781E+03  0.3097954E+04  0.5705657E+02  0.6869042E+02 -0.2762897E+00
   04  0.5886058E+03  0.3097967E+04  0.5728752E+02  0.7104332E+02 -0.2634213E+00
   04  0.5902336E+03  0.3097979E+04  0.5753525E+02  0.7327291E+02 -0.2513349E+00
   04  0.5918613E+03  0.3097991E+04  0.5779327E+02  0.7537264E+02 -0.2400498E+00
   04  0.5934890E+03  0.3098001E+04  0.5805465E+02  0.7734415E+02 -0.2295448E+00
   04  0.5951168E+03  0.3098011E+04  0.5831284E+02  0.7919656E+02 -0.2197639E+00
   04  0.5967445E+03  0.3098020E+04  0.5856226E+02  0.8094497E+02 -0.2106231E+00
   04  0.5983723E+03  0.3098029E+04  0.5879827E+02  0.8260884E+02 -0.2020151E+00
