# gauge_id= 611 location=( -0.1242076147E+03  0.4175697547E+02 ) num_var=  4
# Stationary gauge
# level, time, q[  1  2  3], eta, aux[]
# file format ascii, time series follow in this file
   04  0.0000000E+00  0.1407448E+02  0.0000000E+00  0.0000000E+00  0.0000000E+00
   04  0.1000000E+01  0.1407448E+02  0.3731387E-15 -0.1896496E-15 -0.2977534E+01
   04  0.1015873E+01  0.1407448E+02 -0.2754167E-03 -0.5254330E-04 -0.2977535E+01
   04  0.1031746E+01  0.1407448E+02 -0.5508543E-03 -0.1050880E-03 -0.2977536E+01
   04  0.1047619E+01  0.1407448E+02 -0.8263128E-03 -0.1576341E-03 -0.2977537E+01
   04  0.1063492E+01  0.1407448E+02 -0.1101792E-02 -0.2101816E-03 -0.2977538E+01
   04  0.1079365E+01  0.1407448E+02 -0.1377292E-02 -0.2627304E-03 -0.2977539E+01
   04  0.1095238E+01  0.1407448E+02 -0.1652813E-02 -0.3152806E-03 -0.2977540E+01
   04  0.1111111E+01  0.1407448E+02 -0.1928355E-02 -0.3678320E-03 -0.2977541E+01
   04  0.1126984E+01  0.1407447E+02 -0.2203917E-02 -0.4203847E-03 -0.2977542E+01
   04  0.1142857E+01  0.1407447E+02 -0.2479500E-02 -0.4729387E-03 -0.2977543E+01
   04  0.1158730E+01  0.1407447E+02 -0.2755103E-02 -0.5254940E-03 -0.2977544E+01
   04  0.1174603E+01  0.1407447E+02 -0.3030727E-02 -0.5780504E-03 -0.2977545E+01
   04  0.1190476E+01  0.1407447E+02 -0.3306371E-02 -0.6306080E-03 -0.2977546E+01
   04  0.1206349E+01  0.1407447E+02 -0.3582036E-02 -0.6831669E-03 -0.2977547E+01
   04  0.1222222E+01  0.1407447E+02 -0.3857721E-02 -0.7357268E-03 -0.2977548E+01
   04  0.1238095E+01  0.1407447E+02 -0.4133426E-02 -0.7882880E-03 -0.2977549E+01
   04  0.1253968E+01  0.1407447E+02 -0.4409152E-02 -0.8408502E-03 -0.2977550E+01
   04  0.1269841E+01  0.1407447E+02 -0.4684898E-02 -0.8934135E-03 -0.2977550E+01
   04  0.1285714E+01  0.1407446E+02 -0.4960664E-02 -0.9459779E-03 -0.2977551E+01
   04  0.1301587E+01  0.1407446E+02 -0.5236450E-02 -0.9985433E-03 -0.2977552E+01
   04  0.1317460E+01  0.1407446E+02 -0.5512256E-02 -0.1051110E-02 -0.2977553E+01
   04  0.1333333E+01  0.1407446E+02 -0.5788082E-02 -0.1103677E-02 -0.2977554E+01
   04  0.1349206E+01  0.1407446E+02 -0.6063928E-02 -0.1156246E-02 -0.2977555E+01
   04  0.1365079E+01  0.1407446E+02 -0.6339794E-02 -0.1208815E-02 -0.2977556E+01
   04  0.1380952E+01  0.1407446E+02 -0.6615680E-02 -0.1261385E-02 -0.2977557E+01
   04  0.1396825E+01  0.1407446E+02 -0.6891585E-02 -0.1313957E-02 -0.2977558E+01
   04  0.1412698E+01  0.1407446E+02 -0.7167510E-02 -0.1366529E-02 -0.2977559E+01
   04  0.1428571E+01  0.1407446E+02 -0.7443456E-02 -0.1419102E-02 -0.2977560E+01
   04  0.1476190E+01  0.1407445E+02 -0.8271318E-02 -0.1576839E-02 -0.2977563E+01
   04  0.1523810E+01  0.1407445E+02 -0.9099356E-02 -0.1734583E-02 -0.2977566E+01
   04  0.1571429E+01  0.1407445E+02 -0.9927569E-02 -0.1892334E-02 -0.2977570E+01
   04  0.1619048E+01  0.1407444E+02 -0.1075595E-01 -0.2050091E-02 -0.2977573E+01
   04  0.1666667E+01  0.1407444E+02 -0.1158451E-01 -0.2207853E-02 -0.2977576E+01
   04  0.1714286E+01  0.1407444E+02 -0.1241324E-01 -0.2365621E-02 -0.2977579E+01
   04  0.1761905E+01  0.1407443E+02 -0.1324214E-01 -0.2523393E-02 -0.2977582E+01
   04  0.1809524E+01  0.1407443E+02 -0.1407120E-01 -0.2681169E-02 -0.2977585E+01
   04  0.1857143E+01  0.1407443E+02 -0.1490044E-01 -0.2838948E-02 -0.2977588E+01
   04  0.1904762E+01  0.1407442E+02 -0.1572983E-01 -0.2996731E-02 -0.2977591E+01
   04  0.1952381E+01  0.1407442E+02 -0.1655939E-01 -0.3154515E-02 -0.2977595E+01
   04  0.2000000E+01  0.1407442E+02 -0.1738912E-01 -0.3312301E-02 -0.2977598E+01
   04  0.5727919E+01  0.1407416E+02 -0.8203591E-01 -0.1576181E-01 -0.2977851E+01
   04  0.9455838E+01  0.1407382E+02 -0.1473307E+00 -0.2805101E-01 -0.2978191E+01
   04  0.1318376E+02  0.1407343E+02 -0.2126095E+00 -0.3994838E-01 -0.2978581E+01
   04  0.1691168E+02  0.1407303E+02 -0.2772216E+00 -0.5125083E-01 -0.2978985E+01
   04  0.2063960E+02  0.1407265E+02 -0.3405586E+00 -0.6178194E-01 -0.2979366E+01
   04  0.2436752E+02  0.1407232E+02 -0.4020763E+00 -0.7139077E-01 -0.2979693E+01
   04  0.2809543E+02  0.1407208E+02 -0.4613321E+00 -0.7994939E-01 -0.2979940E+01
   04  0.3182335E+02  0.1407193E+02 -0.5179815E+00 -0.8734636E-01 -0.2980085E+01
   04  0.3555127E+02  0.1407190E+02 -0.5717536E+00 -0.9353809E-01 -0.2980115E+01
   04  0.3834721E+02  0.1407192E+02 -0.6100192E+00 -0.9781890E-01 -0.2980095E+01
   04  0.4114315E+02  0.1407200E+02 -0.6464722E+00 -0.1017048E+00 -0.2980020E+01
   04  0.4393909E+02  0.1407213E+02 -0.6810818E+00 -0.1051561E+00 -0.2979883E+01
   04  0.4673503E+02  0.1407234E+02 -0.7137112E+00 -0.1081507E+00 -0.2979672E+01
   04  0.4922031E+02  0.1407262E+02 -0.7406648E+00 -0.1104141E+00 -0.2979391E+01
   04  0.5170559E+02  0.1407298E+02 -0.7658786E+00 -0.1123082E+00 -0.2979037E+01
   04  0.5419087E+02  0.1407339E+02 -0.7895839E+00 -0.1138457E+00 -0.2978628E+01
   04  0.5667615E+02  0.1407385E+02 -0.8118541E+00 -0.1150490E+00 -0.2978170E+01
   04  0.5916143E+02  0.1407435E+02 -0.8327567E+00 -0.1159386E+00 -0.2977667E+01
   04  0.6164671E+02  0.1407490E+02 -0.8523536E+00 -0.1165332E+00 -0.2977121E+01
   04  0.6413199E+02  0.1407548E+02 -0.8706918E+00 -0.1168852E+00 -0.2976539E+01
   04  0.6661727E+02  0.1407610E+02 -0.8878094E+00 -0.1169352E+00 -0.2975918E+01
   04  0.6910255E+02  0.1407677E+02 -0.9037471E+00 -0.1165485E+00 -0.2975250E+01
   04  0.7158783E+02  0.1407748E+02 -0.9185418E+00 -0.1157565E+00 -0.2974539E+01
   04  0.7407311E+02  0.1407823E+02 -0.9322307E+00 -0.1145916E+00 -0.2973789E+01
   04  0.7655838E+02  0.1407901E+02 -0.9448517E+00 -0.1130859E+00 -0.2973004E+01
   04  0.7904366E+02  0.1407983E+02 -0.9564401E+00 -0.1112705E+00 -0.2972189E+01
   04  0.8152894E+02  0.1408067E+02 -0.9670288E+00 -0.1091746E+00 -0.2971345E+01
   04  0.8401422E+02  0.1408154E+02 -0.9766485E+00 -0.1068252E+00 -0.2970475E+01
   04  0.8649950E+02  0.1408243E+02 -0.9853283E+00 -0.1042466E+00 -0.2969581E+01
   04  0.8898478E+02  0.1408335E+02 -0.9930961E+00 -0.1014606E+00 -0.2968665E+01
   04  0.9147006E+02  0.1408429E+02 -0.9999781E+00 -0.9848632E-01 -0.2967728E+01
   04  0.9445240E+02  0.1408543E+02 -0.1007160E+01 -0.9471478E-01 -0.2966583E+01
   04  0.9743473E+02  0.1408661E+02 -0.1013141E+01 -0.9073624E-01 -0.2965410E+01
   04  0.1004171E+03  0.1408780E+02 -0.1018126E+01 -0.8664803E-01 -0.2964216E+01
   04  0.1033994E+03  0.1408899E+02 -0.1022487E+01 -0.8246846E-01 -0.2963028E+01
   04  0.1063817E+03  0.1409017E+02 -0.1026203E+01 -0.7820256E-01 -0.2961841E+01
   04  0.1093641E+03  0.1409137E+02 -0.1029294E+01 -0.7382913E-01 -0.2960648E+01
   04  0.1123464E+03  0.1409257E+02 -0.1031786E+01 -0.6935219E-01 -0.2959446E+01
   04  0.1153287E+03  0.1409378E+02 -0.1033700E+01 -0.6477689E-01 -0.2958233E+01
   04  0.1183111E+03  0.1409501E+02 -0.1035050E+01 -0.6010987E-01 -0.2957006E+01
   04  0.1212934E+03  0.1409625E+02 -0.1035849E+01 -0.5536516E-01 -0.2955766E+01
   04  0.1242758E+03  0.1409750E+02 -0.1036108E+01 -0.5058373E-01 -0.2954513E+01
   04  0.1272581E+03  0.1409877E+02 -0.1035843E+01 -0.4577129E-01 -0.2953246E+01
   04  0.1302404E+03  0.1410005E+02 -0.1035062E+01 -0.4093307E-01 -0.2951967E+01
   04  0.1332228E+03  0.1410134E+02 -0.1033733E+01 -0.3607523E-01 -0.2950677E+01
   04  0.1362051E+03  0.1410264E+02 -0.1031876E+01 -0.3120450E-01 -0.2949378E+01
   04  0.1391874E+03  0.1410395E+02 -0.1029520E+01 -0.2632815E-01 -0.2948068E+01
   04  0.1421698E+03  0.1410527E+02 -0.1026694E+01 -0.2145480E-01 -0.2946749E+01
   04  0.1451521E+03  0.1410660E+02 -0.1023427E+01 -0.1659540E-01 -0.2945420E+01
   04  0.1481344E+03  0.1410793E+02 -0.1019743E+01 -0.1176149E-01 -0.2944083E+01
   04  0.1511168E+03  0.1410928E+02 -0.1015656E+01 -0.6965343E-02 -0.2942737E+01
   04  0.1540991E+03  0.1411064E+02 -0.1011108E+01 -0.2220930E-02 -0.2941377E+01
   04  0.1570814E+03  0.1411201E+02 -0.1006111E+01  0.2462476E-02 -0.2940004E+01
   04  0.1600638E+03  0.1411340E+02 -0.1000686E+01  0.7080506E-02 -0.2938620E+01
   04  0.1630461E+03  0.1411479E+02 -0.9948596E+00  0.1162721E-01 -0.2937227E+01
   04  0.1660284E+03  0.1411619E+02 -0.9886631E+00  0.1609170E-01 -0.2935828E+01
   04  0.1690108E+03  0.1411759E+02 -0.9821280E+00  0.2046371E-01 -0.2934424E+01
   04  0.1719931E+03  0.1411900E+02 -0.9752959E+00  0.2473758E-01 -0.2933017E+01
   04  0.1749755E+03  0.1412040E+02 -0.9682127E+00  0.2890529E-01 -0.2931612E+01
   04  0.1779578E+03  0.1412181E+02 -0.9609271E+00  0.3295975E-01 -0.2930209E+01
   04  0.1809401E+03  0.1412320E+02 -0.9534895E+00  0.3689388E-01 -0.2928812E+01
   04  0.1824313E+03  0.1412390E+02 -0.9497031E+00  0.3879632E-01 -0.2928115E+01
   04  0.1839225E+03  0.1412460E+02 -0.9458992E+00  0.4066744E-01 -0.2927420E+01
   04  0.1854136E+03  0.1412529E+02 -0.9420838E+00  0.4250616E-01 -0.2926727E+01
   04  0.1869048E+03  0.1412598E+02 -0.9382627E+00  0.4431134E-01 -0.2926037E+01
   04  0.1883960E+03  0.1412667E+02 -0.9344418E+00  0.4608180E-01 -0.2925349E+01
   04  0.1898871E+03  0.1412735E+02 -0.9306268E+00  0.4781630E-01 -0.2924665E+01
   04  0.1913783E+03  0.1412803E+02 -0.9268234E+00  0.4951347E-01 -0.2923985E+01
   04  0.1928695E+03  0.1412871E+02 -0.9230371E+00  0.5117178E-01 -0.2923308E+01
   04  0.1943606E+03  0.1412938E+02 -0.9192731E+00  0.5278948E-01 -0.2922635E+01
   04  0.1958518E+03  0.1413005E+02 -0.9155366E+00  0.5436448E-01 -0.2921967E+01
   04  0.1973430E+03  0.1413071E+02 -0.9118325E+00  0.5589419E-01 -0.2921303E+01
   04  0.1988341E+03  0.1413137E+02 -0.9081654E+00  0.5737537E-01 -0.2920643E+01
   04  0.2003253E+03  0.1413203E+02 -0.9045398E+00  0.5880373E-01 -0.2919988E+01
   04  0.2018165E+03  0.1413268E+02 -0.9009599E+00  0.6017347E-01 -0.2919337E+01
   04  0.2033076E+03  0.1413332E+02 -0.8974294E+00  0.6153248E-01 -0.2918694E+01
   04  0.2047988E+03  0.1413395E+02 -0.8939534E+00  0.6291281E-01 -0.2918063E+01
   04  0.2062900E+03  0.1413457E+02 -0.8905373E+00  0.6431009E-01 -0.2917442E+01
   04  0.2077811E+03  0.1413518E+02 -0.8871863E+00  0.6572060E-01 -0.2916831E+01
   04  0.2092723E+03  0.1413578E+02 -0.8839047E+00  0.6714112E-01 -0.2916231E+01
   04  0.2107635E+03  0.1413637E+02 -0.8806963E+00  0.6856888E-01 -0.2915641E+01
   04  0.2122546E+03  0.1413696E+02 -0.8775646E+00  0.7000147E-01 -0.2915061E+01
   04  0.2137458E+03  0.1413753E+02 -0.8745128E+00  0.7143674E-01 -0.2914490E+01
   04  0.2152370E+03  0.1413809E+02 -0.8715433E+00  0.7287280E-01 -0.2913929E+01
   04  0.2167281E+03  0.1413864E+02 -0.8686586E+00  0.7430796E-01 -0.2913378E+01
   04  0.2182193E+03  0.1413918E+02 -0.8658605E+00  0.7574069E-01 -0.2912836E+01
   04  0.2197105E+03  0.1413971E+02 -0.8631506E+00  0.7716959E-01 -0.2912303E+01
   04  0.2212017E+03  0.1414024E+02 -0.8605302E+00  0.7859336E-01 -0.2911780E+01
   04  0.2226928E+03  0.1414075E+02 -0.8580003E+00  0.8001080E-01 -0.2911266E+01
   04  0.2241840E+03  0.1414125E+02 -0.8555614E+00  0.8142078E-01 -0.2910761E+01
   04  0.2256752E+03  0.1414175E+02 -0.8532035E+00  0.8282223E-01 -0.2910266E+01
   04  0.2271663E+03  0.1414223E+02 -0.8509271E+00  0.8421511E-01 -0.2909781E+01
   04  0.2286575E+03  0.1414271E+02 -0.8487363E+00  0.8559880E-01 -0.2909306E+01
   04  0.2301487E+03  0.1414318E+02 -0.8466345E+00  0.8697255E-01 -0.2908839E+01
   04  0.2316398E+03  0.1414363E+02 -0.8446244E+00  0.8833561E-01 -0.2908381E+01
   04  0.2331310E+03  0.1414408E+02 -0.8427081E+00  0.8968727E-01 -0.2907932E+01
   04  0.2346222E+03  0.1414453E+02 -0.8408872E+00  0.9103349E-01 -0.2907490E+01
   04  0.2361133E+03  0.1414496E+02 -0.8391631E+00  0.9241218E-01 -0.2907052E+01
   04  0.2376045E+03  0.1414540E+02 -0.8375356E+00  0.9382101E-01 -0.2906619E+01
   04  0.2390957E+03  0.1414583E+02 -0.8360043E+00  0.9525762E-01 -0.2906191E+01
   04  0.2405868E+03  0.1414625E+02 -0.8345689E+00  0.9671956E-01 -0.2905767E+01
   04  0.2420780E+03  0.1414667E+02 -0.8332288E+00  0.9820439E-01 -0.2905348E+01
   04  0.2435692E+03  0.1414708E+02 -0.8319833E+00  0.9970963E-01 -0.2904933E+01
   04  0.2450603E+03  0.1414749E+02 -0.8308316E+00  0.1012328E+00 -0.2904524E+01
   04  0.2465515E+03  0.1414790E+02 -0.8297730E+00  0.1027715E+00 -0.2904119E+01
   04  0.2480427E+03  0.1414830E+02 -0.8288064E+00  0.1043234E+00 -0.2903720E+01
   04  0.2495338E+03  0.1414869E+02 -0.8279308E+00  0.1058858E+00 -0.2903325E+01
   04  0.2510250E+03  0.1414908E+02 -0.8271454E+00  0.1074558E+00 -0.2902936E+01
   04  0.2525162E+03  0.1414946E+02 -0.8264489E+00  0.1090306E+00 -0.2902552E+01
   04  0.2540073E+03  0.1414984E+02 -0.8258399E+00  0.1106072E+00 -0.2902173E+01
   04  0.2554985E+03  0.1415022E+02 -0.8253170E+00  0.1121830E+00 -0.2901799E+01
   04  0.2569897E+03  0.1415059E+02 -0.8248794E+00  0.1137557E+00 -0.2901430E+01
   04  0.2584808E+03  0.1415095E+02 -0.8245259E+00  0.1153230E+00 -0.2901065E+01
   04  0.2599720E+03  0.1415131E+02 -0.8242556E+00  0.1168820E+00 -0.2900706E+01
   04  0.2614632E+03  0.1415166E+02 -0.8240678E+00  0.1184304E+00 -0.2900352E+01
   04  0.2629543E+03  0.1415201E+02 -0.8239618E+00  0.1199664E+00 -0.2900002E+01
   04  0.2644455E+03  0.1415236E+02 -0.8239370E+00  0.1214885E+00 -0.2899658E+01
   04  0.2659367E+03  0.1415270E+02 -0.8239924E+00  0.1229950E+00 -0.2899317E+01
   04  0.2674278E+03  0.1415303E+02 -0.8241273E+00  0.1244847E+00 -0.2898981E+01
   04  0.2689190E+03  0.1415337E+02 -0.8243408E+00  0.1259562E+00 -0.2898650E+01
   04  0.2704102E+03  0.1415369E+02 -0.8246320E+00  0.1274084E+00 -0.2898323E+01
   04  0.2719014E+03  0.1415402E+02 -0.8249997E+00  0.1288400E+00 -0.2898000E+01
   04  0.2733925E+03  0.1415433E+02 -0.8254431E+00  0.1302502E+00 -0.2897682E+01
   04  0.2748837E+03  0.1415465E+02 -0.8259610E+00  0.1316379E+00 -0.2897367E+01
   04  0.2763749E+03  0.1415496E+02 -0.8265523E+00  0.1330023E+00 -0.2897056E+01
   04  0.2778660E+03  0.1415527E+02 -0.8272159E+00  0.1343425E+00 -0.2896750E+01
   04  0.2793572E+03  0.1415557E+02 -0.8279504E+00  0.1356580E+00 -0.2896446E+01
   04  0.2808484E+03  0.1415587E+02 -0.8287547E+00  0.1369481E+00 -0.2896147E+01
   04  0.2823395E+03  0.1415617E+02 -0.8296274E+00  0.1382120E+00 -0.2895851E+01
   04  0.2838307E+03  0.1415646E+02 -0.8305672E+00  0.1394493E+00 -0.2895558E+01
   04  0.2853219E+03  0.1415675E+02 -0.8315727E+00  0.1406593E+00 -0.2895268E+01
   04  0.2868130E+03  0.1415703E+02 -0.8326424E+00  0.1418416E+00 -0.2894981E+01
   04  0.2883042E+03  0.1415732E+02 -0.8337749E+00  0.1429956E+00 -0.2894698E+01
   04  0.2897954E+03  0.1415760E+02 -0.8349687E+00  0.1441209E+00 -0.2894417E+01
   04  0.2912865E+03  0.1415788E+02 -0.8362224E+00  0.1452171E+00 -0.2894138E+01
   04  0.2927777E+03  0.1415815E+02 -0.8375343E+00  0.1462835E+00 -0.2893862E+01
   04  0.2942689E+03  0.1415843E+02 -0.8389030E+00  0.1473198E+00 -0.2893588E+01
   04  0.2957600E+03  0.1415870E+02 -0.8403269E+00  0.1483253E+00 -0.2893317E+01
   04  0.2972512E+03  0.1415897E+02 -0.8418044E+00  0.1492997E+00 -0.2893047E+01
   04  0.2987424E+03  0.1415924E+02 -0.8433339E+00  0.1502423E+00 -0.2892779E+01
   04  0.3002335E+03  0.1415950E+02 -0.8449139E+00  0.1511525E+00 -0.2892512E+01
   04  0.3017247E+03  0.1415977E+02 -0.8465426E+00  0.1520300E+00 -0.2892247E+01
   04  0.3032159E+03  0.1416003E+02 -0.8482186E+00  0.1528740E+00 -0.2891983E+01
   04  0.3047070E+03  0.1416030E+02 -0.8499401E+00  0.1536841E+00 -0.2891720E+01
   04  0.3061982E+03  0.1416056E+02 -0.8517055E+00  0.1544598E+00 -0.2891458E+01
   04  0.3076894E+03  0.1416082E+02 -0.8535132E+00  0.1552003E+00 -0.2891196E+01
   04  0.3091805E+03  0.1416108E+02 -0.8553614E+00  0.1559052E+00 -0.2890935E+01
   04  0.3106717E+03  0.1416134E+02 -0.8572482E+00  0.1565737E+00 -0.2890674E+01
   04  0.3121629E+03  0.1416160E+02 -0.8591721E+00  0.1572052E+00 -0.2890413E+01
   04  0.3136540E+03  0.1416186E+02 -0.8611310E+00  0.1577990E+00 -0.2890152E+01
   04  0.3151452E+03  0.1416213E+02 -0.8631229E+00  0.1583544E+00 -0.2889890E+01
   04  0.3165017E+03  0.1416236E+02 -0.8649608E+00  0.1588253E+00 -0.2889651E+01
   04  0.3178581E+03  0.1416260E+02 -0.8668226E+00  0.1592634E+00 -0.2889412E+01
   04  0.3192146E+03  0.1416284E+02 -0.8687071E+00  0.1596680E+00 -0.2889171E+01
   04  0.3205710E+03  0.1416309E+02 -0.8706129E+00  0.1600386E+00 -0.2888929E+01
   04  0.3219275E+03  0.1416333E+02 -0.8725386E+00  0.1603748E+00 -0.2888687E+01
   04  0.3232839E+03  0.1416357E+02 -0.8744830E+00  0.1606759E+00 -0.2888443E+01
   04  0.3246404E+03  0.1416382E+02 -0.8764448E+00  0.1609414E+00 -0.2888197E+01
   04  0.3259968E+03  0.1416407E+02 -0.8784227E+00  0.1611708E+00 -0.2887950E+01
   04  0.3273533E+03  0.1416431E+02 -0.8804152E+00  0.1613633E+00 -0.2887701E+01
   04  0.3287097E+03  0.1416457E+02 -0.8824210E+00  0.1615184E+00 -0.2887450E+01
   04  0.3300662E+03  0.1416482E+02 -0.8844389E+00  0.1616353E+00 -0.2887197E+01
   04  0.3314226E+03  0.1416507E+02 -0.8864673E+00  0.1617143E+00 -0.2886942E+01
   04  0.3327791E+03  0.1416533E+02 -0.8885050E+00  0.1617569E+00 -0.2886684E+01
   04  0.3341355E+03  0.1416559E+02 -0.8905506E+00  0.1617652E+00 -0.2886424E+01
   04  0.3354920E+03  0.1416585E+02 -0.8926028E+00  0.1617408E+00 -0.2886163E+01
   04  0.3368484E+03  0.1416612E+02 -0.8946604E+00  0.1616848E+00 -0.2885898E+01
   04  0.3382049E+03  0.1416638E+02 -0.8967222E+00  0.1615984E+00 -0.2885632E+01
   04  0.3395613E+03  0.1416665E+02 -0.8987869E+00  0.1614824E+00 -0.2885363E+01
   04  0.3409178E+03  0.1416692E+02 -0.9008533E+00  0.1613374E+00 -0.2885092E+01
   04  0.3422742E+03  0.1416720E+02 -0.9029203E+00  0.1611637E+00 -0.2884818E+01
   04  0.3436307E+03  0.1416747E+02 -0.9049870E+00  0.1609619E+00 -0.2884542E+01
   04  0.3449871E+03  0.1416775E+02 -0.9070524E+00  0.1607320E+00 -0.2884263E+01
   04  0.3463436E+03  0.1416804E+02 -0.9091153E+00  0.1604741E+00 -0.2883980E+01
   04  0.3477000E+03  0.1416832E+02 -0.9111744E+00  0.1601878E+00 -0.2883695E+01
   04  0.3490565E+03  0.1416861E+02 -0.9132285E+00  0.1598731E+00 -0.2883406E+01
   04  0.3504130E+03  0.1416890E+02 -0.9152739E+00  0.1595293E+00 -0.2883114E+01
   04  0.3517694E+03  0.1416920E+02 -0.9173085E+00  0.1591562E+00 -0.2882818E+01
   04  0.3531259E+03  0.1416950E+02 -0.9193300E+00  0.1587531E+00 -0.2882519E+01
   04  0.3544823E+03  0.1416980E+02 -0.9213363E+00  0.1583194E+00 -0.2882216E+01
   04  0.3558388E+03  0.1417011E+02 -0.9233253E+00  0.1578543E+00 -0.2881908E+01
   04  0.3574665E+03  0.1417048E+02 -0.9256877E+00  0.1572546E+00 -0.2881535E+01
   04  0.3590942E+03  0.1417086E+02 -0.9280195E+00  0.1566066E+00 -0.2881156E+01
   04  0.3607220E+03  0.1417125E+02 -0.9303172E+00  0.1559084E+00 -0.2880769E+01
   04  0.3623497E+03  0.1417164E+02 -0.9325773E+00  0.1551581E+00 -0.2880375E+01
   04  0.3639775E+03  0.1417204E+02 -0.9347963E+00  0.1543536E+00 -0.2879974E+01
   04  0.3656052E+03  0.1417245E+02 -0.9369709E+00  0.1534928E+00 -0.2879564E+01
   04  0.3672329E+03  0.1417287E+02 -0.9390976E+00  0.1525733E+00 -0.2879146E+01
   04  0.3688607E+03  0.1417330E+02 -0.9411733E+00  0.1515928E+00 -0.2878719E+01
   04  0.3704884E+03  0.1417373E+02 -0.9431946E+00  0.1505486E+00 -0.2878282E+01
   04  0.3721162E+03  0.1417418E+02 -0.9451584E+00  0.1494381E+00 -0.2877835E+01
   04  0.3737439E+03  0.1417464E+02 -0.9470614E+00  0.1482587E+00 -0.2877378E+01
   04  0.3753717E+03  0.1417511E+02 -0.9489007E+00  0.1470075E+00 -0.2876909E+01
   04  0.3769994E+03  0.1417559E+02 -0.9506732E+00  0.1456817E+00 -0.2876430E+01
   04  0.3786271E+03  0.1417608E+02 -0.9523762E+00  0.1442783E+00 -0.2875938E+01
   04  0.3802549E+03  0.1417658E+02 -0.9540055E+00  0.1427943E+00 -0.2875433E+01
   04  0.3818826E+03  0.1417710E+02 -0.9555584E+00  0.1412254E+00 -0.2874916E+01
   04  0.3835104E+03  0.1417763E+02 -0.9570328E+00  0.1395676E+00 -0.2874384E+01
   04  0.3851381E+03  0.1417817E+02 -0.9584275E+00  0.1378744E+00 -0.2873842E+01
   04  0.3867658E+03  0.1417873E+02 -0.9597429E+00  0.1361516E+00 -0.2873291E+01
   04  0.3883936E+03  0.1417929E+02 -0.9609794E+00  0.1343981E+00 -0.2872729E+01
   04  0.3900213E+03  0.1417986E+02 -0.9621374E+00  0.1326131E+00 -0.2872156E+01
   04  0.3916491E+03  0.1418044E+02 -0.9632179E+00  0.1307958E+00 -0.2871572E+01
   04  0.3932768E+03  0.1418104E+02 -0.9642217E+00  0.1289444E+00 -0.2870976E+01
   04  0.3949046E+03  0.1418165E+02 -0.9651495E+00  0.1270567E+00 -0.2870368E+01
   04  0.3965323E+03  0.1418227E+02 -0.9660024E+00  0.1251307E+00 -0.2869747E+01
   04  0.3981600E+03  0.1418290E+02 -0.9667810E+00  0.1231638E+00 -0.2869114E+01
   04  0.3997878E+03  0.1418355E+02 -0.9674863E+00  0.1211534E+00 -0.2868466E+01
   04  0.4014155E+03  0.1418421E+02 -0.9681190E+00  0.1190968E+00 -0.2867805E+01
   04  0.4030433E+03  0.1418489E+02 -0.9686799E+00  0.1169911E+00 -0.2867129E+01
   04  0.4046710E+03  0.1418558E+02 -0.9691698E+00  0.1148335E+00 -0.2866438E+01
   04  0.4062987E+03  0.1418628E+02 -0.9695896E+00  0.1126183E+00 -0.2865732E+01
   04  0.4079265E+03  0.1418700E+02 -0.9699404E+00  0.1103261E+00 -0.2865012E+01
   04  0.4095542E+03  0.1418774E+02 -0.9702235E+00  0.1079540E+00 -0.2864278E+01
   04  0.4111820E+03  0.1418849E+02 -0.9704405E+00  0.1054988E+00 -0.2863528E+01
   04  0.4128097E+03  0.1418925E+02 -0.9705927E+00  0.1029577E+00 -0.2862763E+01
   04  0.4144375E+03  0.1419003E+02 -0.9706813E+00  0.1003269E+00 -0.2861982E+01
   04  0.4160652E+03  0.1419083E+02 -0.9707074E+00  0.9760272E-01 -0.2861184E+01
   04  0.4176929E+03  0.1419165E+02 -0.9706726E+00  0.9478240E-01 -0.2860370E+01
   04  0.4193207E+03  0.1419248E+02 -0.9705783E+00  0.9186320E-01 -0.2859538E+01
   04  0.4209484E+03  0.1419333E+02 -0.9704261E+00  0.8884251E-01 -0.2858689E+01
   04  0.4225762E+03  0.1419419E+02 -0.9702178E+00  0.8571781E-01 -0.2857822E+01
   04  0.4242039E+03  0.1419508E+02 -0.9699548E+00  0.8248666E-01 -0.2856938E+01
   04  0.4258316E+03  0.1419598E+02 -0.9696391E+00  0.7914676E-01 -0.2856034E+01
   04  0.4274594E+03  0.1419690E+02 -0.9692725E+00  0.7569588E-01 -0.2855112E+01
   04  0.4290871E+03  0.1419785E+02 -0.9688571E+00  0.7213194E-01 -0.2854171E+01
   04  0.4307149E+03  0.1419881E+02 -0.9683951E+00  0.6845293E-01 -0.2853210E+01
   04  0.4323426E+03  0.1419979E+02 -0.9678885E+00  0.6465700E-01 -0.2852230E+01
   04  0.4339704E+03  0.1420079E+02 -0.9673391E+00  0.6074238E-01 -0.2851231E+01
   04  0.4355981E+03  0.1420180E+02 -0.9667498E+00  0.5670741E-01 -0.2850211E+01
   04  0.4372258E+03  0.1420284E+02 -0.9661234E+00  0.5255057E-01 -0.2849172E+01
   04  0.4388536E+03  0.1420391E+02 -0.9654629E+00  0.4824497E-01 -0.2848110E+01
   04  0.4404813E+03  0.1420499E+02 -0.9647711E+00  0.4377208E-01 -0.2847025E+01
   04  0.4421091E+03  0.1420610E+02 -0.9640506E+00  0.3912943E-01 -0.2845915E+01
   04  0.4437368E+03  0.1420723E+02 -0.9633042E+00  0.3431481E-01 -0.2844782E+01
   04  0.4453645E+03  0.1420839E+02 -0.9625346E+00  0.2932627E-01 -0.2843625E+01
   04  0.4469923E+03  0.1420957E+02 -0.9617446E+00  0.2416211E-01 -0.2842443E+01
   04  0.4486200E+03  0.1421078E+02 -0.9609372E+00  0.1882085E-01 -0.2841238E+01
   04  0.4502478E+03  0.1421201E+02 -0.9601150E+00  0.1330126E-01 -0.2840008E+01
   04  0.4518755E+03  0.1421326E+02 -0.9592811E+00  0.7602315E-02 -0.2838754E+01
   04  0.4535033E+03  0.1421454E+02 -0.9584386E+00  0.1723204E-02 -0.2837476E+01
   04  0.4551310E+03  0.1421584E+02 -0.9575906E+00 -0.4336695E-02 -0.2836175E+01
   04  0.4567587E+03  0.1421717E+02 -0.9567404E+00 -0.1057782E-01 -0.2834849E+01
   04  0.4583865E+03  0.1421852E+02 -0.9558914E+00 -0.1700046E-01 -0.2833499E+01
   04  0.4600142E+03  0.1421989E+02 -0.9550468E+00 -0.2360473E-01 -0.2832126E+01
   04  0.4616420E+03  0.1422129E+02 -0.9542102E+00 -0.3039061E-01 -0.2830729E+01
   04  0.4632697E+03  0.1422271E+02 -0.9533845E+00 -0.3735798E-01 -0.2829309E+01
   04  0.4648974E+03  0.1422415E+02 -0.9525733E+00 -0.4450660E-01 -0.2827865E+01
   04  0.4665252E+03  0.1422562E+02 -0.9517801E+00 -0.5183614E-01 -0.2826398E+01
   04  0.4681529E+03  0.1422711E+02 -0.9510087E+00 -0.5934617E-01 -0.2824907E+01
   04  0.4697807E+03  0.1422862E+02 -0.9502631E+00 -0.6702373E-01 -0.2823393E+01
   04  0.4714084E+03  0.1423016E+02 -0.9495466E+00 -0.7486952E-01 -0.2821855E+01
   04  0.4730362E+03  0.1423172E+02 -0.9488627E+00 -0.8288260E-01 -0.2820293E+01
   04  0.4746639E+03  0.1423331E+02 -0.9482115E+00 -0.9106239E-01 -0.2818708E+01
   04  0.4762916E+03  0.1423492E+02 -0.9476010E+00 -0.9940735E-01 -0.2817100E+01
   04  0.4779194E+03  0.1423655E+02 -0.9470357E+00 -0.1079163E+00 -0.2815469E+01
   04  0.4795471E+03  0.1423820E+02 -0.9465202E+00 -0.1165882E+00 -0.2813815E+01
   04  0.4811749E+03  0.1423988E+02 -0.9460594E+00 -0.1254217E+00 -0.2812138E+01
   04  0.4828026E+03  0.1424158E+02 -0.9456582E+00 -0.1344154E+00 -0.2810438E+01
   04  0.4844303E+03  0.1424330E+02 -0.9453221E+00 -0.1435681E+00 -0.2808716E+01
   04  0.4860581E+03  0.1424505E+02 -0.9450565E+00 -0.1528783E+00 -0.2806971E+01
   04  0.4876858E+03  0.1424681E+02 -0.9448671E+00 -0.1623444E+00 -0.2805203E+01
   04  0.4893136E+03  0.1424860E+02 -0.9447597E+00 -0.1719648E+00 -0.2803412E+01
   04  0.4909413E+03  0.1425042E+02 -0.9447404E+00 -0.1817380E+00 -0.2801598E+01
   04  0.4925691E+03  0.1425225E+02 -0.9448154E+00 -0.1916623E+00 -0.2799762E+01
   04  0.4941968E+03  0.1425411E+02 -0.9449909E+00 -0.2017358E+00 -0.2797902E+01
   04  0.4958245E+03  0.1425600E+02 -0.9452735E+00 -0.2119566E+00 -0.2796019E+01
   04  0.4974523E+03  0.1425790E+02 -0.9456698E+00 -0.2223228E+00 -0.2794113E+01
   04  0.4990800E+03  0.1425983E+02 -0.9461865E+00 -0.2328324E+00 -0.2792183E+01
   04  0.5007078E+03  0.1426179E+02 -0.9468307E+00 -0.2434833E+00 -0.2790229E+01
   04  0.5023355E+03  0.1426376E+02 -0.9476093E+00 -0.2542733E+00 -0.2788251E+01
   04  0.5039632E+03  0.1426577E+02 -0.9485296E+00 -0.2652002E+00 -0.2786249E+01
   04  0.5055910E+03  0.1426779E+02 -0.9495991E+00 -0.2762617E+00 -0.2784221E+01
   04  0.5072187E+03  0.1426985E+02 -0.9508254E+00 -0.2874554E+00 -0.2782168E+01
   04  0.5088465E+03  0.1427193E+02 -0.9522160E+00 -0.2987795E+00 -0.2780090E+01
   04  0.5104742E+03  0.1427403E+02 -0.9537790E+00 -0.3102317E+00 -0.2777984E+01
   04  0.5121020E+03  0.1427616E+02 -0.9555227E+00 -0.3218085E+00 -0.2775852E+01
   04  0.5137297E+03  0.1427832E+02 -0.9574560E+00 -0.3335071E+00 -0.2773693E+01
   04  0.5153574E+03  0.1428051E+02 -0.9595878E+00 -0.3453252E+00 -0.2771505E+01
   04  0.5169852E+03  0.1428273E+02 -0.9619272E+00 -0.3572608E+00 -0.2769288E+01
   04  0.5186129E+03  0.1428497E+02 -0.9644835E+00 -0.3693115E+00 -0.2767042E+01
   04  0.5202407E+03  0.1428725E+02 -0.9672661E+00 -0.3814750E+00 -0.2764765E+01
   04  0.5218684E+03  0.1428956E+02 -0.9702847E+00 -0.3937490E+00 -0.2762458E+01
   04  0.5234961E+03  0.1429190E+02 -0.9735493E+00 -0.4061310E+00 -0.2760118E+01
   04  0.5251239E+03  0.1429427E+02 -0.9770699E+00 -0.4186187E+00 -0.2757747E+01
   04  0.5267516E+03  0.1429667E+02 -0.9808570E+00 -0.4312095E+00 -0.2755341E+01
   04  0.5283794E+03  0.1429911E+02 -0.9849215E+00 -0.4439011E+00 -0.2752901E+01
   04  0.5300071E+03  0.1430159E+02 -0.9892743E+00 -0.4566910E+00 -0.2750426E+01
   04  0.5316349E+03  0.1430410E+02 -0.9939269E+00 -0.4695767E+00 -0.2747915E+01
   04  0.5332626E+03  0.1430665E+02 -0.9988911E+00 -0.4825558E+00 -0.2745366E+01
   04  0.5348903E+03  0.1430924E+02 -0.1004179E+01 -0.4956259E+00 -0.2742778E+01
   04  0.5365181E+03  0.1431186E+02 -0.1009803E+01 -0.5087846E+00 -0.2740151E+01
   04  0.5381458E+03  0.1431453E+02 -0.1015777E+01 -0.5220298E+00 -0.2737483E+01
   04  0.5397736E+03  0.1431724E+02 -0.1022113E+01 -0.5353590E+00 -0.2734773E+01
   04  0.5414013E+03  0.1432000E+02 -0.1028825E+01 -0.5487703E+00 -0.2732019E+01
   04  0.5430290E+03  0.1432279E+02 -0.1035928E+01 -0.5622614E+00 -0.2729221E+01
   04  0.5446568E+03  0.1432564E+02 -0.1043436E+01 -0.5758305E+00 -0.2726377E+01
   04  0.5462845E+03  0.1432853E+02 -0.1051364E+01 -0.5894756E+00 -0.2723485E+01
   04  0.5479123E+03  0.1433147E+02 -0.1059727E+01 -0.6031949E+00 -0.2720545E+01
   04  0.5495400E+03  0.1433446E+02 -0.1068542E+01 -0.6169870E+00 -0.2717554E+01
   04  0.5511678E+03  0.1433751E+02 -0.1077824E+01 -0.6308501E+00 -0.2714511E+01
   04  0.5527955E+03  0.1434060E+02 -0.1087591E+01 -0.6447953E+00 -0.2711415E+01
   04  0.5544232E+03  0.1434375E+02 -0.1097858E+01 -0.6588767E+00 -0.2708270E+01
   04  0.5560510E+03  0.1434694E+02 -0.1108644E+01 -0.6730934E+00 -0.2705072E+01
   04  0.5576787E+03  0.1435019E+02 -0.1119965E+01 -0.6874444E+00 -0.2701822E+01
   04  0.5593065E+03  0.1435350E+02 -0.1131840E+01 -0.7019292E+00 -0.2698516E+01
   04  0.5609342E+03  0.1435686E+02 -0.1144289E+01 -0.7165481E+00 -0.2695153E+01
   04  0.5625619E+03  0.1436029E+02 -0.1157329E+01 -0.7312989E+00 -0.2691730E+01
   04  0.5641897E+03  0.1436377E+02 -0.1170980E+01 -0.7461816E+00 -0.2688247E+01
   04  0.5658174E+03  0.1436731E+02 -0.1185261E+01 -0.7611960E+00 -0.2684701E+01
   04  0.5674452E+03  0.1437093E+02 -0.1200193E+01 -0.7763426E+00 -0.2681090E+01
   04  0.5690729E+03  0.1437460E+02 -0.1215795E+01 -0.7916218E+00 -0.2677413E+01
   04  0.5707007E+03  0.1437835E+02 -0.1232087E+01 -0.8070344E+00 -0.2673666E+01
   04  0.5723284E+03  0.1438217E+02 -0.1249089E+01 -0.8225811E+00 -0.2669849E+01
   04  0.5739561E+03  0.1438606E+02 -0.1266821E+01 -0.8382633E+00 -0.2665959E+01
   04  0.5755839E+03  0.1439002E+02 -0.1285303E+01 -0.8540822E+00 -0.2661994E+01
   04  0.5772116E+03  0.1439406E+02 -0.1304554E+01 -0.8700395E+00 -0.2657952E+01
   04  0.5788394E+03  0.1439818E+02 -0.1324595E+01 -0.8861370E+00 -0.2653832E+01
   04  0.5804671E+03  0.1440238E+02 -0.1345444E+01 -0.9023766E+00 -0.2649631E+01
   04  0.5820948E+03  0.1440667E+02 -0.1367121E+01 -0.9187605E+00 -0.2645348E+01
   04  0.5837226E+03  0.1441104E+02 -0.1389641E+01 -0.9352908E+00 -0.2640980E+01
   04  0.5853503E+03  0.1441549E+02 -0.1413025E+01 -0.9519701E+00 -0.2636526E+01
   04  0.5869781E+03  0.1442003E+02 -0.1437286E+01 -0.9688009E+00 -0.2631985E+01
   04  0.5886058E+03  0.1442466E+02 -0.1462442E+01 -0.9857858E+00 -0.2627354E+01
   04  0.5902336E+03  0.1442938E+02 -0.1488509E+01 -0.1002928E+01 -0.2622632E+01
   04  0.5918613E+03  0.1443420E+02 -0.1515498E+01 -0.1020229E+01 -0.2617817E+01
   04  0.5934890E+03  0.1443911E+02 -0.1543422E+01 -0.1037693E+01 -0.2612908E+01
   04  0.5951168E+03  0.1444411E+02 -0.1572294E+01 -0.1055322E+01 -0.2607904E+01
   04  0.5967445E+03  0.1444921E+02 -0.1602123E+01 -0.1073119E+01 -0.2602804E+01
   04  0.5983723E+03  0.1445441E+02 -0.1632918E+01 -0.1091085E+01 -0.2597606E+01
