# gauge_id= 601 location=( -0.1242093003E+03  0.4175447275E+02 ) num_var=  4
# Stationary gauge
# level, time, q[  1  2  3], eta, aux[]
# file format ascii, time series follow in this file
   04  0.0000000E+00  0.1304193E+02  0.0000000E+00  0.0000000E+00  0.0000000E+00
   04  0.1000000E+01  0.1304193E+02  0.1235693E-15 -0.6918781E-16 -0.3001446E+01
   04  0.1015873E+01  0.1304192E+02 -0.2567108E-03 -0.2891702E-04 -0.3001447E+01
   04  0.1031746E+01  0.1304192E+02 -0.5133906E-03 -0.5783414E-04 -0.3001449E+01
   04  0.1047619E+01  0.1304192E+02 -0.7700395E-03 -0.8675135E-04 -0.3001450E+01
   04  0.1063492E+01  0.1304192E+02 -0.1026657E-02 -0.1156686E-03 -0.3001451E+01
   04  0.1079365E+01  0.1304192E+02 -0.1283244E-02 -0.1445860E-03 -0.3001453E+01
   04  0.1095238E+01  0.1304192E+02 -0.1539800E-02 -0.1735034E-03 -0.3001454E+01
   04  0.1111111E+01  0.1304192E+02 -0.1796325E-02 -0.2024208E-03 -0.3001456E+01
   04  0.1126984E+01  0.1304191E+02 -0.2052818E-02 -0.2313382E-03 -0.3001457E+01
   04  0.1142857E+01  0.1304191E+02 -0.2309281E-02 -0.2602556E-03 -0.3001459E+01
   04  0.1158730E+01  0.1304191E+02 -0.2565712E-02 -0.2891730E-03 -0.3001460E+01
   04  0.1174603E+01  0.1304191E+02 -0.2822113E-02 -0.3180904E-03 -0.3001462E+01
   04  0.1190476E+01  0.1304191E+02 -0.3078482E-02 -0.3470078E-03 -0.3001463E+01
   04  0.1206349E+01  0.1304191E+02 -0.3334819E-02 -0.3759251E-03 -0.3001464E+01
   04  0.1222222E+01  0.1304190E+02 -0.3591126E-02 -0.4048423E-03 -0.3001466E+01
   04  0.1238095E+01  0.1304190E+02 -0.3847401E-02 -0.4337594E-03 -0.3001467E+01
   04  0.1253968E+01  0.1304190E+02 -0.4103645E-02 -0.4626764E-03 -0.3001469E+01
   04  0.1269841E+01  0.1304190E+02 -0.4359858E-02 -0.4915933E-03 -0.3001470E+01
   04  0.1285714E+01  0.1304190E+02 -0.4616039E-02 -0.5205101E-03 -0.3001472E+01
   04  0.1301587E+01  0.1304190E+02 -0.4872189E-02 -0.5494268E-03 -0.3001473E+01
   04  0.1317460E+01  0.1304190E+02 -0.5128308E-02 -0.5783432E-03 -0.3001474E+01
   04  0.1333333E+01  0.1304190E+02 -0.5384395E-02 -0.6072596E-03 -0.3001476E+01
   04  0.1349206E+01  0.1304189E+02 -0.5640450E-02 -0.6361757E-03 -0.3001477E+01
   04  0.1365079E+01  0.1304189E+02 -0.5896475E-02 -0.6650916E-03 -0.3001479E+01
   04  0.1380952E+01  0.1304189E+02 -0.6152467E-02 -0.6940073E-03 -0.3001480E+01
   04  0.1396825E+01  0.1304189E+02 -0.6408429E-02 -0.7229228E-03 -0.3001481E+01
   04  0.1412698E+01  0.1304189E+02 -0.6664358E-02 -0.7518380E-03 -0.3001483E+01
   04  0.1428571E+01  0.1304189E+02 -0.6920256E-02 -0.7807530E-03 -0.3001484E+01
   04  0.1476190E+01  0.1304188E+02 -0.7687778E-02 -0.8674936E-03 -0.3001488E+01
   04  0.1523810E+01  0.1304188E+02 -0.8455015E-02 -0.9542316E-03 -0.3001492E+01
   04  0.1571429E+01  0.1304187E+02 -0.9221966E-02 -0.1040967E-02 -0.3001496E+01
   04  0.1619048E+01  0.1304187E+02 -0.9988631E-02 -0.1127698E-02 -0.3001500E+01
   04  0.1666667E+01  0.1304187E+02 -0.1075501E-01 -0.1214426E-02 -0.3001504E+01
   04  0.1714286E+01  0.1304186E+02 -0.1152110E-01 -0.1301149E-02 -0.3001508E+01
   04  0.1761905E+01  0.1304186E+02 -0.1228690E-01 -0.1387868E-02 -0.3001512E+01
   04  0.1809524E+01  0.1304185E+02 -0.1305242E-01 -0.1474583E-02 -0.3001516E+01
   04  0.1857143E+01  0.1304185E+02 -0.1381764E-01 -0.1561291E-02 -0.3001520E+01
   04  0.1904762E+01  0.1304185E+02 -0.1458257E-01 -0.1647994E-02 -0.3001524E+01
   04  0.1952381E+01  0.1304184E+02 -0.1534722E-01 -0.1734691E-02 -0.3001527E+01
   04  0.2000000E+01  0.1304184E+02 -0.1611157E-01 -0.1821382E-02 -0.3001531E+01
   04  0.5727919E+01  0.1304164E+02 -0.7521194E-01 -0.8584406E-02 -0.3001730E+01
   04  0.9455838E+01  0.1304164E+02 -0.1323766E+00 -0.1525634E-01 -0.3001727E+01
   04  0.1318376E+02  0.1304185E+02 -0.1873228E+00 -0.2166930E-01 -0.3001521E+01
   04  0.1691168E+02  0.1304225E+02 -0.2398051E+00 -0.2768316E-01 -0.3001118E+01
   04  0.2063960E+02  0.1304285E+02 -0.2896191E+00 -0.3318700E-01 -0.3000521E+01
   04  0.2436752E+02  0.1304363E+02 -0.3366017E+00 -0.3809693E-01 -0.2999737E+01
   04  0.2809543E+02  0.1304460E+02 -0.3806381E+00 -0.4236464E-01 -0.2998772E+01
   04  0.3182335E+02  0.1304574E+02 -0.4216544E+00 -0.4595382E-01 -0.2997635E+01
   04  0.3555127E+02  0.1304704E+02 -0.4596129E+00 -0.4882652E-01 -0.2996333E+01
   04  0.3834721E+02  0.1304813E+02 -0.4859077E+00 -0.5044665E-01 -0.2995245E+01
   04  0.4114315E+02  0.1304929E+02 -0.5104691E+00 -0.5173169E-01 -0.2994079E+01
   04  0.4393909E+02  0.1305053E+02 -0.5333094E+00 -0.5271029E-01 -0.2992842E+01
   04  0.4673503E+02  0.1305184E+02 -0.5544168E+00 -0.5339240E-01 -0.2991533E+01
   04  0.4922031E+02  0.1305307E+02 -0.5716035E+00 -0.5374238E-01 -0.2990302E+01
   04  0.5170559E+02  0.1305434E+02 -0.5875283E+00 -0.5389334E-01 -0.2989027E+01
   04  0.5419087E+02  0.1305562E+02 -0.6026043E+00 -0.5385643E-01 -0.2987748E+01
   04  0.5667615E+02  0.1305691E+02 -0.6168366E+00 -0.5365582E-01 -0.2986464E+01
   04  0.5916143E+02  0.1305820E+02 -0.6302290E+00 -0.5331116E-01 -0.2985176E+01
   04  0.6164671E+02  0.1305949E+02 -0.6427845E+00 -0.5283906E-01 -0.2983882E+01
   04  0.6413199E+02  0.1306079E+02 -0.6545047E+00 -0.5225515E-01 -0.2982582E+01
   04  0.6661727E+02  0.1306210E+02 -0.6653933E+00 -0.5152341E-01 -0.2981275E+01
   04  0.6910255E+02  0.1306341E+02 -0.6754584E+00 -0.5058441E-01 -0.2979957E+01
   04  0.7158783E+02  0.1306474E+02 -0.6847092E+00 -0.4945436E-01 -0.2978628E+01
   04  0.7407311E+02  0.1306608E+02 -0.6931559E+00 -0.4815870E-01 -0.2977290E+01
   04  0.7655838E+02  0.1306743E+02 -0.7008101E+00 -0.4671426E-01 -0.2975942E+01
   04  0.7904366E+02  0.1306879E+02 -0.7076847E+00 -0.4513216E-01 -0.2974586E+01
   04  0.8152894E+02  0.1307015E+02 -0.7137934E+00 -0.4342399E-01 -0.2973222E+01
   04  0.8401422E+02  0.1307152E+02 -0.7191514E+00 -0.4160124E-01 -0.2971852E+01
   04  0.8649950E+02  0.1307289E+02 -0.7237747E+00 -0.3967509E-01 -0.2970477E+01
   04  0.8898478E+02  0.1307427E+02 -0.7276807E+00 -0.3765639E-01 -0.2969097E+01
   04  0.9147006E+02  0.1307566E+02 -0.7308879E+00 -0.3555574E-01 -0.2967713E+01
   04  0.9445240E+02  0.1307732E+02 -0.7338703E+00 -0.3298876E-01 -0.2966049E+01
   04  0.9743473E+02  0.1307899E+02 -0.7359059E+00 -0.3031867E-01 -0.2964382E+01
   04  0.1004171E+03  0.1308065E+02 -0.7370921E+00 -0.2750543E-01 -0.2962724E+01
   04  0.1033994E+03  0.1308229E+02 -0.7375910E+00 -0.2456559E-01 -0.2961085E+01
   04  0.1063817E+03  0.1308392E+02 -0.7372478E+00 -0.2151819E-01 -0.2959448E+01
   04  0.1093641E+03  0.1308556E+02 -0.7360689E+00 -0.1836585E-01 -0.2957811E+01
   04  0.1123464E+03  0.1308720E+02 -0.7340898E+00 -0.1511313E-01 -0.2956174E+01
   04  0.1153287E+03  0.1308883E+02 -0.7313489E+00 -0.1176795E-01 -0.2954537E+01
   04  0.1183111E+03  0.1309047E+02 -0.7278884E+00 -0.8339928E-02 -0.2952901E+01
   04  0.1212934E+03  0.1309210E+02 -0.7237523E+00 -0.4836058E-02 -0.2951266E+01
   04  0.1242758E+03  0.1309374E+02 -0.7189873E+00 -0.1246006E-02 -0.2949634E+01
   04  0.1272581E+03  0.1309537E+02 -0.7136410E+00  0.2420262E-02 -0.2948004E+01
   04  0.1302404E+03  0.1309699E+02 -0.7077643E+00  0.6152101E-02 -0.2946380E+01
   04  0.1332228E+03  0.1309861E+02 -0.7013847E+00  0.9939831E-02 -0.2944766E+01
   04  0.1362051E+03  0.1310021E+02 -0.6945539E+00  0.1377307E-01 -0.2943162E+01
   04  0.1391874E+03  0.1310180E+02 -0.6873278E+00  0.1764048E-01 -0.2941572E+01
   04  0.1421698E+03  0.1310337E+02 -0.6797612E+00  0.2152993E-01 -0.2939997E+01
   04  0.1451521E+03  0.1310493E+02 -0.6719074E+00  0.2542882E-01 -0.2938439E+01
   04  0.1481344E+03  0.1310647E+02 -0.6638167E+00  0.2932317E-01 -0.2936901E+01
   04  0.1511168E+03  0.1310799E+02 -0.6555342E+00  0.3320271E-01 -0.2935383E+01
   04  0.1540991E+03  0.1310949E+02 -0.6470610E+00  0.3705431E-01 -0.2933884E+01
   04  0.1570814E+03  0.1311097E+02 -0.6384380E+00  0.4086600E-01 -0.2932405E+01
   04  0.1600638E+03  0.1311242E+02 -0.6297043E+00  0.4462420E-01 -0.2930947E+01
   04  0.1630461E+03  0.1311386E+02 -0.6208994E+00  0.4831759E-01 -0.2929512E+01
   04  0.1660284E+03  0.1311527E+02 -0.6120625E+00  0.5193676E-01 -0.2928100E+01
   04  0.1690108E+03  0.1311666E+02 -0.6032315E+00  0.5547292E-01 -0.2926713E+01
   04  0.1719931E+03  0.1311802E+02 -0.5944467E+00  0.5891842E-01 -0.2925353E+01
   04  0.1749755E+03  0.1311935E+02 -0.5857461E+00  0.6226570E-01 -0.2924020E+01
   04  0.1779578E+03  0.1312066E+02 -0.5771656E+00  0.6550843E-01 -0.2922716E+01
   04  0.1809401E+03  0.1312193E+02 -0.5687388E+00  0.6864113E-01 -0.2921440E+01
   04  0.1824313E+03  0.1312256E+02 -0.5645759E+00  0.7021966E-01 -0.2920812E+01
   04  0.1839225E+03  0.1312318E+02 -0.5604646E+00  0.7176674E-01 -0.2920192E+01
   04  0.1854136E+03  0.1312379E+02 -0.5564084E+00  0.7328187E-01 -0.2919579E+01
   04  0.1869048E+03  0.1312440E+02 -0.5524106E+00  0.7476456E-01 -0.2918973E+01
   04  0.1883960E+03  0.1312500E+02 -0.5484743E+00  0.7621435E-01 -0.2918375E+01
   04  0.1898871E+03  0.1312559E+02 -0.5446023E+00  0.7763080E-01 -0.2917785E+01
   04  0.1913783E+03  0.1312617E+02 -0.5407976E+00  0.7901344E-01 -0.2917203E+01
   04  0.1928695E+03  0.1312674E+02 -0.5370626E+00  0.8036176E-01 -0.2916629E+01
   04  0.1943606E+03  0.1312731E+02 -0.5333997E+00  0.8167518E-01 -0.2916062E+01
   04  0.1958518E+03  0.1312787E+02 -0.5298111E+00  0.8295302E-01 -0.2915503E+01
   04  0.1973430E+03  0.1312842E+02 -0.5262990E+00  0.8419441E-01 -0.2914952E+01
   04  0.1988341E+03  0.1312896E+02 -0.5228652E+00  0.8539821E-01 -0.2914409E+01
   04  0.2003253E+03  0.1312950E+02 -0.5195114E+00  0.8656287E-01 -0.2913873E+01
   04  0.2018165E+03  0.1313003E+02 -0.5162392E+00  0.8768622E-01 -0.2913344E+01
   04  0.2033076E+03  0.1313055E+02 -0.5130498E+00  0.8876267E-01 -0.2912822E+01
   04  0.2047988E+03  0.1313106E+02 -0.5099449E+00  0.8979429E-01 -0.2912307E+01
   04  0.2062900E+03  0.1313157E+02 -0.5069259E+00  0.9078715E-01 -0.2911799E+01
   04  0.2077811E+03  0.1313207E+02 -0.5039942E+00  0.9174639E-01 -0.2911299E+01
   04  0.2092723E+03  0.1313256E+02 -0.5011508E+00  0.9267637E-01 -0.2910806E+01
   04  0.2107635E+03  0.1313305E+02 -0.4983967E+00  0.9358085E-01 -0.2910321E+01
   04  0.2122546E+03  0.1313353E+02 -0.4957325E+00  0.9446299E-01 -0.2909844E+01
   04  0.2137458E+03  0.1313400E+02 -0.4931588E+00  0.9532551E-01 -0.2909375E+01
   04  0.2152370E+03  0.1313446E+02 -0.4906760E+00  0.9617076E-01 -0.2908914E+01
   04  0.2167281E+03  0.1313491E+02 -0.4882841E+00  0.9700073E-01 -0.2908461E+01
   04  0.2182193E+03  0.1313535E+02 -0.4859832E+00  0.9781715E-01 -0.2908017E+01
   04  0.2197105E+03  0.1313579E+02 -0.4837733E+00  0.9862152E-01 -0.2907580E+01
   04  0.2212017E+03  0.1313622E+02 -0.4816540E+00  0.9941510E-01 -0.2907151E+01
   04  0.2226928E+03  0.1313664E+02 -0.4796249E+00  0.1001990E+00 -0.2906731E+01
   04  0.2241840E+03  0.1313705E+02 -0.4776856E+00  0.1009742E+00 -0.2906318E+01
   04  0.2256752E+03  0.1313746E+02 -0.4758298E+00  0.1017417E+00 -0.2905914E+01
   04  0.2271663E+03  0.1313785E+02 -0.4740561E+00  0.1025024E+00 -0.2905519E+01
   04  0.2286575E+03  0.1313824E+02 -0.4723653E+00  0.1032571E+00 -0.2905131E+01
   04  0.2301487E+03  0.1313862E+02 -0.4707580E+00  0.1040063E+00 -0.2904751E+01
   04  0.2316398E+03  0.1313899E+02 -0.4692342E+00  0.1047506E+00 -0.2904380E+01
   04  0.2331310E+03  0.1313936E+02 -0.4677942E+00  0.1054901E+00 -0.2904015E+01
   04  0.2346222E+03  0.1313971E+02 -0.4664377E+00  0.1062247E+00 -0.2903658E+01
   04  0.2361133E+03  0.1314006E+02 -0.4651646E+00  0.1069523E+00 -0.2903309E+01
   04  0.2376045E+03  0.1314040E+02 -0.4639741E+00  0.1076728E+00 -0.2902967E+01
   04  0.2390957E+03  0.1314074E+02 -0.4628656E+00  0.1083859E+00 -0.2902631E+01
   04  0.2405868E+03  0.1314107E+02 -0.4618383E+00  0.1090917E+00 -0.2902303E+01
   04  0.2420780E+03  0.1314139E+02 -0.4608915E+00  0.1097901E+00 -0.2901981E+01
   04  0.2435692E+03  0.1314170E+02 -0.4600242E+00  0.1104813E+00 -0.2901666E+01
   04  0.2450603E+03  0.1314201E+02 -0.4592356E+00  0.1111654E+00 -0.2901357E+01
   04  0.2465515E+03  0.1314232E+02 -0.4585246E+00  0.1118427E+00 -0.2901054E+01
   04  0.2480427E+03  0.1314261E+02 -0.4578905E+00  0.1125134E+00 -0.2900757E+01
   04  0.2495338E+03  0.1314290E+02 -0.4573320E+00  0.1131777E+00 -0.2900466E+01
   04  0.2510250E+03  0.1314319E+02 -0.4568484E+00  0.1138357E+00 -0.2900180E+01
   04  0.2525162E+03  0.1314347E+02 -0.4564385E+00  0.1144879E+00 -0.2899900E+01
   04  0.2540073E+03  0.1314375E+02 -0.4561011E+00  0.1151344E+00 -0.2899624E+01
   04  0.2554985E+03  0.1314402E+02 -0.4558351E+00  0.1157755E+00 -0.2899354E+01
   04  0.2569897E+03  0.1314428E+02 -0.4556396E+00  0.1164114E+00 -0.2899088E+01
   04  0.2584808E+03  0.1314454E+02 -0.4555136E+00  0.1170424E+00 -0.2898827E+01
   04  0.2599720E+03  0.1314480E+02 -0.4554560E+00  0.1176688E+00 -0.2898571E+01
   04  0.2614632E+03  0.1314505E+02 -0.4554660E+00  0.1182908E+00 -0.2898318E+01
   04  0.2629543E+03  0.1314530E+02 -0.4555429E+00  0.1189085E+00 -0.2898070E+01
   04  0.2644455E+03  0.1314555E+02 -0.4556858E+00  0.1195219E+00 -0.2897825E+01
   04  0.2659367E+03  0.1314579E+02 -0.4558939E+00  0.1201312E+00 -0.2897585E+01
   04  0.2674278E+03  0.1314602E+02 -0.4561663E+00  0.1207363E+00 -0.2897347E+01
   04  0.2689190E+03  0.1314626E+02 -0.4565022E+00  0.1213372E+00 -0.2897113E+01
   04  0.2704102E+03  0.1314649E+02 -0.4569005E+00  0.1219338E+00 -0.2896882E+01
   04  0.2719014E+03  0.1314672E+02 -0.4573604E+00  0.1225262E+00 -0.2896655E+01
   04  0.2733925E+03  0.1314694E+02 -0.4578810E+00  0.1231141E+00 -0.2896430E+01
   04  0.2748837E+03  0.1314716E+02 -0.4584612E+00  0.1236974E+00 -0.2896208E+01
   04  0.2763749E+03  0.1314738E+02 -0.4591002E+00  0.1242760E+00 -0.2895988E+01
   04  0.2778660E+03  0.1314760E+02 -0.4597968E+00  0.1248496E+00 -0.2895771E+01
   04  0.2793572E+03  0.1314781E+02 -0.4605501E+00  0.1254181E+00 -0.2895556E+01
   04  0.2808484E+03  0.1314803E+02 -0.4613590E+00  0.1259812E+00 -0.2895343E+01
   04  0.2823395E+03  0.1314824E+02 -0.4622225E+00  0.1265387E+00 -0.2895133E+01
   04  0.2838307E+03  0.1314845E+02 -0.4631394E+00  0.1270902E+00 -0.2894924E+01
   04  0.2853219E+03  0.1314865E+02 -0.4641087E+00  0.1276355E+00 -0.2894716E+01
   04  0.2868130E+03  0.1314886E+02 -0.4651292E+00  0.1281743E+00 -0.2894511E+01
   04  0.2883042E+03  0.1314906E+02 -0.4661997E+00  0.1287061E+00 -0.2894307E+01
   04  0.2897954E+03  0.1314927E+02 -0.4673192E+00  0.1292308E+00 -0.2894104E+01
   04  0.2912865E+03  0.1314947E+02 -0.4684864E+00  0.1297478E+00 -0.2893902E+01
   04  0.2927777E+03  0.1314967E+02 -0.4697002E+00  0.1302568E+00 -0.2893702E+01
   04  0.2942689E+03  0.1314987E+02 -0.4709593E+00  0.1307574E+00 -0.2893502E+01
   04  0.2957600E+03  0.1315007E+02 -0.4722626E+00  0.1312492E+00 -0.2893303E+01
   04  0.2972512E+03  0.1315027E+02 -0.4736087E+00  0.1317317E+00 -0.2893105E+01
   04  0.2987424E+03  0.1315046E+02 -0.4749965E+00  0.1322045E+00 -0.2892907E+01
   04  0.3002335E+03  0.1315066E+02 -0.4764248E+00  0.1326671E+00 -0.2892709E+01
   04  0.3017247E+03  0.1315086E+02 -0.4778922E+00  0.1331192E+00 -0.2892512E+01
   04  0.3032159E+03  0.1315106E+02 -0.4793976E+00  0.1335604E+00 -0.2892315E+01
   04  0.3047070E+03  0.1315125E+02 -0.4809396E+00  0.1339900E+00 -0.2892118E+01
   04  0.3061982E+03  0.1315145E+02 -0.4825171E+00  0.1344076E+00 -0.2891921E+01
   04  0.3076894E+03  0.1315165E+02 -0.4841287E+00  0.1348126E+00 -0.2891723E+01
   04  0.3091805E+03  0.1315185E+02 -0.4857731E+00  0.1352044E+00 -0.2891525E+01
   04  0.3106717E+03  0.1315204E+02 -0.4874491E+00  0.1355824E+00 -0.2891327E+01
   04  0.3121629E+03  0.1315224E+02 -0.4891552E+00  0.1359460E+00 -0.2891127E+01
   04  0.3136540E+03  0.1315244E+02 -0.4908903E+00  0.1362945E+00 -0.2890927E+01
   04  0.3151452E+03  0.1315265E+02 -0.4926528E+00  0.1366259E+00 -0.2890726E+01
   04  0.3165017E+03  0.1315283E+02 -0.4942785E+00  0.1369143E+00 -0.2890542E+01
   04  0.3178581E+03  0.1315301E+02 -0.4959247E+00  0.1371849E+00 -0.2890356E+01
   04  0.3192146E+03  0.1315320E+02 -0.4975904E+00  0.1374370E+00 -0.2890170E+01
   04  0.3205710E+03  0.1315339E+02 -0.4992745E+00  0.1376702E+00 -0.2889982E+01
   04  0.3219275E+03  0.1315358E+02 -0.5009761E+00  0.1378838E+00 -0.2889793E+01
   04  0.3232839E+03  0.1315377E+02 -0.5026941E+00  0.1380773E+00 -0.2889602E+01
   04  0.3246404E+03  0.1315396E+02 -0.5044274E+00  0.1382500E+00 -0.2889409E+01
   04  0.3259968E+03  0.1315416E+02 -0.5061751E+00  0.1384015E+00 -0.2889215E+01
   04  0.3273533E+03  0.1315435E+02 -0.5079360E+00  0.1385310E+00 -0.2889019E+01
   04  0.3287097E+03  0.1315455E+02 -0.5097091E+00  0.1386382E+00 -0.2888821E+01
   04  0.3300662E+03  0.1315475E+02 -0.5114933E+00  0.1387224E+00 -0.2888621E+01
   04  0.3314226E+03  0.1315495E+02 -0.5132874E+00  0.1387834E+00 -0.2888419E+01
   04  0.3327791E+03  0.1315516E+02 -0.5150904E+00  0.1388208E+00 -0.2888214E+01
   04  0.3341355E+03  0.1315536E+02 -0.5169012E+00  0.1388345E+00 -0.2888007E+01
   04  0.3354920E+03  0.1315557E+02 -0.5187185E+00  0.1388241E+00 -0.2887797E+01
   04  0.3368484E+03  0.1315579E+02 -0.5205413E+00  0.1387896E+00 -0.2887584E+01
   04  0.3382049E+03  0.1315600E+02 -0.5223686E+00  0.1387308E+00 -0.2887369E+01
   04  0.3395613E+03  0.1315622E+02 -0.5241990E+00  0.1386477E+00 -0.2887151E+01
   04  0.3409178E+03  0.1315644E+02 -0.5260315E+00  0.1385401E+00 -0.2886929E+01
   04  0.3422742E+03  0.1315667E+02 -0.5278650E+00  0.1384081E+00 -0.2886705E+01
   04  0.3436307E+03  0.1315689E+02 -0.5296982E+00  0.1382515E+00 -0.2886477E+01
   04  0.3449871E+03  0.1315713E+02 -0.5315300E+00  0.1380705E+00 -0.2886245E+01
   04  0.3463436E+03  0.1315736E+02 -0.5333593E+00  0.1378648E+00 -0.2886011E+01
   04  0.3477000E+03  0.1315760E+02 -0.5351849E+00  0.1376344E+00 -0.2885772E+01
   04  0.3490565E+03  0.1315784E+02 -0.5370055E+00  0.1373793E+00 -0.2885529E+01
   04  0.3504130E+03  0.1315809E+02 -0.5388201E+00  0.1370993E+00 -0.2885283E+01
   04  0.3517694E+03  0.1315834E+02 -0.5406269E+00  0.1367944E+00 -0.2885032E+01
   04  0.3531259E+03  0.1315859E+02 -0.5424245E+00  0.1364645E+00 -0.2884777E+01
   04  0.3544823E+03  0.1315885E+02 -0.5442113E+00  0.1361093E+00 -0.2884518E+01
   04  0.3558388E+03  0.1315912E+02 -0.5459857E+00  0.1357289E+00 -0.2884254E+01
   04  0.3574665E+03  0.1315944E+02 -0.5480973E+00  0.1352318E+00 -0.2883931E+01
   04  0.3590942E+03  0.1315977E+02 -0.5501863E+00  0.1346985E+00 -0.2883602E+01
   04  0.3607220E+03  0.1316011E+02 -0.5522501E+00  0.1341285E+00 -0.2883265E+01
   04  0.3623497E+03  0.1316045E+02 -0.5542859E+00  0.1335214E+00 -0.2882921E+01
   04  0.3639775E+03  0.1316080E+02 -0.5562911E+00  0.1328768E+00 -0.2882569E+01
   04  0.3656052E+03  0.1316116E+02 -0.5582631E+00  0.1321941E+00 -0.2882208E+01
   04  0.3672329E+03  0.1316153E+02 -0.5601991E+00  0.1314729E+00 -0.2881840E+01
   04  0.3688607E+03  0.1316191E+02 -0.5620966E+00  0.1307124E+00 -0.2881463E+01
   04  0.3704884E+03  0.1316229E+02 -0.5639528E+00  0.1299120E+00 -0.2881077E+01
   04  0.3721162E+03  0.1316269E+02 -0.5657652E+00  0.1290711E+00 -0.2880682E+01
   04  0.3737439E+03  0.1316309E+02 -0.5675310E+00  0.1281890E+00 -0.2880277E+01
   04  0.3753717E+03  0.1316351E+02 -0.5692475E+00  0.1272650E+00 -0.2879862E+01
   04  0.3769994E+03  0.1316393E+02 -0.5709122E+00  0.1262983E+00 -0.2879437E+01
   04  0.3786271E+03  0.1316437E+02 -0.5725224E+00  0.1252882E+00 -0.2879002E+01
   04  0.3802549E+03  0.1316482E+02 -0.5740754E+00  0.1242341E+00 -0.2878555E+01
   04  0.3818826E+03  0.1316527E+02 -0.5755695E+00  0.1231353E+00 -0.2878098E+01
   04  0.3835104E+03  0.1316574E+02 -0.5770036E+00  0.1219911E+00 -0.2877629E+01
   04  0.3851381E+03  0.1316622E+02 -0.5783768E+00  0.1207970E+00 -0.2877148E+01
   04  0.3867658E+03  0.1316672E+02 -0.5796882E+00  0.1195541E+00 -0.2876654E+01
   04  0.3883936E+03  0.1316722E+02 -0.5809371E+00  0.1182646E+00 -0.2876148E+01
   04  0.3900213E+03  0.1316774E+02 -0.5821227E+00  0.1169301E+00 -0.2875629E+01
   04  0.3916491E+03  0.1316827E+02 -0.5832443E+00  0.1155522E+00 -0.2875096E+01
   04  0.3932768E+03  0.1316882E+02 -0.5843015E+00  0.1141320E+00 -0.2874551E+01
   04  0.3949046E+03  0.1316938E+02 -0.5852936E+00  0.1126708E+00 -0.2873992E+01
   04  0.3965323E+03  0.1316995E+02 -0.5862202E+00  0.1111691E+00 -0.2873419E+01
   04  0.3981600E+03  0.1317054E+02 -0.5870809E+00  0.1096279E+00 -0.2872832E+01
   04  0.3997878E+03  0.1317114E+02 -0.5878756E+00  0.1080474E+00 -0.2872231E+01
   04  0.4014155E+03  0.1317175E+02 -0.5886040E+00  0.1064280E+00 -0.2871616E+01
   04  0.4030433E+03  0.1317238E+02 -0.5892661E+00  0.1047698E+00 -0.2870986E+01
   04  0.4046710E+03  0.1317303E+02 -0.5898619E+00  0.1030729E+00 -0.2870342E+01
   04  0.4062987E+03  0.1317369E+02 -0.5903910E+00  0.1013359E+00 -0.2869682E+01
   04  0.4079265E+03  0.1317436E+02 -0.5908534E+00  0.9955221E-01 -0.2869008E+01
   04  0.4095542E+03  0.1317505E+02 -0.5912488E+00  0.9772132E-01 -0.2868319E+01
   04  0.4111820E+03  0.1317576E+02 -0.5915774E+00  0.9584268E-01 -0.2867615E+01
   04  0.4128097E+03  0.1317648E+02 -0.5918392E+00  0.9391569E-01 -0.2866895E+01
   04  0.4144375E+03  0.1317721E+02 -0.5920346E+00  0.9193962E-01 -0.2866161E+01
   04  0.4160652E+03  0.1317796E+02 -0.5921640E+00  0.8991374E-01 -0.2865410E+01
   04  0.4176929E+03  0.1317873E+02 -0.5922277E+00  0.8783725E-01 -0.2864644E+01
   04  0.4193207E+03  0.1317951E+02 -0.5922265E+00  0.8570932E-01 -0.2863862E+01
   04  0.4209484E+03  0.1318031E+02 -0.5921610E+00  0.8352911E-01 -0.2863063E+01
   04  0.4225762E+03  0.1318112E+02 -0.5920322E+00  0.8129578E-01 -0.2862248E+01
   04  0.4242039E+03  0.1318195E+02 -0.5918411E+00  0.7900850E-01 -0.2861417E+01
   04  0.4258316E+03  0.1318280E+02 -0.5915886E+00  0.7666646E-01 -0.2860568E+01
   04  0.4274594E+03  0.1318367E+02 -0.5912759E+00  0.7426890E-01 -0.2859703E+01
   04  0.4290871E+03  0.1318455E+02 -0.5909044E+00  0.7181511E-01 -0.2858821E+01
   04  0.4307149E+03  0.1318545E+02 -0.5904753E+00  0.6930452E-01 -0.2857922E+01
   04  0.4323426E+03  0.1318637E+02 -0.5899901E+00  0.6673697E-01 -0.2857005E+01
   04  0.4339704E+03  0.1318730E+02 -0.5894505E+00  0.6411234E-01 -0.2856072E+01
   04  0.4355981E+03  0.1318825E+02 -0.5888580E+00  0.6142540E-01 -0.2855120E+01
   04  0.4372258E+03  0.1318922E+02 -0.5882140E+00  0.5867599E-01 -0.2854151E+01
   04  0.4388536E+03  0.1319021E+02 -0.5875201E+00  0.5588332E-01 -0.2853165E+01
   04  0.4404813E+03  0.1319121E+02 -0.5867781E+00  0.5306243E-01 -0.2852164E+01
   04  0.4421091E+03  0.1319222E+02 -0.5859903E+00  0.5020897E-01 -0.2851148E+01
   04  0.4437368E+03  0.1319325E+02 -0.5851591E+00  0.4731890E-01 -0.2850117E+01
   04  0.4453645E+03  0.1319430E+02 -0.5842869E+00  0.4438837E-01 -0.2849070E+01
   04  0.4469923E+03  0.1319536E+02 -0.5833761E+00  0.4141370E-01 -0.2848008E+01
   04  0.4486200E+03  0.1319644E+02 -0.5824291E+00  0.3839137E-01 -0.2846930E+01
   04  0.4502478E+03  0.1319753E+02 -0.5814486E+00  0.3531801E-01 -0.2845836E+01
   04  0.4518755E+03  0.1319864E+02 -0.5804369E+00  0.3219042E-01 -0.2844727E+01
   04  0.4535033E+03  0.1319977E+02 -0.5793968E+00  0.2900557E-01 -0.2843602E+01
   04  0.4551310E+03  0.1320091E+02 -0.5783310E+00  0.2576063E-01 -0.2842460E+01
   04  0.4567587E+03  0.1320207E+02 -0.5772420E+00  0.2245294E-01 -0.2841303E+01
   04  0.4583865E+03  0.1320324E+02 -0.5761328E+00  0.1908001E-01 -0.2840129E+01
   04  0.4600142E+03  0.1320443E+02 -0.5750061E+00  0.1563960E-01 -0.2838939E+01
   04  0.4616420E+03  0.1320564E+02 -0.5738648E+00  0.1212767E-01 -0.2837732E+01
   04  0.4632697E+03  0.1320686E+02 -0.5727119E+00  0.8541572E-02 -0.2836509E+01
   04  0.4648974E+03  0.1320810E+02 -0.5715507E+00  0.4879581E-02 -0.2835269E+01
   04  0.4665252E+03  0.1320936E+02 -0.5703843E+00  0.1140193E-02 -0.2834012E+01
   04  0.4681529E+03  0.1321063E+02 -0.5692162E+00 -0.2677902E-02 -0.2832739E+01
   04  0.4697807E+03  0.1321192E+02 -0.5680496E+00 -0.6585093E-02 -0.2831449E+01
   04  0.4714084E+03  0.1321323E+02 -0.5668876E+00 -0.1058436E-01 -0.2830143E+01
   04  0.4730362E+03  0.1321455E+02 -0.5657335E+00 -0.1467690E-01 -0.2828820E+01
   04  0.4746639E+03  0.1321589E+02 -0.5645890E+00 -0.1886390E-01 -0.2827481E+01
   04  0.4762916E+03  0.1321725E+02 -0.5634593E+00 -0.2314607E-01 -0.2826126E+01
   04  0.4779194E+03  0.1321862E+02 -0.5623475E+00 -0.2752416E-01 -0.2824753E+01
   04  0.4795471E+03  0.1322001E+02 -0.5612575E+00 -0.3199877E-01 -0.2823364E+01
   04  0.4811749E+03  0.1322141E+02 -0.5601926E+00 -0.3657038E-01 -0.2821958E+01
   04  0.4828026E+03  0.1322284E+02 -0.5591565E+00 -0.4123933E-01 -0.2820534E+01
   04  0.4844303E+03  0.1322428E+02 -0.5581531E+00 -0.4600583E-01 -0.2819094E+01
   04  0.4860581E+03  0.1322574E+02 -0.5571862E+00 -0.5086998E-01 -0.2817635E+01
   04  0.4876858E+03  0.1322721E+02 -0.5562594E+00 -0.5583174E-01 -0.2816159E+01
   04  0.4893136E+03  0.1322871E+02 -0.5553769E+00 -0.6089100E-01 -0.2814665E+01
   04  0.4909413E+03  0.1323022E+02 -0.5545427E+00 -0.6604749E-01 -0.2813153E+01
   04  0.4925691E+03  0.1323175E+02 -0.5537606E+00 -0.7130092E-01 -0.2811622E+01
   04  0.4941968E+03  0.1323330E+02 -0.5530350E+00 -0.7665084E-01 -0.2810073E+01
   04  0.4958245E+03  0.1323487E+02 -0.5523700E+00 -0.8209671E-01 -0.2808505E+01
   04  0.4974523E+03  0.1323645E+02 -0.5517699E+00 -0.8763791E-01 -0.2806918E+01
   04  0.4990800E+03  0.1323806E+02 -0.5512390E+00 -0.9327376E-01 -0.2805311E+01
   04  0.5007078E+03  0.1323969E+02 -0.5507818E+00 -0.9900347E-01 -0.2803685E+01
   04  0.5023355E+03  0.1324133E+02 -0.5504028E+00 -0.1048262E+00 -0.2802038E+01
   04  0.5039632E+03  0.1324300E+02 -0.5501066E+00 -0.1107411E+00 -0.2800371E+01
   04  0.5055910E+03  0.1324469E+02 -0.5498979E+00 -0.1167471E+00 -0.2798683E+01
   04  0.5072187E+03  0.1324640E+02 -0.5497817E+00 -0.1228432E+00 -0.2796973E+01
   04  0.5088465E+03  0.1324813E+02 -0.5497628E+00 -0.1290284E+00 -0.2795242E+01
   04  0.5104742E+03  0.1324988E+02 -0.5498465E+00 -0.1353016E+00 -0.2793489E+01
   04  0.5121020E+03  0.1325166E+02 -0.5500378E+00 -0.1416615E+00 -0.2791713E+01
   04  0.5137297E+03  0.1325346E+02 -0.5503414E+00 -0.1481069E+00 -0.2789914E+01
   04  0.5153574E+03  0.1325528E+02 -0.5507624E+00 -0.1546367E+00 -0.2788091E+01
   04  0.5169852E+03  0.1325713E+02 -0.5513057E+00 -0.1612495E+00 -0.2786244E+01
   04  0.5186129E+03  0.1325900E+02 -0.5519766E+00 -0.1679441E+00 -0.2784372E+01
   04  0.5202407E+03  0.1326090E+02 -0.5527807E+00 -0.1747193E+00 -0.2782475E+01
   04  0.5218684E+03  0.1326282E+02 -0.5537235E+00 -0.1815736E+00 -0.2780552E+01
   04  0.5234961E+03  0.1326477E+02 -0.5548108E+00 -0.1885058E+00 -0.2778603E+01
   04  0.5251239E+03  0.1326675E+02 -0.5560488E+00 -0.1955145E+00 -0.2776626E+01
   04  0.5267516E+03  0.1326875E+02 -0.5574438E+00 -0.2025983E+00 -0.2774621E+01
   04  0.5283794E+03  0.1327078E+02 -0.5590021E+00 -0.2097559E+00 -0.2772587E+01
   04  0.5300071E+03  0.1327285E+02 -0.5607306E+00 -0.2169858E+00 -0.2770524E+01
   04  0.5316349E+03  0.1327494E+02 -0.5626363E+00 -0.2242866E+00 -0.2768430E+01
   04  0.5332626E+03  0.1327707E+02 -0.5647264E+00 -0.2316570E+00 -0.2766306E+01
   04  0.5348903E+03  0.1327922E+02 -0.5670085E+00 -0.2390954E+00 -0.2764149E+01
   04  0.5365181E+03  0.1328141E+02 -0.5694903E+00 -0.2466004E+00 -0.2761959E+01
   04  0.5381458E+03  0.1328364E+02 -0.5721800E+00 -0.2541707E+00 -0.2759736E+01
   04  0.5397736E+03  0.1328589E+02 -0.5750859E+00 -0.2618048E+00 -0.2757477E+01
   04  0.5414013E+03  0.1328819E+02 -0.5782169E+00 -0.2695011E+00 -0.2755183E+01
   04  0.5430290E+03  0.1329052E+02 -0.5815820E+00 -0.2772585E+00 -0.2752852E+01
   04  0.5446568E+03  0.1329289E+02 -0.5851906E+00 -0.2850753E+00 -0.2750483E+01
   04  0.5462845E+03  0.1329530E+02 -0.5890524E+00 -0.2929503E+00 -0.2748074E+01
   04  0.5479123E+03  0.1329775E+02 -0.5931777E+00 -0.3008820E+00 -0.2745625E+01
   04  0.5495400E+03  0.1330024E+02 -0.5975767E+00 -0.3088691E+00 -0.2743135E+01
   04  0.5511678E+03  0.1330277E+02 -0.6022605E+00 -0.3169103E+00 -0.2740602E+01
   04  0.5527955E+03  0.1330535E+02 -0.6072401E+00 -0.3250035E+00 -0.2738024E+01
   04  0.5544232E+03  0.1330797E+02 -0.6125273E+00 -0.3331446E+00 -0.2735401E+01
   04  0.5560510E+03  0.1331064E+02 -0.6181340E+00 -0.3413317E+00 -0.2732730E+01
   04  0.5576787E+03  0.1331336E+02 -0.6240728E+00 -0.3495628E+00 -0.2730011E+01
   04  0.5593065E+03  0.1331613E+02 -0.6303565E+00 -0.3578366E+00 -0.2727242E+01
   04  0.5609342E+03  0.1331895E+02 -0.6369985E+00 -0.3661517E+00 -0.2724420E+01
   04  0.5625619E+03  0.1332182E+02 -0.6440125E+00 -0.3745066E+00 -0.2721546E+01
   04  0.5641897E+03  0.1332475E+02 -0.6514125E+00 -0.3829001E+00 -0.2718617E+01
   04  0.5658174E+03  0.1332774E+02 -0.6592131E+00 -0.3913314E+00 -0.2715631E+01
   04  0.5674452E+03  0.1333078E+02 -0.6674292E+00 -0.3997999E+00 -0.2712586E+01
   04  0.5690729E+03  0.1333389E+02 -0.6760758E+00 -0.4083051E+00 -0.2709482E+01
   04  0.5707007E+03  0.1333705E+02 -0.6851685E+00 -0.4168466E+00 -0.2706317E+01
   04  0.5723284E+03  0.1334028E+02 -0.6947232E+00 -0.4254246E+00 -0.2703088E+01
   04  0.5739561E+03  0.1334358E+02 -0.7047555E+00 -0.4340390E+00 -0.2699793E+01
   04  0.5755839E+03  0.1334694E+02 -0.7152818E+00 -0.4426902E+00 -0.2696432E+01
   04  0.5772116E+03  0.1335037E+02 -0.7263186E+00 -0.4513788E+00 -0.2693001E+01
   04  0.5788394E+03  0.1335387E+02 -0.7378825E+00 -0.4601053E+00 -0.2689500E+01
   04  0.5804671E+03  0.1335744E+02 -0.7499902E+00 -0.4688707E+00 -0.2685926E+01
   04  0.5820948E+03  0.1336109E+02 -0.7626586E+00 -0.4776760E+00 -0.2682277E+01
   04  0.5837226E+03  0.1336482E+02 -0.7759043E+00 -0.4865225E+00 -0.2678552E+01
   04  0.5853503E+03  0.1336862E+02 -0.7897440E+00 -0.4954114E+00 -0.2674748E+01
   04  0.5869781E+03  0.1337251E+02 -0.8041941E+00 -0.5043444E+00 -0.2670863E+01
   04  0.5886058E+03  0.1337647E+02 -0.8192708E+00 -0.5133230E+00 -0.2666896E+01
   04  0.5902336E+03  0.1338053E+02 -0.8349900E+00 -0.5223489E+00 -0.2662844E+01
   04  0.5918613E+03  0.1338466E+02 -0.8513680E+00 -0.5314241E+00 -0.2658706E+01
   04  0.5934890E+03  0.1338889E+02 -0.8684195E+00 -0.5405503E+00 -0.2654479E+01
   04  0.5951168E+03  0.1339321E+02 -0.8861589E+00 -0.5497294E+00 -0.2650162E+01
   04  0.5967445E+03  0.1339762E+02 -0.9046004E+00 -0.5589634E+00 -0.2645753E+01
   04  0.5983723E+03  0.1340212E+02 -0.9237570E+00 -0.5682543E+00 -0.2641250E+01
