# gauge_id= 604 location=( -0.1242128051E+03  0.4175523626E+02 ) num_var=  4
# Stationary gauge
# level, time, q[  1  2  3], eta, aux[]
# file format ascii, time series follow in this file
   04  0.0000000E+00  0.1211105E+02  0.0000000E+00  0.0000000E+00  0.0000000E+00
   04  0.1000000E+01  0.1211105E+02 -0.7428465E-16 -0.2030241E-16 -0.3035239E+01
   04  0.1015873E+01  0.1211105E+02 -0.2083756E-03 -0.3423936E-04 -0.3035239E+01
   04  0.1031746E+01  0.1211105E+02 -0.4167141E-03 -0.6846389E-04 -0.3035239E+01
   04  0.1047619E+01  0.1211105E+02 -0.6250154E-03 -0.1026736E-03 -0.3035239E+01
   04  0.1063492E+01  0.1211105E+02 -0.8332795E-03 -0.1368685E-03 -0.3035240E+01
   04  0.1079365E+01  0.1211105E+02 -0.1041507E-02 -0.1710486E-03 -0.3035240E+01
   04  0.1095238E+01  0.1211105E+02 -0.1249696E-02 -0.2052138E-03 -0.3035240E+01
   04  0.1111111E+01  0.1211105E+02 -0.1457849E-02 -0.2393642E-03 -0.3035240E+01
   04  0.1126984E+01  0.1211105E+02 -0.1665964E-02 -0.2734998E-03 -0.3035240E+01
   04  0.1142857E+01  0.1211105E+02 -0.1874043E-02 -0.3076206E-03 -0.3035240E+01
   04  0.1158730E+01  0.1211105E+02 -0.2082084E-02 -0.3417265E-03 -0.3035240E+01
   04  0.1174603E+01  0.1211105E+02 -0.2290087E-02 -0.3758177E-03 -0.3035241E+01
   04  0.1190476E+01  0.1211104E+02 -0.2498054E-02 -0.4098940E-03 -0.3035241E+01
   04  0.1206349E+01  0.1211104E+02 -0.2705983E-02 -0.4439554E-03 -0.3035241E+01
   04  0.1222222E+01  0.1211104E+02 -0.2913875E-02 -0.4780021E-03 -0.3035241E+01
   04  0.1238095E+01  0.1211104E+02 -0.3121730E-02 -0.5120339E-03 -0.3035241E+01
   04  0.1253968E+01  0.1211104E+02 -0.3329547E-02 -0.5460509E-03 -0.3035241E+01
   04  0.1269841E+01  0.1211104E+02 -0.3537328E-02 -0.5800531E-03 -0.3035241E+01
   04  0.1285714E+01  0.1211104E+02 -0.3745071E-02 -0.6140404E-03 -0.3035241E+01
   04  0.1301587E+01  0.1211104E+02 -0.3952776E-02 -0.6480130E-03 -0.3035241E+01
   04  0.1317460E+01  0.1211104E+02 -0.4160444E-02 -0.6819707E-03 -0.3035241E+01
   04  0.1333333E+01  0.1211104E+02 -0.4368075E-02 -0.7159136E-03 -0.3035241E+01
   04  0.1349206E+01  0.1211104E+02 -0.4575669E-02 -0.7498416E-03 -0.3035241E+01
   04  0.1365079E+01  0.1211104E+02 -0.4783225E-02 -0.7837549E-03 -0.3035241E+01
   04  0.1380952E+01  0.1211104E+02 -0.4990744E-02 -0.8176533E-03 -0.3035242E+01
   04  0.1396825E+01  0.1211104E+02 -0.5198226E-02 -0.8515368E-03 -0.3035242E+01
   04  0.1412698E+01  0.1211104E+02 -0.5405670E-02 -0.8854056E-03 -0.3035242E+01
   04  0.1428571E+01  0.1211104E+02 -0.5613077E-02 -0.9192595E-03 -0.3035242E+01
   04  0.1476190E+01  0.1211104E+02 -0.6235151E-02 -0.1020750E-02 -0.3035242E+01
   04  0.1523810E+01  0.1211104E+02 -0.6856889E-02 -0.1122107E-02 -0.3035242E+01
   04  0.1571429E+01  0.1211104E+02 -0.7478289E-02 -0.1223331E-02 -0.3035241E+01
   04  0.1619048E+01  0.1211104E+02 -0.8099353E-02 -0.1324421E-02 -0.3035241E+01
   04  0.1666667E+01  0.1211104E+02 -0.8720079E-02 -0.1425378E-02 -0.3035241E+01
   04  0.1714286E+01  0.1211104E+02 -0.9340468E-02 -0.1526202E-02 -0.3035241E+01
   04  0.1761905E+01  0.1211105E+02 -0.9960519E-02 -0.1626893E-02 -0.3035240E+01
   04  0.1809524E+01  0.1211105E+02 -0.1058023E-01 -0.1727450E-02 -0.3035240E+01
   04  0.1857143E+01  0.1211105E+02 -0.1119961E-01 -0.1827874E-02 -0.3035240E+01
   04  0.1904762E+01  0.1211105E+02 -0.1181864E-01 -0.1928164E-02 -0.3035239E+01
   04  0.1952381E+01  0.1211105E+02 -0.1243734E-01 -0.2028321E-02 -0.3035239E+01
   04  0.2000000E+01  0.1211105E+02 -0.1305570E-01 -0.2128345E-02 -0.3035238E+01
   04  0.5727919E+01  0.1211124E+02 -0.6113443E-01 -0.9748352E-02 -0.3035047E+01
   04  0.9455838E+01  0.1211178E+02 -0.1070647E+00 -0.1661533E-01 -0.3034507E+01
   04  0.1318376E+02  0.1211266E+02 -0.1507833E+00 -0.2274223E-01 -0.3033629E+01
   04  0.1691168E+02  0.1211385E+02 -0.1922601E+00 -0.2815296E-01 -0.3032431E+01
   04  0.2063960E+02  0.1211535E+02 -0.2314862E+00 -0.3287655E-01 -0.3030933E+01
   04  0.2436752E+02  0.1211713E+02 -0.2684659E+00 -0.3694056E-01 -0.3029159E+01
   04  0.2809543E+02  0.1211914E+02 -0.3032126E+00 -0.4053780E-01 -0.3027145E+01
   04  0.3182335E+02  0.1212137E+02 -0.3357298E+00 -0.4368311E-01 -0.3024911E+01
   04  0.3555127E+02  0.1212381E+02 -0.3660315E+00 -0.4637091E-01 -0.3022478E+01
   04  0.3834721E+02  0.1212576E+02 -0.3870948E+00 -0.4800770E-01 -0.3020528E+01
   04  0.4114315E+02  0.1212780E+02 -0.4069166E+00 -0.4942031E-01 -0.3018488E+01
   04  0.4393909E+02  0.1212992E+02 -0.4255015E+00 -0.5060947E-01 -0.3016367E+01
   04  0.4673503E+02  0.1213211E+02 -0.4429651E+00 -0.5147780E-01 -0.3014172E+01
   04  0.4922031E+02  0.1213410E+02 -0.4578110E+00 -0.5191263E-01 -0.3012187E+01
   04  0.5170559E+02  0.1213611E+02 -0.4720106E+00 -0.5209797E-01 -0.3010175E+01
   04  0.5419087E+02  0.1213815E+02 -0.4854706E+00 -0.5204567E-01 -0.3008132E+01
   04  0.5667615E+02  0.1214022E+02 -0.4981785E+00 -0.5176051E-01 -0.3006061E+01
   04  0.5916143E+02  0.1214232E+02 -0.5101259E+00 -0.5124695E-01 -0.3003965E+01
   04  0.6164671E+02  0.1214444E+02 -0.5213084E+00 -0.5051165E-01 -0.3001848E+01
   04  0.6413199E+02  0.1214657E+02 -0.5317249E+00 -0.4956622E-01 -0.2999711E+01
   04  0.6661727E+02  0.1214872E+02 -0.5413788E+00 -0.4832693E-01 -0.2997562E+01
   04  0.6910255E+02  0.1215088E+02 -0.5502804E+00 -0.4673594E-01 -0.2995407E+01
   04  0.7158783E+02  0.1215304E+02 -0.5584471E+00 -0.4480785E-01 -0.2993249E+01
   04  0.7407311E+02  0.1215520E+02 -0.5658982E+00 -0.4257210E-01 -0.2991090E+01
   04  0.7655838E+02  0.1215735E+02 -0.5726520E+00 -0.4004572E-01 -0.2988933E+01
   04  0.7904366E+02  0.1215951E+02 -0.5787258E+00 -0.3723936E-01 -0.2986779E+01
   04  0.8152894E+02  0.1216165E+02 -0.5841379E+00 -0.3416652E-01 -0.2984633E+01
   04  0.8401422E+02  0.1216379E+02 -0.5889069E+00 -0.3084234E-01 -0.2982497E+01
   04  0.8649950E+02  0.1216591E+02 -0.5930518E+00 -0.2728301E-01 -0.2980375E+01
   04  0.8898478E+02  0.1216802E+02 -0.5965921E+00 -0.2350524E-01 -0.2978268E+01
   04  0.9147006E+02  0.1217011E+02 -0.5995475E+00 -0.1952608E-01 -0.2976179E+01
   04  0.9445240E+02  0.1217259E+02 -0.6024174E+00 -0.1458132E-01 -0.2973700E+01
   04  0.9743473E+02  0.1217503E+02 -0.6045024E+00 -0.9394169E-02 -0.2971254E+01
   04  0.1004171E+03  0.1217744E+02 -0.6058124E+00 -0.3991346E-02 -0.2968843E+01
   04  0.1033994E+03  0.1217982E+02 -0.6063351E+00  0.1592718E-02 -0.2966465E+01
   04  0.1063817E+03  0.1218217E+02 -0.6060659E+00  0.7323856E-02 -0.2964120E+01
   04  0.1093641E+03  0.1218448E+02 -0.6050388E+00  0.1317693E-01 -0.2961809E+01
   04  0.1123464E+03  0.1218675E+02 -0.6032961E+00  0.1912675E-01 -0.2959533E+01
   04  0.1153287E+03  0.1218899E+02 -0.6008844E+00  0.2514700E-01 -0.2957294E+01
   04  0.1183111E+03  0.1219119E+02 -0.5978539E+00  0.3121148E-01 -0.2955093E+01
   04  0.1212934E+03  0.1219335E+02 -0.5942545E+00  0.3729831E-01 -0.2952932E+01
   04  0.1242758E+03  0.1219547E+02 -0.5901374E+00  0.4338800E-01 -0.2950813E+01
   04  0.1272581E+03  0.1219755E+02 -0.5855536E+00  0.4946102E-01 -0.2948737E+01
   04  0.1302404E+03  0.1219958E+02 -0.5805548E+00  0.5549886E-01 -0.2946707E+01
   04  0.1332228E+03  0.1220156E+02 -0.5751859E+00  0.6148353E-01 -0.2944723E+01
   04  0.1362051E+03  0.1220350E+02 -0.5694910E+00  0.6739743E-01 -0.2942787E+01
   04  0.1391874E+03  0.1220538E+02 -0.5635155E+00  0.7322450E-01 -0.2940903E+01
   04  0.1421698E+03  0.1220722E+02 -0.5573051E+00  0.7895006E-01 -0.2939070E+01
   04  0.1451521E+03  0.1220900E+02 -0.5509049E+00  0.8456066E-01 -0.2937290E+01
   04  0.1481344E+03  0.1221072E+02 -0.5443572E+00  0.9008410E-01 -0.2935561E+01
   04  0.1511168E+03  0.1221241E+02 -0.5376996E+00  0.9556853E-01 -0.2933880E+01
   04  0.1540991E+03  0.1221404E+02 -0.5309532E+00  0.1010073E+00 -0.2932248E+01
   04  0.1570814E+03  0.1221562E+02 -0.5241543E+00  0.1063944E+00 -0.2930665E+01
   04  0.1600638E+03  0.1221715E+02 -0.5173373E+00  0.1117010E+00 -0.2929131E+01
   04  0.1630461E+03  0.1221864E+02 -0.5105331E+00  0.1169137E+00 -0.2927646E+01
   04  0.1660284E+03  0.1222008E+02 -0.5037703E+00  0.1220308E+00 -0.2926210E+01
   04  0.1690108E+03  0.1222146E+02 -0.4970752E+00  0.1270514E+00 -0.2924825E+01
   04  0.1719931E+03  0.1222280E+02 -0.4904728E+00  0.1319758E+00 -0.2923490E+01
   04  0.1749755E+03  0.1222408E+02 -0.4839862E+00  0.1368044E+00 -0.2922206E+01
   04  0.1779578E+03  0.1222531E+02 -0.4776365E+00  0.1415386E+00 -0.2920973E+01
   04  0.1809401E+03  0.1222650E+02 -0.4714431E+00  0.1461798E+00 -0.2919790E+01
   04  0.1824313E+03  0.1222707E+02 -0.4683784E+00  0.1485248E+00 -0.2919217E+01
   04  0.1839225E+03  0.1222763E+02 -0.4653600E+00  0.1508444E+00 -0.2918656E+01
   04  0.1854136E+03  0.1222818E+02 -0.4623899E+00  0.1531389E+00 -0.2918108E+01
   04  0.1869048E+03  0.1222871E+02 -0.4594703E+00  0.1554084E+00 -0.2917572E+01
   04  0.1883960E+03  0.1222924E+02 -0.4566031E+00  0.1576531E+00 -0.2917047E+01
   04  0.1898871E+03  0.1222975E+02 -0.4537901E+00  0.1598733E+00 -0.2916534E+01
   04  0.1913783E+03  0.1223025E+02 -0.4510330E+00  0.1620690E+00 -0.2916033E+01
   04  0.1928695E+03  0.1223074E+02 -0.4483332E+00  0.1642404E+00 -0.2915543E+01
   04  0.1943606E+03  0.1223122E+02 -0.4456924E+00  0.1663876E+00 -0.2915065E+01
   04  0.1958518E+03  0.1223169E+02 -0.4431119E+00  0.1685106E+00 -0.2914597E+01
   04  0.1973430E+03  0.1223215E+02 -0.4405928E+00  0.1706094E+00 -0.2914140E+01
   04  0.1988341E+03  0.1223259E+02 -0.4381365E+00  0.1726838E+00 -0.2913694E+01
   04  0.2003253E+03  0.1223303E+02 -0.4357442E+00  0.1747336E+00 -0.2913258E+01
   04  0.2018165E+03  0.1223345E+02 -0.4334169E+00  0.1767581E+00 -0.2912832E+01
   04  0.2033076E+03  0.1223387E+02 -0.4311555E+00  0.1787601E+00 -0.2912416E+01
   04  0.2047988E+03  0.1223428E+02 -0.4289598E+00  0.1807423E+00 -0.2912010E+01
   04  0.2062900E+03  0.1223467E+02 -0.4268292E+00  0.1827057E+00 -0.2911613E+01
   04  0.2077811E+03  0.1223506E+02 -0.4247633E+00  0.1846510E+00 -0.2911227E+01
   04  0.2092723E+03  0.1223544E+02 -0.4227616E+00  0.1865794E+00 -0.2910850E+01
   04  0.2107635E+03  0.1223580E+02 -0.4208237E+00  0.1884916E+00 -0.2910482E+01
   04  0.2122546E+03  0.1223616E+02 -0.4189493E+00  0.1903886E+00 -0.2910124E+01
   04  0.2137458E+03  0.1223651E+02 -0.4171381E+00  0.1922708E+00 -0.2909775E+01
   04  0.2152370E+03  0.1223685E+02 -0.4153897E+00  0.1941390E+00 -0.2909434E+01
   04  0.2167281E+03  0.1223718E+02 -0.4137037E+00  0.1959935E+00 -0.2909102E+01
   04  0.2182193E+03  0.1223751E+02 -0.4120799E+00  0.1978348E+00 -0.2908778E+01
   04  0.2197105E+03  0.1223782E+02 -0.4105177E+00  0.1996632E+00 -0.2908463E+01
   04  0.2212017E+03  0.1223813E+02 -0.4090168E+00  0.2014788E+00 -0.2908155E+01
   04  0.2226928E+03  0.1223843E+02 -0.4075766E+00  0.2032820E+00 -0.2907855E+01
   04  0.2241840E+03  0.1223872E+02 -0.4061966E+00  0.2050728E+00 -0.2907562E+01
   04  0.2256752E+03  0.1223901E+02 -0.4048744E+00  0.2068514E+00 -0.2907277E+01
   04  0.2271663E+03  0.1223929E+02 -0.4036082E+00  0.2086176E+00 -0.2906999E+01
   04  0.2286575E+03  0.1223956E+02 -0.4023973E+00  0.2103715E+00 -0.2906728E+01
   04  0.2301487E+03  0.1223982E+02 -0.4012412E+00  0.2121129E+00 -0.2906464E+01
   04  0.2316398E+03  0.1224008E+02 -0.4001398E+00  0.2138417E+00 -0.2906206E+01
   04  0.2331310E+03  0.1224033E+02 -0.3990928E+00  0.2155575E+00 -0.2905955E+01
   04  0.2346222E+03  0.1224058E+02 -0.3981004E+00  0.2172603E+00 -0.2905710E+01
   04  0.2361133E+03  0.1224081E+02 -0.3971628E+00  0.2189519E+00 -0.2905471E+01
   04  0.2376045E+03  0.1224105E+02 -0.3962808E+00  0.2206316E+00 -0.2905238E+01
   04  0.2390957E+03  0.1224128E+02 -0.3954550E+00  0.2222987E+00 -0.2905010E+01
   04  0.2405868E+03  0.1224150E+02 -0.3946861E+00  0.2239523E+00 -0.2904787E+01
   04  0.2420780E+03  0.1224172E+02 -0.3939743E+00  0.2255916E+00 -0.2904569E+01
   04  0.2435692E+03  0.1224193E+02 -0.3933200E+00  0.2272158E+00 -0.2904356E+01
   04  0.2450603E+03  0.1224214E+02 -0.3927234E+00  0.2288238E+00 -0.2904148E+01
   04  0.2465515E+03  0.1224234E+02 -0.3921845E+00  0.2304147E+00 -0.2903943E+01
   04  0.2480427E+03  0.1224254E+02 -0.3917033E+00  0.2319876E+00 -0.2903743E+01
   04  0.2495338E+03  0.1224274E+02 -0.3912798E+00  0.2335417E+00 -0.2903547E+01
   04  0.2510250E+03  0.1224293E+02 -0.3909135E+00  0.2350766E+00 -0.2903355E+01
   04  0.2525162E+03  0.1224312E+02 -0.3906043E+00  0.2365923E+00 -0.2903166E+01
   04  0.2540073E+03  0.1224330E+02 -0.3903515E+00  0.2380888E+00 -0.2902982E+01
   04  0.2554985E+03  0.1224349E+02 -0.3901549E+00  0.2395662E+00 -0.2902800E+01
   04  0.2569897E+03  0.1224366E+02 -0.3900137E+00  0.2410246E+00 -0.2902622E+01
   04  0.2584808E+03  0.1224384E+02 -0.3899274E+00  0.2424643E+00 -0.2902447E+01
   04  0.2599720E+03  0.1224401E+02 -0.3898952E+00  0.2438852E+00 -0.2902276E+01
   04  0.2614632E+03  0.1224418E+02 -0.3899165E+00  0.2452876E+00 -0.2902107E+01
   04  0.2629543E+03  0.1224434E+02 -0.3899903E+00  0.2466711E+00 -0.2901942E+01
   04  0.2644455E+03  0.1224451E+02 -0.3901159E+00  0.2480354E+00 -0.2901779E+01
   04  0.2659367E+03  0.1224467E+02 -0.3902923E+00  0.2493801E+00 -0.2901618E+01
   04  0.2674278E+03  0.1224483E+02 -0.3905184E+00  0.2507049E+00 -0.2901460E+01
   04  0.2689190E+03  0.1224498E+02 -0.3907933E+00  0.2520094E+00 -0.2901304E+01
   04  0.2704102E+03  0.1224514E+02 -0.3911159E+00  0.2532934E+00 -0.2901150E+01
   04  0.2719014E+03  0.1224529E+02 -0.3914850E+00  0.2545563E+00 -0.2900999E+01
   04  0.2733925E+03  0.1224544E+02 -0.3918993E+00  0.2557980E+00 -0.2900848E+01
   04  0.2748837E+03  0.1224559E+02 -0.3923577E+00  0.2570180E+00 -0.2900699E+01
   04  0.2763749E+03  0.1224573E+02 -0.3928589E+00  0.2582161E+00 -0.2900552E+01
   04  0.2778660E+03  0.1224588E+02 -0.3934016E+00  0.2593918E+00 -0.2900405E+01
   04  0.2793572E+03  0.1224603E+02 -0.3939843E+00  0.2605449E+00 -0.2900260E+01
   04  0.2808484E+03  0.1224617E+02 -0.3946057E+00  0.2616751E+00 -0.2900115E+01
   04  0.2823395E+03  0.1224631E+02 -0.3952644E+00  0.2627819E+00 -0.2899971E+01
   04  0.2838307E+03  0.1224646E+02 -0.3959589E+00  0.2638651E+00 -0.2899827E+01
   04  0.2853219E+03  0.1224660E+02 -0.3966876E+00  0.2649243E+00 -0.2899683E+01
   04  0.2868130E+03  0.1224675E+02 -0.3974491E+00  0.2659592E+00 -0.2899539E+01
   04  0.2883042E+03  0.1224689E+02 -0.3982418E+00  0.2669694E+00 -0.2899395E+01
   04  0.2897954E+03  0.1224703E+02 -0.3990640E+00  0.2679545E+00 -0.2899251E+01
   04  0.2912865E+03  0.1224718E+02 -0.3999142E+00  0.2689141E+00 -0.2899106E+01
   04  0.2927777E+03  0.1224733E+02 -0.4007908E+00  0.2698479E+00 -0.2898960E+01
   04  0.2942689E+03  0.1224747E+02 -0.4016919E+00  0.2707555E+00 -0.2898813E+01
   04  0.2957600E+03  0.1224762E+02 -0.4026161E+00  0.2716367E+00 -0.2898665E+01
   04  0.2972512E+03  0.1224777E+02 -0.4035616E+00  0.2724909E+00 -0.2898515E+01
   04  0.2987424E+03  0.1224792E+02 -0.4045267E+00  0.2733180E+00 -0.2898364E+01
   04  0.3002335E+03  0.1224807E+02 -0.4055097E+00  0.2741180E+00 -0.2898211E+01
   04  0.3017247E+03  0.1224823E+02 -0.4065089E+00  0.2748908E+00 -0.2898056E+01
   04  0.3032159E+03  0.1224839E+02 -0.4075228E+00  0.2756370E+00 -0.2897899E+01
   04  0.3047070E+03  0.1224855E+02 -0.4085496E+00  0.2763558E+00 -0.2897740E+01
   04  0.3061982E+03  0.1224871E+02 -0.4095876E+00  0.2770466E+00 -0.2897578E+01
   04  0.3076894E+03  0.1224887E+02 -0.4106353E+00  0.2777085E+00 -0.2897414E+01
   04  0.3091805E+03  0.1224904E+02 -0.4116911E+00  0.2783409E+00 -0.2897247E+01
   04  0.3106717E+03  0.1224921E+02 -0.4127533E+00  0.2789429E+00 -0.2897076E+01
   04  0.3121629E+03  0.1224938E+02 -0.4138202E+00  0.2795138E+00 -0.2896902E+01
   04  0.3136540E+03  0.1224956E+02 -0.4148904E+00  0.2800528E+00 -0.2896725E+01
   04  0.3151452E+03  0.1224974E+02 -0.4159623E+00  0.2805507E+00 -0.2896543E+01
   04  0.3165017E+03  0.1224991E+02 -0.4169357E+00  0.2809672E+00 -0.2896373E+01
   04  0.3178581E+03  0.1225009E+02 -0.4179077E+00  0.2813329E+00 -0.2896200E+01
   04  0.3192146E+03  0.1225026E+02 -0.4188773E+00  0.2816468E+00 -0.2896023E+01
   04  0.3205710E+03  0.1225044E+02 -0.4198434E+00  0.2819083E+00 -0.2895843E+01
   04  0.3219275E+03  0.1225063E+02 -0.4208050E+00  0.2821165E+00 -0.2895659E+01
   04  0.3232839E+03  0.1225081E+02 -0.4217609E+00  0.2822710E+00 -0.2895472E+01
   04  0.3246404E+03  0.1225101E+02 -0.4227102E+00  0.2823710E+00 -0.2895281E+01
   04  0.3259968E+03  0.1225120E+02 -0.4236519E+00  0.2824162E+00 -0.2895085E+01
   04  0.3273533E+03  0.1225140E+02 -0.4245849E+00  0.2824059E+00 -0.2894886E+01
   04  0.3287097E+03  0.1225160E+02 -0.4255083E+00  0.2823400E+00 -0.2894682E+01
   04  0.3300662E+03  0.1225181E+02 -0.4264212E+00  0.2822179E+00 -0.2894473E+01
   04  0.3314226E+03  0.1225203E+02 -0.4273225E+00  0.2820393E+00 -0.2894260E+01
   04  0.3327791E+03  0.1225224E+02 -0.4282113E+00  0.2818037E+00 -0.2894042E+01
   04  0.3341355E+03  0.1225247E+02 -0.4290867E+00  0.2815108E+00 -0.2893819E+01
   04  0.3354920E+03  0.1225269E+02 -0.4299476E+00  0.2811601E+00 -0.2893592E+01
   04  0.3368484E+03  0.1225293E+02 -0.4307931E+00  0.2807513E+00 -0.2893359E+01
   04  0.3382049E+03  0.1225317E+02 -0.4316222E+00  0.2802841E+00 -0.2893120E+01
   04  0.3395613E+03  0.1225341E+02 -0.4324338E+00  0.2797582E+00 -0.2892876E+01
   04  0.3409178E+03  0.1225366E+02 -0.4332270E+00  0.2791733E+00 -0.2892627E+01
   04  0.3422742E+03  0.1225391E+02 -0.4340008E+00  0.2785292E+00 -0.2892372E+01
   04  0.3436307E+03  0.1225417E+02 -0.4347543E+00  0.2778256E+00 -0.2892111E+01
   04  0.3449871E+03  0.1225444E+02 -0.4354864E+00  0.2770624E+00 -0.2891844E+01
   04  0.3463436E+03  0.1225471E+02 -0.4361964E+00  0.2762395E+00 -0.2891571E+01
   04  0.3477000E+03  0.1225499E+02 -0.4368833E+00  0.2753567E+00 -0.2891291E+01
   04  0.3490565E+03  0.1225528E+02 -0.4375463E+00  0.2744141E+00 -0.2891006E+01
   04  0.3504130E+03  0.1225557E+02 -0.4381846E+00  0.2734114E+00 -0.2890713E+01
   04  0.3517694E+03  0.1225587E+02 -0.4387974E+00  0.2723488E+00 -0.2890414E+01
   04  0.3531259E+03  0.1225618E+02 -0.4393840E+00  0.2712263E+00 -0.2890108E+01
   04  0.3544823E+03  0.1225649E+02 -0.4399436E+00  0.2700439E+00 -0.2889795E+01
   04  0.3558388E+03  0.1225681E+02 -0.4404755E+00  0.2688018E+00 -0.2889475E+01
   04  0.3574665E+03  0.1225720E+02 -0.4410833E+00  0.2672244E+00 -0.2889081E+01
   04  0.3590942E+03  0.1225761E+02 -0.4416488E+00  0.2655623E+00 -0.2888677E+01
   04  0.3607220E+03  0.1225802E+02 -0.4421709E+00  0.2638162E+00 -0.2888262E+01
   04  0.3623497E+03  0.1225845E+02 -0.4426487E+00  0.2619868E+00 -0.2887836E+01
   04  0.3639775E+03  0.1225889E+02 -0.4430811E+00  0.2600750E+00 -0.2887398E+01
   04  0.3656052E+03  0.1225934E+02 -0.4434673E+00  0.2580817E+00 -0.2886948E+01
   04  0.3672329E+03  0.1225980E+02 -0.4438064E+00  0.2560076E+00 -0.2886487E+01
   04  0.3688607E+03  0.1226027E+02 -0.4440978E+00  0.2538537E+00 -0.2886014E+01
   04  0.3704884E+03  0.1226076E+02 -0.4443408E+00  0.2516209E+00 -0.2885529E+01
   04  0.3721162E+03  0.1226125E+02 -0.4445348E+00  0.2493102E+00 -0.2885031E+01
   04  0.3737439E+03  0.1226176E+02 -0.4446795E+00  0.2469224E+00 -0.2884521E+01
   04  0.3753717E+03  0.1226229E+02 -0.4447745E+00  0.2444585E+00 -0.2883998E+01
   04  0.3769994E+03  0.1226282E+02 -0.4448194E+00  0.2419197E+00 -0.2883462E+01
   04  0.3786271E+03  0.1226337E+02 -0.4448142E+00  0.2393067E+00 -0.2882913E+01
   04  0.3802549E+03  0.1226393E+02 -0.4447589E+00  0.2366207E+00 -0.2882352E+01
   04  0.3818826E+03  0.1226451E+02 -0.4446535E+00  0.2338627E+00 -0.2881777E+01
   04  0.3835104E+03  0.1226510E+02 -0.4444986E+00  0.2310336E+00 -0.2881189E+01
   04  0.3851381E+03  0.1226570E+02 -0.4442940E+00  0.2281379E+00 -0.2880587E+01
   04  0.3867658E+03  0.1226631E+02 -0.4440396E+00  0.2251773E+00 -0.2879973E+01
   04  0.3883936E+03  0.1226694E+02 -0.4437351E+00  0.2221536E+00 -0.2879346E+01
   04  0.3900213E+03  0.1226758E+02 -0.4433803E+00  0.2190684E+00 -0.2878706E+01
   04  0.3916491E+03  0.1226823E+02 -0.4429753E+00  0.2159232E+00 -0.2878052E+01
   04  0.3932768E+03  0.1226890E+02 -0.4425204E+00  0.2127194E+00 -0.2877386E+01
   04  0.3949046E+03  0.1226958E+02 -0.4420160E+00  0.2094584E+00 -0.2876706E+01
   04  0.3965323E+03  0.1227027E+02 -0.4414624E+00  0.2061416E+00 -0.2876013E+01
   04  0.3981600E+03  0.1227098E+02 -0.4408604E+00  0.2027703E+00 -0.2875307E+01
   04  0.3997878E+03  0.1227170E+02 -0.4402107E+00  0.1993458E+00 -0.2874588E+01
   04  0.4014155E+03  0.1227243E+02 -0.4395142E+00  0.1958692E+00 -0.2873855E+01
   04  0.4030433E+03  0.1227318E+02 -0.4387720E+00  0.1923417E+00 -0.2873109E+01
   04  0.4046710E+03  0.1227394E+02 -0.4379851E+00  0.1887644E+00 -0.2872350E+01
   04  0.4062987E+03  0.1227471E+02 -0.4371547E+00  0.1851377E+00 -0.2871578E+01
   04  0.4079265E+03  0.1227549E+02 -0.4362819E+00  0.1814606E+00 -0.2870792E+01
   04  0.4095542E+03  0.1227629E+02 -0.4353677E+00  0.1777339E+00 -0.2869993E+01
   04  0.4111820E+03  0.1227711E+02 -0.4344133E+00  0.1739584E+00 -0.2869180E+01
   04  0.4128097E+03  0.1227793E+02 -0.4334201E+00  0.1701350E+00 -0.2868354E+01
   04  0.4144375E+03  0.1227877E+02 -0.4323895E+00  0.1662644E+00 -0.2867515E+01
   04  0.4160652E+03  0.1227962E+02 -0.4313230E+00  0.1623475E+00 -0.2866662E+01
   04  0.4176929E+03  0.1228049E+02 -0.4302224E+00  0.1583848E+00 -0.2865796E+01
   04  0.4193207E+03  0.1228137E+02 -0.4290894E+00  0.1543770E+00 -0.2864916E+01
   04  0.4209484E+03  0.1228226E+02 -0.4279260E+00  0.1503248E+00 -0.2864023E+01
   04  0.4225762E+03  0.1228317E+02 -0.4267344E+00  0.1462287E+00 -0.2863116E+01
   04  0.4242039E+03  0.1228409E+02 -0.4255171E+00  0.1420893E+00 -0.2862196E+01
   04  0.4258316E+03  0.1228502E+02 -0.4242760E+00  0.1379072E+00 -0.2861261E+01
   04  0.4274594E+03  0.1228597E+02 -0.4230129E+00  0.1336828E+00 -0.2860313E+01
   04  0.4290871E+03  0.1228693E+02 -0.4217293E+00  0.1294168E+00 -0.2859352E+01
   04  0.4307149E+03  0.1228791E+02 -0.4204271E+00  0.1251099E+00 -0.2858376E+01
   04  0.4323426E+03  0.1228890E+02 -0.4191079E+00  0.1207632E+00 -0.2857386E+01
   04  0.4339704E+03  0.1228990E+02 -0.4177734E+00  0.1163776E+00 -0.2856383E+01
   04  0.4355981E+03  0.1229092E+02 -0.4164260E+00  0.1119470E+00 -0.2855365E+01
   04  0.4372258E+03  0.1229195E+02 -0.4150673E+00  0.1074728E+00 -0.2854333E+01
   04  0.4388536E+03  0.1229300E+02 -0.4136984E+00  0.1029612E+00 -0.2853286E+01
   04  0.4404813E+03  0.1229406E+02 -0.4123208E+00  0.9843527E-01 -0.2852227E+01
   04  0.4421091E+03  0.1229513E+02 -0.4109368E+00  0.9389398E-01 -0.2851155E+01
   04  0.4437368E+03  0.1229622E+02 -0.4095485E+00  0.8933642E-01 -0.2850070E+01
   04  0.4453645E+03  0.1229731E+02 -0.4081582E+00  0.8476170E-01 -0.2848973E+01
   04  0.4469923E+03  0.1229842E+02 -0.4067685E+00  0.8016884E-01 -0.2847862E+01
   04  0.4486200E+03  0.1229955E+02 -0.4053821E+00  0.7555682E-01 -0.2846739E+01
   04  0.4502478E+03  0.1230068E+02 -0.4040016E+00  0.7092452E-01 -0.2845602E+01
   04  0.4518755E+03  0.1230183E+02 -0.4026298E+00  0.6627077E-01 -0.2844452E+01
   04  0.4535033E+03  0.1230300E+02 -0.4012692E+00  0.6159435E-01 -0.2843289E+01
   04  0.4551310E+03  0.1230417E+02 -0.3999228E+00  0.5689396E-01 -0.2842112E+01
   04  0.4567587E+03  0.1230536E+02 -0.3985934E+00  0.5216829E-01 -0.2840922E+01
   04  0.4583865E+03  0.1230657E+02 -0.3972839E+00  0.4741599E-01 -0.2839718E+01
   04  0.4600142E+03  0.1230778E+02 -0.3959974E+00  0.4263568E-01 -0.2838502E+01
   04  0.4616420E+03  0.1230901E+02 -0.3947364E+00  0.3782333E-01 -0.2837271E+01
   04  0.4632697E+03  0.1231026E+02 -0.3935039E+00  0.3297616E-01 -0.2836028E+01
   04  0.4648974E+03  0.1231152E+02 -0.3923029E+00  0.2809236E-01 -0.2834771E+01
   04  0.4665252E+03  0.1231279E+02 -0.3911364E+00  0.2317012E-01 -0.2833500E+01
   04  0.4681529E+03  0.1231407E+02 -0.3900071E+00  0.1820768E-01 -0.2832217E+01
   04  0.4697807E+03  0.1231537E+02 -0.3889177E+00  0.1320270E-01 -0.2830920E+01
   04  0.4714084E+03  0.1231668E+02 -0.3878710E+00  0.8153317E-02 -0.2829609E+01
   04  0.4730362E+03  0.1231800E+02 -0.3868694E+00  0.3057810E-02 -0.2828285E+01
   04  0.4746639E+03  0.1231934E+02 -0.3859146E+00 -0.2085553E-02 -0.2826948E+01
   04  0.4762916E+03  0.1232069E+02 -0.3850098E+00 -0.7278333E-02 -0.2825597E+01
   04  0.4779194E+03  0.1232205E+02 -0.3841570E+00 -0.1252211E-01 -0.2824233E+01
   04  0.4795471E+03  0.1232343E+02 -0.3833584E+00 -0.1781841E-01 -0.2822854E+01
   04  0.4811749E+03  0.1232482E+02 -0.3826159E+00 -0.2316871E-01 -0.2821462E+01
   04  0.4828026E+03  0.1232623E+02 -0.3819312E+00 -0.2857441E-01 -0.2820056E+01
   04  0.4844303E+03  0.1232765E+02 -0.3813061E+00 -0.3403689E-01 -0.2818636E+01
   04  0.4860581E+03  0.1232908E+02 -0.3807422E+00 -0.3955742E-01 -0.2817202E+01
   04  0.4876858E+03  0.1233053E+02 -0.3802410E+00 -0.4513727E-01 -0.2815753E+01
   04  0.4893136E+03  0.1233200E+02 -0.3798038E+00 -0.5077759E-01 -0.2814290E+01
   04  0.4909413E+03  0.1233347E+02 -0.3794320E+00 -0.5647951E-01 -0.2812812E+01
   04  0.4925691E+03  0.1233497E+02 -0.3791268E+00 -0.6224410E-01 -0.2811319E+01
   04  0.4941968E+03  0.1233647E+02 -0.3788893E+00 -0.6807235E-01 -0.2809811E+01
   04  0.4958245E+03  0.1233800E+02 -0.3787207E+00 -0.7396520E-01 -0.2808288E+01
   04  0.4974523E+03  0.1233954E+02 -0.3786220E+00 -0.7992352E-01 -0.2806750E+01
   04  0.4990800E+03  0.1234109E+02 -0.3785942E+00 -0.8594814E-01 -0.2805195E+01
   04  0.5007078E+03  0.1234266E+02 -0.3786382E+00 -0.9203980E-01 -0.2803624E+01
   04  0.5023355E+03  0.1234425E+02 -0.3787551E+00 -0.9819922E-01 -0.2802037E+01
   04  0.5039632E+03  0.1234585E+02 -0.3789456E+00 -0.1044270E+00 -0.2800434E+01
   04  0.5055910E+03  0.1234747E+02 -0.3792108E+00 -0.1107238E+00 -0.2798813E+01
   04  0.5072187E+03  0.1234911E+02 -0.3795516E+00 -0.1170901E+00 -0.2797176E+01
   04  0.5088465E+03  0.1235077E+02 -0.3799690E+00 -0.1235264E+00 -0.2795520E+01
   04  0.5104742E+03  0.1235244E+02 -0.3804639E+00 -0.1300331E+00 -0.2793847E+01
   04  0.5121020E+03  0.1235413E+02 -0.3810374E+00 -0.1366105E+00 -0.2792155E+01
   04  0.5137297E+03  0.1235584E+02 -0.3816908E+00 -0.1432590E+00 -0.2790445E+01
   04  0.5153574E+03  0.1235757E+02 -0.3824253E+00 -0.1499786E+00 -0.2788716E+01
   04  0.5169852E+03  0.1235932E+02 -0.3832422E+00 -0.1567697E+00 -0.2786967E+01
   04  0.5186129E+03  0.1236109E+02 -0.3841431E+00 -0.1636323E+00 -0.2785198E+01
   04  0.5202407E+03  0.1236288E+02 -0.3851294E+00 -0.1705663E+00 -0.2783409E+01
   04  0.5218684E+03  0.1236469E+02 -0.3862028E+00 -0.1775719E+00 -0.2781599E+01
   04  0.5234961E+03  0.1236652E+02 -0.3873651E+00 -0.1846488E+00 -0.2779768E+01
   04  0.5251239E+03  0.1236837E+02 -0.3886182E+00 -0.1917969E+00 -0.2777915E+01
   04  0.5267516E+03  0.1237025E+02 -0.3899640E+00 -0.1990161E+00 -0.2776040E+01
   04  0.5283794E+03  0.1237214E+02 -0.3914048E+00 -0.2063061E+00 -0.2774142E+01
   04  0.5300071E+03  0.1237407E+02 -0.3929430E+00 -0.2136664E+00 -0.2772220E+01
   04  0.5316349E+03  0.1237601E+02 -0.3945810E+00 -0.2210968E+00 -0.2770275E+01
   04  0.5332626E+03  0.1237798E+02 -0.3963214E+00 -0.2285969E+00 -0.2768305E+01
   04  0.5348903E+03  0.1237997E+02 -0.3981673E+00 -0.2361660E+00 -0.2766311E+01
   04  0.5365181E+03  0.1238199E+02 -0.4001216E+00 -0.2438038E+00 -0.2764291E+01
   04  0.5381458E+03  0.1238404E+02 -0.4021877E+00 -0.2515096E+00 -0.2762244E+01
   04  0.5397736E+03  0.1238611E+02 -0.4043690E+00 -0.2592827E+00 -0.2760171E+01
   04  0.5414013E+03  0.1238822E+02 -0.4066693E+00 -0.2671226E+00 -0.2758070E+01
   04  0.5430290E+03  0.1239034E+02 -0.4090926E+00 -0.2750285E+00 -0.2755941E+01
   04  0.5446568E+03  0.1239250E+02 -0.4116432E+00 -0.2829998E+00 -0.2753783E+01
   04  0.5462845E+03  0.1239469E+02 -0.4143255E+00 -0.2910355E+00 -0.2751595E+01
   04  0.5479123E+03  0.1239691E+02 -0.4171444E+00 -0.2991350E+00 -0.2749377E+01
   04  0.5495400E+03  0.1239916E+02 -0.4201049E+00 -0.3072973E+00 -0.2747127E+01
   04  0.5511678E+03  0.1240144E+02 -0.4232125E+00 -0.3155218E+00 -0.2744846E+01
   04  0.5527955E+03  0.1240375E+02 -0.4264726E+00 -0.3238083E+00 -0.2742531E+01
   04  0.5544232E+03  0.1240610E+02 -0.4298909E+00 -0.3321592E+00 -0.2740183E+01
   04  0.5560510E+03  0.1240848E+02 -0.4334726E+00 -0.3405721E+00 -0.2737801E+01
   04  0.5576787E+03  0.1241090E+02 -0.4372237E+00 -0.3490444E+00 -0.2735384E+01
   04  0.5593065E+03  0.1241335E+02 -0.4411504E+00 -0.3575734E+00 -0.2732931E+01
   04  0.5609342E+03  0.1241584E+02 -0.4452592E+00 -0.3661560E+00 -0.2730442E+01
   04  0.5625619E+03  0.1241837E+02 -0.4495573E+00 -0.3747903E+00 -0.2727914E+01
   04  0.5641897E+03  0.1242094E+02 -0.4540519E+00 -0.3834739E+00 -0.2725348E+01
   04  0.5658174E+03  0.1242354E+02 -0.4587508E+00 -0.3922045E+00 -0.2722742E+01
   04  0.5674452E+03  0.1242619E+02 -0.4636623E+00 -0.4009796E+00 -0.2720095E+01
   04  0.5690729E+03  0.1242888E+02 -0.4687950E+00 -0.4097974E+00 -0.2717406E+01
   04  0.5707007E+03  0.1243161E+02 -0.4741578E+00 -0.4186559E+00 -0.2714674E+01
   04  0.5723284E+03  0.1243439E+02 -0.4797602E+00 -0.4275533E+00 -0.2711898E+01
   04  0.5739561E+03  0.1243721E+02 -0.4856118E+00 -0.4364880E+00 -0.2709077E+01
   04  0.5755839E+03  0.1244008E+02 -0.4917228E+00 -0.4454586E+00 -0.2706208E+01
   04  0.5772116E+03  0.1244299E+02 -0.4981038E+00 -0.4544640E+00 -0.2703291E+01
   04  0.5788394E+03  0.1244596E+02 -0.5047657E+00 -0.4635031E+00 -0.2700325E+01
   04  0.5804671E+03  0.1244898E+02 -0.5117198E+00 -0.4725751E+00 -0.2697308E+01
   04  0.5820948E+03  0.1245205E+02 -0.5189777E+00 -0.4816793E+00 -0.2694238E+01
   04  0.5837226E+03  0.1245517E+02 -0.5265514E+00 -0.4908154E+00 -0.2691114E+01
   04  0.5853503E+03  0.1245835E+02 -0.5344533E+00 -0.4999832E+00 -0.2687935E+01
   04  0.5869781E+03  0.1246159E+02 -0.5426959E+00 -0.5091826E+00 -0.2684699E+01
   04  0.5886058E+03  0.1246488E+02 -0.5512919E+00 -0.5184138E+00 -0.2681403E+01
   04  0.5902336E+03  0.1246824E+02 -0.5602547E+00 -0.5276772E+00 -0.2678048E+01
   04  0.5918613E+03  0.1247166E+02 -0.5695973E+00 -0.5369734E+00 -0.2674630E+01
   04  0.5934890E+03  0.1247514E+02 -0.5793332E+00 -0.5463030E+00 -0.2671147E+01
   04  0.5951168E+03  0.1247869E+02 -0.5894762E+00 -0.5556670E+00 -0.2667600E+01
   04  0.5967445E+03  0.1248230E+02 -0.6000398E+00 -0.5650664E+00 -0.2663984E+01
   04  0.5983723E+03  0.1248599E+02 -0.6110379E+00 -0.5745024E+00 -0.2660299E+01
