# gauge_id= 205 location=( -0.1242068000E+03  0.4176000000E+02 ) num_var=  4
# Stationary gauge
# level, time, q[  1  2  3], eta, aux[]
# file format ascii, time series follow in this file
   04  0.0000000E+00  0.1402199E+02  0.0000000E+00  0.0000000E+00  0.0000000E+00
   04  0.1000000E+01  0.1402199E+02  0.2166420E-15 -0.7962857E-16 -0.2960987E+01
   04  0.1015873E+01  0.1402199E+02 -0.2642158E-03 -0.5915282E-04 -0.2960987E+01
   04  0.1031746E+01  0.1402199E+02 -0.5284541E-03 -0.1183066E-03 -0.2960987E+01
   04  0.1047619E+01  0.1402199E+02 -0.7927148E-03 -0.1774612E-03 -0.2960987E+01
   04  0.1063492E+01  0.1402199E+02 -0.1056998E-02 -0.2366168E-03 -0.2960987E+01
   04  0.1079365E+01  0.1402199E+02 -0.1321303E-02 -0.2957733E-03 -0.2960987E+01
   04  0.1095238E+01  0.1402199E+02 -0.1585631E-02 -0.3549307E-03 -0.2960988E+01
   04  0.1111111E+01  0.1402199E+02 -0.1849981E-02 -0.4140890E-03 -0.2960988E+01
   04  0.1126984E+01  0.1402199E+02 -0.2114354E-02 -0.4732481E-03 -0.2960988E+01
   04  0.1142857E+01  0.1402199E+02 -0.2378748E-02 -0.5324081E-03 -0.2960988E+01
   04  0.1158730E+01  0.1402199E+02 -0.2643165E-02 -0.5915690E-03 -0.2960988E+01
   04  0.1174603E+01  0.1402199E+02 -0.2907604E-02 -0.6507307E-03 -0.2960989E+01
   04  0.1190476E+01  0.1402199E+02 -0.3172065E-02 -0.7098933E-03 -0.2960989E+01
   04  0.1206349E+01  0.1402199E+02 -0.3436548E-02 -0.7690567E-03 -0.2960989E+01
   04  0.1222222E+01  0.1402199E+02 -0.3701054E-02 -0.8282209E-03 -0.2960989E+01
   04  0.1238095E+01  0.1402199E+02 -0.3965581E-02 -0.8873859E-03 -0.2960989E+01
   04  0.1253968E+01  0.1402198E+02 -0.4230130E-02 -0.9465518E-03 -0.2960990E+01
   04  0.1269841E+01  0.1402198E+02 -0.4494701E-02 -0.1005718E-02 -0.2960990E+01
   04  0.1285714E+01  0.1402198E+02 -0.4759295E-02 -0.1064886E-02 -0.2960990E+01
   04  0.1301587E+01  0.1402198E+02 -0.5023910E-02 -0.1124054E-02 -0.2960990E+01
   04  0.1317460E+01  0.1402198E+02 -0.5288547E-02 -0.1183223E-02 -0.2960991E+01
   04  0.1333333E+01  0.1402198E+02 -0.5553206E-02 -0.1242393E-02 -0.2960991E+01
   04  0.1349206E+01  0.1402198E+02 -0.5817887E-02 -0.1301563E-02 -0.2960991E+01
   04  0.1365079E+01  0.1402198E+02 -0.6082589E-02 -0.1360734E-02 -0.2960991E+01
   04  0.1380952E+01  0.1402198E+02 -0.6347313E-02 -0.1419906E-02 -0.2960992E+01
   04  0.1396825E+01  0.1402198E+02 -0.6612059E-02 -0.1479079E-02 -0.2960992E+01
   04  0.1412698E+01  0.1402198E+02 -0.6876827E-02 -0.1538252E-02 -0.2960992E+01
   04  0.1428571E+01  0.1402198E+02 -0.7141616E-02 -0.1597426E-02 -0.2960992E+01
   04  0.1476190E+01  0.1402198E+02 -0.7936044E-02 -0.1774960E-02 -0.2960993E+01
   04  0.1523810E+01  0.1402198E+02 -0.8730665E-02 -0.1952500E-02 -0.2960994E+01
   04  0.1571429E+01  0.1402198E+02 -0.9525480E-02 -0.2130046E-02 -0.2960995E+01
   04  0.1619048E+01  0.1402198E+02 -0.1032049E-01 -0.2307598E-02 -0.2960996E+01
   04  0.1666667E+01  0.1402198E+02 -0.1111568E-01 -0.2485154E-02 -0.2960997E+01
   04  0.1714286E+01  0.1402198E+02 -0.1191107E-01 -0.2662716E-02 -0.2960998E+01
   04  0.1761905E+01  0.1402198E+02 -0.1270665E-01 -0.2840283E-02 -0.2960999E+01
   04  0.1809524E+01  0.1402197E+02 -0.1350242E-01 -0.3017854E-02 -0.2961000E+01
   04  0.1857143E+01  0.1402197E+02 -0.1429837E-01 -0.3195429E-02 -0.2961001E+01
   04  0.1904762E+01  0.1402197E+02 -0.1509452E-01 -0.3373008E-02 -0.2961002E+01
   04  0.1952381E+01  0.1402197E+02 -0.1589084E-01 -0.3550591E-02 -0.2961003E+01
   04  0.2000000E+01  0.1402197E+02 -0.1668736E-01 -0.3728178E-02 -0.2961004E+01
   04  0.5727919E+01  0.1402183E+02 -0.7898301E-01 -0.1769381E-01 -0.2961144E+01
   04  0.9455838E+01  0.1402151E+02 -0.1421586E+00 -0.3158849E-01 -0.2961469E+01
   04  0.1318376E+02  0.1402103E+02 -0.2057531E+00 -0.4531012E-01 -0.2961946E+01
   04  0.1691168E+02  0.1402043E+02 -0.2692911E+00 -0.5875971E-01 -0.2962543E+01
   04  0.2063960E+02  0.1401975E+02 -0.3323073E+00 -0.7183912E-01 -0.2963226E+01
   04  0.2436752E+02  0.1401901E+02 -0.3943653E+00 -0.8445063E-01 -0.2963962E+01
   04  0.2809543E+02  0.1401825E+02 -0.4550854E+00 -0.9649684E-01 -0.2964720E+01
   04  0.3182335E+02  0.1401750E+02 -0.5141461E+00 -0.1078803E+00 -0.2965473E+01
   04  0.3555127E+02  0.1401677E+02 -0.5712739E+00 -0.1185382E+00 -0.2966200E+01
   04  0.3834721E+02  0.1401623E+02 -0.6127016E+00 -0.1262763E+00 -0.2966743E+01
   04  0.4114315E+02  0.1401572E+02 -0.6528330E+00 -0.1336949E+00 -0.2967259E+01
   04  0.4393909E+02  0.1401523E+02 -0.6916170E+00 -0.1407368E+00 -0.2967740E+01
   04  0.4673503E+02  0.1401480E+02 -0.7289256E+00 -0.1473591E+00 -0.2968171E+01
   04  0.4922031E+02  0.1401449E+02 -0.7605421E+00 -0.1528532E+00 -0.2968488E+01
   04  0.5170559E+02  0.1401423E+02 -0.7907850E+00 -0.1579639E+00 -0.2968745E+01
   04  0.5419087E+02  0.1401403E+02 -0.8197048E+00 -0.1626836E+00 -0.2968944E+01
   04  0.5667615E+02  0.1401389E+02 -0.8473501E+00 -0.1670096E+00 -0.2969088E+01
   04  0.5916143E+02  0.1401380E+02 -0.8737669E+00 -0.1709400E+00 -0.2969179E+01
   04  0.6164671E+02  0.1401376E+02 -0.8989997E+00 -0.1744736E+00 -0.2969218E+01
   04  0.6413199E+02  0.1401376E+02 -0.9230830E+00 -0.1776697E+00 -0.2969212E+01
   04  0.6661727E+02  0.1401381E+02 -0.9460455E+00 -0.1805128E+00 -0.2969162E+01
   04  0.6910255E+02  0.1401391E+02 -0.9679177E+00 -0.1829923E+00 -0.2969069E+01
   04  0.7158783E+02  0.1401404E+02 -0.9887273E+00 -0.1851133E+00 -0.2968933E+01
   04  0.7407311E+02  0.1401422E+02 -0.1008503E+01 -0.1868831E+00 -0.2968757E+01
   04  0.7655838E+02  0.1401443E+02 -0.1027274E+01 -0.1883104E+00 -0.2968541E+01
   04  0.7904366E+02  0.1401469E+02 -0.1045064E+01 -0.1894050E+00 -0.2968287E+01
   04  0.8152894E+02  0.1401498E+02 -0.1061897E+01 -0.1901765E+00 -0.2967995E+01
   04  0.8401422E+02  0.1401531E+02 -0.1077796E+01 -0.1906346E+00 -0.2967667E+01
   04  0.8649950E+02  0.1401567E+02 -0.1092783E+01 -0.1907882E+00 -0.2967303E+01
   04  0.8898478E+02  0.1401607E+02 -0.1106880E+01 -0.1906457E+00 -0.2966903E+01
   04  0.9147006E+02  0.1401651E+02 -0.1120106E+01 -0.1902147E+00 -0.2966468E+01
   04  0.9445240E+02  0.1401707E+02 -0.1134913E+01 -0.1893368E+00 -0.2965904E+01
   04  0.9743473E+02  0.1401769E+02 -0.1148527E+01 -0.1880829E+00 -0.2965289E+01
   04  0.1004171E+03  0.1401835E+02 -0.1161093E+01 -0.1865505E+00 -0.2964625E+01
   04  0.1033994E+03  0.1401904E+02 -0.1172869E+01 -0.1847522E+00 -0.2963932E+01
   04  0.1063817E+03  0.1401977E+02 -0.1183889E+01 -0.1826955E+00 -0.2963208E+01
   04  0.1093641E+03  0.1402052E+02 -0.1194184E+01 -0.1803869E+00 -0.2962452E+01
   04  0.1123464E+03  0.1402131E+02 -0.1203781E+01 -0.1778391E+00 -0.2961664E+01
   04  0.1153287E+03  0.1402213E+02 -0.1212701E+01 -0.1750646E+00 -0.2960844E+01
   04  0.1183111E+03  0.1402299E+02 -0.1220960E+01 -0.1720139E+00 -0.2959985E+01
   04  0.1212934E+03  0.1402389E+02 -0.1228570E+01 -0.1686959E+00 -0.2959087E+01
   04  0.1242758E+03  0.1402482E+02 -0.1235547E+01 -0.1651611E+00 -0.2958153E+01
   04  0.1272581E+03  0.1402579E+02 -0.1241908E+01 -0.1614229E+00 -0.2957185E+01
   04  0.1302404E+03  0.1402679E+02 -0.1247654E+01 -0.1574948E+00 -0.2956183E+01
   04  0.1332228E+03  0.1402782E+02 -0.1252781E+01 -0.1533938E+00 -0.2955152E+01
   04  0.1362051E+03  0.1402888E+02 -0.1257305E+01 -0.1491380E+00 -0.2954090E+01
   04  0.1391874E+03  0.1402997E+02 -0.1261242E+01 -0.1447442E+00 -0.2953000E+01
   04  0.1421698E+03  0.1403109E+02 -0.1264611E+01 -0.1402299E+00 -0.2951880E+01
   04  0.1451521E+03  0.1403224E+02 -0.1267434E+01 -0.1356151E+00 -0.2950733E+01
   04  0.1481344E+03  0.1403342E+02 -0.1269729E+01 -0.1309201E+00 -0.2949559E+01
   04  0.1511168E+03  0.1403461E+02 -0.1271515E+01 -0.1261651E+00 -0.2948360E+01
   04  0.1540991E+03  0.1403584E+02 -0.1272796E+01 -0.1213463E+00 -0.2947138E+01
   04  0.1570814E+03  0.1403708E+02 -0.1273588E+01 -0.1164586E+00 -0.2945895E+01
   04  0.1600638E+03  0.1403834E+02 -0.1273911E+01 -0.1115140E+00 -0.2944633E+01
   04  0.1630461E+03  0.1403962E+02 -0.1273789E+01 -0.1065193E+00 -0.2943354E+01
   04  0.1660284E+03  0.1404092E+02 -0.1273252E+01 -0.1014761E+00 -0.2942058E+01
   04  0.1690108E+03  0.1404223E+02 -0.1272334E+01 -0.9640080E-01 -0.2940748E+01
   04  0.1719931E+03  0.1404355E+02 -0.1271071E+01 -0.9130232E-01 -0.2939426E+01
   04  0.1749755E+03  0.1404488E+02 -0.1269503E+01 -0.8619031E-01 -0.2938095E+01
   04  0.1779578E+03  0.1404622E+02 -0.1267671E+01 -0.8107372E-01 -0.2936758E+01
   04  0.1809401E+03  0.1404756E+02 -0.1265616E+01 -0.7596127E-01 -0.2935417E+01
   04  0.1824313E+03  0.1404823E+02 -0.1264520E+01 -0.7342772E-01 -0.2934745E+01
   04  0.1839225E+03  0.1404890E+02 -0.1263384E+01 -0.7089730E-01 -0.2934073E+01
   04  0.1854136E+03  0.1404957E+02 -0.1262214E+01 -0.6837112E-01 -0.2933401E+01
   04  0.1869048E+03  0.1405024E+02 -0.1261016E+01 -0.6585030E-01 -0.2932730E+01
   04  0.1883960E+03  0.1405091E+02 -0.1259794E+01 -0.6333608E-01 -0.2932060E+01
   04  0.1898871E+03  0.1405158E+02 -0.1258552E+01 -0.6082973E-01 -0.2931391E+01
   04  0.1913783E+03  0.1405225E+02 -0.1257296E+01 -0.5833249E-01 -0.2930723E+01
   04  0.1928695E+03  0.1405292E+02 -0.1256030E+01 -0.5584562E-01 -0.2930057E+01
   04  0.1943606E+03  0.1405358E+02 -0.1254759E+01 -0.5337050E-01 -0.2929394E+01
   04  0.1958518E+03  0.1405424E+02 -0.1253487E+01 -0.5090861E-01 -0.2928733E+01
   04  0.1973430E+03  0.1405490E+02 -0.1252218E+01 -0.4846167E-01 -0.2928075E+01
   04  0.1988341E+03  0.1405555E+02 -0.1250956E+01 -0.4603170E-01 -0.2927420E+01
   04  0.2003253E+03  0.1405621E+02 -0.1249706E+01 -0.4362115E-01 -0.2926768E+01
   04  0.2018165E+03  0.1405686E+02 -0.1248471E+01 -0.4123304E-01 -0.2926119E+01
   04  0.2033076E+03  0.1405750E+02 -0.1247254E+01 -0.3883162E-01 -0.2925477E+01
   04  0.2047988E+03  0.1405813E+02 -0.1246061E+01 -0.3639620E-01 -0.2924844E+01
   04  0.2062900E+03  0.1405876E+02 -0.1244895E+01 -0.3393320E-01 -0.2924218E+01
   04  0.2077811E+03  0.1405937E+02 -0.1243763E+01 -0.3144814E-01 -0.2923601E+01
   04  0.2092723E+03  0.1405998E+02 -0.1242666E+01 -0.2894582E-01 -0.2922992E+01
   04  0.2107635E+03  0.1406058E+02 -0.1241610E+01 -0.2643043E-01 -0.2922390E+01
   04  0.2122546E+03  0.1406118E+02 -0.1240598E+01 -0.2390568E-01 -0.2921795E+01
   04  0.2137458E+03  0.1406177E+02 -0.1239631E+01 -0.2137488E-01 -0.2921209E+01
   04  0.2152370E+03  0.1406235E+02 -0.1238714E+01 -0.1884099E-01 -0.2920629E+01
   04  0.2167281E+03  0.1406292E+02 -0.1237847E+01 -0.1630673E-01 -0.2920057E+01
   04  0.2182193E+03  0.1406348E+02 -0.1237033E+01 -0.1377458E-01 -0.2919492E+01
   04  0.2197105E+03  0.1406404E+02 -0.1236273E+01 -0.1124684E-01 -0.2918935E+01
   04  0.2212017E+03  0.1406459E+02 -0.1235570E+01 -0.8725660E-02 -0.2918385E+01
   04  0.2226928E+03  0.1406513E+02 -0.1234923E+01 -0.6213111E-02 -0.2917842E+01
   04  0.2241840E+03  0.1406567E+02 -0.1234333E+01 -0.3711176E-02 -0.2917307E+01
   04  0.2256752E+03  0.1406620E+02 -0.1233798E+01 -0.1221847E-02 -0.2916779E+01
   04  0.2271663E+03  0.1406672E+02 -0.1233320E+01  0.1254749E-02 -0.2916258E+01
   04  0.2286575E+03  0.1406723E+02 -0.1232902E+01  0.3717469E-02 -0.2915745E+01
   04  0.2301487E+03  0.1406774E+02 -0.1232547E+01  0.6164886E-02 -0.2915239E+01
   04  0.2316398E+03  0.1406823E+02 -0.1232258E+01  0.8595699E-02 -0.2914740E+01
   04  0.2331310E+03  0.1406873E+02 -0.1232037E+01  0.1100891E-01 -0.2914247E+01
   04  0.2346222E+03  0.1406921E+02 -0.1231884E+01  0.1341074E-01 -0.2913761E+01
   04  0.2361133E+03  0.1406970E+02 -0.1231802E+01  0.1582781E-01 -0.2913278E+01
   04  0.2376045E+03  0.1407017E+02 -0.1231788E+01  0.1825862E-01 -0.2912800E+01
   04  0.2390957E+03  0.1407065E+02 -0.1231844E+01  0.2070151E-01 -0.2912327E+01
   04  0.2405868E+03  0.1407112E+02 -0.1231969E+01  0.2315468E-01 -0.2911857E+01
   04  0.2420780E+03  0.1407158E+02 -0.1232163E+01  0.2561624E-01 -0.2911392E+01
   04  0.2435692E+03  0.1407204E+02 -0.1232424E+01  0.2808420E-01 -0.2910931E+01
   04  0.2450603E+03  0.1407250E+02 -0.1232753E+01  0.3055650E-01 -0.2910475E+01
   04  0.2465515E+03  0.1407295E+02 -0.1233149E+01  0.3303103E-01 -0.2910023E+01
   04  0.2480427E+03  0.1407340E+02 -0.1233610E+01  0.3550569E-01 -0.2909576E+01
   04  0.2495338E+03  0.1407384E+02 -0.1234133E+01  0.3797817E-01 -0.2909133E+01
   04  0.2510250E+03  0.1407428E+02 -0.1234706E+01  0.4044579E-01 -0.2908693E+01
   04  0.2525162E+03  0.1407472E+02 -0.1235330E+01  0.4290577E-01 -0.2908257E+01
   04  0.2540073E+03  0.1407515E+02 -0.1236004E+01  0.4535540E-01 -0.2907825E+01
   04  0.2554985E+03  0.1407558E+02 -0.1236730E+01  0.4779214E-01 -0.2907397E+01
   04  0.2569897E+03  0.1407600E+02 -0.1237505E+01  0.5021365E-01 -0.2906972E+01
   04  0.2584808E+03  0.1407642E+02 -0.1238331E+01  0.5261767E-01 -0.2906552E+01
   04  0.2599720E+03  0.1407684E+02 -0.1239208E+01  0.5500020E-01 -0.2906135E+01
   04  0.2614632E+03  0.1407725E+02 -0.1240135E+01  0.5735836E-01 -0.2905721E+01
   04  0.2629543E+03  0.1407766E+02 -0.1241112E+01  0.5969019E-01 -0.2905312E+01
   04  0.2644455E+03  0.1407807E+02 -0.1242139E+01  0.6199381E-01 -0.2904906E+01
   04  0.2659367E+03  0.1407847E+02 -0.1243217E+01  0.6426746E-01 -0.2904504E+01
   04  0.2674278E+03  0.1407887E+02 -0.1244345E+01  0.6650952E-01 -0.2904105E+01
   04  0.2689190E+03  0.1407926E+02 -0.1245523E+01  0.6871845E-01 -0.2903710E+01
   04  0.2704102E+03  0.1407966E+02 -0.1246750E+01  0.7089283E-01 -0.2903319E+01
   04  0.2719014E+03  0.1408004E+02 -0.1248026E+01  0.7303130E-01 -0.2902931E+01
   04  0.2733925E+03  0.1408043E+02 -0.1249351E+01  0.7513264E-01 -0.2902546E+01
   04  0.2748837E+03  0.1408081E+02 -0.1250724E+01  0.7719698E-01 -0.2902165E+01
   04  0.2763749E+03  0.1408119E+02 -0.1252144E+01  0.7922384E-01 -0.2901788E+01
   04  0.2778660E+03  0.1408156E+02 -0.1253611E+01  0.8121226E-01 -0.2901414E+01
   04  0.2793572E+03  0.1408193E+02 -0.1255123E+01  0.8316134E-01 -0.2901043E+01
   04  0.2808484E+03  0.1408230E+02 -0.1256680E+01  0.8507020E-01 -0.2900676E+01
   04  0.2823395E+03  0.1408266E+02 -0.1258280E+01  0.8693800E-01 -0.2900311E+01
   04  0.2838307E+03  0.1408302E+02 -0.1259923E+01  0.8876395E-01 -0.2899950E+01
   04  0.2853219E+03  0.1408338E+02 -0.1261608E+01  0.9054784E-01 -0.2899591E+01
   04  0.2868130E+03  0.1408374E+02 -0.1263333E+01  0.9228978E-01 -0.2899235E+01
   04  0.2883042E+03  0.1408409E+02 -0.1265098E+01  0.9398911E-01 -0.2898882E+01
   04  0.2897954E+03  0.1408444E+02 -0.1266901E+01  0.9564517E-01 -0.2898531E+01
   04  0.2912865E+03  0.1408479E+02 -0.1268741E+01  0.9725732E-01 -0.2898182E+01
   04  0.2927777E+03  0.1408514E+02 -0.1270616E+01  0.9882492E-01 -0.2897835E+01
   04  0.2942689E+03  0.1408548E+02 -0.1272525E+01  0.1003473E+00 -0.2897490E+01
   04  0.2957600E+03  0.1408583E+02 -0.1274467E+01  0.1018239E+00 -0.2897147E+01
   04  0.2972512E+03  0.1408617E+02 -0.1276440E+01  0.1032540E+00 -0.2896805E+01
   04  0.2987424E+03  0.1408651E+02 -0.1278443E+01  0.1046370E+00 -0.2896464E+01
   04  0.3002335E+03  0.1408685E+02 -0.1280474E+01  0.1059725E+00 -0.2896125E+01
   04  0.3017247E+03  0.1408719E+02 -0.1282532E+01  0.1072601E+00 -0.2895786E+01
   04  0.3032159E+03  0.1408753E+02 -0.1284615E+01  0.1084993E+00 -0.2895448E+01
   04  0.3047070E+03  0.1408786E+02 -0.1286721E+01  0.1096898E+00 -0.2895111E+01
   04  0.3061982E+03  0.1408820E+02 -0.1288849E+01  0.1108311E+00 -0.2894774E+01
   04  0.3076894E+03  0.1408854E+02 -0.1290997E+01  0.1119228E+00 -0.2894437E+01
   04  0.3091805E+03  0.1408888E+02 -0.1293162E+01  0.1129643E+00 -0.2894099E+01
   04  0.3106717E+03  0.1408921E+02 -0.1295343E+01  0.1139554E+00 -0.2893761E+01
   04  0.3121629E+03  0.1408955E+02 -0.1297538E+01  0.1148953E+00 -0.2893422E+01
   04  0.3136540E+03  0.1408989E+02 -0.1299744E+01  0.1157835E+00 -0.2893082E+01
   04  0.3151452E+03  0.1409023E+02 -0.1301961E+01  0.1166195E+00 -0.2892741E+01
   04  0.3165017E+03  0.1409054E+02 -0.1303982E+01  0.1173324E+00 -0.2892430E+01
   04  0.3178581E+03  0.1409086E+02 -0.1306008E+01  0.1180013E+00 -0.2892116E+01
   04  0.3192146E+03  0.1409117E+02 -0.1308038E+01  0.1186255E+00 -0.2891801E+01
   04  0.3205710E+03  0.1409149E+02 -0.1310070E+01  0.1192062E+00 -0.2891485E+01
   04  0.3219275E+03  0.1409181E+02 -0.1312103E+01  0.1197433E+00 -0.2891166E+01
   04  0.3232839E+03  0.1409213E+02 -0.1314135E+01  0.1202364E+00 -0.2890845E+01
   04  0.3246404E+03  0.1409245E+02 -0.1316164E+01  0.1206847E+00 -0.2890522E+01
   04  0.3259968E+03  0.1409278E+02 -0.1318189E+01  0.1210878E+00 -0.2890195E+01
   04  0.3273533E+03  0.1409311E+02 -0.1320209E+01  0.1214450E+00 -0.2889867E+01
   04  0.3287097E+03  0.1409344E+02 -0.1322221E+01  0.1217556E+00 -0.2889535E+01
   04  0.3300662E+03  0.1409377E+02 -0.1324225E+01  0.1220188E+00 -0.2889200E+01
   04  0.3314226E+03  0.1409411E+02 -0.1326237E+01  0.1222438E+00 -0.2888864E+01
   04  0.3327791E+03  0.1409445E+02 -0.1328258E+01  0.1224357E+00 -0.2888527E+01
   04  0.3341355E+03  0.1409479E+02 -0.1330286E+01  0.1225938E+00 -0.2888189E+01
   04  0.3354920E+03  0.1409512E+02 -0.1332321E+01  0.1227175E+00 -0.2887850E+01
   04  0.3368484E+03  0.1409547E+02 -0.1334363E+01  0.1228062E+00 -0.2887509E+01
   04  0.3382049E+03  0.1409581E+02 -0.1336410E+01  0.1228590E+00 -0.2887167E+01
   04  0.3395613E+03  0.1409615E+02 -0.1338462E+01  0.1228754E+00 -0.2886823E+01
   04  0.3409178E+03  0.1409650E+02 -0.1340518E+01  0.1228545E+00 -0.2886477E+01
   04  0.3422742E+03  0.1409685E+02 -0.1342577E+01  0.1227955E+00 -0.2886129E+01
   04  0.3436307E+03  0.1409720E+02 -0.1344638E+01  0.1226979E+00 -0.2885778E+01
   04  0.3449871E+03  0.1409755E+02 -0.1346702E+01  0.1225608E+00 -0.2885425E+01
   04  0.3463436E+03  0.1409791E+02 -0.1348766E+01  0.1223833E+00 -0.2885068E+01
   04  0.3477000E+03  0.1409827E+02 -0.1350829E+01  0.1221644E+00 -0.2884708E+01
   04  0.3490565E+03  0.1409863E+02 -0.1352890E+01  0.1219030E+00 -0.2884345E+01
   04  0.3504130E+03  0.1409900E+02 -0.1354944E+01  0.1215982E+00 -0.2883978E+01
   04  0.3517694E+03  0.1409937E+02 -0.1356987E+01  0.1212486E+00 -0.2883607E+01
   04  0.3531259E+03  0.1409974E+02 -0.1359018E+01  0.1208532E+00 -0.2883233E+01
   04  0.3544823E+03  0.1410012E+02 -0.1361035E+01  0.1204107E+00 -0.2882854E+01
   04  0.3558388E+03  0.1410050E+02 -0.1363036E+01  0.1199198E+00 -0.2882471E+01
   04  0.3574665E+03  0.1410097E+02 -0.1365412E+01  0.1192690E+00 -0.2882005E+01
   04  0.3590942E+03  0.1410144E+02 -0.1367759E+01  0.1185436E+00 -0.2881531E+01
   04  0.3607220E+03  0.1410192E+02 -0.1370074E+01  0.1177409E+00 -0.2881050E+01
   04  0.3623497E+03  0.1410241E+02 -0.1372353E+01  0.1168584E+00 -0.2880560E+01
   04  0.3639775E+03  0.1410291E+02 -0.1374593E+01  0.1158934E+00 -0.2880061E+01
   04  0.3656052E+03  0.1410342E+02 -0.1376792E+01  0.1148432E+00 -0.2879553E+01
   04  0.3672329E+03  0.1410394E+02 -0.1378946E+01  0.1137049E+00 -0.2879035E+01
   04  0.3688607E+03  0.1410447E+02 -0.1381052E+01  0.1124757E+00 -0.2878505E+01
   04  0.3704884E+03  0.1410501E+02 -0.1383108E+01  0.1111525E+00 -0.2877965E+01
   04  0.3721162E+03  0.1410556E+02 -0.1385111E+01  0.1097322E+00 -0.2877413E+01
   04  0.3737439E+03  0.1410613E+02 -0.1387059E+01  0.1082117E+00 -0.2876848E+01
   04  0.3753717E+03  0.1410670E+02 -0.1388949E+01  0.1065879E+00 -0.2876271E+01
   04  0.3769994E+03  0.1410729E+02 -0.1390780E+01  0.1048573E+00 -0.2875680E+01
   04  0.3786271E+03  0.1410790E+02 -0.1392549E+01  0.1030167E+00 -0.2875075E+01
   04  0.3802549E+03  0.1410852E+02 -0.1394254E+01  0.1010624E+00 -0.2874456E+01
   04  0.3818826E+03  0.1410915E+02 -0.1395895E+01  0.9898826E-01 -0.2873823E+01
   04  0.3835104E+03  0.1410980E+02 -0.1397469E+01  0.9678823E-01 -0.2873173E+01
   04  0.3851381E+03  0.1411046E+02 -0.1398976E+01  0.9449839E-01 -0.2872510E+01
   04  0.3867658E+03  0.1411114E+02 -0.1400418E+01  0.9211721E-01 -0.2871835E+01
   04  0.3883936E+03  0.1411183E+02 -0.1401795E+01  0.8964799E-01 -0.2871147E+01
   04  0.3900213E+03  0.1411253E+02 -0.1403109E+01  0.8709801E-01 -0.2870443E+01
   04  0.3916491E+03  0.1411325E+02 -0.1404362E+01  0.8446540E-01 -0.2869724E+01
   04  0.3932768E+03  0.1411398E+02 -0.1405555E+01  0.8174692E-01 -0.2868990E+01
   04  0.3949046E+03  0.1411474E+02 -0.1406690E+01  0.7893922E-01 -0.2868239E+01
   04  0.3965323E+03  0.1411550E+02 -0.1407768E+01  0.7603890E-01 -0.2867471E+01
   04  0.3981600E+03  0.1411629E+02 -0.1408792E+01  0.7304244E-01 -0.2866686E+01
   04  0.3997878E+03  0.1411709E+02 -0.1409762E+01  0.6994618E-01 -0.2865884E+01
   04  0.4014155E+03  0.1411791E+02 -0.1410681E+01  0.6674631E-01 -0.2865064E+01
   04  0.4030433E+03  0.1411875E+02 -0.1411550E+01  0.6343878E-01 -0.2864227E+01
   04  0.4046710E+03  0.1411960E+02 -0.1412372E+01  0.6002155E-01 -0.2863370E+01
   04  0.4062987E+03  0.1412048E+02 -0.1413148E+01  0.5649057E-01 -0.2862496E+01
   04  0.4079265E+03  0.1412137E+02 -0.1413877E+01  0.5283030E-01 -0.2861603E+01
   04  0.4095542E+03  0.1412228E+02 -0.1414561E+01  0.4903754E-01 -0.2860691E+01
   04  0.4111820E+03  0.1412321E+02 -0.1415202E+01  0.4510911E-01 -0.2859761E+01
   04  0.4128097E+03  0.1412416E+02 -0.1415802E+01  0.4104190E-01 -0.2858811E+01
   04  0.4144375E+03  0.1412513E+02 -0.1416365E+01  0.3683073E-01 -0.2857842E+01
   04  0.4160652E+03  0.1412612E+02 -0.1416892E+01  0.3247342E-01 -0.2856854E+01
   04  0.4176929E+03  0.1412713E+02 -0.1417384E+01  0.2797421E-01 -0.2855845E+01
   04  0.4193207E+03  0.1412816E+02 -0.1417843E+01  0.2333083E-01 -0.2854814E+01
   04  0.4209484E+03  0.1412921E+02 -0.1418273E+01  0.1854105E-01 -0.2853763E+01
   04  0.4225762E+03  0.1413028E+02 -0.1418676E+01  0.1360272E-01 -0.2852691E+01
   04  0.4242039E+03  0.1413138E+02 -0.1419055E+01  0.8513773E-02 -0.2851597E+01
   04  0.4258316E+03  0.1413249E+02 -0.1419413E+01  0.3272275E-02 -0.2850481E+01
   04  0.4274594E+03  0.1413363E+02 -0.1419753E+01 -0.2123620E-02 -0.2849344E+01
   04  0.4290871E+03  0.1413479E+02 -0.1420078E+01 -0.7675660E-02 -0.2848185E+01
   04  0.4307149E+03  0.1413597E+02 -0.1420392E+01 -0.1338549E-01 -0.2847003E+01
   04  0.4323426E+03  0.1413718E+02 -0.1420699E+01 -0.1925467E-01 -0.2845799E+01
   04  0.4339704E+03  0.1413840E+02 -0.1421000E+01 -0.2528465E-01 -0.2844573E+01
   04  0.4355981E+03  0.1413965E+02 -0.1421300E+01 -0.3147680E-01 -0.2843324E+01
   04  0.4372258E+03  0.1414092E+02 -0.1421604E+01 -0.3783240E-01 -0.2842053E+01
   04  0.4388536E+03  0.1414222E+02 -0.1421915E+01 -0.4438169E-01 -0.2840757E+01
   04  0.4404813E+03  0.1414354E+02 -0.1422236E+01 -0.5114427E-01 -0.2839434E+01
   04  0.4421091E+03  0.1414489E+02 -0.1422570E+01 -0.5812090E-01 -0.2838085E+01
   04  0.4437368E+03  0.1414627E+02 -0.1422922E+01 -0.6531213E-01 -0.2836709E+01
   04  0.4453645E+03  0.1414767E+02 -0.1423294E+01 -0.7271834E-01 -0.2835307E+01
   04  0.4469923E+03  0.1414910E+02 -0.1423688E+01 -0.8033975E-01 -0.2833878E+01
   04  0.4486200E+03  0.1415055E+02 -0.1424110E+01 -0.8817639E-01 -0.2832422E+01
   04  0.4502478E+03  0.1415203E+02 -0.1424561E+01 -0.9622817E-01 -0.2830941E+01
   04  0.4518755E+03  0.1415354E+02 -0.1425045E+01 -0.1044948E+00 -0.2829432E+01
   04  0.4535033E+03  0.1415508E+02 -0.1425567E+01 -0.1129761E+00 -0.2827898E+01
   04  0.4551310E+03  0.1415664E+02 -0.1426128E+01 -0.1216716E+00 -0.2826338E+01
   04  0.4567587E+03  0.1415822E+02 -0.1426733E+01 -0.1305807E+00 -0.2824751E+01
   04  0.4583865E+03  0.1415984E+02 -0.1427385E+01 -0.1397029E+00 -0.2823139E+01
   04  0.4600142E+03  0.1416147E+02 -0.1428088E+01 -0.1490374E+00 -0.2821501E+01
   04  0.4616420E+03  0.1416314E+02 -0.1428846E+01 -0.1585834E+00 -0.2819838E+01
   04  0.4632697E+03  0.1416483E+02 -0.1429661E+01 -0.1683401E+00 -0.2818149E+01
   04  0.4648974E+03  0.1416654E+02 -0.1430538E+01 -0.1783066E+00 -0.2816436E+01
   04  0.4665252E+03  0.1416828E+02 -0.1431480E+01 -0.1884818E+00 -0.2814697E+01
   04  0.4681529E+03  0.1417004E+02 -0.1432490E+01 -0.1988648E+00 -0.2812934E+01
   04  0.4697807E+03  0.1417183E+02 -0.1433574E+01 -0.2094406E+00 -0.2811145E+01
   04  0.4714084E+03  0.1417364E+02 -0.1434733E+01 -0.2202123E+00 -0.2809330E+01
   04  0.4730362E+03  0.1417548E+02 -0.1435972E+01 -0.2311778E+00 -0.2807491E+01
   04  0.4746639E+03  0.1417735E+02 -0.1437292E+01 -0.2423354E+00 -0.2805627E+01
   04  0.4762916E+03  0.1417924E+02 -0.1438700E+01 -0.2536826E+00 -0.2803739E+01
   04  0.4779194E+03  0.1418115E+02 -0.1440199E+01 -0.2652174E+00 -0.2801826E+01
   04  0.4795471E+03  0.1418309E+02 -0.1441794E+01 -0.2769376E+00 -0.2799889E+01
   04  0.4811749E+03  0.1418505E+02 -0.1443490E+01 -0.2888411E+00 -0.2797927E+01
   04  0.4828026E+03  0.1418703E+02 -0.1445291E+01 -0.3009257E+00 -0.2795941E+01
   04  0.4844303E+03  0.1418904E+02 -0.1447202E+01 -0.3131889E+00 -0.2793931E+01
   04  0.4860581E+03  0.1419108E+02 -0.1449230E+01 -0.3256286E+00 -0.2791896E+01
   04  0.4876858E+03  0.1419314E+02 -0.1451379E+01 -0.3382424E+00 -0.2789838E+01
   04  0.4893136E+03  0.1419522E+02 -0.1453656E+01 -0.3510278E+00 -0.2787755E+01
   04  0.4909413E+03  0.1419733E+02 -0.1456066E+01 -0.3639825E+00 -0.2785648E+01
   04  0.4925691E+03  0.1419946E+02 -0.1458616E+01 -0.3771037E+00 -0.2783516E+01
   04  0.4941968E+03  0.1420161E+02 -0.1461313E+01 -0.3903889E+00 -0.2781360E+01
   04  0.4958245E+03  0.1420379E+02 -0.1464163E+01 -0.4038356E+00 -0.2779179E+01
   04  0.4974523E+03  0.1420600E+02 -0.1467173E+01 -0.4174411E+00 -0.2776974E+01
   04  0.4990800E+03  0.1420823E+02 -0.1470350E+01 -0.4312028E+00 -0.2774743E+01
   04  0.5007078E+03  0.1421049E+02 -0.1473703E+01 -0.4451180E+00 -0.2772487E+01
   04  0.5023355E+03  0.1421277E+02 -0.1477238E+01 -0.4591840E+00 -0.2770205E+01
   04  0.5039632E+03  0.1421508E+02 -0.1480966E+01 -0.4733981E+00 -0.2767897E+01
   04  0.5055910E+03  0.1421741E+02 -0.1484892E+01 -0.4877576E+00 -0.2765562E+01
   04  0.5072187E+03  0.1421977E+02 -0.1489028E+01 -0.5022596E+00 -0.2763200E+01
   04  0.5088465E+03  0.1422216E+02 -0.1493381E+01 -0.5169030E+00 -0.2760811E+01
   04  0.5104742E+03  0.1422458E+02 -0.1497960E+01 -0.5316853E+00 -0.2758393E+01
   04  0.5121020E+03  0.1422703E+02 -0.1502776E+01 -0.5465985E+00 -0.2755947E+01
   04  0.5137297E+03  0.1422950E+02 -0.1507839E+01 -0.5616366E+00 -0.2753470E+01
   04  0.5153574E+03  0.1423201E+02 -0.1513162E+01 -0.5767974E+00 -0.2750962E+01
   04  0.5169852E+03  0.1423455E+02 -0.1518755E+01 -0.5920786E+00 -0.2748423E+01
   04  0.5186129E+03  0.1423712E+02 -0.1524630E+01 -0.6074778E+00 -0.2745852E+01
   04  0.5202407E+03  0.1423973E+02 -0.1530801E+01 -0.6229929E+00 -0.2743248E+01
   04  0.5218684E+03  0.1424236E+02 -0.1537278E+01 -0.6386216E+00 -0.2740610E+01
   04  0.5234961E+03  0.1424504E+02 -0.1544076E+01 -0.6543618E+00 -0.2737937E+01
   04  0.5251239E+03  0.1424775E+02 -0.1551207E+01 -0.6702115E+00 -0.2735228E+01
   04  0.5267516E+03  0.1425049E+02 -0.1558686E+01 -0.6861687E+00 -0.2732482E+01
   04  0.5283794E+03  0.1425328E+02 -0.1566527E+01 -0.7022316E+00 -0.2729698E+01
   04  0.5300071E+03  0.1425610E+02 -0.1574745E+01 -0.7183985E+00 -0.2726875E+01
   04  0.5316349E+03  0.1425896E+02 -0.1583355E+01 -0.7346678E+00 -0.2724012E+01
   04  0.5332626E+03  0.1426187E+02 -0.1592372E+01 -0.7510382E+00 -0.2721107E+01
   04  0.5348903E+03  0.1426482E+02 -0.1601814E+01 -0.7675084E+00 -0.2718159E+01
   04  0.5365181E+03  0.1426781E+02 -0.1611697E+01 -0.7840773E+00 -0.2715166E+01
   04  0.5381458E+03  0.1427085E+02 -0.1622037E+01 -0.8007442E+00 -0.2712127E+01
   04  0.5397736E+03  0.1427393E+02 -0.1632853E+01 -0.8175084E+00 -0.2709041E+01
   04  0.5414013E+03  0.1427707E+02 -0.1644163E+01 -0.8343694E+00 -0.2705906E+01
   04  0.5430290E+03  0.1428025E+02 -0.1655985E+01 -0.8513271E+00 -0.2702720E+01
   04  0.5446568E+03  0.1428349E+02 -0.1668338E+01 -0.8683814E+00 -0.2699482E+01
   04  0.5462845E+03  0.1428679E+02 -0.1681242E+01 -0.8855327E+00 -0.2696189E+01
   04  0.5479123E+03  0.1429013E+02 -0.1694716E+01 -0.9027814E+00 -0.2692841E+01
   04  0.5495400E+03  0.1429354E+02 -0.1708781E+01 -0.9201282E+00 -0.2689436E+01
   04  0.5511678E+03  0.1429700E+02 -0.1723457E+01 -0.9375742E+00 -0.2685971E+01
   04  0.5527955E+03  0.1430053E+02 -0.1738764E+01 -0.9551295E+00 -0.2682446E+01
   04  0.5544232E+03  0.1430411E+02 -0.1754724E+01 -0.9728352E+00 -0.2678861E+01
   04  0.5560510E+03  0.1430776E+02 -0.1771358E+01 -0.9906948E+00 -0.2675216E+01
   04  0.5576787E+03  0.1431147E+02 -0.1788689E+01 -0.1008712E+01 -0.2671508E+01
   04  0.5593065E+03  0.1431524E+02 -0.1806737E+01 -0.1026890E+01 -0.2667735E+01
   04  0.5609342E+03  0.1431908E+02 -0.1825508E+01 -0.1045219E+01 -0.2663896E+01
   04  0.5625619E+03  0.1432299E+02 -0.1845040E+01 -0.1063717E+01 -0.2659988E+01
   04  0.5641897E+03  0.1432696E+02 -0.1865356E+01 -0.1082386E+01 -0.2656011E+01
   04  0.5658174E+03  0.1433101E+02 -0.1886477E+01 -0.1101230E+01 -0.2651961E+01
   04  0.5674452E+03  0.1433514E+02 -0.1908425E+01 -0.1120253E+01 -0.2647838E+01
   04  0.5690729E+03  0.1433934E+02 -0.1931219E+01 -0.1139460E+01 -0.2643639E+01
   04  0.5707007E+03  0.1434361E+02 -0.1954880E+01 -0.1158853E+01 -0.2639363E+01
   04  0.5723284E+03  0.1434797E+02 -0.1979428E+01 -0.1178438E+01 -0.2635009E+01
   04  0.5739561E+03  0.1435240E+02 -0.2004881E+01 -0.1198217E+01 -0.2630573E+01
   04  0.5755839E+03  0.1435692E+02 -0.2031259E+01 -0.1218196E+01 -0.2626056E+01
   04  0.5772116E+03  0.1436152E+02 -0.2058578E+01 -0.1238378E+01 -0.2621455E+01
   04  0.5788394E+03  0.1436621E+02 -0.2086855E+01 -0.1258766E+01 -0.2616768E+01
   04  0.5804671E+03  0.1437098E+02 -0.2116105E+01 -0.1279366E+01 -0.2611996E+01
   04  0.5820948E+03  0.1437584E+02 -0.2146342E+01 -0.1300180E+01 -0.2607136E+01
   04  0.5837226E+03  0.1438079E+02 -0.2177579E+01 -0.1321212E+01 -0.2602187E+01
   04  0.5853503E+03  0.1438583E+02 -0.2209827E+01 -0.1342467E+01 -0.2597149E+01
   04  0.5869781E+03  0.1439095E+02 -0.2243095E+01 -0.1363946E+01 -0.2592020E+01
   04  0.5886058E+03  0.1439617E+02 -0.2277392E+01 -0.1385653E+01 -0.2586801E+01
   04  0.5902336E+03  0.1440149E+02 -0.2312729E+01 -0.1407591E+01 -0.2581489E+01
   04  0.5918613E+03  0.1440689E+02 -0.2349109E+01 -0.1429761E+01 -0.2576085E+01
   04  0.5934890E+03  0.1441239E+02 -0.2386536E+01 -0.1452165E+01 -0.2570588E+01
   04  0.5951168E+03  0.1441798E+02 -0.2425013E+01 -0.1474806E+01 -0.2564999E+01
   04  0.5967445E+03  0.1442366E+02 -0.2464539E+01 -0.1497683E+01 -0.2559317E+01
   04  0.5983723E+03  0.1442943E+02 -0.2505113E+01 -0.1520797E+01 -0.2553542E+01
