# gauge_id= 506 location=( -0.1253000000E+03  0.4150000000E+02 ) num_var=  4
# Stationary gauge
# level, time, q[  1  2  3], eta, aux[]
# file format ascii, time series follow in this file
   02  0.0000000E+00  0.3126981E+04  0.0000000E+00  0.0000000E+00  0.0000000E+00
   02  0.1000000E+01  0.3126981E+04 -0.2358721E-13  0.5426062E-14  0.5330804E+00
   02  0.1142857E+01  0.3126984E+04 -0.3864926E+00 -0.2141759E-01  0.5353205E+00
   02  0.1285714E+01  0.3126986E+04 -0.7735523E+00 -0.4331042E-01  0.5375629E+00
   02  0.1428571E+01  0.3126988E+04 -0.1161174E+01 -0.6567614E-01  0.5398075E+00
   02  0.1571429E+01  0.3126990E+04 -0.1549354E+01 -0.8851245E-01  0.5420543E+00
   02  0.1714286E+01  0.3126993E+04 -0.1938088E+01 -0.1118171E+00  0.5443034E+00
   02  0.1857143E+01  0.3126995E+04 -0.2327371E+01 -0.1355880E+00  0.5465545E+00
   02  0.2000000E+01  0.3126997E+04 -0.2717200E+01 -0.1598228E+00  0.5488078E+00
   02  0.4673503E+02  0.3127768E+04 -0.1369570E+03 -0.2699313E+02  0.1319581E+01
   03  0.9147006E+02  0.3146384E+04 -0.3443183E+03 -0.9142411E+02  0.2275833E+01
   03  0.1004171E+03  0.3146436E+04 -0.3580029E+03 -0.1155929E+03  0.2327115E+01
   03  0.1093641E+03  0.3146485E+04 -0.3682451E+03 -0.1286856E+03  0.2376963E+01
   03  0.1183111E+03  0.3146533E+04 -0.3780391E+03 -0.1334968E+03  0.2424106E+01
   03  0.1272581E+03  0.3146584E+04 -0.3896797E+03 -0.1341997E+03  0.2475734E+01
   03  0.1362051E+03  0.3146639E+04 -0.4030489E+03 -0.1328771E+03  0.2530926E+01
   03  0.1451521E+03  0.3146687E+04 -0.4161245E+03 -0.1303806E+03  0.2578938E+01
   03  0.1540991E+03  0.3146718E+04 -0.4268097E+03 -0.1273015E+03  0.2609955E+01
   03  0.1630461E+03  0.3146728E+04 -0.4345258E+03 -0.1238754E+03  0.2619460E+01
   03  0.1719931E+03  0.3146714E+04 -0.4391270E+03 -0.1202836E+03  0.2605314E+01
   04  0.1809401E+03  0.3147231E+04 -0.4415190E+03 -0.1188032E+03  0.2579888E+01
   04  0.1824313E+03  0.3147216E+04 -0.4414639E+03 -0.1173120E+03  0.2564423E+01
   04  0.1839225E+03  0.3147203E+04 -0.4412272E+03 -0.1157963E+03  0.2551727E+01
   04  0.1854136E+03  0.3147193E+04 -0.4409576E+03 -0.1145262E+03  0.2541937E+01
   04  0.1869048E+03  0.3147185E+04 -0.4407065E+03 -0.1135172E+03  0.2534023E+01
   04  0.1883960E+03  0.3147179E+04 -0.4404949E+03 -0.1126996E+03  0.2527289E+01
   04  0.1898871E+03  0.3147173E+04 -0.4402936E+03 -0.1119980E+03  0.2521141E+01
   04  0.1913783E+03  0.3147166E+04 -0.4400412E+03 -0.1113584E+03  0.2514787E+01
   04  0.1928695E+03  0.3147158E+04 -0.4396357E+03 -0.1107519E+03  0.2507091E+01
   04  0.1943606E+03  0.3147148E+04 -0.4389463E+03 -0.1101762E+03  0.2496825E+01
   04  0.1958518E+03  0.3147135E+04 -0.4378706E+03 -0.1096607E+03  0.2483171E+01
   04  0.1973430E+03  0.3147118E+04 -0.4364137E+03 -0.1092528E+03  0.2466233E+01
   04  0.1988341E+03  0.3147098E+04 -0.4347258E+03 -0.1089899E+03  0.2447015E+01
   04  0.2003253E+03  0.3147078E+04 -0.4330255E+03 -0.1088939E+03  0.2426819E+01
   04  0.2018165E+03  0.3147058E+04 -0.4314819E+03 -0.1089470E+03  0.2406701E+01
   04  0.2033076E+03  0.3147038E+04 -0.4301354E+03 -0.1091206E+03  0.2387032E+01
   04  0.2047988E+03  0.3147019E+04 -0.4288853E+03 -0.1093658E+03  0.2367651E+01
   04  0.2062900E+03  0.3147000E+04 -0.4275395E+03 -0.1096056E+03  0.2348151E+01
   04  0.2077811E+03  0.3146979E+04 -0.4258596E+03 -0.1097723E+03  0.2327853E+01
   04  0.2092723E+03  0.3146957E+04 -0.4236180E+03 -0.1098319E+03  0.2305882E+01
   04  0.2107635E+03  0.3146933E+04 -0.4206891E+03 -0.1097813E+03  0.2281565E+01
   04  0.2122546E+03  0.3146906E+04 -0.4171418E+03 -0.1096303E+03  0.2255028E+01
   04  0.2137458E+03  0.3146879E+04 -0.4132477E+03 -0.1093919E+03  0.2227394E+01
   04  0.2152370E+03  0.3146852E+04 -0.4093658E+03 -0.1090848E+03  0.2200264E+01
   04  0.2167281E+03  0.3146826E+04 -0.4057725E+03 -0.1087382E+03  0.2174837E+01
   04  0.2182193E+03  0.3146803E+04 -0.4025464E+03 -0.1083921E+03  0.2151307E+01
   04  0.2197105E+03  0.3146780E+04 -0.3995598E+03 -0.1080939E+03  0.2128854E+01
   04  0.2212017E+03  0.3146757E+04 -0.3965368E+03 -0.1078897E+03  0.2105982E+01
   04  0.2226928E+03  0.3146732E+04 -0.3931123E+03 -0.1078101E+03  0.2080801E+01
   04  0.2241840E+03  0.3146703E+04 -0.3888861E+03 -0.1078625E+03  0.2051255E+01
   04  0.2256752E+03  0.3146667E+04 -0.3835230E+03 -0.1080252E+03  0.2015595E+01
   04  0.2271663E+03  0.3146625E+04 -0.3769011E+03 -0.1082610E+03  0.1973208E+01
   04  0.2286575E+03  0.3146577E+04 -0.3692260E+03 -0.1085344E+03  0.1925280E+01
   04  0.2301487E+03  0.3146526E+04 -0.3609965E+03 -0.1088176E+03  0.1874642E+01
   04  0.2316398E+03  0.3146476E+04 -0.3528052E+03 -0.1090926E+03  0.1824573E+01
   04  0.2331310E+03  0.3146429E+04 -0.3450864E+03 -0.1093444E+03  0.1777390E+01
   04  0.2346222E+03  0.3146385E+04 -0.3379664E+03 -0.1095472E+03  0.1733720E+01
   04  0.2361133E+03  0.3146344E+04 -0.3312713E+03 -0.1096589E+03  0.1692570E+01
   04  0.2376045E+03  0.3146303E+04 -0.3246365E+03 -0.1096426E+03  0.1651882E+01
   04  0.2390957E+03  0.3146261E+04 -0.3176409E+03 -0.1094840E+03  0.1609243E+01
   04  0.2405868E+03  0.3146214E+04 -0.3099383E+03 -0.1091992E+03  0.1562631E+01
   04  0.2420780E+03  0.3146163E+04 -0.3013841E+03 -0.1088201E+03  0.1511225E+01
   04  0.2435692E+03  0.3146107E+04 -0.2921335E+03 -0.1083523E+03  0.1456037E+01
   04  0.2450603E+03  0.3146051E+04 -0.2826399E+03 -0.1077749E+03  0.1399841E+01
   04  0.2465515E+03  0.3145998E+04 -0.2734902E+03 -0.1070362E+03  0.1346188E+01
   04  0.2480427E+03  0.3145949E+04 -0.2651763E+03 -0.1060688E+03  0.1298025E+01
   04  0.2495338E+03  0.3145908E+04 -0.2579124E+03 -0.1048322E+03  0.1256669E+01
   04  0.2510250E+03  0.3145873E+04 -0.2516198E+03 -0.1033347E+03  0.1221525E+01
   04  0.2525162E+03  0.3145842E+04 -0.2460170E+03 -0.1016310E+03  0.1190705E+01
   04  0.2540073E+03  0.3145813E+04 -0.2407695E+03 -0.9980341E+02  0.1161924E+01
   04  0.2554985E+03  0.3145785E+04 -0.2356215E+03 -0.9793492E+02  0.1133358E+01
   04  0.2569897E+03  0.3145756E+04 -0.2304848E+03 -0.9608409E+02  0.1104254E+01
   04  0.2584808E+03  0.3145727E+04 -0.2254673E+03 -0.9427346E+02  0.1075155E+01
   04  0.2599720E+03  0.3145699E+04 -0.2208206E+03 -0.9248691E+02  0.1047606E+01
   04  0.2614632E+03  0.3145675E+04 -0.2168243E+03 -0.9067887E+02  0.1023425E+01
   04  0.2629543E+03  0.3145655E+04 -0.2136520E+03 -0.8879130E+02  0.1003909E+01
   04  0.2644455E+03  0.3145641E+04 -0.2113040E+03 -0.8676496E+02  0.9894107E+00
   04  0.2659367E+03  0.3145631E+04 -0.2096312E+03 -0.8454515E+02  0.9794146E+00
   04  0.2674278E+03  0.3145624E+04 -0.2084125E+03 -0.8208406E+02  0.9729495E+00
   04  0.2689190E+03  0.3145620E+04 -0.2074297E+03 -0.7934197E+02  0.9689793E+00
   04  0.2704102E+03  0.3145618E+04 -0.2065097E+03 -0.7629157E+02  0.9666132E+00
   04  0.2719014E+03  0.3145617E+04 -0.2055471E+03 -0.7292700E+02  0.9652088E+00
   04  0.2733925E+03  0.3145616E+04 -0.2045297E+03 -0.6927244E+02  0.9644946E+00
   04  0.2748837E+03  0.3145616E+04 -0.2035499E+03 -0.6538671E+02  0.9646154E+00
   04  0.2763749E+03  0.3145617E+04 -0.2027619E+03 -0.6136624E+02  0.9659080E+00
   04  0.2778660E+03  0.3145620E+04 -0.2022966E+03 -0.5734412E+02  0.9684825E+00
   04  0.2793572E+03  0.3145623E+04 -0.2021863E+03 -0.5347645E+02  0.9719122E+00
   04  0.2808484E+03  0.3145627E+04 -0.2023645E+03 -0.4990892E+02  0.9753577E+00
   04  0.2823395E+03  0.3145629E+04 -0.2027214E+03 -0.4673707E+02  0.9779755E+00
   04  0.2838307E+03  0.3145631E+04 -0.2031654E+03 -0.4398358E+02  0.9792863E+00
   04  0.2853219E+03  0.3145631E+04 -0.2036397E+03 -0.4160570E+02  0.9792130E+00
   04  0.2868130E+03  0.3145629E+04 -0.2041028E+03 -0.3952249E+02  0.9779045E+00
   04  0.2883042E+03  0.3145627E+04 -0.2045242E+03 -0.3763956E+02  0.9755990E+00
   04  0.2897954E+03  0.3145624E+04 -0.2048780E+03 -0.3586499E+02  0.9725166E+00
   04  0.2912865E+03  0.3145620E+04 -0.2051428E+03 -0.3411874E+02  0.9688335E+00
   04  0.2927777E+03  0.3145616E+04 -0.2053051E+03 -0.3233359E+02  0.9647173E+00
   04  0.2942689E+03  0.3145612E+04 -0.2053645E+03 -0.3045321E+02  0.9603655E+00
   04  0.2957600E+03  0.3145607E+04 -0.2053354E+03 -0.2843198E+02  0.9560356E+00
   04  0.2972512E+03  0.3145603E+04 -0.2052434E+03 -0.2623544E+02  0.9520480E+00
   04  0.2987424E+03  0.3145600E+04 -0.2051336E+03 -0.2383840E+02  0.9488072E+00
   04  0.3002335E+03  0.3145598E+04 -0.2050533E+03 -0.2122272E+02  0.9467041E+00
   04  0.3017247E+03  0.3145597E+04 -0.2050329E+03 -0.1837883E+02  0.9459891E+00
   04  0.3032159E+03  0.3145598E+04 -0.2050775E+03 -0.1531095E+02  0.9466901E+00
   04  0.3047070E+03  0.3145600E+04 -0.2051700E+03 -0.1204189E+02  0.9486272E+00
   04  0.3061982E+03  0.3145603E+04 -0.2052831E+03 -0.8612709E+01  0.9514873E+00
   04  0.3076894E+03  0.3145606E+04 -0.2053917E+03 -0.5076177E+01  0.9549155E+00
   04  0.3091805E+03  0.3145610E+04 -0.2054830E+03 -0.1486519E+01  0.9586025E+00
   04  0.3106717E+03  0.3145614E+04 -0.2055489E+03  0.2107737E+01  0.9622836E+00
   04  0.3121629E+03  0.3145617E+04 -0.2055882E+03  0.5668777E+01  0.9657818E+00
   04  0.3136540E+03  0.3145620E+04 -0.2056122E+03  0.9172148E+01  0.9690424E+00
   04  0.3151452E+03  0.3145624E+04 -0.2056479E+03  0.1260765E+02  0.9721590E+00
   04  0.3165017E+03  0.3145626E+04 -0.2057288E+03  0.1567337E+02  0.9750762E+00
   04  0.3178581E+03  0.3145630E+04 -0.2059063E+03  0.1869740E+02  0.9783654E+00
   04  0.3192146E+03  0.3145634E+04 -0.2062250E+03  0.2169185E+02  0.9823031E+00
   04  0.3205710E+03  0.3145638E+04 -0.2067045E+03  0.2466884E+02  0.9870289E+00
   04  0.3219275E+03  0.3145644E+04 -0.2073162E+03  0.2763731E+02  0.9924202E+00
   04  0.3232839E+03  0.3145650E+04 -0.2079968E+03  0.3060060E+02  0.9981359E+00
   04  0.3246404E+03  0.3145655E+04 -0.2086746E+03  0.3355320E+02  0.1003781E+01
   04  0.3259968E+03  0.3145660E+04 -0.2093019E+03  0.3647677E+02  0.1009070E+01
   04  0.3273533E+03  0.3145665E+04 -0.2098297E+03  0.3934893E+02  0.1013745E+01
   04  0.3287097E+03  0.3145669E+04 -0.2102321E+03  0.4215490E+02  0.1017672E+01
   04  0.3300662E+03  0.3145672E+04 -0.2105164E+03  0.4489166E+02  0.1020898E+01
   04  0.3314226E+03  0.3145675E+04 -0.2106893E+03  0.4756895E+02  0.1023488E+01
   04  0.3327791E+03  0.3145677E+04 -0.2107598E+03  0.5020482E+02  0.1025531E+01
   04  0.3341355E+03  0.3145679E+04 -0.2107462E+03  0.5281716E+02  0.1027155E+01
   04  0.3354920E+03  0.3145680E+04 -0.2106731E+03  0.5541993E+02  0.1028513E+01
   04  0.3368484E+03  0.3145681E+04 -0.2105781E+03  0.5802225E+02  0.1029827E+01
   04  0.3382049E+03  0.3145683E+04 -0.2104879E+03  0.6062589E+02  0.1031234E+01
   04  0.3395613E+03  0.3145684E+04 -0.2104319E+03  0.6322734E+02  0.1032889E+01
   04  0.3409178E+03  0.3145686E+04 -0.2104477E+03  0.6582376E+02  0.1035001E+01
   04  0.3422742E+03  0.3145689E+04 -0.2105647E+03  0.6841580E+02  0.1037732E+01
   04  0.3436307E+03  0.3145692E+04 -0.2107769E+03  0.7100212E+02  0.1041031E+01
   04  0.3449871E+03  0.3145696E+04 -0.2110375E+03  0.7357129E+02  0.1044610E+01
   04  0.3463436E+03  0.3145699E+04 -0.2112827E+03  0.7610091E+02  0.1048086E+01
   04  0.3477000E+03  0.3145703E+04 -0.2114590E+03  0.7856662E+02  0.1051146E+01
   04  0.3490565E+03  0.3145705E+04 -0.2115443E+03  0.8095446E+02  0.1053664E+01
   04  0.3504130E+03  0.3145707E+04 -0.2115344E+03  0.8326427E+02  0.1055607E+01
   04  0.3517694E+03  0.3145708E+04 -0.2114121E+03  0.8550269E+02  0.1056872E+01
   04  0.3531259E+03  0.3145709E+04 -0.2111432E+03  0.8767234E+02  0.1057257E+01
   04  0.3544823E+03  0.3145708E+04 -0.2106874E+03  0.8976706E+02  0.1056511E+01
   04  0.3558388E+03  0.3145706E+04 -0.2100225E+03  0.9177731E+02  0.1054505E+01
   04  0.3574665E+03  0.3145702E+04 -0.2090099E+03  0.9408708E+02  0.1050783E+01
   04  0.3590942E+03  0.3145698E+04 -0.2079266E+03  0.9630638E+02  0.1046556E+01
   04  0.3607220E+03  0.3145694E+04 -0.2069810E+03  0.9849803E+02  0.1043016E+01
   04  0.3623497E+03  0.3145692E+04 -0.2063198E+03  0.1007181E+03  0.1040989E+01
   04  0.3639775E+03  0.3145692E+04 -0.2059572E+03  0.1029854E+03  0.1040527E+01
   04  0.3656052E+03  0.3145693E+04 -0.2058258E+03  0.1052815E+03  0.1041228E+01
   04  0.3672329E+03  0.3145694E+04 -0.2058795E+03  0.1075798E+03  0.1042803E+01
   04  0.3688607E+03  0.3145697E+04 -0.2061560E+03  0.1098756E+03  0.1045429E+01
   04  0.3704884E+03  0.3145701E+04 -0.2066706E+03  0.1121876E+03  0.1049167E+01
   04  0.3721162E+03  0.3145705E+04 -0.2073726E+03  0.1145388E+03  0.1053699E+01
   04  0.3737439E+03  0.3145710E+04 -0.2081484E+03  0.1169411E+03  0.1058351E+01
   04  0.3753717E+03  0.3145714E+04 -0.2088982E+03  0.1193791E+03  0.1062512E+01
   04  0.3769994E+03  0.3145717E+04 -0.2095169E+03  0.1218150E+03  0.1065559E+01
   04  0.3786271E+03  0.3145718E+04 -0.2099367E+03  0.1242071E+03  0.1067116E+01
   04  0.3802549E+03  0.3145719E+04 -0.2101547E+03  0.1265318E+03  0.1067201E+01
   04  0.3818826E+03  0.3145717E+04 -0.2102025E+03  0.1287943E+03  0.1066058E+01
   04  0.3835104E+03  0.3145715E+04 -0.2101060E+03  0.1310197E+03  0.1063927E+01
   04  0.3851381E+03  0.3145712E+04 -0.2098918E+03  0.1332257E+03  0.1061028E+01
   04  0.3867658E+03  0.3145709E+04 -0.2095731E+03  0.1354105E+03  0.1057506E+01
   04  0.3883936E+03  0.3145705E+04 -0.2091557E+03  0.1375599E+03  0.1053450E+01
   04  0.3900213E+03  0.3145700E+04 -0.2086625E+03  0.1396623E+03  0.1049009E+01
   04  0.3916491E+03  0.3145696E+04 -0.2081232E+03  0.1417163E+03  0.1044365E+01
   04  0.3932768E+03  0.3145691E+04 -0.2075696E+03  0.1437295E+03  0.1039683E+01
   04  0.3949046E+03  0.3145686E+04 -0.2070308E+03  0.1457156E+03  0.1035095E+01
   04  0.3965323E+03  0.3145682E+04 -0.2065303E+03  0.1476909E+03  0.1030689E+01
   04  0.3981600E+03  0.3145678E+04 -0.2060855E+03  0.1496731E+03  0.1026505E+01
   04  0.3997878E+03  0.3145674E+04 -0.2057062E+03  0.1516809E+03  0.1022543E+01
   04  0.4014155E+03  0.3145670E+04 -0.2054004E+03  0.1537328E+03  0.1018790E+01
   04  0.4030433E+03  0.3145667E+04 -0.2051600E+03  0.1558433E+03  0.1015141E+01
   04  0.4046710E+03  0.3145663E+04 -0.2049682E+03  0.1580196E+03  0.1011454E+01
   04  0.4062987E+03  0.3145659E+04 -0.2048205E+03  0.1602669E+03  0.1007674E+01
   04  0.4079265E+03  0.3145655E+04 -0.2047279E+03  0.1625909E+03  0.1003854E+01
   04  0.4095542E+03  0.3145651E+04 -0.2046936E+03  0.1649929E+03  0.1000030E+01
   04  0.4111820E+03  0.3145648E+04 -0.2047111E+03  0.1674647E+03  0.9962192E+00
   04  0.4128097E+03  0.3145644E+04 -0.2047666E+03  0.1699872E+03  0.9924119E+00
   04  0.4144375E+03  0.3145640E+04 -0.2048440E+03  0.1725329E+03  0.9886020E+00
   04  0.4160652E+03  0.3145636E+04 -0.2049295E+03  0.1750710E+03  0.9848044E+00
   04  0.4176929E+03  0.3145632E+04 -0.2050142E+03  0.1775719E+03  0.9810562E+00
   04  0.4193207E+03  0.3145629E+04 -0.2050933E+03  0.1800116E+03  0.9774033E+00
   04  0.4209484E+03  0.3145625E+04 -0.2051630E+03  0.1823724E+03  0.9738827E+00
   04  0.4225762E+03  0.3145622E+04 -0.2052190E+03  0.1846439E+03  0.9705087E+00
   04  0.4242039E+03  0.3145619E+04 -0.2052559E+03  0.1868216E+03  0.9672679E+00
   04  0.4258316E+03  0.3145615E+04 -0.2052684E+03  0.1889057E+03  0.9641289E+00
   04  0.4274594E+03  0.3145612E+04 -0.2052521E+03  0.1909004E+03  0.9610561E+00
   04  0.4290871E+03  0.3145609E+04 -0.2052040E+03  0.1928129E+03  0.9580189E+00
   04  0.4307149E+03  0.3145606E+04 -0.2051225E+03  0.1946525E+03  0.9549924E+00
   04  0.4323426E+03  0.3145603E+04 -0.2050077E+03  0.1964293E+03  0.9519616E+00
   04  0.4339704E+03  0.3145600E+04 -0.2048618E+03  0.1981535E+03  0.9489209E+00
   04  0.4355981E+03  0.3145597E+04 -0.2046889E+03  0.1998344E+03  0.9458691E+00
   04  0.4372258E+03  0.3145594E+04 -0.2044926E+03  0.2014798E+03  0.9428013E+00
   04  0.4388536E+03  0.3145591E+04 -0.2042769E+03  0.2030958E+03  0.9397132E+00
   04  0.4404813E+03  0.3145588E+04 -0.2040462E+03  0.2046862E+03  0.9366019E+00
   04  0.4421091E+03  0.3145585E+04 -0.2038032E+03  0.2062528E+03  0.9334594E+00
   04  0.4437368E+03  0.3145582E+04 -0.2035494E+03  0.2077960E+03  0.9302764E+00
   04  0.4453645E+03  0.3145578E+04 -0.2032845E+03  0.2093149E+03  0.9270388E+00
   04  0.4469923E+03  0.3145575E+04 -0.2030067E+03  0.2108078E+03  0.9237262E+00
   04  0.4486200E+03  0.3145572E+04 -0.2027117E+03  0.2122719E+03  0.9203094E+00
   04  0.4502478E+03  0.3145568E+04 -0.2023924E+03  0.2137029E+03  0.9167454E+00
   04  0.4518755E+03  0.3145564E+04 -0.2020438E+03  0.2150953E+03  0.9130000E+00
   04  0.4535033E+03  0.3145560E+04 -0.2016587E+03  0.2164433E+03  0.9090283E+00
   04  0.4551310E+03  0.3145556E+04 -0.2012322E+03  0.2177411E+03  0.9048024E+00
   04  0.4567587E+03  0.3145552E+04 -0.2007631E+03  0.2189845E+03  0.9003169E+00
   04  0.4583865E+03  0.3145547E+04 -0.2002512E+03  0.2201702E+03  0.8955731E+00
   04  0.4600142E+03  0.3145542E+04 -0.1996965E+03  0.2212960E+03  0.8905732E+00
   04  0.4616420E+03  0.3145537E+04 -0.1990983E+03  0.2223604E+03  0.8853126E+00
   04  0.4632697E+03  0.3145531E+04 -0.1984582E+03  0.2233607E+03  0.8797969E+00
   04  0.4648974E+03  0.3145525E+04 -0.1977833E+03  0.2243013E+03  0.8740747E+00
   04  0.4665252E+03  0.3145520E+04 -0.1970822E+03  0.2251867E+03  0.8682090E+00
   04  0.4681529E+03  0.3145514E+04 -0.1963622E+03  0.2260176E+03  0.8622464E+00
   04  0.4697807E+03  0.3145508E+04 -0.1956278E+03  0.2267943E+03  0.8562304E+00
   04  0.4714084E+03  0.3145502E+04 -0.1948821E+03  0.2275142E+03  0.8501919E+00
   04  0.4730362E+03  0.3145496E+04 -0.1941271E+03  0.2281756E+03  0.8441548E+00
   04  0.4746639E+03  0.3145489E+04 -0.1933616E+03  0.2287771E+03  0.8381169E+00
   04  0.4762916E+03  0.3145483E+04 -0.1925816E+03  0.2293180E+03  0.8320542E+00
   04  0.4779194E+03  0.3145477E+04 -0.1917809E+03  0.2297980E+03  0.8259226E+00
   04  0.4795471E+03  0.3145471E+04 -0.1909516E+03  0.2302176E+03  0.8196562E+00
   04  0.4811749E+03  0.3145465E+04 -0.1900855E+03  0.2305756E+03  0.8131904E+00
   04  0.4828026E+03  0.3145458E+04 -0.1891746E+03  0.2308707E+03  0.8064653E+00
   04  0.4844303E+03  0.3145451E+04 -0.1882113E+03  0.2311033E+03  0.7994199E+00
   04  0.4860581E+03  0.3145443E+04 -0.1871888E+03  0.2312737E+03  0.7920026E+00
   04  0.4876858E+03  0.3145436E+04 -0.1861023E+03  0.2313863E+03  0.7841563E+00
   04  0.4893136E+03  0.3145427E+04 -0.1849492E+03  0.2314455E+03  0.7758398E+00
   04  0.4909413E+03  0.3145418E+04 -0.1837310E+03  0.2314562E+03  0.7670458E+00
   04  0.4925691E+03  0.3145409E+04 -0.1824507E+03  0.2314262E+03  0.7577982E+00
   04  0.4941968E+03  0.3145399E+04 -0.1811124E+03  0.2313530E+03  0.7480786E+00
   04  0.4958245E+03  0.3145389E+04 -0.1797219E+03  0.2312363E+03  0.7378905E+00
   04  0.4974523E+03  0.3145379E+04 -0.1782866E+03  0.2310775E+03  0.7272637E+00
   04  0.4990800E+03  0.3145368E+04 -0.1768147E+03  0.2308734E+03  0.7162359E+00
   04  0.5007078E+03  0.3145356E+04 -0.1753138E+03  0.2306180E+03  0.7048450E+00
   04  0.5023355E+03  0.3145345E+04 -0.1737910E+03  0.2303123E+03  0.6931590E+00
   04  0.5039632E+03  0.3145333E+04 -0.1722517E+03  0.2299544E+03  0.6812542E+00
   04  0.5055910E+03  0.3145321E+04 -0.1706985E+03  0.2295385E+03  0.6692007E+00
   04  0.5072187E+03  0.3145308E+04 -0.1691313E+03  0.2290575E+03  0.6570515E+00
   04  0.5088465E+03  0.3145296E+04 -0.1675485E+03  0.2285041E+03  0.6448435E+00
   04  0.5104742E+03  0.3145284E+04 -0.1659488E+03  0.2278725E+03  0.6326020E+00
   04  0.5121020E+03  0.3145272E+04 -0.1643315E+03  0.2271590E+03  0.6203459E+00
   04  0.5137297E+03  0.3145259E+04 -0.1626972E+03  0.2263627E+03  0.6080913E+00
   04  0.5153574E+03  0.3145247E+04 -0.1610472E+03  0.2254856E+03  0.5958527E+00
   04  0.5169852E+03  0.3145235E+04 -0.1593830E+03  0.2245317E+03  0.5836425E+00
   04  0.5186129E+03  0.3145223E+04 -0.1577056E+03  0.2235073E+03  0.5714667E+00
   04  0.5202407E+03  0.3145211E+04 -0.1560162E+03  0.2224202E+03  0.5593215E+00
   04  0.5218684E+03  0.3145199E+04 -0.1543149E+03  0.2212800E+03  0.5471842E+00
   04  0.5234961E+03  0.3145186E+04 -0.1526019E+03  0.2200992E+03  0.5350201E+00
   04  0.5251239E+03  0.3145174E+04 -0.1508808E+03  0.2188882E+03  0.5228153E+00
   04  0.5267516E+03  0.3145162E+04 -0.1491568E+03  0.2176614E+03  0.5105449E+00
   04  0.5283794E+03  0.3145150E+04 -0.1474342E+03  0.2164329E+03  0.4981988E+00
   04  0.5300071E+03  0.3145137E+04 -0.1457174E+03  0.2152196E+03  0.4857597E+00
   04  0.5316349E+03  0.3145125E+04 -0.1440120E+03  0.2140397E+03  0.4732139E+00
   04  0.5332626E+03  0.3145112E+04 -0.1423226E+03  0.2129107E+03  0.4605631E+00
   04  0.5348903E+03  0.3145099E+04 -0.1406541E+03  0.2118385E+03  0.4478751E+00
   04  0.5365181E+03  0.3145087E+04 -0.1390136E+03  0.2108248E+03  0.4352407E+00
   04  0.5381458E+03  0.3145074E+04 -0.1374088E+03  0.2098719E+03  0.4227331E+00
   04  0.5397736E+03  0.3145062E+04 -0.1358456E+03  0.2089838E+03  0.4103962E+00
   04  0.5414013E+03  0.3145050E+04 -0.1343266E+03  0.2081621E+03  0.3982602E+00
   04  0.5430290E+03  0.3145038E+04 -0.1328512E+03  0.2074068E+03  0.3863385E+00
   04  0.5446568E+03  0.3145026E+04 -0.1314168E+03  0.2067166E+03  0.3746177E+00
   04  0.5462845E+03  0.3145014E+04 -0.1300184E+03  0.2060866E+03  0.3630796E+00
   04  0.5479123E+03  0.3145003E+04 -0.1286491E+03  0.2055110E+03  0.3516972E+00
   04  0.5495400E+03  0.3144992E+04 -0.1272996E+03  0.2049802E+03  0.3404598E+00
   04  0.5511678E+03  0.3144981E+04 -0.1259640E+03  0.2044901E+03  0.3293220E+00
   04  0.5527955E+03  0.3144970E+04 -0.1246394E+03  0.2040358E+03  0.3182472E+00
   04  0.5544232E+03  0.3144959E+04 -0.1233232E+03  0.2036128E+03  0.3072093E+00
   04  0.5560510E+03  0.3144948E+04 -0.1220126E+03  0.2032124E+03  0.2962200E+00
   04  0.5576787E+03  0.3144937E+04 -0.1207050E+03  0.2028248E+03  0.2853143E+00
   04  0.5593065E+03  0.3144926E+04 -0.1193975E+03  0.2024412E+03  0.2745317E+00
   04  0.5609342E+03  0.3144915E+04 -0.1180879E+03  0.2020553E+03  0.2639050E+00
   04  0.5625619E+03  0.3144905E+04 -0.1167745E+03  0.2016660E+03  0.2534418E+00
   04  0.5641897E+03  0.3144895E+04 -0.1154565E+03  0.2012730E+03  0.2431449E+00
   04  0.5658174E+03  0.3144884E+04 -0.1141345E+03  0.2008749E+03  0.2330229E+00
   04  0.5674452E+03  0.3144874E+04 -0.1128095E+03  0.2004717E+03  0.2230792E+00
   04  0.5690729E+03  0.3144865E+04 -0.1114833E+03  0.2000650E+03  0.2133072E+00
   04  0.5707007E+03  0.3144855E+04 -0.1101574E+03  0.1996578E+03  0.2036987E+00
   04  0.5723284E+03  0.3144846E+04 -0.1088339E+03  0.1992534E+03  0.1942452E+00
   04  0.5739561E+03  0.3144836E+04 -0.1075147E+03  0.1988558E+03  0.1849380E+00
   04  0.5755839E+03  0.3144827E+04 -0.1062016E+03  0.1984679E+03  0.1757758E+00
   04  0.5772116E+03  0.3144818E+04 -0.1048962E+03  0.1980918E+03  0.1667598E+00
   04  0.5788394E+03  0.3144809E+04 -0.1035996E+03  0.1977284E+03  0.1578934E+00
   04  0.5804671E+03  0.3144801E+04 -0.1023124E+03  0.1973768E+03  0.1491802E+00
   04  0.5820948E+03  0.3144792E+04 -0.1010339E+03  0.1970340E+03  0.1406237E+00
   04  0.5837226E+03  0.3144784E+04 -0.9976260E+02  0.1966945E+03  0.1322226E+00
   04  0.5853503E+03  0.3144775E+04 -0.9849591E+02  0.1963499E+03  0.1239683E+00
   04  0.5869781E+03  0.3144767E+04 -0.9723134E+02  0.1959891E+03  0.1158378E+00
   04  0.5886058E+03  0.3144759E+04 -0.9596527E+02  0.1955988E+03  0.1078020E+00
   04  0.5902336E+03  0.3144751E+04 -0.9469214E+02  0.1951633E+03  0.9983165E-01
   04  0.5918613E+03  0.3144743E+04 -0.9340631E+02  0.1946661E+03  0.9189647E-01
   04  0.5934890E+03  0.3144735E+04 -0.9210250E+02  0.1940912E+03  0.8397497E-01
   04  0.5951168E+03  0.3144727E+04 -0.9077728E+02  0.1934244E+03  0.7606317E-01
   04  0.5967445E+03  0.3144720E+04 -0.8942983E+02  0.1926546E+03  0.6817665E-01
   04  0.5983723E+03  0.3144712E+04 -0.8806078E+02  0.1917761E+03  0.6034524E-01
