# gauge_id= 609 location=( -0.1242117435E+03  0.4175235224E+02 ) num_var=  4
# Stationary gauge
# level, time, q[  1  2  3], eta, aux[]
# file format ascii, time series follow in this file
   04  0.0000000E+00  0.8914793E+01  0.0000000E+00  0.0000000E+00  0.0000000E+00
   04  0.1000000E+01  0.8914793E+01  0.5363657E-16 -0.1431859E-19 -0.3052931E+01
   04  0.1015873E+01  0.8914800E+01 -0.5237268E-04 -0.1085032E-04 -0.3052924E+01
   04  0.1031746E+01  0.8914806E+01 -0.1047479E-03 -0.2168543E-04 -0.3052918E+01
   04  0.1047619E+01  0.8914812E+01 -0.1571255E-03 -0.3250537E-04 -0.3052912E+01
   04  0.1063492E+01  0.8914818E+01 -0.2095057E-03 -0.4331015E-04 -0.3052906E+01
   04  0.1079365E+01  0.8914824E+01 -0.2618884E-03 -0.5409980E-04 -0.3052900E+01
   04  0.1095238E+01  0.8914830E+01 -0.3142736E-03 -0.6487435E-04 -0.3052894E+01
   04  0.1111111E+01  0.8914836E+01 -0.3666613E-03 -0.7563382E-04 -0.3052888E+01
   04  0.1126984E+01  0.8914842E+01 -0.4190515E-03 -0.8637824E-04 -0.3052882E+01
   04  0.1142857E+01  0.8914848E+01 -0.4714442E-03 -0.9710763E-04 -0.3052876E+01
   04  0.1158730E+01  0.8914854E+01 -0.5238395E-03 -0.1078220E-03 -0.3052870E+01
   04  0.1174603E+01  0.8914860E+01 -0.5762372E-03 -0.1185214E-03 -0.3052864E+01
   04  0.1190476E+01  0.8914866E+01 -0.6286374E-03 -0.1292059E-03 -0.3052858E+01
   04  0.1206349E+01  0.8914873E+01 -0.6810401E-03 -0.1398755E-03 -0.3052851E+01
   04  0.1222222E+01  0.8914879E+01 -0.7334454E-03 -0.1505301E-03 -0.3052845E+01
   04  0.1238095E+01  0.8914885E+01 -0.7858531E-03 -0.1611699E-03 -0.3052839E+01
   04  0.1253968E+01  0.8914891E+01 -0.8382634E-03 -0.1717948E-03 -0.3052833E+01
   04  0.1269841E+01  0.8914897E+01 -0.8906762E-03 -0.1824049E-03 -0.3052827E+01
   04  0.1285714E+01  0.8914903E+01 -0.9430915E-03 -0.1930002E-03 -0.3052821E+01
   04  0.1301587E+01  0.8914909E+01 -0.9955092E-03 -0.2035807E-03 -0.3052815E+01
   04  0.1317460E+01  0.8914915E+01 -0.1047930E-02 -0.2141465E-03 -0.3052809E+01
   04  0.1333333E+01  0.8914921E+01 -0.1100352E-02 -0.2246976E-03 -0.3052803E+01
   04  0.1349206E+01  0.8914928E+01 -0.1152778E-02 -0.2352339E-03 -0.3052796E+01
   04  0.1365079E+01  0.8914934E+01 -0.1205206E-02 -0.2457556E-03 -0.3052790E+01
   04  0.1380952E+01  0.8914940E+01 -0.1257636E-02 -0.2562627E-03 -0.3052784E+01
   04  0.1396825E+01  0.8914946E+01 -0.1310069E-02 -0.2667551E-03 -0.3052778E+01
   04  0.1412698E+01  0.8914952E+01 -0.1362504E-02 -0.2772329E-03 -0.3052772E+01
   04  0.1428571E+01  0.8914958E+01 -0.1414942E-02 -0.2876962E-03 -0.3052766E+01
   04  0.1476190E+01  0.8914977E+01 -0.1572383E-02 -0.3189962E-03 -0.3052747E+01
   04  0.1523810E+01  0.8914995E+01 -0.1729846E-02 -0.3501660E-03 -0.3052729E+01
   04  0.1571429E+01  0.8915014E+01 -0.1887332E-02 -0.3812061E-03 -0.3052710E+01
   04  0.1619048E+01  0.8915032E+01 -0.2044840E-02 -0.4121173E-03 -0.3052692E+01
   04  0.1666667E+01  0.8915051E+01 -0.2202371E-02 -0.4429002E-03 -0.3052673E+01
   04  0.1714286E+01  0.8915069E+01 -0.2359924E-02 -0.4735555E-03 -0.3052655E+01
   04  0.1761905E+01  0.8915088E+01 -0.2517500E-02 -0.5040837E-03 -0.3052636E+01
   04  0.1809524E+01  0.8915106E+01 -0.2675098E-02 -0.5344856E-03 -0.3052618E+01
   04  0.1857143E+01  0.8915125E+01 -0.2832719E-02 -0.5647618E-03 -0.3052599E+01
   04  0.1904762E+01  0.8915144E+01 -0.2990362E-02 -0.5949130E-03 -0.3052580E+01
   04  0.1952381E+01  0.8915162E+01 -0.3148028E-02 -0.6249397E-03 -0.3052562E+01
   04  0.2000000E+01  0.8915181E+01 -0.3305717E-02 -0.6548426E-03 -0.3052543E+01
   04  0.5727919E+01  0.8916729E+01 -0.1675518E-01 -0.2681530E-02 -0.3050995E+01
   04  0.9455838E+01  0.8918459E+01 -0.3023971E-01 -0.4228939E-02 -0.3049265E+01
   04  0.1318376E+02  0.8920383E+01 -0.4373572E-01 -0.5500610E-02 -0.3047341E+01
   04  0.1691168E+02  0.8922505E+01 -0.5719817E-01 -0.6628901E-02 -0.3045219E+01
   04  0.2063960E+02  0.8924825E+01 -0.7056611E-01 -0.7698031E-02 -0.3042899E+01
   04  0.2436752E+02  0.8927338E+01 -0.8376793E-01 -0.8760076E-02 -0.3040386E+01
   04  0.2809543E+02  0.8930057E+01 -0.9673347E-01 -0.9607829E-02 -0.3037667E+01
   04  0.3182335E+02  0.8932959E+01 -0.1093704E+00 -0.1042111E-01 -0.3034765E+01
   04  0.3555127E+02  0.8936029E+01 -0.1215994E+00 -0.1125065E-01 -0.3031695E+01
   04  0.3834721E+02  0.8938428E+01 -0.1302326E+00 -0.1171331E-01 -0.3029296E+01
   04  0.4114315E+02  0.8940910E+01 -0.1386084E+00 -0.1221023E-01 -0.3026814E+01
   04  0.4393909E+02  0.8943468E+01 -0.1466991E+00 -0.1274509E-01 -0.3024256E+01
   04  0.4673503E+02  0.8946099E+01 -0.1544769E+00 -0.1331168E-01 -0.3021625E+01
   04  0.4922031E+02  0.8948486E+01 -0.1610367E+00 -0.1374788E-01 -0.3019238E+01
   04  0.5170559E+02  0.8950927E+01 -0.1672072E+00 -0.1417497E-01 -0.3016797E+01
   04  0.5419087E+02  0.8953445E+01 -0.1726396E+00 -0.1458304E-01 -0.3014279E+01
   04  0.5667615E+02  0.8956031E+01 -0.1773533E+00 -0.1495301E-01 -0.3011693E+01
   04  0.5916143E+02  0.8958676E+01 -0.1813748E+00 -0.1527134E-01 -0.3009048E+01
   04  0.6164671E+02  0.8961372E+01 -0.1847358E+00 -0.1553469E-01 -0.3006352E+01
   04  0.6413199E+02  0.8964112E+01 -0.1874718E+00 -0.1576653E-01 -0.3003612E+01
   04  0.6661727E+02  0.8966877E+01 -0.1896130E+00 -0.1583207E-01 -0.3000847E+01
   04  0.6910255E+02  0.8969649E+01 -0.1911975E+00 -0.1563218E-01 -0.2998075E+01
   04  0.7158783E+02  0.8972418E+01 -0.1922706E+00 -0.1517579E-01 -0.2995306E+01
   04  0.7407311E+02  0.8975190E+01 -0.1928804E+00 -0.1461337E-01 -0.2992534E+01
   04  0.7655838E+02  0.8977960E+01 -0.1930668E+00 -0.1398642E-01 -0.2989764E+01
   04  0.7904366E+02  0.8980720E+01 -0.1928655E+00 -0.1326392E-01 -0.2987004E+01
   04  0.8152894E+02  0.8983462E+01 -0.1923122E+00 -0.1243033E-01 -0.2984262E+01
   04  0.8401422E+02  0.8986180E+01 -0.1914414E+00 -0.1147795E-01 -0.2981544E+01
   04  0.8649950E+02  0.8988867E+01 -0.1902864E+00 -0.1040401E-01 -0.2978857E+01
   04  0.8898478E+02  0.8991518E+01 -0.1888789E+00 -0.9209343E-02 -0.2976206E+01
   04  0.9147006E+02  0.8994128E+01 -0.1872488E+00 -0.7897510E-02 -0.2973596E+01
   04  0.9445240E+02  0.8997203E+01 -0.1851847E+00 -0.6297142E-02 -0.2970521E+01
   04  0.9743473E+02  0.9000209E+01 -0.1828650E+00 -0.4533797E-02 -0.2967515E+01
   04  0.1004171E+03  0.9003141E+01 -0.1803245E+00 -0.2627030E-02 -0.2964583E+01
   04  0.1033994E+03  0.9005994E+01 -0.1775914E+00 -0.6063223E-03 -0.2961730E+01
   04  0.1063817E+03  0.9008766E+01 -0.1746905E+00  0.1498307E-02 -0.2958958E+01
   04  0.1093641E+03  0.9011460E+01 -0.1716511E+00  0.3722057E-02 -0.2956264E+01
   04  0.1123464E+03  0.9014074E+01 -0.1684959E+00  0.6065717E-02 -0.2953650E+01
   04  0.1153287E+03  0.9016608E+01 -0.1652421E+00  0.8503768E-02 -0.2951116E+01
   04  0.1183111E+03  0.9019060E+01 -0.1619045E+00  0.1101195E-01 -0.2948664E+01
   04  0.1212934E+03  0.9021429E+01 -0.1584961E+00  0.1356361E-01 -0.2946295E+01
   04  0.1242758E+03  0.9023717E+01 -0.1550310E+00  0.1613401E-01 -0.2944007E+01
   04  0.1272581E+03  0.9025922E+01 -0.1515226E+00  0.1870142E-01 -0.2941802E+01
   04  0.1302404E+03  0.9028047E+01 -0.1479828E+00  0.2124699E-01 -0.2939677E+01
   04  0.1332228E+03  0.9030091E+01 -0.1444222E+00  0.2375435E-01 -0.2937633E+01
   04  0.1362051E+03  0.9032056E+01 -0.1408504E+00  0.2621056E-01 -0.2935668E+01
   04  0.1391874E+03  0.9033942E+01 -0.1372761E+00  0.2860565E-01 -0.2933782E+01
   04  0.1421698E+03  0.9035751E+01 -0.1337077E+00  0.3093121E-01 -0.2931973E+01
   04  0.1451521E+03  0.9037485E+01 -0.1301533E+00  0.3318034E-01 -0.2930239E+01
   04  0.1481344E+03  0.9039133E+01 -0.1266171E+00  0.3521600E-01 -0.2928591E+01
   04  0.1511168E+03  0.9040690E+01 -0.1231080E+00  0.3692730E-01 -0.2927034E+01
   04  0.1540991E+03  0.9042163E+01 -0.1196424E+00  0.3837270E-01 -0.2925561E+01
   04  0.1570814E+03  0.9043557E+01 -0.1162337E+00  0.3959854E-01 -0.2924167E+01
   04  0.1600638E+03  0.9044877E+01 -0.1128928E+00  0.4064257E-01 -0.2922847E+01
   04  0.1630461E+03  0.9046128E+01 -0.1096289E+00  0.4153304E-01 -0.2921596E+01
   04  0.1660284E+03  0.9047312E+01 -0.1064493E+00  0.4229297E-01 -0.2920412E+01
   04  0.1690108E+03  0.9048435E+01 -0.1033602E+00  0.4294272E-01 -0.2919289E+01
   04  0.1719931E+03  0.9049499E+01 -0.1003662E+00  0.4350054E-01 -0.2918225E+01
   04  0.1749755E+03  0.9050506E+01 -0.9747210E-01  0.4398290E-01 -0.2917218E+01
   04  0.1779578E+03  0.9051460E+01 -0.9468257E-01  0.4440475E-01 -0.2916264E+01
   04  0.1809401E+03  0.9052364E+01 -0.9200205E-01  0.4477964E-01 -0.2915360E+01
   04  0.1824313E+03  0.9052791E+01 -0.9065609E-01  0.4506192E-01 -0.2914933E+01
   04  0.1839225E+03  0.9053207E+01 -0.8934413E-01  0.4532979E-01 -0.2914517E+01
   04  0.1854136E+03  0.9053611E+01 -0.8806629E-01  0.4558486E-01 -0.2914113E+01
   04  0.1869048E+03  0.9054003E+01 -0.8682263E-01  0.4582864E-01 -0.2913721E+01
   04  0.1883960E+03  0.9054385E+01 -0.8561324E-01  0.4606258E-01 -0.2913339E+01
   04  0.1898871E+03  0.9054756E+01 -0.8443816E-01  0.4628804E-01 -0.2912968E+01
   04  0.1913783E+03  0.9055117E+01 -0.8329739E-01  0.4650630E-01 -0.2912607E+01
   04  0.1928695E+03  0.9055467E+01 -0.8219094E-01  0.4671858E-01 -0.2912257E+01
   04  0.1943606E+03  0.9055808E+01 -0.8111877E-01  0.4692602E-01 -0.2911916E+01
   04  0.1958518E+03  0.9056140E+01 -0.8008082E-01  0.4712968E-01 -0.2911584E+01
   04  0.1973430E+03  0.9056462E+01 -0.7907701E-01  0.4733057E-01 -0.2911262E+01
   04  0.1988341E+03  0.9056775E+01 -0.7810723E-01  0.4752960E-01 -0.2910949E+01
   04  0.2003253E+03  0.9057079E+01 -0.7717137E-01  0.4772765E-01 -0.2910645E+01
   04  0.2018165E+03  0.9057375E+01 -0.7626927E-01  0.4792550E-01 -0.2910349E+01
   04  0.2033076E+03  0.9057663E+01 -0.7540165E-01  0.4812387E-01 -0.2910061E+01
   04  0.2047988E+03  0.9057943E+01 -0.7456979E-01  0.4832349E-01 -0.2909781E+01
   04  0.2062900E+03  0.9058216E+01 -0.7377474E-01  0.4852509E-01 -0.2909508E+01
   04  0.2077811E+03  0.9058482E+01 -0.7301713E-01  0.4872943E-01 -0.2909242E+01
   04  0.2092723E+03  0.9058741E+01 -0.7229724E-01  0.4893725E-01 -0.2908983E+01
   04  0.2107635E+03  0.9058994E+01 -0.7161510E-01  0.4914927E-01 -0.2908730E+01
   04  0.2122546E+03  0.9059240E+01 -0.7097051E-01  0.4936620E-01 -0.2908484E+01
   04  0.2137458E+03  0.9059480E+01 -0.7036310E-01  0.4958873E-01 -0.2908244E+01
   04  0.2152370E+03  0.9059715E+01 -0.6979238E-01  0.4981747E-01 -0.2908009E+01
   04  0.2167281E+03  0.9059944E+01 -0.6925772E-01  0.5005304E-01 -0.2907780E+01
   04  0.2182193E+03  0.9060167E+01 -0.6875844E-01  0.5029596E-01 -0.2907557E+01
   04  0.2197105E+03  0.9060386E+01 -0.6829377E-01  0.5054673E-01 -0.2907338E+01
   04  0.2212017E+03  0.9060599E+01 -0.6786290E-01  0.5080576E-01 -0.2907125E+01
   04  0.2226928E+03  0.9060807E+01 -0.6746499E-01  0.5107345E-01 -0.2906917E+01
   04  0.2241840E+03  0.9061010E+01 -0.6709920E-01  0.5135011E-01 -0.2906714E+01
   04  0.2256752E+03  0.9061209E+01 -0.6676462E-01  0.5163602E-01 -0.2906515E+01
   04  0.2271663E+03  0.9061403E+01 -0.6646039E-01  0.5193142E-01 -0.2906321E+01
   04  0.2286575E+03  0.9061592E+01 -0.6618557E-01  0.5223654E-01 -0.2906132E+01
   04  0.2301487E+03  0.9061777E+01 -0.6593927E-01  0.5255161E-01 -0.2905947E+01
   04  0.2316398E+03  0.9061958E+01 -0.6572058E-01  0.5287685E-01 -0.2905766E+01
   04  0.2331310E+03  0.9062135E+01 -0.6552864E-01  0.5321245E-01 -0.2905589E+01
   04  0.2346222E+03  0.9062307E+01 -0.6536247E-01  0.5355856E-01 -0.2905417E+01
   04  0.2361133E+03  0.9062475E+01 -0.6522054E-01  0.5391528E-01 -0.2905249E+01
   04  0.2376045E+03  0.9062640E+01 -0.6510125E-01  0.5428264E-01 -0.2905084E+01
   04  0.2390957E+03  0.9062800E+01 -0.6500314E-01  0.5466056E-01 -0.2904924E+01
   04  0.2405868E+03  0.9062956E+01 -0.6492487E-01  0.5504891E-01 -0.2904768E+01
   04  0.2420780E+03  0.9063107E+01 -0.6486526E-01  0.5544747E-01 -0.2904617E+01
   04  0.2435692E+03  0.9063255E+01 -0.6482323E-01  0.5585600E-01 -0.2904469E+01
   04  0.2450603E+03  0.9063399E+01 -0.6479784E-01  0.5627416E-01 -0.2904325E+01
   04  0.2465515E+03  0.9063539E+01 -0.6478825E-01  0.5670159E-01 -0.2904185E+01
   04  0.2480427E+03  0.9063675E+01 -0.6479373E-01  0.5713788E-01 -0.2904049E+01
   04  0.2495338E+03  0.9063808E+01 -0.6481364E-01  0.5758258E-01 -0.2903916E+01
   04  0.2510250E+03  0.9063937E+01 -0.6484746E-01  0.5803505E-01 -0.2903787E+01
   04  0.2525162E+03  0.9064062E+01 -0.6489470E-01  0.5849440E-01 -0.2903662E+01
   04  0.2540073E+03  0.9064184E+01 -0.6495496E-01  0.5895981E-01 -0.2903540E+01
   04  0.2554985E+03  0.9064302E+01 -0.6502789E-01  0.5943052E-01 -0.2903422E+01
   04  0.2569897E+03  0.9064417E+01 -0.6511318E-01  0.5990582E-01 -0.2903307E+01
   04  0.2584808E+03  0.9064530E+01 -0.6521059E-01  0.6038500E-01 -0.2903194E+01
   04  0.2599720E+03  0.9064639E+01 -0.6531988E-01  0.6086747E-01 -0.2903085E+01
   04  0.2614632E+03  0.9064746E+01 -0.6544086E-01  0.6135277E-01 -0.2902978E+01
   04  0.2629543E+03  0.9064850E+01 -0.6557332E-01  0.6184044E-01 -0.2902874E+01
   04  0.2644455E+03  0.9064951E+01 -0.6571712E-01  0.6233009E-01 -0.2902773E+01
   04  0.2659367E+03  0.9065050E+01 -0.6587213E-01  0.6282132E-01 -0.2902674E+01
   04  0.2674278E+03  0.9065147E+01 -0.6603824E-01  0.6331373E-01 -0.2902577E+01
   04  0.2689190E+03  0.9065242E+01 -0.6621536E-01  0.6380693E-01 -0.2902482E+01
   04  0.2704102E+03  0.9065334E+01 -0.6640344E-01  0.6430054E-01 -0.2902390E+01
   04  0.2719014E+03  0.9065425E+01 -0.6660240E-01  0.6479417E-01 -0.2902299E+01
   04  0.2733925E+03  0.9065514E+01 -0.6681219E-01  0.6528746E-01 -0.2902210E+01
   04  0.2748837E+03  0.9065602E+01 -0.6703276E-01  0.6578003E-01 -0.2902122E+01
   04  0.2763749E+03  0.9065688E+01 -0.6726405E-01  0.6627150E-01 -0.2902036E+01
   04  0.2778660E+03  0.9065773E+01 -0.6750602E-01  0.6676152E-01 -0.2901951E+01
   04  0.2793572E+03  0.9065857E+01 -0.6775861E-01  0.6724972E-01 -0.2901867E+01
   04  0.2808484E+03  0.9065940E+01 -0.6802174E-01  0.6773575E-01 -0.2901784E+01
   04  0.2823395E+03  0.9066022E+01 -0.6829536E-01  0.6821924E-01 -0.2901702E+01
   04  0.2838307E+03  0.9066104E+01 -0.6857937E-01  0.6869987E-01 -0.2901620E+01
   04  0.2853219E+03  0.9066185E+01 -0.6887370E-01  0.6917727E-01 -0.2901539E+01
   04  0.2868130E+03  0.9066265E+01 -0.6917823E-01  0.6965112E-01 -0.2901459E+01
   04  0.2883042E+03  0.9066346E+01 -0.6949286E-01  0.7012111E-01 -0.2901378E+01
   04  0.2897954E+03  0.9066426E+01 -0.6981746E-01  0.7058691E-01 -0.2901298E+01
   04  0.2912865E+03  0.9066507E+01 -0.7015189E-01  0.7104821E-01 -0.2901217E+01
   04  0.2927777E+03  0.9066588E+01 -0.7049601E-01  0.7150469E-01 -0.2901136E+01
   04  0.2942689E+03  0.9066669E+01 -0.7084964E-01  0.7195600E-01 -0.2901055E+01
   04  0.2957600E+03  0.9066751E+01 -0.7121262E-01  0.7240181E-01 -0.2900973E+01
   04  0.2972512E+03  0.9066834E+01 -0.7158476E-01  0.7284178E-01 -0.2900890E+01
   04  0.2987424E+03  0.9066918E+01 -0.7196584E-01  0.7327554E-01 -0.2900806E+01
   04  0.3002335E+03  0.9067003E+01 -0.7235565E-01  0.7370270E-01 -0.2900721E+01
   04  0.3017247E+03  0.9067089E+01 -0.7275395E-01  0.7412283E-01 -0.2900635E+01
   04  0.3032159E+03  0.9067176E+01 -0.7316051E-01  0.7453540E-01 -0.2900548E+01
   04  0.3047070E+03  0.9067265E+01 -0.7357505E-01  0.7494063E-01 -0.2900459E+01
   04  0.3061982E+03  0.9067356E+01 -0.7399730E-01  0.7533868E-01 -0.2900368E+01
   04  0.3076894E+03  0.9067449E+01 -0.7442698E-01  0.7572965E-01 -0.2900275E+01
   04  0.3091805E+03  0.9067543E+01 -0.7486381E-01  0.7611359E-01 -0.2900181E+01
   04  0.3106717E+03  0.9067640E+01 -0.7530752E-01  0.7649046E-01 -0.2900084E+01
   04  0.3121629E+03  0.9067739E+01 -0.7575783E-01  0.7686021E-01 -0.2899985E+01
   04  0.3136540E+03  0.9067840E+01 -0.7621444E-01  0.7722272E-01 -0.2899884E+01
   04  0.3151452E+03  0.9067943E+01 -0.7667707E-01  0.7757783E-01 -0.2899781E+01
   04  0.3165017E+03  0.9068039E+01 -0.7709979E-01  0.7789855E-01 -0.2899685E+01
   04  0.3178581E+03  0.9068137E+01 -0.7752727E-01  0.7821000E-01 -0.2899587E+01
   04  0.3192146E+03  0.9068238E+01 -0.7795924E-01  0.7851090E-01 -0.2899486E+01
   04  0.3205710E+03  0.9068341E+01 -0.7839542E-01  0.7880003E-01 -0.2899383E+01
   04  0.3219275E+03  0.9068448E+01 -0.7883551E-01  0.7907627E-01 -0.2899276E+01
   04  0.3232839E+03  0.9068558E+01 -0.7927918E-01  0.7933856E-01 -0.2899166E+01
   04  0.3246404E+03  0.9068672E+01 -0.7972609E-01  0.7958591E-01 -0.2899052E+01
   04  0.3259968E+03  0.9068789E+01 -0.8017589E-01  0.7981737E-01 -0.2898935E+01
   04  0.3273533E+03  0.9068911E+01 -0.8062821E-01  0.8003203E-01 -0.2898813E+01
   04  0.3287097E+03  0.9069036E+01 -0.8108265E-01  0.8022905E-01 -0.2898688E+01
   04  0.3300662E+03  0.9069166E+01 -0.8153883E-01  0.8040763E-01 -0.2898558E+01
   04  0.3314226E+03  0.9069300E+01 -0.8199632E-01  0.8056699E-01 -0.2898424E+01
   04  0.3327791E+03  0.9069439E+01 -0.8245473E-01  0.8070668E-01 -0.2898285E+01
   04  0.3341355E+03  0.9069583E+01 -0.8291369E-01  0.8082625E-01 -0.2898141E+01
   04  0.3354920E+03  0.9069732E+01 -0.8337282E-01  0.8092526E-01 -0.2897992E+01
   04  0.3368484E+03  0.9069887E+01 -0.8383181E-01  0.8100332E-01 -0.2897837E+01
   04  0.3382049E+03  0.9070047E+01 -0.8429030E-01  0.8106004E-01 -0.2897677E+01
   04  0.3395613E+03  0.9070212E+01 -0.8474799E-01  0.8109507E-01 -0.2897512E+01
   04  0.3409178E+03  0.9070383E+01 -0.8520452E-01  0.8110806E-01 -0.2897341E+01
   04  0.3422742E+03  0.9070561E+01 -0.8565958E-01  0.8109871E-01 -0.2897163E+01
   04  0.3436307E+03  0.9070744E+01 -0.8611284E-01  0.8106668E-01 -0.2896980E+01
   04  0.3449871E+03  0.9070934E+01 -0.8656394E-01  0.8101171E-01 -0.2896790E+01
   04  0.3463436E+03  0.9071130E+01 -0.8701254E-01  0.8093350E-01 -0.2896594E+01
   04  0.3477000E+03  0.9071333E+01 -0.8745829E-01  0.8083179E-01 -0.2896391E+01
   04  0.3490565E+03  0.9071542E+01 -0.8790083E-01  0.8070634E-01 -0.2896182E+01
   04  0.3504130E+03  0.9071759E+01 -0.8833979E-01  0.8055688E-01 -0.2895965E+01
   04  0.3517694E+03  0.9071982E+01 -0.8877480E-01  0.8038320E-01 -0.2895742E+01
   04  0.3531259E+03  0.9072213E+01 -0.8920547E-01  0.8018504E-01 -0.2895511E+01
   04  0.3544823E+03  0.9072451E+01 -0.8963144E-01  0.7996219E-01 -0.2895273E+01
   04  0.3558388E+03  0.9072697E+01 -0.9005230E-01  0.7971442E-01 -0.2895027E+01
   04  0.3574665E+03  0.9073003E+01 -0.9056138E-01  0.7936404E-01 -0.2894721E+01
   04  0.3590942E+03  0.9073321E+01 -0.9106122E-01  0.7897856E-01 -0.2894403E+01
   04  0.3607220E+03  0.9073650E+01 -0.9155113E-01  0.7855754E-01 -0.2894074E+01
   04  0.3623497E+03  0.9073991E+01 -0.9203043E-01  0.7810059E-01 -0.2893733E+01
   04  0.3639775E+03  0.9074343E+01 -0.9249841E-01  0.7760736E-01 -0.2893381E+01
   04  0.3656052E+03  0.9074708E+01 -0.9295439E-01  0.7707756E-01 -0.2893016E+01
   04  0.3672329E+03  0.9075084E+01 -0.9339769E-01  0.7651092E-01 -0.2892640E+01
   04  0.3688607E+03  0.9075473E+01 -0.9382763E-01  0.7590722E-01 -0.2892251E+01
   04  0.3704884E+03  0.9075875E+01 -0.9424354E-01  0.7526632E-01 -0.2891849E+01
   04  0.3721162E+03  0.9076289E+01 -0.9464478E-01  0.7458809E-01 -0.2891435E+01
   04  0.3737439E+03  0.9076716E+01 -0.9503072E-01  0.7387248E-01 -0.2891008E+01
   04  0.3753717E+03  0.9077156E+01 -0.9540075E-01  0.7311946E-01 -0.2890568E+01
   04  0.3769994E+03  0.9077609E+01 -0.9575429E-01  0.7232909E-01 -0.2890115E+01
   04  0.3786271E+03  0.9078075E+01 -0.9609079E-01  0.7150145E-01 -0.2889649E+01
   04  0.3802549E+03  0.9078554E+01 -0.9640972E-01  0.7063668E-01 -0.2889170E+01
   04  0.3818826E+03  0.9079047E+01 -0.9671049E-01  0.6973498E-01 -0.2888677E+01
   04  0.3835104E+03  0.9079553E+01 -0.9699246E-01  0.6879660E-01 -0.2888171E+01
   04  0.3851381E+03  0.9080072E+01 -0.9725601E-01  0.6782182E-01 -0.2887652E+01
   04  0.3867658E+03  0.9080605E+01 -0.9750197E-01  0.6681106E-01 -0.2887119E+01
   04  0.3883936E+03  0.9081152E+01 -0.9773113E-01  0.6576486E-01 -0.2886572E+01
   04  0.3900213E+03  0.9081712E+01 -0.9794425E-01  0.6468388E-01 -0.2886012E+01
   04  0.3916491E+03  0.9082287E+01 -0.9814200E-01  0.6356886E-01 -0.2885437E+01
   04  0.3932768E+03  0.9082875E+01 -0.9832503E-01  0.6242062E-01 -0.2884849E+01
   04  0.3949046E+03  0.9083477E+01 -0.9849393E-01  0.6124006E-01 -0.2884247E+01
   04  0.3965323E+03  0.9084094E+01 -0.9864920E-01  0.6002812E-01 -0.2883630E+01
   04  0.3981600E+03  0.9084725E+01 -0.9879127E-01  0.5878578E-01 -0.2882999E+01
   04  0.3997878E+03  0.9085369E+01 -0.9892054E-01  0.5751389E-01 -0.2882355E+01
   04  0.4014155E+03  0.9086029E+01 -0.9903734E-01  0.5621351E-01 -0.2881695E+01
   04  0.4030433E+03  0.9086702E+01 -0.9914196E-01  0.5488573E-01 -0.2881022E+01
   04  0.4046710E+03  0.9087390E+01 -0.9923461E-01  0.5353161E-01 -0.2880334E+01
   04  0.4062987E+03  0.9088092E+01 -0.9931567E-01  0.5215221E-01 -0.2879632E+01
   04  0.4079265E+03  0.9088808E+01 -0.9938556E-01  0.5074858E-01 -0.2878916E+01
   04  0.4095542E+03  0.9089539E+01 -0.9944468E-01  0.4932179E-01 -0.2878185E+01
   04  0.4111820E+03  0.9090283E+01 -0.9949335E-01  0.4787291E-01 -0.2877441E+01
   04  0.4128097E+03  0.9091042E+01 -0.9953191E-01  0.4640299E-01 -0.2876682E+01
   04  0.4144375E+03  0.9091816E+01 -0.9956063E-01  0.4491308E-01 -0.2875908E+01
   04  0.4160652E+03  0.9092603E+01 -0.9957976E-01  0.4340422E-01 -0.2875121E+01
   04  0.4176929E+03  0.9093405E+01 -0.9958952E-01  0.4187743E-01 -0.2874319E+01
   04  0.4193207E+03  0.9094221E+01 -0.9959014E-01  0.4033381E-01 -0.2873503E+01
   04  0.4209484E+03  0.9095051E+01 -0.9958185E-01  0.3877445E-01 -0.2872673E+01
   04  0.4225762E+03  0.9095895E+01 -0.9956487E-01  0.3720042E-01 -0.2871829E+01
   04  0.4242039E+03  0.9096753E+01 -0.9953944E-01  0.3561289E-01 -0.2870971E+01
   04  0.4258316E+03  0.9097625E+01 -0.9950583E-01  0.3401315E-01 -0.2870099E+01
   04  0.4274594E+03  0.9098510E+01 -0.9946429E-01  0.3240268E-01 -0.2869214E+01
   04  0.4290871E+03  0.9099409E+01 -0.9941511E-01  0.3078351E-01 -0.2868315E+01
   04  0.4307149E+03  0.9100322E+01 -0.9935859E-01  0.2915918E-01 -0.2867402E+01
   04  0.4323426E+03  0.9101247E+01 -0.9929501E-01  0.2753849E-01 -0.2866477E+01
   04  0.4339704E+03  0.9102183E+01 -0.9922480E-01  0.2593090E-01 -0.2865541E+01
   04  0.4355981E+03  0.9103137E+01 -0.9914971E-01  0.2427000E-01 -0.2864587E+01
   04  0.4372258E+03  0.9104109E+01 -0.9906929E-01  0.2256046E-01 -0.2863615E+01
   04  0.4388536E+03  0.9105097E+01 -0.9898192E-01  0.2081403E-01 -0.2862627E+01
   04  0.4404813E+03  0.9106097E+01 -0.9888471E-01  0.1907784E-01 -0.2861627E+01
   04  0.4421091E+03  0.9107110E+01 -0.9877633E-01  0.1734853E-01 -0.2860614E+01
   04  0.4437368E+03  0.9108135E+01 -0.9865554E-01  0.1562559E-01 -0.2859589E+01
   04  0.4453645E+03  0.9109172E+01 -0.9852128E-01  0.1390934E-01 -0.2858552E+01
   04  0.4469923E+03  0.9110221E+01 -0.9837268E-01  0.1220030E-01 -0.2857503E+01
   04  0.4486200E+03  0.9111281E+01 -0.9820906E-01  0.1049896E-01 -0.2856443E+01
   04  0.4502478E+03  0.9112352E+01 -0.9802994E-01  0.8805714E-02 -0.2855372E+01
   04  0.4518755E+03  0.9113434E+01 -0.9783501E-01  0.7120827E-02 -0.2854290E+01
   04  0.4535033E+03  0.9114527E+01 -0.9762415E-01  0.5444411E-02 -0.2853197E+01
   04  0.4551310E+03  0.9115631E+01 -0.9739738E-01  0.3776443E-02 -0.2852093E+01
   04  0.4567587E+03  0.9116745E+01 -0.9715490E-01  0.2116798E-02 -0.2850979E+01
   04  0.4583865E+03  0.9117869E+01 -0.9689704E-01  0.4652539E-03 -0.2849855E+01
   04  0.4600142E+03  0.9119004E+01 -0.9662424E-01 -0.1178487E-02 -0.2848720E+01
   04  0.4616420E+03  0.9120147E+01 -0.9633664E-01 -0.2843415E-02 -0.2847577E+01
   04  0.4632697E+03  0.9121296E+01 -0.9603521E-01 -0.4540791E-02 -0.2846428E+01
   04  0.4648974E+03  0.9122453E+01 -0.9572135E-01 -0.6270409E-02 -0.2845271E+01
   04  0.4665252E+03  0.9123617E+01 -0.9539649E-01 -0.8032109E-02 -0.2844107E+01
   04  0.4681529E+03  0.9124789E+01 -0.9506204E-01 -0.9825772E-02 -0.2842935E+01
   04  0.4697807E+03  0.9125968E+01 -0.9471893E-01 -0.1165132E-01 -0.2841756E+01
   04  0.4714084E+03  0.9127154E+01 -0.9436787E-01 -0.1350874E-01 -0.2840570E+01
   04  0.4730362E+03  0.9128349E+01 -0.9400966E-01 -0.1539805E-01 -0.2839375E+01
   04  0.4746639E+03  0.9129551E+01 -0.9364512E-01 -0.1731934E-01 -0.2838173E+01
   04  0.4762916E+03  0.9130761E+01 -0.9327513E-01 -0.1927271E-01 -0.2836963E+01
   04  0.4779194E+03  0.9131980E+01 -0.9290061E-01 -0.2125832E-01 -0.2835744E+01
   04  0.4795471E+03  0.9133207E+01 -0.9252248E-01 -0.2327636E-01 -0.2834517E+01
   04  0.4811749E+03  0.9134442E+01 -0.9214170E-01 -0.2532705E-01 -0.2833282E+01
   04  0.4828026E+03  0.9135686E+01 -0.9175921E-01 -0.2741064E-01 -0.2832038E+01
   04  0.4844303E+03  0.9136940E+01 -0.9137597E-01 -0.2952738E-01 -0.2830784E+01
   04  0.4860581E+03  0.9138202E+01 -0.9099291E-01 -0.3167759E-01 -0.2829522E+01
   04  0.4876858E+03  0.9139475E+01 -0.9061097E-01 -0.3386155E-01 -0.2828249E+01
   04  0.4893136E+03  0.9140756E+01 -0.9023106E-01 -0.3607962E-01 -0.2826968E+01
   04  0.4909413E+03  0.9142048E+01 -0.8985407E-01 -0.3833214E-01 -0.2825676E+01
   04  0.4925691E+03  0.9143351E+01 -0.8948088E-01 -0.4061948E-01 -0.2824373E+01
   04  0.4941968E+03  0.9144664E+01 -0.8911233E-01 -0.4294205E-01 -0.2823060E+01
   04  0.4958245E+03  0.9145988E+01 -0.8874925E-01 -0.4530026E-01 -0.2821736E+01
   04  0.4974523E+03  0.9147323E+01 -0.8839243E-01 -0.4769454E-01 -0.2820401E+01
   04  0.4990800E+03  0.9148669E+01 -0.8804265E-01 -0.5012536E-01 -0.2819055E+01
   04  0.5007078E+03  0.9150028E+01 -0.8770065E-01 -0.5259320E-01 -0.2817696E+01
   04  0.5023355E+03  0.9151399E+01 -0.8736715E-01 -0.5509857E-01 -0.2816325E+01
   04  0.5039632E+03  0.9152782E+01 -0.8704286E-01 -0.5764198E-01 -0.2814942E+01
   04  0.5055910E+03  0.9154178E+01 -0.8672845E-01 -0.6022400E-01 -0.2813546E+01
   04  0.5072187E+03  0.9155588E+01 -0.8642458E-01 -0.6284519E-01 -0.2812136E+01
   04  0.5088465E+03  0.9157011E+01 -0.8613188E-01 -0.6550615E-01 -0.2810713E+01
   04  0.5104742E+03  0.9158449E+01 -0.8585096E-01 -0.6820751E-01 -0.2809275E+01
   04  0.5121020E+03  0.9159900E+01 -0.8558242E-01 -0.7094993E-01 -0.2807824E+01
   04  0.5137297E+03  0.9161367E+01 -0.8532709E-01 -0.7373405E-01 -0.2806357E+01
   04  0.5153574E+03  0.9162849E+01 -0.8508598E-01 -0.7656057E-01 -0.2804875E+01
   04  0.5169852E+03  0.9164347E+01 -0.8485996E-01 -0.7943017E-01 -0.2803377E+01
   04  0.5186129E+03  0.9165861E+01 -0.8464986E-01 -0.8234354E-01 -0.2801863E+01
   04  0.5202407E+03  0.9167392E+01 -0.8445641E-01 -0.8530139E-01 -0.2800332E+01
   04  0.5218684E+03  0.9168940E+01 -0.8428031E-01 -0.8830444E-01 -0.2798784E+01
   04  0.5234961E+03  0.9170506E+01 -0.8412224E-01 -0.9135339E-01 -0.2797218E+01
   04  0.5251239E+03  0.9172090E+01 -0.8398284E-01 -0.9444898E-01 -0.2795634E+01
   04  0.5267516E+03  0.9173693E+01 -0.8386274E-01 -0.9759194E-01 -0.2794031E+01
   04  0.5283794E+03  0.9175315E+01 -0.8376256E-01 -0.1007830E+00 -0.2792409E+01
   04  0.5300071E+03  0.9176957E+01 -0.8368296E-01 -0.1040229E+00 -0.2790767E+01
   04  0.5316349E+03  0.9178619E+01 -0.8362458E-01 -0.1073123E+00 -0.2789105E+01
   04  0.5332626E+03  0.9180302E+01 -0.8358811E-01 -0.1106521E+00 -0.2787422E+01
   04  0.5348903E+03  0.9182007E+01 -0.8357426E-01 -0.1140429E+00 -0.2785717E+01
   04  0.5365181E+03  0.9183733E+01 -0.8358377E-01 -0.1174854E+00 -0.2783991E+01
   04  0.5381458E+03  0.9185482E+01 -0.8361745E-01 -0.1209804E+00 -0.2782242E+01
   04  0.5397736E+03  0.9187255E+01 -0.8367614E-01 -0.1245285E+00 -0.2780469E+01
   04  0.5414013E+03  0.9189051E+01 -0.8376072E-01 -0.1281304E+00 -0.2778673E+01
   04  0.5430290E+03  0.9190871E+01 -0.8387218E-01 -0.1317869E+00 -0.2776853E+01
   04  0.5446568E+03  0.9192717E+01 -0.8401152E-01 -0.1354985E+00 -0.2775007E+01
   04  0.5462845E+03  0.9194589E+01 -0.8417985E-01 -0.1392658E+00 -0.2773135E+01
   04  0.5479123E+03  0.9196487E+01 -0.8437834E-01 -0.1430895E+00 -0.2771237E+01
   04  0.5495400E+03  0.9198412E+01 -0.8460825E-01 -0.1469701E+00 -0.2769312E+01
   04  0.5511678E+03  0.9200365E+01 -0.8487091E-01 -0.1509082E+00 -0.2767359E+01
   04  0.5527955E+03  0.9202346E+01 -0.8516797E-01 -0.1549042E+00 -0.2765378E+01
   04  0.5544232E+03  0.9204358E+01 -0.8550204E-01 -0.1589586E+00 -0.2763366E+01
   04  0.5560510E+03  0.9206399E+01 -0.8587577E-01 -0.1630727E+00 -0.2761325E+01
   04  0.5576787E+03  0.9208472E+01 -0.8629180E-01 -0.1672473E+00 -0.2759252E+01
   04  0.5593065E+03  0.9210578E+01 -0.8675277E-01 -0.1714833E+00 -0.2757146E+01
   04  0.5609342E+03  0.9212716E+01 -0.8726138E-01 -0.1757808E+00 -0.2755008E+01
   04  0.5625619E+03  0.9214889E+01 -0.8782034E-01 -0.1801392E+00 -0.2752835E+01
   04  0.5641897E+03  0.9217097E+01 -0.8843247E-01 -0.1845584E+00 -0.2750627E+01
   04  0.5658174E+03  0.9219342E+01 -0.8910059E-01 -0.1890377E+00 -0.2748382E+01
   04  0.5674452E+03  0.9221623E+01 -0.8982765E-01 -0.1935765E+00 -0.2746101E+01
   04  0.5690729E+03  0.9223942E+01 -0.9061664E-01 -0.1981735E+00 -0.2743782E+01
   04  0.5707007E+03  0.9226300E+01 -0.9147066E-01 -0.2028277E+00 -0.2741424E+01
   04  0.5723284E+03  0.9228698E+01 -0.9239291E-01 -0.2075378E+00 -0.2739026E+01
   04  0.5739561E+03  0.9231138E+01 -0.9338671E-01 -0.2123022E+00 -0.2736586E+01
   04  0.5755839E+03  0.9233619E+01 -0.9445549E-01 -0.2171195E+00 -0.2734105E+01
   04  0.5772116E+03  0.9236143E+01 -0.9560279E-01 -0.2219878E+00 -0.2731581E+01
   04  0.5788394E+03  0.9238712E+01 -0.9683233E-01 -0.2269057E+00 -0.2729012E+01
   04  0.5804671E+03  0.9241326E+01 -0.9814793E-01 -0.2318713E+00 -0.2726398E+01
   04  0.5820948E+03  0.9243986E+01 -0.9955358E-01 -0.2368829E+00 -0.2723738E+01
   04  0.5837226E+03  0.9246694E+01 -0.1010534E+00 -0.2419387E+00 -0.2721030E+01
   04  0.5853503E+03  0.9249451E+01 -0.1026517E+00 -0.2470370E+00 -0.2718273E+01
   04  0.5869781E+03  0.9252258E+01 -0.1043530E+00 -0.2521762E+00 -0.2715466E+01
   04  0.5886058E+03  0.9255116E+01 -0.1061618E+00 -0.2573545E+00 -0.2712608E+01
   04  0.5902336E+03  0.9258028E+01 -0.1080830E+00 -0.2625703E+00 -0.2709696E+01
   04  0.5918613E+03  0.9260994E+01 -0.1101216E+00 -0.2678222E+00 -0.2706730E+01
   04  0.5934890E+03  0.9264015E+01 -0.1122830E+00 -0.2731087E+00 -0.2703709E+01
   04  0.5951168E+03  0.9267094E+01 -0.1145726E+00 -0.2784283E+00 -0.2700630E+01
   04  0.5967445E+03  0.9270232E+01 -0.1169962E+00 -0.2837799E+00 -0.2697492E+01
   04  0.5983723E+03  0.9273431E+01 -0.1195596E+00 -0.2891621E+00 -0.2694293E+01
