# gauge_id= 305 location=( -0.1241963333E+03  0.4175583333E+02 ) num_var=  4
# Stationary gauge
# level, time, q[  1  2  3], eta, aux[]
# file format ascii, time series follow in this file
   04  0.0000000E+00  0.4596900E+01  0.0000000E+00  0.0000000E+00  0.0000000E+00
   04  0.1000000E+01  0.4596900E+01 -0.2774021E-16  0.2074411E-17 -0.2868853E+01
   04  0.1015873E+01  0.4596899E+01 -0.8197174E-04 -0.1408096E-04 -0.2868854E+01
   04  0.1031746E+01  0.4596898E+01 -0.1639456E-03 -0.2816102E-04 -0.2868855E+01
   04  0.1047619E+01  0.4596897E+01 -0.2459217E-03 -0.4224018E-04 -0.2868855E+01
   04  0.1063492E+01  0.4596897E+01 -0.3278999E-03 -0.5631845E-04 -0.2868856E+01
   04  0.1079365E+01  0.4596896E+01 -0.4098802E-03 -0.7039583E-04 -0.2868857E+01
   04  0.1095238E+01  0.4596895E+01 -0.4918627E-03 -0.8447231E-04 -0.2868858E+01
   04  0.1111111E+01  0.4596894E+01 -0.5738474E-03 -0.9854790E-04 -0.2868858E+01
   04  0.1126984E+01  0.4596893E+01 -0.6558343E-03 -0.1126226E-03 -0.2868859E+01
   04  0.1142857E+01  0.4596893E+01 -0.7378233E-03 -0.1266964E-03 -0.2868860E+01
   04  0.1158730E+01  0.4596892E+01 -0.8198146E-03 -0.1407693E-03 -0.2868861E+01
   04  0.1174603E+01  0.4596891E+01 -0.9018080E-03 -0.1548413E-03 -0.2868862E+01
   04  0.1190476E+01  0.4596890E+01 -0.9838036E-03 -0.1689124E-03 -0.2868862E+01
   04  0.1206349E+01  0.4596889E+01 -0.1065801E-02 -0.1829826E-03 -0.2868863E+01
   04  0.1222222E+01  0.4596889E+01 -0.1147801E-02 -0.1970520E-03 -0.2868864E+01
   04  0.1238095E+01  0.4596888E+01 -0.1229804E-02 -0.2111204E-03 -0.2868865E+01
   04  0.1253968E+01  0.4596887E+01 -0.1311808E-02 -0.2251879E-03 -0.2868866E+01
   04  0.1269841E+01  0.4596886E+01 -0.1393815E-02 -0.2392546E-03 -0.2868867E+01
   04  0.1285714E+01  0.4596885E+01 -0.1475823E-02 -0.2533203E-03 -0.2868867E+01
   04  0.1301587E+01  0.4596885E+01 -0.1557835E-02 -0.2673852E-03 -0.2868868E+01
   04  0.1317460E+01  0.4596884E+01 -0.1639848E-02 -0.2814491E-03 -0.2868869E+01
   04  0.1333333E+01  0.4596883E+01 -0.1721863E-02 -0.2955122E-03 -0.2868870E+01
   04  0.1349206E+01  0.4596882E+01 -0.1803881E-02 -0.3095744E-03 -0.2868871E+01
   04  0.1365079E+01  0.4596881E+01 -0.1885901E-02 -0.3236356E-03 -0.2868871E+01
   04  0.1380952E+01  0.4596880E+01 -0.1967923E-02 -0.3376960E-03 -0.2868872E+01
   04  0.1396825E+01  0.4596880E+01 -0.2049948E-02 -0.3517555E-03 -0.2868873E+01
   04  0.1412698E+01  0.4596879E+01 -0.2131975E-02 -0.3658141E-03 -0.2868874E+01
   04  0.1428571E+01  0.4596878E+01 -0.2214004E-02 -0.3798718E-03 -0.2868875E+01
   04  0.1476190E+01  0.4596875E+01 -0.2460117E-02 -0.4220470E-03 -0.2868877E+01
   04  0.1523810E+01  0.4596873E+01 -0.2706252E-02 -0.4642141E-03 -0.2868880E+01
   04  0.1571429E+01  0.4596870E+01 -0.2952406E-02 -0.5063731E-03 -0.2868882E+01
   04  0.1619048E+01  0.4596868E+01 -0.3198582E-02 -0.5485241E-03 -0.2868885E+01
   04  0.1666667E+01  0.4596865E+01 -0.3444778E-02 -0.5906671E-03 -0.2868887E+01
   04  0.1714286E+01  0.4596863E+01 -0.3690996E-02 -0.6328019E-03 -0.2868890E+01
   04  0.1761905E+01  0.4596860E+01 -0.3937234E-02 -0.6749287E-03 -0.2868893E+01
   04  0.1809524E+01  0.4596857E+01 -0.4183494E-02 -0.7170475E-03 -0.2868895E+01
   04  0.1857143E+01  0.4596855E+01 -0.4429774E-02 -0.7591582E-03 -0.2868898E+01
   04  0.1904762E+01  0.4596852E+01 -0.4676077E-02 -0.8012609E-03 -0.2868901E+01
   04  0.1952381E+01  0.4596849E+01 -0.4922400E-02 -0.8433555E-03 -0.2868903E+01
   04  0.2000000E+01  0.4596847E+01 -0.5168746E-02 -0.8854420E-03 -0.2868906E+01
   04  0.5727919E+01  0.4596579E+01 -0.2463978E-01 -0.4211126E-02 -0.2869174E+01
   04  0.9455838E+01  0.4596205E+01 -0.4429373E-01 -0.7476577E-02 -0.2869548E+01
   04  0.1318376E+02  0.4595721E+01 -0.6418560E-01 -0.1068310E-01 -0.2870032E+01
   04  0.1691168E+02  0.4595122E+01 -0.8437734E-01 -0.1383383E-01 -0.2870631E+01
   04  0.2063960E+02  0.4594403E+01 -0.1049343E+00 -0.1693322E-01 -0.2871350E+01
   04  0.2436752E+02  0.4593559E+01 -0.1259219E+00 -0.1998654E-01 -0.2872194E+01
   04  0.2809543E+02  0.4592584E+01 -0.1474017E+00 -0.2299944E-01 -0.2873168E+01
   04  0.3182335E+02  0.4591474E+01 -0.1694288E+00 -0.2597764E-01 -0.2874278E+01
   04  0.3555127E+02  0.4590225E+01 -0.1920486E+00 -0.2892660E-01 -0.2875527E+01
   04  0.3834721E+02  0.4589191E+01 -0.2094138E+00 -0.3113142E-01 -0.2876562E+01
   04  0.4114315E+02  0.4588076E+01 -0.2271447E+00 -0.3332775E-01 -0.2877677E+01
   04  0.4393909E+02  0.4586880E+01 -0.2452450E+00 -0.3551758E-01 -0.2878872E+01
   04  0.4673503E+02  0.4585605E+01 -0.2637142E+00 -0.3770272E-01 -0.2880148E+01
   04  0.4922031E+02  0.4584402E+01 -0.2804395E+00 -0.3964730E-01 -0.2881351E+01
   04  0.5170559E+02  0.4583137E+01 -0.2974537E+00 -0.4159122E-01 -0.2882615E+01
   04  0.5419087E+02  0.4581813E+01 -0.3147450E+00 -0.4353526E-01 -0.2883940E+01
   04  0.5667615E+02  0.4580432E+01 -0.3322824E+00 -0.4547996E-01 -0.2885320E+01
   04  0.5916143E+02  0.4579001E+01 -0.3500318E+00 -0.4742513E-01 -0.2886751E+01
   04  0.6164671E+02  0.4577525E+01 -0.3679560E+00 -0.4936993E-01 -0.2888228E+01
   04  0.6413199E+02  0.4576009E+01 -0.3860210E+00 -0.5131297E-01 -0.2889744E+01
   04  0.6661727E+02  0.4574458E+01 -0.4041911E+00 -0.5325227E-01 -0.2891295E+01
   04  0.6910255E+02  0.4572877E+01 -0.4224299E+00 -0.5519271E-01 -0.2892876E+01
   04  0.7158783E+02  0.4571269E+01 -0.4407009E+00 -0.5715209E-01 -0.2894484E+01
   04  0.7407311E+02  0.4569640E+01 -0.4589667E+00 -0.5912766E-01 -0.2896113E+01
   04  0.7655838E+02  0.4567996E+01 -0.4771900E+00 -0.6111686E-01 -0.2897756E+01
   04  0.7904366E+02  0.4566344E+01 -0.4953335E+00 -0.6311735E-01 -0.2899409E+01
   04  0.8152894E+02  0.4564688E+01 -0.5133608E+00 -0.6512696E-01 -0.2901065E+01
   04  0.8401422E+02  0.4563035E+01 -0.5312363E+00 -0.6714365E-01 -0.2902718E+01
   04  0.8649950E+02  0.4561390E+01 -0.5489261E+00 -0.6916636E-01 -0.2904363E+01
   04  0.8898478E+02  0.4559758E+01 -0.5663978E+00 -0.7119401E-01 -0.2905995E+01
   04  0.9147006E+02  0.4558144E+01 -0.5836211E+00 -0.7322493E-01 -0.2907609E+01
   04  0.9445240E+02  0.4556241E+01 -0.6039377E+00 -0.7564310E-01 -0.2909512E+01
   04  0.9743473E+02  0.4554379E+01 -0.6238165E+00 -0.7806194E-01 -0.2911374E+01
   04  0.1004171E+03  0.4552563E+01 -0.6432217E+00 -0.8047945E-01 -0.2913189E+01
   04  0.1033994E+03  0.4550803E+01 -0.6621134E+00 -0.8289387E-01 -0.2914950E+01
   04  0.1063817E+03  0.4549123E+01 -0.6803030E+00 -0.8530360E-01 -0.2916630E+01
   04  0.1093641E+03  0.4547532E+01 -0.6977423E+00 -0.8770313E-01 -0.2918221E+01
   04  0.1123464E+03  0.4546034E+01 -0.7144116E+00 -0.9008733E-01 -0.2919719E+01
   04  0.1153287E+03  0.4544632E+01 -0.7303012E+00 -0.9245178E-01 -0.2921121E+01
   04  0.1183111E+03  0.4543328E+01 -0.7454108E+00 -0.9479235E-01 -0.2922425E+01
   04  0.1212934E+03  0.4542123E+01 -0.7597470E+00 -0.9710427E-01 -0.2923629E+01
   04  0.1242758E+03  0.4541017E+01 -0.7733205E+00 -0.9938112E-01 -0.2924735E+01
   04  0.1272581E+03  0.4540009E+01 -0.7861272E+00 -0.1016241E+00 -0.2925744E+01
   04  0.1302404E+03  0.4539093E+01 -0.7981744E+00 -0.1038273E+00 -0.2926659E+01
   04  0.1332228E+03  0.4538267E+01 -0.8094652E+00 -0.1059991E+00 -0.2927486E+01
   04  0.1362051E+03  0.4537529E+01 -0.8200268E+00 -0.1081388E+00 -0.2928224E+01
   04  0.1391874E+03  0.4536877E+01 -0.8298909E+00 -0.1102500E+00 -0.2928875E+01
   04  0.1421698E+03  0.4536312E+01 -0.8390910E+00 -0.1123364E+00 -0.2929441E+01
   04  0.1451521E+03  0.4535830E+01 -0.8476566E+00 -0.1143953E+00 -0.2929923E+01
   04  0.1481344E+03  0.4535431E+01 -0.8556163E+00 -0.1164248E+00 -0.2930321E+01
   04  0.1511168E+03  0.4535114E+01 -0.8629931E+00 -0.1184239E+00 -0.2930639E+01
   04  0.1540991E+03  0.4534887E+01 -0.8697242E+00 -0.1203932E+00 -0.2930866E+01
   04  0.1570814E+03  0.4534745E+01 -0.8757829E+00 -0.1223327E+00 -0.2931008E+01
   04  0.1600638E+03  0.4534686E+01 -0.8812723E+00 -0.1242279E+00 -0.2931067E+01
   04  0.1630461E+03  0.4534714E+01 -0.8862307E+00 -0.1260206E+00 -0.2931039E+01
   04  0.1660284E+03  0.4534824E+01 -0.8907116E+00 -0.1277149E+00 -0.2930929E+01
   04  0.1690108E+03  0.4534991E+01 -0.8948735E+00 -0.1293165E+00 -0.2930762E+01
   04  0.1719931E+03  0.4535212E+01 -0.8987406E+00 -0.1308370E+00 -0.2930540E+01
   04  0.1749755E+03  0.4535485E+01 -0.9023333E+00 -0.1322878E+00 -0.2930268E+01
   04  0.1779578E+03  0.4535806E+01 -0.9056683E+00 -0.1336799E+00 -0.2929947E+01
   04  0.1809401E+03  0.4536173E+01 -0.9087594E+00 -0.1350237E+00 -0.2929579E+01
   04  0.1824313E+03  0.4536375E+01 -0.9102300E+00 -0.1356784E+00 -0.2929378E+01
   04  0.1839225E+03  0.4536587E+01 -0.9116448E+00 -0.1363246E+00 -0.2929166E+01
   04  0.1854136E+03  0.4536810E+01 -0.9130047E+00 -0.1369633E+00 -0.2928943E+01
   04  0.1869048E+03  0.4537044E+01 -0.9143106E+00 -0.1375956E+00 -0.2928709E+01
   04  0.1883960E+03  0.4537287E+01 -0.9155631E+00 -0.1382224E+00 -0.2928465E+01
   04  0.1898871E+03  0.4537542E+01 -0.9167631E+00 -0.1388446E+00 -0.2928211E+01
   04  0.1913783E+03  0.4537806E+01 -0.9179111E+00 -0.1394630E+00 -0.2927947E+01
   04  0.1928695E+03  0.4538080E+01 -0.9190077E+00 -0.1400784E+00 -0.2927673E+01
   04  0.1943606E+03  0.4538364E+01 -0.9200534E+00 -0.1406915E+00 -0.2927388E+01
   04  0.1958518E+03  0.4538659E+01 -0.9210487E+00 -0.1413030E+00 -0.2927094E+01
   04  0.1973430E+03  0.4538963E+01 -0.9219941E+00 -0.1419134E+00 -0.2926790E+01
   04  0.1988341E+03  0.4539277E+01 -0.9228901E+00 -0.1425234E+00 -0.2926476E+01
   04  0.2003253E+03  0.4539600E+01 -0.9237371E+00 -0.1431333E+00 -0.2926152E+01
   04  0.2018165E+03  0.4539934E+01 -0.9245356E+00 -0.1437437E+00 -0.2925819E+01
   04  0.2033076E+03  0.4540276E+01 -0.9252862E+00 -0.1443549E+00 -0.2925476E+01
   04  0.2047988E+03  0.4540629E+01 -0.9259894E+00 -0.1449671E+00 -0.2925124E+01
   04  0.2062900E+03  0.4540991E+01 -0.9266459E+00 -0.1455808E+00 -0.2924762E+01
   04  0.2077811E+03  0.4541362E+01 -0.9272564E+00 -0.1461962E+00 -0.2924390E+01
   04  0.2092723E+03  0.4541743E+01 -0.9278218E+00 -0.1468134E+00 -0.2924010E+01
   04  0.2107635E+03  0.4542133E+01 -0.9283429E+00 -0.1474327E+00 -0.2923620E+01
   04  0.2122546E+03  0.4542532E+01 -0.9288209E+00 -0.1480542E+00 -0.2923220E+01
   04  0.2137458E+03  0.4542941E+01 -0.9292561E+00 -0.1486778E+00 -0.2922812E+01
   04  0.2152370E+03  0.4543358E+01 -0.9296498E+00 -0.1493022E+00 -0.2922394E+01
   04  0.2167281E+03  0.4543785E+01 -0.9300034E+00 -0.1499270E+00 -0.2921967E+01
   04  0.2182193E+03  0.4544221E+01 -0.9303189E+00 -0.1505519E+00 -0.2921531E+01
   04  0.2197105E+03  0.4544666E+01 -0.9305980E+00 -0.1511766E+00 -0.2921086E+01
   04  0.2212017E+03  0.4545120E+01 -0.9308430E+00 -0.1518006E+00 -0.2920632E+01
   04  0.2226928E+03  0.4545583E+01 -0.9310562E+00 -0.1524234E+00 -0.2920170E+01
   04  0.2241840E+03  0.4546055E+01 -0.9312404E+00 -0.1530441E+00 -0.2919698E+01
   04  0.2256752E+03  0.4546534E+01 -0.9313879E+00 -0.1536615E+00 -0.2919219E+01
   04  0.2271663E+03  0.4547021E+01 -0.9314968E+00 -0.1542792E+00 -0.2918732E+01
   04  0.2286575E+03  0.4547515E+01 -0.9315683E+00 -0.1548980E+00 -0.2918238E+01
   04  0.2301487E+03  0.4548016E+01 -0.9316037E+00 -0.1555175E+00 -0.2917737E+01
   04  0.2316398E+03  0.4548524E+01 -0.9316045E+00 -0.1561375E+00 -0.2917229E+01
   04  0.2331310E+03  0.4549038E+01 -0.9315722E+00 -0.1567577E+00 -0.2916715E+01
   04  0.2346222E+03  0.4549559E+01 -0.9315082E+00 -0.1573778E+00 -0.2916194E+01
   04  0.2361133E+03  0.4550086E+01 -0.9314143E+00 -0.1579974E+00 -0.2915667E+01
   04  0.2376045E+03  0.4550619E+01 -0.9312918E+00 -0.1586162E+00 -0.2915134E+01
   04  0.2390957E+03  0.4551158E+01 -0.9311425E+00 -0.1592337E+00 -0.2914595E+01
   04  0.2405868E+03  0.4551702E+01 -0.9309679E+00 -0.1598496E+00 -0.2914051E+01
   04  0.2420780E+03  0.4552252E+01 -0.9307696E+00 -0.1604635E+00 -0.2913501E+01
   04  0.2435692E+03  0.4552807E+01 -0.9305494E+00 -0.1610750E+00 -0.2912945E+01
   04  0.2450603E+03  0.4553367E+01 -0.9303089E+00 -0.1616836E+00 -0.2912385E+01
   04  0.2465515E+03  0.4553932E+01 -0.9300498E+00 -0.1622889E+00 -0.2911820E+01
   04  0.2480427E+03  0.4554502E+01 -0.9297738E+00 -0.1628905E+00 -0.2911251E+01
   04  0.2495338E+03  0.4555076E+01 -0.9294826E+00 -0.1634879E+00 -0.2910677E+01
   04  0.2510250E+03  0.4555654E+01 -0.9291781E+00 -0.1640806E+00 -0.2910099E+01
   04  0.2525162E+03  0.4556235E+01 -0.9288618E+00 -0.1646683E+00 -0.2909517E+01
   04  0.2540073E+03  0.4556821E+01 -0.9285355E+00 -0.1652505E+00 -0.2908932E+01
   04  0.2554985E+03  0.4557410E+01 -0.9282008E+00 -0.1658267E+00 -0.2908343E+01
   04  0.2569897E+03  0.4558002E+01 -0.9278593E+00 -0.1663965E+00 -0.2907751E+01
   04  0.2584808E+03  0.4558597E+01 -0.9275128E+00 -0.1669595E+00 -0.2907155E+01
   04  0.2599720E+03  0.4559195E+01 -0.9271627E+00 -0.1675152E+00 -0.2906557E+01
   04  0.2614632E+03  0.4559796E+01 -0.9268106E+00 -0.1680633E+00 -0.2905957E+01
   04  0.2629543E+03  0.4560399E+01 -0.9264580E+00 -0.1686032E+00 -0.2905354E+01
   04  0.2644455E+03  0.4561004E+01 -0.9261062E+00 -0.1691346E+00 -0.2904748E+01
   04  0.2659367E+03  0.4561612E+01 -0.9257568E+00 -0.1696572E+00 -0.2904141E+01
   04  0.2674278E+03  0.4562221E+01 -0.9254113E+00 -0.1701705E+00 -0.2903532E+01
   04  0.2689190E+03  0.4562832E+01 -0.9250710E+00 -0.1706743E+00 -0.2902921E+01
   04  0.2704102E+03  0.4563444E+01 -0.9247375E+00 -0.1711681E+00 -0.2902309E+01
   04  0.2719014E+03  0.4564058E+01 -0.9244120E+00 -0.1716517E+00 -0.2901695E+01
   04  0.2733925E+03  0.4564673E+01 -0.9240960E+00 -0.1721247E+00 -0.2901080E+01
   04  0.2748837E+03  0.4565289E+01 -0.9237909E+00 -0.1725868E+00 -0.2900463E+01
   04  0.2763749E+03  0.4565906E+01 -0.9234981E+00 -0.1730379E+00 -0.2899846E+01
   04  0.2778660E+03  0.4566524E+01 -0.9232188E+00 -0.1734775E+00 -0.2899228E+01
   04  0.2793572E+03  0.4567143E+01 -0.9229545E+00 -0.1739055E+00 -0.2898610E+01
   04  0.2808484E+03  0.4567762E+01 -0.9227065E+00 -0.1743217E+00 -0.2897991E+01
   04  0.2823395E+03  0.4568381E+01 -0.9224761E+00 -0.1747258E+00 -0.2897371E+01
   04  0.2838307E+03  0.4569001E+01 -0.9222645E+00 -0.1751176E+00 -0.2896752E+01
   04  0.2853219E+03  0.4569621E+01 -0.9220732E+00 -0.1754970E+00 -0.2896132E+01
   04  0.2868130E+03  0.4570241E+01 -0.9219033E+00 -0.1758637E+00 -0.2895512E+01
   04  0.2883042E+03  0.4570860E+01 -0.9217560E+00 -0.1762178E+00 -0.2894892E+01
   04  0.2897954E+03  0.4571480E+01 -0.9216328E+00 -0.1765589E+00 -0.2894273E+01
   04  0.2912865E+03  0.4572099E+01 -0.9215347E+00 -0.1768871E+00 -0.2893654E+01
   04  0.2927777E+03  0.4572718E+01 -0.9214629E+00 -0.1772022E+00 -0.2893035E+01
   04  0.2942689E+03  0.4573336E+01 -0.9214187E+00 -0.1775042E+00 -0.2892416E+01
   04  0.2957600E+03  0.4573954E+01 -0.9214032E+00 -0.1777931E+00 -0.2891798E+01
   04  0.2972512E+03  0.4574572E+01 -0.9214175E+00 -0.1780687E+00 -0.2891181E+01
   04  0.2987424E+03  0.4575188E+01 -0.9214628E+00 -0.1783312E+00 -0.2890564E+01
   04  0.3002335E+03  0.4575804E+01 -0.9215402E+00 -0.1785805E+00 -0.2889948E+01
   04  0.3017247E+03  0.4576420E+01 -0.9216507E+00 -0.1788166E+00 -0.2889333E+01
   04  0.3032159E+03  0.4577034E+01 -0.9217954E+00 -0.1790397E+00 -0.2888718E+01
   04  0.3047070E+03  0.4577648E+01 -0.9219754E+00 -0.1792497E+00 -0.2888105E+01
   04  0.3061982E+03  0.4578261E+01 -0.9221917E+00 -0.1794468E+00 -0.2887492E+01
   04  0.3076894E+03  0.4578873E+01 -0.9224452E+00 -0.1796310E+00 -0.2886880E+01
   04  0.3091805E+03  0.4579484E+01 -0.9227371E+00 -0.1798025E+00 -0.2886268E+01
   04  0.3106717E+03  0.4580095E+01 -0.9230681E+00 -0.1799614E+00 -0.2885658E+01
   04  0.3121629E+03  0.4580705E+01 -0.9234394E+00 -0.1801079E+00 -0.2885048E+01
   04  0.3136540E+03  0.4581314E+01 -0.9238517E+00 -0.1802421E+00 -0.2884439E+01
   04  0.3151452E+03  0.4581922E+01 -0.9243060E+00 -0.1803642E+00 -0.2883831E+01
   04  0.3165017E+03  0.4582475E+01 -0.9247589E+00 -0.1804634E+00 -0.2883278E+01
   04  0.3178581E+03  0.4583027E+01 -0.9252478E+00 -0.1805528E+00 -0.2882726E+01
   04  0.3192146E+03  0.4583578E+01 -0.9257733E+00 -0.1806328E+00 -0.2882175E+01
   04  0.3205710E+03  0.4584129E+01 -0.9263361E+00 -0.1807035E+00 -0.2881623E+01
   04  0.3219275E+03  0.4584680E+01 -0.9269366E+00 -0.1807650E+00 -0.2881073E+01
   04  0.3232839E+03  0.4585230E+01 -0.9275755E+00 -0.1808176E+00 -0.2880522E+01
   04  0.3246404E+03  0.4585780E+01 -0.9282534E+00 -0.1808614E+00 -0.2879973E+01
   04  0.3259968E+03  0.4586330E+01 -0.9289706E+00 -0.1808967E+00 -0.2879423E+01
   04  0.3273533E+03  0.4586879E+01 -0.9297278E+00 -0.1809237E+00 -0.2878873E+01
   04  0.3287097E+03  0.4587429E+01 -0.9305254E+00 -0.1809426E+00 -0.2878324E+01
   04  0.3300662E+03  0.4587978E+01 -0.9313638E+00 -0.1809537E+00 -0.2877774E+01
   04  0.3314226E+03  0.4588528E+01 -0.9322436E+00 -0.1809572E+00 -0.2877225E+01
   04  0.3327791E+03  0.4589077E+01 -0.9331650E+00 -0.1809533E+00 -0.2876676E+01
   04  0.3341355E+03  0.4589627E+01 -0.9341285E+00 -0.1809423E+00 -0.2876126E+01
   04  0.3354920E+03  0.4590177E+01 -0.9351344E+00 -0.1809245E+00 -0.2875576E+01
   04  0.3368484E+03  0.4590727E+01 -0.9361831E+00 -0.1809002E+00 -0.2875026E+01
   04  0.3382049E+03  0.4591278E+01 -0.9372747E+00 -0.1808696E+00 -0.2874475E+01
   04  0.3395613E+03  0.4591829E+01 -0.9384097E+00 -0.1808330E+00 -0.2873924E+01
   04  0.3409178E+03  0.4592381E+01 -0.9395880E+00 -0.1807907E+00 -0.2873372E+01
   04  0.3422742E+03  0.4592934E+01 -0.9408101E+00 -0.1807431E+00 -0.2872819E+01
   04  0.3436307E+03  0.4593487E+01 -0.9420752E+00 -0.1806921E+00 -0.2872265E+01
   04  0.3449871E+03  0.4594042E+01 -0.9433830E+00 -0.1806384E+00 -0.2871711E+01
   04  0.3463436E+03  0.4594597E+01 -0.9447338E+00 -0.1805823E+00 -0.2871155E+01
   04  0.3477000E+03  0.4595154E+01 -0.9461278E+00 -0.1805243E+00 -0.2870598E+01
   04  0.3490565E+03  0.4595712E+01 -0.9475654E+00 -0.1804649E+00 -0.2870041E+01
   04  0.3504130E+03  0.4596271E+01 -0.9490486E+00 -0.1804045E+00 -0.2869481E+01
   04  0.3517694E+03  0.4596832E+01 -0.9505776E+00 -0.1803435E+00 -0.2868921E+01
   04  0.3531259E+03  0.4597394E+01 -0.9521522E+00 -0.1802823E+00 -0.2868359E+01
   04  0.3544823E+03  0.4597957E+01 -0.9537726E+00 -0.1802215E+00 -0.2867796E+01
   04  0.3558388E+03  0.4598522E+01 -0.9554387E+00 -0.1801616E+00 -0.2867231E+01
   04  0.3574665E+03  0.4599203E+01 -0.9574928E+00 -0.1800947E+00 -0.2866550E+01
   04  0.3590942E+03  0.4599886E+01 -0.9596126E+00 -0.1800307E+00 -0.2865867E+01
   04  0.3607220E+03  0.4600573E+01 -0.9617979E+00 -0.1799703E+00 -0.2865180E+01
   04  0.3623497E+03  0.4601262E+01 -0.9640481E+00 -0.1799144E+00 -0.2864490E+01
   04  0.3639775E+03  0.4601956E+01 -0.9663629E+00 -0.1798640E+00 -0.2863797E+01
   04  0.3656052E+03  0.4602653E+01 -0.9687416E+00 -0.1798200E+00 -0.2863100E+01
   04  0.3672329E+03  0.4603354E+01 -0.9711837E+00 -0.1797832E+00 -0.2862399E+01
   04  0.3688607E+03  0.4604059E+01 -0.9736882E+00 -0.1797547E+00 -0.2861693E+01
   04  0.3704884E+03  0.4604769E+01 -0.9762542E+00 -0.1797352E+00 -0.2860983E+01
   04  0.3721162E+03  0.4605485E+01 -0.9788807E+00 -0.1797258E+00 -0.2860268E+01
   04  0.3737439E+03  0.4606205E+01 -0.9815661E+00 -0.1797274E+00 -0.2859548E+01
   04  0.3753717E+03  0.4606931E+01 -0.9843090E+00 -0.1797409E+00 -0.2858822E+01
   04  0.3769994E+03  0.4607663E+01 -0.9871072E+00 -0.1797672E+00 -0.2858089E+01
   04  0.3786271E+03  0.4608402E+01 -0.9899584E+00 -0.1798073E+00 -0.2857351E+01
   04  0.3802549E+03  0.4609144E+01 -0.9928893E+00 -0.1798621E+00 -0.2856609E+01
   04  0.3818826E+03  0.4609887E+01 -0.9959056E+00 -0.1799332E+00 -0.2855866E+01
   04  0.3835104E+03  0.4610633E+01 -0.9990031E+00 -0.1800225E+00 -0.2855120E+01
   04  0.3851381E+03  0.4611383E+01 -0.1002179E+01 -0.1801319E+00 -0.2854370E+01
   04  0.3867658E+03  0.4612136E+01 -0.1005431E+01 -0.1802629E+00 -0.2853617E+01
   04  0.3883936E+03  0.4612894E+01 -0.1008758E+01 -0.1804172E+00 -0.2852859E+01
   04  0.3900213E+03  0.4613657E+01 -0.1012158E+01 -0.1805964E+00 -0.2852096E+01
   04  0.3916491E+03  0.4614425E+01 -0.1015629E+01 -0.1808022E+00 -0.2851328E+01
   04  0.3932768E+03  0.4615198E+01 -0.1019171E+01 -0.1810361E+00 -0.2850554E+01
   04  0.3949046E+03  0.4615978E+01 -0.1022781E+01 -0.1812997E+00 -0.2849774E+01
   04  0.3965323E+03  0.4616765E+01 -0.1026459E+01 -0.1815946E+00 -0.2848988E+01
   04  0.3981600E+03  0.4617559E+01 -0.1030204E+01 -0.1819221E+00 -0.2848194E+01
   04  0.3997878E+03  0.4618361E+01 -0.1034016E+01 -0.1822840E+00 -0.2847392E+01
   04  0.4014155E+03  0.4619171E+01 -0.1037892E+01 -0.1826817E+00 -0.2846582E+01
   04  0.4030433E+03  0.4619989E+01 -0.1041834E+01 -0.1831168E+00 -0.2845763E+01
   04  0.4046710E+03  0.4620817E+01 -0.1045840E+01 -0.1835908E+00 -0.2844935E+01
   04  0.4062987E+03  0.4621655E+01 -0.1049911E+01 -0.1841052E+00 -0.2844097E+01
   04  0.4079265E+03  0.4622504E+01 -0.1054047E+01 -0.1846619E+00 -0.2843249E+01
   04  0.4095542E+03  0.4623364E+01 -0.1058247E+01 -0.1852629E+00 -0.2842389E+01
   04  0.4111820E+03  0.4624236E+01 -0.1062513E+01 -0.1859099E+00 -0.2841517E+01
   04  0.4128097E+03  0.4625121E+01 -0.1066845E+01 -0.1866049E+00 -0.2840632E+01
   04  0.4144375E+03  0.4626019E+01 -0.1071243E+01 -0.1873496E+00 -0.2839734E+01
   04  0.4160652E+03  0.4626931E+01 -0.1075710E+01 -0.1881458E+00 -0.2838822E+01
   04  0.4176929E+03  0.4627858E+01 -0.1080245E+01 -0.1889954E+00 -0.2837895E+01
   04  0.4193207E+03  0.4628801E+01 -0.1084851E+01 -0.1899000E+00 -0.2836952E+01
   04  0.4209484E+03  0.4629761E+01 -0.1089529E+01 -0.1908617E+00 -0.2835992E+01
   04  0.4225762E+03  0.4630738E+01 -0.1094280E+01 -0.1918822E+00 -0.2835014E+01
   04  0.4242039E+03  0.4631734E+01 -0.1099108E+01 -0.1929632E+00 -0.2834018E+01
   04  0.4258316E+03  0.4632750E+01 -0.1104014E+01 -0.1941066E+00 -0.2833003E+01
   04  0.4274594E+03  0.4633786E+01 -0.1109001E+01 -0.1953140E+00 -0.2831966E+01
   04  0.4290871E+03  0.4634844E+01 -0.1114072E+01 -0.1965871E+00 -0.2830909E+01
   04  0.4307149E+03  0.4635924E+01 -0.1119230E+01 -0.1979275E+00 -0.2829828E+01
   04  0.4323426E+03  0.4637029E+01 -0.1124479E+01 -0.1993369E+00 -0.2828724E+01
   04  0.4339704E+03  0.4638158E+01 -0.1129821E+01 -0.2008168E+00 -0.2827594E+01
   04  0.4355981E+03  0.4639314E+01 -0.1135262E+01 -0.2023687E+00 -0.2826439E+01
   04  0.4372258E+03  0.4640497E+01 -0.1140806E+01 -0.2039942E+00 -0.2825256E+01
   04  0.4388536E+03  0.4641709E+01 -0.1146458E+01 -0.2056946E+00 -0.2824043E+01
   04  0.4404813E+03  0.4642952E+01 -0.1152222E+01 -0.2074713E+00 -0.2822801E+01
   04  0.4421091E+03  0.4644226E+01 -0.1158105E+01 -0.2093259E+00 -0.2821527E+01
   04  0.4437368E+03  0.4645533E+01 -0.1164111E+01 -0.2112595E+00 -0.2820220E+01
   04  0.4453645E+03  0.4646875E+01 -0.1170249E+01 -0.2132735E+00 -0.2818878E+01
   04  0.4469923E+03  0.4648253E+01 -0.1176523E+01 -0.2153692E+00 -0.2817499E+01
   04  0.4486200E+03  0.4649670E+01 -0.1182942E+01 -0.2175476E+00 -0.2816083E+01
   04  0.4502478E+03  0.4651125E+01 -0.1189513E+01 -0.2198099E+00 -0.2814627E+01
   04  0.4518755E+03  0.4652622E+01 -0.1196244E+01 -0.2221573E+00 -0.2813130E+01
   04  0.4535033E+03  0.4654163E+01 -0.1203143E+01 -0.2245908E+00 -0.2811590E+01
   04  0.4551310E+03  0.4655748E+01 -0.1210220E+01 -0.2271114E+00 -0.2810005E+01
   04  0.4567587E+03  0.4657380E+01 -0.1217483E+01 -0.2297202E+00 -0.2808373E+01
   04  0.4583865E+03  0.4659061E+01 -0.1224944E+01 -0.2324182E+00 -0.2806692E+01
   04  0.4600142E+03  0.4660792E+01 -0.1232613E+01 -0.2352063E+00 -0.2804961E+01
   04  0.4616420E+03  0.4662576E+01 -0.1240500E+01 -0.2380851E+00 -0.2803176E+01
   04  0.4632697E+03  0.4664415E+01 -0.1248617E+01 -0.2410555E+00 -0.2801338E+01
   04  0.4648974E+03  0.4666311E+01 -0.1256977E+01 -0.2441179E+00 -0.2799442E+01
   04  0.4665252E+03  0.4668266E+01 -0.1265590E+01 -0.2472731E+00 -0.2797487E+01
   04  0.4681529E+03  0.4670281E+01 -0.1274469E+01 -0.2505214E+00 -0.2795471E+01
   04  0.4697807E+03  0.4672360E+01 -0.1283627E+01 -0.2538631E+00 -0.2793392E+01
   04  0.4714084E+03  0.4674504E+01 -0.1293083E+01 -0.2572983E+00 -0.2791248E+01
   04  0.4730362E+03  0.4676715E+01 -0.1302851E+01 -0.2608271E+00 -0.2789037E+01
   04  0.4746639E+03  0.4678996E+01 -0.1312946E+01 -0.2644495E+00 -0.2786757E+01
   04  0.4762916E+03  0.4681348E+01 -0.1323384E+01 -0.2681656E+00 -0.2784404E+01
   04  0.4779194E+03  0.4683774E+01 -0.1334180E+01 -0.2719753E+00 -0.2781979E+01
   04  0.4795471E+03  0.4686275E+01 -0.1345351E+01 -0.2758783E+00 -0.2779477E+01
   04  0.4811749E+03  0.4688854E+01 -0.1356912E+01 -0.2798744E+00 -0.2776898E+01
   04  0.4828026E+03  0.4691513E+01 -0.1368882E+01 -0.2839631E+00 -0.2774239E+01
   04  0.4844303E+03  0.4694254E+01 -0.1381277E+01 -0.2881442E+00 -0.2771499E+01
   04  0.4860581E+03  0.4697079E+01 -0.1394116E+01 -0.2924169E+00 -0.2768674E+01
   04  0.4876858E+03  0.4699989E+01 -0.1407417E+01 -0.2967808E+00 -0.2765764E+01
   04  0.4893136E+03  0.4702987E+01 -0.1421199E+01 -0.3012352E+00 -0.2762766E+01
   04  0.4909413E+03  0.4706074E+01 -0.1435480E+01 -0.3057794E+00 -0.2759678E+01
   04  0.4925691E+03  0.4709253E+01 -0.1450278E+01 -0.3104126E+00 -0.2756499E+01
   04  0.4941968E+03  0.4712525E+01 -0.1465614E+01 -0.3151341E+00 -0.2753228E+01
   04  0.4958245E+03  0.4715892E+01 -0.1481505E+01 -0.3199430E+00 -0.2749861E+01
   04  0.4974523E+03  0.4719355E+01 -0.1497972E+01 -0.3248385E+00 -0.2746398E+01
   04  0.4990800E+03  0.4722916E+01 -0.1515033E+01 -0.3298197E+00 -0.2742837E+01
   04  0.5007078E+03  0.4726576E+01 -0.1532712E+01 -0.3348857E+00 -0.2739177E+01
   04  0.5023355E+03  0.4730337E+01 -0.1551028E+01 -0.3400359E+00 -0.2735416E+01
   04  0.5039632E+03  0.4734200E+01 -0.1570001E+01 -0.3452693E+00 -0.2731553E+01
   04  0.5055910E+03  0.4738166E+01 -0.1589649E+01 -0.3505849E+00 -0.2727587E+01
   04  0.5072187E+03  0.4742236E+01 -0.1609993E+01 -0.3559879E+00 -0.2723516E+01
   04  0.5088465E+03  0.4746412E+01 -0.1631048E+01 -0.3614781E+00 -0.2719341E+01
   04  0.5104742E+03  0.4750693E+01 -0.1652833E+01 -0.3670534E+00 -0.2715060E+01
   04  0.5121020E+03  0.4755081E+01 -0.1675363E+01 -0.3727122E+00 -0.2710672E+01
   04  0.5137297E+03  0.4759576E+01 -0.1698653E+01 -0.3784529E+00 -0.2706177E+01
   04  0.5153574E+03  0.4764178E+01 -0.1722718E+01 -0.3842745E+00 -0.2701574E+01
   04  0.5169852E+03  0.4768889E+01 -0.1747572E+01 -0.3901757E+00 -0.2696864E+01
   04  0.5186129E+03  0.4773707E+01 -0.1773227E+01 -0.3961554E+00 -0.2692046E+01
   04  0.5202407E+03  0.4778632E+01 -0.1799695E+01 -0.4022130E+00 -0.2687120E+01
   04  0.5218684E+03  0.4783665E+01 -0.1826986E+01 -0.4083474E+00 -0.2682087E+01
   04  0.5234961E+03  0.4788805E+01 -0.1855109E+01 -0.4145580E+00 -0.2676948E+01
   04  0.5251239E+03  0.4794051E+01 -0.1884071E+01 -0.4208442E+00 -0.2671701E+01
   04  0.5267516E+03  0.4799403E+01 -0.1913879E+01 -0.4272053E+00 -0.2666349E+01
   04  0.5283794E+03  0.4804860E+01 -0.1944536E+01 -0.4336408E+00 -0.2660893E+01
   04  0.5300071E+03  0.4810419E+01 -0.1976046E+01 -0.4401501E+00 -0.2655333E+01
   04  0.5316349E+03  0.4816081E+01 -0.2008408E+01 -0.4467329E+00 -0.2649672E+01
   04  0.5332626E+03  0.4821843E+01 -0.2041623E+01 -0.4533887E+00 -0.2643909E+01
   04  0.5348903E+03  0.4827704E+01 -0.2075686E+01 -0.4601171E+00 -0.2638048E+01
   04  0.5365181E+03  0.4833662E+01 -0.2110594E+01 -0.4669178E+00 -0.2632091E+01
   04  0.5381458E+03  0.4839714E+01 -0.2146338E+01 -0.4737903E+00 -0.2626038E+01
   04  0.5397736E+03  0.4845859E+01 -0.2182910E+01 -0.4807342E+00 -0.2619894E+01
   04  0.5414013E+03  0.4852093E+01 -0.2220300E+01 -0.4877491E+00 -0.2613660E+01
   04  0.5430290E+03  0.4858414E+01 -0.2258494E+01 -0.4948345E+00 -0.2607338E+01
   04  0.5446568E+03  0.4864820E+01 -0.2297479E+01 -0.5019899E+00 -0.2600933E+01
   04  0.5462845E+03  0.4871307E+01 -0.2337237E+01 -0.5092147E+00 -0.2594446E+01
   04  0.5479123E+03  0.4877872E+01 -0.2377750E+01 -0.5165081E+00 -0.2587881E+01
   04  0.5495400E+03  0.4884511E+01 -0.2418997E+01 -0.5238692E+00 -0.2581242E+01
   04  0.5511678E+03  0.4891222E+01 -0.2460956E+01 -0.5312970E+00 -0.2574531E+01
   04  0.5527955E+03  0.4898000E+01 -0.2503603E+01 -0.5387903E+00 -0.2567753E+01
   04  0.5544232E+03  0.4904841E+01 -0.2546912E+01 -0.5463476E+00 -0.2560912E+01
   04  0.5560510E+03  0.4911742E+01 -0.2590855E+01 -0.5539672E+00 -0.2554010E+01
   04  0.5576787E+03  0.4918699E+01 -0.2635403E+01 -0.5616472E+00 -0.2547053E+01
   04  0.5593065E+03  0.4925707E+01 -0.2680524E+01 -0.5693855E+00 -0.2540045E+01
   04  0.5609342E+03  0.4932762E+01 -0.2726187E+01 -0.5771795E+00 -0.2532990E+01
   04  0.5625619E+03  0.4939860E+01 -0.2772355E+01 -0.5850264E+00 -0.2525893E+01
   04  0.5641897E+03  0.4946995E+01 -0.2818998E+01 -0.5929245E+00 -0.2518758E+01
   04  0.5658174E+03  0.4954164E+01 -0.2866076E+01 -0.6008700E+00 -0.2511589E+01
   04  0.5674452E+03  0.4961360E+01 -0.2913546E+01 -0.6088576E+00 -0.2504392E+01
   04  0.5690729E+03  0.4968581E+01 -0.2961372E+01 -0.6168849E+00 -0.2497172E+01
   04  0.5707007E+03  0.4975821E+01 -0.3009517E+01 -0.6249482E+00 -0.2489932E+01
   04  0.5723284E+03  0.4983075E+01 -0.3058120E+01 -0.6330312E+00 -0.2482677E+01
   04  0.5739561E+03  0.4990341E+01 -0.3106960E+01 -0.6411255E+00 -0.2475411E+01
   04  0.5755839E+03  0.4997613E+01 -0.3155997E+01 -0.6492288E+00 -0.2468139E+01
   04  0.5772116E+03  0.5004886E+01 -0.3205189E+01 -0.6573386E+00 -0.2460867E+01
   04  0.5788394E+03  0.5012155E+01 -0.3254494E+01 -0.6654527E+00 -0.2453598E+01
   04  0.5804671E+03  0.5019415E+01 -0.3303870E+01 -0.6735689E+00 -0.2446338E+01
   04  0.5820948E+03  0.5026661E+01 -0.3353277E+01 -0.6816851E+00 -0.2439091E+01
   04  0.5837226E+03  0.5033889E+01 -0.3402672E+01 -0.6897986E+00 -0.2431864E+01
   04  0.5853503E+03  0.5041093E+01 -0.3452014E+01 -0.6979069E+00 -0.2424659E+01
   04  0.5869781E+03  0.5048270E+01 -0.3501264E+01 -0.7060072E+00 -0.2417483E+01
   04  0.5886058E+03  0.5055414E+01 -0.3550380E+01 -0.7140965E+00 -0.2410339E+01
   04  0.5902336E+03  0.5062513E+01 -0.3599275E+01 -0.7237781E+00 -0.2403240E+01
   04  0.5918613E+03  0.5069568E+01 -0.3647956E+01 -0.7335021E+00 -0.2396185E+01
   04  0.5934890E+03  0.5076576E+01 -0.3696388E+01 -0.7432446E+00 -0.2389176E+01
   04  0.5951168E+03  0.5083519E+01 -0.3744513E+01 -0.7533003E+00 -0.2382234E+01
   04  0.5967445E+03  0.5090397E+01 -0.3792296E+01 -0.7637968E+00 -0.2375356E+01
   04  0.5983723E+03  0.5097199E+01 -0.3839696E+01 -0.7747387E+00 -0.2368554E+01
