# gauge_id= 607 location=( -0.1242042291E+03  0.4176285853E+02 ) num_var=  4
# Stationary gauge
# level, time, q[  1  2  3], eta, aux[]
# file format ascii, time series follow in this file
   04  0.0000000E+00  0.1110772E+02  0.0000000E+00  0.0000000E+00  0.0000000E+00
   04  0.1000000E+01  0.1110772E+02 -0.5140276E-16  0.6810771E-16 -0.2926857E+01
   04  0.1015873E+01  0.1110772E+02 -0.2180194E-03 -0.4647190E-04 -0.2926858E+01
   04  0.1031746E+01  0.1110772E+02 -0.4360383E-03 -0.9294460E-04 -0.2926858E+01
   04  0.1047619E+01  0.1110772E+02 -0.6540568E-03 -0.1394181E-03 -0.2926859E+01
   04  0.1063492E+01  0.1110772E+02 -0.8720748E-03 -0.1858924E-03 -0.2926860E+01
   04  0.1079365E+01  0.1110772E+02 -0.1090092E-02 -0.2323675E-03 -0.2926860E+01
   04  0.1095238E+01  0.1110771E+02 -0.1308109E-02 -0.2788434E-03 -0.2926861E+01
   04  0.1111111E+01  0.1110771E+02 -0.1526126E-02 -0.3253202E-03 -0.2926862E+01
   04  0.1126984E+01  0.1110771E+02 -0.1744142E-02 -0.3717978E-03 -0.2926863E+01
   04  0.1142857E+01  0.1110771E+02 -0.1962158E-02 -0.4182762E-03 -0.2926863E+01
   04  0.1158730E+01  0.1110771E+02 -0.2180173E-02 -0.4647554E-03 -0.2926864E+01
   04  0.1174603E+01  0.1110771E+02 -0.2398188E-02 -0.5112355E-03 -0.2926865E+01
   04  0.1190476E+01  0.1110771E+02 -0.2616202E-02 -0.5577164E-03 -0.2926865E+01
   04  0.1206349E+01  0.1110771E+02 -0.2834216E-02 -0.6041982E-03 -0.2926866E+01
   04  0.1222222E+01  0.1110771E+02 -0.3052229E-02 -0.6506809E-03 -0.2926867E+01
   04  0.1238095E+01  0.1110771E+02 -0.3270242E-02 -0.6971644E-03 -0.2926868E+01
   04  0.1253968E+01  0.1110771E+02 -0.3488254E-02 -0.7436487E-03 -0.2926868E+01
   04  0.1269841E+01  0.1110771E+02 -0.3706266E-02 -0.7901340E-03 -0.2926869E+01
   04  0.1285714E+01  0.1110771E+02 -0.3924278E-02 -0.8366201E-03 -0.2926870E+01
   04  0.1301587E+01  0.1110770E+02 -0.4142289E-02 -0.8831072E-03 -0.2926871E+01
   04  0.1317460E+01  0.1110770E+02 -0.4360299E-02 -0.9295951E-03 -0.2926871E+01
   04  0.1333333E+01  0.1110770E+02 -0.4578309E-02 -0.9760839E-03 -0.2926872E+01
   04  0.1349206E+01  0.1110770E+02 -0.4796319E-02 -0.1022574E-02 -0.2926873E+01
   04  0.1365079E+01  0.1110770E+02 -0.5014328E-02 -0.1069064E-02 -0.2926874E+01
   04  0.1380952E+01  0.1110770E+02 -0.5232337E-02 -0.1115556E-02 -0.2926874E+01
   04  0.1396825E+01  0.1110770E+02 -0.5450345E-02 -0.1162048E-02 -0.2926875E+01
   04  0.1412698E+01  0.1110770E+02 -0.5668353E-02 -0.1208542E-02 -0.2926876E+01
   04  0.1428571E+01  0.1110770E+02 -0.5886360E-02 -0.1255036E-02 -0.2926877E+01
   04  0.1476190E+01  0.1110770E+02 -0.6540376E-02 -0.1394515E-02 -0.2926879E+01
   04  0.1523810E+01  0.1110769E+02 -0.7194388E-02 -0.1534002E-02 -0.2926881E+01
   04  0.1571429E+01  0.1110769E+02 -0.7848396E-02 -0.1673498E-02 -0.2926884E+01
   04  0.1619048E+01  0.1110769E+02 -0.8502399E-02 -0.1813002E-02 -0.2926886E+01
   04  0.1666667E+01  0.1110769E+02 -0.9156398E-02 -0.1952516E-02 -0.2926888E+01
   04  0.1714286E+01  0.1110768E+02 -0.9810393E-02 -0.2092039E-02 -0.2926891E+01
   04  0.1761905E+01  0.1110768E+02 -0.1046438E-01 -0.2231571E-02 -0.2926893E+01
   04  0.1809524E+01  0.1110768E+02 -0.1111837E-01 -0.2371112E-02 -0.2926896E+01
   04  0.1857143E+01  0.1110768E+02 -0.1177235E-01 -0.2510663E-02 -0.2926898E+01
   04  0.1904762E+01  0.1110767E+02 -0.1242633E-01 -0.2650224E-02 -0.2926901E+01
   04  0.1952381E+01  0.1110767E+02 -0.1308030E-01 -0.2789794E-02 -0.2926903E+01
   04  0.2000000E+01  0.1110767E+02 -0.1373427E-01 -0.2929375E-02 -0.2926906E+01
   04  0.5727919E+01  0.1110741E+02 -0.6489396E-01 -0.1380933E-01 -0.2927162E+01
   04  0.9455838E+01  0.1110701E+02 -0.1160110E+00 -0.2480475E-01 -0.2927561E+01
   04  0.1318376E+02  0.1110647E+02 -0.1670641E+00 -0.3597800E-01 -0.2928102E+01
   04  0.1691168E+02  0.1110579E+02 -0.2180171E+00 -0.4738535E-01 -0.2928782E+01
   04  0.2063960E+02  0.1110498E+02 -0.2688203E+00 -0.5907371E-01 -0.2929595E+01
   04  0.2436752E+02  0.1110404E+02 -0.3194111E+00 -0.7107814E-01 -0.2930533E+01
   04  0.2809543E+02  0.1110299E+02 -0.3697116E+00 -0.8342060E-01 -0.2931586E+01
   04  0.3182335E+02  0.1110183E+02 -0.4196332E+00 -0.9611082E-01 -0.2932744E+01
   04  0.3555127E+02  0.1110058E+02 -0.4690768E+00 -0.1091365E+00 -0.2933992E+01
   04  0.3834721E+02  0.1109960E+02 -0.5057504E+00 -0.1190137E+00 -0.2934974E+01
   04  0.4114315E+02  0.1109859E+02 -0.5420322E+00 -0.1289701E+00 -0.2935983E+01
   04  0.4393909E+02  0.1109756E+02 -0.5778710E+00 -0.1389867E+00 -0.2937012E+01
   04  0.4673503E+02  0.1109652E+02 -0.6132121E+00 -0.1490416E+00 -0.2938054E+01
   04  0.4922031E+02  0.1109559E+02 -0.6441363E+00 -0.1579832E+00 -0.2938985E+01
   04  0.5170559E+02  0.1109466E+02 -0.6745725E+00 -0.1669101E+00 -0.2939913E+01
   04  0.5419087E+02  0.1109374E+02 -0.7044904E+00 -0.1757987E+00 -0.2940833E+01
   04  0.5667615E+02  0.1109283E+02 -0.7338632E+00 -0.1846277E+00 -0.2941742E+01
   04  0.5916143E+02  0.1109194E+02 -0.7626668E+00 -0.1933751E+00 -0.2942634E+01
   04  0.6164671E+02  0.1109107E+02 -0.7908808E+00 -0.2020183E+00 -0.2943507E+01
   04  0.6413199E+02  0.1109023E+02 -0.8184883E+00 -0.2104390E+00 -0.2944347E+01
   04  0.6661727E+02  0.1108942E+02 -0.8454792E+00 -0.2186569E+00 -0.2945155E+01
   04  0.6910255E+02  0.1108864E+02 -0.8718545E+00 -0.2267461E+00 -0.2945937E+01
   04  0.7158783E+02  0.1108789E+02 -0.8976192E+00 -0.2346808E+00 -0.2946690E+01
   04  0.7407311E+02  0.1108716E+02 -0.9227782E+00 -0.2424362E+00 -0.2947412E+01
   04  0.7655838E+02  0.1108648E+02 -0.9473343E+00 -0.2499882E+00 -0.2948099E+01
   04  0.7904366E+02  0.1108583E+02 -0.9712899E+00 -0.2573145E+00 -0.2948749E+01
   04  0.8152894E+02  0.1108522E+02 -0.9946470E+00 -0.2643942E+00 -0.2949361E+01
   04  0.8401422E+02  0.1108464E+02 -0.1017407E+01 -0.2712083E+00 -0.2949931E+01
   04  0.8649950E+02  0.1108412E+02 -0.1039572E+01 -0.2777396E+00 -0.2950458E+01
   04  0.8898478E+02  0.1108364E+02 -0.1061143E+01 -0.2839727E+00 -0.2950940E+01
   04  0.9147006E+02  0.1108320E+02 -0.1082123E+01 -0.2898938E+00 -0.2951376E+01
   04  0.9445240E+02  0.1108274E+02 -0.1106536E+01 -0.2965897E+00 -0.2951835E+01
   04  0.9743473E+02  0.1108235E+02 -0.1130104E+01 -0.3028022E+00 -0.2952223E+01
   04  0.1004171E+03  0.1108204E+02 -0.1152825E+01 -0.3085234E+00 -0.2952536E+01
   04  0.1033994E+03  0.1108180E+02 -0.1174695E+01 -0.3137366E+00 -0.2952771E+01
   04  0.1063817E+03  0.1108164E+02 -0.1195735E+01 -0.3184822E+00 -0.2952933E+01
   04  0.1093641E+03  0.1108153E+02 -0.1215959E+01 -0.3230415E+00 -0.2953047E+01
   04  0.1123464E+03  0.1108147E+02 -0.1235373E+01 -0.3274014E+00 -0.2953110E+01
   04  0.1153287E+03  0.1108146E+02 -0.1253988E+01 -0.3315488E+00 -0.2953120E+01
   04  0.1183111E+03  0.1108151E+02 -0.1271807E+01 -0.3354096E+00 -0.2953069E+01
   04  0.1212934E+03  0.1108162E+02 -0.1288832E+01 -0.3389620E+00 -0.2952955E+01
   04  0.1242758E+03  0.1108180E+02 -0.1305067E+01 -0.3422006E+00 -0.2952776E+01
   04  0.1272581E+03  0.1108204E+02 -0.1320526E+01 -0.3451192E+00 -0.2952531E+01
   04  0.1302404E+03  0.1108235E+02 -0.1335210E+01 -0.3477162E+00 -0.2952222E+01
   04  0.1332228E+03  0.1108273E+02 -0.1349149E+01 -0.3499938E+00 -0.2951846E+01
   04  0.1362051E+03  0.1108317E+02 -0.1362363E+01 -0.3519576E+00 -0.2951406E+01
   04  0.1391874E+03  0.1108367E+02 -0.1374866E+01 -0.3536149E+00 -0.2950903E+01
   04  0.1421698E+03  0.1108424E+02 -0.1386675E+01 -0.3549744E+00 -0.2950336E+01
   04  0.1451521E+03  0.1108487E+02 -0.1397811E+01 -0.3560489E+00 -0.2949709E+01
   04  0.1481344E+03  0.1108555E+02 -0.1408298E+01 -0.3568524E+00 -0.2949023E+01
   04  0.1511168E+03  0.1108629E+02 -0.1418162E+01 -0.3574003E+00 -0.2948281E+01
   04  0.1540991E+03  0.1108708E+02 -0.1427477E+01 -0.3576905E+00 -0.2947491E+01
   04  0.1570814E+03  0.1108792E+02 -0.1436277E+01 -0.3577251E+00 -0.2946657E+01
   04  0.1600638E+03  0.1108879E+02 -0.1444595E+01 -0.3575261E+00 -0.2945783E+01
   04  0.1630461E+03  0.1108971E+02 -0.1452457E+01 -0.3570687E+00 -0.2944868E+01
   04  0.1660284E+03  0.1109067E+02 -0.1459897E+01 -0.3562316E+00 -0.2943907E+01
   04  0.1690108E+03  0.1109167E+02 -0.1466948E+01 -0.3550421E+00 -0.2942904E+01
   04  0.1719931E+03  0.1109271E+02 -0.1473644E+01 -0.3535273E+00 -0.2941864E+01
   04  0.1749755E+03  0.1109378E+02 -0.1480014E+01 -0.3517145E+00 -0.2940791E+01
   04  0.1779578E+03  0.1109489E+02 -0.1486090E+01 -0.3496314E+00 -0.2939690E+01
   04  0.1809401E+03  0.1109601E+02 -0.1491899E+01 -0.3473046E+00 -0.2938566E+01
   04  0.1824313E+03  0.1109658E+02 -0.1494756E+01 -0.3460468E+00 -0.2937995E+01
   04  0.1839225E+03  0.1109715E+02 -0.1497557E+01 -0.3447383E+00 -0.2937421E+01
   04  0.1854136E+03  0.1109773E+02 -0.1500305E+01 -0.3433820E+00 -0.2936842E+01
   04  0.1869048E+03  0.1109832E+02 -0.1503003E+01 -0.3419803E+00 -0.2936260E+01
   04  0.1883960E+03  0.1109890E+02 -0.1505655E+01 -0.3405358E+00 -0.2935675E+01
   04  0.1898871E+03  0.1109949E+02 -0.1508264E+01 -0.3390509E+00 -0.2935088E+01
   04  0.1913783E+03  0.1110008E+02 -0.1510831E+01 -0.3375278E+00 -0.2934498E+01
   04  0.1928695E+03  0.1110067E+02 -0.1513362E+01 -0.3359684E+00 -0.2933907E+01
   04  0.1943606E+03  0.1110126E+02 -0.1515857E+01 -0.3343744E+00 -0.2933315E+01
   04  0.1958518E+03  0.1110185E+02 -0.1518320E+01 -0.3327474E+00 -0.2932721E+01
   04  0.1973430E+03  0.1110245E+02 -0.1520755E+01 -0.3310889E+00 -0.2932127E+01
   04  0.1988341E+03  0.1110304E+02 -0.1523163E+01 -0.3294001E+00 -0.2931534E+01
   04  0.2003253E+03  0.1110364E+02 -0.1525548E+01 -0.3276819E+00 -0.2930940E+01
   04  0.2018165E+03  0.1110423E+02 -0.1527912E+01 -0.3259346E+00 -0.2930348E+01
   04  0.2033076E+03  0.1110482E+02 -0.1530259E+01 -0.3241638E+00 -0.2929757E+01
   04  0.2047988E+03  0.1110541E+02 -0.1532590E+01 -0.3223752E+00 -0.2929166E+01
   04  0.2062900E+03  0.1110600E+02 -0.1534907E+01 -0.3205706E+00 -0.2928577E+01
   04  0.2077811E+03  0.1110659E+02 -0.1537213E+01 -0.3187518E+00 -0.2927989E+01
   04  0.2092723E+03  0.1110717E+02 -0.1539511E+01 -0.3169201E+00 -0.2927402E+01
   04  0.2107635E+03  0.1110776E+02 -0.1541802E+01 -0.3150770E+00 -0.2926817E+01
   04  0.2122546E+03  0.1110834E+02 -0.1544088E+01 -0.3132238E+00 -0.2926235E+01
   04  0.2137458E+03  0.1110892E+02 -0.1546372E+01 -0.3113613E+00 -0.2925654E+01
   04  0.2152370E+03  0.1110950E+02 -0.1548656E+01 -0.3094906E+00 -0.2925075E+01
   04  0.2167281E+03  0.1111008E+02 -0.1550941E+01 -0.3076127E+00 -0.2924500E+01
   04  0.2182193E+03  0.1111065E+02 -0.1553229E+01 -0.3057282E+00 -0.2923927E+01
   04  0.2197105E+03  0.1111122E+02 -0.1555521E+01 -0.3038381E+00 -0.2923357E+01
   04  0.2212017E+03  0.1111179E+02 -0.1557820E+01 -0.3019431E+00 -0.2922790E+01
   04  0.2226928E+03  0.1111235E+02 -0.1560126E+01 -0.3000443E+00 -0.2922226E+01
   04  0.2241840E+03  0.1111291E+02 -0.1562441E+01 -0.2981424E+00 -0.2921666E+01
   04  0.2256752E+03  0.1111347E+02 -0.1564771E+01 -0.2962383E+00 -0.2921109E+01
   04  0.2271663E+03  0.1111402E+02 -0.1567118E+01 -0.2943310E+00 -0.2920556E+01
   04  0.2286575E+03  0.1111457E+02 -0.1569484E+01 -0.2924204E+00 -0.2920006E+01
   04  0.2301487E+03  0.1111512E+02 -0.1571870E+01 -0.2905065E+00 -0.2919459E+01
   04  0.2316398E+03  0.1111566E+02 -0.1574278E+01 -0.2885895E+00 -0.2918916E+01
   04  0.2331310E+03  0.1111620E+02 -0.1576709E+01 -0.2866681E+00 -0.2918377E+01
   04  0.2346222E+03  0.1111673E+02 -0.1579164E+01 -0.2847247E+00 -0.2917844E+01
   04  0.2361133E+03  0.1111726E+02 -0.1581643E+01 -0.2827647E+00 -0.2917318E+01
   04  0.2376045E+03  0.1111778E+02 -0.1584148E+01 -0.2807888E+00 -0.2916797E+01
   04  0.2390957E+03  0.1111829E+02 -0.1586680E+01 -0.2787975E+00 -0.2916283E+01
   04  0.2405868E+03  0.1111880E+02 -0.1589240E+01 -0.2767918E+00 -0.2915774E+01
   04  0.2420780E+03  0.1111930E+02 -0.1591829E+01 -0.2747725E+00 -0.2915272E+01
   04  0.2435692E+03  0.1111980E+02 -0.1594448E+01 -0.2727406E+00 -0.2914775E+01
   04  0.2450603E+03  0.1112029E+02 -0.1597097E+01 -0.2706972E+00 -0.2914284E+01
   04  0.2465515E+03  0.1112078E+02 -0.1599777E+01 -0.2686435E+00 -0.2913798E+01
   04  0.2480427E+03  0.1112126E+02 -0.1602490E+01 -0.2665807E+00 -0.2913319E+01
   04  0.2495338E+03  0.1112173E+02 -0.1605230E+01 -0.2645102E+00 -0.2912844E+01
   04  0.2510250E+03  0.1112220E+02 -0.1607989E+01 -0.2624333E+00 -0.2912373E+01
   04  0.2525162E+03  0.1112267E+02 -0.1610767E+01 -0.2603517E+00 -0.2911907E+01
   04  0.2540073E+03  0.1112313E+02 -0.1613562E+01 -0.2582668E+00 -0.2911444E+01
   04  0.2554985E+03  0.1112359E+02 -0.1616374E+01 -0.2561804E+00 -0.2910985E+01
   04  0.2569897E+03  0.1112405E+02 -0.1619202E+01 -0.2540940E+00 -0.2910529E+01
   04  0.2584808E+03  0.1112450E+02 -0.1622045E+01 -0.2520091E+00 -0.2910077E+01
   04  0.2599720E+03  0.1112495E+02 -0.1624903E+01 -0.2499289E+00 -0.2909627E+01
   04  0.2614632E+03  0.1112540E+02 -0.1627776E+01 -0.2478554E+00 -0.2909180E+01
   04  0.2629543E+03  0.1112584E+02 -0.1630662E+01 -0.2457904E+00 -0.2908736E+01
   04  0.2644455E+03  0.1112628E+02 -0.1633562E+01 -0.2437357E+00 -0.2908294E+01
   04  0.2659367E+03  0.1112672E+02 -0.1636475E+01 -0.2416930E+00 -0.2907855E+01
   04  0.2674278E+03  0.1112716E+02 -0.1639401E+01 -0.2396640E+00 -0.2907418E+01
   04  0.2689190E+03  0.1112759E+02 -0.1642339E+01 -0.2376504E+00 -0.2906982E+01
   04  0.2704102E+03  0.1112803E+02 -0.1645289E+01 -0.2356541E+00 -0.2906549E+01
   04  0.2719014E+03  0.1112846E+02 -0.1648251E+01 -0.2336766E+00 -0.2906118E+01
   04  0.2733925E+03  0.1112889E+02 -0.1651225E+01 -0.2317197E+00 -0.2905688E+01
   04  0.2748837E+03  0.1112931E+02 -0.1654210E+01 -0.2297753E+00 -0.2905261E+01
   04  0.2763749E+03  0.1112974E+02 -0.1657205E+01 -0.2278413E+00 -0.2904836E+01
   04  0.2778660E+03  0.1113016E+02 -0.1660211E+01 -0.2259197E+00 -0.2904414E+01
   04  0.2793572E+03  0.1113058E+02 -0.1663226E+01 -0.2240126E+00 -0.2903995E+01
   04  0.2808484E+03  0.1113100E+02 -0.1666251E+01 -0.2221220E+00 -0.2903578E+01
   04  0.2823395E+03  0.1113141E+02 -0.1669285E+01 -0.2202500E+00 -0.2903163E+01
   04  0.2838307E+03  0.1113183E+02 -0.1672328E+01 -0.2183985E+00 -0.2902750E+01
   04  0.2853219E+03  0.1113224E+02 -0.1675379E+01 -0.2165690E+00 -0.2902338E+01
   04  0.2868130E+03  0.1113265E+02 -0.1678439E+01 -0.2147626E+00 -0.2901929E+01
   04  0.2883042E+03  0.1113306E+02 -0.1681506E+01 -0.2129810E+00 -0.2901520E+01
   04  0.2897954E+03  0.1113346E+02 -0.1684581E+01 -0.2112259E+00 -0.2901113E+01
   04  0.2912865E+03  0.1113387E+02 -0.1687663E+01 -0.2094989E+00 -0.2900707E+01
   04  0.2927777E+03  0.1113427E+02 -0.1690752E+01 -0.2078016E+00 -0.2900302E+01
   04  0.2942689E+03  0.1113468E+02 -0.1693848E+01 -0.2061353E+00 -0.2899897E+01
   04  0.2957600E+03  0.1113508E+02 -0.1696949E+01 -0.2045015E+00 -0.2899493E+01
   04  0.2972512E+03  0.1113549E+02 -0.1700056E+01 -0.2029015E+00 -0.2899090E+01
   04  0.2987424E+03  0.1113589E+02 -0.1703167E+01 -0.2013365E+00 -0.2898687E+01
   04  0.3002335E+03  0.1113629E+02 -0.1706283E+01 -0.1998079E+00 -0.2898284E+01
   04  0.3017247E+03  0.1113670E+02 -0.1709403E+01 -0.1983170E+00 -0.2897880E+01
   04  0.3032159E+03  0.1113710E+02 -0.1712526E+01 -0.1968650E+00 -0.2897477E+01
   04  0.3047070E+03  0.1113750E+02 -0.1715652E+01 -0.1954532E+00 -0.2897073E+01
   04  0.3061982E+03  0.1113791E+02 -0.1718780E+01 -0.1940823E+00 -0.2896669E+01
   04  0.3076894E+03  0.1113831E+02 -0.1721910E+01 -0.1927535E+00 -0.2896263E+01
   04  0.3091805E+03  0.1113872E+02 -0.1725040E+01 -0.1914677E+00 -0.2895857E+01
   04  0.3106717E+03  0.1113913E+02 -0.1728170E+01 -0.1902258E+00 -0.2895450E+01
   04  0.3121629E+03  0.1113953E+02 -0.1731300E+01 -0.1890286E+00 -0.2895041E+01
   04  0.3136540E+03  0.1113994E+02 -0.1734428E+01 -0.1878773E+00 -0.2894631E+01
   04  0.3151452E+03  0.1114036E+02 -0.1737553E+01 -0.1867731E+00 -0.2894218E+01
   04  0.3165017E+03  0.1114073E+02 -0.1740396E+01 -0.1858112E+00 -0.2893842E+01
   04  0.3178581E+03  0.1114111E+02 -0.1743235E+01 -0.1848900E+00 -0.2893463E+01
   04  0.3192146E+03  0.1114149E+02 -0.1746070E+01 -0.1840102E+00 -0.2893083E+01
   04  0.3205710E+03  0.1114188E+02 -0.1748901E+01 -0.1831709E+00 -0.2892700E+01
   04  0.3219275E+03  0.1114226E+02 -0.1751727E+01 -0.1823726E+00 -0.2892315E+01
   04  0.3232839E+03  0.1114265E+02 -0.1754547E+01 -0.1816158E+00 -0.2891927E+01
   04  0.3246404E+03  0.1114304E+02 -0.1757362E+01 -0.1809012E+00 -0.2891537E+01
   04  0.3259968E+03  0.1114343E+02 -0.1760171E+01 -0.1802296E+00 -0.2891143E+01
   04  0.3273533E+03  0.1114383E+02 -0.1762973E+01 -0.1796017E+00 -0.2890747E+01
   04  0.3287097E+03  0.1114423E+02 -0.1765768E+01 -0.1790181E+00 -0.2890347E+01
   04  0.3300662E+03  0.1114463E+02 -0.1768555E+01 -0.1784795E+00 -0.2889944E+01
   04  0.3314226E+03  0.1114504E+02 -0.1771325E+01 -0.1779779E+00 -0.2889537E+01
   04  0.3327791E+03  0.1114545E+02 -0.1774080E+01 -0.1775099E+00 -0.2889127E+01
   04  0.3341355E+03  0.1114586E+02 -0.1776824E+01 -0.1770783E+00 -0.2888713E+01
   04  0.3354920E+03  0.1114628E+02 -0.1779558E+01 -0.1766855E+00 -0.2888296E+01
   04  0.3368484E+03  0.1114670E+02 -0.1782286E+01 -0.1763338E+00 -0.2887875E+01
   04  0.3382049E+03  0.1114713E+02 -0.1785008E+01 -0.1760251E+00 -0.2887450E+01
   04  0.3395613E+03  0.1114755E+02 -0.1787727E+01 -0.1757615E+00 -0.2887021E+01
   04  0.3409178E+03  0.1114799E+02 -0.1790444E+01 -0.1755447E+00 -0.2886589E+01
   04  0.3422742E+03  0.1114842E+02 -0.1793160E+01 -0.1753764E+00 -0.2886152E+01
   04  0.3436307E+03  0.1114886E+02 -0.1795877E+01 -0.1752581E+00 -0.2885711E+01
   04  0.3449871E+03  0.1114931E+02 -0.1798595E+01 -0.1751914E+00 -0.2885266E+01
   04  0.3463436E+03  0.1114976E+02 -0.1801316E+01 -0.1751777E+00 -0.2884816E+01
   04  0.3477000E+03  0.1115021E+02 -0.1804039E+01 -0.1752183E+00 -0.2884361E+01
   04  0.3490565E+03  0.1115067E+02 -0.1806766E+01 -0.1753144E+00 -0.2883902E+01
   04  0.3504130E+03  0.1115114E+02 -0.1809491E+01 -0.1754669E+00 -0.2883438E+01
   04  0.3517694E+03  0.1115161E+02 -0.1812217E+01 -0.1756770E+00 -0.2882968E+01
   04  0.3531259E+03  0.1115208E+02 -0.1814942E+01 -0.1759458E+00 -0.2882494E+01
   04  0.3544823E+03  0.1115256E+02 -0.1817665E+01 -0.1762745E+00 -0.2882015E+01
   04  0.3558388E+03  0.1115305E+02 -0.1820388E+01 -0.1766641E+00 -0.2881530E+01
   04  0.3574665E+03  0.1115364E+02 -0.1823648E+01 -0.1772113E+00 -0.2880940E+01
   04  0.3590942E+03  0.1115423E+02 -0.1826905E+01 -0.1778499E+00 -0.2880341E+01
   04  0.3607220E+03  0.1115484E+02 -0.1830157E+01 -0.1785820E+00 -0.2879733E+01
   04  0.3623497E+03  0.1115546E+02 -0.1833402E+01 -0.1794097E+00 -0.2879115E+01
   04  0.3639775E+03  0.1115609E+02 -0.1836640E+01 -0.1803352E+00 -0.2878487E+01
   04  0.3656052E+03  0.1115673E+02 -0.1839869E+01 -0.1813606E+00 -0.2877848E+01
   04  0.3672329E+03  0.1115738E+02 -0.1843088E+01 -0.1824879E+00 -0.2877198E+01
   04  0.3688607E+03  0.1115804E+02 -0.1846296E+01 -0.1837196E+00 -0.2876537E+01
   04  0.3704884E+03  0.1115871E+02 -0.1849491E+01 -0.1850580E+00 -0.2875863E+01
   04  0.3721162E+03  0.1115940E+02 -0.1852673E+01 -0.1865053E+00 -0.2875176E+01
   04  0.3737439E+03  0.1116010E+02 -0.1855840E+01 -0.1880641E+00 -0.2874476E+01
   04  0.3753717E+03  0.1116081E+02 -0.1858992E+01 -0.1897367E+00 -0.2873762E+01
   04  0.3769994E+03  0.1116154E+02 -0.1862127E+01 -0.1915257E+00 -0.2873033E+01
   04  0.3786271E+03  0.1116229E+02 -0.1865246E+01 -0.1934337E+00 -0.2872290E+01
   04  0.3802549E+03  0.1116305E+02 -0.1868348E+01 -0.1954635E+00 -0.2871530E+01
   04  0.3818826E+03  0.1116382E+02 -0.1871432E+01 -0.1976199E+00 -0.2870754E+01
   04  0.3835104E+03  0.1116461E+02 -0.1874497E+01 -0.1999080E+00 -0.2869962E+01
   04  0.3851381E+03  0.1116542E+02 -0.1877545E+01 -0.2023383E+00 -0.2869151E+01
   04  0.3867658E+03  0.1116625E+02 -0.1880575E+01 -0.2049183E+00 -0.2868323E+01
   04  0.3883936E+03  0.1116710E+02 -0.1883587E+01 -0.2076453E+00 -0.2867475E+01
   04  0.3900213E+03  0.1116797E+02 -0.1886580E+01 -0.2105151E+00 -0.2866607E+01
   04  0.3916491E+03  0.1116886E+02 -0.1889555E+01 -0.2135327E+00 -0.2865718E+01
   04  0.3932768E+03  0.1116977E+02 -0.1892509E+01 -0.2167018E+00 -0.2864807E+01
   04  0.3949046E+03  0.1117070E+02 -0.1895443E+01 -0.2200261E+00 -0.2863875E+01
   04  0.3965323E+03  0.1117166E+02 -0.1898357E+01 -0.2235091E+00 -0.2862920E+01
   04  0.3981600E+03  0.1117263E+02 -0.1901250E+01 -0.2271550E+00 -0.2861942E+01
   04  0.3997878E+03  0.1117364E+02 -0.1904123E+01 -0.2309676E+00 -0.2860940E+01
   04  0.4014155E+03  0.1117466E+02 -0.1906975E+01 -0.2349513E+00 -0.2859915E+01
   04  0.4030433E+03  0.1117571E+02 -0.1909808E+01 -0.2391106E+00 -0.2858866E+01
   04  0.4046710E+03  0.1117678E+02 -0.1912623E+01 -0.2434490E+00 -0.2857792E+01
   04  0.4062987E+03  0.1117788E+02 -0.1915424E+01 -0.2479696E+00 -0.2856694E+01
   04  0.4079265E+03  0.1117900E+02 -0.1918274E+01 -0.2526773E+00 -0.2855578E+01
   04  0.4095542E+03  0.1118013E+02 -0.1921171E+01 -0.2575769E+00 -0.2854443E+01
   04  0.4111820E+03  0.1118129E+02 -0.1924118E+01 -0.2626742E+00 -0.2853289E+01
   04  0.4128097E+03  0.1118246E+02 -0.1927114E+01 -0.2679757E+00 -0.2852117E+01
   04  0.4144375E+03  0.1118365E+02 -0.1930177E+01 -0.2734899E+00 -0.2850926E+01
   04  0.4160652E+03  0.1118486E+02 -0.1933304E+01 -0.2792073E+00 -0.2849715E+01
   04  0.4176929E+03  0.1118609E+02 -0.1936490E+01 -0.2850814E+00 -0.2848481E+01
   04  0.4193207E+03  0.1118735E+02 -0.1939733E+01 -0.2911149E+00 -0.2847223E+01
   04  0.4209484E+03  0.1118864E+02 -0.1943033E+01 -0.2973107E+00 -0.2845939E+01
   04  0.4225762E+03  0.1118994E+02 -0.1946390E+01 -0.3036720E+00 -0.2844631E+01
   04  0.4242039E+03  0.1119128E+02 -0.1949805E+01 -0.3102020E+00 -0.2843298E+01
   04  0.4258316E+03  0.1119264E+02 -0.1953279E+01 -0.3169034E+00 -0.2841938E+01
   04  0.4274594E+03  0.1119402E+02 -0.1956813E+01 -0.3237794E+00 -0.2840553E+01
   04  0.4290871E+03  0.1119543E+02 -0.1960408E+01 -0.3308325E+00 -0.2839141E+01
   04  0.4307149E+03  0.1119687E+02 -0.1964065E+01 -0.3380655E+00 -0.2837702E+01
   04  0.4323426E+03  0.1119834E+02 -0.1967785E+01 -0.3454808E+00 -0.2836237E+01
   04  0.4339704E+03  0.1119983E+02 -0.1971570E+01 -0.3530811E+00 -0.2834744E+01
   04  0.4355981E+03  0.1120135E+02 -0.1975420E+01 -0.3608684E+00 -0.2833224E+01
   04  0.4372258E+03  0.1120290E+02 -0.1979337E+01 -0.3688450E+00 -0.2831676E+01
   04  0.4388536E+03  0.1120448E+02 -0.1983323E+01 -0.3770156E+00 -0.2830100E+01
   04  0.4404813E+03  0.1120608E+02 -0.1987377E+01 -0.3853837E+00 -0.2828495E+01
   04  0.4421091E+03  0.1120771E+02 -0.1991502E+01 -0.3939509E+00 -0.2826862E+01
   04  0.4437368E+03  0.1120937E+02 -0.1995698E+01 -0.4027185E+00 -0.2825201E+01
   04  0.4453645E+03  0.1121107E+02 -0.1999966E+01 -0.4116875E+00 -0.2823510E+01
   04  0.4469923E+03  0.1121278E+02 -0.2004309E+01 -0.4208590E+00 -0.2821791E+01
   04  0.4486200E+03  0.1121453E+02 -0.2008727E+01 -0.4302337E+00 -0.2820043E+01
   04  0.4502478E+03  0.1121631E+02 -0.2013222E+01 -0.4398123E+00 -0.2818267E+01
   04  0.4518755E+03  0.1121811E+02 -0.2017796E+01 -0.4495952E+00 -0.2816461E+01
   04  0.4535033E+03  0.1121995E+02 -0.2022451E+01 -0.4595832E+00 -0.2814627E+01
   04  0.4551310E+03  0.1122181E+02 -0.2027189E+01 -0.4697770E+00 -0.2812764E+01
   04  0.4567587E+03  0.1122370E+02 -0.2032012E+01 -0.4801771E+00 -0.2810872E+01
   04  0.4583865E+03  0.1122562E+02 -0.2036923E+01 -0.4907838E+00 -0.2808952E+01
   04  0.4600142E+03  0.1122757E+02 -0.2041924E+01 -0.5015973E+00 -0.2807002E+01
   04  0.4616420E+03  0.1122955E+02 -0.2047018E+01 -0.5126175E+00 -0.2805024E+01
   04  0.4632697E+03  0.1123156E+02 -0.2052209E+01 -0.5238441E+00 -0.2803017E+01
   04  0.4648974E+03  0.1123359E+02 -0.2057498E+01 -0.5352767E+00 -0.2800982E+01
   04  0.4665252E+03  0.1123566E+02 -0.2062890E+01 -0.5469145E+00 -0.2798918E+01
   04  0.4681529E+03  0.1123775E+02 -0.2068389E+01 -0.5587567E+00 -0.2796826E+01
   04  0.4697807E+03  0.1123987E+02 -0.2073997E+01 -0.5708013E+00 -0.2794706E+01
   04  0.4714084E+03  0.1124202E+02 -0.2079719E+01 -0.5830527E+00 -0.2792557E+01
   04  0.4730362E+03  0.1124419E+02 -0.2085560E+01 -0.5955109E+00 -0.2790381E+01
   04  0.4746639E+03  0.1124640E+02 -0.2091524E+01 -0.6081748E+00 -0.2788177E+01
   04  0.4762916E+03  0.1124863E+02 -0.2097616E+01 -0.6210434E+00 -0.2785945E+01
   04  0.4779194E+03  0.1125089E+02 -0.2103841E+01 -0.6341148E+00 -0.2783686E+01
   04  0.4795471E+03  0.1125318E+02 -0.2110203E+01 -0.6473871E+00 -0.2781400E+01
   04  0.4811749E+03  0.1125549E+02 -0.2116709E+01 -0.6608577E+00 -0.2779086E+01
   04  0.4828026E+03  0.1125783E+02 -0.2123366E+01 -0.6745241E+00 -0.2776745E+01
   04  0.4844303E+03  0.1126020E+02 -0.2130179E+01 -0.6883833E+00 -0.2774376E+01
   04  0.4860581E+03  0.1126260E+02 -0.2137156E+01 -0.7024322E+00 -0.2771980E+01
   04  0.4876858E+03  0.1126502E+02 -0.2144305E+01 -0.7166676E+00 -0.2769555E+01
   04  0.4893136E+03  0.1126747E+02 -0.2151633E+01 -0.7310863E+00 -0.2767103E+01
   04  0.4909413E+03  0.1126995E+02 -0.2159149E+01 -0.7456847E+00 -0.2764622E+01
   04  0.4925691E+03  0.1127246E+02 -0.2166862E+01 -0.7604593E+00 -0.2762112E+01
   04  0.4941968E+03  0.1127500E+02 -0.2174782E+01 -0.7754066E+00 -0.2759573E+01
   04  0.4958245E+03  0.1127757E+02 -0.2182919E+01 -0.7905230E+00 -0.2757005E+01
   04  0.4974523E+03  0.1128017E+02 -0.2191284E+01 -0.8058052E+00 -0.2754406E+01
   04  0.4990800E+03  0.1128280E+02 -0.2199888E+01 -0.8212496E+00 -0.2751777E+01
   04  0.5007078E+03  0.1128546E+02 -0.2208742E+01 -0.8368531E+00 -0.2749117E+01
   04  0.5023355E+03  0.1128815E+02 -0.2217860E+01 -0.8526122E+00 -0.2746424E+01
   04  0.5039632E+03  0.1129088E+02 -0.2227255E+01 -0.8685239E+00 -0.2743699E+01
   04  0.5055910E+03  0.1129363E+02 -0.2236940E+01 -0.8845852E+00 -0.2740941E+01
   04  0.5072187E+03  0.1129643E+02 -0.2246930E+01 -0.9007932E+00 -0.2738148E+01
   04  0.5088465E+03  0.1129926E+02 -0.2257241E+01 -0.9171456E+00 -0.2735319E+01
   04  0.5104742E+03  0.1130212E+02 -0.2267887E+01 -0.9336379E+00 -0.2732455E+01
   04  0.5121020E+03  0.1130502E+02 -0.2278885E+01 -0.9502626E+00 -0.2729552E+01
   04  0.5137297E+03  0.1130796E+02 -0.2290254E+01 -0.9670131E+00 -0.2726611E+01
   04  0.5153574E+03  0.1131095E+02 -0.2302010E+01 -0.9838856E+00 -0.2723630E+01
   04  0.5169852E+03  0.1131397E+02 -0.2314173E+01 -0.1000877E+01 -0.2720608E+01
   04  0.5186129E+03  0.1131703E+02 -0.2326763E+01 -0.1017983E+01 -0.2717543E+01
   04  0.5202407E+03  0.1132014E+02 -0.2339799E+01 -0.1035204E+01 -0.2714433E+01
   04  0.5218684E+03  0.1132330E+02 -0.2353303E+01 -0.1052537E+01 -0.2711278E+01
   04  0.5234961E+03  0.1132650E+02 -0.2367296E+01 -0.1069981E+01 -0.2708075E+01
   04  0.5251239E+03  0.1132975E+02 -0.2381801E+01 -0.1087536E+01 -0.2704823E+01
   04  0.5267516E+03  0.1133306E+02 -0.2396840E+01 -0.1105203E+01 -0.2701519E+01
   04  0.5283794E+03  0.1133641E+02 -0.2412437E+01 -0.1122981E+01 -0.2698163E+01
   04  0.5300071E+03  0.1133983E+02 -0.2428616E+01 -0.1140873E+01 -0.2694751E+01
   04  0.5316349E+03  0.1134329E+02 -0.2445402E+01 -0.1158879E+01 -0.2691281E+01
   04  0.5332626E+03  0.1134682E+02 -0.2462819E+01 -0.1177003E+01 -0.2687752E+01
   04  0.5348903E+03  0.1135041E+02 -0.2480893E+01 -0.1195246E+01 -0.2684162E+01
   04  0.5365181E+03  0.1135407E+02 -0.2499650E+01 -0.1213613E+01 -0.2680507E+01
   04  0.5381458E+03  0.1135779E+02 -0.2519116E+01 -0.1232107E+01 -0.2676787E+01
   04  0.5397736E+03  0.1136158E+02 -0.2539317E+01 -0.1250731E+01 -0.2672997E+01
   04  0.5414013E+03  0.1136544E+02 -0.2560279E+01 -0.1269491E+01 -0.2669137E+01
   04  0.5430290E+03  0.1136937E+02 -0.2582029E+01 -0.1288390E+01 -0.2665204E+01
   04  0.5446568E+03  0.1137338E+02 -0.2604594E+01 -0.1307435E+01 -0.2661195E+01
   04  0.5462845E+03  0.1137747E+02 -0.2627999E+01 -0.1326630E+01 -0.2657108E+01
   04  0.5479123E+03  0.1138163E+02 -0.2652272E+01 -0.1345980E+01 -0.2652941E+01
   04  0.5495400E+03  0.1138588E+02 -0.2677438E+01 -0.1365492E+01 -0.2648691E+01
   04  0.5511678E+03  0.1139022E+02 -0.2703523E+01 -0.1385172E+01 -0.2644357E+01
   04  0.5527955E+03  0.1139464E+02 -0.2730550E+01 -0.1405024E+01 -0.2639935E+01
   04  0.5544232E+03  0.1139915E+02 -0.2758544E+01 -0.1425048E+01 -0.2635424E+01
   04  0.5560510E+03  0.1140375E+02 -0.2787527E+01 -0.1445253E+01 -0.2630822E+01
   04  0.5576787E+03  0.1140845E+02 -0.2817520E+01 -0.1465645E+01 -0.2626127E+01
   04  0.5593065E+03  0.1141324E+02 -0.2848545E+01 -0.1486232E+01 -0.2621337E+01
   04  0.5609342E+03  0.1141812E+02 -0.2880601E+01 -0.1507009E+01 -0.2616452E+01
   04  0.5625619E+03  0.1142311E+02 -0.2913724E+01 -0.1527995E+01 -0.2611469E+01
   04  0.5641897E+03  0.1142819E+02 -0.2947929E+01 -0.1549198E+01 -0.2606388E+01
   04  0.5658174E+03  0.1143337E+02 -0.2983229E+01 -0.1570622E+01 -0.2601209E+01
   04  0.5674452E+03  0.1143865E+02 -0.3019636E+01 -0.1592276E+01 -0.2595929E+01
   04  0.5690729E+03  0.1144403E+02 -0.3057159E+01 -0.1614164E+01 -0.2590550E+01
   04  0.5707007E+03  0.1144951E+02 -0.3095804E+01 -0.1636291E+01 -0.2585071E+01
   04  0.5723284E+03  0.1145508E+02 -0.3135575E+01 -0.1658661E+01 -0.2579491E+01
   04  0.5739561E+03  0.1146076E+02 -0.3176468E+01 -0.1681280E+01 -0.2573812E+01
   04  0.5755839E+03  0.1146654E+02 -0.3218481E+01 -0.1704148E+01 -0.2568034E+01
   04  0.5772116E+03  0.1147242E+02 -0.3261611E+01 -0.1727269E+01 -0.2562158E+01
   04  0.5788394E+03  0.1147839E+02 -0.3305850E+01 -0.1750645E+01 -0.2556185E+01
   04  0.5804671E+03  0.1148446E+02 -0.3351187E+01 -0.1774279E+01 -0.2550116E+01
   04  0.5820948E+03  0.1149062E+02 -0.3397610E+01 -0.1798173E+01 -0.2543953E+01
   04  0.5837226E+03  0.1149688E+02 -0.3445103E+01 -0.1822326E+01 -0.2537698E+01
   04  0.5853503E+03  0.1150322E+02 -0.3493647E+01 -0.1846738E+01 -0.2531352E+01
   04  0.5869781E+03  0.1150966E+02 -0.3543221E+01 -0.1871408E+01 -0.2524918E+01
   04  0.5886058E+03  0.1151618E+02 -0.3593801E+01 -0.1896333E+01 -0.2518398E+01
   04  0.5902336E+03  0.1152278E+02 -0.3645363E+01 -0.1921508E+01 -0.2511795E+01
   04  0.5918613E+03  0.1152946E+02 -0.3697879E+01 -0.1946929E+01 -0.2505111E+01
   04  0.5934890E+03  0.1153622E+02 -0.3751317E+01 -0.1972589E+01 -0.2498351E+01
   04  0.5951168E+03  0.1154306E+02 -0.3805643E+01 -0.1998481E+01 -0.2491518E+01
   04  0.5967445E+03  0.1154996E+02 -0.3860820E+01 -0.2024598E+01 -0.2484615E+01
   04  0.5983723E+03  0.1155693E+02 -0.3916809E+01 -0.2050930E+01 -0.2477646E+01
