# gauge_id= 605 location=( -0.1242015246E+03  0.4175949634E+02 ) num_var=  4
# Stationary gauge
# level, time, q[  1  2  3], eta, aux[]
# file format ascii, time series follow in this file
   04  0.0000000E+00  0.1045510E+02  0.0000000E+00  0.0000000E+00  0.0000000E+00
   04  0.1000000E+01  0.1045510E+02 -0.1379163E-15 -0.1786967E-16 -0.2909137E+01
   04  0.1015873E+01  0.1045510E+02 -0.1921632E-03 -0.3941978E-04 -0.2909137E+01
   04  0.1031746E+01  0.1045509E+02 -0.3843181E-03 -0.7883877E-04 -0.2909137E+01
   04  0.1047619E+01  0.1045509E+02 -0.5764644E-03 -0.1182570E-03 -0.2909138E+01
   04  0.1063492E+01  0.1045509E+02 -0.7686024E-03 -0.1576744E-03 -0.2909138E+01
   04  0.1079365E+01  0.1045509E+02 -0.9607320E-03 -0.1970911E-03 -0.2909139E+01
   04  0.1095238E+01  0.1045509E+02 -0.1152853E-02 -0.2365070E-03 -0.2909139E+01
   04  0.1111111E+01  0.1045509E+02 -0.1344966E-02 -0.2759221E-03 -0.2909140E+01
   04  0.1126984E+01  0.1045509E+02 -0.1537071E-02 -0.3153364E-03 -0.2909140E+01
   04  0.1142857E+01  0.1045509E+02 -0.1729167E-02 -0.3547500E-03 -0.2909140E+01
   04  0.1158730E+01  0.1045509E+02 -0.1921255E-02 -0.3941629E-03 -0.2909141E+01
   04  0.1174603E+01  0.1045509E+02 -0.2113335E-02 -0.4335750E-03 -0.2909141E+01
   04  0.1190476E+01  0.1045509E+02 -0.2305406E-02 -0.4729863E-03 -0.2909142E+01
   04  0.1206349E+01  0.1045509E+02 -0.2497470E-02 -0.5123969E-03 -0.2909142E+01
   04  0.1222222E+01  0.1045509E+02 -0.2689525E-02 -0.5518068E-03 -0.2909143E+01
   04  0.1238095E+01  0.1045509E+02 -0.2881572E-02 -0.5912160E-03 -0.2909143E+01
   04  0.1253968E+01  0.1045509E+02 -0.3073611E-02 -0.6306244E-03 -0.2909143E+01
   04  0.1269841E+01  0.1045509E+02 -0.3265642E-02 -0.6700321E-03 -0.2909144E+01
   04  0.1285714E+01  0.1045509E+02 -0.3457664E-02 -0.7094391E-03 -0.2909144E+01
   04  0.1301587E+01  0.1045509E+02 -0.3649679E-02 -0.7488453E-03 -0.2909145E+01
   04  0.1317460E+01  0.1045509E+02 -0.3841686E-02 -0.7882509E-03 -0.2909145E+01
   04  0.1333333E+01  0.1045509E+02 -0.4033684E-02 -0.8276557E-03 -0.2909146E+01
   04  0.1349206E+01  0.1045509E+02 -0.4225675E-02 -0.8670599E-03 -0.2909146E+01
   04  0.1365079E+01  0.1045509E+02 -0.4417657E-02 -0.9064633E-03 -0.2909147E+01
   04  0.1380952E+01  0.1045508E+02 -0.4609632E-02 -0.9458660E-03 -0.2909147E+01
   04  0.1396825E+01  0.1045508E+02 -0.4801598E-02 -0.9852681E-03 -0.2909148E+01
   04  0.1412698E+01  0.1045508E+02 -0.4993557E-02 -0.1024669E-02 -0.2909148E+01
   04  0.1428571E+01  0.1045508E+02 -0.5185508E-02 -0.1064070E-02 -0.2909149E+01
   04  0.1476190E+01  0.1045508E+02 -0.5761340E-02 -0.1182266E-02 -0.2909150E+01
   04  0.1523810E+01  0.1045508E+02 -0.6337101E-02 -0.1300455E-02 -0.2909152E+01
   04  0.1571429E+01  0.1045508E+02 -0.6912792E-02 -0.1418639E-02 -0.2909153E+01
   04  0.1619048E+01  0.1045508E+02 -0.7488414E-02 -0.1536817E-02 -0.2909155E+01
   04  0.1666667E+01  0.1045508E+02 -0.8063967E-02 -0.1654989E-02 -0.2909156E+01
   04  0.1714286E+01  0.1045507E+02 -0.8639452E-02 -0.1773155E-02 -0.2909158E+01
   04  0.1761905E+01  0.1045507E+02 -0.9214869E-02 -0.1891317E-02 -0.2909160E+01
   04  0.1809524E+01  0.1045507E+02 -0.9790218E-02 -0.2009472E-02 -0.2909161E+01
   04  0.1857143E+01  0.1045507E+02 -0.1036550E-01 -0.2127623E-02 -0.2909163E+01
   04  0.1904762E+01  0.1045507E+02 -0.1094072E-01 -0.2245768E-02 -0.2909165E+01
   04  0.1952381E+01  0.1045507E+02 -0.1151587E-01 -0.2363909E-02 -0.2909167E+01
   04  0.2000000E+01  0.1045506E+02 -0.1209096E-01 -0.2482044E-02 -0.2909169E+01
   04  0.5727919E+01  0.1045483E+02 -0.5713505E-01 -0.1169483E-01 -0.2909401E+01
   04  0.9455838E+01  0.1045441E+02 -0.1018452E+00 -0.2090202E-01 -0.2909822E+01
   04  0.1318376E+02  0.1045379E+02 -0.1464372E+00 -0.3015084E-01 -0.2910442E+01
   04  0.1691168E+02  0.1045297E+02 -0.1910645E+00 -0.3947859E-01 -0.2911264E+01
   04  0.2063960E+02  0.1045195E+02 -0.2358223E+00 -0.4891124E-01 -0.2912283E+01
   04  0.2436752E+02  0.1045074E+02 -0.2807508E+00 -0.5846216E-01 -0.2913493E+01
   04  0.2809543E+02  0.1044935E+02 -0.3258387E+00 -0.6813132E-01 -0.2914880E+01
   04  0.3182335E+02  0.1044781E+02 -0.3710248E+00 -0.7790480E-01 -0.2916426E+01
   04  0.3555127E+02  0.1044612E+02 -0.4162137E+00 -0.8773682E-01 -0.2918111E+01
   04  0.3834721E+02  0.1044478E+02 -0.4500652E+00 -0.9501650E-01 -0.2919450E+01
   04  0.4114315E+02  0.1044339E+02 -0.4838227E+00 -0.1022194E+00 -0.2920838E+01
   04  0.4393909E+02  0.1044197E+02 -0.5174283E+00 -0.1093303E+00 -0.2922263E+01
   04  0.4673503E+02  0.1044051E+02 -0.5508198E+00 -0.1163323E+00 -0.2923718E+01
   04  0.4922031E+02  0.1043920E+02 -0.5802590E+00 -0.1224402E+00 -0.2925029E+01
   04  0.5170559E+02  0.1043789E+02 -0.6093626E+00 -0.1284332E+00 -0.2926343E+01
   04  0.5419087E+02  0.1043658E+02 -0.6380433E+00 -0.1342917E+00 -0.2927649E+01
   04  0.5667615E+02  0.1043530E+02 -0.6662249E+00 -0.1399920E+00 -0.2928936E+01
   04  0.5916143E+02  0.1043403E+02 -0.6938424E+00 -0.1455120E+00 -0.2930197E+01
   04  0.6164671E+02  0.1043281E+02 -0.7208426E+00 -0.1508319E+00 -0.2931425E+01
   04  0.6413199E+02  0.1043160E+02 -0.7471799E+00 -0.1561528E+00 -0.2932634E+01
   04  0.6661727E+02  0.1043041E+02 -0.7728156E+00 -0.1614399E+00 -0.2933817E+01
   04  0.6910255E+02  0.1042927E+02 -0.7977160E+00 -0.1666685E+00 -0.2934967E+01
   04  0.7158783E+02  0.1042815E+02 -0.8218521E+00 -0.1718252E+00 -0.2936078E+01
   04  0.7407311E+02  0.1042709E+02 -0.8452022E+00 -0.1768886E+00 -0.2937147E+01
   04  0.7655838E+02  0.1042606E+02 -0.8677510E+00 -0.1818406E+00 -0.2938168E+01
   04  0.7904366E+02  0.1042509E+02 -0.8894900E+00 -0.1866663E+00 -0.2939139E+01
   04  0.8152894E+02  0.1042418E+02 -0.9104169E+00 -0.1913534E+00 -0.2940057E+01
   04  0.8401422E+02  0.1042331E+02 -0.9305348E+00 -0.1958914E+00 -0.2940920E+01
   04  0.8649950E+02  0.1042251E+02 -0.9498507E+00 -0.2002717E+00 -0.2941727E+01
   04  0.8898478E+02  0.1042176E+02 -0.9683753E+00 -0.2044869E+00 -0.2942476E+01
   04  0.9147006E+02  0.1042106E+02 -0.9861223E+00 -0.2085309E+00 -0.2943168E+01
   04  0.9445240E+02  0.1042031E+02 -0.1006441E+01 -0.2131566E+00 -0.2943919E+01
   04  0.9743473E+02  0.1041965E+02 -0.1025705E+01 -0.2175216E+00 -0.2944587E+01
   04  0.1004171E+03  0.1041907E+02 -0.1043859E+01 -0.2216187E+00 -0.2945165E+01
   04  0.1033994E+03  0.1041859E+02 -0.1060774E+01 -0.2254409E+00 -0.2945640E+01
   04  0.1063817E+03  0.1041821E+02 -0.1076536E+01 -0.2289766E+00 -0.2946017E+01
   04  0.1093641E+03  0.1041794E+02 -0.1091225E+01 -0.2321761E+00 -0.2946296E+01
   04  0.1123464E+03  0.1041775E+02 -0.1104913E+01 -0.2350664E+00 -0.2946482E+01
   04  0.1153287E+03  0.1041765E+02 -0.1117664E+01 -0.2376777E+00 -0.2946582E+01
   04  0.1183111E+03  0.1041763E+02 -0.1129534E+01 -0.2400415E+00 -0.2946601E+01
   04  0.1212934E+03  0.1041769E+02 -0.1140569E+01 -0.2421905E+00 -0.2946543E+01
   04  0.1242758E+03  0.1041782E+02 -0.1150816E+01 -0.2441583E+00 -0.2946413E+01
   04  0.1272581E+03  0.1041802E+02 -0.1160321E+01 -0.2459698E+00 -0.2946213E+01
   04  0.1302404E+03  0.1041828E+02 -0.1169058E+01 -0.2476401E+00 -0.2945954E+01
   04  0.1332228E+03  0.1041860E+02 -0.1177141E+01 -0.2491962E+00 -0.2945632E+01
   04  0.1362051E+03  0.1041898E+02 -0.1184599E+01 -0.2506581E+00 -0.2945248E+01
   04  0.1391874E+03  0.1041943E+02 -0.1191444E+01 -0.2520402E+00 -0.2944806E+01
   04  0.1421698E+03  0.1041992E+02 -0.1197689E+01 -0.2533541E+00 -0.2944308E+01
   04  0.1451521E+03  0.1042048E+02 -0.1203348E+01 -0.2546159E+00 -0.2943756E+01
   04  0.1481344E+03  0.1042108E+02 -0.1208434E+01 -0.2558385E+00 -0.2943152E+01
   04  0.1511168E+03  0.1042174E+02 -0.1212973E+01 -0.2570326E+00 -0.2942497E+01
   04  0.1540991E+03  0.1042242E+02 -0.1217177E+01 -0.2582074E+00 -0.2941811E+01
   04  0.1570814E+03  0.1042314E+02 -0.1221063E+01 -0.2593663E+00 -0.2941096E+01
   04  0.1600638E+03  0.1042388E+02 -0.1224644E+01 -0.2605077E+00 -0.2940350E+01
   04  0.1630461E+03  0.1042466E+02 -0.1227934E+01 -0.2616142E+00 -0.2939574E+01
   04  0.1660284E+03  0.1042547E+02 -0.1230945E+01 -0.2626762E+00 -0.2938765E+01
   04  0.1690108E+03  0.1042630E+02 -0.1233690E+01 -0.2637099E+00 -0.2937927E+01
   04  0.1719931E+03  0.1042717E+02 -0.1236177E+01 -0.2647096E+00 -0.2937061E+01
   04  0.1749755E+03  0.1042806E+02 -0.1238415E+01 -0.2656708E+00 -0.2936168E+01
   04  0.1779578E+03  0.1042899E+02 -0.1240410E+01 -0.2665896E+00 -0.2935247E+01
   04  0.1809401E+03  0.1042993E+02 -0.1242166E+01 -0.2674629E+00 -0.2934299E+01
   04  0.1824313E+03  0.1043042E+02 -0.1243004E+01 -0.2678716E+00 -0.2933816E+01
   04  0.1839225E+03  0.1043091E+02 -0.1243784E+01 -0.2682675E+00 -0.2933326E+01
   04  0.1854136E+03  0.1043140E+02 -0.1244508E+01 -0.2686504E+00 -0.2932831E+01
   04  0.1869048E+03  0.1043190E+02 -0.1245176E+01 -0.2690203E+00 -0.2932329E+01
   04  0.1883960E+03  0.1043241E+02 -0.1245788E+01 -0.2693771E+00 -0.2931822E+01
   04  0.1898871E+03  0.1043292E+02 -0.1246346E+01 -0.2697207E+00 -0.2931309E+01
   04  0.1913783E+03  0.1043344E+02 -0.1246851E+01 -0.2700512E+00 -0.2930790E+01
   04  0.1928695E+03  0.1043397E+02 -0.1247302E+01 -0.2703686E+00 -0.2930266E+01
   04  0.1943606E+03  0.1043450E+02 -0.1247701E+01 -0.2706732E+00 -0.2929736E+01
   04  0.1958518E+03  0.1043503E+02 -0.1248050E+01 -0.2709649E+00 -0.2929201E+01
   04  0.1973430E+03  0.1043557E+02 -0.1248348E+01 -0.2712440E+00 -0.2928662E+01
   04  0.1988341E+03  0.1043611E+02 -0.1248598E+01 -0.2715108E+00 -0.2928117E+01
   04  0.2003253E+03  0.1043666E+02 -0.1248800E+01 -0.2717657E+00 -0.2927568E+01
   04  0.2018165E+03  0.1043722E+02 -0.1248955E+01 -0.2720090E+00 -0.2927015E+01
   04  0.2033076E+03  0.1043778E+02 -0.1249067E+01 -0.2722410E+00 -0.2926457E+01
   04  0.2047988E+03  0.1043834E+02 -0.1249137E+01 -0.2724620E+00 -0.2925896E+01
   04  0.2062900E+03  0.1043890E+02 -0.1249168E+01 -0.2726704E+00 -0.2925330E+01
   04  0.2077811E+03  0.1043947E+02 -0.1249163E+01 -0.2728667E+00 -0.2924762E+01
   04  0.2092723E+03  0.1044004E+02 -0.1249122E+01 -0.2730510E+00 -0.2924190E+01
   04  0.2107635E+03  0.1044062E+02 -0.1249050E+01 -0.2732239E+00 -0.2923615E+01
   04  0.2122546E+03  0.1044119E+02 -0.1248948E+01 -0.2733858E+00 -0.2923037E+01
   04  0.2137458E+03  0.1044177E+02 -0.1248819E+01 -0.2735371E+00 -0.2922458E+01
   04  0.2152370E+03  0.1044236E+02 -0.1248665E+01 -0.2736782E+00 -0.2921876E+01
   04  0.2167281E+03  0.1044294E+02 -0.1248488E+01 -0.2738097E+00 -0.2921292E+01
   04  0.2182193E+03  0.1044352E+02 -0.1248290E+01 -0.2739320E+00 -0.2920708E+01
   04  0.2197105E+03  0.1044411E+02 -0.1248074E+01 -0.2740457E+00 -0.2920122E+01
   04  0.2212017E+03  0.1044470E+02 -0.1247841E+01 -0.2741515E+00 -0.2919535E+01
   04  0.2226928E+03  0.1044528E+02 -0.1247593E+01 -0.2742502E+00 -0.2918948E+01
   04  0.2241840E+03  0.1044587E+02 -0.1247332E+01 -0.2743426E+00 -0.2918361E+01
   04  0.2256752E+03  0.1044646E+02 -0.1247082E+01 -0.2744296E+00 -0.2917772E+01
   04  0.2271663E+03  0.1044705E+02 -0.1246853E+01 -0.2745082E+00 -0.2917181E+01
   04  0.2286575E+03  0.1044764E+02 -0.1246644E+01 -0.2745777E+00 -0.2916589E+01
   04  0.2301487E+03  0.1044824E+02 -0.1246457E+01 -0.2746384E+00 -0.2915996E+01
   04  0.2316398E+03  0.1044883E+02 -0.1246292E+01 -0.2746905E+00 -0.2915402E+01
   04  0.2331310E+03  0.1044942E+02 -0.1246152E+01 -0.2747339E+00 -0.2914809E+01
   04  0.2346222E+03  0.1045002E+02 -0.1246036E+01 -0.2747638E+00 -0.2914216E+01
   04  0.2361133E+03  0.1045061E+02 -0.1245945E+01 -0.2747799E+00 -0.2913624E+01
   04  0.2376045E+03  0.1045120E+02 -0.1245880E+01 -0.2747822E+00 -0.2913034E+01
   04  0.2390957E+03  0.1045179E+02 -0.1245843E+01 -0.2747706E+00 -0.2912445E+01
   04  0.2405868E+03  0.1045237E+02 -0.1245833E+01 -0.2747450E+00 -0.2911858E+01
   04  0.2420780E+03  0.1045296E+02 -0.1245852E+01 -0.2747052E+00 -0.2911274E+01
   04  0.2435692E+03  0.1045354E+02 -0.1245901E+01 -0.2746514E+00 -0.2910692E+01
   04  0.2450603E+03  0.1045412E+02 -0.1245981E+01 -0.2745834E+00 -0.2910113E+01
   04  0.2465515E+03  0.1045469E+02 -0.1246094E+01 -0.2745011E+00 -0.2909537E+01
   04  0.2480427E+03  0.1045527E+02 -0.1246239E+01 -0.2744047E+00 -0.2908965E+01
   04  0.2495338E+03  0.1045584E+02 -0.1246418E+01 -0.2742941E+00 -0.2908395E+01
   04  0.2510250E+03  0.1045640E+02 -0.1246632E+01 -0.2741693E+00 -0.2907830E+01
   04  0.2525162E+03  0.1045696E+02 -0.1246882E+01 -0.2740303E+00 -0.2907268E+01
   04  0.2540073E+03  0.1045752E+02 -0.1247167E+01 -0.2738775E+00 -0.2906710E+01
   04  0.2554985E+03  0.1045808E+02 -0.1247488E+01 -0.2737107E+00 -0.2906156E+01
   04  0.2569897E+03  0.1045863E+02 -0.1247845E+01 -0.2735304E+00 -0.2905606E+01
   04  0.2584808E+03  0.1045917E+02 -0.1248239E+01 -0.2733367E+00 -0.2905060E+01
   04  0.2599720E+03  0.1045971E+02 -0.1248670E+01 -0.2731360E+00 -0.2904518E+01
   04  0.2614632E+03  0.1046025E+02 -0.1249138E+01 -0.2729309E+00 -0.2903979E+01
   04  0.2629543E+03  0.1046079E+02 -0.1249644E+01 -0.2727215E+00 -0.2903443E+01
   04  0.2644455E+03  0.1046132E+02 -0.1250187E+01 -0.2725080E+00 -0.2902912E+01
   04  0.2659367E+03  0.1046185E+02 -0.1250769E+01 -0.2722905E+00 -0.2902383E+01
   04  0.2674278E+03  0.1046237E+02 -0.1251388E+01 -0.2720691E+00 -0.2901859E+01
   04  0.2689190E+03  0.1046289E+02 -0.1252046E+01 -0.2718442E+00 -0.2901338E+01
   04  0.2704102E+03  0.1046341E+02 -0.1252743E+01 -0.2716161E+00 -0.2900820E+01
   04  0.2719014E+03  0.1046393E+02 -0.1253479E+01 -0.2713849E+00 -0.2900307E+01
   04  0.2733925E+03  0.1046444E+02 -0.1254254E+01 -0.2711511E+00 -0.2899797E+01
   04  0.2748837E+03  0.1046494E+02 -0.1255069E+01 -0.2709124E+00 -0.2899291E+01
   04  0.2763749E+03  0.1046544E+02 -0.1255923E+01 -0.2706680E+00 -0.2898789E+01
   04  0.2778660E+03  0.1046594E+02 -0.1256817E+01 -0.2704179E+00 -0.2898291E+01
   04  0.2793572E+03  0.1046643E+02 -0.1257751E+01 -0.2701625E+00 -0.2897797E+01
   04  0.2808484E+03  0.1046692E+02 -0.1258726E+01 -0.2699019E+00 -0.2897308E+01
   04  0.2823395E+03  0.1046741E+02 -0.1259741E+01 -0.2696365E+00 -0.2896822E+01
   04  0.2838307E+03  0.1046789E+02 -0.1260797E+01 -0.2693668E+00 -0.2896340E+01
   04  0.2853219E+03  0.1046837E+02 -0.1261893E+01 -0.2690931E+00 -0.2895862E+01
   04  0.2868130E+03  0.1046884E+02 -0.1263031E+01 -0.2688160E+00 -0.2895388E+01
   04  0.2883042E+03  0.1046931E+02 -0.1264209E+01 -0.2685359E+00 -0.2894918E+01
   04  0.2897954E+03  0.1046978E+02 -0.1265429E+01 -0.2682534E+00 -0.2894451E+01
   04  0.2912865E+03  0.1047024E+02 -0.1266690E+01 -0.2679691E+00 -0.2893988E+01
   04  0.2927777E+03  0.1047070E+02 -0.1267992E+01 -0.2676834E+00 -0.2893529E+01
   04  0.2942689E+03  0.1047116E+02 -0.1269336E+01 -0.2673971E+00 -0.2893073E+01
   04  0.2957600E+03  0.1047161E+02 -0.1270721E+01 -0.2671106E+00 -0.2892620E+01
   04  0.2972512E+03  0.1047206E+02 -0.1272148E+01 -0.2668246E+00 -0.2892170E+01
   04  0.2987424E+03  0.1047251E+02 -0.1273616E+01 -0.2665398E+00 -0.2891724E+01
   04  0.3002335E+03  0.1047295E+02 -0.1275125E+01 -0.2662568E+00 -0.2891280E+01
   04  0.3017247E+03  0.1047339E+02 -0.1276675E+01 -0.2659763E+00 -0.2890840E+01
   04  0.3032159E+03  0.1047383E+02 -0.1278266E+01 -0.2656991E+00 -0.2890402E+01
   04  0.3047070E+03  0.1047427E+02 -0.1279898E+01 -0.2654258E+00 -0.2889966E+01
   04  0.3061982E+03  0.1047470E+02 -0.1281571E+01 -0.2651572E+00 -0.2889533E+01
   04  0.3076894E+03  0.1047513E+02 -0.1283285E+01 -0.2648940E+00 -0.2889103E+01
   04  0.3091805E+03  0.1047556E+02 -0.1285039E+01 -0.2646368E+00 -0.2888674E+01
   04  0.3106717E+03  0.1047598E+02 -0.1286834E+01 -0.2643864E+00 -0.2888248E+01
   04  0.3121629E+03  0.1047641E+02 -0.1288668E+01 -0.2641434E+00 -0.2887823E+01
   04  0.3136540E+03  0.1047683E+02 -0.1290543E+01 -0.2639087E+00 -0.2887400E+01
   04  0.3151452E+03  0.1047725E+02 -0.1292458E+01 -0.2636830E+00 -0.2886979E+01
   04  0.3165017E+03  0.1047764E+02 -0.1294236E+01 -0.2634868E+00 -0.2886597E+01
   04  0.3178581E+03  0.1047802E+02 -0.1296046E+01 -0.2632992E+00 -0.2886216E+01
   04  0.3192146E+03  0.1047840E+02 -0.1297889E+01 -0.2631209E+00 -0.2885835E+01
   04  0.3205710E+03  0.1047878E+02 -0.1299764E+01 -0.2629523E+00 -0.2885456E+01
   04  0.3219275E+03  0.1047916E+02 -0.1301670E+01 -0.2627941E+00 -0.2885077E+01
   04  0.3232839E+03  0.1047953E+02 -0.1303609E+01 -0.2626469E+00 -0.2884698E+01
   04  0.3246404E+03  0.1047991E+02 -0.1305579E+01 -0.2625111E+00 -0.2884320E+01
   04  0.3259968E+03  0.1048029E+02 -0.1307580E+01 -0.2623874E+00 -0.2883941E+01
   04  0.3273533E+03  0.1048067E+02 -0.1309613E+01 -0.2622763E+00 -0.2883563E+01
   04  0.3287097E+03  0.1048105E+02 -0.1311678E+01 -0.2621784E+00 -0.2883185E+01
   04  0.3300662E+03  0.1048143E+02 -0.1313774E+01 -0.2620941E+00 -0.2882806E+01
   04  0.3314226E+03  0.1048181E+02 -0.1315892E+01 -0.2620244E+00 -0.2882427E+01
   04  0.3327791E+03  0.1048219E+02 -0.1318034E+01 -0.2619701E+00 -0.2882046E+01
   04  0.3341355E+03  0.1048257E+02 -0.1320199E+01 -0.2619318E+00 -0.2881663E+01
   04  0.3354920E+03  0.1048295E+02 -0.1322389E+01 -0.2619104E+00 -0.2881279E+01
   04  0.3368484E+03  0.1048334E+02 -0.1324604E+01 -0.2619066E+00 -0.2880894E+01
   04  0.3382049E+03  0.1048373E+02 -0.1326843E+01 -0.2619211E+00 -0.2880506E+01
   04  0.3395613E+03  0.1048411E+02 -0.1329109E+01 -0.2619546E+00 -0.2880117E+01
   04  0.3409178E+03  0.1048451E+02 -0.1331401E+01 -0.2620077E+00 -0.2879726E+01
   04  0.3422742E+03  0.1048490E+02 -0.1333720E+01 -0.2620812E+00 -0.2879333E+01
   04  0.3436307E+03  0.1048529E+02 -0.1336067E+01 -0.2621752E+00 -0.2878938E+01
   04  0.3449871E+03  0.1048569E+02 -0.1338444E+01 -0.2622901E+00 -0.2878541E+01
   04  0.3463436E+03  0.1048609E+02 -0.1340851E+01 -0.2624268E+00 -0.2878141E+01
   04  0.3477000E+03  0.1048649E+02 -0.1343289E+01 -0.2625859E+00 -0.2877739E+01
   04  0.3490565E+03  0.1048690E+02 -0.1345756E+01 -0.2627679E+00 -0.2877334E+01
   04  0.3504130E+03  0.1048730E+02 -0.1348239E+01 -0.2629737E+00 -0.2876927E+01
   04  0.3517694E+03  0.1048771E+02 -0.1350737E+01 -0.2632035E+00 -0.2876520E+01
   04  0.3531259E+03  0.1048812E+02 -0.1353252E+01 -0.2634579E+00 -0.2876111E+01
   04  0.3544823E+03  0.1048853E+02 -0.1355783E+01 -0.2637375E+00 -0.2875699E+01
   04  0.3558388E+03  0.1048895E+02 -0.1358331E+01 -0.2640427E+00 -0.2875286E+01
   04  0.3574665E+03  0.1048944E+02 -0.1361407E+01 -0.2644428E+00 -0.2874788E+01
   04  0.3590942E+03  0.1048995E+02 -0.1364508E+01 -0.2648820E+00 -0.2874286E+01
   04  0.3607220E+03  0.1049045E+02 -0.1367634E+01 -0.2653614E+00 -0.2873780E+01
   04  0.3623497E+03  0.1049096E+02 -0.1370784E+01 -0.2658820E+00 -0.2873269E+01
   04  0.3639775E+03  0.1049148E+02 -0.1373960E+01 -0.2664451E+00 -0.2872754E+01
   04  0.3656052E+03  0.1049200E+02 -0.1377162E+01 -0.2670519E+00 -0.2872235E+01
   04  0.3672329E+03  0.1049252E+02 -0.1380389E+01 -0.2677038E+00 -0.2871709E+01
   04  0.3688607E+03  0.1049305E+02 -0.1383642E+01 -0.2684022E+00 -0.2871178E+01
   04  0.3704884E+03  0.1049359E+02 -0.1386921E+01 -0.2691486E+00 -0.2870641E+01
   04  0.3721162E+03  0.1049414E+02 -0.1390226E+01 -0.2699446E+00 -0.2870097E+01
   04  0.3737439E+03  0.1049469E+02 -0.1393557E+01 -0.2707921E+00 -0.2869546E+01
   04  0.3753717E+03  0.1049524E+02 -0.1396914E+01 -0.2716928E+00 -0.2868988E+01
   04  0.3769994E+03  0.1049581E+02 -0.1400296E+01 -0.2726488E+00 -0.2868422E+01
   04  0.3786271E+03  0.1049638E+02 -0.1403704E+01 -0.2736623E+00 -0.2867848E+01
   04  0.3802549E+03  0.1049697E+02 -0.1407138E+01 -0.2747353E+00 -0.2867265E+01
   04  0.3818826E+03  0.1049756E+02 -0.1410596E+01 -0.2758777E+00 -0.2866672E+01
   04  0.3835104E+03  0.1049816E+02 -0.1414075E+01 -0.2770974E+00 -0.2866067E+01
   04  0.3851381E+03  0.1049878E+02 -0.1417578E+01 -0.2783971E+00 -0.2865452E+01
   04  0.3867658E+03  0.1049941E+02 -0.1421104E+01 -0.2797791E+00 -0.2864824E+01
   04  0.3883936E+03  0.1050005E+02 -0.1424655E+01 -0.2812456E+00 -0.2864184E+01
   04  0.3900213E+03  0.1050070E+02 -0.1428230E+01 -0.2827957E+00 -0.2863531E+01
   04  0.3916491E+03  0.1050137E+02 -0.1431829E+01 -0.2844276E+00 -0.2862864E+01
   04  0.3932768E+03  0.1050205E+02 -0.1435451E+01 -0.2861447E+00 -0.2862182E+01
   04  0.3949046E+03  0.1050275E+02 -0.1439096E+01 -0.2879505E+00 -0.2861485E+01
   04  0.3965323E+03  0.1050346E+02 -0.1442763E+01 -0.2898490E+00 -0.2860772E+01
   04  0.3981600E+03  0.1050419E+02 -0.1446451E+01 -0.2918446E+00 -0.2860044E+01
   04  0.3997878E+03  0.1050493E+02 -0.1450160E+01 -0.2939424E+00 -0.2859300E+01
   04  0.4014155E+03  0.1050569E+02 -0.1453890E+01 -0.2961478E+00 -0.2858540E+01
   04  0.4030433E+03  0.1050647E+02 -0.1457640E+01 -0.2984676E+00 -0.2857763E+01
   04  0.4046710E+03  0.1050726E+02 -0.1461410E+01 -0.3009019E+00 -0.2856969E+01
   04  0.4062987E+03  0.1050807E+02 -0.1465201E+01 -0.3034499E+00 -0.2856157E+01
   04  0.4079265E+03  0.1050890E+02 -0.1469029E+01 -0.3061144E+00 -0.2855329E+01
   04  0.4095542E+03  0.1050975E+02 -0.1472894E+01 -0.3088985E+00 -0.2854484E+01
   04  0.4111820E+03  0.1051061E+02 -0.1476797E+01 -0.3118054E+00 -0.2853621E+01
   04  0.4128097E+03  0.1051149E+02 -0.1480738E+01 -0.3148380E+00 -0.2852741E+01
   04  0.4144375E+03  0.1051239E+02 -0.1484719E+01 -0.3180060E+00 -0.2851844E+01
   04  0.4160652E+03  0.1051330E+02 -0.1488739E+01 -0.3213130E+00 -0.2850928E+01
   04  0.4176929E+03  0.1051424E+02 -0.1492795E+01 -0.3247449E+00 -0.2849992E+01
   04  0.4193207E+03  0.1051520E+02 -0.1496885E+01 -0.3283042E+00 -0.2849036E+01
   04  0.4209484E+03  0.1051617E+02 -0.1501011E+01 -0.3319931E+00 -0.2848060E+01
   04  0.4225762E+03  0.1051717E+02 -0.1505170E+01 -0.3358143E+00 -0.2847062E+01
   04  0.4242039E+03  0.1051819E+02 -0.1509364E+01 -0.3397703E+00 -0.2846042E+01
   04  0.4258316E+03  0.1051923E+02 -0.1513591E+01 -0.3438635E+00 -0.2845001E+01
   04  0.4274594E+03  0.1052030E+02 -0.1517853E+01 -0.3480963E+00 -0.2843937E+01
   04  0.4290871E+03  0.1052138E+02 -0.1522148E+01 -0.3524712E+00 -0.2842850E+01
   04  0.4307149E+03  0.1052249E+02 -0.1526478E+01 -0.3569908E+00 -0.2841739E+01
   04  0.4323426E+03  0.1052363E+02 -0.1530841E+01 -0.3616576E+00 -0.2840605E+01
   04  0.4339704E+03  0.1052479E+02 -0.1535238E+01 -0.3664740E+00 -0.2839447E+01
   04  0.4355981E+03  0.1052597E+02 -0.1539668E+01 -0.3714428E+00 -0.2838264E+01
   04  0.4372258E+03  0.1052718E+02 -0.1544133E+01 -0.3765662E+00 -0.2837056E+01
   04  0.4388536E+03  0.1052841E+02 -0.1548631E+01 -0.3818468E+00 -0.2835822E+01
   04  0.4404813E+03  0.1052967E+02 -0.1553163E+01 -0.3872871E+00 -0.2834562E+01
   04  0.4421091E+03  0.1053096E+02 -0.1557727E+01 -0.3928895E+00 -0.2833275E+01
   04  0.4437368E+03  0.1053227E+02 -0.1562323E+01 -0.3986564E+00 -0.2831961E+01
   04  0.4453645E+03  0.1053361E+02 -0.1566952E+01 -0.4045902E+00 -0.2830619E+01
   04  0.4469923E+03  0.1053498E+02 -0.1571614E+01 -0.4106933E+00 -0.2829248E+01
   04  0.4486200E+03  0.1053638E+02 -0.1576309E+01 -0.4169678E+00 -0.2827849E+01
   04  0.4502478E+03  0.1053781E+02 -0.1581039E+01 -0.4234161E+00 -0.2826420E+01
   04  0.4518755E+03  0.1053927E+02 -0.1585803E+01 -0.4300404E+00 -0.2824961E+01
   04  0.4535033E+03  0.1054076E+02 -0.1590604E+01 -0.4368427E+00 -0.2823471E+01
   04  0.4551310E+03  0.1054228E+02 -0.1595443E+01 -0.4438252E+00 -0.2821951E+01
   04  0.4567587E+03  0.1054383E+02 -0.1600322E+01 -0.4509899E+00 -0.2820398E+01
   04  0.4583865E+03  0.1054542E+02 -0.1605244E+01 -0.4583388E+00 -0.2818814E+01
   04  0.4600142E+03  0.1054704E+02 -0.1610211E+01 -0.4658738E+00 -0.2817196E+01
   04  0.4616420E+03  0.1054869E+02 -0.1615227E+01 -0.4735966E+00 -0.2815545E+01
   04  0.4632697E+03  0.1055037E+02 -0.1620296E+01 -0.4815089E+00 -0.2813860E+01
   04  0.4648974E+03  0.1055209E+02 -0.1625421E+01 -0.4896124E+00 -0.2812140E+01
   04  0.4665252E+03  0.1055385E+02 -0.1630607E+01 -0.4979084E+00 -0.2810385E+01
   04  0.4681529E+03  0.1055564E+02 -0.1635860E+01 -0.5063985E+00 -0.2808594E+01
   04  0.4697807E+03  0.1055747E+02 -0.1641185E+01 -0.5150861E+00 -0.2806766E+01
   04  0.4714084E+03  0.1055933E+02 -0.1646587E+01 -0.5239947E+00 -0.2804904E+01
   04  0.4730362E+03  0.1056123E+02 -0.1652073E+01 -0.5331232E+00 -0.2803005E+01
   04  0.4746639E+03  0.1056316E+02 -0.1657649E+01 -0.5424709E+00 -0.2801069E+01
   04  0.4762916E+03  0.1056514E+02 -0.1663323E+01 -0.5520369E+00 -0.2799096E+01
   04  0.4779194E+03  0.1056715E+02 -0.1669103E+01 -0.5618204E+00 -0.2797084E+01
   04  0.4795471E+03  0.1056920E+02 -0.1674999E+01 -0.5718207E+00 -0.2795032E+01
   04  0.4811749E+03  0.1057129E+02 -0.1681019E+01 -0.5820372E+00 -0.2792939E+01
   04  0.4828026E+03  0.1057343E+02 -0.1687173E+01 -0.5924691E+00 -0.2790804E+01
   04  0.4844303E+03  0.1057560E+02 -0.1693474E+01 -0.6031156E+00 -0.2788627E+01
   04  0.4860581E+03  0.1057783E+02 -0.1699931E+01 -0.6139762E+00 -0.2786406E+01
   04  0.4876858E+03  0.1058009E+02 -0.1706558E+01 -0.6250499E+00 -0.2784141E+01
   04  0.4893136E+03  0.1058240E+02 -0.1713366E+01 -0.6363360E+00 -0.2781829E+01
   04  0.4909413E+03  0.1058476E+02 -0.1720371E+01 -0.6478336E+00 -0.2779471E+01
   04  0.4925691E+03  0.1058717E+02 -0.1727586E+01 -0.6595418E+00 -0.2777065E+01
   04  0.4941968E+03  0.1058962E+02 -0.1735025E+01 -0.6714597E+00 -0.2774609E+01
   04  0.4958245E+03  0.1059213E+02 -0.1742706E+01 -0.6835864E+00 -0.2772104E+01
   04  0.4974523E+03  0.1059469E+02 -0.1750644E+01 -0.6959208E+00 -0.2769547E+01
   04  0.4990800E+03  0.1059729E+02 -0.1758856E+01 -0.7084619E+00 -0.2766937E+01
   04  0.5007078E+03  0.1059996E+02 -0.1767362E+01 -0.7212087E+00 -0.2764274E+01
   04  0.5023355E+03  0.1060268E+02 -0.1776180E+01 -0.7341602E+00 -0.2761556E+01
   04  0.5039632E+03  0.1060545E+02 -0.1785332E+01 -0.7473153E+00 -0.2758781E+01
   04  0.5055910E+03  0.1060828E+02 -0.1794835E+01 -0.7606728E+00 -0.2755948E+01
   04  0.5072187E+03  0.1061118E+02 -0.1804710E+01 -0.7742317E+00 -0.2753056E+01
   04  0.5088465E+03  0.1061413E+02 -0.1814977E+01 -0.7879961E+00 -0.2750104E+01
   04  0.5104742E+03  0.1061714E+02 -0.1825656E+01 -0.8019656E+00 -0.2747090E+01
   04  0.5121020E+03  0.1062022E+02 -0.1836768E+01 -0.8161235E+00 -0.2744011E+01
   04  0.5137297E+03  0.1062337E+02 -0.1848337E+01 -0.8304592E+00 -0.2740866E+01
   04  0.5153574E+03  0.1062658E+02 -0.1860384E+01 -0.8449734E+00 -0.2737652E+01
   04  0.5169852E+03  0.1062986E+02 -0.1872934E+01 -0.8596669E+00 -0.2734370E+01
   04  0.5186129E+03  0.1063321E+02 -0.1886008E+01 -0.8745404E+00 -0.2731018E+01
   04  0.5202407E+03  0.1063664E+02 -0.1899631E+01 -0.8895946E+00 -0.2727594E+01
   04  0.5218684E+03  0.1064013E+02 -0.1913825E+01 -0.9048299E+00 -0.2724098E+01
   04  0.5234961E+03  0.1064370E+02 -0.1928614E+01 -0.9202470E+00 -0.2720528E+01
   04  0.5251239E+03  0.1064735E+02 -0.1944022E+01 -0.9358462E+00 -0.2716883E+01
   04  0.5267516E+03  0.1065107E+02 -0.1960071E+01 -0.9516283E+00 -0.2713161E+01
   04  0.5283794E+03  0.1065487E+02 -0.1976785E+01 -0.9675938E+00 -0.2709362E+01
   04  0.5300071E+03  0.1065875E+02 -0.1994187E+01 -0.9837434E+00 -0.2705484E+01
   04  0.5316349E+03  0.1066271E+02 -0.2012299E+01 -0.1000078E+01 -0.2701526E+01
   04  0.5332626E+03  0.1066675E+02 -0.2031143E+01 -0.1016598E+01 -0.2697486E+01
   04  0.5348903E+03  0.1067087E+02 -0.2050742E+01 -0.1033305E+01 -0.2693364E+01
   04  0.5365181E+03  0.1067507E+02 -0.2071117E+01 -0.1050199E+01 -0.2689158E+01
   04  0.5381458E+03  0.1067936E+02 -0.2092287E+01 -0.1067282E+01 -0.2684868E+01
   04  0.5397736E+03  0.1068374E+02 -0.2114275E+01 -0.1084555E+01 -0.2680491E+01
   04  0.5414013E+03  0.1068820E+02 -0.2137099E+01 -0.1102020E+01 -0.2676028E+01
   04  0.5430290E+03  0.1069276E+02 -0.2160780E+01 -0.1119678E+01 -0.2671476E+01
   04  0.5446568E+03  0.1069740E+02 -0.2185335E+01 -0.1137531E+01 -0.2666836E+01
   04  0.5462845E+03  0.1070213E+02 -0.2210782E+01 -0.1155580E+01 -0.2662106E+01
   04  0.5479123E+03  0.1070695E+02 -0.2237136E+01 -0.1173828E+01 -0.2657287E+01
   04  0.5495400E+03  0.1071186E+02 -0.2264412E+01 -0.1192276E+01 -0.2652376E+01
   04  0.5511678E+03  0.1071686E+02 -0.2292624E+01 -0.1210927E+01 -0.2647373E+01
   04  0.5527955E+03  0.1072195E+02 -0.2321783E+01 -0.1229782E+01 -0.2642279E+01
   04  0.5544232E+03  0.1072714E+02 -0.2351903E+01 -0.1248843E+01 -0.2637093E+01
   04  0.5560510E+03  0.1073242E+02 -0.2382995E+01 -0.1268114E+01 -0.2631815E+01
   04  0.5576787E+03  0.1073779E+02 -0.2415068E+01 -0.1287595E+01 -0.2626445E+01
   04  0.5593065E+03  0.1074325E+02 -0.2448129E+01 -0.1307288E+01 -0.2620983E+01
   04  0.5609342E+03  0.1074880E+02 -0.2482185E+01 -0.1327196E+01 -0.2615430E+01
   04  0.5625619E+03  0.1075445E+02 -0.2517240E+01 -0.1347321E+01 -0.2609785E+01
   04  0.5641897E+03  0.1076018E+02 -0.2553297E+01 -0.1367663E+01 -0.2604050E+01
   04  0.5658174E+03  0.1076601E+02 -0.2590357E+01 -0.1388225E+01 -0.2598225E+01
   04  0.5674452E+03  0.1077192E+02 -0.2628413E+01 -0.1409007E+01 -0.2592311E+01
   04  0.5690729E+03  0.1077792E+02 -0.2667464E+01 -0.1430010E+01 -0.2586310E+01
   04  0.5707007E+03  0.1078401E+02 -0.2707502E+01 -0.1451234E+01 -0.2580223E+01
   04  0.5723284E+03  0.1079018E+02 -0.2748572E+01 -0.1472678E+01 -0.2574050E+01
   04  0.5739561E+03  0.1079644E+02 -0.2790615E+01 -0.1494341E+01 -0.2567794E+01
   04  0.5755839E+03  0.1080278E+02 -0.2833617E+01 -0.1516221E+01 -0.2561455E+01
   04  0.5772116E+03  0.1080920E+02 -0.2877564E+01 -0.1538319E+01 -0.2555037E+01
   04  0.5788394E+03  0.1081569E+02 -0.2922437E+01 -0.1560633E+01 -0.2548540E+01
   04  0.5804671E+03  0.1082226E+02 -0.2968217E+01 -0.1583161E+01 -0.2541969E+01
   04  0.5820948E+03  0.1082891E+02 -0.3014881E+01 -0.1605902E+01 -0.2535324E+01
   04  0.5837226E+03  0.1083562E+02 -0.3062403E+01 -0.1628854E+01 -0.2528610E+01
   04  0.5853503E+03  0.1084240E+02 -0.3110758E+01 -0.1652013E+01 -0.2521829E+01
   04  0.5869781E+03  0.1084925E+02 -0.3159916E+01 -0.1675377E+01 -0.2514984E+01
   04  0.5886058E+03  0.1085615E+02 -0.3209846E+01 -0.1698941E+01 -0.2508079E+01
   04  0.5902336E+03  0.1086314E+02 -0.3260542E+01 -0.1722489E+01 -0.2501088E+01
   04  0.5918613E+03  0.1087019E+02 -0.3311962E+01 -0.1746238E+01 -0.2494046E+01
   04  0.5934890E+03  0.1087728E+02 -0.3364067E+01 -0.1770181E+01 -0.2486954E+01
   04  0.5951168E+03  0.1088442E+02 -0.3416826E+01 -0.1794240E+01 -0.2479809E+01
   04  0.5967445E+03  0.1089162E+02 -0.3470208E+01 -0.1818389E+01 -0.2472611E+01
   04  0.5983723E+03  0.1089886E+02 -0.3524166E+01 -0.1842712E+01 -0.2465375E+01
