# gauge_id= 307 location=( -0.1242050000E+03  0.4176625000E+02 ) num_var=  4
# Stationary gauge
# level, time, q[  1  2  3], eta, aux[]
# file format ascii, time series follow in this file
   04  0.0000000E+00  0.1212376E+02  0.0000000E+00  0.0000000E+00  0.0000000E+00
   04  0.1000000E+01  0.1212376E+02 -0.5504518E-16  0.1491371E-15 -0.2924943E+01
   04  0.1015873E+01  0.1212376E+02 -0.2340714E-03 -0.5047507E-04 -0.2924943E+01
   04  0.1031746E+01  0.1212376E+02 -0.4681397E-03 -0.1009518E-03 -0.2924944E+01
   04  0.1047619E+01  0.1212376E+02 -0.7022048E-03 -0.1514301E-03 -0.2924944E+01
   04  0.1063492E+01  0.1212376E+02 -0.9362667E-03 -0.2019101E-03 -0.2924944E+01
   04  0.1079365E+01  0.1212376E+02 -0.1170325E-02 -0.2523917E-03 -0.2924945E+01
   04  0.1095238E+01  0.1212376E+02 -0.1404381E-02 -0.3028750E-03 -0.2924945E+01
   04  0.1111111E+01  0.1212376E+02 -0.1638433E-02 -0.3533600E-03 -0.2924945E+01
   04  0.1126984E+01  0.1212376E+02 -0.1872482E-02 -0.4038466E-03 -0.2924946E+01
   04  0.1142857E+01  0.1212376E+02 -0.2106528E-02 -0.4543349E-03 -0.2924946E+01
   04  0.1158730E+01  0.1212376E+02 -0.2340571E-02 -0.5048249E-03 -0.2924946E+01
   04  0.1174603E+01  0.1212376E+02 -0.2574611E-02 -0.5553166E-03 -0.2924947E+01
   04  0.1190476E+01  0.1212376E+02 -0.2808647E-02 -0.6058100E-03 -0.2924947E+01
   04  0.1206349E+01  0.1212375E+02 -0.3042680E-02 -0.6563050E-03 -0.2924947E+01
   04  0.1222222E+01  0.1212375E+02 -0.3276710E-02 -0.7068018E-03 -0.2924948E+01
   04  0.1238095E+01  0.1212375E+02 -0.3510737E-02 -0.7573003E-03 -0.2924948E+01
   04  0.1253968E+01  0.1212375E+02 -0.3744760E-02 -0.8078005E-03 -0.2924948E+01
   04  0.1269841E+01  0.1212375E+02 -0.3978780E-02 -0.8583024E-03 -0.2924949E+01
   04  0.1285714E+01  0.1212375E+02 -0.4212797E-02 -0.9088061E-03 -0.2924949E+01
   04  0.1301587E+01  0.1212375E+02 -0.4446811E-02 -0.9593115E-03 -0.2924949E+01
   04  0.1317460E+01  0.1212375E+02 -0.4680822E-02 -0.1009819E-02 -0.2924950E+01
   04  0.1333333E+01  0.1212375E+02 -0.4914829E-02 -0.1060328E-02 -0.2924950E+01
   04  0.1349206E+01  0.1212375E+02 -0.5148833E-02 -0.1110838E-02 -0.2924950E+01
   04  0.1365079E+01  0.1212375E+02 -0.5382834E-02 -0.1161351E-02 -0.2924951E+01
   04  0.1380952E+01  0.1212375E+02 -0.5616831E-02 -0.1211865E-02 -0.2924951E+01
   04  0.1396825E+01  0.1212375E+02 -0.5850826E-02 -0.1262381E-02 -0.2924951E+01
   04  0.1412698E+01  0.1212375E+02 -0.6084817E-02 -0.1312898E-02 -0.2924952E+01
   04  0.1428571E+01  0.1212375E+02 -0.6318805E-02 -0.1363418E-02 -0.2924952E+01
   04  0.1476190E+01  0.1212375E+02 -0.7020751E-02 -0.1514977E-02 -0.2924953E+01
   04  0.1523810E+01  0.1212375E+02 -0.7722667E-02 -0.1666553E-02 -0.2924954E+01
   04  0.1571429E+01  0.1212375E+02 -0.8424555E-02 -0.1818145E-02 -0.2924955E+01
   04  0.1619048E+01  0.1212375E+02 -0.9126412E-02 -0.1969754E-02 -0.2924956E+01
   04  0.1666667E+01  0.1212374E+02 -0.9828240E-02 -0.2121379E-02 -0.2924958E+01
   04  0.1714286E+01  0.1212374E+02 -0.1053004E-01 -0.2273022E-02 -0.2924959E+01
   04  0.1761905E+01  0.1212374E+02 -0.1123181E-01 -0.2424681E-02 -0.2924960E+01
   04  0.1809524E+01  0.1212374E+02 -0.1193354E-01 -0.2576358E-02 -0.2924961E+01
   04  0.1857143E+01  0.1212374E+02 -0.1263525E-01 -0.2728052E-02 -0.2924962E+01
   04  0.1904762E+01  0.1212374E+02 -0.1333693E-01 -0.2879763E-02 -0.2924964E+01
   04  0.1952381E+01  0.1212374E+02 -0.1403858E-01 -0.3031492E-02 -0.2924965E+01
   04  0.2000000E+01  0.1212374E+02 -0.1474020E-01 -0.3183240E-02 -0.2924966E+01
   04  0.5727919E+01  0.1212360E+02 -0.6959734E-01 -0.1504036E-01 -0.2925101E+01
   04  0.9455838E+01  0.1212337E+02 -0.1242509E+00 -0.2706467E-01 -0.2925332E+01
   04  0.1318376E+02  0.1212304E+02 -0.1786612E+00 -0.3932470E-01 -0.2925659E+01
   04  0.1691168E+02  0.1212262E+02 -0.2327903E+00 -0.5188063E-01 -0.2926082E+01
   04  0.2063960E+02  0.1212210E+02 -0.2866008E+00 -0.6478244E-01 -0.2926601E+01
   04  0.2436752E+02  0.1212149E+02 -0.3400548E+00 -0.7806877E-01 -0.2927215E+01
   04  0.2809543E+02  0.1212078E+02 -0.3931081E+00 -0.9176686E-01 -0.2927919E+01
   04  0.3182335E+02  0.1211999E+02 -0.4457138E+00 -0.1058945E+00 -0.2928710E+01
   04  0.3555127E+02  0.1211912E+02 -0.4978239E+00 -0.1204497E+00 -0.2929582E+01
   04  0.3834721E+02  0.1211843E+02 -0.5365137E+00 -0.1315208E+00 -0.2930277E+01
   04  0.4114315E+02  0.1211770E+02 -0.5748634E+00 -0.1427122E+00 -0.2931002E+01
   04  0.4393909E+02  0.1211695E+02 -0.6128487E+00 -0.1540100E+00 -0.2931754E+01
   04  0.4673503E+02  0.1211617E+02 -0.6504488E+00 -0.1653960E+00 -0.2932531E+01
   04  0.4922031E+02  0.1211546E+02 -0.6835227E+00 -0.1755698E+00 -0.2933238E+01
   04  0.5170559E+02  0.1211474E+02 -0.7162646E+00 -0.1857751E+00 -0.2933958E+01
   04  0.5419087E+02  0.1211401E+02 -0.7486618E+00 -0.1959927E+00 -0.2934688E+01
   04  0.5667615E+02  0.1211328E+02 -0.7807020E+00 -0.2062056E+00 -0.2935426E+01
   04  0.5916143E+02  0.1211253E+02 -0.8123733E+00 -0.2163968E+00 -0.2936170E+01
   04  0.6164671E+02  0.1211179E+02 -0.8436647E+00 -0.2265486E+00 -0.2936916E+01
   04  0.6413199E+02  0.1211105E+02 -0.8745674E+00 -0.2365559E+00 -0.2937654E+01
   04  0.6661727E+02  0.1211032E+02 -0.9050768E+00 -0.2464310E+00 -0.2938384E+01
   04  0.6910255E+02  0.1210959E+02 -0.9351905E+00 -0.2562231E+00 -0.2939109E+01
   04  0.7158783E+02  0.1210888E+02 -0.9649075E+00 -0.2659100E+00 -0.2939826E+01
   04  0.7407311E+02  0.1210817E+02 -0.9942259E+00 -0.2754688E+00 -0.2940532E+01
   04  0.7655838E+02  0.1210748E+02 -0.1023144E+01 -0.2848770E+00 -0.2941226E+01
   04  0.7904366E+02  0.1210680E+02 -0.1051642E+01 -0.2941140E+00 -0.2941902E+01
   04  0.8152894E+02  0.1210614E+02 -0.1079735E+01 -0.3031572E+00 -0.2942560E+01
   04  0.8401422E+02  0.1210551E+02 -0.1107419E+01 -0.3119867E+00 -0.2943196E+01
   04  0.8649950E+02  0.1210489E+02 -0.1134693E+01 -0.3205836E+00 -0.2943808E+01
   04  0.8898478E+02  0.1210431E+02 -0.1161552E+01 -0.3289302E+00 -0.2944393E+01
   04  0.9147006E+02  0.1210375E+02 -0.1187994E+01 -0.3370104E+00 -0.2944948E+01
   04  0.9445240E+02  0.1210313E+02 -0.1219179E+01 -0.3463457E+00 -0.2945574E+01
   04  0.9743473E+02  0.1210255E+02 -0.1249749E+01 -0.3552529E+00 -0.2946150E+01
   04  0.1004171E+03  0.1210203E+02 -0.1279699E+01 -0.3637110E+00 -0.2946674E+01
   04  0.1033994E+03  0.1210156E+02 -0.1309023E+01 -0.3717024E+00 -0.2947143E+01
   04  0.1063817E+03  0.1210115E+02 -0.1337717E+01 -0.3792353E+00 -0.2947557E+01
   04  0.1093641E+03  0.1210078E+02 -0.1365774E+01 -0.3864128E+00 -0.2947923E+01
   04  0.1123464E+03  0.1210046E+02 -0.1393184E+01 -0.3932225E+00 -0.2948238E+01
   04  0.1153287E+03  0.1210020E+02 -0.1419939E+01 -0.3996525E+00 -0.2948501E+01
   04  0.1183111E+03  0.1209999E+02 -0.1446030E+01 -0.4057248E+00 -0.2948711E+01
   04  0.1212934E+03  0.1209983E+02 -0.1471454E+01 -0.4114097E+00 -0.2948869E+01
   04  0.1242758E+03  0.1209973E+02 -0.1496213E+01 -0.4166891E+00 -0.2948974E+01
   04  0.1272581E+03  0.1209968E+02 -0.1520308E+01 -0.4215526E+00 -0.2949023E+01
   04  0.1302404E+03  0.1209969E+02 -0.1543743E+01 -0.4259921E+00 -0.2949016E+01
   04  0.1332228E+03  0.1209975E+02 -0.1566526E+01 -0.4300006E+00 -0.2948952E+01
   04  0.1362051E+03  0.1209987E+02 -0.1588664E+01 -0.4335734E+00 -0.2948830E+01
   04  0.1391874E+03  0.1210005E+02 -0.1610164E+01 -0.4367072E+00 -0.2948651E+01
   04  0.1421698E+03  0.1210029E+02 -0.1631036E+01 -0.4393998E+00 -0.2948415E+01
   04  0.1451521E+03  0.1210058E+02 -0.1651290E+01 -0.4416506E+00 -0.2948121E+01
   04  0.1481344E+03  0.1210093E+02 -0.1670941E+01 -0.4434600E+00 -0.2947772E+01
   04  0.1511168E+03  0.1210133E+02 -0.1690006E+01 -0.4448294E+00 -0.2947368E+01
   04  0.1540991E+03  0.1210179E+02 -0.1708506E+01 -0.4457742E+00 -0.2946909E+01
   04  0.1570814E+03  0.1210230E+02 -0.1726461E+01 -0.4463082E+00 -0.2946399E+01
   04  0.1600638E+03  0.1210287E+02 -0.1743890E+01 -0.4464187E+00 -0.2945837E+01
   04  0.1630461E+03  0.1210348E+02 -0.1760811E+01 -0.4460820E+00 -0.2945223E+01
   04  0.1660284E+03  0.1210414E+02 -0.1777241E+01 -0.4453215E+00 -0.2944563E+01
   04  0.1690108E+03  0.1210484E+02 -0.1793201E+01 -0.4441455E+00 -0.2943859E+01
   04  0.1719931E+03  0.1210559E+02 -0.1808708E+01 -0.4425660E+00 -0.2943115E+01
   04  0.1749755E+03  0.1210637E+02 -0.1823784E+01 -0.4405958E+00 -0.2942335E+01
   04  0.1779578E+03  0.1210718E+02 -0.1838451E+01 -0.4382489E+00 -0.2941520E+01
   04  0.1809401E+03  0.1210803E+02 -0.1852729E+01 -0.4355398E+00 -0.2940676E+01
   04  0.1824313E+03  0.1210846E+02 -0.1859755E+01 -0.4340436E+00 -0.2940242E+01
   04  0.1839225E+03  0.1210890E+02 -0.1866692E+01 -0.4324634E+00 -0.2939803E+01
   04  0.1854136E+03  0.1210934E+02 -0.1873544E+01 -0.4308012E+00 -0.2939357E+01
   04  0.1869048E+03  0.1210980E+02 -0.1880312E+01 -0.4290585E+00 -0.2938906E+01
   04  0.1883960E+03  0.1211025E+02 -0.1887000E+01 -0.4272373E+00 -0.2938451E+01
   04  0.1898871E+03  0.1211071E+02 -0.1893611E+01 -0.4253393E+00 -0.2937990E+01
   04  0.1913783E+03  0.1211118E+02 -0.1900146E+01 -0.4233663E+00 -0.2937526E+01
   04  0.1928695E+03  0.1211164E+02 -0.1906610E+01 -0.4213200E+00 -0.2937058E+01
   04  0.1943606E+03  0.1211212E+02 -0.1913005E+01 -0.4192019E+00 -0.2936586E+01
   04  0.1958518E+03  0.1211259E+02 -0.1919337E+01 -0.4170065E+00 -0.2936111E+01
   04  0.1973430E+03  0.1211307E+02 -0.1925608E+01 -0.4147253E+00 -0.2935632E+01
   04  0.1988341E+03  0.1211355E+02 -0.1931819E+01 -0.4123602E+00 -0.2935150E+01
   04  0.2003253E+03  0.1211404E+02 -0.1937974E+01 -0.4099122E+00 -0.2934664E+01
   04  0.2018165E+03  0.1211453E+02 -0.1944075E+01 -0.4073820E+00 -0.2934177E+01
   04  0.2033076E+03  0.1211502E+02 -0.1950125E+01 -0.4047813E+00 -0.2933687E+01
   04  0.2047988E+03  0.1211551E+02 -0.1956127E+01 -0.4021201E+00 -0.2933193E+01
   04  0.2062900E+03  0.1211600E+02 -0.1962082E+01 -0.3994010E+00 -0.2932698E+01
   04  0.2077811E+03  0.1211650E+02 -0.1967994E+01 -0.3966266E+00 -0.2932200E+01
   04  0.2092723E+03  0.1211700E+02 -0.1973863E+01 -0.3937997E+00 -0.2931701E+01
   04  0.2107635E+03  0.1211750E+02 -0.1979690E+01 -0.3909228E+00 -0.2931200E+01
   04  0.2122546E+03  0.1211800E+02 -0.1985477E+01 -0.3879975E+00 -0.2930698E+01
   04  0.2137458E+03  0.1211851E+02 -0.1991224E+01 -0.3850275E+00 -0.2930195E+01
   04  0.2152370E+03  0.1211901E+02 -0.1996933E+01 -0.3820155E+00 -0.2929691E+01
   04  0.2167281E+03  0.1211951E+02 -0.2002603E+01 -0.3789640E+00 -0.2929188E+01
   04  0.2182193E+03  0.1212002E+02 -0.2008237E+01 -0.3758757E+00 -0.2928684E+01
   04  0.2197105E+03  0.1212052E+02 -0.2013834E+01 -0.3727530E+00 -0.2928180E+01
   04  0.2212017E+03  0.1212103E+02 -0.2019396E+01 -0.3695986E+00 -0.2927676E+01
   04  0.2226928E+03  0.1212153E+02 -0.2024923E+01 -0.3664155E+00 -0.2927173E+01
   04  0.2241840E+03  0.1212203E+02 -0.2030417E+01 -0.3632066E+00 -0.2926671E+01
   04  0.2256752E+03  0.1212253E+02 -0.2035878E+01 -0.3599749E+00 -0.2926169E+01
   04  0.2271663E+03  0.1212303E+02 -0.2041307E+01 -0.3567232E+00 -0.2925668E+01
   04  0.2286575E+03  0.1212353E+02 -0.2046704E+01 -0.3534542E+00 -0.2925168E+01
   04  0.2301487E+03  0.1212403E+02 -0.2052072E+01 -0.3501707E+00 -0.2924669E+01
   04  0.2316398E+03  0.1212453E+02 -0.2057410E+01 -0.3468756E+00 -0.2924171E+01
   04  0.2331310E+03  0.1212503E+02 -0.2062720E+01 -0.3435708E+00 -0.2923674E+01
   04  0.2346222E+03  0.1212552E+02 -0.2068001E+01 -0.3402498E+00 -0.2923179E+01
   04  0.2361133E+03  0.1212601E+02 -0.2073257E+01 -0.3369240E+00 -0.2922688E+01
   04  0.2376045E+03  0.1212650E+02 -0.2078486E+01 -0.3335959E+00 -0.2922199E+01
   04  0.2390957E+03  0.1212699E+02 -0.2083691E+01 -0.3302679E+00 -0.2921714E+01
   04  0.2405868E+03  0.1212747E+02 -0.2088872E+01 -0.3269426E+00 -0.2921231E+01
   04  0.2420780E+03  0.1212795E+02 -0.2094031E+01 -0.3236223E+00 -0.2920750E+01
   04  0.2435692E+03  0.1212843E+02 -0.2099168E+01 -0.3203095E+00 -0.2920272E+01
   04  0.2450603E+03  0.1212891E+02 -0.2104284E+01 -0.3170062E+00 -0.2919797E+01
   04  0.2465515E+03  0.1212938E+02 -0.2109381E+01 -0.3137150E+00 -0.2919324E+01
   04  0.2480427E+03  0.1212985E+02 -0.2114459E+01 -0.3104379E+00 -0.2918853E+01
   04  0.2495338E+03  0.1213032E+02 -0.2119515E+01 -0.3071772E+00 -0.2918384E+01
   04  0.2510250E+03  0.1213079E+02 -0.2124540E+01 -0.3039347E+00 -0.2917916E+01
   04  0.2525162E+03  0.1213125E+02 -0.2129534E+01 -0.3007123E+00 -0.2917449E+01
   04  0.2540073E+03  0.1213172E+02 -0.2134499E+01 -0.2975117E+00 -0.2916982E+01
   04  0.2554985E+03  0.1213219E+02 -0.2139435E+01 -0.2943346E+00 -0.2916516E+01
   04  0.2569897E+03  0.1213265E+02 -0.2144344E+01 -0.2911826E+00 -0.2916050E+01
   04  0.2584808E+03  0.1213312E+02 -0.2149226E+01 -0.2880572E+00 -0.2915585E+01
   04  0.2599720E+03  0.1213358E+02 -0.2154084E+01 -0.2849600E+00 -0.2915121E+01
   04  0.2614632E+03  0.1213405E+02 -0.2158910E+01 -0.2818924E+00 -0.2914656E+01
   04  0.2629543E+03  0.1213451E+02 -0.2163702E+01 -0.2788562E+00 -0.2914190E+01
   04  0.2644455E+03  0.1213498E+02 -0.2168463E+01 -0.2758528E+00 -0.2913724E+01
   04  0.2659367E+03  0.1213544E+02 -0.2173192E+01 -0.2728838E+00 -0.2913257E+01
   04  0.2674278E+03  0.1213591E+02 -0.2177889E+01 -0.2699508E+00 -0.2912790E+01
   04  0.2689190E+03  0.1213638E+02 -0.2182557E+01 -0.2670551E+00 -0.2912321E+01
   04  0.2704102E+03  0.1213685E+02 -0.2187194E+01 -0.2641982E+00 -0.2911852E+01
   04  0.2719014E+03  0.1213732E+02 -0.2191803E+01 -0.2613814E+00 -0.2911381E+01
   04  0.2733925E+03  0.1213779E+02 -0.2196383E+01 -0.2586061E+00 -0.2910910E+01
   04  0.2748837E+03  0.1213826E+02 -0.2200936E+01 -0.2558683E+00 -0.2910438E+01
   04  0.2763749E+03  0.1213874E+02 -0.2205463E+01 -0.2531680E+00 -0.2909965E+01
   04  0.2778660E+03  0.1213921E+02 -0.2209962E+01 -0.2505074E+00 -0.2909492E+01
   04  0.2793572E+03  0.1213968E+02 -0.2214436E+01 -0.2478885E+00 -0.2909018E+01
   04  0.2808484E+03  0.1214016E+02 -0.2218885E+01 -0.2453130E+00 -0.2908543E+01
   04  0.2823395E+03  0.1214064E+02 -0.2223310E+01 -0.2427826E+00 -0.2908066E+01
   04  0.2838307E+03  0.1214111E+02 -0.2227710E+01 -0.2402988E+00 -0.2907589E+01
   04  0.2853219E+03  0.1214159E+02 -0.2232087E+01 -0.2378625E+00 -0.2907110E+01
   04  0.2868130E+03  0.1214207E+02 -0.2236440E+01 -0.2354741E+00 -0.2906630E+01
   04  0.2883042E+03  0.1214255E+02 -0.2240772E+01 -0.2331350E+00 -0.2906149E+01
   04  0.2897954E+03  0.1214304E+02 -0.2245081E+01 -0.2308462E+00 -0.2905666E+01
   04  0.2912865E+03  0.1214352E+02 -0.2249368E+01 -0.2286089E+00 -0.2905181E+01
   04  0.2927777E+03  0.1214401E+02 -0.2253634E+01 -0.2264242E+00 -0.2904694E+01
   04  0.2942689E+03  0.1214450E+02 -0.2257878E+01 -0.2242932E+00 -0.2904206E+01
   04  0.2957600E+03  0.1214499E+02 -0.2262100E+01 -0.2222168E+00 -0.2903715E+01
   04  0.2972512E+03  0.1214548E+02 -0.2266301E+01 -0.2201961E+00 -0.2903222E+01
   04  0.2987424E+03  0.1214598E+02 -0.2270481E+01 -0.2182320E+00 -0.2902726E+01
   04  0.3002335E+03  0.1214647E+02 -0.2274644E+01 -0.2163254E+00 -0.2902229E+01
   04  0.3017247E+03  0.1214697E+02 -0.2278790E+01 -0.2144770E+00 -0.2901729E+01
   04  0.3032159E+03  0.1214747E+02 -0.2282919E+01 -0.2126877E+00 -0.2901227E+01
   04  0.3047070E+03  0.1214798E+02 -0.2287033E+01 -0.2109580E+00 -0.2900723E+01
   04  0.3061982E+03  0.1214849E+02 -0.2291132E+01 -0.2092886E+00 -0.2900216E+01
   04  0.3076894E+03  0.1214900E+02 -0.2295216E+01 -0.2076804E+00 -0.2899706E+01
   04  0.3091805E+03  0.1214951E+02 -0.2299286E+01 -0.2061342E+00 -0.2899193E+01
   04  0.3106717E+03  0.1215002E+02 -0.2303341E+01 -0.2046506E+00 -0.2898678E+01
   04  0.3121629E+03  0.1215054E+02 -0.2307381E+01 -0.2032301E+00 -0.2898159E+01
   04  0.3136540E+03  0.1215107E+02 -0.2311407E+01 -0.2018732E+00 -0.2897637E+01
   04  0.3151452E+03  0.1215159E+02 -0.2315419E+01 -0.2005802E+00 -0.2897112E+01
   04  0.3165017E+03  0.1215207E+02 -0.2319055E+01 -0.1994595E+00 -0.2896631E+01
   04  0.3178581E+03  0.1215256E+02 -0.2322679E+01 -0.1983922E+00 -0.2896147E+01
   04  0.3192146E+03  0.1215304E+02 -0.2326290E+01 -0.1973783E+00 -0.2895659E+01
   04  0.3205710E+03  0.1215353E+02 -0.2329889E+01 -0.1964166E+00 -0.2895168E+01
   04  0.3219275E+03  0.1215403E+02 -0.2333473E+01 -0.1955065E+00 -0.2894674E+01
   04  0.3232839E+03  0.1215453E+02 -0.2337044E+01 -0.1946483E+00 -0.2894176E+01
   04  0.3246404E+03  0.1215503E+02 -0.2340599E+01 -0.1938420E+00 -0.2893674E+01
   04  0.3259968E+03  0.1215553E+02 -0.2344140E+01 -0.1930876E+00 -0.2893167E+01
   04  0.3273533E+03  0.1215605E+02 -0.2347664E+01 -0.1923851E+00 -0.2892657E+01
   04  0.3287097E+03  0.1215656E+02 -0.2351172E+01 -0.1917343E+00 -0.2892142E+01
   04  0.3300662E+03  0.1215708E+02 -0.2354662E+01 -0.1911348E+00 -0.2891622E+01
   04  0.3314226E+03  0.1215760E+02 -0.2358140E+01 -0.1905912E+00 -0.2891098E+01
   04  0.3327791E+03  0.1215813E+02 -0.2361607E+01 -0.1901076E+00 -0.2890568E+01
   04  0.3341355E+03  0.1215867E+02 -0.2365063E+01 -0.1896853E+00 -0.2890033E+01
   04  0.3354920E+03  0.1215921E+02 -0.2368509E+01 -0.1893260E+00 -0.2889493E+01
   04  0.3368484E+03  0.1215976E+02 -0.2371944E+01 -0.1890311E+00 -0.2888947E+01
   04  0.3382049E+03  0.1216031E+02 -0.2375369E+01 -0.1888018E+00 -0.2888395E+01
   04  0.3395613E+03  0.1216086E+02 -0.2378784E+01 -0.1886397E+00 -0.2887837E+01
   04  0.3409178E+03  0.1216143E+02 -0.2382189E+01 -0.1885460E+00 -0.2887273E+01
   04  0.3422742E+03  0.1216200E+02 -0.2385583E+01 -0.1885219E+00 -0.2886702E+01
   04  0.3436307E+03  0.1216258E+02 -0.2388966E+01 -0.1885689E+00 -0.2886125E+01
   04  0.3449871E+03  0.1216316E+02 -0.2392338E+01 -0.1886881E+00 -0.2885540E+01
   04  0.3463436E+03  0.1216375E+02 -0.2395698E+01 -0.1888808E+00 -0.2884948E+01
   04  0.3477000E+03  0.1216435E+02 -0.2399049E+01 -0.1891480E+00 -0.2884349E+01
   04  0.3490565E+03  0.1216496E+02 -0.2402397E+01 -0.1894909E+00 -0.2883743E+01
   04  0.3504130E+03  0.1216557E+02 -0.2405741E+01 -0.1899105E+00 -0.2883130E+01
   04  0.3517694E+03  0.1216619E+02 -0.2409081E+01 -0.1904083E+00 -0.2882510E+01
   04  0.3531259E+03  0.1216682E+02 -0.2412417E+01 -0.1909856E+00 -0.2881882E+01
   04  0.3544823E+03  0.1216746E+02 -0.2415746E+01 -0.1916439E+00 -0.2881246E+01
   04  0.3558388E+03  0.1216810E+02 -0.2419069E+01 -0.1923846E+00 -0.2880602E+01
   04  0.3574665E+03  0.1216889E+02 -0.2423045E+01 -0.1933819E+00 -0.2879817E+01
   04  0.3590942E+03  0.1216968E+02 -0.2427009E+01 -0.1945025E+00 -0.2879019E+01
   04  0.3607220E+03  0.1217049E+02 -0.2430960E+01 -0.1957496E+00 -0.2878208E+01
   04  0.3623497E+03  0.1217132E+02 -0.2434897E+01 -0.1971263E+00 -0.2877383E+01
   04  0.3639775E+03  0.1217216E+02 -0.2438819E+01 -0.1986362E+00 -0.2876544E+01
   04  0.3656052E+03  0.1217301E+02 -0.2442727E+01 -0.2002821E+00 -0.2875690E+01
   04  0.3672329E+03  0.1217388E+02 -0.2446619E+01 -0.2020506E+00 -0.2874819E+01
   04  0.3688607E+03  0.1217477E+02 -0.2450495E+01 -0.2039438E+00 -0.2873932E+01
   04  0.3704884E+03  0.1217568E+02 -0.2454355E+01 -0.2059643E+00 -0.2873026E+01
   04  0.3721162E+03  0.1217660E+02 -0.2458199E+01 -0.2081144E+00 -0.2872102E+01
   04  0.3737439E+03  0.1217754E+02 -0.2462027E+01 -0.2103969E+00 -0.2871159E+01
   04  0.3753717E+03  0.1217851E+02 -0.2465840E+01 -0.2128145E+00 -0.2870197E+01
   04  0.3769994E+03  0.1217949E+02 -0.2469638E+01 -0.2153699E+00 -0.2869215E+01
   04  0.3786271E+03  0.1218049E+02 -0.2473422E+01 -0.2180663E+00 -0.2868212E+01
   04  0.3802549E+03  0.1218151E+02 -0.2477194E+01 -0.2209070E+00 -0.2867189E+01
   04  0.3818826E+03  0.1218256E+02 -0.2480954E+01 -0.2238959E+00 -0.2866144E+01
   04  0.3835104E+03  0.1218362E+02 -0.2484705E+01 -0.2270378E+00 -0.2865078E+01
   04  0.3851381E+03  0.1218471E+02 -0.2488448E+01 -0.2303503E+00 -0.2863990E+01
   04  0.3867658E+03  0.1218582E+02 -0.2492185E+01 -0.2338389E+00 -0.2862878E+01
   04  0.3883936E+03  0.1218696E+02 -0.2495919E+01 -0.2374936E+00 -0.2861741E+01
   04  0.3900213E+03  0.1218812E+02 -0.2499652E+01 -0.2413219E+00 -0.2860579E+01
   04  0.3916491E+03  0.1218931E+02 -0.2503387E+01 -0.2453253E+00 -0.2859391E+01
   04  0.3932768E+03  0.1219052E+02 -0.2507129E+01 -0.2495049E+00 -0.2858177E+01
   04  0.3949046E+03  0.1219177E+02 -0.2510879E+01 -0.2538617E+00 -0.2856937E+01
   04  0.3965323E+03  0.1219303E+02 -0.2514643E+01 -0.2583973E+00 -0.2855669E+01
   04  0.3981600E+03  0.1219433E+02 -0.2518424E+01 -0.2631130E+00 -0.2854373E+01
   04  0.3997878E+03  0.1219565E+02 -0.2522225E+01 -0.2680105E+00 -0.2853049E+01
   04  0.4014155E+03  0.1219701E+02 -0.2526052E+01 -0.2730912E+00 -0.2851696E+01
   04  0.4030433E+03  0.1219839E+02 -0.2529909E+01 -0.2783568E+00 -0.2850315E+01
   04  0.4046710E+03  0.1219980E+02 -0.2533798E+01 -0.2838090E+00 -0.2848905E+01
   04  0.4062987E+03  0.1220124E+02 -0.2537728E+01 -0.2894485E+00 -0.2847465E+01
   04  0.4079265E+03  0.1220270E+02 -0.2541730E+01 -0.2952728E+00 -0.2845999E+01
   04  0.4095542E+03  0.1220420E+02 -0.2545807E+01 -0.3012841E+00 -0.2844506E+01
   04  0.4111820E+03  0.1220572E+02 -0.2549963E+01 -0.3074846E+00 -0.2842986E+01
   04  0.4128097E+03  0.1220726E+02 -0.2554201E+01 -0.3138772E+00 -0.2841439E+01
   04  0.4144375E+03  0.1220884E+02 -0.2558526E+01 -0.3204633E+00 -0.2839864E+01
   04  0.4160652E+03  0.1221044E+02 -0.2562943E+01 -0.3272459E+00 -0.2838263E+01
   04  0.4176929E+03  0.1221207E+02 -0.2567451E+01 -0.3342390E+00 -0.2836636E+01
   04  0.4193207E+03  0.1221372E+02 -0.2572053E+01 -0.3414413E+00 -0.2834982E+01
   04  0.4209484E+03  0.1221540E+02 -0.2576751E+01 -0.3488521E+00 -0.2833302E+01
   04  0.4225762E+03  0.1221711E+02 -0.2581547E+01 -0.3564710E+00 -0.2831594E+01
   04  0.4242039E+03  0.1221884E+02 -0.2586443E+01 -0.3642981E+00 -0.2829860E+01
   04  0.4258316E+03  0.1222060E+02 -0.2591442E+01 -0.3723334E+00 -0.2828098E+01
   04  0.4274594E+03  0.1222239E+02 -0.2596546E+01 -0.3805771E+00 -0.2826309E+01
   04  0.4290871E+03  0.1222421E+02 -0.2601756E+01 -0.3890294E+00 -0.2824493E+01
   04  0.4307149E+03  0.1222605E+02 -0.2607074E+01 -0.3976904E+00 -0.2822650E+01
   04  0.4323426E+03  0.1222792E+02 -0.2612503E+01 -0.4065600E+00 -0.2820779E+01
   04  0.4339704E+03  0.1222982E+02 -0.2618044E+01 -0.4156380E+00 -0.2818882E+01
   04  0.4355981E+03  0.1223174E+02 -0.2623698E+01 -0.4249243E+00 -0.2816958E+01
   04  0.4372258E+03  0.1223369E+02 -0.2629467E+01 -0.4344183E+00 -0.2815008E+01
   04  0.4388536E+03  0.1223567E+02 -0.2635353E+01 -0.4441195E+00 -0.2813032E+01
   04  0.4404813E+03  0.1223767E+02 -0.2641357E+01 -0.4540269E+00 -0.2811029E+01
   04  0.4421091E+03  0.1223970E+02 -0.2647479E+01 -0.4641395E+00 -0.2809001E+01
   04  0.4437368E+03  0.1224175E+02 -0.2653722E+01 -0.4744557E+00 -0.2806948E+01
   04  0.4453645E+03  0.1224383E+02 -0.2660085E+01 -0.4849741E+00 -0.2804869E+01
   04  0.4469923E+03  0.1224594E+02 -0.2666570E+01 -0.4956929E+00 -0.2802767E+01
   04  0.4486200E+03  0.1224806E+02 -0.2673179E+01 -0.5066102E+00 -0.2800640E+01
   04  0.4502478E+03  0.1225021E+02 -0.2679912E+01 -0.5177239E+00 -0.2798489E+01
   04  0.4518755E+03  0.1225239E+02 -0.2686770E+01 -0.5290317E+00 -0.2796315E+01
   04  0.4535033E+03  0.1225459E+02 -0.2693741E+01 -0.5405316E+00 -0.2794117E+01
   04  0.4551310E+03  0.1225681E+02 -0.2700824E+01 -0.5522213E+00 -0.2791895E+01
   04  0.4567587E+03  0.1225905E+02 -0.2708020E+01 -0.5640985E+00 -0.2789649E+01
   04  0.4583865E+03  0.1226132E+02 -0.2715331E+01 -0.5761603E+00 -0.2787381E+01
   04  0.4600142E+03  0.1226361E+02 -0.2722757E+01 -0.5884041E+00 -0.2785089E+01
   04  0.4616420E+03  0.1226593E+02 -0.2730301E+01 -0.6008269E+00 -0.2782775E+01
   04  0.4632697E+03  0.1226826E+02 -0.2737963E+01 -0.6134255E+00 -0.2780440E+01
   04  0.4648974E+03  0.1227062E+02 -0.2745747E+01 -0.6261968E+00 -0.2778083E+01
   04  0.4665252E+03  0.1227300E+02 -0.2753654E+01 -0.6391372E+00 -0.2775705E+01
   04  0.4681529E+03  0.1227540E+02 -0.2761688E+01 -0.6522433E+00 -0.2773306E+01
   04  0.4697807E+03  0.1227782E+02 -0.2769852E+01 -0.6655106E+00 -0.2770886E+01
   04  0.4714084E+03  0.1228026E+02 -0.2778149E+01 -0.6789261E+00 -0.2768446E+01
   04  0.4730362E+03  0.1228272E+02 -0.2786584E+01 -0.6924878E+00 -0.2765985E+01
   04  0.4746639E+03  0.1228520E+02 -0.2795162E+01 -0.7061927E+00 -0.2763504E+01
   04  0.4762916E+03  0.1228770E+02 -0.2803887E+01 -0.7200384E+00 -0.2761003E+01
   04  0.4779194E+03  0.1229022E+02 -0.2812764E+01 -0.7340217E+00 -0.2758483E+01
   04  0.4795471E+03  0.1229276E+02 -0.2821799E+01 -0.7481395E+00 -0.2755944E+01
   04  0.4811749E+03  0.1229532E+02 -0.2830997E+01 -0.7623882E+00 -0.2753385E+01
   04  0.4828026E+03  0.1229789E+02 -0.2840366E+01 -0.7767646E+00 -0.2750808E+01
   04  0.4844303E+03  0.1230049E+02 -0.2849914E+01 -0.7912650E+00 -0.2748211E+01
   04  0.4860581E+03  0.1230311E+02 -0.2859647E+01 -0.8058860E+00 -0.2745596E+01
   04  0.4876858E+03  0.1230574E+02 -0.2869575E+01 -0.8206238E+00 -0.2742961E+01
   04  0.4893136E+03  0.1230839E+02 -0.2879708E+01 -0.8354751E+00 -0.2740307E+01
   04  0.4909413E+03  0.1231107E+02 -0.2890060E+01 -0.8504317E+00 -0.2737634E+01
   04  0.4925691E+03  0.1231376E+02 -0.2900637E+01 -0.8654948E+00 -0.2734941E+01
   04  0.4941968E+03  0.1231648E+02 -0.2911450E+01 -0.8806611E+00 -0.2732227E+01
   04  0.4958245E+03  0.1231921E+02 -0.2922510E+01 -0.8959277E+00 -0.2729493E+01
   04  0.4974523E+03  0.1232197E+02 -0.2933831E+01 -0.9112914E+00 -0.2726737E+01
   04  0.4990800E+03  0.1232474E+02 -0.2945425E+01 -0.9267495E+00 -0.2723959E+01
   04  0.5007078E+03  0.1232754E+02 -0.2957308E+01 -0.9422995E+00 -0.2721158E+01
   04  0.5023355E+03  0.1233037E+02 -0.2969493E+01 -0.9579389E+00 -0.2718333E+01
   04  0.5039632E+03  0.1233322E+02 -0.2981997E+01 -0.9736655E+00 -0.2715483E+01
   04  0.5055910E+03  0.1233609E+02 -0.2994837E+01 -0.9894776E+00 -0.2712607E+01
   04  0.5072187E+03  0.1233900E+02 -0.3008029E+01 -0.1005368E+01 -0.2709705E+01
   04  0.5088465E+03  0.1234193E+02 -0.3021593E+01 -0.1021329E+01 -0.2706775E+01
   04  0.5104742E+03  0.1234489E+02 -0.3035546E+01 -0.1037358E+01 -0.2703817E+01
   04  0.5121020E+03  0.1234787E+02 -0.3049909E+01 -0.1053457E+01 -0.2700828E+01
   04  0.5137297E+03  0.1235089E+02 -0.3064704E+01 -0.1069624E+01 -0.2697807E+01
   04  0.5153574E+03  0.1235395E+02 -0.3079953E+01 -0.1085860E+01 -0.2694753E+01
   04  0.5169852E+03  0.1235704E+02 -0.3095678E+01 -0.1102167E+01 -0.2691662E+01
   04  0.5186129E+03  0.1236017E+02 -0.3111903E+01 -0.1118544E+01 -0.2688534E+01
   04  0.5202407E+03  0.1236334E+02 -0.3128654E+01 -0.1134994E+01 -0.2685366E+01
   04  0.5218684E+03  0.1236655E+02 -0.3145956E+01 -0.1151518E+01 -0.2682155E+01
   04  0.5234961E+03  0.1236980E+02 -0.3163835E+01 -0.1168119E+01 -0.2678900E+01
   04  0.5251239E+03  0.1237310E+02 -0.3182318E+01 -0.1184800E+01 -0.2675599E+01
   04  0.5267516E+03  0.1237645E+02 -0.3201432E+01 -0.1201565E+01 -0.2672248E+01
   04  0.5283794E+03  0.1237986E+02 -0.3221206E+01 -0.1218417E+01 -0.2668845E+01
   04  0.5300071E+03  0.1238331E+02 -0.3241668E+01 -0.1235360E+01 -0.2665388E+01
   04  0.5316349E+03  0.1238683E+02 -0.3262848E+01 -0.1252400E+01 -0.2661875E+01
   04  0.5332626E+03  0.1239040E+02 -0.3284774E+01 -0.1269541E+01 -0.2658302E+01
   04  0.5348903E+03  0.1239404E+02 -0.3307475E+01 -0.1286789E+01 -0.2654667E+01
   04  0.5365181E+03  0.1239773E+02 -0.3330982E+01 -0.1304149E+01 -0.2650967E+01
   04  0.5381458E+03  0.1240150E+02 -0.3355323E+01 -0.1321627E+01 -0.2647201E+01
   04  0.5397736E+03  0.1240534E+02 -0.3380528E+01 -0.1339231E+01 -0.2643364E+01
   04  0.5414013E+03  0.1240925E+02 -0.3406626E+01 -0.1356965E+01 -0.2639455E+01
   04  0.5430290E+03  0.1241323E+02 -0.3433646E+01 -0.1374838E+01 -0.2635472E+01
   04  0.5446568E+03  0.1241729E+02 -0.3461615E+01 -0.1392856E+01 -0.2631411E+01
   04  0.5462845E+03  0.1242143E+02 -0.3490563E+01 -0.1411026E+01 -0.2627270E+01
   04  0.5479123E+03  0.1242565E+02 -0.3520516E+01 -0.1429354E+01 -0.2623047E+01
   04  0.5495400E+03  0.1242996E+02 -0.3551501E+01 -0.1447849E+01 -0.2618740E+01
   04  0.5511678E+03  0.1243436E+02 -0.3583543E+01 -0.1466517E+01 -0.2614347E+01
   04  0.5527955E+03  0.1243884E+02 -0.3616665E+01 -0.1485363E+01 -0.2609864E+01
   04  0.5544232E+03  0.1244341E+02 -0.3650891E+01 -0.1504381E+01 -0.2605291E+01
   04  0.5560510E+03  0.1244808E+02 -0.3686241E+01 -0.1523580E+01 -0.2600624E+01
   04  0.5576787E+03  0.1245284E+02 -0.3722734E+01 -0.1542965E+01 -0.2595863E+01
   04  0.5593065E+03  0.1245770E+02 -0.3760387E+01 -0.1562545E+01 -0.2591005E+01
   04  0.5609342E+03  0.1246265E+02 -0.3799197E+01 -0.1582311E+01 -0.2586051E+01
   04  0.5625619E+03  0.1246770E+02 -0.3839197E+01 -0.1602283E+01 -0.2580998E+01
   04  0.5641897E+03  0.1247286E+02 -0.3880400E+01 -0.1622468E+01 -0.2575847E+01
   04  0.5658174E+03  0.1247811E+02 -0.3922815E+01 -0.1642870E+01 -0.2570596E+01
   04  0.5674452E+03  0.1248346E+02 -0.3966451E+01 -0.1663495E+01 -0.2565245E+01
   04  0.5690729E+03  0.1248891E+02 -0.4011311E+01 -0.1684347E+01 -0.2559795E+01
   04  0.5707007E+03  0.1249446E+02 -0.4057397E+01 -0.1705429E+01 -0.2554244E+01
   04  0.5723284E+03  0.1250011E+02 -0.4104704E+01 -0.1726744E+01 -0.2548595E+01
   04  0.5739561E+03  0.1250585E+02 -0.4153226E+01 -0.1748296E+01 -0.2542849E+01
   04  0.5755839E+03  0.1251170E+02 -0.4202952E+01 -0.1770084E+01 -0.2537006E+01
   04  0.5772116E+03  0.1251763E+02 -0.4253860E+01 -0.1792112E+01 -0.2531067E+01
   04  0.5788394E+03  0.1252367E+02 -0.4305909E+01 -0.1814380E+01 -0.2525032E+01
   04  0.5804671E+03  0.1252980E+02 -0.4359080E+01 -0.1836887E+01 -0.2518903E+01
   04  0.5820948E+03  0.1253602E+02 -0.4413352E+01 -0.1859633E+01 -0.2512682E+01
   04  0.5837226E+03  0.1254233E+02 -0.4468698E+01 -0.1882616E+01 -0.2506372E+01
   04  0.5853503E+03  0.1254873E+02 -0.4525092E+01 -0.1905832E+01 -0.2499976E+01
   04  0.5869781E+03  0.1255521E+02 -0.4582501E+01 -0.1929278E+01 -0.2493497E+01
   04  0.5886058E+03  0.1256176E+02 -0.4640894E+01 -0.1952948E+01 -0.2486939E+01
   04  0.5902336E+03  0.1256840E+02 -0.4700233E+01 -0.1976836E+01 -0.2480304E+01
   04  0.5918613E+03  0.1257510E+02 -0.4760481E+01 -0.2000934E+01 -0.2473598E+01
   04  0.5934890E+03  0.1258188E+02 -0.4821598E+01 -0.2025234E+01 -0.2466823E+01
   04  0.5951168E+03  0.1258872E+02 -0.4883540E+01 -0.2049726E+01 -0.2459985E+01
   04  0.5967445E+03  0.1259561E+02 -0.4946263E+01 -0.2074400E+01 -0.2453088E+01
   04  0.5983723E+03  0.1260257E+02 -0.5009721E+01 -0.2099245E+01 -0.2446136E+01
