# gauge_id= 602 location=( -0.1242122490E+03  0.4176223506E+02 ) num_var=  4
# Stationary gauge
# level, time, q[  1  2  3], eta, aux[]
# file format ascii, time series follow in this file
   04  0.0000000E+00  0.1436268E+02  0.0000000E+00  0.0000000E+00  0.0000000E+00
   04  0.1000000E+01  0.1436268E+02  0.3774759E-16 -0.5152844E-16 -0.3010408E+01
   04  0.1015873E+01  0.1436267E+02 -0.2847267E-03 -0.5917558E-04 -0.3010409E+01
   04  0.1031746E+01  0.1436267E+02 -0.5694395E-03 -0.1183595E-03 -0.3010411E+01
   04  0.1047619E+01  0.1436267E+02 -0.8541383E-03 -0.1775518E-03 -0.3010412E+01
   04  0.1063492E+01  0.1436267E+02 -0.1138823E-02 -0.2367525E-03 -0.3010414E+01
   04  0.1079365E+01  0.1436267E+02 -0.1423494E-02 -0.2959615E-03 -0.3010415E+01
   04  0.1095238E+01  0.1436267E+02 -0.1708151E-02 -0.3551787E-03 -0.3010417E+01
   04  0.1111111E+01  0.1436267E+02 -0.1992794E-02 -0.4144043E-03 -0.3010418E+01
   04  0.1126984E+01  0.1436266E+02 -0.2277423E-02 -0.4736381E-03 -0.3010420E+01
   04  0.1142857E+01  0.1436266E+02 -0.2562038E-02 -0.5328802E-03 -0.3010421E+01
   04  0.1158730E+01  0.1436266E+02 -0.2846639E-02 -0.5921306E-03 -0.3010422E+01
   04  0.1174603E+01  0.1436266E+02 -0.3131226E-02 -0.6513891E-03 -0.3010424E+01
   04  0.1190476E+01  0.1436266E+02 -0.3415798E-02 -0.7106559E-03 -0.3010425E+01
   04  0.1206349E+01  0.1436266E+02 -0.3700357E-02 -0.7699308E-03 -0.3010427E+01
   04  0.1222222E+01  0.1436266E+02 -0.3984902E-02 -0.8292139E-03 -0.3010428E+01
   04  0.1238095E+01  0.1436265E+02 -0.4269432E-02 -0.8885051E-03 -0.3010430E+01
   04  0.1253968E+01  0.1436265E+02 -0.4553948E-02 -0.9478045E-03 -0.3010431E+01
   04  0.1269841E+01  0.1436265E+02 -0.4838450E-02 -0.1007112E-02 -0.3010433E+01
   04  0.1285714E+01  0.1436265E+02 -0.5122938E-02 -0.1066428E-02 -0.3010434E+01
   04  0.1301587E+01  0.1436265E+02 -0.5407412E-02 -0.1125751E-02 -0.3010436E+01
   04  0.1317460E+01  0.1436265E+02 -0.5691872E-02 -0.1185083E-02 -0.3010437E+01
   04  0.1333333E+01  0.1436265E+02 -0.5976317E-02 -0.1244423E-02 -0.3010438E+01
   04  0.1349206E+01  0.1436264E+02 -0.6260748E-02 -0.1303771E-02 -0.3010440E+01
   04  0.1365079E+01  0.1436264E+02 -0.6545165E-02 -0.1363126E-02 -0.3010441E+01
   04  0.1380952E+01  0.1436264E+02 -0.6829568E-02 -0.1422490E-02 -0.3010443E+01
   04  0.1396825E+01  0.1436264E+02 -0.7113956E-02 -0.1481862E-02 -0.3010444E+01
   04  0.1412698E+01  0.1436264E+02 -0.7398330E-02 -0.1541242E-02 -0.3010446E+01
   04  0.1428571E+01  0.1436264E+02 -0.7682690E-02 -0.1600630E-02 -0.3010447E+01
   04  0.1476190E+01  0.1436263E+02 -0.8535679E-02 -0.1778846E-02 -0.3010451E+01
   04  0.1523810E+01  0.1436263E+02 -0.9388540E-02 -0.1957133E-02 -0.3010455E+01
   04  0.1571429E+01  0.1436262E+02 -0.1024127E-01 -0.2135491E-02 -0.3010460E+01
   04  0.1619048E+01  0.1436262E+02 -0.1109387E-01 -0.2313918E-02 -0.3010464E+01
   04  0.1666667E+01  0.1436262E+02 -0.1194634E-01 -0.2492415E-02 -0.3010468E+01
   04  0.1714286E+01  0.1436261E+02 -0.1279868E-01 -0.2670982E-02 -0.3010472E+01
   04  0.1761905E+01  0.1436261E+02 -0.1365089E-01 -0.2849617E-02 -0.3010476E+01
   04  0.1809524E+01  0.1436260E+02 -0.1450296E-01 -0.3028320E-02 -0.3010481E+01
   04  0.1857143E+01  0.1436260E+02 -0.1535491E-01 -0.3207090E-02 -0.3010485E+01
   04  0.1904762E+01  0.1436260E+02 -0.1620672E-01 -0.3385928E-02 -0.3010489E+01
   04  0.1952381E+01  0.1436259E+02 -0.1705839E-01 -0.3564833E-02 -0.3010493E+01
   04  0.2000000E+01  0.1436259E+02 -0.1790994E-01 -0.3743804E-02 -0.3010497E+01
   04  0.5727919E+01  0.1436230E+02 -0.8412865E-01 -0.1797946E-01 -0.3010780E+01
   04  0.9455838E+01  0.1436213E+02 -0.1494097E+00 -0.3245823E-01 -0.3010954E+01
   04  0.1318376E+02  0.1436207E+02 -0.2135710E+00 -0.4697054E-01 -0.3011016E+01
   04  0.1691168E+02  0.1436212E+02 -0.2764461E+00 -0.6130836E-01 -0.3010965E+01
   04  0.2063960E+02  0.1436229E+02 -0.3378821E+00 -0.7526897E-01 -0.3010798E+01
   04  0.2436752E+02  0.1436257E+02 -0.3977380E+00 -0.8866000E-01 -0.3010512E+01
   04  0.2809543E+02  0.1436299E+02 -0.4558905E+00 -0.1011979E+00 -0.3010097E+01
   04  0.3182335E+02  0.1436353E+02 -0.5122372E+00 -0.1127312E+00 -0.3009556E+01
   04  0.3555127E+02  0.1436419E+02 -0.5666944E+00 -0.1231464E+00 -0.3008892E+01
   04  0.3834721E+02  0.1436478E+02 -0.6062039E+00 -0.1300631E+00 -0.3008306E+01
   04  0.4114315E+02  0.1436543E+02 -0.6445903E+00 -0.1361943E+00 -0.3007650E+01
   04  0.4393909E+02  0.1436616E+02 -0.6818355E+00 -0.1414849E+00 -0.3006926E+01
   04  0.4673503E+02  0.1436693E+02 -0.7179845E+00 -0.1461137E+00 -0.3006157E+01
   04  0.4922031E+02  0.1436762E+02 -0.7493432E+00 -0.1497644E+00 -0.3005460E+01
   04  0.5170559E+02  0.1436834E+02 -0.7799655E+00 -0.1529432E+00 -0.3004746E+01
   04  0.5419087E+02  0.1436907E+02 -0.8098364E+00 -0.1556287E+00 -0.3004014E+01
   04  0.5667615E+02  0.1436982E+02 -0.8389426E+00 -0.1578067E+00 -0.3003264E+01
   04  0.5916143E+02  0.1437059E+02 -0.8672738E+00 -0.1594652E+00 -0.3002494E+01
   04  0.6164671E+02  0.1437138E+02 -0.8948234E+00 -0.1605911E+00 -0.3001705E+01
   04  0.6413199E+02  0.1437219E+02 -0.9215888E+00 -0.1611646E+00 -0.3000898E+01
   04  0.6661727E+02  0.1437302E+02 -0.9475626E+00 -0.1612921E+00 -0.3000069E+01
   04  0.6910255E+02  0.1437387E+02 -0.9727177E+00 -0.1611032E+00 -0.2999218E+01
   04  0.7158783E+02  0.1437474E+02 -0.9970283E+00 -0.1605921E+00 -0.2998344E+01
   04  0.7407311E+02  0.1437564E+02 -0.1020474E+01 -0.1597253E+00 -0.2997449E+01
   04  0.7655838E+02  0.1437656E+02 -0.1043042E+01 -0.1583741E+00 -0.2996521E+01
   04  0.7904366E+02  0.1437752E+02 -0.1064723E+01 -0.1565349E+00 -0.2995561E+01
   04  0.8152894E+02  0.1437852E+02 -0.1085511E+01 -0.1542164E+00 -0.2994567E+01
   04  0.8401422E+02  0.1437954E+02 -0.1105403E+01 -0.1514268E+00 -0.2993540E+01
   04  0.8649950E+02  0.1438060E+02 -0.1124402E+01 -0.1481710E+00 -0.2992480E+01
   04  0.8898478E+02  0.1438169E+02 -0.1142512E+01 -0.1444561E+00 -0.2991390E+01
   04  0.9147006E+02  0.1438282E+02 -0.1159742E+01 -0.1402913E+00 -0.2990269E+01
   04  0.9445240E+02  0.1438420E+02 -0.1179300E+01 -0.1347229E+00 -0.2988886E+01
   04  0.9743473E+02  0.1438562E+02 -0.1197637E+01 -0.1285496E+00 -0.2987464E+01
   04  0.1004171E+03  0.1438708E+02 -0.1214780E+01 -0.1218103E+00 -0.2986005E+01
   04  0.1033994E+03  0.1438857E+02 -0.1230757E+01 -0.1145300E+00 -0.2984509E+01
   04  0.1063817E+03  0.1439010E+02 -0.1245603E+01 -0.1067348E+00 -0.2982979E+01
   04  0.1093641E+03  0.1439167E+02 -0.1259356E+01 -0.9846582E-01 -0.2981418E+01
   04  0.1123464E+03  0.1439326E+02 -0.1272060E+01 -0.8976287E-01 -0.2979828E+01
   04  0.1153287E+03  0.1439487E+02 -0.1283758E+01 -0.8066870E-01 -0.2978211E+01
   04  0.1183111E+03  0.1439651E+02 -0.1294506E+01 -0.7106117E-01 -0.2976574E+01
   04  0.1212934E+03  0.1439817E+02 -0.1304378E+01 -0.6094469E-01 -0.2974918E+01
   04  0.1242758E+03  0.1439984E+02 -0.1313441E+01 -0.5035846E-01 -0.2973248E+01
   04  0.1272581E+03  0.1440152E+02 -0.1321759E+01 -0.3933636E-01 -0.2971566E+01
   04  0.1302404E+03  0.1440321E+02 -0.1329395E+01 -0.2791188E-01 -0.2969877E+01
   04  0.1332228E+03  0.1440490E+02 -0.1336367E+01 -0.1611872E-01 -0.2968181E+01
   04  0.1362051E+03  0.1440661E+02 -0.1342684E+01 -0.3991139E-02 -0.2966478E+01
   04  0.1391874E+03  0.1440831E+02 -0.1348411E+01  0.8436562E-02 -0.2964775E+01
   04  0.1421698E+03  0.1441001E+02 -0.1353608E+01  0.2113061E-01 -0.2963075E+01
   04  0.1451521E+03  0.1441170E+02 -0.1358334E+01  0.3405782E-01 -0.2961382E+01
   04  0.1481344E+03  0.1441338E+02 -0.1362645E+01  0.4717128E-01 -0.2959702E+01
   04  0.1511168E+03  0.1441504E+02 -0.1366591E+01  0.6041351E-01 -0.2958041E+01
   04  0.1540991E+03  0.1441668E+02 -0.1370206E+01  0.7378171E-01 -0.2956400E+01
   04  0.1570814E+03  0.1441830E+02 -0.1373530E+01  0.8727175E-01 -0.2954784E+01
   04  0.1600638E+03  0.1441989E+02 -0.1376609E+01  0.1008454E+00 -0.2953193E+01
   04  0.1630461E+03  0.1442145E+02 -0.1379480E+01  0.1144767E+00 -0.2951629E+01
   04  0.1660284E+03  0.1442299E+02 -0.1382178E+01  0.1281461E+00 -0.2950094E+01
   04  0.1690108E+03  0.1442450E+02 -0.1384740E+01  0.1418347E+00 -0.2948588E+01
   04  0.1719931E+03  0.1442597E+02 -0.1387198E+01  0.1555239E+00 -0.2947114E+01
   04  0.1749755E+03  0.1442741E+02 -0.1389585E+01  0.1691964E+00 -0.2945671E+01
   04  0.1779578E+03  0.1442882E+02 -0.1391930E+01  0.1828351E+00 -0.2944262E+01
   04  0.1809401E+03  0.1443020E+02 -0.1394261E+01  0.1964238E+00 -0.2942887E+01
   04  0.1824313E+03  0.1443087E+02 -0.1395402E+01  0.2031599E+00 -0.2942213E+01
   04  0.1839225E+03  0.1443154E+02 -0.1396550E+01  0.2098786E+00 -0.2941548E+01
   04  0.1854136E+03  0.1443219E+02 -0.1397709E+01  0.2165779E+00 -0.2940890E+01
   04  0.1869048E+03  0.1443284E+02 -0.1398879E+01  0.2232562E+00 -0.2940241E+01
   04  0.1883960E+03  0.1443348E+02 -0.1400063E+01  0.2299115E+00 -0.2939601E+01
   04  0.1898871E+03  0.1443412E+02 -0.1401263E+01  0.2365422E+00 -0.2938968E+01
   04  0.1913783E+03  0.1443474E+02 -0.1402480E+01  0.2431466E+00 -0.2938345E+01
   04  0.1928695E+03  0.1443536E+02 -0.1403717E+01  0.2497232E+00 -0.2937729E+01
   04  0.1943606E+03  0.1443596E+02 -0.1404974E+01  0.2562708E+00 -0.2937122E+01
   04  0.1958518E+03  0.1443656E+02 -0.1406253E+01  0.2627879E+00 -0.2936523E+01
   04  0.1973430E+03  0.1443715E+02 -0.1407555E+01  0.2692734E+00 -0.2935933E+01
   04  0.1988341E+03  0.1443773E+02 -0.1408880E+01  0.2757266E+00 -0.2935351E+01
   04  0.2003253E+03  0.1443831E+02 -0.1410229E+01  0.2821466E+00 -0.2934777E+01
   04  0.2018165E+03  0.1443887E+02 -0.1411603E+01  0.2885331E+00 -0.2934212E+01
   04  0.2033076E+03  0.1443943E+02 -0.1413001E+01  0.2948845E+00 -0.2933655E+01
   04  0.2047988E+03  0.1443998E+02 -0.1414424E+01  0.3011976E+00 -0.2933106E+01
   04  0.2062900E+03  0.1444052E+02 -0.1415872E+01  0.3074701E+00 -0.2932565E+01
   04  0.2077811E+03  0.1444105E+02 -0.1417344E+01  0.3136992E+00 -0.2932032E+01
   04  0.2092723E+03  0.1444158E+02 -0.1418842E+01  0.3198823E+00 -0.2931506E+01
   04  0.2107635E+03  0.1444210E+02 -0.1420364E+01  0.3260171E+00 -0.2930988E+01
   04  0.2122546E+03  0.1444261E+02 -0.1421910E+01  0.3321012E+00 -0.2930476E+01
   04  0.2137458E+03  0.1444311E+02 -0.1423481E+01  0.3381325E+00 -0.2929972E+01
   04  0.2152370E+03  0.1444361E+02 -0.1425075E+01  0.3441089E+00 -0.2929475E+01
   04  0.2167281E+03  0.1444410E+02 -0.1426694E+01  0.3500284E+00 -0.2928983E+01
   04  0.2182193E+03  0.1444459E+02 -0.1428336E+01  0.3558891E+00 -0.2928499E+01
   04  0.2197105E+03  0.1444506E+02 -0.1430000E+01  0.3616892E+00 -0.2928020E+01
   04  0.2212017E+03  0.1444554E+02 -0.1431687E+01  0.3674270E+00 -0.2927547E+01
   04  0.2226928E+03  0.1444600E+02 -0.1433396E+01  0.3731009E+00 -0.2927080E+01
   04  0.2241840E+03  0.1444647E+02 -0.1435125E+01  0.3787091E+00 -0.2926618E+01
   04  0.2256752E+03  0.1444692E+02 -0.1436873E+01  0.3842501E+00 -0.2926162E+01
   04  0.2271663E+03  0.1444737E+02 -0.1438636E+01  0.3897222E+00 -0.2925710E+01
   04  0.2286575E+03  0.1444782E+02 -0.1440415E+01  0.3951240E+00 -0.2925264E+01
   04  0.2301487E+03  0.1444826E+02 -0.1442207E+01  0.4004539E+00 -0.2924822E+01
   04  0.2316398E+03  0.1444870E+02 -0.1444009E+01  0.4057106E+00 -0.2924384E+01
   04  0.2331310E+03  0.1444913E+02 -0.1445819E+01  0.4108925E+00 -0.2923951E+01
   04  0.2346222E+03  0.1444956E+02 -0.1447635E+01  0.4159983E+00 -0.2923520E+01
   04  0.2361133E+03  0.1444999E+02 -0.1449455E+01  0.4210255E+00 -0.2923094E+01
   04  0.2376045E+03  0.1445041E+02 -0.1451276E+01  0.4259736E+00 -0.2922670E+01
   04  0.2390957E+03  0.1445084E+02 -0.1453096E+01  0.4308421E+00 -0.2922249E+01
   04  0.2405868E+03  0.1445125E+02 -0.1454913E+01  0.4356305E+00 -0.2921830E+01
   04  0.2420780E+03  0.1445167E+02 -0.1456724E+01  0.4403381E+00 -0.2921414E+01
   04  0.2435692E+03  0.1445209E+02 -0.1458527E+01  0.4449645E+00 -0.2920999E+01
   04  0.2450603E+03  0.1445250E+02 -0.1460321E+01  0.4495089E+00 -0.2920585E+01
   04  0.2465515E+03  0.1445291E+02 -0.1462101E+01  0.4539709E+00 -0.2920173E+01
   04  0.2480427E+03  0.1445332E+02 -0.1463866E+01  0.4583497E+00 -0.2919761E+01
   04  0.2495338E+03  0.1445373E+02 -0.1465632E+01  0.4626446E+00 -0.2919351E+01
   04  0.2510250E+03  0.1445414E+02 -0.1467430E+01  0.4668555E+00 -0.2918946E+01
   04  0.2525162E+03  0.1445454E+02 -0.1469260E+01  0.4709825E+00 -0.2918544E+01
   04  0.2540073E+03  0.1445494E+02 -0.1471123E+01  0.4750258E+00 -0.2918147E+01
   04  0.2554985E+03  0.1445533E+02 -0.1473016E+01  0.4789917E+00 -0.2917754E+01
   04  0.2569897E+03  0.1445572E+02 -0.1474935E+01  0.4828872E+00 -0.2917365E+01
   04  0.2584808E+03  0.1445611E+02 -0.1476880E+01  0.4867066E+00 -0.2916979E+01
   04  0.2599720E+03  0.1445649E+02 -0.1478851E+01  0.4904468E+00 -0.2916596E+01
   04  0.2614632E+03  0.1445687E+02 -0.1480846E+01  0.4941062E+00 -0.2916217E+01
   04  0.2629543E+03  0.1445724E+02 -0.1482866E+01  0.4976841E+00 -0.2915840E+01
   04  0.2644455E+03  0.1445762E+02 -0.1484909E+01  0.5011800E+00 -0.2915466E+01
   04  0.2659367E+03  0.1445799E+02 -0.1486974E+01  0.5045940E+00 -0.2915095E+01
   04  0.2674278E+03  0.1445836E+02 -0.1489061E+01  0.5079259E+00 -0.2914726E+01
   04  0.2689190E+03  0.1445873E+02 -0.1491166E+01  0.5111759E+00 -0.2914359E+01
   04  0.2704102E+03  0.1445909E+02 -0.1493290E+01  0.5143442E+00 -0.2913994E+01
   04  0.2719014E+03  0.1445945E+02 -0.1495430E+01  0.5174309E+00 -0.2913630E+01
   04  0.2733925E+03  0.1445982E+02 -0.1497583E+01  0.5204363E+00 -0.2913267E+01
   04  0.2748837E+03  0.1446018E+02 -0.1499749E+01  0.5233605E+00 -0.2912905E+01
   04  0.2763749E+03  0.1446054E+02 -0.1501925E+01  0.5262039E+00 -0.2912545E+01
   04  0.2778660E+03  0.1446090E+02 -0.1504108E+01  0.5289667E+00 -0.2912184E+01
   04  0.2793572E+03  0.1446126E+02 -0.1506297E+01  0.5316489E+00 -0.2911824E+01
   04  0.2808484E+03  0.1446162E+02 -0.1508488E+01  0.5342507E+00 -0.2911463E+01
   04  0.2823395E+03  0.1446198E+02 -0.1510680E+01  0.5367722E+00 -0.2911102E+01
   04  0.2838307E+03  0.1446234E+02 -0.1512868E+01  0.5392134E+00 -0.2910740E+01
   04  0.2853219E+03  0.1446271E+02 -0.1515050E+01  0.5415735E+00 -0.2910377E+01
   04  0.2868130E+03  0.1446307E+02 -0.1517223E+01  0.5438515E+00 -0.2910013E+01
   04  0.2883042E+03  0.1446344E+02 -0.1519383E+01  0.5460474E+00 -0.2909647E+01
   04  0.2897954E+03  0.1446380E+02 -0.1521528E+01  0.5481610E+00 -0.2909279E+01
   04  0.2912865E+03  0.1446417E+02 -0.1523654E+01  0.5501924E+00 -0.2908909E+01
   04  0.2927777E+03  0.1446455E+02 -0.1525759E+01  0.5521415E+00 -0.2908537E+01
   04  0.2942689E+03  0.1446492E+02 -0.1527839E+01  0.5540085E+00 -0.2908162E+01
   04  0.2957600E+03  0.1446530E+02 -0.1529892E+01  0.5557938E+00 -0.2907783E+01
   04  0.2972512E+03  0.1446568E+02 -0.1531914E+01  0.5574982E+00 -0.2907402E+01
   04  0.2987424E+03  0.1446607E+02 -0.1533902E+01  0.5591235E+00 -0.2907017E+01
   04  0.3002335E+03  0.1446645E+02 -0.1535854E+01  0.5606734E+00 -0.2906629E+01
   04  0.3017247E+03  0.1446685E+02 -0.1537768E+01  0.5621556E+00 -0.2906239E+01
   04  0.3032159E+03  0.1446724E+02 -0.1539640E+01  0.5635359E+00 -0.2905842E+01
   04  0.3047070E+03  0.1446764E+02 -0.1541468E+01  0.5648131E+00 -0.2905440E+01
   04  0.3061982E+03  0.1446805E+02 -0.1543248E+01  0.5659860E+00 -0.2905030E+01
   04  0.3076894E+03  0.1446847E+02 -0.1544977E+01  0.5670531E+00 -0.2904615E+01
   04  0.3091805E+03  0.1446889E+02 -0.1546652E+01  0.5680132E+00 -0.2904192E+01
   04  0.3106717E+03  0.1446932E+02 -0.1548271E+01  0.5688649E+00 -0.2903762E+01
   04  0.3121629E+03  0.1446976E+02 -0.1549830E+01  0.5696068E+00 -0.2903325E+01
   04  0.3136540E+03  0.1447020E+02 -0.1551328E+01  0.5702376E+00 -0.2902880E+01
   04  0.3151452E+03  0.1447066E+02 -0.1552762E+01  0.5707734E+00 -0.2902429E+01
   04  0.3165017E+03  0.1447107E+02 -0.1554010E+01  0.5711792E+00 -0.2902014E+01
   04  0.3178581E+03  0.1447149E+02 -0.1555204E+01  0.5715394E+00 -0.2901593E+01
   04  0.3192146E+03  0.1447192E+02 -0.1556342E+01  0.5718526E+00 -0.2901164E+01
   04  0.3205710E+03  0.1447236E+02 -0.1557422E+01  0.5721160E+00 -0.2900728E+01
   04  0.3219275E+03  0.1447280E+02 -0.1558444E+01  0.5723276E+00 -0.2900285E+01
   04  0.3232839E+03  0.1447325E+02 -0.1559406E+01  0.5724864E+00 -0.2899835E+01
   04  0.3246404E+03  0.1447371E+02 -0.1560307E+01  0.5725912E+00 -0.2899378E+01
   04  0.3259968E+03  0.1447417E+02 -0.1561146E+01  0.5726408E+00 -0.2898913E+01
   04  0.3273533E+03  0.1447464E+02 -0.1561922E+01  0.5726342E+00 -0.2898441E+01
   04  0.3287097E+03  0.1447512E+02 -0.1562634E+01  0.5725701E+00 -0.2897962E+01
   04  0.3300662E+03  0.1447561E+02 -0.1563281E+01  0.5724476E+00 -0.2897475E+01
   04  0.3314226E+03  0.1447610E+02 -0.1563858E+01  0.5722741E+00 -0.2896981E+01
   04  0.3327791E+03  0.1447660E+02 -0.1564361E+01  0.5720520E+00 -0.2896481E+01
   04  0.3341355E+03  0.1447711E+02 -0.1564789E+01  0.5717779E+00 -0.2895973E+01
   04  0.3354920E+03  0.1447763E+02 -0.1565138E+01  0.5714487E+00 -0.2895458E+01
   04  0.3368484E+03  0.1447815E+02 -0.1565406E+01  0.5710619E+00 -0.2894936E+01
   04  0.3382049E+03  0.1447868E+02 -0.1565591E+01  0.5706147E+00 -0.2894406E+01
   04  0.3395613E+03  0.1447922E+02 -0.1565692E+01  0.5701050E+00 -0.2893867E+01
   04  0.3409178E+03  0.1447976E+02 -0.1565708E+01  0.5695305E+00 -0.2893321E+01
   04  0.3422742E+03  0.1448032E+02 -0.1565638E+01  0.5688891E+00 -0.2892766E+01
   04  0.3436307E+03  0.1448088E+02 -0.1565480E+01  0.5681789E+00 -0.2892202E+01
   04  0.3449871E+03  0.1448145E+02 -0.1565236E+01  0.5673980E+00 -0.2891630E+01
   04  0.3463436E+03  0.1448204E+02 -0.1564903E+01  0.5665445E+00 -0.2891049E+01
   04  0.3477000E+03  0.1448262E+02 -0.1564483E+01  0.5656167E+00 -0.2890459E+01
   04  0.3490565E+03  0.1448322E+02 -0.1563976E+01  0.5646129E+00 -0.2889861E+01
   04  0.3504130E+03  0.1448383E+02 -0.1563382E+01  0.5635312E+00 -0.2889253E+01
   04  0.3517694E+03  0.1448445E+02 -0.1562701E+01  0.5623699E+00 -0.2888636E+01
   04  0.3531259E+03  0.1448507E+02 -0.1561935E+01  0.5611275E+00 -0.2888009E+01
   04  0.3544823E+03  0.1448571E+02 -0.1561084E+01  0.5598023E+00 -0.2887374E+01
   04  0.3558388E+03  0.1448635E+02 -0.1560150E+01  0.5583918E+00 -0.2886729E+01
   04  0.3574665E+03  0.1448714E+02 -0.1558924E+01  0.5565729E+00 -0.2885945E+01
   04  0.3590942E+03  0.1448793E+02 -0.1557583E+01  0.5546012E+00 -0.2885150E+01
   04  0.3607220E+03  0.1448874E+02 -0.1556131E+01  0.5524747E+00 -0.2884344E+01
   04  0.3623497E+03  0.1448956E+02 -0.1554570E+01  0.5501911E+00 -0.2883526E+01
   04  0.3639775E+03  0.1449039E+02 -0.1552904E+01  0.5477489E+00 -0.2882698E+01
   04  0.3656052E+03  0.1449123E+02 -0.1551138E+01  0.5451471E+00 -0.2881858E+01
   04  0.3672329E+03  0.1449208E+02 -0.1549275E+01  0.5423843E+00 -0.2881007E+01
   04  0.3688607E+03  0.1449294E+02 -0.1547319E+01  0.5394597E+00 -0.2880145E+01
   04  0.3704884E+03  0.1449381E+02 -0.1545275E+01  0.5363722E+00 -0.2879272E+01
   04  0.3721162E+03  0.1449470E+02 -0.1543146E+01  0.5331212E+00 -0.2878387E+01
   04  0.3737439E+03  0.1449559E+02 -0.1540938E+01  0.5297060E+00 -0.2877492E+01
   04  0.3753717E+03  0.1449650E+02 -0.1538653E+01  0.5261262E+00 -0.2876585E+01
   04  0.3769994E+03  0.1449742E+02 -0.1536297E+01  0.5223814E+00 -0.2875668E+01
   04  0.3786271E+03  0.1449834E+02 -0.1533873E+01  0.5184715E+00 -0.2874740E+01
   04  0.3802549E+03  0.1449928E+02 -0.1531387E+01  0.5143963E+00 -0.2873800E+01
   04  0.3818826E+03  0.1450023E+02 -0.1528841E+01  0.5101556E+00 -0.2872850E+01
   04  0.3835104E+03  0.1450120E+02 -0.1526241E+01  0.5057489E+00 -0.2871889E+01
   04  0.3851381E+03  0.1450217E+02 -0.1523589E+01  0.5011738E+00 -0.2870918E+01
   04  0.3867658E+03  0.1450315E+02 -0.1520892E+01  0.4964267E+00 -0.2869936E+01
   04  0.3883936E+03  0.1450414E+02 -0.1518151E+01  0.4915140E+00 -0.2868943E+01
   04  0.3900213E+03  0.1450515E+02 -0.1515374E+01  0.4864451E+00 -0.2867939E+01
   04  0.3916491E+03  0.1450616E+02 -0.1512564E+01  0.4812208E+00 -0.2866923E+01
   04  0.3932768E+03  0.1450719E+02 -0.1509728E+01  0.4758418E+00 -0.2865895E+01
   04  0.3949046E+03  0.1450823E+02 -0.1506869E+01  0.4703094E+00 -0.2864856E+01
   04  0.3965323E+03  0.1450928E+02 -0.1503993E+01  0.4646247E+00 -0.2863805E+01
   04  0.3981600E+03  0.1451034E+02 -0.1501089E+01  0.4588004E+00 -0.2862742E+01
   04  0.3997878E+03  0.1451142E+02 -0.1498178E+01  0.4528268E+00 -0.2861667E+01
   04  0.4014155E+03  0.1451250E+02 -0.1495264E+01  0.4467055E+00 -0.2860581E+01
   04  0.4030433E+03  0.1451360E+02 -0.1492351E+01  0.4404382E+00 -0.2859483E+01
   04  0.4046710E+03  0.1451471E+02 -0.1489444E+01  0.4340269E+00 -0.2858372E+01
   04  0.4062987E+03  0.1451583E+02 -0.1486545E+01  0.4274728E+00 -0.2857250E+01
   04  0.4079265E+03  0.1451697E+02 -0.1483647E+01  0.4207759E+00 -0.2856115E+01
   04  0.4095542E+03  0.1451812E+02 -0.1480753E+01  0.4139377E+00 -0.2854966E+01
   04  0.4111820E+03  0.1451928E+02 -0.1477866E+01  0.4069600E+00 -0.2853805E+01
   04  0.4128097E+03  0.1452045E+02 -0.1474989E+01  0.3998445E+00 -0.2852630E+01
   04  0.4144375E+03  0.1452164E+02 -0.1472127E+01  0.3925929E+00 -0.2851442E+01
   04  0.4160652E+03  0.1452284E+02 -0.1469281E+01  0.3852068E+00 -0.2850240E+01
   04  0.4176929E+03  0.1452406E+02 -0.1466454E+01  0.3776880E+00 -0.2849025E+01
   04  0.4193207E+03  0.1452529E+02 -0.1463647E+01  0.3700379E+00 -0.2847796E+01
   04  0.4209484E+03  0.1452653E+02 -0.1460867E+01  0.3622582E+00 -0.2846553E+01
   04  0.4225762E+03  0.1452779E+02 -0.1458115E+01  0.3543503E+00 -0.2845297E+01
   04  0.4242039E+03  0.1452906E+02 -0.1455396E+01  0.3463157E+00 -0.2844026E+01
   04  0.4258316E+03  0.1453034E+02 -0.1452715E+01  0.3381556E+00 -0.2842742E+01
   04  0.4274594E+03  0.1453164E+02 -0.1450074E+01  0.3298713E+00 -0.2841444E+01
   04  0.4290871E+03  0.1453295E+02 -0.1447478E+01  0.3214637E+00 -0.2840132E+01
   04  0.4307149E+03  0.1453428E+02 -0.1444932E+01  0.3129335E+00 -0.2838807E+01
   04  0.4323426E+03  0.1453562E+02 -0.1442438E+01  0.3042799E+00 -0.2837467E+01
   04  0.4339704E+03  0.1453697E+02 -0.1440002E+01  0.2955022E+00 -0.2836113E+01
   04  0.4355981E+03  0.1453834E+02 -0.1437627E+01  0.2866151E+00 -0.2834746E+01
   04  0.4372258E+03  0.1453972E+02 -0.1435317E+01  0.2776192E+00 -0.2833366E+01
   04  0.4388536E+03  0.1454111E+02 -0.1433076E+01  0.2685061E+00 -0.2831972E+01
   04  0.4404813E+03  0.1454252E+02 -0.1430909E+01  0.2592499E+00 -0.2830562E+01
   04  0.4421091E+03  0.1454395E+02 -0.1428819E+01  0.2498523E+00 -0.2829135E+01
   04  0.4437368E+03  0.1454539E+02 -0.1426810E+01  0.2403143E+00 -0.2827693E+01
   04  0.4453645E+03  0.1454685E+02 -0.1424886E+01  0.2306373E+00 -0.2826234E+01
   04  0.4469923E+03  0.1454833E+02 -0.1423051E+01  0.2208232E+00 -0.2824758E+01
   04  0.4486200E+03  0.1454982E+02 -0.1421307E+01  0.2108737E+00 -0.2823267E+01
   04  0.4502478E+03  0.1455133E+02 -0.1419658E+01  0.2007904E+00 -0.2821759E+01
   04  0.4518755E+03  0.1455285E+02 -0.1418107E+01  0.1905750E+00 -0.2820234E+01
   04  0.4535033E+03  0.1455439E+02 -0.1416656E+01  0.1802290E+00 -0.2818694E+01
   04  0.4551310E+03  0.1455595E+02 -0.1415310E+01  0.1697538E+00 -0.2817136E+01
   04  0.4567587E+03  0.1455752E+02 -0.1414070E+01  0.1591508E+00 -0.2815563E+01
   04  0.4583865E+03  0.1455911E+02 -0.1412940E+01  0.1484213E+00 -0.2813973E+01
   04  0.4600142E+03  0.1456072E+02 -0.1411923E+01  0.1375663E+00 -0.2812366E+01
   04  0.4616420E+03  0.1456234E+02 -0.1411021E+01  0.1265930E+00 -0.2810742E+01
   04  0.4632697E+03  0.1456398E+02 -0.1410236E+01  0.1155052E+00 -0.2809102E+01
   04  0.4648974E+03  0.1456564E+02 -0.1409571E+01  0.1043041E+00 -0.2807443E+01
   04  0.4665252E+03  0.1456732E+02 -0.1409027E+01  0.9299101E-01 -0.2805768E+01
   04  0.4681529E+03  0.1456901E+02 -0.1408607E+01  0.8156698E-01 -0.2804075E+01
   04  0.4697807E+03  0.1457072E+02 -0.1408313E+01  0.7003552E-01 -0.2802365E+01
   04  0.4714084E+03  0.1457245E+02 -0.1408147E+01  0.5839820E-01 -0.2800637E+01
   04  0.4730362E+03  0.1457419E+02 -0.1408109E+01  0.4665608E-01 -0.2798892E+01
   04  0.4746639E+03  0.1457596E+02 -0.1408203E+01  0.3481022E-01 -0.2797129E+01
   04  0.4762916E+03  0.1457774E+02 -0.1408429E+01  0.2286139E-01 -0.2795347E+01
   04  0.4779194E+03  0.1457954E+02 -0.1408788E+01  0.1081040E-01 -0.2793549E+01
   04  0.4795471E+03  0.1458135E+02 -0.1409281E+01 -0.1341983E-02 -0.2791732E+01
   04  0.4811749E+03  0.1458319E+02 -0.1409909E+01 -0.1359505E-01 -0.2789897E+01
   04  0.4828026E+03  0.1458504E+02 -0.1410672E+01 -0.2594813E-01 -0.2788044E+01
   04  0.4844303E+03  0.1458691E+02 -0.1411571E+01 -0.3840058E-01 -0.2786173E+01
   04  0.4860581E+03  0.1458880E+02 -0.1412607E+01 -0.5095176E-01 -0.2784285E+01
   04  0.4876858E+03  0.1459071E+02 -0.1413779E+01 -0.6360105E-01 -0.2782378E+01
   04  0.4893136E+03  0.1459263E+02 -0.1415089E+01 -0.7634778E-01 -0.2780453E+01
   04  0.4909413E+03  0.1459457E+02 -0.1416535E+01 -0.8919130E-01 -0.2778510E+01
   04  0.4925691E+03  0.1459654E+02 -0.1418119E+01 -0.1021307E+00 -0.2776548E+01
   04  0.4941968E+03  0.1459852E+02 -0.1419839E+01 -0.1151653E+00 -0.2774569E+01
   04  0.4958245E+03  0.1460051E+02 -0.1421697E+01 -0.1282942E+00 -0.2772571E+01
   04  0.4974523E+03  0.1460253E+02 -0.1423692E+01 -0.1415167E+00 -0.2770556E+01
   04  0.4990800E+03  0.1460456E+02 -0.1425824E+01 -0.1548318E+00 -0.2768522E+01
   04  0.5007078E+03  0.1460662E+02 -0.1428092E+01 -0.1682385E+00 -0.2766469E+01
   04  0.5023355E+03  0.1460869E+02 -0.1430498E+01 -0.1817358E+00 -0.2764398E+01
   04  0.5039632E+03  0.1461077E+02 -0.1433040E+01 -0.1953225E+00 -0.2762309E+01
   04  0.5055910E+03  0.1461288E+02 -0.1435719E+01 -0.2089973E+00 -0.2760202E+01
   04  0.5072187E+03  0.1461501E+02 -0.1438536E+01 -0.2227588E+00 -0.2758076E+01
   04  0.5088465E+03  0.1461715E+02 -0.1441491E+01 -0.2366057E+00 -0.2755932E+01
   04  0.5104742E+03  0.1461932E+02 -0.1444585E+01 -0.2505362E+00 -0.2753769E+01
   04  0.5121020E+03  0.1462150E+02 -0.1447820E+01 -0.2645489E+00 -0.2751587E+01
   04  0.5137297E+03  0.1462370E+02 -0.1451196E+01 -0.2786420E+00 -0.2749387E+01
   04  0.5153574E+03  0.1462592E+02 -0.1454715E+01 -0.2928137E+00 -0.2747168E+01
   04  0.5169852E+03  0.1462815E+02 -0.1458379E+01 -0.3070620E+00 -0.2744931E+01
   04  0.5186129E+03  0.1463041E+02 -0.1462189E+01 -0.3213851E+00 -0.2742674E+01
   04  0.5202407E+03  0.1463269E+02 -0.1466148E+01 -0.3357808E+00 -0.2740398E+01
   04  0.5218684E+03  0.1463498E+02 -0.1470259E+01 -0.3502471E+00 -0.2738102E+01
   04  0.5234961E+03  0.1463730E+02 -0.1474524E+01 -0.3647819E+00 -0.2735787E+01
   04  0.5251239E+03  0.1463963E+02 -0.1478946E+01 -0.3793830E+00 -0.2733453E+01
   04  0.5267516E+03  0.1464199E+02 -0.1483528E+01 -0.3940481E+00 -0.2731098E+01
   04  0.5283794E+03  0.1464436E+02 -0.1488276E+01 -0.4087751E+00 -0.2728722E+01
   04  0.5300071E+03  0.1464676E+02 -0.1493193E+01 -0.4235618E+00 -0.2726326E+01
   04  0.5316349E+03  0.1464918E+02 -0.1498283E+01 -0.4384058E+00 -0.2723908E+01
   04  0.5332626E+03  0.1465161E+02 -0.1503553E+01 -0.4533052E+00 -0.2721469E+01
   04  0.5348903E+03  0.1465408E+02 -0.1509008E+01 -0.4682577E+00 -0.2719008E+01
   04  0.5365181E+03  0.1465656E+02 -0.1514654E+01 -0.4832613E+00 -0.2716524E+01
   04  0.5381458E+03  0.1465907E+02 -0.1520498E+01 -0.4983139E+00 -0.2714017E+01
   04  0.5397736E+03  0.1466160E+02 -0.1526548E+01 -0.5134138E+00 -0.2711486E+01
   04  0.5414013E+03  0.1466415E+02 -0.1532812E+01 -0.5285590E+00 -0.2708931E+01
   04  0.5430290E+03  0.1466673E+02 -0.1539297E+01 -0.5437480E+00 -0.2706350E+01
   04  0.5446568E+03  0.1466934E+02 -0.1546014E+01 -0.5589792E+00 -0.2703743E+01
   04  0.5462845E+03  0.1467197E+02 -0.1552973E+01 -0.5742513E+00 -0.2701110E+01
   04  0.5479123E+03  0.1467464E+02 -0.1560183E+01 -0.5895630E+00 -0.2698449E+01
   04  0.5495400E+03  0.1467733E+02 -0.1567657E+01 -0.6049135E+00 -0.2695759E+01
   04  0.5511678E+03  0.1468005E+02 -0.1575405E+01 -0.6203019E+00 -0.2693039E+01
   04  0.5527955E+03  0.1468280E+02 -0.1583441E+01 -0.6357273E+00 -0.2690288E+01
   04  0.5544232E+03  0.1468558E+02 -0.1591778E+01 -0.6511544E+00 -0.2687509E+01
   04  0.5560510E+03  0.1468839E+02 -0.1600431E+01 -0.6665782E+00 -0.2684699E+01
   04  0.5576787E+03  0.1469123E+02 -0.1609414E+01 -0.6820022E+00 -0.2681858E+01
   04  0.5593065E+03  0.1469410E+02 -0.1618744E+01 -0.6974305E+00 -0.2678984E+01
   04  0.5609342E+03  0.1469701E+02 -0.1628460E+01 -0.7128846E+00 -0.2676075E+01
   04  0.5625619E+03  0.1469995E+02 -0.1638555E+01 -0.7283510E+00 -0.2673131E+01
   04  0.5641897E+03  0.1470294E+02 -0.1649046E+01 -0.7438341E+00 -0.2670149E+01
   04  0.5658174E+03  0.1470596E+02 -0.1659952E+01 -0.7593384E+00 -0.2667127E+01
   04  0.5674452E+03  0.1470902E+02 -0.1671290E+01 -0.7748682E+00 -0.2664065E+01
   04  0.5690729E+03  0.1471212E+02 -0.1683080E+01 -0.7904284E+00 -0.2660960E+01
   04  0.5707007E+03  0.1471527E+02 -0.1695342E+01 -0.8060235E+00 -0.2657809E+01
   04  0.5723284E+03  0.1471847E+02 -0.1708097E+01 -0.8216583E+00 -0.2654612E+01
   04  0.5739561E+03  0.1472172E+02 -0.1721365E+01 -0.8373380E+00 -0.2651366E+01
   04  0.5755839E+03  0.1472501E+02 -0.1735168E+01 -0.8530673E+00 -0.2648070E+01
   04  0.5772116E+03  0.1472836E+02 -0.1749528E+01 -0.8688515E+00 -0.2644720E+01
   04  0.5788394E+03  0.1473177E+02 -0.1764468E+01 -0.8846956E+00 -0.2641316E+01
   04  0.5804671E+03  0.1473523E+02 -0.1780009E+01 -0.9006048E+00 -0.2637855E+01
   04  0.5820948E+03  0.1473875E+02 -0.1796174E+01 -0.9165843E+00 -0.2634334E+01
   04  0.5837226E+03  0.1474233E+02 -0.1812988E+01 -0.9326393E+00 -0.2630752E+01
   04  0.5853503E+03  0.1474598E+02 -0.1830474E+01 -0.9487749E+00 -0.2627107E+01
   04  0.5869781E+03  0.1474969E+02 -0.1848655E+01 -0.9649964E+00 -0.2623396E+01
   04  0.5886058E+03  0.1475347E+02 -0.1867554E+01 -0.9813089E+00 -0.2619618E+01
   04  0.5902336E+03  0.1475731E+02 -0.1887195E+01 -0.9977175E+00 -0.2615770E+01
   04  0.5918613E+03  0.1476123E+02 -0.1907602E+01 -0.1014227E+01 -0.2611850E+01
   04  0.5934890E+03  0.1476523E+02 -0.1928797E+01 -0.1030843E+01 -0.2607856E+01
   04  0.5951168E+03  0.1476930E+02 -0.1950803E+01 -0.1047570E+01 -0.2603786E+01
   04  0.5967445E+03  0.1477345E+02 -0.1973644E+01 -0.1064412E+01 -0.2599638E+01
   04  0.5983723E+03  0.1477767E+02 -0.1997339E+01 -0.1081374E+01 -0.2595411E+01
