# gauge_id= 610 location=( -0.1242130909E+03  0.4175877177E+02 ) num_var=  4
# Stationary gauge
# level, time, q[  1  2  3], eta, aux[]
# file format ascii, time series follow in this file
   04  0.0000000E+00  0.1507108E+02  0.0000000E+00  0.0000000E+00  0.0000000E+00
   04  0.1000000E+01  0.1507108E+02 -0.2335525E-15 -0.3767415E-16 -0.3028622E+01
   04  0.1015873E+01  0.1507107E+02 -0.3463261E-03 -0.6248696E-04 -0.3028628E+01
   04  0.1031746E+01  0.1507107E+02 -0.6925814E-03 -0.1249566E-03 -0.3028634E+01
   04  0.1047619E+01  0.1507106E+02 -0.1038766E-02 -0.1874090E-03 -0.3028639E+01
   04  0.1063492E+01  0.1507106E+02 -0.1384880E-02 -0.2498441E-03 -0.3028645E+01
   04  0.1079365E+01  0.1507105E+02 -0.1730923E-02 -0.3122619E-03 -0.3028651E+01
   04  0.1095238E+01  0.1507105E+02 -0.2076895E-02 -0.3746623E-03 -0.3028656E+01
   04  0.1111111E+01  0.1507104E+02 -0.2422797E-02 -0.4370453E-03 -0.3028662E+01
   04  0.1126984E+01  0.1507103E+02 -0.2768627E-02 -0.4994109E-03 -0.3028668E+01
   04  0.1142857E+01  0.1507103E+02 -0.3114387E-02 -0.5617591E-03 -0.3028673E+01
   04  0.1158730E+01  0.1507102E+02 -0.3460076E-02 -0.6240898E-03 -0.3028679E+01
   04  0.1174603E+01  0.1507102E+02 -0.3805694E-02 -0.6864031E-03 -0.3028684E+01
   04  0.1190476E+01  0.1507101E+02 -0.4151241E-02 -0.7486988E-03 -0.3028690E+01
   04  0.1206349E+01  0.1507101E+02 -0.4496718E-02 -0.8109771E-03 -0.3028696E+01
   04  0.1222222E+01  0.1507100E+02 -0.4842123E-02 -0.8732378E-03 -0.3028701E+01
   04  0.1238095E+01  0.1507100E+02 -0.5187457E-02 -0.9354810E-03 -0.3028707E+01
   04  0.1253968E+01  0.1507099E+02 -0.5532721E-02 -0.9977066E-03 -0.3028712E+01
   04  0.1269841E+01  0.1507098E+02 -0.5877913E-02 -0.1059915E-02 -0.3028718E+01
   04  0.1285714E+01  0.1507098E+02 -0.6223035E-02 -0.1122105E-02 -0.3028723E+01
   04  0.1301587E+01  0.1507097E+02 -0.6568086E-02 -0.1184278E-02 -0.3028729E+01
   04  0.1317460E+01  0.1507097E+02 -0.6913065E-02 -0.1246433E-02 -0.3028734E+01
   04  0.1333333E+01  0.1507096E+02 -0.7257974E-02 -0.1308570E-02 -0.3028740E+01
   04  0.1349206E+01  0.1507096E+02 -0.7602811E-02 -0.1370690E-02 -0.3028745E+01
   04  0.1365079E+01  0.1507095E+02 -0.7947578E-02 -0.1432792E-02 -0.3028751E+01
   04  0.1380952E+01  0.1507095E+02 -0.8292273E-02 -0.1494876E-02 -0.3028756E+01
   04  0.1396825E+01  0.1507094E+02 -0.8636898E-02 -0.1556943E-02 -0.3028762E+01
   04  0.1412698E+01  0.1507094E+02 -0.8981451E-02 -0.1618991E-02 -0.3028767E+01
   04  0.1428571E+01  0.1507093E+02 -0.9325933E-02 -0.1681022E-02 -0.3028773E+01
   04  0.1476190E+01  0.1507091E+02 -0.1035901E-01 -0.1867052E-02 -0.3028789E+01
   04  0.1523810E+01  0.1507090E+02 -0.1139144E-01 -0.2052921E-02 -0.3028805E+01
   04  0.1571429E+01  0.1507088E+02 -0.1242323E-01 -0.2238628E-02 -0.3028821E+01
   04  0.1619048E+01  0.1507087E+02 -0.1345438E-01 -0.2424173E-02 -0.3028837E+01
   04  0.1666667E+01  0.1507085E+02 -0.1448489E-01 -0.2609556E-02 -0.3028853E+01
   04  0.1714286E+01  0.1507083E+02 -0.1551475E-01 -0.2794776E-02 -0.3028869E+01
   04  0.1761905E+01  0.1507082E+02 -0.1654398E-01 -0.2979832E-02 -0.3028884E+01
   04  0.1809524E+01  0.1507080E+02 -0.1757256E-01 -0.3164724E-02 -0.3028900E+01
   04  0.1857143E+01  0.1507079E+02 -0.1860050E-01 -0.3349451E-02 -0.3028915E+01
   04  0.1904762E+01  0.1507077E+02 -0.1962779E-01 -0.3534013E-02 -0.3028931E+01
   04  0.1952381E+01  0.1507076E+02 -0.2065445E-01 -0.3718410E-02 -0.3028946E+01
   04  0.2000000E+01  0.1507074E+02 -0.2168045E-01 -0.3902640E-02 -0.3028961E+01
   04  0.5727919E+01  0.1506975E+02 -0.1004928E+00 -0.1820355E-01 -0.3029954E+01
   04  0.9455838E+01  0.1506928E+02 -0.1753253E+00 -0.3135322E-01 -0.3030424E+01
   04  0.1318376E+02  0.1506930E+02 -0.2461184E+00 -0.4321832E-01 -0.3030404E+01
   04  0.1691168E+02  0.1506977E+02 -0.3128914E+00 -0.5374688E-01 -0.3029933E+01
   04  0.2063960E+02  0.1507065E+02 -0.3757135E+00 -0.6293359E-01 -0.3029051E+01
   04  0.2436752E+02  0.1507190E+02 -0.4346816E+00 -0.7079198E-01 -0.3027804E+01
   04  0.2809543E+02  0.1507343E+02 -0.4898989E+00 -0.7791535E-01 -0.3026273E+01
   04  0.3182335E+02  0.1507522E+02 -0.5414604E+00 -0.8415838E-01 -0.3024481E+01
   04  0.3555127E+02  0.1507725E+02 -0.5894627E+00 -0.8946294E-01 -0.3022454E+01
   04  0.3834721E+02  0.1507892E+02 -0.6229743E+00 -0.9285700E-01 -0.3020782E+01
   04  0.4114315E+02  0.1508069E+02 -0.6545094E+00 -0.9574975E-01 -0.3019012E+01
   04  0.4393909E+02  0.1508255E+02 -0.6840952E+00 -0.9811761E-01 -0.3017153E+01
   04  0.4673503E+02  0.1508448E+02 -0.7120157E+00 -0.9977194E-01 -0.3015220E+01
   04  0.4922031E+02  0.1508621E+02 -0.7361512E+00 -0.1005989E+00 -0.3013497E+01
   04  0.5170559E+02  0.1508793E+02 -0.7595919E+00 -0.1008961E+00 -0.3011776E+01
   04  0.5419087E+02  0.1508965E+02 -0.7822901E+00 -0.1006925E+00 -0.3010056E+01
   04  0.5667615E+02  0.1509137E+02 -0.8042015E+00 -0.1000065E+00 -0.3008337E+01
   04  0.5916143E+02  0.1509309E+02 -0.8252844E+00 -0.9885214E-01 -0.3006617E+01
   04  0.6164671E+02  0.1509481E+02 -0.8455012E+00 -0.9724010E-01 -0.3004893E+01
   04  0.6413199E+02  0.1509654E+02 -0.8648182E+00 -0.9516612E-01 -0.3003166E+01
   04  0.6661727E+02  0.1509827E+02 -0.8832144E+00 -0.9259562E-01 -0.3001436E+01
   04  0.6910255E+02  0.1510000E+02 -0.9006722E+00 -0.8952151E-01 -0.2999698E+01
   04  0.7158783E+02  0.1510175E+02 -0.9171824E+00 -0.8596277E-01 -0.2997951E+01
   04  0.7407311E+02  0.1510350E+02 -0.9327379E+00 -0.8183085E-01 -0.2996202E+01
   04  0.7655838E+02  0.1510525E+02 -0.9473368E+00 -0.7710249E-01 -0.2994453E+01
   04  0.7904366E+02  0.1510700E+02 -0.9609799E+00 -0.7182742E-01 -0.2992703E+01
   04  0.8152894E+02  0.1510875E+02 -0.9736689E+00 -0.6604850E-01 -0.2990949E+01
   04  0.8401422E+02  0.1511051E+02 -0.9854077E+00 -0.5980463E-01 -0.2989194E+01
   04  0.8649950E+02  0.1511227E+02 -0.9962018E+00 -0.5313179E-01 -0.2987436E+01
   04  0.8898478E+02  0.1511403E+02 -0.1006059E+01 -0.4606398E-01 -0.2985677E+01
   04  0.9147006E+02  0.1511579E+02 -0.1014990E+01 -0.3863351E-01 -0.2983917E+01
   04  0.9445240E+02  0.1511789E+02 -0.1024507E+01 -0.2930899E-01 -0.2981809E+01
   04  0.9743473E+02  0.1512000E+02 -0.1032738E+01 -0.1956557E-01 -0.2979705E+01
   04  0.1004171E+03  0.1512210E+02 -0.1039647E+01 -0.9472967E-02 -0.2977600E+01
   04  0.1033994E+03  0.1512422E+02 -0.1045138E+01  0.9236535E-03 -0.2975485E+01
   04  0.1063817E+03  0.1512634E+02 -0.1049246E+01  0.1158196E-01 -0.2973362E+01
   04  0.1093641E+03  0.1512847E+02 -0.1052021E+01  0.2240987E-01 -0.2971237E+01
   04  0.1123464E+03  0.1513059E+02 -0.1053526E+01  0.3334847E-01 -0.2969112E+01
   04  0.1153287E+03  0.1513271E+02 -0.1053838E+01  0.4436187E-01 -0.2966991E+01
   04  0.1183111E+03  0.1513483E+02 -0.1053041E+01  0.5543151E-01 -0.2964875E+01
   04  0.1212934E+03  0.1513693E+02 -0.1051225E+01  0.6653562E-01 -0.2962768E+01
   04  0.1242758E+03  0.1513903E+02 -0.1048475E+01  0.7764280E-01 -0.2960674E+01
   04  0.1272581E+03  0.1514111E+02 -0.1044881E+01  0.8873068E-01 -0.2958597E+01
   04  0.1302404E+03  0.1514316E+02 -0.1040530E+01  0.9977685E-01 -0.2956540E+01
   04  0.1332228E+03  0.1514520E+02 -0.1035497E+01  0.1107574E+00 -0.2954506E+01
   04  0.1362051E+03  0.1514720E+02 -0.1029850E+01  0.1216465E+00 -0.2952501E+01
   04  0.1391874E+03  0.1514918E+02 -0.1023666E+01  0.1324189E+00 -0.2950527E+01
   04  0.1421698E+03  0.1515111E+02 -0.1017023E+01  0.1430513E+00 -0.2948589E+01
   04  0.1451521E+03  0.1515301E+02 -0.1009999E+01  0.1535222E+00 -0.2946691E+01
   04  0.1481344E+03  0.1515488E+02 -0.1002668E+01  0.1640205E+00 -0.2944820E+01
   04  0.1511168E+03  0.1515674E+02 -0.9950915E+00  0.1747527E+00 -0.2942963E+01
   04  0.1540991E+03  0.1515858E+02 -0.9872977E+00  0.1856528E+00 -0.2941127E+01
   04  0.1570814E+03  0.1516038E+02 -0.9793415E+00  0.1966680E+00 -0.2939321E+01
   04  0.1600638E+03  0.1516216E+02 -0.9712774E+00  0.2077004E+00 -0.2937546E+01
   04  0.1630461E+03  0.1516389E+02 -0.9631535E+00  0.2186964E+00 -0.2935808E+01
   04  0.1660284E+03  0.1516559E+02 -0.9550143E+00  0.2296319E+00 -0.2934110E+01
   04  0.1690108E+03  0.1516724E+02 -0.9469018E+00  0.2404874E+00 -0.2932459E+01
   04  0.1719931E+03  0.1516885E+02 -0.9388554E+00  0.2512472E+00 -0.2930856E+01
   04  0.1749755E+03  0.1517040E+02 -0.9309112E+00  0.2618978E+00 -0.2929305E+01
   04  0.1779578E+03  0.1517189E+02 -0.9231021E+00  0.2724280E+00 -0.2927808E+01
   04  0.1809401E+03  0.1517334E+02 -0.9154579E+00  0.2828283E+00 -0.2926366E+01
   04  0.1824313E+03  0.1517404E+02 -0.9116813E+00  0.2879743E+00 -0.2925661E+01
   04  0.1839225E+03  0.1517473E+02 -0.9079521E+00  0.2930866E+00 -0.2924970E+01
   04  0.1854136E+03  0.1517541E+02 -0.9042742E+00  0.2981643E+00 -0.2924293E+01
   04  0.1869048E+03  0.1517607E+02 -0.9006512E+00  0.3032061E+00 -0.2923629E+01
   04  0.1883960E+03  0.1517672E+02 -0.8970866E+00  0.3082110E+00 -0.2922980E+01
   04  0.1898871E+03  0.1517736E+02 -0.8935836E+00  0.3131781E+00 -0.2922344E+01
   04  0.1913783E+03  0.1517798E+02 -0.8901451E+00  0.3181064E+00 -0.2921722E+01
   04  0.1928695E+03  0.1517859E+02 -0.8867740E+00  0.3229949E+00 -0.2921114E+01
   04  0.1943606E+03  0.1517918E+02 -0.8834730E+00  0.3278427E+00 -0.2920519E+01
   04  0.1958518E+03  0.1517977E+02 -0.8802446E+00  0.3326489E+00 -0.2919937E+01
   04  0.1973430E+03  0.1518033E+02 -0.8770911E+00  0.3374125E+00 -0.2919369E+01
   04  0.1988341E+03  0.1518089E+02 -0.8740149E+00  0.3421323E+00 -0.2918813E+01
   04  0.2003253E+03  0.1518143E+02 -0.8710182E+00  0.3468072E+00 -0.2918269E+01
   04  0.2018165E+03  0.1518196E+02 -0.8681034E+00  0.3514357E+00 -0.2917738E+01
   04  0.2033076E+03  0.1518248E+02 -0.8652711E+00  0.3560288E+00 -0.2917220E+01
   04  0.2047988E+03  0.1518299E+02 -0.8625195E+00  0.3605932E+00 -0.2916715E+01
   04  0.2062900E+03  0.1518348E+02 -0.8598459E+00  0.3651269E+00 -0.2916224E+01
   04  0.2077811E+03  0.1518396E+02 -0.8572483E+00  0.3696285E+00 -0.2915746E+01
   04  0.2092723E+03  0.1518442E+02 -0.8547252E+00  0.3740969E+00 -0.2915281E+01
   04  0.2107635E+03  0.1518487E+02 -0.8522756E+00  0.3785313E+00 -0.2914829E+01
   04  0.2122546E+03  0.1518531E+02 -0.8498989E+00  0.3829309E+00 -0.2914389E+01
   04  0.2137458E+03  0.1518574E+02 -0.8475945E+00  0.3872949E+00 -0.2913962E+01
   04  0.2152370E+03  0.1518616E+02 -0.8453621E+00  0.3916226E+00 -0.2913546E+01
   04  0.2167281E+03  0.1518656E+02 -0.8432016E+00  0.3959133E+00 -0.2913141E+01
   04  0.2182193E+03  0.1518695E+02 -0.8411127E+00  0.4001661E+00 -0.2912748E+01
   04  0.2197105E+03  0.1518734E+02 -0.8390954E+00  0.4043805E+00 -0.2912365E+01
   04  0.2212017E+03  0.1518771E+02 -0.8371496E+00  0.4085556E+00 -0.2911993E+01
   04  0.2226928E+03  0.1518807E+02 -0.8352750E+00  0.4126909E+00 -0.2911630E+01
   04  0.2241840E+03  0.1518843E+02 -0.8334716E+00  0.4167857E+00 -0.2911277E+01
   04  0.2256752E+03  0.1518877E+02 -0.8317361E+00  0.4208390E+00 -0.2910933E+01
   04  0.2271663E+03  0.1518910E+02 -0.8300659E+00  0.4248502E+00 -0.2910598E+01
   04  0.2286575E+03  0.1518943E+02 -0.8284599E+00  0.4288183E+00 -0.2910273E+01
   04  0.2301487E+03  0.1518975E+02 -0.8269178E+00  0.4327425E+00 -0.2909955E+01
   04  0.2316398E+03  0.1519006E+02 -0.8254397E+00  0.4366215E+00 -0.2909646E+01
   04  0.2331310E+03  0.1519036E+02 -0.8240259E+00  0.4404544E+00 -0.2909345E+01
   04  0.2346222E+03  0.1519065E+02 -0.8226771E+00  0.4442412E+00 -0.2909052E+01
   04  0.2361133E+03  0.1519094E+02 -0.8213953E+00  0.4479894E+00 -0.2908765E+01
   04  0.2376045E+03  0.1519122E+02 -0.8201839E+00  0.4516974E+00 -0.2908483E+01
   04  0.2390957E+03  0.1519150E+02 -0.8190455E+00  0.4553633E+00 -0.2908207E+01
   04  0.2405868E+03  0.1519177E+02 -0.8179826E+00  0.4589851E+00 -0.2907936E+01
   04  0.2420780E+03  0.1519203E+02 -0.8169972E+00  0.4625610E+00 -0.2907670E+01
   04  0.2435692E+03  0.1519230E+02 -0.8160910E+00  0.4660888E+00 -0.2907407E+01
   04  0.2450603E+03  0.1519255E+02 -0.8152654E+00  0.4695666E+00 -0.2907149E+01
   04  0.2465515E+03  0.1519281E+02 -0.8145213E+00  0.4729922E+00 -0.2906894E+01
   04  0.2480427E+03  0.1519306E+02 -0.8138593E+00  0.4763635E+00 -0.2906643E+01
   04  0.2495338E+03  0.1519331E+02 -0.8132828E+00  0.4796788E+00 -0.2906395E+01
   04  0.2510250E+03  0.1519355E+02 -0.8127970E+00  0.4829377E+00 -0.2906150E+01
   04  0.2525162E+03  0.1519379E+02 -0.8124019E+00  0.4861406E+00 -0.2905909E+01
   04  0.2540073E+03  0.1519403E+02 -0.8120974E+00  0.4892879E+00 -0.2905671E+01
   04  0.2554985E+03  0.1519427E+02 -0.8118828E+00  0.4923812E+00 -0.2905436E+01
   04  0.2569897E+03  0.1519450E+02 -0.8117567E+00  0.4954221E+00 -0.2905204E+01
   04  0.2584808E+03  0.1519473E+02 -0.8117184E+00  0.4984106E+00 -0.2904976E+01
   04  0.2599720E+03  0.1519495E+02 -0.8117668E+00  0.5013469E+00 -0.2904751E+01
   04  0.2614632E+03  0.1519517E+02 -0.8119007E+00  0.5042312E+00 -0.2904528E+01
   04  0.2629543E+03  0.1519539E+02 -0.8121186E+00  0.5070631E+00 -0.2904308E+01
   04  0.2644455E+03  0.1519561E+02 -0.8124188E+00  0.5098419E+00 -0.2904091E+01
   04  0.2659367E+03  0.1519583E+02 -0.8127996E+00  0.5125672E+00 -0.2903876E+01
   04  0.2674278E+03  0.1519604E+02 -0.8132591E+00  0.5152385E+00 -0.2903663E+01
   04  0.2689190E+03  0.1519625E+02 -0.8137950E+00  0.5178554E+00 -0.2903453E+01
   04  0.2704102E+03  0.1519646E+02 -0.8144052E+00  0.5204173E+00 -0.2903243E+01
   04  0.2719014E+03  0.1519667E+02 -0.8150872E+00  0.5229240E+00 -0.2903035E+01
   04  0.2733925E+03  0.1519687E+02 -0.8158385E+00  0.5253749E+00 -0.2902829E+01
   04  0.2748837E+03  0.1519708E+02 -0.8166566E+00  0.5277699E+00 -0.2902623E+01
   04  0.2763749E+03  0.1519728E+02 -0.8175388E+00  0.5301085E+00 -0.2902418E+01
   04  0.2778660E+03  0.1519749E+02 -0.8184821E+00  0.5323904E+00 -0.2902213E+01
   04  0.2793572E+03  0.1519769E+02 -0.8194838E+00  0.5346152E+00 -0.2902009E+01
   04  0.2808484E+03  0.1519790E+02 -0.8205408E+00  0.5367828E+00 -0.2901804E+01
   04  0.2823395E+03  0.1519810E+02 -0.8216501E+00  0.5388927E+00 -0.2901599E+01
   04  0.2838307E+03  0.1519831E+02 -0.8228085E+00  0.5409447E+00 -0.2901394E+01
   04  0.2853219E+03  0.1519851E+02 -0.8240129E+00  0.5429384E+00 -0.2901188E+01
   04  0.2868130E+03  0.1519872E+02 -0.8252598E+00  0.5448730E+00 -0.2900980E+01
   04  0.2883042E+03  0.1519893E+02 -0.8265460E+00  0.5467483E+00 -0.2900771E+01
   04  0.2897954E+03  0.1519914E+02 -0.8278681E+00  0.5485637E+00 -0.2900561E+01
   04  0.2912865E+03  0.1519935E+02 -0.8292227E+00  0.5503190E+00 -0.2900348E+01
   04  0.2927777E+03  0.1519957E+02 -0.8306064E+00  0.5520137E+00 -0.2900134E+01
   04  0.2942689E+03  0.1519979E+02 -0.8320156E+00  0.5536476E+00 -0.2899917E+01
   04  0.2957600E+03  0.1520001E+02 -0.8334471E+00  0.5552204E+00 -0.2899697E+01
   04  0.2972512E+03  0.1520023E+02 -0.8348972E+00  0.5567321E+00 -0.2899474E+01
   04  0.2987424E+03  0.1520045E+02 -0.8363626E+00  0.5581828E+00 -0.2899248E+01
   04  0.3002335E+03  0.1520068E+02 -0.8378399E+00  0.5595733E+00 -0.2899019E+01
   04  0.3017247E+03  0.1520092E+02 -0.8393258E+00  0.5609054E+00 -0.2898786E+01
   04  0.3032159E+03  0.1520115E+02 -0.8408168E+00  0.5621761E+00 -0.2898549E+01
   04  0.3047070E+03  0.1520139E+02 -0.8423098E+00  0.5633837E+00 -0.2898308E+01
   04  0.3061982E+03  0.1520164E+02 -0.8438015E+00  0.5645265E+00 -0.2898062E+01
   04  0.3076894E+03  0.1520189E+02 -0.8452887E+00  0.5656027E+00 -0.2897811E+01
   04  0.3091805E+03  0.1520215E+02 -0.8467680E+00  0.5666108E+00 -0.2897555E+01
   04  0.3106717E+03  0.1520241E+02 -0.8482365E+00  0.5675489E+00 -0.2897293E+01
   04  0.3121629E+03  0.1520268E+02 -0.8496908E+00  0.5684156E+00 -0.2897026E+01
   04  0.3136540E+03  0.1520295E+02 -0.8511282E+00  0.5692091E+00 -0.2896751E+01
   04  0.3151452E+03  0.1520323E+02 -0.8525457E+00  0.5699128E+00 -0.2896469E+01
   04  0.3165017E+03  0.1520350E+02 -0.8538145E+00  0.5704687E+00 -0.2896204E+01
   04  0.3178581E+03  0.1520377E+02 -0.8550617E+00  0.5709218E+00 -0.2895934E+01
   04  0.3192146E+03  0.1520404E+02 -0.8562853E+00  0.5712718E+00 -0.2895658E+01
   04  0.3205710E+03  0.1520433E+02 -0.8574833E+00  0.5715177E+00 -0.2895377E+01
   04  0.3219275E+03  0.1520461E+02 -0.8586541E+00  0.5716589E+00 -0.2895090E+01
   04  0.3232839E+03  0.1520490E+02 -0.8597958E+00  0.5716952E+00 -0.2894798E+01
   04  0.3246404E+03  0.1520520E+02 -0.8609069E+00  0.5716263E+00 -0.2894500E+01
   04  0.3259968E+03  0.1520551E+02 -0.8619857E+00  0.5714520E+00 -0.2894197E+01
   04  0.3273533E+03  0.1520581E+02 -0.8630308E+00  0.5711722E+00 -0.2893888E+01
   04  0.3287097E+03  0.1520613E+02 -0.8640406E+00  0.5707869E+00 -0.2893573E+01
   04  0.3300662E+03  0.1520645E+02 -0.8650136E+00  0.5702962E+00 -0.2893252E+01
   04  0.3314226E+03  0.1520678E+02 -0.8659462E+00  0.5697003E+00 -0.2892925E+01
   04  0.3327791E+03  0.1520711E+02 -0.8668366E+00  0.5689989E+00 -0.2892592E+01
   04  0.3341355E+03  0.1520745E+02 -0.8676830E+00  0.5681915E+00 -0.2892252E+01
   04  0.3354920E+03  0.1520780E+02 -0.8684837E+00  0.5672777E+00 -0.2891906E+01
   04  0.3368484E+03  0.1520815E+02 -0.8692369E+00  0.5662570E+00 -0.2891554E+01
   04  0.3382049E+03  0.1520851E+02 -0.8699409E+00  0.5651288E+00 -0.2891195E+01
   04  0.3395613E+03  0.1520887E+02 -0.8705942E+00  0.5638928E+00 -0.2890829E+01
   04  0.3409178E+03  0.1520925E+02 -0.8711951E+00  0.5625486E+00 -0.2890457E+01
   04  0.3422742E+03  0.1520963E+02 -0.8717421E+00  0.5610958E+00 -0.2890077E+01
   04  0.3436307E+03  0.1521001E+02 -0.8722339E+00  0.5595340E+00 -0.2889691E+01
   04  0.3449871E+03  0.1521041E+02 -0.8726691E+00  0.5578630E+00 -0.2889297E+01
   04  0.3463436E+03  0.1521081E+02 -0.8730465E+00  0.5560825E+00 -0.2888896E+01
   04  0.3477000E+03  0.1521121E+02 -0.8733651E+00  0.5541925E+00 -0.2888488E+01
   04  0.3490565E+03  0.1521163E+02 -0.8736239E+00  0.5521928E+00 -0.2888072E+01
   04  0.3504130E+03  0.1521205E+02 -0.8738219E+00  0.5500834E+00 -0.2887648E+01
   04  0.3517694E+03  0.1521249E+02 -0.8739585E+00  0.5478644E+00 -0.2887217E+01
   04  0.3531259E+03  0.1521292E+02 -0.8740333E+00  0.5455359E+00 -0.2886778E+01
   04  0.3544823E+03  0.1521337E+02 -0.8740456E+00  0.5430982E+00 -0.2886331E+01
   04  0.3558388E+03  0.1521383E+02 -0.8739949E+00  0.5405514E+00 -0.2885876E+01
   04  0.3574665E+03  0.1521438E+02 -0.8738555E+00  0.5373537E+00 -0.2885321E+01
   04  0.3590942E+03  0.1521495E+02 -0.8736247E+00  0.5339969E+00 -0.2884755E+01
   04  0.3607220E+03  0.1521553E+02 -0.8733021E+00  0.5304826E+00 -0.2884177E+01
   04  0.3623497E+03  0.1521612E+02 -0.8728877E+00  0.5268129E+00 -0.2883586E+01
   04  0.3639775E+03  0.1521672E+02 -0.8723814E+00  0.5229899E+00 -0.2882983E+01
   04  0.3656052E+03  0.1521734E+02 -0.8717836E+00  0.5190156E+00 -0.2882367E+01
   04  0.3672329E+03  0.1521796E+02 -0.8710946E+00  0.5148921E+00 -0.2881739E+01
   04  0.3688607E+03  0.1521860E+02 -0.8703150E+00  0.5106218E+00 -0.2881098E+01
   04  0.3704884E+03  0.1521926E+02 -0.8694457E+00  0.5062068E+00 -0.2880443E+01
   04  0.3721162E+03  0.1521993E+02 -0.8684877E+00  0.5016494E+00 -0.2879776E+01
   04  0.3737439E+03  0.1522061E+02 -0.8674420E+00  0.4969518E+00 -0.2879095E+01
   04  0.3753717E+03  0.1522130E+02 -0.8663101E+00  0.4921163E+00 -0.2878402E+01
   04  0.3769994E+03  0.1522201E+02 -0.8650936E+00  0.4871453E+00 -0.2877694E+01
   04  0.3786271E+03  0.1522273E+02 -0.8637942E+00  0.4820410E+00 -0.2876973E+01
   04  0.3802549E+03  0.1522346E+02 -0.8624138E+00  0.4768056E+00 -0.2876239E+01
   04  0.3818826E+03  0.1522421E+02 -0.8609545E+00  0.4714415E+00 -0.2875491E+01
   04  0.3835104E+03  0.1522497E+02 -0.8594188E+00  0.4659507E+00 -0.2874730E+01
   04  0.3851381E+03  0.1522575E+02 -0.8578073E+00  0.4603484E+00 -0.2873956E+01
   04  0.3867658E+03  0.1522653E+02 -0.8561193E+00  0.4546384E+00 -0.2873170E+01
   04  0.3883936E+03  0.1522733E+02 -0.8543545E+00  0.4488233E+00 -0.2872372E+01
   04  0.3900213E+03  0.1522814E+02 -0.8525130E+00  0.4429058E+00 -0.2871562E+01
   04  0.3916491E+03  0.1522896E+02 -0.8505952E+00  0.4368880E+00 -0.2870740E+01
   04  0.3932768E+03  0.1522980E+02 -0.8486020E+00  0.4307717E+00 -0.2869907E+01
   04  0.3949046E+03  0.1523064E+02 -0.8465345E+00  0.4245589E+00 -0.2869061E+01
   04  0.3965323E+03  0.1523150E+02 -0.8443942E+00  0.4182514E+00 -0.2868205E+01
   04  0.3981600E+03  0.1523237E+02 -0.8421808E+00  0.4118525E+00 -0.2867337E+01
   04  0.3997878E+03  0.1523325E+02 -0.8398986E+00  0.4053625E+00 -0.2866457E+01
   04  0.4014155E+03  0.1523414E+02 -0.8375497E+00  0.3987831E+00 -0.2865566E+01
   04  0.4030433E+03  0.1523504E+02 -0.8351368E+00  0.3921156E+00 -0.2864663E+01
   04  0.4046710E+03  0.1523595E+02 -0.8326627E+00  0.3853615E+00 -0.2863748E+01
   04  0.4062987E+03  0.1523688E+02 -0.8301301E+00  0.3785216E+00 -0.2862823E+01
   04  0.4079265E+03  0.1523782E+02 -0.8275409E+00  0.3715939E+00 -0.2861885E+01
   04  0.4095542E+03  0.1523877E+02 -0.8248977E+00  0.3645795E+00 -0.2860936E+01
   04  0.4111820E+03  0.1523973E+02 -0.8222033E+00  0.3574796E+00 -0.2859976E+01
   04  0.4128097E+03  0.1524070E+02 -0.8194608E+00  0.3502955E+00 -0.2859004E+01
   04  0.4144375E+03  0.1524168E+02 -0.8166734E+00  0.3430281E+00 -0.2858021E+01
   04  0.4160652E+03  0.1524268E+02 -0.8138447E+00  0.3356786E+00 -0.2857026E+01
   04  0.4176929E+03  0.1524368E+02 -0.8109779E+00  0.3282478E+00 -0.2856019E+01
   04  0.4193207E+03  0.1524470E+02 -0.8080771E+00  0.3207366E+00 -0.2855001E+01
   04  0.4209484E+03  0.1524573E+02 -0.8051466E+00  0.3131457E+00 -0.2853970E+01
   04  0.4225762E+03  0.1524677E+02 -0.8021911E+00  0.3054757E+00 -0.2852928E+01
   04  0.4242039E+03  0.1524783E+02 -0.7992160E+00  0.2977273E+00 -0.2851873E+01
   04  0.4258316E+03  0.1524890E+02 -0.7962252E+00  0.2899008E+00 -0.2850806E+01
   04  0.4274594E+03  0.1524998E+02 -0.7932223E+00  0.2819964E+00 -0.2849727E+01
   04  0.4290871E+03  0.1525107E+02 -0.7902107E+00  0.2740138E+00 -0.2848635E+01
   04  0.4307149E+03  0.1525217E+02 -0.7871938E+00  0.2659513E+00 -0.2847530E+01
   04  0.4323426E+03  0.1525329E+02 -0.7841751E+00  0.2578031E+00 -0.2846412E+01
   04  0.4339704E+03  0.1525442E+02 -0.7811577E+00  0.2495623E+00 -0.2845278E+01
   04  0.4355981E+03  0.1525557E+02 -0.7781450E+00  0.2412815E+00 -0.2844135E+01
   04  0.4372258E+03  0.1525672E+02 -0.7751407E+00  0.2329596E+00 -0.2842981E+01
   04  0.4388536E+03  0.1525789E+02 -0.7721491E+00  0.2245877E+00 -0.2841816E+01
   04  0.4404813E+03  0.1525906E+02 -0.7691758E+00  0.2161615E+00 -0.2840638E+01
   04  0.4421091E+03  0.1526026E+02 -0.7662266E+00  0.2076837E+00 -0.2839447E+01
   04  0.4437368E+03  0.1526146E+02 -0.7633069E+00  0.1991546E+00 -0.2838243E+01
   04  0.4453645E+03  0.1526268E+02 -0.7604222E+00  0.1905736E+00 -0.2837025E+01
   04  0.4469923E+03  0.1526391E+02 -0.7575786E+00  0.1819399E+00 -0.2835793E+01
   04  0.4486200E+03  0.1526516E+02 -0.7547818E+00  0.1732524E+00 -0.2834547E+01
   04  0.4502478E+03  0.1526642E+02 -0.7520378E+00  0.1645100E+00 -0.2833286E+01
   04  0.4518755E+03  0.1526769E+02 -0.7493519E+00  0.1557112E+00 -0.2832010E+01
   04  0.4535033E+03  0.1526898E+02 -0.7467295E+00  0.1468550E+00 -0.2830719E+01
   04  0.4551310E+03  0.1527029E+02 -0.7441762E+00  0.1379397E+00 -0.2829412E+01
   04  0.4567587E+03  0.1527161E+02 -0.7416974E+00  0.1289639E+00 -0.2828090E+01
   04  0.4583865E+03  0.1527295E+02 -0.7392988E+00  0.1199262E+00 -0.2826751E+01
   04  0.4600142E+03  0.1527431E+02 -0.7369854E+00  0.1108250E+00 -0.2825396E+01
   04  0.4616420E+03  0.1527568E+02 -0.7347622E+00  0.1016810E+00 -0.2824023E+01
   04  0.4632697E+03  0.1527707E+02 -0.7326338E+00  0.9250054E-01 -0.2822632E+01
   04  0.4648974E+03  0.1527848E+02 -0.7306046E+00  0.8328023E-01 -0.2821222E+01
   04  0.4665252E+03  0.1527991E+02 -0.7286786E+00  0.7401684E-01 -0.2819793E+01
   04  0.4681529E+03  0.1528136E+02 -0.7268598E+00  0.6470716E-01 -0.2818346E+01
   04  0.4697807E+03  0.1528282E+02 -0.7251523E+00  0.5535181E-01 -0.2816880E+01
   04  0.4714084E+03  0.1528431E+02 -0.7235600E+00  0.4594835E-01 -0.2815396E+01
   04  0.4730362E+03  0.1528581E+02 -0.7220869E+00  0.3649371E-01 -0.2813894E+01
   04  0.4746639E+03  0.1528733E+02 -0.7207354E+00  0.2698478E-01 -0.2812372E+01
   04  0.4762916E+03  0.1528887E+02 -0.7195096E+00  0.1741871E-01 -0.2810833E+01
   04  0.4779194E+03  0.1529043E+02 -0.7184125E+00  0.7792634E-02 -0.2809275E+01
   04  0.4795471E+03  0.1529200E+02 -0.7174464E+00 -0.1896233E-02 -0.2807699E+01
   04  0.4811749E+03  0.1529360E+02 -0.7166135E+00 -0.1165059E-01 -0.2806105E+01
   04  0.4828026E+03  0.1529521E+02 -0.7159156E+00 -0.2147303E-01 -0.2804492E+01
   04  0.4844303E+03  0.1529684E+02 -0.7153542E+00 -0.3136607E-01 -0.2802862E+01
   04  0.4860581E+03  0.1529849E+02 -0.7149306E+00 -0.4133211E-01 -0.2801213E+01
   04  0.4876858E+03  0.1530016E+02 -0.7146459E+00 -0.5137347E-01 -0.2799545E+01
   04  0.4893136E+03  0.1530184E+02 -0.7145008E+00 -0.6149234E-01 -0.2797860E+01
   04  0.4909413E+03  0.1530355E+02 -0.7144960E+00 -0.7169080E-01 -0.2796156E+01
   04  0.4925691E+03  0.1530527E+02 -0.7146318E+00 -0.8197082E-01 -0.2794434E+01
   04  0.4941968E+03  0.1530701E+02 -0.7149085E+00 -0.9233425E-01 -0.2792693E+01
   04  0.4958245E+03  0.1530877E+02 -0.7153262E+00 -0.1027828E+00 -0.2790934E+01
   04  0.4974523E+03  0.1531055E+02 -0.7158848E+00 -0.1133181E+00 -0.2789157E+01
   04  0.4990800E+03  0.1531234E+02 -0.7165842E+00 -0.1239416E+00 -0.2787360E+01
   04  0.5007078E+03  0.1531416E+02 -0.7174242E+00 -0.1346547E+00 -0.2785545E+01
   04  0.5023355E+03  0.1531599E+02 -0.7184044E+00 -0.1454584E+00 -0.2783710E+01
   04  0.5039632E+03  0.1531785E+02 -0.7195246E+00 -0.1563541E+00 -0.2781856E+01
   04  0.5055910E+03  0.1531972E+02 -0.7207843E+00 -0.1673424E+00 -0.2779983E+01
   04  0.5072187E+03  0.1532161E+02 -0.7221833E+00 -0.1784244E+00 -0.2778090E+01
   04  0.5088465E+03  0.1532352E+02 -0.7237213E+00 -0.1896005E+00 -0.2776178E+01
   04  0.5104742E+03  0.1532546E+02 -0.7253981E+00 -0.2008713E+00 -0.2774245E+01
   04  0.5121020E+03  0.1532741E+02 -0.7272139E+00 -0.2122372E+00 -0.2772292E+01
   04  0.5137297E+03  0.1532938E+02 -0.7291688E+00 -0.2236983E+00 -0.2770318E+01
   04  0.5153574E+03  0.1533138E+02 -0.7312630E+00 -0.2352546E+00 -0.2768324E+01
   04  0.5169852E+03  0.1533339E+02 -0.7334970E+00 -0.2469060E+00 -0.2766308E+01
   04  0.5186129E+03  0.1533543E+02 -0.7358716E+00 -0.2586523E+00 -0.2764271E+01
   04  0.5202407E+03  0.1533749E+02 -0.7383877E+00 -0.2704930E+00 -0.2762213E+01
   04  0.5218684E+03  0.1533957E+02 -0.7410463E+00 -0.2824275E+00 -0.2760132E+01
   04  0.5234961E+03  0.1534167E+02 -0.7438489E+00 -0.2944552E+00 -0.2758029E+01
   04  0.5251239E+03  0.1534380E+02 -0.7467971E+00 -0.3065751E+00 -0.2755904E+01
   04  0.5267516E+03  0.1534595E+02 -0.7498928E+00 -0.3187863E+00 -0.2753755E+01
   04  0.5283794E+03  0.1534812E+02 -0.7531382E+00 -0.3310877E+00 -0.2751582E+01
   04  0.5300071E+03  0.1535032E+02 -0.7565357E+00 -0.3434780E+00 -0.2749386E+01
   04  0.5316349E+03  0.1535254E+02 -0.7600883E+00 -0.3559559E+00 -0.2747165E+01
   04  0.5332626E+03  0.1535478E+02 -0.7637989E+00 -0.3685199E+00 -0.2744920E+01
   04  0.5348903E+03  0.1535705E+02 -0.7676711E+00 -0.3811684E+00 -0.2742649E+01
   04  0.5365181E+03  0.1535935E+02 -0.7717086E+00 -0.3938997E+00 -0.2740353E+01
   04  0.5381458E+03  0.1536167E+02 -0.7759157E+00 -0.4067121E+00 -0.2738030E+01
   04  0.5397736E+03  0.1536402E+02 -0.7802969E+00 -0.4196038E+00 -0.2735680E+01
   04  0.5414013E+03  0.1536640E+02 -0.7848572E+00 -0.4325728E+00 -0.2733303E+01
   04  0.5430290E+03  0.1536880E+02 -0.7896022E+00 -0.4456171E+00 -0.2730898E+01
   04  0.5446568E+03  0.1537124E+02 -0.7945376E+00 -0.4587349E+00 -0.2728465E+01
   04  0.5462845E+03  0.1537370E+02 -0.7996698E+00 -0.4719240E+00 -0.2726002E+01
   04  0.5479123E+03  0.1537619E+02 -0.8050056E+00 -0.4851824E+00 -0.2723509E+01
   04  0.5495400E+03  0.1537872E+02 -0.8105524E+00 -0.4985079E+00 -0.2720986E+01
   04  0.5511678E+03  0.1538127E+02 -0.8163180E+00 -0.5118987E+00 -0.2718431E+01
   04  0.5527955E+03  0.1538386E+02 -0.8223104E+00 -0.5253555E+00 -0.2715844E+01
   04  0.5544232E+03  0.1538648E+02 -0.8285362E+00 -0.5388843E+00 -0.2713226E+01
   04  0.5560510E+03  0.1538913E+02 -0.8350021E+00 -0.5524788E+00 -0.2710576E+01
   04  0.5576787E+03  0.1539181E+02 -0.8417152E+00 -0.5661329E+00 -0.2707894E+01
   04  0.5593065E+03  0.1539452E+02 -0.8486839E+00 -0.5798410E+00 -0.2705179E+01
   04  0.5609342E+03  0.1539727E+02 -0.8559217E+00 -0.5936008E+00 -0.2702431E+01
   04  0.5625619E+03  0.1540005E+02 -0.8634333E+00 -0.6074057E+00 -0.2699648E+01
   04  0.5641897E+03  0.1540287E+02 -0.8712291E+00 -0.6212514E+00 -0.2696830E+01
   04  0.5658174E+03  0.1540573E+02 -0.8793203E+00 -0.6351341E+00 -0.2693976E+01
   04  0.5674452E+03  0.1540862E+02 -0.8877186E+00 -0.6490501E+00 -0.2691085E+01
   04  0.5690729E+03  0.1541155E+02 -0.8964368E+00 -0.6629966E+00 -0.2688156E+01
   04  0.5707007E+03  0.1541452E+02 -0.9054883E+00 -0.6769709E+00 -0.2685187E+01
   04  0.5723284E+03  0.1541753E+02 -0.9148872E+00 -0.6909709E+00 -0.2682177E+01
   04  0.5739561E+03  0.1542058E+02 -0.9246482E+00 -0.7049950E+00 -0.2679125E+01
   04  0.5755839E+03  0.1542367E+02 -0.9347870E+00 -0.7190418E+00 -0.2676030E+01
   04  0.5772116E+03  0.1542681E+02 -0.9453198E+00 -0.7331107E+00 -0.2672889E+01
   04  0.5788394E+03  0.1543000E+02 -0.9562637E+00 -0.7472013E+00 -0.2669702E+01
   04  0.5804671E+03  0.1543324E+02 -0.9676365E+00 -0.7613136E+00 -0.2666466E+01
   04  0.5820948E+03  0.1543652E+02 -0.9794564E+00 -0.7754481E+00 -0.2663181E+01
   04  0.5837226E+03  0.1543986E+02 -0.9917426E+00 -0.7896057E+00 -0.2659843E+01
   04  0.5853503E+03  0.1544325E+02 -0.1004515E+01 -0.8037875E+00 -0.2656453E+01
   04  0.5869781E+03  0.1544670E+02 -0.1017793E+01 -0.8179953E+00 -0.2653006E+01
   04  0.5886058E+03  0.1545020E+02 -0.1031598E+01 -0.8322309E+00 -0.2649503E+01
   04  0.5902336E+03  0.1545376E+02 -0.1045951E+01 -0.8464966E+00 -0.2645940E+01
   04  0.5918613E+03  0.1545739E+02 -0.1060873E+01 -0.8607951E+00 -0.2642315E+01
   04  0.5934890E+03  0.1546107E+02 -0.1076387E+01 -0.8751291E+00 -0.2638628E+01
   04  0.5951168E+03  0.1546483E+02 -0.1092514E+01 -0.8895020E+00 -0.2634875E+01
   04  0.5967445E+03  0.1546865E+02 -0.1109277E+01 -0.9039171E+00 -0.2631055E+01
   04  0.5983723E+03  0.1547254E+02 -0.1126699E+01 -0.9183780E+00 -0.2627166E+01
