# gauge_id= 204 location=( -0.1242016000E+03  0.4175375000E+02 ) num_var=  4
# Stationary gauge
# level, time, q[  1  2  3], eta, aux[]
# file format ascii, time series follow in this file
   04  0.0000000E+00  0.8281430E+01  0.0000000E+00  0.0000000E+00  0.0000000E+00
   04  0.1000000E+01  0.8281430E+01 -0.1137672E-15 -0.9301014E-16 -0.2925205E+01
   04  0.1015873E+01  0.8281430E+01 -0.1553649E-03 -0.2870267E-04 -0.2925205E+01
   04  0.1031746E+01  0.8281429E+01 -0.3107440E-03 -0.5740413E-04 -0.2925206E+01
   04  0.1047619E+01  0.8281428E+01 -0.4661372E-03 -0.8610439E-04 -0.2925207E+01
   04  0.1063492E+01  0.8281428E+01 -0.6215445E-03 -0.1148034E-03 -0.2925207E+01
   04  0.1079365E+01  0.8281427E+01 -0.7769660E-03 -0.1435013E-03 -0.2925208E+01
   04  0.1095238E+01  0.8281426E+01 -0.9324015E-03 -0.1721979E-03 -0.2925209E+01
   04  0.1111111E+01  0.8281426E+01 -0.1087851E-02 -0.2008933E-03 -0.2925209E+01
   04  0.1126984E+01  0.8281425E+01 -0.1243315E-02 -0.2295875E-03 -0.2925210E+01
   04  0.1142857E+01  0.8281424E+01 -0.1398793E-02 -0.2582804E-03 -0.2925211E+01
   04  0.1158730E+01  0.8281424E+01 -0.1554285E-02 -0.2869722E-03 -0.2925211E+01
   04  0.1174603E+01  0.8281423E+01 -0.1709791E-02 -0.3156627E-03 -0.2925212E+01
   04  0.1190476E+01  0.8281422E+01 -0.1865311E-02 -0.3443519E-03 -0.2925213E+01
   04  0.1206349E+01  0.8281421E+01 -0.2020845E-02 -0.3730399E-03 -0.2925213E+01
   04  0.1222222E+01  0.8281421E+01 -0.2176393E-02 -0.4017267E-03 -0.2925214E+01
   04  0.1238095E+01  0.8281420E+01 -0.2331955E-02 -0.4304123E-03 -0.2925215E+01
   04  0.1253968E+01  0.8281419E+01 -0.2487531E-02 -0.4590966E-03 -0.2925216E+01
   04  0.1269841E+01  0.8281419E+01 -0.2643121E-02 -0.4877796E-03 -0.2925216E+01
   04  0.1285714E+01  0.8281418E+01 -0.2798726E-02 -0.5164614E-03 -0.2925217E+01
   04  0.1301587E+01  0.8281417E+01 -0.2954344E-02 -0.5451419E-03 -0.2925218E+01
   04  0.1317460E+01  0.8281417E+01 -0.3109976E-02 -0.5738212E-03 -0.2925218E+01
   04  0.1333333E+01  0.8281416E+01 -0.3265622E-02 -0.6024992E-03 -0.2925219E+01
   04  0.1349206E+01  0.8281415E+01 -0.3421283E-02 -0.6311759E-03 -0.2925220E+01
   04  0.1365079E+01  0.8281414E+01 -0.3576957E-02 -0.6598514E-03 -0.2925221E+01
   04  0.1380952E+01  0.8281414E+01 -0.3732645E-02 -0.6885256E-03 -0.2925221E+01
   04  0.1396825E+01  0.8281413E+01 -0.3888347E-02 -0.7171985E-03 -0.2925222E+01
   04  0.1412698E+01  0.8281412E+01 -0.4044063E-02 -0.7458702E-03 -0.2925223E+01
   04  0.1428571E+01  0.8281411E+01 -0.4199793E-02 -0.7745405E-03 -0.2925224E+01
   04  0.1476190E+01  0.8281409E+01 -0.4667025E-02 -0.8605533E-03 -0.2925226E+01
   04  0.1523810E+01  0.8281407E+01 -0.5134382E-02 -0.9465544E-03 -0.2925228E+01
   04  0.1571429E+01  0.8281404E+01 -0.5601864E-02 -0.1032544E-02 -0.2925231E+01
   04  0.1619048E+01  0.8281402E+01 -0.6069470E-02 -0.1118521E-02 -0.2925233E+01
   04  0.1666667E+01  0.8281400E+01 -0.6537202E-02 -0.1204487E-02 -0.2925235E+01
   04  0.1714286E+01  0.8281397E+01 -0.7005058E-02 -0.1290440E-02 -0.2925238E+01
   04  0.1761905E+01  0.8281395E+01 -0.7473038E-02 -0.1376382E-02 -0.2925240E+01
   04  0.1809524E+01  0.8281392E+01 -0.7941142E-02 -0.1462311E-02 -0.2925243E+01
   04  0.1857143E+01  0.8281390E+01 -0.8409370E-02 -0.1548228E-02 -0.2925245E+01
   04  0.1904762E+01  0.8281387E+01 -0.8877722E-02 -0.1634133E-02 -0.2925248E+01
   04  0.1952381E+01  0.8281384E+01 -0.9346197E-02 -0.1720025E-02 -0.2925251E+01
   04  0.2000000E+01  0.8281382E+01 -0.9814795E-02 -0.1805905E-02 -0.2925253E+01
   04  0.5727919E+01  0.8281116E+01 -0.4649239E-01 -0.8550900E-02 -0.2925519E+01
   04  0.9455838E+01  0.8280639E+01 -0.8386045E-01 -0.1516567E-01 -0.2925996E+01
   04  0.1318376E+02  0.8279967E+01 -0.1217729E+00 -0.2160491E-01 -0.2926668E+01
   04  0.1691168E+02  0.8279123E+01 -0.1600550E+00 -0.2781784E-01 -0.2927512E+01
   04  0.2063960E+02  0.8278128E+01 -0.1985134E+00 -0.3375110E-01 -0.2928507E+01
   04  0.2436752E+02  0.8277006E+01 -0.2369453E+00 -0.3935170E-01 -0.2929629E+01
   04  0.2809543E+02  0.8275779E+01 -0.2751445E+00 -0.4456968E-01 -0.2930856E+01
   04  0.3182335E+02  0.8274474E+01 -0.3129090E+00 -0.4936065E-01 -0.2932161E+01
   04  0.3555127E+02  0.8273108E+01 -0.3500426E+00 -0.5372491E-01 -0.2933527E+01
   04  0.3834721E+02  0.8272035E+01 -0.3773681E+00 -0.5680980E-01 -0.2934600E+01
   04  0.4114315E+02  0.8270944E+01 -0.4041375E+00 -0.5968835E-01 -0.2935691E+01
   04  0.4393909E+02  0.8269846E+01 -0.4302857E+00 -0.6235034E-01 -0.2936789E+01
   04  0.4673503E+02  0.8268748E+01 -0.4557563E+00 -0.6478971E-01 -0.2937887E+01
   04  0.4922031E+02  0.8267775E+01 -0.4777839E+00 -0.6677463E-01 -0.2938860E+01
   04  0.5170559E+02  0.8266822E+01 -0.4991158E+00 -0.6858146E-01 -0.2939813E+01
   04  0.5419087E+02  0.8265916E+01 -0.5194775E+00 -0.7021169E-01 -0.2940719E+01
   04  0.5667615E+02  0.8265057E+01 -0.5388920E+00 -0.7166793E-01 -0.2941578E+01
   04  0.5916143E+02  0.8264245E+01 -0.5573820E+00 -0.7295446E-01 -0.2942390E+01
   04  0.6164671E+02  0.8263480E+01 -0.5749684E+00 -0.7407585E-01 -0.2943155E+01
   04  0.6413199E+02  0.8262767E+01 -0.5916742E+00 -0.7498490E-01 -0.2943868E+01
   04  0.6661727E+02  0.8262106E+01 -0.6075205E+00 -0.7570691E-01 -0.2944529E+01
   04  0.6910255E+02  0.8261493E+01 -0.6225255E+00 -0.7626355E-01 -0.2945142E+01
   04  0.7158783E+02  0.8260930E+01 -0.6367063E+00 -0.7667332E-01 -0.2945705E+01
   04  0.7407311E+02  0.8260414E+01 -0.6500791E+00 -0.7695735E-01 -0.2946221E+01
   04  0.7655838E+02  0.8259946E+01 -0.6626593E+00 -0.7713500E-01 -0.2946689E+01
   04  0.7904366E+02  0.8259524E+01 -0.6744616E+00 -0.7722408E-01 -0.2947111E+01
   04  0.8152894E+02  0.8259149E+01 -0.6855002E+00 -0.7724092E-01 -0.2947486E+01
   04  0.8401422E+02  0.8258821E+01 -0.6957895E+00 -0.7720052E-01 -0.2947814E+01
   04  0.8649950E+02  0.8258539E+01 -0.7053434E+00 -0.7711666E-01 -0.2948096E+01
   04  0.8898478E+02  0.8258303E+01 -0.7141760E+00 -0.7700196E-01 -0.2948332E+01
   04  0.9147006E+02  0.8258114E+01 -0.7223011E+00 -0.7686796E-01 -0.2948521E+01
   04  0.9445240E+02  0.8257944E+01 -0.7311872E+00 -0.7667556E-01 -0.2948690E+01
   04  0.9743473E+02  0.8257842E+01 -0.7390969E+00 -0.7648738E-01 -0.2948792E+01
   04  0.1004171E+03  0.8257810E+01 -0.7460385E+00 -0.7632001E-01 -0.2948825E+01
   04  0.1033994E+03  0.8257850E+01 -0.7520029E+00 -0.7619205E-01 -0.2948784E+01
   04  0.1063817E+03  0.8257924E+01 -0.7574063E+00 -0.7611265E-01 -0.2948711E+01
   04  0.1093641E+03  0.8258028E+01 -0.7623219E+00 -0.7605608E-01 -0.2948607E+01
   04  0.1123464E+03  0.8258164E+01 -0.7667673E+00 -0.7603175E-01 -0.2948471E+01
   04  0.1153287E+03  0.8258332E+01 -0.7707563E+00 -0.7604888E-01 -0.2948303E+01
   04  0.1183111E+03  0.8258533E+01 -0.7742992E+00 -0.7611661E-01 -0.2948102E+01
   04  0.1212934E+03  0.8258769E+01 -0.7774033E+00 -0.7624412E-01 -0.2947866E+01
   04  0.1242758E+03  0.8259040E+01 -0.7800733E+00 -0.7644080E-01 -0.2947595E+01
   04  0.1272581E+03  0.8259348E+01 -0.7823149E+00 -0.7671386E-01 -0.2947286E+01
   04  0.1302404E+03  0.8259693E+01 -0.7841170E+00 -0.7706605E-01 -0.2946942E+01
   04  0.1332228E+03  0.8260078E+01 -0.7855000E+00 -0.7750602E-01 -0.2946557E+01
   04  0.1362051E+03  0.8260503E+01 -0.7864661E+00 -0.7803993E-01 -0.2946132E+01
   04  0.1391874E+03  0.8260970E+01 -0.7870149E+00 -0.7867201E-01 -0.2945665E+01
   04  0.1421698E+03  0.8261479E+01 -0.7871472E+00 -0.7940567E-01 -0.2945156E+01
   04  0.1451521E+03  0.8262031E+01 -0.7868661E+00 -0.8024512E-01 -0.2944604E+01
   04  0.1481344E+03  0.8262626E+01 -0.7861769E+00 -0.8119353E-01 -0.2944008E+01
   04  0.1511168E+03  0.8263266E+01 -0.7850889E+00 -0.8225264E-01 -0.2943369E+01
   04  0.1540991E+03  0.8263944E+01 -0.7836560E+00 -0.8341624E-01 -0.2942691E+01
   04  0.1570814E+03  0.8264661E+01 -0.7818892E+00 -0.8467755E-01 -0.2941974E+01
   04  0.1600638E+03  0.8265417E+01 -0.7797994E+00 -0.8602559E-01 -0.2941218E+01
   04  0.1630461E+03  0.8266212E+01 -0.7774001E+00 -0.8744069E-01 -0.2940423E+01
   04  0.1660284E+03  0.8267048E+01 -0.7747035E+00 -0.8891090E-01 -0.2939587E+01
   04  0.1690108E+03  0.8267925E+01 -0.7716742E+00 -0.9044165E-01 -0.2938710E+01
   04  0.1719931E+03  0.8268843E+01 -0.7683228E+00 -0.9202745E-01 -0.2937792E+01
   04  0.1749755E+03  0.8269801E+01 -0.7646629E+00 -0.9366280E-01 -0.2936834E+01
   04  0.1779578E+03  0.8270797E+01 -0.7607104E+00 -0.9534222E-01 -0.2935838E+01
   04  0.1809401E+03  0.8271828E+01 -0.7564837E+00 -0.9706037E-01 -0.2934807E+01
   04  0.1824313E+03  0.8272359E+01 -0.7543011E+00 -0.9792882E-01 -0.2934276E+01
   04  0.1839225E+03  0.8272898E+01 -0.7520569E+00 -0.9880453E-01 -0.2933737E+01
   04  0.1854136E+03  0.8273444E+01 -0.7497540E+00 -0.9968687E-01 -0.2933191E+01
   04  0.1869048E+03  0.8273998E+01 -0.7473955E+00 -0.1005752E+00 -0.2932637E+01
   04  0.1883960E+03  0.8274560E+01 -0.7449841E+00 -0.1014689E+00 -0.2932075E+01
   04  0.1898871E+03  0.8275128E+01 -0.7425232E+00 -0.1023675E+00 -0.2931507E+01
   04  0.1913783E+03  0.8275703E+01 -0.7400157E+00 -0.1032703E+00 -0.2930932E+01
   04  0.1928695E+03  0.8276284E+01 -0.7374650E+00 -0.1041769E+00 -0.2930351E+01
   04  0.1943606E+03  0.8276870E+01 -0.7348743E+00 -0.1050867E+00 -0.2929765E+01
   04  0.1958518E+03  0.8277462E+01 -0.7322470E+00 -0.1059992E+00 -0.2929173E+01
   04  0.1973430E+03  0.8278060E+01 -0.7295864E+00 -0.1069141E+00 -0.2928575E+01
   04  0.1988341E+03  0.8278661E+01 -0.7268959E+00 -0.1078308E+00 -0.2927974E+01
   04  0.2003253E+03  0.8279268E+01 -0.7241788E+00 -0.1087491E+00 -0.2927367E+01
   04  0.2018165E+03  0.8279878E+01 -0.7214386E+00 -0.1096685E+00 -0.2926757E+01
   04  0.2033076E+03  0.8280492E+01 -0.7186782E+00 -0.1105887E+00 -0.2926143E+01
   04  0.2047988E+03  0.8281109E+01 -0.7159005E+00 -0.1115094E+00 -0.2925526E+01
   04  0.2062900E+03  0.8281729E+01 -0.7131082E+00 -0.1124302E+00 -0.2924905E+01
   04  0.2077811E+03  0.8282353E+01 -0.7103043E+00 -0.1133509E+00 -0.2924282E+01
   04  0.2092723E+03  0.8282978E+01 -0.7074917E+00 -0.1142710E+00 -0.2923657E+01
   04  0.2107635E+03  0.8283606E+01 -0.7046734E+00 -0.1151904E+00 -0.2923029E+01
   04  0.2122546E+03  0.8284235E+01 -0.7018526E+00 -0.1161087E+00 -0.2922400E+01
   04  0.2137458E+03  0.8284866E+01 -0.6990324E+00 -0.1170256E+00 -0.2921769E+01
   04  0.2152370E+03  0.8285498E+01 -0.6962160E+00 -0.1179410E+00 -0.2921137E+01
   04  0.2167281E+03  0.8286131E+01 -0.6934063E+00 -0.1188546E+00 -0.2920504E+01
   04  0.2182193E+03  0.8286765E+01 -0.6906065E+00 -0.1197661E+00 -0.2919870E+01
   04  0.2197105E+03  0.8287398E+01 -0.6878197E+00 -0.1206753E+00 -0.2919237E+01
   04  0.2212017E+03  0.8288032E+01 -0.6850487E+00 -0.1215821E+00 -0.2918603E+01
   04  0.2226928E+03  0.8288665E+01 -0.6822964E+00 -0.1224864E+00 -0.2917970E+01
   04  0.2241840E+03  0.8289297E+01 -0.6795657E+00 -0.1233878E+00 -0.2917338E+01
   04  0.2256752E+03  0.8289929E+01 -0.6768644E+00 -0.1242868E+00 -0.2916706E+01
   04  0.2271663E+03  0.8290561E+01 -0.6741970E+00 -0.1251827E+00 -0.2916074E+01
   04  0.2286575E+03  0.8291191E+01 -0.6715657E+00 -0.1260752E+00 -0.2915444E+01
   04  0.2301487E+03  0.8291820E+01 -0.6689731E+00 -0.1269645E+00 -0.2914815E+01
   04  0.2316398E+03  0.8292448E+01 -0.6664212E+00 -0.1278504E+00 -0.2914187E+01
   04  0.2331310E+03  0.8293074E+01 -0.6639126E+00 -0.1287331E+00 -0.2913561E+01
   04  0.2346222E+03  0.8293699E+01 -0.6614493E+00 -0.1296123E+00 -0.2912936E+01
   04  0.2361133E+03  0.8294321E+01 -0.6590337E+00 -0.1304879E+00 -0.2912314E+01
   04  0.2376045E+03  0.8294941E+01 -0.6566683E+00 -0.1313595E+00 -0.2911694E+01
   04  0.2390957E+03  0.8295558E+01 -0.6543553E+00 -0.1322270E+00 -0.2911077E+01
   04  0.2405868E+03  0.8296173E+01 -0.6520969E+00 -0.1330900E+00 -0.2910462E+01
   04  0.2420780E+03  0.8296784E+01 -0.6498952E+00 -0.1339483E+00 -0.2909851E+01
   04  0.2435692E+03  0.8297392E+01 -0.6477521E+00 -0.1348013E+00 -0.2909243E+01
   04  0.2450603E+03  0.8297997E+01 -0.6456693E+00 -0.1356489E+00 -0.2908638E+01
   04  0.2465515E+03  0.8298598E+01 -0.6436486E+00 -0.1364907E+00 -0.2908037E+01
   04  0.2480427E+03  0.8299196E+01 -0.6416913E+00 -0.1373262E+00 -0.2907439E+01
   04  0.2495338E+03  0.8299789E+01 -0.6397989E+00 -0.1381550E+00 -0.2906846E+01
   04  0.2510250E+03  0.8300379E+01 -0.6379725E+00 -0.1389769E+00 -0.2906256E+01
   04  0.2525162E+03  0.8300964E+01 -0.6362134E+00 -0.1397913E+00 -0.2905671E+01
   04  0.2540073E+03  0.8301546E+01 -0.6345223E+00 -0.1405979E+00 -0.2905089E+01
   04  0.2554985E+03  0.8302123E+01 -0.6329003E+00 -0.1413962E+00 -0.2904512E+01
   04  0.2569897E+03  0.8302695E+01 -0.6313481E+00 -0.1421858E+00 -0.2903940E+01
   04  0.2584808E+03  0.8303263E+01 -0.6298663E+00 -0.1429664E+00 -0.2903372E+01
   04  0.2599720E+03  0.8303827E+01 -0.6284553E+00 -0.1437390E+00 -0.2902808E+01
   04  0.2614632E+03  0.8304387E+01 -0.6271156E+00 -0.1445038E+00 -0.2902248E+01
   04  0.2629543E+03  0.8304942E+01 -0.6258473E+00 -0.1452606E+00 -0.2901693E+01
   04  0.2644455E+03  0.8305494E+01 -0.6246509E+00 -0.1460091E+00 -0.2901141E+01
   04  0.2659367E+03  0.8306041E+01 -0.6235262E+00 -0.1467492E+00 -0.2900594E+01
   04  0.2674278E+03  0.8306584E+01 -0.6224734E+00 -0.1474805E+00 -0.2900051E+01
   04  0.2689190E+03  0.8307123E+01 -0.6214925E+00 -0.1482029E+00 -0.2899512E+01
   04  0.2704102E+03  0.8307657E+01 -0.6205832E+00 -0.1489160E+00 -0.2898978E+01
   04  0.2719014E+03  0.8308188E+01 -0.6197454E+00 -0.1496196E+00 -0.2898447E+01
   04  0.2733925E+03  0.8308714E+01 -0.6189789E+00 -0.1503136E+00 -0.2897921E+01
   04  0.2748837E+03  0.8309235E+01 -0.6182833E+00 -0.1509977E+00 -0.2897400E+01
   04  0.2763749E+03  0.8309752E+01 -0.6176583E+00 -0.1516716E+00 -0.2896882E+01
   04  0.2778660E+03  0.8310266E+01 -0.6171033E+00 -0.1523350E+00 -0.2896369E+01
   04  0.2793572E+03  0.8310774E+01 -0.6166181E+00 -0.1529876E+00 -0.2895861E+01
   04  0.2808484E+03  0.8311279E+01 -0.6162019E+00 -0.1536293E+00 -0.2895356E+01
   04  0.2823395E+03  0.8311779E+01 -0.6158543E+00 -0.1542596E+00 -0.2894856E+01
   04  0.2838307E+03  0.8312275E+01 -0.6155746E+00 -0.1548783E+00 -0.2894360E+01
   04  0.2853219E+03  0.8312767E+01 -0.6153622E+00 -0.1554853E+00 -0.2893868E+01
   04  0.2868130E+03  0.8313254E+01 -0.6152164E+00 -0.1560802E+00 -0.2893381E+01
   04  0.2883042E+03  0.8313738E+01 -0.6151366E+00 -0.1566630E+00 -0.2892897E+01
   04  0.2897954E+03  0.8314217E+01 -0.6151219E+00 -0.1572334E+00 -0.2892418E+01
   04  0.2912865E+03  0.8314692E+01 -0.6151716E+00 -0.1577913E+00 -0.2891943E+01
   04  0.2927777E+03  0.8315163E+01 -0.6152849E+00 -0.1583366E+00 -0.2891472E+01
   04  0.2942689E+03  0.8315630E+01 -0.6154609E+00 -0.1588692E+00 -0.2891005E+01
   04  0.2957600E+03  0.8316093E+01 -0.6156989E+00 -0.1593889E+00 -0.2890542E+01
   04  0.2972512E+03  0.8316552E+01 -0.6159979E+00 -0.1598958E+00 -0.2890083E+01
   04  0.2987424E+03  0.8317008E+01 -0.6163571E+00 -0.1603898E+00 -0.2889627E+01
   04  0.3002335E+03  0.8317459E+01 -0.6167756E+00 -0.1608708E+00 -0.2889176E+01
   04  0.3017247E+03  0.8317907E+01 -0.6172525E+00 -0.1613388E+00 -0.2888728E+01
   04  0.3032159E+03  0.8318351E+01 -0.6177868E+00 -0.1617940E+00 -0.2888284E+01
   04  0.3047070E+03  0.8318792E+01 -0.6183775E+00 -0.1622363E+00 -0.2887843E+01
   04  0.3061982E+03  0.8319228E+01 -0.6190238E+00 -0.1626657E+00 -0.2887406E+01
   04  0.3076894E+03  0.8319662E+01 -0.6197247E+00 -0.1630824E+00 -0.2886973E+01
   04  0.3091805E+03  0.8320092E+01 -0.6204792E+00 -0.1634865E+00 -0.2886543E+01
   04  0.3106717E+03  0.8320519E+01 -0.6212863E+00 -0.1638780E+00 -0.2886116E+01
   04  0.3121629E+03  0.8320942E+01 -0.6221451E+00 -0.1642572E+00 -0.2885693E+01
   04  0.3136540E+03  0.8321362E+01 -0.6230546E+00 -0.1646242E+00 -0.2885272E+01
   04  0.3151452E+03  0.8321780E+01 -0.6240137E+00 -0.1649792E+00 -0.2884855E+01
   04  0.3165017E+03  0.8322157E+01 -0.6249302E+00 -0.1652903E+00 -0.2884478E+01
   04  0.3178581E+03  0.8322532E+01 -0.6258862E+00 -0.1655917E+00 -0.2884103E+01
   04  0.3192146E+03  0.8322904E+01 -0.6268810E+00 -0.1658837E+00 -0.2883731E+01
   04  0.3205710E+03  0.8323274E+01 -0.6279139E+00 -0.1661665E+00 -0.2883361E+01
   04  0.3219275E+03  0.8323642E+01 -0.6289842E+00 -0.1664403E+00 -0.2882993E+01
   04  0.3232839E+03  0.8324008E+01 -0.6300912E+00 -0.1667053E+00 -0.2882627E+01
   04  0.3246404E+03  0.8324372E+01 -0.6312341E+00 -0.1669618E+00 -0.2882263E+01
   04  0.3259968E+03  0.8324734E+01 -0.6324123E+00 -0.1672101E+00 -0.2881901E+01
   04  0.3273533E+03  0.8325094E+01 -0.6336250E+00 -0.1674503E+00 -0.2881541E+01
   04  0.3287097E+03  0.8325452E+01 -0.6348717E+00 -0.1676827E+00 -0.2881183E+01
   04  0.3300662E+03  0.8325809E+01 -0.6361516E+00 -0.1679077E+00 -0.2880826E+01
   04  0.3314226E+03  0.8326163E+01 -0.6374641E+00 -0.1681256E+00 -0.2880471E+01
   04  0.3327791E+03  0.8326517E+01 -0.6388086E+00 -0.1683367E+00 -0.2880118E+01
   04  0.3341355E+03  0.8326869E+01 -0.6401845E+00 -0.1685415E+00 -0.2879766E+01
   04  0.3354920E+03  0.8327220E+01 -0.6415910E+00 -0.1687402E+00 -0.2879415E+01
   04  0.3368484E+03  0.8327569E+01 -0.6430276E+00 -0.1689333E+00 -0.2879066E+01
   04  0.3382049E+03  0.8327917E+01 -0.6444937E+00 -0.1691212E+00 -0.2878717E+01
   04  0.3395613E+03  0.8328265E+01 -0.6459888E+00 -0.1693041E+00 -0.2878370E+01
   04  0.3409178E+03  0.8328611E+01 -0.6475121E+00 -0.1694826E+00 -0.2878024E+01
   04  0.3422742E+03  0.8328957E+01 -0.6490633E+00 -0.1696570E+00 -0.2877678E+01
   04  0.3436307E+03  0.8329302E+01 -0.6506422E+00 -0.1698275E+00 -0.2877333E+01
   04  0.3449871E+03  0.8329646E+01 -0.6522483E+00 -0.1699946E+00 -0.2876989E+01
   04  0.3463436E+03  0.8329990E+01 -0.6538813E+00 -0.1701586E+00 -0.2876645E+01
   04  0.3477000E+03  0.8330334E+01 -0.6555405E+00 -0.1703199E+00 -0.2876301E+01
   04  0.3490565E+03  0.8330677E+01 -0.6572256E+00 -0.1704790E+00 -0.2875958E+01
   04  0.3504130E+03  0.8331020E+01 -0.6589327E+00 -0.1706361E+00 -0.2875615E+01
   04  0.3517694E+03  0.8331362E+01 -0.6606616E+00 -0.1707914E+00 -0.2875273E+01
   04  0.3531259E+03  0.8331704E+01 -0.6624119E+00 -0.1709451E+00 -0.2874931E+01
   04  0.3544823E+03  0.8332045E+01 -0.6641833E+00 -0.1710975E+00 -0.2874590E+01
   04  0.3558388E+03  0.8332387E+01 -0.6659758E+00 -0.1712489E+00 -0.2874248E+01
   04  0.3574665E+03  0.8332796E+01 -0.6681537E+00 -0.1714337E+00 -0.2873839E+01
   04  0.3590942E+03  0.8333206E+01 -0.6703613E+00 -0.1716180E+00 -0.2873429E+01
   04  0.3607220E+03  0.8333615E+01 -0.6725984E+00 -0.1718022E+00 -0.2873020E+01
   04  0.3623497E+03  0.8334025E+01 -0.6748651E+00 -0.1719872E+00 -0.2872609E+01
   04  0.3639775E+03  0.8334436E+01 -0.6771614E+00 -0.1721734E+00 -0.2872199E+01
   04  0.3656052E+03  0.8334848E+01 -0.6794877E+00 -0.1723617E+00 -0.2871787E+01
   04  0.3672329E+03  0.8335260E+01 -0.6818443E+00 -0.1725527E+00 -0.2871375E+01
   04  0.3688607E+03  0.8335673E+01 -0.6842319E+00 -0.1727474E+00 -0.2870962E+01
   04  0.3704884E+03  0.8336087E+01 -0.6866513E+00 -0.1729465E+00 -0.2870548E+01
   04  0.3721162E+03  0.8336503E+01 -0.6891036E+00 -0.1731510E+00 -0.2870132E+01
   04  0.3737439E+03  0.8336919E+01 -0.6915902E+00 -0.1733618E+00 -0.2869716E+01
   04  0.3753717E+03  0.8337336E+01 -0.6941128E+00 -0.1735801E+00 -0.2869299E+01
   04  0.3769994E+03  0.8337755E+01 -0.6966737E+00 -0.1738069E+00 -0.2868880E+01
   04  0.3786271E+03  0.8338174E+01 -0.6992759E+00 -0.1740435E+00 -0.2868461E+01
   04  0.3802549E+03  0.8338595E+01 -0.7019083E+00 -0.1742909E+00 -0.2868040E+01
   04  0.3818826E+03  0.8339020E+01 -0.7045639E+00 -0.1745522E+00 -0.2867615E+01
   04  0.3835104E+03  0.8339448E+01 -0.7072432E+00 -0.1748304E+00 -0.2867187E+01
   04  0.3851381E+03  0.8339882E+01 -0.7099427E+00 -0.1751262E+00 -0.2866753E+01
   04  0.3867658E+03  0.8340320E+01 -0.7126599E+00 -0.1754401E+00 -0.2866315E+01
   04  0.3883936E+03  0.8340763E+01 -0.7153929E+00 -0.1757732E+00 -0.2865872E+01
   04  0.3900213E+03  0.8341212E+01 -0.7181403E+00 -0.1761276E+00 -0.2865423E+01
   04  0.3916491E+03  0.8341666E+01 -0.7209008E+00 -0.1765058E+00 -0.2864969E+01
   04  0.3932768E+03  0.8342127E+01 -0.7236730E+00 -0.1769087E+00 -0.2864508E+01
   04  0.3949046E+03  0.8342593E+01 -0.7264558E+00 -0.1773369E+00 -0.2864042E+01
   04  0.3965323E+03  0.8343066E+01 -0.7292481E+00 -0.1777909E+00 -0.2863569E+01
   04  0.3981600E+03  0.8343546E+01 -0.7320487E+00 -0.1782708E+00 -0.2863089E+01
   04  0.3997878E+03  0.8344033E+01 -0.7348564E+00 -0.1787762E+00 -0.2862602E+01
   04  0.4014155E+03  0.8344528E+01 -0.7376701E+00 -0.1793066E+00 -0.2862107E+01
   04  0.4030433E+03  0.8345031E+01 -0.7404886E+00 -0.1798603E+00 -0.2861604E+01
   04  0.4046710E+03  0.8345541E+01 -0.7433107E+00 -0.1804479E+00 -0.2861094E+01
   04  0.4062987E+03  0.8346059E+01 -0.7461351E+00 -0.1810790E+00 -0.2860576E+01
   04  0.4079265E+03  0.8346583E+01 -0.7489605E+00 -0.1817548E+00 -0.2860052E+01
   04  0.4095542E+03  0.8347116E+01 -0.7517857E+00 -0.1824764E+00 -0.2859519E+01
   04  0.4111820E+03  0.8347656E+01 -0.7546092E+00 -0.1832452E+00 -0.2858979E+01
   04  0.4128097E+03  0.8348204E+01 -0.7574291E+00 -0.1840628E+00 -0.2858430E+01
   04  0.4144375E+03  0.8348762E+01 -0.7602462E+00 -0.1849292E+00 -0.2857873E+01
   04  0.4160652E+03  0.8349328E+01 -0.7630590E+00 -0.1858463E+00 -0.2857307E+01
   04  0.4176929E+03  0.8349904E+01 -0.7658665E+00 -0.1868153E+00 -0.2856731E+01
   04  0.4193207E+03  0.8350490E+01 -0.7686675E+00 -0.1878369E+00 -0.2856145E+01
   04  0.4209484E+03  0.8351086E+01 -0.7714609E+00 -0.1889124E+00 -0.2855549E+01
   04  0.4225762E+03  0.8351692E+01 -0.7742453E+00 -0.1900426E+00 -0.2854943E+01
   04  0.4242039E+03  0.8352310E+01 -0.7770199E+00 -0.1912288E+00 -0.2854325E+01
   04  0.4258316E+03  0.8352939E+01 -0.7797833E+00 -0.1924721E+00 -0.2853696E+01
   04  0.4274594E+03  0.8353580E+01 -0.7825346E+00 -0.1937738E+00 -0.2853055E+01
   04  0.4290871E+03  0.8354233E+01 -0.7852726E+00 -0.1951351E+00 -0.2852401E+01
   04  0.4307149E+03  0.8354900E+01 -0.7879964E+00 -0.1965574E+00 -0.2851735E+01
   04  0.4323426E+03  0.8355579E+01 -0.7907049E+00 -0.1980420E+00 -0.2851056E+01
   04  0.4339704E+03  0.8356273E+01 -0.7933974E+00 -0.1995905E+00 -0.2850362E+01
   04  0.4355981E+03  0.8356981E+01 -0.7960730E+00 -0.2012043E+00 -0.2849654E+01
   04  0.4372258E+03  0.8357703E+01 -0.7987309E+00 -0.2028849E+00 -0.2848932E+01
   04  0.4388536E+03  0.8358441E+01 -0.8013713E+00 -0.2046340E+00 -0.2848194E+01
   04  0.4404813E+03  0.8359195E+01 -0.8039942E+00 -0.2064533E+00 -0.2847440E+01
   04  0.4421091E+03  0.8359965E+01 -0.8066001E+00 -0.2083445E+00 -0.2846670E+01
   04  0.4437368E+03  0.8360752E+01 -0.8091894E+00 -0.2103095E+00 -0.2845883E+01
   04  0.4453645E+03  0.8361556E+01 -0.8117627E+00 -0.2123500E+00 -0.2845079E+01
   04  0.4469923E+03  0.8362379E+01 -0.8143208E+00 -0.2144680E+00 -0.2844256E+01
   04  0.4486200E+03  0.8363220E+01 -0.8168647E+00 -0.2166656E+00 -0.2843415E+01
   04  0.4502478E+03  0.8364080E+01 -0.8193956E+00 -0.2189447E+00 -0.2842555E+01
   04  0.4518755E+03  0.8364959E+01 -0.8219148E+00 -0.2213074E+00 -0.2841675E+01
   04  0.4535033E+03  0.8365860E+01 -0.8244240E+00 -0.2237558E+00 -0.2840775E+01
   04  0.4551310E+03  0.8366781E+01 -0.8269249E+00 -0.2262922E+00 -0.2839854E+01
   04  0.4567587E+03  0.8367724E+01 -0.8294196E+00 -0.2289187E+00 -0.2838911E+01
   04  0.4583865E+03  0.8368689E+01 -0.8319105E+00 -0.2316377E+00 -0.2837946E+01
   04  0.4600142E+03  0.8369678E+01 -0.8343999E+00 -0.2344514E+00 -0.2836957E+01
   04  0.4616420E+03  0.8370690E+01 -0.8368908E+00 -0.2373622E+00 -0.2835945E+01
   04  0.4632697E+03  0.8371727E+01 -0.8393863E+00 -0.2403724E+00 -0.2834907E+01
   04  0.4648974E+03  0.8372790E+01 -0.8418897E+00 -0.2434845E+00 -0.2833845E+01
   04  0.4665252E+03  0.8373879E+01 -0.8444047E+00 -0.2467008E+00 -0.2832756E+01
   04  0.4681529E+03  0.8374995E+01 -0.8469355E+00 -0.2500237E+00 -0.2831640E+01
   04  0.4697807E+03  0.8376139E+01 -0.8494866E+00 -0.2534564E+00 -0.2830496E+01
   04  0.4714084E+03  0.8377312E+01 -0.8520632E+00 -0.2570062E+00 -0.2829323E+01
   04  0.4730362E+03  0.8378514E+01 -0.8546706E+00 -0.2606749E+00 -0.2828121E+01
   04  0.4746639E+03  0.8379746E+01 -0.8573147E+00 -0.2644646E+00 -0.2826889E+01
   04  0.4762916E+03  0.8381010E+01 -0.8600020E+00 -0.2683773E+00 -0.2825625E+01
   04  0.4779194E+03  0.8382307E+01 -0.8627390E+00 -0.2724152E+00 -0.2824328E+01
   04  0.4795471E+03  0.8383637E+01 -0.8655331E+00 -0.2765805E+00 -0.2822998E+01
   04  0.4811749E+03  0.8385003E+01 -0.8683919E+00 -0.2808753E+00 -0.2821632E+01
   04  0.4828026E+03  0.8386404E+01 -0.8713236E+00 -0.2853021E+00 -0.2820231E+01
   04  0.4844303E+03  0.8387843E+01 -0.8743366E+00 -0.2898630E+00 -0.2818792E+01
   04  0.4860581E+03  0.8389320E+01 -0.8774401E+00 -0.2945603E+00 -0.2817315E+01
   04  0.4876858E+03  0.8390837E+01 -0.8806437E+00 -0.2993963E+00 -0.2815798E+01
   04  0.4893136E+03  0.8392395E+01 -0.8839573E+00 -0.3043733E+00 -0.2814240E+01
   04  0.4909413E+03  0.8393995E+01 -0.8873916E+00 -0.3094935E+00 -0.2812640E+01
   04  0.4925691E+03  0.8395640E+01 -0.8909574E+00 -0.3147590E+00 -0.2810995E+01
   04  0.4941968E+03  0.8397329E+01 -0.8946664E+00 -0.3201721E+00 -0.2809306E+01
   04  0.4958245E+03  0.8399065E+01 -0.8985306E+00 -0.3257347E+00 -0.2807570E+01
   04  0.4974523E+03  0.8400850E+01 -0.9025623E+00 -0.3314490E+00 -0.2805785E+01
   04  0.4990800E+03  0.8402684E+01 -0.9067745E+00 -0.3373167E+00 -0.2803951E+01
   04  0.5007078E+03  0.8404569E+01 -0.9111810E+00 -0.3433397E+00 -0.2802066E+01
   04  0.5023355E+03  0.8406507E+01 -0.9157958E+00 -0.3495196E+00 -0.2800128E+01
   04  0.5039632E+03  0.8408499E+01 -0.9206332E+00 -0.3558579E+00 -0.2798136E+01
   04  0.5055910E+03  0.8410547E+01 -0.9257081E+00 -0.3623559E+00 -0.2796088E+01
   04  0.5072187E+03  0.8412653E+01 -0.9310355E+00 -0.3690146E+00 -0.2793982E+01
   04  0.5088465E+03  0.8414819E+01 -0.9366328E+00 -0.3758300E+00 -0.2791816E+01
   04  0.5104742E+03  0.8417046E+01 -0.9425164E+00 -0.3828018E+00 -0.2789589E+01
   04  0.5121020E+03  0.8419333E+01 -0.9487023E+00 -0.3899582E+00 -0.2787302E+01
   04  0.5137297E+03  0.8421681E+01 -0.9552067E+00 -0.3973215E+00 -0.2784954E+01
   04  0.5153574E+03  0.8424091E+01 -0.9620458E+00 -0.4048939E+00 -0.2782544E+01
   04  0.5169852E+03  0.8426564E+01 -0.9692364E+00 -0.4126775E+00 -0.2780071E+01
   04  0.5186129E+03  0.8429103E+01 -0.9767952E+00 -0.4206746E+00 -0.2777532E+01
   04  0.5202407E+03  0.8431710E+01 -0.9847395E+00 -0.4288875E+00 -0.2774925E+01
   04  0.5218684E+03  0.8434386E+01 -0.9930866E+00 -0.4373185E+00 -0.2772249E+01
   04  0.5234961E+03  0.8437132E+01 -0.1001854E+01 -0.4459700E+00 -0.2769503E+01
   04  0.5251239E+03  0.8439951E+01 -0.1011060E+01 -0.4548443E+00 -0.2766684E+01
   04  0.5267516E+03  0.8442844E+01 -0.1020722E+01 -0.4639440E+00 -0.2763791E+01
   04  0.5283794E+03  0.8445814E+01 -0.1030858E+01 -0.4732715E+00 -0.2760821E+01
   04  0.5300071E+03  0.8448860E+01 -0.1041486E+01 -0.4828294E+00 -0.2757775E+01
   04  0.5316349E+03  0.8451986E+01 -0.1052625E+01 -0.4926200E+00 -0.2754649E+01
   04  0.5332626E+03  0.8455192E+01 -0.1064293E+01 -0.5026461E+00 -0.2751443E+01
   04  0.5348903E+03  0.8458480E+01 -0.1076508E+01 -0.5129101E+00 -0.2748155E+01
   04  0.5365181E+03  0.8461852E+01 -0.1089289E+01 -0.5234147E+00 -0.2744783E+01
   04  0.5381458E+03  0.8465309E+01 -0.1102653E+01 -0.5341624E+00 -0.2741326E+01
   04  0.5397736E+03  0.8468852E+01 -0.1116618E+01 -0.5451558E+00 -0.2737782E+01
   04  0.5414013E+03  0.8472483E+01 -0.1131203E+01 -0.5563976E+00 -0.2734152E+01
   04  0.5430290E+03  0.8476203E+01 -0.1146426E+01 -0.5678903E+00 -0.2730432E+01
   04  0.5446568E+03  0.8480013E+01 -0.1162302E+01 -0.5796367E+00 -0.2726622E+01
   04  0.5462845E+03  0.8483914E+01 -0.1178851E+01 -0.5916393E+00 -0.2722721E+01
   04  0.5479123E+03  0.8487907E+01 -0.1196087E+01 -0.6039007E+00 -0.2718728E+01
   04  0.5495400E+03  0.8491993E+01 -0.1214029E+01 -0.6164237E+00 -0.2714642E+01
   04  0.5511678E+03  0.8496172E+01 -0.1232690E+01 -0.6292107E+00 -0.2710463E+01
   04  0.5527955E+03  0.8500447E+01 -0.1252087E+01 -0.6422645E+00 -0.2706188E+01
   04  0.5544232E+03  0.8504816E+01 -0.1272234E+01 -0.6555875E+00 -0.2701819E+01
   04  0.5560510E+03  0.8509281E+01 -0.1293144E+01 -0.6691823E+00 -0.2697353E+01
   04  0.5576787E+03  0.8513843E+01 -0.1314830E+01 -0.6830513E+00 -0.2692792E+01
   04  0.5593065E+03  0.8518501E+01 -0.1337304E+01 -0.6971970E+00 -0.2688134E+01
   04  0.5609342E+03  0.8523255E+01 -0.1360576E+01 -0.7116215E+00 -0.2683380E+01
   04  0.5625619E+03  0.8528107E+01 -0.1384658E+01 -0.7263273E+00 -0.2678528E+01
   04  0.5641897E+03  0.8533055E+01 -0.1409559E+01 -0.7413165E+00 -0.2673580E+01
   04  0.5658174E+03  0.8538099E+01 -0.1435286E+01 -0.7565911E+00 -0.2668536E+01
   04  0.5674452E+03  0.8543240E+01 -0.1461846E+01 -0.7721528E+00 -0.2663395E+01
   04  0.5690729E+03  0.8548476E+01 -0.1489243E+01 -0.7880037E+00 -0.2658159E+01
   04  0.5707007E+03  0.8553808E+01 -0.1517483E+01 -0.8041453E+00 -0.2652827E+01
   04  0.5723284E+03  0.8559233E+01 -0.1546583E+01 -0.8205783E+00 -0.2647402E+01
   04  0.5739561E+03  0.8564752E+01 -0.1576530E+01 -0.8373037E+00 -0.2641883E+01
   04  0.5755839E+03  0.8570364E+01 -0.1607324E+01 -0.8543229E+00 -0.2636271E+01
   04  0.5772116E+03  0.8576067E+01 -0.1638963E+01 -0.8716374E+00 -0.2630568E+01
   04  0.5788394E+03  0.8581859E+01 -0.1671444E+01 -0.8892481E+00 -0.2624776E+01
   04  0.5804671E+03  0.8587739E+01 -0.1704762E+01 -0.9071559E+00 -0.2618895E+01
   04  0.5820948E+03  0.8593706E+01 -0.1738910E+01 -0.9253614E+00 -0.2612928E+01
   04  0.5837226E+03  0.8599758E+01 -0.1773878E+01 -0.9438649E+00 -0.2606877E+01
   04  0.5853503E+03  0.8605892E+01 -0.1809657E+01 -0.9626664E+00 -0.2600743E+01
   04  0.5869781E+03  0.8612106E+01 -0.1846235E+01 -0.9817656E+00 -0.2594529E+01
   04  0.5886058E+03  0.8618398E+01 -0.1883597E+01 -0.1001162E+01 -0.2588237E+01
   04  0.5902336E+03  0.8624735E+01 -0.1921685E+01 -0.1021813E+01 -0.2581900E+01
   04  0.5918613E+03  0.8631144E+01 -0.1960508E+01 -0.1042781E+01 -0.2575490E+01
   04  0.5934890E+03  0.8637625E+01 -0.2000047E+01 -0.1064062E+01 -0.2569010E+01
   04  0.5951168E+03  0.8644156E+01 -0.2040266E+01 -0.1085866E+01 -0.2562479E+01
   04  0.5967445E+03  0.8650735E+01 -0.2081130E+01 -0.1108273E+01 -0.2555900E+01
   04  0.5983723E+03  0.8657366E+01 -0.2122615E+01 -0.1131198E+01 -0.2549269E+01
