# gauge_id= 525 location=( -0.1251000000E+03  0.4200000000E+02 ) num_var=  4
# Stationary gauge
# level, time, q[  1  2  3], eta, aux[]
# file format ascii, time series follow in this file
   02  0.0000000E+00  0.1660376E+04  0.0000000E+00  0.0000000E+00  0.0000000E+00
   02  0.1000000E+01  0.1660376E+04  0.7289846E-13 -0.2150818E-13  0.6830039E+01
   02  0.1142857E+01  0.1660371E+04 -0.8668570E+00  0.9013103E-01  0.6825209E+01
   02  0.1285714E+01  0.1660366E+04 -0.1731244E+01  0.1802179E+00  0.6820379E+01
   02  0.1428571E+01  0.1660361E+04 -0.2593166E+01  0.2702614E+00  0.6815550E+01
   02  0.1571429E+01  0.1660356E+04 -0.3452630E+01  0.3602621E+00  0.6810721E+01
   02  0.1714286E+01  0.1660352E+04 -0.4309640E+01  0.4502206E+00  0.6805892E+01
   02  0.1857143E+01  0.1660347E+04 -0.5164236E+01  0.5401375E+00  0.6801064E+01
   02  0.2000000E+01  0.1660342E+04 -0.6016463E+01  0.6300136E+00  0.6796236E+01
   02  0.4673503E+02  0.1658790E+04 -0.2721465E+03  0.2829641E+02  0.5244365E+01
   03  0.9147006E+02  0.1413097E+04 -0.2646740E+03  0.5530777E+02  0.3856518E+01
   03  0.1004171E+03  0.1412886E+04 -0.2669794E+03  0.6147419E+02  0.3644629E+01
   03  0.1093641E+03  0.1412667E+04 -0.2750817E+03  0.6565942E+02  0.3426320E+01
   03  0.1183111E+03  0.1412435E+04 -0.2852953E+03  0.6732436E+02  0.3194357E+01
   03  0.1272581E+03  0.1412172E+04 -0.2927414E+03  0.6679960E+02  0.2931075E+01
   03  0.1362051E+03  0.1411864E+04 -0.2931424E+03  0.6492630E+02  0.2623387E+01
   03  0.1451521E+03  0.1411510E+04 -0.2847662E+03  0.6264563E+02  0.2269500E+01
   03  0.1540991E+03  0.1411123E+04 -0.2685410E+03  0.6073539E+02  0.1881736E+01
   03  0.1630461E+03  0.1410725E+04 -0.2468039E+03  0.5967022E+02  0.1483913E+01
   03  0.1719931E+03  0.1410346E+04 -0.2220880E+03  0.5961735E+02  0.1104969E+01
   04  0.1809401E+03  0.1410666E+04 -0.1948649E+03  0.5730039E+02  0.6803962E+00
   04  0.1824313E+03  0.1410595E+04 -0.1865580E+03  0.5733670E+02  0.6097876E+00
   04  0.1839225E+03  0.1410536E+04 -0.1800933E+03  0.5735817E+02  0.5511575E+00
   04  0.1854136E+03  0.1410490E+04 -0.1751401E+03  0.5734031E+02  0.5044798E+00
   04  0.1869048E+03  0.1410451E+04 -0.1712510E+03  0.5728719E+02  0.4657905E+00
   04  0.1883960E+03  0.1410417E+04 -0.1680082E+03  0.5720689E+02  0.4320297E+00
   04  0.1898871E+03  0.1410387E+04 -0.1651301E+03  0.5710173E+02  0.4013731E+00
   04  0.1913783E+03  0.1410358E+04 -0.1624426E+03  0.5697229E+02  0.3727271E+00
   04  0.1928695E+03  0.1410331E+04 -0.1598200E+03  0.5682189E+02  0.3453413E+00
   04  0.1943606E+03  0.1410304E+04 -0.1571523E+03  0.5665888E+02  0.3186275E+00
   04  0.1958518E+03  0.1410278E+04 -0.1543278E+03  0.5649898E+02  0.2921843E+00
   04  0.1973430E+03  0.1410251E+04 -0.1512449E+03  0.5636604E+02  0.2657609E+00
   04  0.1988341E+03  0.1410225E+04 -0.1478322E+03  0.5629168E+02  0.2392137E+00
   04  0.2003253E+03  0.1410198E+04 -0.1440825E+03  0.5631190E+02  0.2123323E+00
   04  0.2018165E+03  0.1410170E+04 -0.1400661E+03  0.5646081E+02  0.1847694E+00
   04  0.2033076E+03  0.1410141E+04 -0.1359171E+03  0.5676328E+02  0.1561248E+00
   04  0.2047988E+03  0.1410111E+04 -0.1317993E+03  0.5722787E+02  0.1261176E+00
   04  0.2062900E+03  0.1410080E+04 -0.1278665E+03  0.5784251E+02  0.9475157E-01
   04  0.2077811E+03  0.1410048E+04 -0.1242273E+03  0.5857501E+02  0.6239696E-01
   04  0.2092723E+03  0.1410015E+04 -0.1209279E+03  0.5937776E+02  0.2974219E-01
   04  0.2107635E+03  0.1409983E+04 -0.1179536E+03  0.6019418E+02 -0.2370247E-02
   04  0.2122546E+03  0.1409952E+04 -0.1152446E+03  0.6096580E+02 -0.3314109E-01
   04  0.2137458E+03  0.1409923E+04 -0.1127121E+03  0.6163958E+02 -0.6195559E-01
   04  0.2152370E+03  0.1409897E+04 -0.1102518E+03  0.6217444E+02 -0.8844058E-01
   04  0.2167281E+03  0.1409873E+04 -0.1077535E+03  0.6254613E+02 -0.1124549E+00
   04  0.2182193E+03  0.1409851E+04 -0.1051116E+03  0.6274869E+02 -0.1340513E+00
   04  0.2197105E+03  0.1409832E+04 -0.1022388E+03  0.6279194E+02 -0.1534369E+00
   04  0.2212017E+03  0.1409814E+04 -0.9908258E+02  0.6269619E+02 -0.1709366E+00
   04  0.2226928E+03  0.1409798E+04 -0.9563779E+02  0.6248579E+02 -0.1869394E+00
   04  0.2241840E+03  0.1409784E+04 -0.9195052E+02  0.6218340E+02 -0.2018155E+00
   04  0.2256752E+03  0.1409770E+04 -0.8810957E+02  0.6180606E+02 -0.2158116E+00
   04  0.2271663E+03  0.1409756E+04 -0.8422748E+02  0.6136342E+02 -0.2289589E+00
   04  0.2286575E+03  0.1409744E+04 -0.8041664E+02  0.6085868E+02 -0.2410436E+00
   04  0.2301487E+03  0.1409734E+04 -0.7676730E+02  0.6029230E+02 -0.2516677E+00
   04  0.2316398E+03  0.1409725E+04 -0.7333647E+02  0.5966410E+02 -0.2603349E+00
   04  0.2331310E+03  0.1409719E+04 -0.7014954E+02  0.5896927E+02 -0.2665278E+00
   04  0.2346222E+03  0.1409715E+04 -0.6720729E+02  0.5820229E+02 -0.2698740E+00
   04  0.2361133E+03  0.1409715E+04 -0.6449459E+02  0.5737690E+02 -0.2703798E+00
   04  0.2376045E+03  0.1409717E+04 -0.6199033E+02  0.5652760E+02 -0.2684528E+00
   04  0.2390957E+03  0.1409721E+04 -0.5967831E+02  0.5569476E+02 -0.2647974E+00
   04  0.2405868E+03  0.1409725E+04 -0.5755086E+02  0.5490490E+02 -0.2602297E+00
   04  0.2420780E+03  0.1409730E+04 -0.5560686E+02  0.5416565E+02 -0.2555700E+00
   04  0.2435692E+03  0.1409734E+04 -0.5384415E+02  0.5346890E+02 -0.2516055E+00
   04  0.2450603E+03  0.1409736E+04 -0.5224565E+02  0.5279193E+02 -0.2489853E+00
   04  0.2465515E+03  0.1409737E+04 -0.5077015E+02  0.5210231E+02 -0.2481834E+00
   04  0.2480427E+03  0.1409736E+04 -0.4935047E+02  0.5136509E+02 -0.2494954E+00
   04  0.2495338E+03  0.1409732E+04 -0.4790134E+02  0.5054919E+02 -0.2530561E+00
   04  0.2510250E+03  0.1409726E+04 -0.4633508E+02  0.4963146E+02 -0.2588504E+00
   04  0.2525162E+03  0.1409719E+04 -0.4457963E+02  0.4859830E+02 -0.2666924E+00
   04  0.2540073E+03  0.1409709E+04 -0.4259250E+02  0.4744585E+02 -0.2761829E+00
   04  0.2554985E+03  0.1409699E+04 -0.4036648E+02  0.4617973E+02 -0.2866872E+00
   04  0.2569897E+03  0.1409688E+04 -0.3792636E+02  0.4481482E+02 -0.2973718E+00
   04  0.2584808E+03  0.1409678E+04 -0.3531914E+02  0.4337479E+02 -0.3073137E+00
   04  0.2599720E+03  0.1409670E+04 -0.3260258E+02  0.4189054E+02 -0.3156646E+00
   04  0.2614632E+03  0.1409664E+04 -0.2983595E+02  0.4039677E+02 -0.3218204E+00
   04  0.2629543E+03  0.1409660E+04 -0.2707479E+02  0.3892712E+02 -0.3255413E+00
   04  0.2644455E+03  0.1409658E+04 -0.2436869E+02  0.3750895E+02 -0.3269829E+00
   04  0.2659367E+03  0.1409659E+04 -0.2175966E+02  0.3615939E+02 -0.3266337E+00
   04  0.2674278E+03  0.1409660E+04 -0.1927898E+02  0.3488385E+02 -0.3251865E+00
   04  0.2689190E+03  0.1409662E+04 -0.1694255E+02  0.3367746E+02 -0.3233914E+00
   04  0.2704102E+03  0.1409663E+04 -0.1474618E+02  0.3252866E+02 -0.3219345E+00
   04  0.2719014E+03  0.1409664E+04 -0.1266328E+02  0.3142345E+02 -0.3213738E+00
   04  0.2733925E+03  0.1409663E+04 -0.1064607E+02  0.3034895E+02 -0.3221324E+00
   04  0.2748837E+03  0.1409661E+04 -0.8630107E+01  0.2929536E+02 -0.3245311E+00
   04  0.2763749E+03  0.1409657E+04 -0.6541283E+01  0.2825615E+02 -0.3288271E+00
   04  0.2778660E+03  0.1409650E+04 -0.4304186E+01  0.2722714E+02 -0.3352345E+00
   04  0.2793572E+03  0.1409641E+04 -0.1851319E+01  0.2620486E+02 -0.3439146E+00
   04  0.2808484E+03  0.1409630E+04  0.8676967E+00  0.2518512E+02 -0.3549407E+00
   04  0.2823395E+03  0.1409617E+04  0.3877996E+01  0.2416166E+02 -0.3682529E+00
   04  0.2838307E+03  0.1409602E+04  0.7174214E+01  0.2312568E+02 -0.3836238E+00
   04  0.2853219E+03  0.1409585E+04  0.1071959E+02  0.2206617E+02 -0.4006496E+00
   04  0.2868130E+03  0.1409567E+04  0.1445013E+02  0.2097102E+02 -0.4187771E+00
   04  0.2883042E+03  0.1409548E+04  0.1828334E+02  0.1982902E+02 -0.4373610E+00
   04  0.2897954E+03  0.1409530E+04  0.2212956E+02  0.1863204E+02 -0.4557409E+00
   04  0.2912865E+03  0.1409512E+04  0.2590363E+02  0.1737736E+02 -0.4733208E+00
   04  0.2927777E+03  0.1409496E+04  0.2953431E+02  0.1606885E+02 -0.4896320E+00
   04  0.2942689E+03  0.1409481E+04  0.3296998E+02  0.1471695E+02 -0.5043680E+00
   04  0.2957600E+03  0.1409468E+04  0.3618039E+02  0.1333712E+02 -0.5173900E+00
   04  0.2972512E+03  0.1409457E+04  0.3915504E+02  0.1194765E+02 -0.5287070E+00
   04  0.2987424E+03  0.1409447E+04  0.4189953E+02  0.1056695E+02 -0.5384443E+00
   04  0.3002335E+03  0.1409439E+04  0.4443111E+02  0.9211155E+01 -0.5468053E+00
   04  0.3017247E+03  0.1409431E+04  0.4677423E+02  0.7892145E+01 -0.5540362E+00
   04  0.3032159E+03  0.1409425E+04  0.4895679E+02  0.6616435E+01 -0.5603976E+00
   04  0.3047070E+03  0.1409419E+04  0.5100706E+02  0.5384727E+01 -0.5661412E+00
   04  0.3061982E+03  0.1409414E+04  0.5295140E+02  0.4192162E+01 -0.5714923E+00
   04  0.3076894E+03  0.1409409E+04  0.5481244E+02  0.3029063E+01 -0.5766337E+00
   04  0.3091805E+03  0.1409404E+04  0.5660762E+02  0.1882020E+01 -0.5816908E+00
   04  0.3106717E+03  0.1409399E+04  0.5834811E+02  0.7351176E+00 -0.5867190E+00
   04  0.3121629E+03  0.1409394E+04  0.6003810E+02 -0.4288164E+00 -0.5916935E+00
   04  0.3136540E+03  0.1409389E+04  0.6167422E+02 -0.1627012E+01 -0.5965034E+00
   04  0.3151452E+03  0.1409384E+04  0.6324431E+02 -0.2875764E+01 -0.6009442E+00
   04  0.3165017E+03  0.1409381E+04  0.6459867E+02 -0.4067991E+01 -0.6044302E+00
   04  0.3178581E+03  0.1409378E+04  0.6586321E+02 -0.5323724E+01 -0.6071390E+00
   04  0.3192146E+03  0.1409376E+04  0.6702277E+02 -0.6648659E+01 -0.6088836E+00
   04  0.3205710E+03  0.1409376E+04  0.6807138E+02 -0.8043427E+01 -0.6095868E+00
   04  0.3219275E+03  0.1409376E+04  0.6900873E+02 -0.9501870E+01 -0.6092578E+00
   04  0.3232839E+03  0.1409377E+04  0.6983456E+02 -0.1100995E+02 -0.6079446E+00
   04  0.3246404E+03  0.1409380E+04  0.7055120E+02 -0.1254545E+02 -0.6057520E+00
   04  0.3259968E+03  0.1409383E+04  0.7116384E+02 -0.1408029E+02 -0.6028306E+00
   04  0.3273533E+03  0.1409386E+04  0.7168148E+02 -0.1558561E+02 -0.5993710E+00
   04  0.3287097E+03  0.1409390E+04  0.7210637E+02 -0.1703680E+02 -0.5954995E+00
   04  0.3300662E+03  0.1409394E+04  0.7244276E+02 -0.1841780E+02 -0.5913445E+00
   04  0.3314226E+03  0.1409398E+04  0.7269864E+02 -0.1972198E+02 -0.5870354E+00
   04  0.3327791E+03  0.1409403E+04  0.7287406E+02 -0.2095261E+02 -0.5826098E+00
   04  0.3341355E+03  0.1409407E+04  0.7296334E+02 -0.2212110E+02 -0.5780331E+00
   04  0.3354920E+03  0.1409412E+04  0.7295780E+02 -0.2324298E+02 -0.5732280E+00
   04  0.3368484E+03  0.1409417E+04  0.7285418E+02 -0.2433428E+02 -0.5681490E+00
   04  0.3382049E+03  0.1409423E+04  0.7264482E+02 -0.2540773E+02 -0.5627090E+00
   04  0.3395613E+03  0.1409429E+04  0.7232377E+02 -0.2647095E+02 -0.5568365E+00
   04  0.3409178E+03  0.1409435E+04  0.7189295E+02 -0.2752790E+02 -0.5505287E+00
   04  0.3422742E+03  0.1409442E+04  0.7135852E+02 -0.2858010E+02 -0.5438160E+00
   04  0.3436307E+03  0.1409449E+04  0.7072694E+02 -0.2962796E+02 -0.5367696E+00
   04  0.3449871E+03  0.1409456E+04  0.7001161E+02 -0.3066984E+02 -0.5294380E+00
   04  0.3463436E+03  0.1409463E+04  0.6922057E+02 -0.3170281E+02 -0.5219243E+00
   04  0.3477000E+03  0.1409471E+04  0.6836383E+02 -0.3272321E+02 -0.5143175E+00
   04  0.3490565E+03  0.1409479E+04  0.6745237E+02 -0.3372549E+02 -0.5067069E+00
   04  0.3504130E+03  0.1409486E+04  0.6649638E+02 -0.3470439E+02 -0.4991723E+00
   04  0.3517694E+03  0.1409494E+04  0.6550454E+02 -0.3565600E+02 -0.4917782E+00
   04  0.3531259E+03  0.1409501E+04  0.6448493E+02 -0.3657417E+02 -0.4846015E+00
   04  0.3544823E+03  0.1409508E+04  0.6344443E+02 -0.3745722E+02 -0.4776783E+00
   04  0.3558388E+03  0.1409514E+04  0.6238837E+02 -0.3830633E+02 -0.4710181E+00
   04  0.3574665E+03  0.1409522E+04  0.6110753E+02 -0.3928555E+02 -0.4633544E+00
   04  0.3590942E+03  0.1409529E+04  0.5981357E+02 -0.4022168E+02 -0.4560408E+00
   04  0.3607220E+03  0.1409536E+04  0.5850964E+02 -0.4112072E+02 -0.4490332E+00
   04  0.3623497E+03  0.1409543E+04  0.5719755E+02 -0.4198513E+02 -0.4423053E+00
   04  0.3639775E+03  0.1409550E+04  0.5587914E+02 -0.4281740E+02 -0.4358199E+00
   04  0.3656052E+03  0.1409556E+04  0.5455563E+02 -0.4361588E+02 -0.4295476E+00
   04  0.3672329E+03  0.1409562E+04  0.5322664E+02 -0.4437506E+02 -0.4234665E+00
   04  0.3688607E+03  0.1409568E+04  0.5188897E+02 -0.4508711E+02 -0.4175505E+00
   04  0.3704884E+03  0.1409574E+04  0.5053694E+02 -0.4574312E+02 -0.4117606E+00
   04  0.3721162E+03  0.1409579E+04  0.4916215E+02 -0.4633398E+02 -0.4060512E+00
   04  0.3737439E+03  0.1409585E+04  0.4775420E+02 -0.4685079E+02 -0.4003808E+00
   04  0.3753717E+03  0.1409591E+04  0.4630169E+02 -0.4728495E+02 -0.3947256E+00
   04  0.3769994E+03  0.1409596E+04  0.4479476E+02 -0.4763942E+02 -0.3889740E+00
   04  0.3786271E+03  0.1409602E+04  0.4322962E+02 -0.4790776E+02 -0.3831284E+00
   04  0.3802549E+03  0.1409608E+04  0.4160694E+02 -0.4807941E+02 -0.3772742E+00
   04  0.3818826E+03  0.1409614E+04  0.3993354E+02 -0.4814818E+02 -0.3715340E+00
   04  0.3835104E+03  0.1409619E+04  0.3822232E+02 -0.4810630E+02 -0.3661126E+00
   04  0.3851381E+03  0.1409624E+04  0.3648960E+02 -0.4794709E+02 -0.3612347E+00
   04  0.3867658E+03  0.1409628E+04  0.3475630E+02 -0.4767680E+02 -0.3570367E+00
   04  0.3883936E+03  0.1409632E+04  0.3304631E+02 -0.4730928E+02 -0.3535923E+00
   04  0.3900213E+03  0.1409634E+04  0.3138372E+02 -0.4686298E+02 -0.3509272E+00
   04  0.3916491E+03  0.1409636E+04  0.2979004E+02 -0.4635677E+02 -0.3490468E+00
   04  0.3932768E+03  0.1409637E+04  0.2828214E+02 -0.4580654E+02 -0.3479522E+00
   04  0.3949046E+03  0.1409638E+04  0.2687042E+02 -0.4522378E+02 -0.3476440E+00
   04  0.3965323E+03  0.1409637E+04  0.2555838E+02 -0.4461593E+02 -0.3481202E+00
   04  0.3981600E+03  0.1409636E+04  0.2434314E+02 -0.4398740E+02 -0.3493730E+00
   04  0.3997878E+03  0.1409634E+04  0.2321661E+02 -0.4334061E+02 -0.3513883E+00
   04  0.4014155E+03  0.1409631E+04  0.2216667E+02 -0.4267693E+02 -0.3541490E+00
   04  0.4030433E+03  0.1409628E+04  0.2117846E+02 -0.4199741E+02 -0.3576385E+00
   04  0.4046710E+03  0.1409623E+04  0.2023557E+02 -0.4130324E+02 -0.3618439E+00
   04  0.4062987E+03  0.1409619E+04  0.1932109E+02 -0.4059622E+02 -0.3667592E+00
   04  0.4079265E+03  0.1409613E+04  0.1841953E+02 -0.3987893E+02 -0.3723794E+00
   04  0.4095542E+03  0.1409607E+04  0.1751784E+02 -0.3915472E+02 -0.3787010E+00
   04  0.4111820E+03  0.1409600E+04  0.1660599E+02 -0.3842760E+02 -0.3857255E+00
   04  0.4128097E+03  0.1409592E+04  0.1567805E+02 -0.3770206E+02 -0.3934574E+00
   04  0.4144375E+03  0.1409583E+04  0.1473320E+02 -0.3698262E+02 -0.4018988E+00
   04  0.4160652E+03  0.1409574E+04  0.1377613E+02 -0.3627346E+02 -0.4110458E+00
   04  0.4176929E+03  0.1409564E+04  0.1281649E+02 -0.3557807E+02 -0.4208861E+00
   04  0.4193207E+03  0.1409554E+04  0.1186795E+02 -0.3489901E+02 -0.4313948E+00
   04  0.4209484E+03  0.1409543E+04  0.1094647E+02 -0.3423774E+02 -0.4425306E+00
   04  0.4225762E+03  0.1409531E+04  0.1006799E+02 -0.3359465E+02 -0.4542350E+00
   04  0.4242039E+03  0.1409519E+04  0.9247942E+01 -0.3296892E+02 -0.4664232E+00
   04  0.4258316E+03  0.1409506E+04  0.8498820E+01 -0.3235857E+02 -0.4789953E+00
   04  0.4274594E+03  0.1409493E+04  0.7829340E+01 -0.3176052E+02 -0.4918397E+00
   04  0.4290871E+03  0.1409480E+04  0.7243374E+01 -0.3117075E+02 -0.5048476E+00
   04  0.4307149E+03  0.1409467E+04  0.6740378E+01 -0.3058467E+02 -0.5179252E+00
   04  0.4323426E+03  0.1409454E+04  0.6316426E+01 -0.2999745E+02 -0.5309991E+00
   04  0.4339704E+03  0.1409441E+04  0.5964814E+01 -0.2940433E+02 -0.5440261E+00
   04  0.4355981E+03  0.1409428E+04  0.5678798E+01 -0.2880040E+02 -0.5569731E+00
   04  0.4372258E+03  0.1409416E+04  0.5450546E+01 -0.2818017E+02 -0.5698170E+00
   04  0.4388536E+03  0.1409403E+04  0.5272203E+01 -0.2753647E+02 -0.5825276E+00
   04  0.4404813E+03  0.1409390E+04  0.5139177E+01 -0.2686077E+02 -0.5950486E+00
   04  0.4421091E+03  0.1409378E+04  0.5046912E+01 -0.2614332E+02 -0.6073207E+00
   04  0.4437368E+03  0.1409366E+04  0.4991473E+01 -0.2537522E+02 -0.6192888E+00
   04  0.4453645E+03  0.1409354E+04  0.4969346E+01 -0.2455099E+02 -0.6309167E+00
   04  0.4469923E+03  0.1409343E+04  0.4977073E+01 -0.2366819E+02 -0.6421788E+00
   04  0.4486200E+03  0.1409332E+04  0.5011648E+01 -0.2272835E+02 -0.6530612E+00
   04  0.4502478E+03  0.1409322E+04  0.5070231E+01 -0.2173764E+02 -0.6635607E+00
   04  0.4518755E+03  0.1409312E+04  0.5150290E+01 -0.2070285E+02 -0.6736620E+00
   04  0.4535033E+03  0.1409302E+04  0.5250298E+01 -0.1963124E+02 -0.6833458E+00
   04  0.4551310E+03  0.1409293E+04  0.5369489E+01 -0.1853327E+02 -0.6926181E+00
   04  0.4567587E+03  0.1409284E+04  0.5507985E+01 -0.1741821E+02 -0.7014788E+00
   04  0.4583865E+03  0.1409275E+04  0.5666824E+01 -0.1629456E+02 -0.7099309E+00
   04  0.4600142E+03  0.1409267E+04  0.5846424E+01 -0.1516948E+02 -0.7179797E+00
   04  0.4616420E+03  0.1409260E+04  0.6045772E+01 -0.1404467E+02 -0.7256025E+00
   04  0.4632697E+03  0.1409253E+04  0.6262237E+01 -0.1291617E+02 -0.7327520E+00
   04  0.4648974E+03  0.1409246E+04  0.6492236E+01 -0.1177652E+02 -0.7393804E+00
   04  0.4665252E+03  0.1409240E+04  0.6732181E+01 -0.1061693E+02 -0.7454557E+00
   04  0.4681529E+03  0.1409234E+04  0.6978773E+01 -0.9428653E+01 -0.7509665E+00
   04  0.4697807E+03  0.1409229E+04  0.7229354E+01 -0.8204261E+01 -0.7559266E+00
   04  0.4714084E+03  0.1409225E+04  0.7481474E+01 -0.6938439E+01 -0.7603694E+00
   04  0.4730362E+03  0.1409221E+04  0.7733116E+01 -0.5628216E+01 -0.7643447E+00
   04  0.4746639E+03  0.1409217E+04  0.7983321E+01 -0.4273667E+01 -0.7679230E+00
   04  0.4762916E+03  0.1409214E+04  0.8231282E+01 -0.2883876E+01 -0.7712218E+00
   04  0.4779194E+03  0.1409211E+04  0.8475437E+01 -0.1456635E+01 -0.7742593E+00
   04  0.4795471E+03  0.1409208E+04  0.8714087E+01  0.6557370E-02 -0.7770726E+00
   04  0.4811749E+03  0.1409206E+04  0.8946498E+01  0.1500544E+01 -0.7797204E+00
   04  0.4828026E+03  0.1409203E+04  0.9172759E+01  0.3020576E+01 -0.7822565E+00
   04  0.4844303E+03  0.1409201E+04  0.9393028E+01  0.4558898E+01 -0.7847561E+00
   04  0.4860581E+03  0.1409198E+04  0.9608099E+01  0.6106294E+01 -0.7873144E+00
   04  0.4876858E+03  0.1409195E+04  0.9820002E+01  0.7651162E+01 -0.7900496E+00
   04  0.4893136E+03  0.1409192E+04  0.1003148E+02  0.9182193E+01 -0.7930779E+00
   04  0.4909413E+03  0.1409189E+04  0.1024510E+02  0.1068868E+02 -0.7965078E+00
   04  0.4925691E+03  0.1409185E+04  0.1046210E+02  0.1216020E+02 -0.8004409E+00
   04  0.4941968E+03  0.1409180E+04  0.1068274E+02  0.1358680E+02 -0.8049717E+00
   04  0.4958245E+03  0.1409175E+04  0.1090740E+02  0.1496395E+02 -0.8101309E+00
   04  0.4974523E+03  0.1409169E+04  0.1114082E+02  0.1629123E+02 -0.8158871E+00
   04  0.4990800E+03  0.1409163E+04  0.1138741E+02  0.1758108E+02 -0.8220925E+00
   04  0.5007078E+03  0.1409157E+04  0.1165154E+02  0.1883058E+02 -0.8287272E+00
   04  0.5023355E+03  0.1409150E+04  0.1193467E+02  0.2003870E+02 -0.8357480E+00
   04  0.5039632E+03  0.1409142E+04  0.1223508E+02  0.2121216E+02 -0.8430708E+00
   04  0.5055910E+03  0.1409135E+04  0.1254816E+02  0.2234593E+02 -0.8507243E+00
   04  0.5072187E+03  0.1409127E+04  0.1286807E+02  0.2343173E+02 -0.8587668E+00
   04  0.5088465E+03  0.1409118E+04  0.1319216E+02  0.2446147E+02 -0.8672606E+00
   04  0.5104742E+03  0.1409109E+04  0.1351953E+02  0.2542886E+02 -0.8762345E+00
   04  0.5121020E+03  0.1409100E+04  0.1385122E+02  0.2633077E+02 -0.8856765E+00
   04  0.5137297E+03  0.1409090E+04  0.1419169E+02  0.2716669E+02 -0.8955543E+00
   04  0.5153574E+03  0.1409080E+04  0.1454533E+02  0.2793823E+02 -0.9058035E+00
   04  0.5169852E+03  0.1409069E+04  0.1491687E+02  0.2864858E+02 -0.9163436E+00
   04  0.5186129E+03  0.1409058E+04  0.1531109E+02  0.2930154E+02 -0.9270934E+00
   04  0.5202407E+03  0.1409047E+04  0.1573228E+02  0.2990042E+02 -0.9379811E+00
   04  0.5218684E+03  0.1409036E+04  0.1618399E+02  0.3044720E+02 -0.9489480E+00
   04  0.5234961E+03  0.1409025E+04  0.1666880E+02  0.3094206E+02 -0.9599490E+00
   04  0.5251239E+03  0.1409014E+04  0.1718819E+02  0.3138337E+02 -0.9709475E+00
   04  0.5267516E+03  0.1409003E+04  0.1774256E+02  0.3176818E+02 -0.9819090E+00
   04  0.5283794E+03  0.1408993E+04  0.1833141E+02  0.3209293E+02 -0.9927940E+00
   04  0.5300071E+03  0.1408982E+04  0.1895373E+02  0.3235432E+02 -0.1003552E+01
   04  0.5316349E+03  0.1408971E+04  0.1960815E+02  0.3254976E+02 -0.1014121E+01
   04  0.5332626E+03  0.1408961E+04  0.2029308E+02  0.3267784E+02 -0.1024425E+01
   04  0.5348903E+03  0.1408951E+04  0.2100724E+02  0.3273966E+02 -0.1034367E+01
   04  0.5365181E+03  0.1408942E+04  0.2174870E+02  0.3274090E+02 -0.1043798E+01
   04  0.5381458E+03  0.1408933E+04  0.2251802E+02  0.3269325E+02 -0.1052530E+01
   04  0.5397736E+03  0.1408925E+04  0.2331612E+02  0.3261272E+02 -0.1060341E+01
   04  0.5414013E+03  0.1408918E+04  0.2414290E+02  0.3251673E+02 -0.1067003E+01
   04  0.5430290E+03  0.1408913E+04  0.2499647E+02  0.3241965E+02 -0.1072328E+01
   04  0.5446568E+03  0.1408909E+04  0.2587245E+02  0.3233067E+02 -0.1076188E+01
   04  0.5462845E+03  0.1408907E+04  0.2676457E+02  0.3225103E+02 -0.1078545E+01
   04  0.5479123E+03  0.1408906E+04  0.2766610E+02  0.3217941E+02 -0.1079409E+01
   04  0.5495400E+03  0.1408906E+04  0.2857048E+02  0.3210824E+02 -0.1078867E+01
   04  0.5511678E+03  0.1408908E+04  0.2947160E+02  0.3203018E+02 -0.1077028E+01
   04  0.5527955E+03  0.1408911E+04  0.3036306E+02  0.3193645E+02 -0.1074011E+01
   04  0.5544232E+03  0.1408915E+04  0.3124349E+02  0.3182224E+02 -0.1069913E+01
   04  0.5560510E+03  0.1408921E+04  0.3211927E+02  0.3168656E+02 -0.1064777E+01
   04  0.5576787E+03  0.1408927E+04  0.3300340E+02  0.3154404E+02 -0.1058627E+01
   04  0.5593065E+03  0.1408934E+04  0.3391130E+02  0.3141695E+02 -0.1051413E+01
   04  0.5609342E+03  0.1408942E+04  0.3486088E+02  0.3132028E+02 -0.1042926E+01
   04  0.5625619E+03  0.1408952E+04  0.3586830E+02  0.3128163E+02 -0.1033015E+01
   04  0.5641897E+03  0.1408964E+04  0.3694444E+02  0.3132910E+02 -0.1021581E+01
   04  0.5658174E+03  0.1408977E+04  0.3809638E+02  0.3148163E+02 -0.1008517E+01
   04  0.5674452E+03  0.1408992E+04  0.3933328E+02  0.3175450E+02 -0.9936932E+00
   04  0.5690729E+03  0.1409008E+04  0.4066418E+02  0.3215510E+02 -0.9770412E+00
   04  0.5707007E+03  0.1409027E+04  0.4209622E+02  0.3270015E+02 -0.9584781E+00
   04  0.5723284E+03  0.1409047E+04  0.4362534E+02  0.3338638E+02 -0.9380915E+00
   04  0.5739561E+03  0.1409069E+04  0.4523490E+02  0.3421050E+02 -0.9160323E+00
   04  0.5755839E+03  0.1409093E+04  0.4690197E+02  0.3515713E+02 -0.8925754E+00
   04  0.5772116E+03  0.1409117E+04  0.4859932E+02  0.3620000E+02 -0.8680222E+00
   04  0.5788394E+03  0.1409143E+04  0.5030150E+02  0.3731405E+02 -0.8426567E+00
   04  0.5804671E+03  0.1409169E+04  0.5198879E+02  0.3847804E+02 -0.8167048E+00
   04  0.5820948E+03  0.1409195E+04  0.5364825E+02  0.3967940E+02 -0.7903390E+00
   04  0.5837226E+03  0.1409222E+04  0.5527256E+02  0.4091147E+02 -0.7636626E+00
   04  0.5853503E+03  0.1409249E+04  0.5685835E+02  0.4217171E+02 -0.7367333E+00
   04  0.5869781E+03  0.1409276E+04  0.5840358E+02  0.4345813E+02 -0.7095704E+00
   04  0.5886058E+03  0.1409303E+04  0.5990647E+02  0.4476889E+02 -0.6821777E+00
   04  0.5902336E+03  0.1409331E+04  0.6136519E+02  0.4610388E+02 -0.6545758E+00
   04  0.5918613E+03  0.1409359E+04  0.6277740E+02  0.4746036E+02 -0.6267778E+00
   04  0.5934890E+03  0.1409387E+04  0.6414049E+02  0.4883467E+02 -0.5988038E+00
   04  0.5951168E+03  0.1409415E+04  0.6545175E+02  0.5022267E+02 -0.5706832E+00
   04  0.5967445E+03  0.1409443E+04  0.6670876E+02  0.5162002E+02 -0.5424557E+00
   04  0.5983723E+03  0.1409471E+04  0.6790970E+02  0.5302209E+02 -0.5141680E+00
