# gauge_id= 304 location=( -0.1241920000E+03  0.4175062500E+02 ) num_var=  4
# Stationary gauge
# level, time, q[  1  2  3], eta, aux[]
# file format ascii, time series follow in this file
   04  0.0000000E+00  0.1227984E+01  0.0000000E+00  0.0000000E+00  0.0000000E+00
   04  0.1000000E+01  0.1227984E+01  0.1271753E-16 -0.4695144E-19 -0.2833520E+01
   04  0.1015873E+01  0.1227983E+01 -0.2958965E-04 -0.1227567E-05 -0.2833520E+01
   04  0.1031746E+01  0.1227983E+01 -0.5918038E-04 -0.2455185E-05 -0.2833521E+01
   04  0.1047619E+01  0.1227982E+01 -0.8877220E-04 -0.3682854E-05 -0.2833521E+01
   04  0.1063492E+01  0.1227982E+01 -0.1183651E-03 -0.4910574E-05 -0.2833522E+01
   04  0.1079365E+01  0.1227981E+01 -0.1479591E-03 -0.6138345E-05 -0.2833522E+01
   04  0.1095238E+01  0.1227981E+01 -0.1775541E-03 -0.7366166E-05 -0.2833523E+01
   04  0.1111111E+01  0.1227980E+01 -0.2071503E-03 -0.8594039E-05 -0.2833524E+01
   04  0.1126984E+01  0.1227979E+01 -0.2367475E-03 -0.9821961E-05 -0.2833524E+01
   04  0.1142857E+01  0.1227979E+01 -0.2663458E-03 -0.1104993E-04 -0.2833525E+01
   04  0.1158730E+01  0.1227978E+01 -0.2959452E-03 -0.1227796E-04 -0.2833525E+01
   04  0.1174603E+01  0.1227978E+01 -0.3255456E-03 -0.1350603E-04 -0.2833526E+01
   04  0.1190476E+01  0.1227977E+01 -0.3551472E-03 -0.1473415E-04 -0.2833526E+01
   04  0.1206349E+01  0.1227977E+01 -0.3847498E-03 -0.1596233E-04 -0.2833527E+01
   04  0.1222222E+01  0.1227976E+01 -0.4143535E-03 -0.1719055E-04 -0.2833527E+01
   04  0.1238095E+01  0.1227976E+01 -0.4439583E-03 -0.1841882E-04 -0.2833528E+01
   04  0.1253968E+01  0.1227975E+01 -0.4735642E-03 -0.1964714E-04 -0.2833529E+01
   04  0.1269841E+01  0.1227974E+01 -0.5031712E-03 -0.2087551E-04 -0.2833529E+01
   04  0.1285714E+01  0.1227974E+01 -0.5327792E-03 -0.2210393E-04 -0.2833530E+01
   04  0.1301587E+01  0.1227973E+01 -0.5623883E-03 -0.2333240E-04 -0.2833530E+01
   04  0.1317460E+01  0.1227973E+01 -0.5919986E-03 -0.2456091E-04 -0.2833531E+01
   04  0.1333333E+01  0.1227972E+01 -0.6216098E-03 -0.2578948E-04 -0.2833531E+01
   04  0.1349206E+01  0.1227972E+01 -0.6512222E-03 -0.2701809E-04 -0.2833532E+01
   04  0.1365079E+01  0.1227971E+01 -0.6808357E-03 -0.2824675E-04 -0.2833533E+01
   04  0.1380952E+01  0.1227971E+01 -0.7104502E-03 -0.2947546E-04 -0.2833533E+01
   04  0.1396825E+01  0.1227970E+01 -0.7400659E-03 -0.3070422E-04 -0.2833534E+01
   04  0.1412698E+01  0.1227969E+01 -0.7696826E-03 -0.3193303E-04 -0.2833534E+01
   04  0.1428571E+01  0.1227969E+01 -0.7993004E-03 -0.3316188E-04 -0.2833535E+01
   04  0.1476190E+01  0.1227967E+01 -0.8881623E-03 -0.3685062E-04 -0.2833536E+01
   04  0.1523810E+01  0.1227965E+01 -0.9770340E-03 -0.4053978E-04 -0.2833538E+01
   04  0.1571429E+01  0.1227964E+01 -0.1065916E-02 -0.4422936E-04 -0.2833540E+01
   04  0.1619048E+01  0.1227962E+01 -0.1154807E-02 -0.4791935E-04 -0.2833541E+01
   04  0.1666667E+01  0.1227960E+01 -0.1243708E-02 -0.5160976E-04 -0.2833543E+01
   04  0.1714286E+01  0.1227959E+01 -0.1332619E-02 -0.5530058E-04 -0.2833545E+01
   04  0.1761905E+01  0.1227957E+01 -0.1421539E-02 -0.5899180E-04 -0.2833547E+01
   04  0.1809524E+01  0.1227955E+01 -0.1510470E-02 -0.6268342E-04 -0.2833548E+01
   04  0.1857143E+01  0.1227954E+01 -0.1599410E-02 -0.6637544E-04 -0.2833550E+01
   04  0.1904762E+01  0.1227952E+01 -0.1688360E-02 -0.7006785E-04 -0.2833552E+01
   04  0.1952381E+01  0.1227950E+01 -0.1777320E-02 -0.7376065E-04 -0.2833553E+01
   04  0.2000000E+01  0.1227949E+01 -0.1866290E-02 -0.7745384E-04 -0.2833555E+01
   04  0.5727919E+01  0.1227801E+01 -0.8879318E-02 -0.3817981E-03 -0.2833702E+01
   04  0.9455838E+01  0.1227647E+01 -0.1596443E-01 -0.6859721E-03 -0.2833857E+01
   04  0.1318376E+02  0.1227482E+01 -0.2312546E-01 -0.9882755E-03 -0.2834022E+01
   04  0.1691168E+02  0.1227304E+01 -0.3037057E-01 -0.1287148E-02 -0.2834199E+01
   04  0.2063960E+02  0.1227110E+01 -0.3771156E-01 -0.1581191E-02 -0.2834394E+01
   04  0.2436752E+02  0.1226895E+01 -0.4516316E-01 -0.1869177E-02 -0.2834609E+01
   04  0.2809543E+02  0.1226655E+01 -0.5274260E-01 -0.2150033E-02 -0.2834849E+01
   04  0.3182335E+02  0.1226385E+01 -0.6046921E-01 -0.2422825E-02 -0.2835119E+01
   04  0.3555127E+02  0.1226079E+01 -0.6836417E-01 -0.2686730E-02 -0.2835424E+01
   04  0.3834721E+02  0.1225824E+01 -0.7440947E-01 -0.2877573E-02 -0.2835679E+01
   04  0.4114315E+02  0.1225543E+01 -0.8057389E-01 -0.3063045E-02 -0.2835960E+01
   04  0.4393909E+02  0.1225234E+01 -0.8686852E-01 -0.3242901E-02 -0.2836269E+01
   04  0.4673503E+02  0.1224894E+01 -0.9330497E-01 -0.3416909E-02 -0.2836610E+01
   04  0.4922031E+02  0.1224563E+01 -0.9915624E-01 -0.3566600E-02 -0.2836941E+01
   04  0.5170559E+02  0.1224203E+01 -0.1051386E+00 -0.3711469E-02 -0.2837300E+01
   04  0.5419087E+02  0.1223812E+01 -0.1112616E+00 -0.3851373E-02 -0.2837691E+01
   04  0.5667615E+02  0.1223388E+01 -0.1175364E+00 -0.3986163E-02 -0.2838116E+01
   04  0.5916143E+02  0.1222927E+01 -0.1239735E+00 -0.4115692E-02 -0.2838577E+01
   04  0.6164671E+02  0.1222428E+01 -0.1305825E+00 -0.4239817E-02 -0.2839076E+01
   04  0.6413199E+02  0.1221889E+01 -0.1373724E+00 -0.4358394E-02 -0.2839615E+01
   04  0.6661727E+02  0.1221307E+01 -0.1443517E+00 -0.4471284E-02 -0.2840196E+01
   04  0.6910255E+02  0.1220682E+01 -0.1515280E+00 -0.4578349E-02 -0.2840822E+01
   04  0.7158783E+02  0.1220011E+01 -0.1589072E+00 -0.4679448E-02 -0.2841493E+01
   04  0.7407311E+02  0.1219293E+01 -0.1664949E+00 -0.4774439E-02 -0.2842210E+01
   04  0.7655838E+02  0.1218527E+01 -0.1742954E+00 -0.4863168E-02 -0.2842976E+01
   04  0.7904366E+02  0.1217712E+01 -0.1823128E+00 -0.4945469E-02 -0.2843792E+01
   04  0.8152894E+02  0.1216847E+01 -0.1905499E+00 -0.5021176E-02 -0.2844656E+01
   04  0.8401422E+02  0.1215932E+01 -0.1990091E+00 -0.5090122E-02 -0.2845572E+01
   04  0.8649950E+02  0.1214967E+01 -0.2076915E+00 -0.5143941E-02 -0.2846537E+01
   04  0.8898478E+02  0.1213953E+01 -0.2165978E+00 -0.5178633E-02 -0.2847550E+01
   04  0.9147006E+02  0.1212890E+01 -0.2257273E+00 -0.5197832E-02 -0.2848614E+01
   04  0.9445240E+02  0.1211552E+01 -0.2369529E+00 -0.5195097E-02 -0.2849952E+01
   04  0.9743473E+02  0.1210142E+01 -0.2484924E+00 -0.5174982E-02 -0.2851362E+01
   04  0.1004171E+03  0.1208660E+01 -0.2603409E+00 -0.5139259E-02 -0.2852844E+01
   04  0.1033994E+03  0.1207105E+01 -0.2724921E+00 -0.5089209E-02 -0.2854398E+01
   04  0.1063817E+03  0.1205480E+01 -0.2849385E+00 -0.5025813E-02 -0.2856023E+01
   04  0.1093641E+03  0.1203791E+01 -0.2976446E+00 -0.4950056E-02 -0.2857713E+01
   04  0.1123464E+03  0.1202044E+01 -0.3105703E+00 -0.4862772E-02 -0.2859459E+01
   04  0.1153287E+03  0.1200249E+01 -0.3236749E+00 -0.4764682E-02 -0.2861254E+01
   04  0.1183111E+03  0.1198413E+01 -0.3369176E+00 -0.4656451E-02 -0.2863091E+01
   04  0.1212934E+03  0.1196544E+01 -0.3502584E+00 -0.4538717E-02 -0.2864960E+01
   04  0.1242758E+03  0.1194649E+01 -0.3636585E+00 -0.4412107E-02 -0.2866855E+01
   04  0.1272581E+03  0.1192736E+01 -0.3770802E+00 -0.4277403E-02 -0.2868767E+01
   04  0.1302404E+03  0.1190813E+01 -0.3904881E+00 -0.4136689E-02 -0.2870691E+01
   04  0.1332228E+03  0.1188886E+01 -0.4038486E+00 -0.3990818E-02 -0.2872618E+01
   04  0.1362051E+03  0.1186961E+01 -0.4171302E+00 -0.3840823E-02 -0.2874542E+01
   04  0.1391874E+03  0.1185046E+01 -0.4303037E+00 -0.3687703E-02 -0.2876458E+01
   04  0.1421698E+03  0.1183144E+01 -0.4433423E+00 -0.3532414E-02 -0.2878359E+01
   04  0.1451521E+03  0.1181263E+01 -0.4562211E+00 -0.3375872E-02 -0.2880241E+01
   04  0.1481344E+03  0.1179406E+01 -0.4689172E+00 -0.3218942E-02 -0.2882098E+01
   04  0.1511168E+03  0.1177578E+01 -0.4814099E+00 -0.3062444E-02 -0.2883925E+01
   04  0.1540991E+03  0.1175783E+01 -0.4936804E+00 -0.2907151E-02 -0.2885720E+01
   04  0.1570814E+03  0.1174026E+01 -0.5047224E+00 -0.2753473E-02 -0.2887478E+01
   04  0.1600638E+03  0.1172310E+01 -0.5155349E+00 -0.2602927E-02 -0.2889193E+01
   04  0.1630461E+03  0.1170640E+01 -0.5261074E+00 -0.2456289E-02 -0.2890863E+01
   04  0.1660284E+03  0.1169021E+01 -0.5364187E+00 -0.2314414E-02 -0.2892482E+01
   04  0.1690108E+03  0.1167493E+01 -0.5462791E+00 -0.2179113E-02 -0.2894011E+01
   04  0.1719931E+03  0.1166052E+01 -0.5557068E+00 -0.2050451E-02 -0.2895452E+01
   04  0.1749755E+03  0.1164697E+01 -0.5647194E+00 -0.1928509E-02 -0.2896806E+01
   04  0.1779578E+03  0.1163427E+01 -0.5733336E+00 -0.1813371E-02 -0.2898077E+01
   04  0.1809401E+03  0.1162237E+01 -0.5815656E+00 -0.1705109E-02 -0.2899266E+01
   04  0.1824313E+03  0.1161675E+01 -0.5855571E+00 -0.1684482E-02 -0.2899829E+01
   04  0.1839225E+03  0.1161132E+01 -0.5894591E+00 -0.1664432E-02 -0.2900372E+01
   04  0.1854136E+03  0.1160608E+01 -0.5932732E+00 -0.1644985E-02 -0.2900896E+01
   04  0.1869048E+03  0.1160103E+01 -0.5970013E+00 -0.1626170E-02 -0.2901401E+01
   04  0.1883960E+03  0.1159617E+01 -0.6006447E+00 -0.1608011E-02 -0.2901887E+01
   04  0.1898871E+03  0.1159149E+01 -0.6042053E+00 -0.1590534E-02 -0.2902355E+01
   04  0.1913783E+03  0.1158699E+01 -0.6076843E+00 -0.1573764E-02 -0.2902804E+01
   04  0.1928695E+03  0.1158268E+01 -0.6110834E+00 -0.1557721E-02 -0.2903236E+01
   04  0.1943606E+03  0.1157854E+01 -0.6144039E+00 -0.1542426E-02 -0.2903650E+01
   04  0.1958518E+03  0.1157458E+01 -0.6176472E+00 -0.1527899E-02 -0.2904046E+01
   04  0.1973430E+03  0.1157079E+01 -0.6208147E+00 -0.1514160E-02 -0.2904425E+01
   04  0.1988341E+03  0.1156717E+01 -0.6239075E+00 -0.1501228E-02 -0.2904787E+01
   04  0.2003253E+03  0.1156372E+01 -0.6269270E+00 -0.1489121E-02 -0.2905132E+01
   04  0.2018165E+03  0.1156044E+01 -0.6298742E+00 -0.1477856E-02 -0.2905460E+01
   04  0.2033076E+03  0.1155732E+01 -0.6327504E+00 -0.1467451E-02 -0.2905771E+01
   04  0.2047988E+03  0.1155437E+01 -0.6355567E+00 -0.1457922E-02 -0.2906066E+01
   04  0.2062900E+03  0.1155159E+01 -0.6382941E+00 -0.1449287E-02 -0.2906345E+01
   04  0.2077811E+03  0.1154896E+01 -0.6409636E+00 -0.1441560E-02 -0.2906608E+01
   04  0.2092723E+03  0.1154649E+01 -0.6435663E+00 -0.1434759E-02 -0.2906854E+01
   04  0.2107635E+03  0.1154419E+01 -0.6461032E+00 -0.1428900E-02 -0.2907085E+01
   04  0.2122546E+03  0.1154204E+01 -0.6485752E+00 -0.1423997E-02 -0.2907300E+01
   04  0.2137458E+03  0.1154004E+01 -0.6509832E+00 -0.1420067E-02 -0.2907499E+01
   04  0.2152370E+03  0.1153821E+01 -0.6533281E+00 -0.1417126E-02 -0.2907683E+01
   04  0.2167281E+03  0.1153652E+01 -0.6556109E+00 -0.1415183E-02 -0.2907851E+01
   04  0.2182193E+03  0.1153499E+01 -0.6578324E+00 -0.1414248E-02 -0.2908004E+01
   04  0.2197105E+03  0.1153362E+01 -0.6599935E+00 -0.1414329E-02 -0.2908142E+01
   04  0.2212017E+03  0.1153239E+01 -0.6620951E+00 -0.1415436E-02 -0.2908265E+01
   04  0.2226928E+03  0.1153131E+01 -0.6641379E+00 -0.1417579E-02 -0.2908372E+01
   04  0.2241840E+03  0.1153039E+01 -0.6661229E+00 -0.1420766E-02 -0.2908465E+01
   04  0.2256752E+03  0.1152961E+01 -0.6680508E+00 -0.1425007E-02 -0.2908542E+01
   04  0.2271663E+03  0.1152898E+01 -0.6699226E+00 -0.1430308E-02 -0.2908605E+01
   04  0.2286575E+03  0.1152851E+01 -0.6717390E+00 -0.1436679E-02 -0.2908653E+01
   04  0.2301487E+03  0.1152817E+01 -0.6735009E+00 -0.1444127E-02 -0.2908686E+01
   04  0.2316398E+03  0.1152799E+01 -0.6752092E+00 -0.1452657E-02 -0.2908705E+01
   04  0.2331310E+03  0.1152795E+01 -0.6768647E+00 -0.1462276E-02 -0.2908709E+01
   04  0.2346222E+03  0.1152806E+01 -0.6784682E+00 -0.1472988E-02 -0.2908698E+01
   04  0.2361133E+03  0.1152831E+01 -0.6800208E+00 -0.1484799E-02 -0.2908673E+01
   04  0.2376045E+03  0.1152871E+01 -0.6815231E+00 -0.1497712E-02 -0.2908633E+01
   04  0.2390957E+03  0.1152925E+01 -0.6829763E+00 -0.1511730E-02 -0.2908579E+01
   04  0.2405868E+03  0.1152993E+01 -0.6843812E+00 -0.1526856E-02 -0.2908510E+01
   04  0.2420780E+03  0.1153076E+01 -0.6857386E+00 -0.1543090E-02 -0.2908427E+01
   04  0.2435692E+03  0.1153174E+01 -0.6870497E+00 -0.1560433E-02 -0.2908330E+01
   04  0.2450603E+03  0.1153285E+01 -0.6883154E+00 -0.1578884E-02 -0.2908219E+01
   04  0.2465515E+03  0.1153411E+01 -0.6895367E+00 -0.1598439E-02 -0.2908093E+01
   04  0.2480427E+03  0.1153551E+01 -0.6907146E+00 -0.1619096E-02 -0.2907953E+01
   04  0.2495338E+03  0.1153705E+01 -0.6918502E+00 -0.1640850E-02 -0.2907799E+01
   04  0.2510250E+03  0.1153873E+01 -0.6929446E+00 -0.1663693E-02 -0.2907631E+01
   04  0.2525162E+03  0.1154055E+01 -0.6939988E+00 -0.1687617E-02 -0.2907449E+01
   04  0.2540073E+03  0.1154251E+01 -0.6950142E+00 -0.1712613E-02 -0.2907252E+01
   04  0.2554985E+03  0.1154461E+01 -0.6959880E+00 -0.1738663E-02 -0.2907043E+01
   04  0.2569897E+03  0.1154683E+01 -0.6969218E+00 -0.1765754E-02 -0.2906820E+01
   04  0.2584808E+03  0.1154919E+01 -0.6978168E+00 -0.1793875E-02 -0.2906584E+01
   04  0.2599720E+03  0.1155169E+01 -0.6986743E+00 -0.1823012E-02 -0.2906335E+01
   04  0.2614632E+03  0.1155431E+01 -0.6994957E+00 -0.1853145E-02 -0.2906073E+01
   04  0.2629543E+03  0.1155706E+01 -0.7002826E+00 -0.1884257E-02 -0.2905797E+01
   04  0.2644455E+03  0.1155995E+01 -0.7010363E+00 -0.1916324E-02 -0.2905509E+01
   04  0.2659367E+03  0.1156296E+01 -0.7017583E+00 -0.1949322E-02 -0.2905207E+01
   04  0.2674278E+03  0.1156611E+01 -0.7024504E+00 -0.1983226E-02 -0.2904893E+01
   04  0.2689190E+03  0.1156939E+01 -0.7031139E+00 -0.2018006E-02 -0.2904565E+01
   04  0.2704102E+03  0.1157279E+01 -0.7037507E+00 -0.2053631E-02 -0.2904225E+01
   04  0.2719014E+03  0.1157632E+01 -0.7043623E+00 -0.2090067E-02 -0.2903871E+01
   04  0.2733925E+03  0.1157999E+01 -0.7049505E+00 -0.2127279E-02 -0.2903505E+01
   04  0.2748837E+03  0.1158378E+01 -0.7055171E+00 -0.2165228E-02 -0.2903126E+01
   04  0.2763749E+03  0.1158769E+01 -0.7060640E+00 -0.2203874E-02 -0.2902734E+01
   04  0.2778660E+03  0.1159174E+01 -0.7065929E+00 -0.2243174E-02 -0.2902330E+01
   04  0.2793572E+03  0.1159591E+01 -0.7071058E+00 -0.2283081E-02 -0.2901913E+01
   04  0.2808484E+03  0.1160021E+01 -0.7076046E+00 -0.2323549E-02 -0.2901483E+01
   04  0.2823395E+03  0.1160463E+01 -0.7080914E+00 -0.2364527E-02 -0.2901040E+01
   04  0.2838307E+03  0.1160918E+01 -0.7085682E+00 -0.2405963E-02 -0.2900585E+01
   04  0.2853219E+03  0.1161386E+01 -0.7090372E+00 -0.2447802E-02 -0.2900118E+01
   04  0.2868130E+03  0.1161866E+01 -0.7095004E+00 -0.2489987E-02 -0.2899637E+01
   04  0.2883042E+03  0.1162359E+01 -0.7099601E+00 -0.2532458E-02 -0.2899145E+01
   04  0.2897954E+03  0.1162864E+01 -0.7104185E+00 -0.2575152E-02 -0.2898640E+01
   04  0.2912865E+03  0.1163382E+01 -0.7108779E+00 -0.2618005E-02 -0.2898122E+01
   04  0.2927777E+03  0.1163912E+01 -0.7113407E+00 -0.2660948E-02 -0.2897591E+01
   04  0.2942689E+03  0.1164455E+01 -0.7118092E+00 -0.2703913E-02 -0.2897049E+01
   04  0.2957600E+03  0.1165010E+01 -0.7122858E+00 -0.2746824E-02 -0.2896493E+01
   04  0.2972512E+03  0.1165578E+01 -0.7127731E+00 -0.2789606E-02 -0.2895926E+01
   04  0.2987424E+03  0.1166158E+01 -0.7132735E+00 -0.2832177E-02 -0.2895345E+01
   04  0.3002335E+03  0.1166751E+01 -0.7137895E+00 -0.2874455E-02 -0.2894753E+01
   04  0.3017247E+03  0.1167356E+01 -0.7143238E+00 -0.2916352E-02 -0.2894147E+01
   04  0.3032159E+03  0.1167974E+01 -0.7148788E+00 -0.2957774E-02 -0.2893529E+01
   04  0.3047070E+03  0.1168605E+01 -0.7154573E+00 -0.2998625E-02 -0.2892899E+01
   04  0.3061982E+03  0.1169248E+01 -0.7160618E+00 -0.3038802E-02 -0.2892255E+01
   04  0.3076894E+03  0.1169904E+01 -0.7166950E+00 -0.3078196E-02 -0.2891599E+01
   04  0.3091805E+03  0.1170573E+01 -0.7173596E+00 -0.3116694E-02 -0.2890931E+01
   04  0.3106717E+03  0.1171254E+01 -0.7180581E+00 -0.3154171E-02 -0.2890250E+01
   04  0.3121629E+03  0.1171948E+01 -0.7187932E+00 -0.3190496E-02 -0.2889556E+01
   04  0.3136540E+03  0.1172655E+01 -0.7195675E+00 -0.3225528E-02 -0.2888849E+01
   04  0.3151452E+03  0.1173375E+01 -0.7203837E+00 -0.3259111E-02 -0.2888129E+01
   04  0.3165017E+03  0.1174040E+01 -0.7211653E+00 -0.3288716E-02 -0.2887464E+01
   04  0.3178581E+03  0.1174716E+01 -0.7219856E+00 -0.3316826E-02 -0.2886788E+01
   04  0.3192146E+03  0.1175403E+01 -0.7228464E+00 -0.3343288E-02 -0.2886101E+01
   04  0.3205710E+03  0.1176100E+01 -0.7237497E+00 -0.3367936E-02 -0.2885403E+01
   04  0.3219275E+03  0.1176808E+01 -0.7246971E+00 -0.3390585E-02 -0.2884695E+01
   04  0.3232839E+03  0.1177527E+01 -0.7256904E+00 -0.3411028E-02 -0.2883976E+01
   04  0.3246404E+03  0.1178257E+01 -0.7267312E+00 -0.3429028E-02 -0.2883246E+01
   04  0.3259968E+03  0.1178998E+01 -0.7278211E+00 -0.3444319E-02 -0.2882506E+01
   04  0.3273533E+03  0.1179749E+01 -0.7289615E+00 -0.3456594E-02 -0.2881754E+01
   04  0.3287097E+03  0.1180511E+01 -0.7301537E+00 -0.3465503E-02 -0.2880992E+01
   04  0.3300662E+03  0.1181285E+01 -0.7313991E+00 -0.3470638E-02 -0.2880219E+01
   04  0.3314226E+03  0.1182068E+01 -0.7326987E+00 -0.3471517E-02 -0.2879435E+01
   04  0.3327791E+03  0.1182863E+01 -0.7340535E+00 -0.3467574E-02 -0.2878641E+01
   04  0.3341355E+03  0.1183668E+01 -0.7354642E+00 -0.3458130E-02 -0.2877835E+01
   04  0.3354920E+03  0.1184485E+01 -0.7369314E+00 -0.3442362E-02 -0.2877019E+01
   04  0.3368484E+03  0.1185311E+01 -0.7384555E+00 -0.3419261E-02 -0.2876192E+01
   04  0.3382049E+03  0.1186149E+01 -0.7400365E+00 -0.3387570E-02 -0.2875355E+01
   04  0.3395613E+03  0.1186997E+01 -0.7416743E+00 -0.3345692E-02 -0.2874507E+01
   04  0.3409178E+03  0.1187855E+01 -0.7433682E+00 -0.3291556E-02 -0.2873648E+01
   04  0.3422742E+03  0.1188724E+01 -0.7451194E+00 -0.3224942E-02 -0.2872780E+01
   04  0.3436307E+03  0.1189603E+01 -0.7469402E+00 -0.3157091E-02 -0.2871900E+01
   04  0.3449871E+03  0.1190493E+01 -0.7488305E+00 -0.3087953E-02 -0.2871011E+01
   04  0.3463436E+03  0.1191392E+01 -0.7507904E+00 -0.3017480E-02 -0.2870111E+01
   04  0.3477000E+03  0.1192302E+01 -0.7528197E+00 -0.2945624E-02 -0.2869202E+01
   04  0.3490565E+03  0.1193222E+01 -0.7549182E+00 -0.2872341E-02 -0.2868282E+01
   04  0.3504130E+03  0.1194152E+01 -0.7570855E+00 -0.2797668E-02 -0.2867352E+01
   04  0.3517694E+03  0.1195092E+01 -0.7593212E+00 -0.2721591E-02 -0.2866412E+01
   04  0.3531259E+03  0.1196041E+01 -0.7616245E+00 -0.2644096E-02 -0.2865462E+01
   04  0.3544823E+03  0.1197001E+01 -0.7639948E+00 -0.2565169E-02 -0.2864503E+01
   04  0.3558388E+03  0.1197970E+01 -0.7664314E+00 -0.2484799E-02 -0.2863534E+01
   04  0.3574665E+03  0.1199147E+01 -0.7694356E+00 -0.2385194E-02 -0.2862357E+01
   04  0.3590942E+03  0.1200338E+01 -0.7725326E+00 -0.2283564E-02 -0.2861166E+01
   04  0.3607220E+03  0.1201542E+01 -0.7757203E+00 -0.2179890E-02 -0.2859962E+01
   04  0.3623497E+03  0.1202759E+01 -0.7789968E+00 -0.2074155E-02 -0.2858745E+01
   04  0.3639775E+03  0.1203989E+01 -0.7823601E+00 -0.1966342E-02 -0.2857515E+01
   04  0.3656052E+03  0.1205231E+01 -0.7858080E+00 -0.1856439E-02 -0.2856272E+01
   04  0.3672329E+03  0.1206486E+01 -0.7893383E+00 -0.1744433E-02 -0.2855017E+01
   04  0.3688607E+03  0.1207753E+01 -0.7929489E+00 -0.1630316E-02 -0.2853750E+01
   04  0.3704884E+03  0.1209032E+01 -0.7966379E+00 -0.1514078E-02 -0.2852472E+01
   04  0.3721162E+03  0.1210322E+01 -0.8004034E+00 -0.1395714E-02 -0.2851182E+01
   04  0.3737439E+03  0.1211624E+01 -0.8042436E+00 -0.1275217E-02 -0.2849880E+01
   04  0.3753717E+03  0.1212937E+01 -0.8081568E+00 -0.1152584E-02 -0.2848567E+01
   04  0.3769994E+03  0.1214261E+01 -0.8121412E+00 -0.1027819E-02 -0.2847242E+01
   04  0.3786271E+03  0.1215597E+01 -0.8161956E+00 -0.9009215E-03 -0.2845906E+01
   04  0.3802549E+03  0.1216953E+01 -0.8202788E+00 -0.7720222E-03 -0.2844551E+01
   04  0.3818826E+03  0.1218328E+01 -0.8243877E+00 -0.6410681E-03 -0.2843175E+01
   04  0.3835104E+03  0.1219722E+01 -0.8285312E+00 -0.5079608E-03 -0.2841781E+01
   04  0.3851381E+03  0.1221134E+01 -0.8327159E+00 -0.3726250E-03 -0.2840370E+01
   04  0.3867658E+03  0.1222559E+01 -0.8369588E+00 -0.2350759E-03 -0.2838945E+01
   04  0.3883936E+03  0.1223995E+01 -0.8412698E+00 -0.9532273E-04 -0.2837508E+01
   04  0.3900213E+03  0.1225443E+01 -0.8456525E+00  0.4664377E-04 -0.2836061E+01
   04  0.3916491E+03  0.1226901E+01 -0.8501108E+00  0.1912583E-03 -0.2834602E+01
   04  0.3932768E+03  0.1228370E+01 -0.8546482E+00  0.3394168E-03 -0.2833133E+01
   04  0.3949046E+03  0.1229850E+01 -0.8592682E+00  0.4911255E-03 -0.2831653E+01
   04  0.3965323E+03  0.1231342E+01 -0.8639748E+00  0.6463922E-03 -0.2830162E+01
   04  0.3981600E+03  0.1232845E+01 -0.8687720E+00  0.8052273E-03 -0.2828659E+01
   04  0.3997878E+03  0.1234359E+01 -0.8736644E+00  0.9676443E-03 -0.2827144E+01
   04  0.4014155E+03  0.1235887E+01 -0.8786575E+00  0.1133661E-02 -0.2825617E+01
   04  0.4030433E+03  0.1237428E+01 -0.8837571E+00  0.1303300E-02 -0.2824076E+01
   04  0.4046710E+03  0.1238983E+01 -0.8889698E+00  0.1476587E-02 -0.2822520E+01
   04  0.4062987E+03  0.1240554E+01 -0.8943028E+00  0.1653552E-02 -0.2820949E+01
   04  0.4079265E+03  0.1242142E+01 -0.8997638E+00  0.1834233E-02 -0.2819361E+01
   04  0.4095542E+03  0.1243748E+01 -0.9053610E+00  0.2018668E-02 -0.2817755E+01
   04  0.4111820E+03  0.1245374E+01 -0.9111035E+00  0.2206905E-02 -0.2816129E+01
   04  0.4128097E+03  0.1247022E+01 -0.9170008E+00  0.2398995E-02 -0.2814482E+01
   04  0.4144375E+03  0.1248692E+01 -0.9230631E+00  0.2594995E-02 -0.2812811E+01
   04  0.4160652E+03  0.1250388E+01 -0.9293012E+00  0.2794968E-02 -0.2811115E+01
   04  0.4176929E+03  0.1252111E+01 -0.9357267E+00  0.2998981E-02 -0.2809392E+01
   04  0.4193207E+03  0.1253864E+01 -0.9423517E+00  0.3207108E-02 -0.2807639E+01
   04  0.4209484E+03  0.1255649E+01 -0.9491889E+00  0.3419426E-02 -0.2805855E+01
   04  0.4225762E+03  0.1257468E+01 -0.9562519E+00  0.3636016E-02 -0.2804036E+01
   04  0.4242039E+03  0.1259323E+01 -0.9635547E+00  0.3856965E-02 -0.2802180E+01
   04  0.4258316E+03  0.1261218E+01 -0.9711121E+00  0.4082359E-02 -0.2800285E+01
   04  0.4274594E+03  0.1263156E+01 -0.9789396E+00  0.4312292E-02 -0.2798348E+01
   04  0.4290871E+03  0.1265138E+01 -0.9870534E+00  0.4546860E-02 -0.2796365E+01
   04  0.4307149E+03  0.1267169E+01 -0.9954705E+00  0.4786156E-02 -0.2794334E+01
   04  0.4323426E+03  0.1269252E+01 -0.1004208E+01  0.5030274E-02 -0.2792252E+01
   04  0.4339704E+03  0.1271389E+01 -0.1013286E+01  0.5279307E-02 -0.2790115E+01
   04  0.4355981E+03  0.1273585E+01 -0.1022721E+01  0.5533343E-02 -0.2787919E+01
   04  0.4372258E+03  0.1275842E+01 -0.1032535E+01  0.5792470E-02 -0.2785661E+01
   04  0.4388536E+03  0.1278165E+01 -0.1042749E+01  0.6056768E-02 -0.2783338E+01
   04  0.4404813E+03  0.1280558E+01 -0.1053382E+01  0.6326314E-02 -0.2780946E+01
   04  0.4421091E+03  0.1283024E+01 -0.1064458E+01  0.6601179E-02 -0.2778480E+01
   04  0.4437368E+03  0.1285568E+01 -0.1076000E+01  0.6881425E-02 -0.2775936E+01
   04  0.4453645E+03  0.1288193E+01 -0.1088031E+01  0.7167108E-02 -0.2773311E+01
   04  0.4469923E+03  0.1290904E+01 -0.1100574E+01  0.7458277E-02 -0.2770600E+01
   04  0.4486200E+03  0.1293705E+01 -0.1113656E+01  0.7754968E-02 -0.2767798E+01
   04  0.4502478E+03  0.1296601E+01 -0.1127300E+01  0.8057212E-02 -0.2764902E+01
   04  0.4518755E+03  0.1299597E+01 -0.1141534E+01  0.8365029E-02 -0.2761907E+01
   04  0.4535033E+03  0.1302696E+01 -0.1156382E+01  0.8678433E-02 -0.2758808E+01
   04  0.4551310E+03  0.1305903E+01 -0.1171871E+01  0.8997432E-02 -0.2755600E+01
   04  0.4567587E+03  0.1309223E+01 -0.1188029E+01  0.9322027E-02 -0.2752280E+01
   04  0.4583865E+03  0.1312661E+01 -0.1204880E+01  0.9652211E-02 -0.2748842E+01
   04  0.4600142E+03  0.1316221E+01 -0.1222454E+01  0.9987968E-02 -0.2745282E+01
   04  0.4616420E+03  0.1319908E+01 -0.1240776E+01  0.1032927E-01 -0.2741596E+01
   04  0.4632697E+03  0.1323726E+01 -0.1259872E+01  0.1067607E-01 -0.2737778E+01
   04  0.4648974E+03  0.1327678E+01 -0.1279766E+01  0.1102833E-01 -0.2733825E+01
   04  0.4665252E+03  0.1331770E+01 -0.1300481E+01  0.1138596E-01 -0.2729734E+01
   04  0.4681529E+03  0.1336003E+01 -0.1322037E+01  0.1174888E-01 -0.2725500E+01
   04  0.4697807E+03  0.1340382E+01 -0.1344455E+01  0.1211698E-01 -0.2721121E+01
   04  0.4714084E+03  0.1344909E+01 -0.1367750E+01  0.1249017E-01 -0.2716594E+01
   04  0.4730362E+03  0.1349587E+01 -0.1391938E+01  0.1286833E-01 -0.2711917E+01
   04  0.4746639E+03  0.1354416E+01 -0.1417031E+01  0.1325131E-01 -0.2707087E+01
   04  0.4762916E+03  0.1359400E+01 -0.1443038E+01  0.1363896E-01 -0.2702104E+01
   04  0.4779194E+03  0.1364539E+01 -0.1469967E+01  0.1403113E-01 -0.2696965E+01
   04  0.4795471E+03  0.1369833E+01 -0.1497821E+01  0.1442766E-01 -0.2691671E+01
   04  0.4811749E+03  0.1375282E+01 -0.1526603E+01  0.1482838E-01 -0.2686221E+01
   04  0.4828026E+03  0.1380887E+01 -0.1556310E+01  0.1523313E-01 -0.2680616E+01
   04  0.4844303E+03  0.1386647E+01 -0.1586939E+01  0.1564173E-01 -0.2674857E+01
   04  0.4860581E+03  0.1392559E+01 -0.1618481E+01  0.1605402E-01 -0.2668944E+01
   04  0.4876858E+03  0.1398623E+01 -0.1650928E+01  0.1646984E-01 -0.2662880E+01
   04  0.4893136E+03  0.1404837E+01 -0.1684264E+01  0.1688902E-01 -0.2656667E+01
   04  0.4909413E+03  0.1411196E+01 -0.1718475E+01  0.1731142E-01 -0.2650307E+01
   04  0.4925691E+03  0.1417699E+01 -0.1753540E+01  0.1773688E-01 -0.2643804E+01
   04  0.4941968E+03  0.1424342E+01 -0.1789437E+01  0.1816526E-01 -0.2637162E+01
   04  0.4958245E+03  0.1431120E+01 -0.1826143E+01  0.1859645E-01 -0.2630384E+01
   04  0.4974523E+03  0.1438029E+01 -0.1863629E+01  0.1903032E-01 -0.2623475E+01
   04  0.4990800E+03  0.1445064E+01 -0.1901865E+01  0.1946680E-01 -0.2616440E+01
   04  0.5007078E+03  0.1452220E+01 -0.1940819E+01  0.1990579E-01 -0.2609284E+01
   04  0.5023355E+03  0.1459491E+01 -0.1980456E+01  0.2034726E-01 -0.2602013E+01
   04  0.5039632E+03  0.1466871E+01 -0.2020740E+01  0.2079117E-01 -0.2594632E+01
   04  0.5055910E+03  0.1474355E+01 -0.2061633E+01  0.2123754E-01 -0.2587149E+01
   04  0.5072187E+03  0.1481934E+01 -0.2103114E+01  0.2160343E-01 -0.2579569E+01
   04  0.5088465E+03  0.1489604E+01 -0.2145142E+01  0.2188228E-01 -0.2571899E+01
   04  0.5104742E+03  0.1497357E+01 -0.2187667E+01  0.2209152E-01 -0.2564147E+01
   04  0.5121020E+03  0.1505186E+01 -0.2230642E+01  0.2224434E-01 -0.2556318E+01
   04  0.5137297E+03  0.1513083E+01 -0.2274018E+01  0.2235096E-01 -0.2548420E+01
   04  0.5153574E+03  0.1521043E+01 -0.2317746E+01  0.2241946E-01 -0.2540461E+01
   04  0.5169852E+03  0.1529056E+01 -0.2361779E+01  0.2245642E-01 -0.2532447E+01
   04  0.5186129E+03  0.1537117E+01 -0.2406066E+01  0.2246724E-01 -0.2524387E+01
   04  0.5202407E+03  0.1545216E+01 -0.2450562E+01  0.2245651E-01 -0.2516288E+01
   04  0.5218684E+03  0.1553347E+01 -0.2495217E+01  0.2242814E-01 -0.2508157E+01
   04  0.5234961E+03  0.1561501E+01 -0.2539985E+01  0.2238557E-01 -0.2500003E+01
   04  0.5251239E+03  0.1569672E+01 -0.2584819E+01  0.2233186E-01 -0.2491832E+01
   04  0.5267516E+03  0.1577851E+01 -0.2629673E+01  0.2226978E-01 -0.2483653E+01
   04  0.5283794E+03  0.1586031E+01 -0.2674503E+01  0.2220189E-01 -0.2475473E+01
   04  0.5300071E+03  0.1594204E+01 -0.2719265E+01  0.2213060E-01 -0.2467299E+01
   04  0.5316349E+03  0.1602364E+01 -0.2763912E+01  0.2205770E-01 -0.2459140E+01
   04  0.5332626E+03  0.1610501E+01 -0.2808399E+01  0.2198457E-01 -0.2451002E+01
   04  0.5348903E+03  0.1618610E+01 -0.2852682E+01  0.2191241E-01 -0.2442894E+01
   04  0.5365181E+03  0.1626681E+01 -0.2896718E+01  0.2184235E-01 -0.2434822E+01
   04  0.5381458E+03  0.1634708E+01 -0.2940463E+01  0.2177486E-01 -0.2426795E+01
   04  0.5397736E+03  0.1642685E+01 -0.2983878E+01  0.2171095E-01 -0.2418819E+01
   04  0.5414013E+03  0.1650603E+01 -0.3026926E+01  0.2165151E-01 -0.2410900E+01
   04  0.5430290E+03  0.1658459E+01 -0.3069572E+01  0.2159737E-01 -0.2403045E+01
   04  0.5446568E+03  0.1666245E+01 -0.3111782E+01  0.2154928E-01 -0.2395259E+01
   04  0.5462845E+03  0.1673956E+01 -0.3153526E+01  0.2150791E-01 -0.2387548E+01
   04  0.5479123E+03  0.1681586E+01 -0.3194774E+01  0.2147390E-01 -0.2379917E+01
   04  0.5495400E+03  0.1689132E+01 -0.3235498E+01  0.2144784E-01 -0.2372372E+01
   04  0.5511678E+03  0.1696588E+01 -0.3275673E+01  0.2143026E-01 -0.2364916E+01
   04  0.5527955E+03  0.1703950E+01 -0.3315275E+01  0.2142166E-01 -0.2357554E+01
   04  0.5544232E+03  0.1711214E+01 -0.3354282E+01  0.2142252E-01 -0.2350290E+01
   04  0.5560510E+03  0.1718377E+01 -0.3392675E+01  0.2143327E-01 -0.2343127E+01
   04  0.5576787E+03  0.1725434E+01 -0.3430432E+01  0.2145414E-01 -0.2336070E+01
   04  0.5593065E+03  0.1732381E+01 -0.3467521E+01  0.2148512E-01 -0.2329123E+01
   04  0.5609342E+03  0.1739213E+01 -0.3503917E+01  0.2152629E-01 -0.2322291E+01
   04  0.5625619E+03  0.1745926E+01 -0.3539593E+01  0.2157775E-01 -0.2315578E+01
   04  0.5641897E+03  0.1752516E+01 -0.3574528E+01  0.2163962E-01 -0.2308987E+01
   04  0.5658174E+03  0.1758981E+01 -0.3608703E+01  0.2171198E-01 -0.2302523E+01
   04  0.5674452E+03  0.1765317E+01 -0.3642101E+01  0.2179489E-01 -0.2296186E+01
   04  0.5690729E+03  0.1771523E+01 -0.3674708E+01  0.2188849E-01 -0.2289981E+01
   04  0.5707007E+03  0.1777595E+01 -0.3706511E+01  0.2199285E-01 -0.2283909E+01
   04  0.5723284E+03  0.1783533E+01 -0.3737500E+01  0.2210808E-01 -0.2277970E+01
   04  0.5739561E+03  0.1789336E+01 -0.3767669E+01  0.2223429E-01 -0.2272168E+01
   04  0.5755839E+03  0.1795002E+01 -0.3797010E+01  0.2237156E-01 -0.2266502E+01
   04  0.5772116E+03  0.1800531E+01 -0.3825520E+01  0.2251995E-01 -0.2260973E+01
   04  0.5788394E+03  0.1805923E+01 -0.3853197E+01  0.2267953E-01 -0.2255581E+01
   04  0.5804671E+03  0.1811177E+01 -0.3880040E+01  0.2285034E-01 -0.2250326E+01
   04  0.5820948E+03  0.1816295E+01 -0.3906050E+01  0.2303241E-01 -0.2245209E+01
   04  0.5837226E+03  0.1821276E+01 -0.3931229E+01  0.2322577E-01 -0.2240228E+01
   04  0.5853503E+03  0.1826122E+01 -0.3955582E+01  0.2343042E-01 -0.2235382E+01
   04  0.5869781E+03  0.1830833E+01 -0.3979112E+01  0.2364636E-01 -0.2230671E+01
   04  0.5886058E+03  0.1835410E+01 -0.4001825E+01  0.2387357E-01 -0.2226093E+01
   04  0.5902336E+03  0.1839851E+01 -0.4023746E+01  0.2411159E-01 -0.2221652E+01
   04  0.5918613E+03  0.1844153E+01 -0.4044893E+01  0.2435989E-01 -0.2217351E+01
   04  0.5934890E+03  0.1848317E+01 -0.4065272E+01  0.2461884E-01 -0.2213186E+01
   04  0.5951168E+03  0.1852346E+01 -0.4084891E+01  0.2488891E-01 -0.2209158E+01
   04  0.5967445E+03  0.1856238E+01 -0.4103769E+01  0.2517068E-01 -0.2205265E+01
   04  0.5983723E+03  0.1859995E+01 -0.4121920E+01  0.2546491E-01 -0.2201509E+01
