# gauge_id= 306 location=( -0.1242006667E+03  0.4176104167E+02 ) num_var=  4
# Stationary gauge
# level, time, q[  1  2  3], eta, aux[]
# file format ascii, time series follow in this file
   04  0.0000000E+00  0.9184190E+01  0.0000000E+00  0.0000000E+00  0.0000000E+00
   04  0.1000000E+01  0.9184190E+01 -0.7741551E-16 -0.2647531E-17 -0.2896548E+01
   04  0.1015873E+01  0.9184190E+01 -0.1712609E-03 -0.3686059E-04 -0.2896548E+01
   04  0.1031746E+01  0.9184189E+01 -0.3425190E-03 -0.7372120E-04 -0.2896549E+01
   04  0.1047619E+01  0.9184189E+01 -0.5137741E-03 -0.1105819E-03 -0.2896549E+01
   04  0.1063492E+01  0.9184188E+01 -0.6850263E-03 -0.1474425E-03 -0.2896550E+01
   04  0.1079365E+01  0.9184188E+01 -0.8562757E-03 -0.1843033E-03 -0.2896550E+01
   04  0.1095238E+01  0.9184187E+01 -0.1027522E-02 -0.2211640E-03 -0.2896551E+01
   04  0.1111111E+01  0.9184187E+01 -0.1198766E-02 -0.2580248E-03 -0.2896551E+01
   04  0.1126984E+01  0.9184186E+01 -0.1370007E-02 -0.2948857E-03 -0.2896552E+01
   04  0.1142857E+01  0.9184185E+01 -0.1541245E-02 -0.3317466E-03 -0.2896553E+01
   04  0.1158730E+01  0.9184185E+01 -0.1712480E-02 -0.3686075E-03 -0.2896553E+01
   04  0.1174603E+01  0.9184184E+01 -0.1883712E-02 -0.4054685E-03 -0.2896554E+01
   04  0.1190476E+01  0.9184184E+01 -0.2054942E-02 -0.4423296E-03 -0.2896554E+01
   04  0.1206349E+01  0.9184183E+01 -0.2226168E-02 -0.4791908E-03 -0.2896555E+01
   04  0.1222222E+01  0.9184183E+01 -0.2397392E-02 -0.5160519E-03 -0.2896555E+01
   04  0.1238095E+01  0.9184182E+01 -0.2568613E-02 -0.5529132E-03 -0.2896556E+01
   04  0.1253968E+01  0.9184181E+01 -0.2739832E-02 -0.5897745E-03 -0.2896557E+01
   04  0.1269841E+01  0.9184181E+01 -0.2911047E-02 -0.6266360E-03 -0.2896557E+01
   04  0.1285714E+01  0.9184180E+01 -0.3082260E-02 -0.6634974E-03 -0.2896558E+01
   04  0.1301587E+01  0.9184180E+01 -0.3253471E-02 -0.7003590E-03 -0.2896558E+01
   04  0.1317460E+01  0.9184179E+01 -0.3424678E-02 -0.7372207E-03 -0.2896559E+01
   04  0.1333333E+01  0.9184178E+01 -0.3595883E-02 -0.7740824E-03 -0.2896560E+01
   04  0.1349206E+01  0.9184178E+01 -0.3767085E-02 -0.8109442E-03 -0.2896560E+01
   04  0.1365079E+01  0.9184177E+01 -0.3938284E-02 -0.8478061E-03 -0.2896561E+01
   04  0.1380952E+01  0.9184176E+01 -0.4109481E-02 -0.8846682E-03 -0.2896562E+01
   04  0.1396825E+01  0.9184176E+01 -0.4280675E-02 -0.9215303E-03 -0.2896562E+01
   04  0.1412698E+01  0.9184175E+01 -0.4451867E-02 -0.9583925E-03 -0.2896563E+01
   04  0.1428571E+01  0.9184175E+01 -0.4623056E-02 -0.9952548E-03 -0.2896563E+01
   04  0.1476190E+01  0.9184173E+01 -0.5136620E-02 -0.1105838E-02 -0.2896565E+01
   04  0.1523810E+01  0.9184171E+01 -0.5650161E-02 -0.1216422E-02 -0.2896567E+01
   04  0.1571429E+01  0.9184169E+01 -0.6163679E-02 -0.1327007E-02 -0.2896569E+01
   04  0.1619048E+01  0.9184167E+01 -0.6677174E-02 -0.1437593E-02 -0.2896571E+01
   04  0.1666667E+01  0.9184165E+01 -0.7190647E-02 -0.1548181E-02 -0.2896573E+01
   04  0.1714286E+01  0.9184163E+01 -0.7704097E-02 -0.1658770E-02 -0.2896575E+01
   04  0.1761905E+01  0.9184161E+01 -0.8217525E-02 -0.1769360E-02 -0.2896577E+01
   04  0.1809524E+01  0.9184159E+01 -0.8730932E-02 -0.1879952E-02 -0.2896579E+01
   04  0.1857143E+01  0.9184157E+01 -0.9244317E-02 -0.1990545E-02 -0.2896581E+01
   04  0.1904762E+01  0.9184155E+01 -0.9757681E-02 -0.2101140E-02 -0.2896583E+01
   04  0.1952381E+01  0.9184152E+01 -0.1027102E-01 -0.2211737E-02 -0.2896586E+01
   04  0.2000000E+01  0.9184150E+01 -0.1078435E-01 -0.2322336E-02 -0.2896588E+01
   04  0.5727919E+01  0.9183908E+01 -0.5102400E-01 -0.1094873E-01 -0.2896830E+01
   04  0.9455838E+01  0.9183508E+01 -0.9118413E-01 -0.1961173E-01 -0.2897230E+01
   04  0.1318376E+02  0.9182945E+01 -0.1313781E+00 -0.2834851E-01 -0.2897793E+01
   04  0.1691168E+02  0.9182218E+01 -0.1716908E+00 -0.3719378E-01 -0.2898520E+01
   04  0.2063960E+02  0.9181329E+01 -0.2121795E+00 -0.4617801E-01 -0.2899409E+01
   04  0.2436752E+02  0.9180281E+01 -0.2528738E+00 -0.5532580E-01 -0.2900457E+01
   04  0.2809543E+02  0.9179080E+01 -0.2937761E+00 -0.6465462E-01 -0.2901658E+01
   04  0.3182335E+02  0.9177736E+01 -0.3348615E+00 -0.7417381E-01 -0.2903002E+01
   04  0.3555127E+02  0.9176261E+01 -0.3760827E+00 -0.8387463E-01 -0.2904477E+01
   04  0.3834721E+02  0.9175077E+01 -0.4070476E+00 -0.9121696E-01 -0.2905661E+01
   04  0.4114315E+02  0.9173837E+01 -0.4380246E+00 -0.9861321E-01 -0.2906901E+01
   04  0.4393909E+02  0.9172548E+01 -0.4689753E+00 -0.1060565E+00 -0.2908190E+01
   04  0.4673503E+02  0.9171215E+01 -0.4998583E+00 -0.1135382E+00 -0.2909523E+01
   04  0.4922031E+02  0.9169999E+01 -0.5272087E+00 -0.1202102E+00 -0.2910739E+01
   04  0.5170559E+02  0.9168763E+01 -0.5544023E+00 -0.1268959E+00 -0.2911975E+01
   04  0.5419087E+02  0.9167514E+01 -0.5813849E+00 -0.1335831E+00 -0.2913224E+01
   04  0.5667615E+02  0.9166257E+01 -0.6081069E+00 -0.1402575E+00 -0.2914481E+01
   04  0.5916143E+02  0.9165000E+01 -0.6345236E+00 -0.1469048E+00 -0.2915738E+01
   04  0.6164671E+02  0.9163748E+01 -0.6605961E+00 -0.1535109E+00 -0.2916990E+01
   04  0.6413199E+02  0.9162499E+01 -0.6862891E+00 -0.1601203E+00 -0.2918239E+01
   04  0.6661727E+02  0.9161261E+01 -0.7115724E+00 -0.1667125E+00 -0.2919477E+01
   04  0.6910255E+02  0.9160037E+01 -0.7364217E+00 -0.1732721E+00 -0.2920701E+01
   04  0.7158783E+02  0.9158831E+01 -0.7608159E+00 -0.1797891E+00 -0.2921907E+01
   04  0.7407311E+02  0.9157647E+01 -0.7847365E+00 -0.1862473E+00 -0.2923091E+01
   04  0.7655838E+02  0.9156489E+01 -0.8081679E+00 -0.1926318E+00 -0.2924249E+01
   04  0.7904366E+02  0.9155361E+01 -0.8310974E+00 -0.1989294E+00 -0.2925377E+01
   04  0.8152894E+02  0.9154266E+01 -0.8535151E+00 -0.2051281E+00 -0.2926472E+01
   04  0.8401422E+02  0.9153206E+01 -0.8754132E+00 -0.2112169E+00 -0.2927532E+01
   04  0.8649950E+02  0.9152184E+01 -0.8967858E+00 -0.2171857E+00 -0.2928554E+01
   04  0.8898478E+02  0.9151202E+01 -0.9176288E+00 -0.2230254E+00 -0.2929536E+01
   04  0.9147006E+02  0.9150263E+01 -0.9379398E+00 -0.2287275E+00 -0.2930475E+01
   04  0.9445240E+02  0.9149196E+01 -0.9616278E+00 -0.2353862E+00 -0.2931542E+01
   04  0.9743473E+02  0.9148195E+01 -0.9845533E+00 -0.2418225E+00 -0.2932543E+01
   04  0.1004171E+03  0.9147266E+01 -0.1006674E+01 -0.2480234E+00 -0.2933472E+01
   04  0.1033994E+03  0.9146420E+01 -0.1027906E+01 -0.2539738E+00 -0.2934318E+01
   04  0.1063817E+03  0.9145655E+01 -0.1048276E+01 -0.2596776E+00 -0.2935083E+01
   04  0.1093641E+03  0.9144965E+01 -0.1067809E+01 -0.2652137E+00 -0.2935773E+01
   04  0.1123464E+03  0.9144349E+01 -0.1086529E+01 -0.2705807E+00 -0.2936389E+01
   04  0.1153287E+03  0.9143808E+01 -0.1104459E+01 -0.2757788E+00 -0.2936930E+01
   04  0.1183111E+03  0.9143342E+01 -0.1121617E+01 -0.2808088E+00 -0.2937396E+01
   04  0.1212934E+03  0.9142950E+01 -0.1138017E+01 -0.2856729E+00 -0.2937788E+01
   04  0.1242758E+03  0.9142635E+01 -0.1153673E+01 -0.2903741E+00 -0.2938103E+01
   04  0.1272581E+03  0.9142394E+01 -0.1168601E+01 -0.2949137E+00 -0.2938344E+01
   04  0.1302404E+03  0.9142223E+01 -0.1182779E+01 -0.2992880E+00 -0.2938515E+01
   04  0.1332228E+03  0.9142124E+01 -0.1196259E+01 -0.3035048E+00 -0.2938614E+01
   04  0.1362051E+03  0.9142097E+01 -0.1209060E+01 -0.3075674E+00 -0.2938641E+01
   04  0.1391874E+03  0.9142141E+01 -0.1221194E+01 -0.3114781E+00 -0.2938597E+01
   04  0.1421698E+03  0.9142254E+01 -0.1232671E+01 -0.3152395E+00 -0.2938484E+01
   04  0.1451521E+03  0.9142436E+01 -0.1243506E+01 -0.3188558E+00 -0.2938302E+01
   04  0.1481344E+03  0.9142684E+01 -0.1253711E+01 -0.3223312E+00 -0.2938054E+01
   04  0.1511168E+03  0.9142998E+01 -0.1263305E+01 -0.3256692E+00 -0.2937740E+01
   04  0.1540991E+03  0.9143368E+01 -0.1272385E+01 -0.3288755E+00 -0.2937370E+01
   04  0.1570814E+03  0.9143793E+01 -0.1280977E+01 -0.3319534E+00 -0.2936946E+01
   04  0.1600638E+03  0.9144269E+01 -0.1289101E+01 -0.3349105E+00 -0.2936469E+01
   04  0.1630461E+03  0.9144794E+01 -0.1296777E+01 -0.3377529E+00 -0.2935944E+01
   04  0.1660284E+03  0.9145371E+01 -0.1304024E+01 -0.3404242E+00 -0.2935367E+01
   04  0.1690108E+03  0.9145995E+01 -0.1310859E+01 -0.3429378E+00 -0.2934743E+01
   04  0.1719931E+03  0.9146664E+01 -0.1317299E+01 -0.3452986E+00 -0.2934074E+01
   04  0.1749755E+03  0.9147375E+01 -0.1323362E+01 -0.3475130E+00 -0.2933363E+01
   04  0.1779578E+03  0.9148128E+01 -0.1329063E+01 -0.3495879E+00 -0.2932610E+01
   04  0.1809401E+03  0.9148919E+01 -0.1334417E+01 -0.3515307E+00 -0.2931819E+01
   04  0.1824313E+03  0.9149329E+01 -0.1337001E+01 -0.3524507E+00 -0.2931409E+01
   04  0.1839225E+03  0.9149747E+01 -0.1339504E+01 -0.3533404E+00 -0.2930991E+01
   04  0.1854136E+03  0.9150174E+01 -0.1341929E+01 -0.3542007E+00 -0.2930564E+01
   04  0.1869048E+03  0.9150609E+01 -0.1344277E+01 -0.3550326E+00 -0.2930129E+01
   04  0.1883960E+03  0.9151052E+01 -0.1346550E+01 -0.3558368E+00 -0.2929686E+01
   04  0.1898871E+03  0.9151502E+01 -0.1348750E+01 -0.3566143E+00 -0.2929236E+01
   04  0.1913783E+03  0.9151959E+01 -0.1350879E+01 -0.3573659E+00 -0.2928779E+01
   04  0.1928695E+03  0.9152424E+01 -0.1352938E+01 -0.3580923E+00 -0.2928314E+01
   04  0.1943606E+03  0.9152895E+01 -0.1354930E+01 -0.3587944E+00 -0.2927843E+01
   04  0.1958518E+03  0.9153373E+01 -0.1356856E+01 -0.3594728E+00 -0.2927365E+01
   04  0.1973430E+03  0.9153857E+01 -0.1358719E+01 -0.3601284E+00 -0.2926881E+01
   04  0.1988341E+03  0.9154347E+01 -0.1360521E+01 -0.3607620E+00 -0.2926391E+01
   04  0.2003253E+03  0.9154843E+01 -0.1362263E+01 -0.3613744E+00 -0.2925895E+01
   04  0.2018165E+03  0.9155344E+01 -0.1363948E+01 -0.3619664E+00 -0.2925394E+01
   04  0.2033076E+03  0.9155851E+01 -0.1365579E+01 -0.3625385E+00 -0.2924887E+01
   04  0.2047988E+03  0.9156362E+01 -0.1367160E+01 -0.3630914E+00 -0.2924376E+01
   04  0.2062900E+03  0.9156879E+01 -0.1368692E+01 -0.3636182E+00 -0.2923859E+01
   04  0.2077811E+03  0.9157400E+01 -0.1370177E+01 -0.3641193E+00 -0.2923338E+01
   04  0.2092723E+03  0.9157927E+01 -0.1371619E+01 -0.3645954E+00 -0.2922811E+01
   04  0.2107635E+03  0.9158458E+01 -0.1373020E+01 -0.3650470E+00 -0.2922280E+01
   04  0.2122546E+03  0.9158993E+01 -0.1374382E+01 -0.3654745E+00 -0.2921745E+01
   04  0.2137458E+03  0.9159532E+01 -0.1375709E+01 -0.3658786E+00 -0.2921206E+01
   04  0.2152370E+03  0.9160074E+01 -0.1377003E+01 -0.3662596E+00 -0.2920664E+01
   04  0.2167281E+03  0.9160619E+01 -0.1378266E+01 -0.3666181E+00 -0.2920119E+01
   04  0.2182193E+03  0.9161167E+01 -0.1379502E+01 -0.3669546E+00 -0.2919571E+01
   04  0.2197105E+03  0.9161718E+01 -0.1380712E+01 -0.3672695E+00 -0.2919020E+01
   04  0.2212017E+03  0.9162271E+01 -0.1381899E+01 -0.3675635E+00 -0.2918467E+01
   04  0.2226928E+03  0.9162825E+01 -0.1383065E+01 -0.3678371E+00 -0.2917913E+01
   04  0.2241840E+03  0.9163381E+01 -0.1384213E+01 -0.3680911E+00 -0.2917357E+01
   04  0.2256752E+03  0.9163939E+01 -0.1385355E+01 -0.3683258E+00 -0.2916799E+01
   04  0.2271663E+03  0.9164499E+01 -0.1386496E+01 -0.3685406E+00 -0.2916239E+01
   04  0.2286575E+03  0.9165061E+01 -0.1387637E+01 -0.3687354E+00 -0.2915677E+01
   04  0.2301487E+03  0.9165623E+01 -0.1388780E+01 -0.3689105E+00 -0.2915115E+01
   04  0.2316398E+03  0.9166186E+01 -0.1389926E+01 -0.3690659E+00 -0.2914552E+01
   04  0.2331310E+03  0.9166750E+01 -0.1391077E+01 -0.3692012E+00 -0.2913988E+01
   04  0.2346222E+03  0.9167312E+01 -0.1392235E+01 -0.3693074E+00 -0.2913426E+01
   04  0.2361133E+03  0.9167874E+01 -0.1393402E+01 -0.3693849E+00 -0.2912864E+01
   04  0.2376045E+03  0.9168434E+01 -0.1394578E+01 -0.3694343E+00 -0.2912304E+01
   04  0.2390957E+03  0.9168993E+01 -0.1395766E+01 -0.3694562E+00 -0.2911745E+01
   04  0.2405868E+03  0.9169549E+01 -0.1396968E+01 -0.3694512E+00 -0.2911189E+01
   04  0.2420780E+03  0.9170104E+01 -0.1398185E+01 -0.3694198E+00 -0.2910634E+01
   04  0.2435692E+03  0.9170656E+01 -0.1399418E+01 -0.3693628E+00 -0.2910082E+01
   04  0.2450603E+03  0.9171206E+01 -0.1400670E+01 -0.3692807E+00 -0.2909532E+01
   04  0.2465515E+03  0.9171753E+01 -0.1401941E+01 -0.3691743E+00 -0.2908985E+01
   04  0.2480427E+03  0.9172297E+01 -0.1403234E+01 -0.3690442E+00 -0.2908441E+01
   04  0.2495338E+03  0.9172838E+01 -0.1404550E+01 -0.3688911E+00 -0.2907900E+01
   04  0.2510250E+03  0.9173377E+01 -0.1405890E+01 -0.3687158E+00 -0.2907361E+01
   04  0.2525162E+03  0.9173912E+01 -0.1407254E+01 -0.3685189E+00 -0.2906826E+01
   04  0.2540073E+03  0.9174444E+01 -0.1408643E+01 -0.3683013E+00 -0.2906294E+01
   04  0.2554985E+03  0.9174973E+01 -0.1410056E+01 -0.3680637E+00 -0.2905765E+01
   04  0.2569897E+03  0.9175499E+01 -0.1411494E+01 -0.3678069E+00 -0.2905239E+01
   04  0.2584808E+03  0.9176021E+01 -0.1412957E+01 -0.3675318E+00 -0.2904717E+01
   04  0.2599720E+03  0.9176541E+01 -0.1414444E+01 -0.3672423E+00 -0.2904197E+01
   04  0.2614632E+03  0.9177058E+01 -0.1415957E+01 -0.3669404E+00 -0.2903680E+01
   04  0.2629543E+03  0.9177573E+01 -0.1417496E+01 -0.3666268E+00 -0.2903165E+01
   04  0.2644455E+03  0.9178085E+01 -0.1419059E+01 -0.3663023E+00 -0.2902653E+01
   04  0.2659367E+03  0.9178594E+01 -0.1420648E+01 -0.3659676E+00 -0.2902144E+01
   04  0.2674278E+03  0.9179101E+01 -0.1422263E+01 -0.3656236E+00 -0.2901637E+01
   04  0.2689190E+03  0.9179605E+01 -0.1423904E+01 -0.3652710E+00 -0.2901133E+01
   04  0.2704102E+03  0.9180106E+01 -0.1425571E+01 -0.3649106E+00 -0.2900632E+01
   04  0.2719014E+03  0.9180605E+01 -0.1427264E+01 -0.3645433E+00 -0.2900133E+01
   04  0.2733925E+03  0.9181101E+01 -0.1428984E+01 -0.3641700E+00 -0.2899637E+01
   04  0.2748837E+03  0.9181594E+01 -0.1430730E+01 -0.3637866E+00 -0.2899144E+01
   04  0.2763749E+03  0.9182085E+01 -0.1432503E+01 -0.3633922E+00 -0.2898653E+01
   04  0.2778660E+03  0.9182572E+01 -0.1434303E+01 -0.3629875E+00 -0.2898166E+01
   04  0.2793572E+03  0.9183056E+01 -0.1436131E+01 -0.3625736E+00 -0.2897682E+01
   04  0.2808484E+03  0.9183538E+01 -0.1437986E+01 -0.3621516E+00 -0.2897200E+01
   04  0.2823395E+03  0.9184016E+01 -0.1439870E+01 -0.3617225E+00 -0.2896722E+01
   04  0.2838307E+03  0.9184492E+01 -0.1441781E+01 -0.3612874E+00 -0.2896246E+01
   04  0.2853219E+03  0.9184965E+01 -0.1443721E+01 -0.3608474E+00 -0.2895773E+01
   04  0.2868130E+03  0.9185436E+01 -0.1445690E+01 -0.3604037E+00 -0.2895302E+01
   04  0.2883042E+03  0.9185904E+01 -0.1447688E+01 -0.3599572E+00 -0.2894834E+01
   04  0.2897954E+03  0.9186370E+01 -0.1449716E+01 -0.3595091E+00 -0.2894368E+01
   04  0.2912865E+03  0.9186833E+01 -0.1451773E+01 -0.3590604E+00 -0.2893905E+01
   04  0.2927777E+03  0.9187294E+01 -0.1453860E+01 -0.3586121E+00 -0.2893444E+01
   04  0.2942689E+03  0.9187754E+01 -0.1455978E+01 -0.3581653E+00 -0.2892984E+01
   04  0.2957600E+03  0.9188211E+01 -0.1458126E+01 -0.3577210E+00 -0.2892527E+01
   04  0.2972512E+03  0.9188667E+01 -0.1460304E+01 -0.3572800E+00 -0.2892071E+01
   04  0.2987424E+03  0.9189120E+01 -0.1462514E+01 -0.3568435E+00 -0.2891618E+01
   04  0.3002335E+03  0.9189573E+01 -0.1464755E+01 -0.3564125E+00 -0.2891165E+01
   04  0.3017247E+03  0.9190023E+01 -0.1467027E+01 -0.3559882E+00 -0.2890715E+01
   04  0.3032159E+03  0.9190473E+01 -0.1469330E+01 -0.3555718E+00 -0.2890265E+01
   04  0.3047070E+03  0.9190921E+01 -0.1471665E+01 -0.3551643E+00 -0.2889817E+01
   04  0.3061982E+03  0.9191368E+01 -0.1474032E+01 -0.3547668E+00 -0.2889370E+01
   04  0.3076894E+03  0.9191814E+01 -0.1476432E+01 -0.3543802E+00 -0.2888924E+01
   04  0.3091805E+03  0.9192260E+01 -0.1478864E+01 -0.3540056E+00 -0.2888478E+01
   04  0.3106717E+03  0.9192705E+01 -0.1481328E+01 -0.3536441E+00 -0.2888033E+01
   04  0.3121629E+03  0.9193149E+01 -0.1483826E+01 -0.3532965E+00 -0.2887589E+01
   04  0.3136540E+03  0.9193593E+01 -0.1486358E+01 -0.3529641E+00 -0.2887145E+01
   04  0.3151452E+03  0.9194037E+01 -0.1488922E+01 -0.3526480E+00 -0.2886701E+01
   04  0.3165017E+03  0.9194441E+01 -0.1491287E+01 -0.3523756E+00 -0.2886297E+01
   04  0.3178581E+03  0.9194845E+01 -0.1493679E+01 -0.3521183E+00 -0.2885893E+01
   04  0.3192146E+03  0.9195249E+01 -0.1496099E+01 -0.3518771E+00 -0.2885489E+01
   04  0.3205710E+03  0.9195654E+01 -0.1498548E+01 -0.3516526E+00 -0.2885084E+01
   04  0.3219275E+03  0.9196059E+01 -0.1501024E+01 -0.3514456E+00 -0.2884679E+01
   04  0.3232839E+03  0.9196465E+01 -0.1503530E+01 -0.3512568E+00 -0.2884273E+01
   04  0.3246404E+03  0.9196872E+01 -0.1506064E+01 -0.3510872E+00 -0.2883866E+01
   04  0.3259968E+03  0.9197280E+01 -0.1508627E+01 -0.3509372E+00 -0.2883458E+01
   04  0.3273533E+03  0.9197689E+01 -0.1511220E+01 -0.3508078E+00 -0.2883049E+01
   04  0.3287097E+03  0.9198099E+01 -0.1513843E+01 -0.3506997E+00 -0.2882639E+01
   04  0.3300662E+03  0.9198511E+01 -0.1516497E+01 -0.3506135E+00 -0.2882227E+01
   04  0.3314226E+03  0.9198926E+01 -0.1519165E+01 -0.3505501E+00 -0.2881812E+01
   04  0.3327791E+03  0.9199344E+01 -0.1521850E+01 -0.3505106E+00 -0.2881394E+01
   04  0.3341355E+03  0.9199765E+01 -0.1524551E+01 -0.3504957E+00 -0.2880973E+01
   04  0.3354920E+03  0.9200189E+01 -0.1527271E+01 -0.3505064E+00 -0.2880549E+01
   04  0.3368484E+03  0.9200617E+01 -0.1530010E+01 -0.3505434E+00 -0.2880121E+01
   04  0.3382049E+03  0.9201048E+01 -0.1532769E+01 -0.3506078E+00 -0.2879690E+01
   04  0.3395613E+03  0.9201483E+01 -0.1535550E+01 -0.3507003E+00 -0.2879255E+01
   04  0.3409178E+03  0.9201921E+01 -0.1538353E+01 -0.3508220E+00 -0.2878817E+01
   04  0.3422742E+03  0.9202363E+01 -0.1541179E+01 -0.3509736E+00 -0.2878375E+01
   04  0.3436307E+03  0.9202810E+01 -0.1544030E+01 -0.3511559E+00 -0.2877928E+01
   04  0.3449871E+03  0.9203260E+01 -0.1546907E+01 -0.3513699E+00 -0.2877478E+01
   04  0.3463436E+03  0.9203714E+01 -0.1549809E+01 -0.3516164E+00 -0.2877024E+01
   04  0.3477000E+03  0.9204173E+01 -0.1552739E+01 -0.3518964E+00 -0.2876565E+01
   04  0.3490565E+03  0.9204637E+01 -0.1555696E+01 -0.3522106E+00 -0.2876101E+01
   04  0.3504130E+03  0.9205104E+01 -0.1558674E+01 -0.3525599E+00 -0.2875634E+01
   04  0.3517694E+03  0.9205575E+01 -0.1561673E+01 -0.3529450E+00 -0.2875163E+01
   04  0.3531259E+03  0.9206050E+01 -0.1564694E+01 -0.3533667E+00 -0.2874688E+01
   04  0.3544823E+03  0.9206529E+01 -0.1567736E+01 -0.3538260E+00 -0.2874209E+01
   04  0.3558388E+03  0.9207013E+01 -0.1570802E+01 -0.3543237E+00 -0.2873725E+01
   04  0.3574665E+03  0.9207600E+01 -0.1574508E+01 -0.3549723E+00 -0.2873138E+01
   04  0.3590942E+03  0.9208194E+01 -0.1578248E+01 -0.3556792E+00 -0.2872544E+01
   04  0.3607220E+03  0.9208795E+01 -0.1582023E+01 -0.3564457E+00 -0.2871943E+01
   04  0.3623497E+03  0.9209404E+01 -0.1585834E+01 -0.3572738E+00 -0.2871334E+01
   04  0.3639775E+03  0.9210021E+01 -0.1589681E+01 -0.3581649E+00 -0.2870717E+01
   04  0.3656052E+03  0.9210647E+01 -0.1593565E+01 -0.3591210E+00 -0.2870091E+01
   04  0.3672329E+03  0.9211282E+01 -0.1597486E+01 -0.3601439E+00 -0.2869456E+01
   04  0.3688607E+03  0.9211927E+01 -0.1601446E+01 -0.3612354E+00 -0.2868811E+01
   04  0.3704884E+03  0.9212581E+01 -0.1605443E+01 -0.3623977E+00 -0.2868157E+01
   04  0.3721162E+03  0.9213246E+01 -0.1609479E+01 -0.3636327E+00 -0.2867492E+01
   04  0.3737439E+03  0.9213922E+01 -0.1613554E+01 -0.3649427E+00 -0.2866816E+01
   04  0.3753717E+03  0.9214609E+01 -0.1617668E+01 -0.3663299E+00 -0.2866129E+01
   04  0.3769994E+03  0.9215307E+01 -0.1621822E+01 -0.3677967E+00 -0.2865431E+01
   04  0.3786271E+03  0.9216018E+01 -0.1626015E+01 -0.3693454E+00 -0.2864720E+01
   04  0.3802549E+03  0.9216742E+01 -0.1630248E+01 -0.3709786E+00 -0.2863996E+01
   04  0.3818826E+03  0.9217479E+01 -0.1634522E+01 -0.3727031E+00 -0.2863259E+01
   04  0.3835104E+03  0.9218231E+01 -0.1638833E+01 -0.3745246E+00 -0.2862507E+01
   04  0.3851381E+03  0.9218998E+01 -0.1643183E+01 -0.3764461E+00 -0.2861740E+01
   04  0.3867658E+03  0.9219780E+01 -0.1647573E+01 -0.3784706E+00 -0.2860958E+01
   04  0.3883936E+03  0.9220578E+01 -0.1652003E+01 -0.3806008E+00 -0.2860160E+01
   04  0.3900213E+03  0.9221393E+01 -0.1656473E+01 -0.3828390E+00 -0.2859345E+01
   04  0.3916491E+03  0.9222225E+01 -0.1660980E+01 -0.3851871E+00 -0.2858513E+01
   04  0.3932768E+03  0.9223075E+01 -0.1665526E+01 -0.3876485E+00 -0.2857663E+01
   04  0.3949046E+03  0.9223942E+01 -0.1670110E+01 -0.3902270E+00 -0.2856796E+01
   04  0.3965323E+03  0.9224829E+01 -0.1674730E+01 -0.3929266E+00 -0.2855909E+01
   04  0.3981600E+03  0.9225734E+01 -0.1679385E+01 -0.3957515E+00 -0.2855004E+01
   04  0.3997878E+03  0.9226659E+01 -0.1684077E+01 -0.3987064E+00 -0.2854079E+01
   04  0.4014155E+03  0.9227603E+01 -0.1688803E+01 -0.4017964E+00 -0.2853135E+01
   04  0.4030433E+03  0.9228568E+01 -0.1693563E+01 -0.4050270E+00 -0.2852170E+01
   04  0.4046710E+03  0.9229553E+01 -0.1698357E+01 -0.4084008E+00 -0.2851185E+01
   04  0.4062987E+03  0.9230559E+01 -0.1703185E+01 -0.4119195E+00 -0.2850179E+01
   04  0.4079265E+03  0.9231584E+01 -0.1708074E+01 -0.4155873E+00 -0.2849154E+01
   04  0.4095542E+03  0.9232628E+01 -0.1713022E+01 -0.4194082E+00 -0.2848110E+01
   04  0.4111820E+03  0.9233691E+01 -0.1718031E+01 -0.4233870E+00 -0.2847047E+01
   04  0.4128097E+03  0.9234774E+01 -0.1723102E+01 -0.4275286E+00 -0.2845964E+01
   04  0.4144375E+03  0.9235876E+01 -0.1728243E+01 -0.4318415E+00 -0.2844862E+01
   04  0.4160652E+03  0.9236998E+01 -0.1733452E+01 -0.4363243E+00 -0.2843740E+01
   04  0.4176929E+03  0.9238144E+01 -0.1738726E+01 -0.4409424E+00 -0.2842594E+01
   04  0.4193207E+03  0.9239313E+01 -0.1744063E+01 -0.4456987E+00 -0.2841425E+01
   04  0.4209484E+03  0.9240507E+01 -0.1749463E+01 -0.4505963E+00 -0.2840231E+01
   04  0.4225762E+03  0.9241725E+01 -0.1754925E+01 -0.4556384E+00 -0.2839013E+01
   04  0.4242039E+03  0.9242968E+01 -0.1760449E+01 -0.4608281E+00 -0.2837770E+01
   04  0.4258316E+03  0.9244237E+01 -0.1766036E+01 -0.4661674E+00 -0.2836501E+01
   04  0.4274594E+03  0.9245531E+01 -0.1771688E+01 -0.4716586E+00 -0.2835207E+01
   04  0.4290871E+03  0.9246852E+01 -0.1777404E+01 -0.4773043E+00 -0.2833886E+01
   04  0.4307149E+03  0.9248199E+01 -0.1783185E+01 -0.4831067E+00 -0.2832539E+01
   04  0.4323426E+03  0.9249573E+01 -0.1789031E+01 -0.4890681E+00 -0.2831165E+01
   04  0.4339704E+03  0.9250974E+01 -0.1794941E+01 -0.4951908E+00 -0.2829764E+01
   04  0.4355981E+03  0.9252403E+01 -0.1800916E+01 -0.5014769E+00 -0.2828335E+01
   04  0.4372258E+03  0.9253861E+01 -0.1806956E+01 -0.5079283E+00 -0.2826878E+01
   04  0.4388536E+03  0.9255346E+01 -0.1813063E+01 -0.5145469E+00 -0.2825392E+01
   04  0.4404813E+03  0.9256861E+01 -0.1819235E+01 -0.5213345E+00 -0.2823877E+01
   04  0.4421091E+03  0.9258406E+01 -0.1825473E+01 -0.5282927E+00 -0.2822332E+01
   04  0.4437368E+03  0.9259980E+01 -0.1831779E+01 -0.5354232E+00 -0.2820758E+01
   04  0.4453645E+03  0.9261585E+01 -0.1838153E+01 -0.5427274E+00 -0.2819153E+01
   04  0.4469923E+03  0.9263221E+01 -0.1844597E+01 -0.5502066E+00 -0.2817517E+01
   04  0.4486200E+03  0.9264889E+01 -0.1851112E+01 -0.5578621E+00 -0.2815849E+01
   04  0.4502478E+03  0.9266588E+01 -0.1857700E+01 -0.5656948E+00 -0.2814150E+01
   04  0.4518755E+03  0.9268320E+01 -0.1864363E+01 -0.5737059E+00 -0.2812418E+01
   04  0.4535033E+03  0.9270085E+01 -0.1871104E+01 -0.5818961E+00 -0.2810653E+01
   04  0.4551310E+03  0.9271883E+01 -0.1877926E+01 -0.5902661E+00 -0.2808855E+01
   04  0.4567587E+03  0.9273715E+01 -0.1884832E+01 -0.5988163E+00 -0.2807023E+01
   04  0.4583865E+03  0.9275582E+01 -0.1891826E+01 -0.6075473E+00 -0.2805156E+01
   04  0.4600142E+03  0.9277484E+01 -0.1898912E+01 -0.6164593E+00 -0.2803254E+01
   04  0.4616420E+03  0.9279421E+01 -0.1906096E+01 -0.6255526E+00 -0.2801317E+01
   04  0.4632697E+03  0.9281395E+01 -0.1913382E+01 -0.6348272E+00 -0.2799343E+01
   04  0.4648974E+03  0.9283406E+01 -0.1920776E+01 -0.6442833E+00 -0.2797332E+01
   04  0.4665252E+03  0.9285454E+01 -0.1928284E+01 -0.6539207E+00 -0.2795284E+01
   04  0.4681529E+03  0.9287541E+01 -0.1935914E+01 -0.6637393E+00 -0.2793197E+01
   04  0.4697807E+03  0.9289666E+01 -0.1943672E+01 -0.6737399E+00 -0.2791072E+01
   04  0.4714084E+03  0.9291830E+01 -0.1951567E+01 -0.6839343E+00 -0.2788908E+01
   04  0.4730362E+03  0.9294034E+01 -0.1959607E+01 -0.6943217E+00 -0.2786704E+01
   04  0.4746639E+03  0.9296277E+01 -0.1967801E+01 -0.7049012E+00 -0.2784461E+01
   04  0.4762916E+03  0.9298562E+01 -0.1976160E+01 -0.7156719E+00 -0.2782176E+01
   04  0.4779194E+03  0.9300889E+01 -0.1984694E+01 -0.7266327E+00 -0.2779849E+01
   04  0.4795471E+03  0.9303259E+01 -0.1993414E+01 -0.7377824E+00 -0.2777479E+01
   04  0.4811749E+03  0.9305673E+01 -0.2002332E+01 -0.7491197E+00 -0.2775065E+01
   04  0.4828026E+03  0.9308133E+01 -0.2011462E+01 -0.7606434E+00 -0.2772605E+01
   04  0.4844303E+03  0.9310639E+01 -0.2020818E+01 -0.7723522E+00 -0.2770099E+01
   04  0.4860581E+03  0.9313192E+01 -0.2030412E+01 -0.7842446E+00 -0.2767546E+01
   04  0.4876858E+03  0.9315795E+01 -0.2040261E+01 -0.7963195E+00 -0.2764943E+01
   04  0.4893136E+03  0.9318447E+01 -0.2050381E+01 -0.8085752E+00 -0.2762291E+01
   04  0.4909413E+03  0.9321151E+01 -0.2060788E+01 -0.8210106E+00 -0.2759587E+01
   04  0.4925691E+03  0.9323907E+01 -0.2071499E+01 -0.8336243E+00 -0.2756831E+01
   04  0.4941968E+03  0.9326718E+01 -0.2082533E+01 -0.8464149E+00 -0.2754020E+01
   04  0.4958245E+03  0.9329584E+01 -0.2093909E+01 -0.8593811E+00 -0.2751154E+01
   04  0.4974523E+03  0.9332507E+01 -0.2105647E+01 -0.8725218E+00 -0.2748231E+01
   04  0.4990800E+03  0.9335489E+01 -0.2117765E+01 -0.8858356E+00 -0.2745249E+01
   04  0.5007078E+03  0.9338531E+01 -0.2130288E+01 -0.8993215E+00 -0.2742207E+01
   04  0.5023355E+03  0.9341635E+01 -0.2143238E+01 -0.9129786E+00 -0.2739103E+01
   04  0.5039632E+03  0.9344802E+01 -0.2156637E+01 -0.9268058E+00 -0.2735936E+01
   04  0.5055910E+03  0.9348034E+01 -0.2170507E+01 -0.9408023E+00 -0.2732704E+01
   04  0.5072187E+03  0.9351332E+01 -0.2184872E+01 -0.9549671E+00 -0.2729406E+01
   04  0.5088465E+03  0.9354699E+01 -0.2199755E+01 -0.9693014E+00 -0.2726039E+01
   04  0.5104742E+03  0.9358136E+01 -0.2215178E+01 -0.9838044E+00 -0.2722602E+01
   04  0.5121020E+03  0.9361645E+01 -0.2231165E+01 -0.9984668E+00 -0.2719093E+01
   04  0.5137297E+03  0.9365228E+01 -0.2247741E+01 -0.1013282E+01 -0.2715510E+01
   04  0.5153574E+03  0.9368887E+01 -0.2264930E+01 -0.1028251E+01 -0.2711851E+01
   04  0.5169852E+03  0.9372622E+01 -0.2282755E+01 -0.1043373E+01 -0.2708116E+01
   04  0.5186129E+03  0.9376436E+01 -0.2301241E+01 -0.1058648E+01 -0.2704302E+01
   04  0.5202407E+03  0.9380330E+01 -0.2320411E+01 -0.1074077E+01 -0.2700408E+01
   04  0.5218684E+03  0.9384306E+01 -0.2340289E+01 -0.1089659E+01 -0.2696432E+01
   04  0.5234961E+03  0.9388364E+01 -0.2360898E+01 -0.1105396E+01 -0.2692374E+01
   04  0.5251239E+03  0.9392506E+01 -0.2382261E+01 -0.1121289E+01 -0.2688232E+01
   04  0.5267516E+03  0.9396733E+01 -0.2404399E+01 -0.1137338E+01 -0.2684005E+01
   04  0.5283794E+03  0.9401047E+01 -0.2427334E+01 -0.1153545E+01 -0.2679691E+01
   04  0.5300071E+03  0.9405448E+01 -0.2451086E+01 -0.1169910E+01 -0.2675290E+01
   04  0.5316349E+03  0.9409938E+01 -0.2475675E+01 -0.1186435E+01 -0.2670800E+01
   04  0.5332626E+03  0.9414517E+01 -0.2501119E+01 -0.1203121E+01 -0.2666221E+01
   04  0.5348903E+03  0.9419187E+01 -0.2527437E+01 -0.1219970E+01 -0.2661551E+01
   04  0.5365181E+03  0.9423948E+01 -0.2554644E+01 -0.1236984E+01 -0.2656790E+01
   04  0.5381458E+03  0.9428801E+01 -0.2582757E+01 -0.1254164E+01 -0.2651937E+01
   04  0.5397736E+03  0.9433745E+01 -0.2611790E+01 -0.1271512E+01 -0.2646993E+01
   04  0.5414013E+03  0.9438783E+01 -0.2641756E+01 -0.1289030E+01 -0.2641955E+01
   04  0.5430290E+03  0.9443914E+01 -0.2672673E+01 -0.1306720E+01 -0.2636824E+01
   04  0.5446568E+03  0.9449137E+01 -0.2704552E+01 -0.1324583E+01 -0.2631601E+01
   04  0.5462845E+03  0.9454454E+01 -0.2737400E+01 -0.1342623E+01 -0.2626284E+01
   04  0.5479123E+03  0.9459864E+01 -0.2771225E+01 -0.1360839E+01 -0.2620874E+01
   04  0.5495400E+03  0.9465366E+01 -0.2806031E+01 -0.1379236E+01 -0.2615372E+01
   04  0.5511678E+03  0.9470960E+01 -0.2841822E+01 -0.1397814E+01 -0.2609778E+01
   04  0.5527955E+03  0.9476645E+01 -0.2878598E+01 -0.1416575E+01 -0.2604093E+01
   04  0.5544232E+03  0.9482421E+01 -0.2916360E+01 -0.1435520E+01 -0.2598317E+01
   04  0.5560510E+03  0.9488286E+01 -0.2955105E+01 -0.1454653E+01 -0.2592452E+01
   04  0.5576787E+03  0.9494239E+01 -0.2994831E+01 -0.1473972E+01 -0.2586499E+01
   04  0.5593065E+03  0.9500279E+01 -0.3035529E+01 -0.1493481E+01 -0.2580459E+01
   04  0.5609342E+03  0.9506403E+01 -0.3077194E+01 -0.1513180E+01 -0.2574335E+01
   04  0.5625619E+03  0.9512611E+01 -0.3119813E+01 -0.1533070E+01 -0.2568127E+01
   04  0.5641897E+03  0.9518900E+01 -0.3163378E+01 -0.1553151E+01 -0.2561838E+01
   04  0.5658174E+03  0.9525268E+01 -0.3207872E+01 -0.1573424E+01 -0.2555470E+01
   04  0.5674452E+03  0.9531713E+01 -0.3253275E+01 -0.1593886E+01 -0.2549025E+01
   04  0.5690729E+03  0.9538232E+01 -0.3299571E+01 -0.1614539E+01 -0.2542506E+01
   04  0.5707007E+03  0.9544822E+01 -0.3346740E+01 -0.1635379E+01 -0.2535916E+01
   04  0.5723284E+03  0.9551480E+01 -0.3394762E+01 -0.1656409E+01 -0.2529258E+01
   04  0.5739561E+03  0.9558204E+01 -0.3443609E+01 -0.1677628E+01 -0.2522534E+01
   04  0.5755839E+03  0.9564989E+01 -0.3493254E+01 -0.1699033E+01 -0.2515749E+01
   04  0.5772116E+03  0.9571832E+01 -0.3543668E+01 -0.1720617E+01 -0.2508906E+01
   04  0.5788394E+03  0.9578731E+01 -0.3594819E+01 -0.1742376E+01 -0.2502007E+01
   04  0.5804671E+03  0.9585681E+01 -0.3646675E+01 -0.1764304E+01 -0.2495057E+01
   04  0.5820948E+03  0.9592680E+01 -0.3699200E+01 -0.1786395E+01 -0.2488058E+01
   04  0.5837226E+03  0.9599722E+01 -0.3752360E+01 -0.1808642E+01 -0.2481016E+01
   04  0.5853503E+03  0.9606806E+01 -0.3806115E+01 -0.1831039E+01 -0.2473932E+01
   04  0.5869781E+03  0.9613925E+01 -0.3860427E+01 -0.1853577E+01 -0.2466813E+01
   04  0.5886058E+03  0.9621077E+01 -0.3915255E+01 -0.1876250E+01 -0.2459661E+01
   04  0.5902336E+03  0.9628288E+01 -0.3970581E+01 -0.1898818E+01 -0.2452450E+01
   04  0.5918613E+03  0.9635521E+01 -0.4026351E+01 -0.1921512E+01 -0.2445217E+01
   04  0.5934890E+03  0.9642771E+01 -0.4082520E+01 -0.1944332E+01 -0.2437967E+01
   04  0.5951168E+03  0.9650043E+01 -0.4139048E+01 -0.1967191E+01 -0.2430695E+01
   04  0.5967445E+03  0.9657337E+01 -0.4195897E+01 -0.1990059E+01 -0.2423401E+01
   04  0.5983723E+03  0.9664635E+01 -0.4253016E+01 -0.2013024E+01 -0.2416103E+01
