# gauge_id= 505 location=( -0.1251000000E+03  0.4150000000E+02 ) num_var=  4
# Stationary gauge
# level, time, q[  1  2  3], eta, aux[]
# file format ascii, time series follow in this file
   02  0.0000000E+00  0.2436365E+04  0.0000000E+00  0.0000000E+00  0.0000000E+00
   02  0.1000000E+01  0.2436365E+04  0.6962816E-14 -0.9739722E-13  0.4899969E+01
   02  0.1142857E+01  0.2436363E+04 -0.1041231E+01 -0.5378054E+00  0.4897677E+01
   02  0.1285714E+01  0.2436360E+04 -0.2080238E+01 -0.1074825E+01  0.4895382E+01
   02  0.1428571E+01  0.2436358E+04 -0.3117043E+01 -0.1611058E+01  0.4893087E+01
   02  0.1571429E+01  0.2436356E+04 -0.4151649E+01 -0.2146504E+01  0.4890789E+01
   02  0.1714286E+01  0.2436353E+04 -0.5184056E+01 -0.2681162E+01  0.4888491E+01
   02  0.1857143E+01  0.2436351E+04 -0.6214269E+01 -0.3215032E+01  0.4886190E+01
   02  0.2000000E+01  0.2436349E+04 -0.7242288E+01 -0.3748114E+01  0.4883889E+01
   02  0.4673503E+02  0.2435598E+04 -0.2971274E+03 -0.1434272E+03  0.4133534E+01
   03  0.9147006E+02  0.2607939E+04 -0.4081259E+03 -0.2292672E+03  0.3309598E+01
   03  0.1004171E+03  0.2607635E+04 -0.4220056E+03 -0.2265842E+03  0.3006369E+01
   03  0.1093641E+03  0.2607414E+04 -0.4326935E+03 -0.2155245E+03  0.2785347E+01
   03  0.1183111E+03  0.2607241E+04 -0.4293814E+03 -0.1975847E+03  0.2611669E+01
   03  0.1272581E+03  0.2607000E+04 -0.4039824E+03 -0.1806272E+03  0.2371003E+01
   03  0.1362051E+03  0.2606662E+04 -0.3552650E+03 -0.1677108E+03  0.2033289E+01
   03  0.1451521E+03  0.2606257E+04 -0.2900776E+03 -0.1601766E+03  0.1627665E+01
   03  0.1540991E+03  0.2605857E+04 -0.2212837E+03 -0.1561001E+03  0.1228123E+01
   03  0.1630461E+03  0.2605534E+04 -0.1614172E+03 -0.1519051E+03  0.9053847E+00
   03  0.1719931E+03  0.2605329E+04 -0.1168830E+03 -0.1442277E+03  0.6999697E+00
   04  0.1809401E+03  0.2623038E+04 -0.6630078E+02 -0.1390023E+03  0.5328534E+00
   04  0.1824313E+03  0.2623047E+04 -0.5916930E+02 -0.1329265E+03  0.5425070E+00
   04  0.1839225E+03  0.2623063E+04 -0.5502392E+02 -0.1265901E+03  0.5580147E+00
   04  0.1854136E+03  0.2623079E+04 -0.5318757E+02 -0.1210002E+03  0.5738507E+00
   04  0.1869048E+03  0.2623093E+04 -0.5260606E+02 -0.1163846E+03  0.5876104E+00
   04  0.1883960E+03  0.2623103E+04 -0.5281306E+02 -0.1126472E+03  0.5976875E+00
   04  0.1898871E+03  0.2623110E+04 -0.5341062E+02 -0.1096086E+03  0.6048416E+00
   04  0.1913783E+03  0.2623116E+04 -0.5400647E+02 -0.1070056E+03  0.6109280E+00
   04  0.1928695E+03  0.2623123E+04 -0.5426293E+02 -0.1045079E+03  0.6181779E+00
   04  0.1943606E+03  0.2623133E+04 -0.5404979E+02 -0.1017794E+03  0.6283700E+00
   04  0.1958518E+03  0.2623148E+04 -0.5344407E+02 -0.9854303E+02  0.6427710E+00
   04  0.1973430E+03  0.2623167E+04 -0.5261630E+02 -0.9462252E+02  0.6624478E+00
   04  0.1988341E+03  0.2623193E+04 -0.5176942E+02 -0.8998639E+02  0.6878305E+00
   04  0.2003253E+03  0.2623223E+04 -0.5111687E+02 -0.8477231E+02  0.7180275E+00
   04  0.2018165E+03  0.2623256E+04 -0.5083900E+02 -0.7924818E+02  0.7508262E+00
   04  0.2033076E+03  0.2623288E+04 -0.5104053E+02 -0.7372952E+02  0.7834119E+00
   04  0.2047988E+03  0.2623318E+04 -0.5172899E+02 -0.6848987E+02  0.8132545E+00
   04  0.2062900E+03  0.2623344E+04 -0.5282094E+02 -0.6370573E+02  0.8387679E+00
   04  0.2077811E+03  0.2623364E+04 -0.5416754E+02 -0.5944975E+02  0.8595282E+00
   04  0.2092723E+03  0.2623381E+04 -0.5560265E+02 -0.5570443E+02  0.8760013E+00
   04  0.2107635E+03  0.2623394E+04 -0.5698720E+02 -0.5239081E+02  0.8890302E+00
   04  0.2122546E+03  0.2623404E+04 -0.5823377E+02 -0.4940239E+02  0.8994285E+00
   04  0.2137458E+03  0.2623413E+04 -0.5931501E+02 -0.4664126E+02  0.9078876E+00
   04  0.2152370E+03  0.2623420E+04 -0.6026356E+02 -0.4401663E+02  0.9150021E+00
   04  0.2167281E+03  0.2623426E+04 -0.6114296E+02 -0.4145095E+02  0.9214724E+00
   04  0.2182193E+03  0.2623433E+04 -0.6203907E+02 -0.3887050E+02  0.9280964E+00
   04  0.2197105E+03  0.2623441E+04 -0.6302649E+02 -0.3620837E+02  0.9355963E+00
   04  0.2212017E+03  0.2623449E+04 -0.6413862E+02 -0.3341613E+02  0.9444998E+00
   04  0.2226928E+03  0.2623460E+04 -0.6536376E+02 -0.3046496E+02  0.9551397E+00
   04  0.2241840E+03  0.2623473E+04 -0.6665568E+02 -0.2734581E+02  0.9676485E+00
   04  0.2256752E+03  0.2623487E+04 -0.6796837E+02 -0.2406178E+02  0.9819853E+00
   04  0.2271663E+03  0.2623503E+04 -0.6925507E+02 -0.2063659E+02  0.9979394E+00
   04  0.2286575E+03  0.2623520E+04 -0.7048851E+02 -0.1710825E+02  0.1015088E+01
   04  0.2301487E+03  0.2623538E+04 -0.7166641E+02 -0.1352783E+02  0.1032775E+01
   04  0.2316398E+03  0.2623555E+04 -0.7280563E+02 -0.9957147E+01  0.1050181E+01
   04  0.2331310E+03  0.2623571E+04 -0.7393700E+02 -0.6456090E+01  0.1066422E+01
   04  0.2346222E+03  0.2623586E+04 -0.7509531E+02 -0.3073592E+01  0.1080695E+01
   04  0.2361133E+03  0.2623597E+04 -0.7631310E+02  0.1576888E+00  0.1092442E+01
   04  0.2376045E+03  0.2623606E+04 -0.7762317E+02  0.3227091E+01  0.1101501E+01
   04  0.2390957E+03  0.2623613E+04 -0.7905049E+02  0.6146634E+01  0.1108127E+01
   04  0.2405868E+03  0.2623618E+04 -0.8060326E+02  0.8946680E+01  0.1112879E+01
   04  0.2420780E+03  0.2623621E+04 -0.8226529E+02  0.1165652E+02  0.1116482E+01
   04  0.2435692E+03  0.2623625E+04 -0.8400859E+02  0.1430505E+02  0.1119632E+01
   04  0.2450603E+03  0.2623628E+04 -0.8578190E+02  0.1691351E+02  0.1122773E+01
   04  0.2465515E+03  0.2623631E+04 -0.8750254E+02  0.1948646E+02  0.1125995E+01
   04  0.2480427E+03  0.2623634E+04 -0.8908761E+02  0.2201148E+02  0.1129143E+01
   04  0.2495338E+03  0.2623637E+04 -0.9046005E+02  0.2445954E+02  0.1131834E+01
   04  0.2510250E+03  0.2623639E+04 -0.9155521E+02  0.2678575E+02  0.1133569E+01
   04  0.2525162E+03  0.2623639E+04 -0.9232210E+02  0.2893689E+02  0.1133762E+01
   04  0.2540073E+03  0.2623637E+04 -0.9274387E+02  0.3087188E+02  0.1131940E+01
   04  0.2554985E+03  0.2623633E+04 -0.9282780E+02  0.3258032E+02  0.1127822E+01
   04  0.2569897E+03  0.2623626E+04 -0.9260148E+02  0.3409254E+02  0.1121417E+01
   04  0.2584808E+03  0.2623618E+04 -0.9210815E+02  0.3547061E+02  0.1113120E+01
   04  0.2599720E+03  0.2623609E+04 -0.9140992E+02  0.3680883E+02  0.1103660E+01
   04  0.2614632E+03  0.2623599E+04 -0.9059217E+02  0.3822477E+02  0.1094019E+01
   04  0.2629543E+03  0.2623590E+04 -0.8976234E+02  0.3984788E+02  0.1085300E+01
   04  0.2644455E+03  0.2623583E+04 -0.8904387E+02  0.4180369E+02  0.1078556E+01
   04  0.2659367E+03  0.2623580E+04 -0.8856013E+02  0.4419238E+02  0.1074615E+01
   04  0.2674278E+03  0.2623579E+04 -0.8841126E+02  0.4706535E+02  0.1073907E+01
   04  0.2689190E+03  0.2623581E+04 -0.8865278E+02  0.5040754E+02  0.1076380E+01
   04  0.2704102E+03  0.2623586E+04 -0.8928372E+02  0.5413009E+02  0.1081545E+01
   04  0.2719014E+03  0.2623593E+04 -0.9025342E+02  0.5810610E+02  0.1088530E+01
   04  0.2733925E+03  0.2623601E+04 -0.9147304E+02  0.6217457E+02  0.1096444E+01
   04  0.2748837E+03  0.2623609E+04 -0.9283676E+02  0.6618262E+02  0.1104518E+01
   04  0.2763749E+03  0.2623617E+04 -0.9424228E+02  0.7001293E+02  0.1112190E+01
   04  0.2778660E+03  0.2623624E+04 -0.9560749E+02  0.7359097E+02  0.1119129E+01
   04  0.2793572E+03  0.2623630E+04 -0.9687867E+02  0.7688031E+02  0.1125187E+01
   04  0.2808484E+03  0.2623635E+04 -0.9803048E+02  0.7987315E+02  0.1130342E+01
   04  0.2823395E+03  0.2623640E+04 -0.9906148E+02  0.8258286E+02  0.1134628E+01
   04  0.2838307E+03  0.2623643E+04 -0.9998806E+02  0.8503940E+02  0.1138097E+01
   04  0.2853219E+03  0.2623646E+04 -0.1008380E+03  0.8728728E+02  0.1140803E+01
   04  0.2868130E+03  0.2623648E+04 -0.1016448E+03  0.8938449E+02  0.1142803E+01
   04  0.2883042E+03  0.2623649E+04 -0.1024387E+03  0.9138844E+02  0.1144217E+01
   04  0.2897954E+03  0.2623650E+04 -0.1032433E+03  0.9335941E+02  0.1145191E+01
   04  0.2912865E+03  0.2623651E+04 -0.1040707E+03  0.9535406E+02  0.1145899E+01
   04  0.2927777E+03  0.2623651E+04 -0.1049202E+03  0.9741918E+02  0.1146534E+01
   04  0.2942689E+03  0.2623652E+04 -0.1057775E+03  0.9958753E+02  0.1147277E+01
   04  0.2957600E+03  0.2623653E+04 -0.1066190E+03  0.1018753E+03  0.1148263E+01
   04  0.2972512E+03  0.2623654E+04 -0.1074179E+03  0.1042835E+03  0.1149534E+01
   04  0.2987424E+03  0.2623656E+04 -0.1081495E+03  0.1067946E+03  0.1151042E+01
   04  0.3002335E+03  0.2623658E+04 -0.1087944E+03  0.1093752E+03  0.1152662E+01
   04  0.3017247E+03  0.2623659E+04 -0.1093420E+03  0.1119867E+03  0.1154192E+01
   04  0.3032159E+03  0.2623660E+04 -0.1097922E+03  0.1145892E+03  0.1155410E+01
   04  0.3047070E+03  0.2623661E+04 -0.1101545E+03  0.1171469E+03  0.1156130E+01
   04  0.3061982E+03  0.2623661E+04 -0.1104466E+03  0.1196329E+03  0.1156226E+01
   04  0.3076894E+03  0.2623661E+04 -0.1106902E+03  0.1220312E+03  0.1155650E+01
   04  0.3091805E+03  0.2623659E+04 -0.1109068E+03  0.1243373E+03  0.1154428E+01
   04  0.3106717E+03  0.2623658E+04 -0.1111148E+03  0.1265568E+03  0.1152651E+01
   04  0.3121629E+03  0.2623655E+04 -0.1113284E+03  0.1287043E+03  0.1150445E+01
   04  0.3136540E+03  0.2623653E+04 -0.1115561E+03  0.1307963E+03  0.1147973E+01
   04  0.3151452E+03  0.2623650E+04 -0.1118017E+03  0.1328504E+03  0.1145404E+01
   04  0.3165017E+03  0.2623648E+04 -0.1120400E+03  0.1347003E+03  0.1143116E+01
   04  0.3178581E+03  0.2623646E+04 -0.1122948E+03  0.1365439E+03  0.1140986E+01
   04  0.3192146E+03  0.2623644E+04 -0.1125637E+03  0.1383895E+03  0.1139106E+01
   04  0.3205710E+03  0.2623642E+04 -0.1128454E+03  0.1402432E+03  0.1137556E+01
   04  0.3219275E+03  0.2623641E+04 -0.1131407E+03  0.1421094E+03  0.1136393E+01
   04  0.3232839E+03  0.2623641E+04 -0.1134524E+03  0.1439915E+03  0.1135659E+01
   04  0.3246404E+03  0.2623640E+04 -0.1137849E+03  0.1458920E+03  0.1135376E+01
   04  0.3259968E+03  0.2623640E+04 -0.1141440E+03  0.1478129E+03  0.1135553E+01
   04  0.3273533E+03  0.2623641E+04 -0.1145357E+03  0.1497554E+03  0.1136183E+01
   04  0.3287097E+03  0.2623642E+04 -0.1149664E+03  0.1517204E+03  0.1137242E+01
   04  0.3300662E+03  0.2623644E+04 -0.1154410E+03  0.1537076E+03  0.1138696E+01
   04  0.3314226E+03  0.2623645E+04 -0.1159613E+03  0.1557145E+03  0.1140501E+01
   04  0.3327791E+03  0.2623648E+04 -0.1165257E+03  0.1577367E+03  0.1142606E+01
   04  0.3341355E+03  0.2623650E+04 -0.1171295E+03  0.1597690E+03  0.1144942E+01
   04  0.3354920E+03  0.2623652E+04 -0.1177649E+03  0.1618041E+03  0.1147421E+01
   04  0.3368484E+03  0.2623655E+04 -0.1184210E+03  0.1638328E+03  0.1149944E+01
   04  0.3382049E+03  0.2623657E+04 -0.1190842E+03  0.1658436E+03  0.1152399E+01
   04  0.3395613E+03  0.2623660E+04 -0.1197389E+03  0.1678233E+03  0.1154667E+01
   04  0.3409178E+03  0.2623662E+04 -0.1203686E+03  0.1697577E+03  0.1156625E+01
   04  0.3422742E+03  0.2623663E+04 -0.1209570E+03  0.1716328E+03  0.1158157E+01
   04  0.3436307E+03  0.2623664E+04 -0.1214893E+03  0.1734355E+03  0.1159157E+01
   04  0.3449871E+03  0.2623664E+04 -0.1219545E+03  0.1751551E+03  0.1159534E+01
   04  0.3463436E+03  0.2623664E+04 -0.1223465E+03  0.1767846E+03  0.1159212E+01
   04  0.3477000E+03  0.2623663E+04 -0.1226645E+03  0.1783211E+03  0.1158142E+01
   04  0.3490565E+03  0.2623661E+04 -0.1229130E+03  0.1797669E+03  0.1156304E+01
   04  0.3504130E+03  0.2623659E+04 -0.1231004E+03  0.1811285E+03  0.1153718E+01
   04  0.3517694E+03  0.2623655E+04 -0.1232386E+03  0.1824169E+03  0.1150439E+01
   04  0.3531259E+03  0.2623651E+04 -0.1233418E+03  0.1836462E+03  0.1146560E+01
   04  0.3544823E+03  0.2623647E+04 -0.1234250E+03  0.1848328E+03  0.1142204E+01
   04  0.3558388E+03  0.2623642E+04 -0.1235027E+03  0.1859936E+03  0.1137517E+01
   04  0.3574665E+03  0.2623637E+04 -0.1236103E+03  0.1873749E+03  0.1131672E+01
   04  0.3590942E+03  0.2623631E+04 -0.1237415E+03  0.1887678E+03  0.1125830E+01
   04  0.3607220E+03  0.2623625E+04 -0.1239095E+03  0.1901913E+03  0.1120229E+01
   04  0.3623497E+03  0.2623620E+04 -0.1241183E+03  0.1916566E+03  0.1115055E+01
   04  0.3639775E+03  0.2623615E+04 -0.1243627E+03  0.1931654E+03  0.1110426E+01
   04  0.3656052E+03  0.2623611E+04 -0.1246331E+03  0.1947097E+03  0.1106374E+01
   04  0.3672329E+03  0.2623608E+04 -0.1249181E+03  0.1962719E+03  0.1102839E+01
   04  0.3688607E+03  0.2623605E+04 -0.1252053E+03  0.1978273E+03  0.1099693E+01
   04  0.3704884E+03  0.2623602E+04 -0.1254826E+03  0.1993465E+03  0.1096767E+01
   04  0.3721162E+03  0.2623599E+04 -0.1257395E+03  0.2007990E+03  0.1093880E+01
   04  0.3737439E+03  0.2623596E+04 -0.1259679E+03  0.2021560E+03  0.1090860E+01
   04  0.3753717E+03  0.2623593E+04 -0.1261636E+03  0.2033936E+03  0.1087563E+01
   04  0.3769994E+03  0.2623589E+04 -0.1263256E+03  0.2044948E+03  0.1083882E+01
   04  0.3786271E+03  0.2623585E+04 -0.1264555E+03  0.2054504E+03  0.1079752E+01
   04  0.3802549E+03  0.2623580E+04 -0.1265564E+03  0.2062595E+03  0.1075144E+01
   04  0.3818826E+03  0.2623575E+04 -0.1266321E+03  0.2069287E+03  0.1070064E+01
   04  0.3835104E+03  0.2623569E+04 -0.1266867E+03  0.2074710E+03  0.1064532E+01
   04  0.3851381E+03  0.2623564E+04 -0.1267245E+03  0.2079046E+03  0.1058577E+01
   04  0.3867658E+03  0.2623557E+04 -0.1267499E+03  0.2082514E+03  0.1052223E+01
   04  0.3883936E+03  0.2623550E+04 -0.1267659E+03  0.2085351E+03  0.1045493E+01
   04  0.3900213E+03  0.2623543E+04 -0.1267737E+03  0.2087800E+03  0.1038407E+01
   04  0.3916491E+03  0.2623536E+04 -0.1267724E+03  0.2090093E+03  0.1030990E+01
   04  0.3932768E+03  0.2623528E+04 -0.1267597E+03  0.2092445E+03  0.1023274E+01
   04  0.3949046E+03  0.2623520E+04 -0.1267331E+03  0.2095042E+03  0.1015301E+01
   04  0.3965323E+03  0.2623512E+04 -0.1266901E+03  0.2098026E+03  0.1007127E+01
   04  0.3981600E+03  0.2623504E+04 -0.1266295E+03  0.2101496E+03  0.9988203E+00
   04  0.3997878E+03  0.2623495E+04 -0.1265512E+03  0.2105496E+03  0.9904588E+00
   04  0.4014155E+03  0.2623487E+04 -0.1264558E+03  0.2110018E+03  0.9821255E+00
   04  0.4030433E+03  0.2623479E+04 -0.1263448E+03  0.2115004E+03  0.9738989E+00
   04  0.4046710E+03  0.2623471E+04 -0.1262198E+03  0.2120349E+03  0.9658419E+00
   04  0.4062987E+03  0.2623463E+04 -0.1260828E+03  0.2125910E+03  0.9579900E+00
   04  0.4079265E+03  0.2623455E+04 -0.1259356E+03  0.2131519E+03  0.9503426E+00
   04  0.4095542E+03  0.2623448E+04 -0.1257801E+03  0.2136993E+03  0.9428567E+00
   04  0.4111820E+03  0.2623440E+04 -0.1256183E+03  0.2142154E+03  0.9354488E+00
   04  0.4128097E+03  0.2623433E+04 -0.1254513E+03  0.2146840E+03  0.9280017E+00
   04  0.4144375E+03  0.2623425E+04 -0.1252799E+03  0.2150920E+03  0.9203741E+00
   04  0.4160652E+03  0.2623417E+04 -0.1251042E+03  0.2154306E+03  0.9124123E+00
   04  0.4176929E+03  0.2623409E+04 -0.1249239E+03  0.2156955E+03  0.9039670E+00
   04  0.4193207E+03  0.2623400E+04 -0.1247378E+03  0.2158873E+03  0.8949098E+00
   04  0.4209484E+03  0.2623390E+04 -0.1245435E+03  0.2160109E+03  0.8851473E+00
   04  0.4225762E+03  0.2623380E+04 -0.1243376E+03  0.2160745E+03  0.8746312E+00
   04  0.4242039E+03  0.2623368E+04 -0.1241153E+03  0.2160882E+03  0.8633619E+00
   04  0.4258316E+03  0.2623356E+04 -0.1238713E+03  0.2160628E+03  0.8513855E+00
   04  0.4274594E+03  0.2623344E+04 -0.1236006E+03  0.2160078E+03  0.8387866E+00
   04  0.4290871E+03  0.2623331E+04 -0.1232993E+03  0.2159312E+03  0.8256789E+00
   04  0.4307149E+03  0.2623317E+04 -0.1229638E+03  0.2158386E+03  0.8121983E+00
   04  0.4323426E+03  0.2623303E+04 -0.1225912E+03  0.2157331E+03  0.7984901E+00
   04  0.4339704E+03  0.2623290E+04 -0.1221817E+03  0.2156142E+03  0.7846825E+00
   04  0.4355981E+03  0.2623276E+04 -0.1217381E+03  0.2154774E+03  0.7708831E+00
   04  0.4372258E+03  0.2623262E+04 -0.1212651E+03  0.2153154E+03  0.7571772E+00
   04  0.4388536E+03  0.2623249E+04 -0.1207683E+03  0.2151192E+03  0.7436238E+00
   04  0.4404813E+03  0.2623235E+04 -0.1202541E+03  0.2148787E+03  0.7302569E+00
   04  0.4421091E+03  0.2623222E+04 -0.1197261E+03  0.2145843E+03  0.7170950E+00
   04  0.4437368E+03  0.2623209E+04 -0.1191887E+03  0.2142204E+03  0.7040935E+00
   04  0.4453645E+03  0.2623196E+04 -0.1186439E+03  0.2137819E+03  0.6912256E+00
   04  0.4469923E+03  0.2623183E+04 -0.1180917E+03  0.2132667E+03  0.6784515E+00
   04  0.4486200E+03  0.2623171E+04 -0.1175298E+03  0.2126756E+03  0.6657231E+00
   04  0.4502478E+03  0.2623158E+04 -0.1169543E+03  0.2120098E+03  0.6529853E+00
   04  0.4518755E+03  0.2623145E+04 -0.1163601E+03  0.2112675E+03  0.6401811E+00
   04  0.4535033E+03  0.2623132E+04 -0.1157426E+03  0.2104453E+03  0.6272489E+00
   04  0.4551310E+03  0.2623119E+04 -0.1150991E+03  0.2095449E+03  0.6141507E+00
   04  0.4567587E+03  0.2623106E+04 -0.1144269E+03  0.2085762E+03  0.6008877E+00
   04  0.4583865E+03  0.2623092E+04 -0.1137250E+03  0.2075448E+03  0.5874394E+00
   04  0.4600142E+03  0.2623079E+04 -0.1129930E+03  0.2064597E+03  0.5738244E+00
   04  0.4616420E+03  0.2623065E+04 -0.1122313E+03  0.2053306E+03  0.5600839E+00
   04  0.4632697E+03  0.2623051E+04 -0.1114426E+03  0.2041654E+03  0.5462540E+00
   04  0.4648974E+03  0.2623037E+04 -0.1106306E+03  0.2029666E+03  0.5323641E+00
   04  0.4665252E+03  0.2623023E+04 -0.1097970E+03  0.2017423E+03  0.5184728E+00
   04  0.4681529E+03  0.2623010E+04 -0.1089433E+03  0.2005016E+03  0.5046345E+00
   04  0.4697807E+03  0.2622996E+04 -0.1080731E+03  0.1992536E+03  0.4908971E+00
   04  0.4714084E+03  0.2622982E+04 -0.1071898E+03  0.1980037E+03  0.4772812E+00
   04  0.4730362E+03  0.2622969E+04 -0.1062944E+03  0.1967565E+03  0.4638021E+00
   04  0.4746639E+03  0.2622955E+04 -0.1053865E+03  0.1955169E+03  0.4504794E+00
   04  0.4762916E+03  0.2622942E+04 -0.1044654E+03  0.1942889E+03  0.4373243E+00
   04  0.4779194E+03  0.2622929E+04 -0.1035311E+03  0.1930772E+03  0.4243403E+00
   04  0.4795471E+03  0.2622916E+04 -0.1025843E+03  0.1918876E+03  0.4115257E+00
   04  0.4811749E+03  0.2622904E+04 -0.1016250E+03  0.1907266E+03  0.3988785E+00
   04  0.4828026E+03  0.2622891E+04 -0.1006524E+03  0.1895995E+03  0.3863882E+00
   04  0.4844303E+03  0.2622879E+04 -0.9966599E+02  0.1885104E+03  0.3740464E+00
   04  0.4860581E+03  0.2622867E+04 -0.9866606E+02  0.1874627E+03  0.3618451E+00
   04  0.4876858E+03  0.2622855E+04 -0.9765417E+02  0.1864591E+03  0.3497765E+00
   04  0.4893136E+03  0.2622843E+04 -0.9663245E+02  0.1855004E+03  0.3378339E+00
   04  0.4909413E+03  0.2622831E+04 -0.9560339E+02  0.1845855E+03  0.3260125E+00
   04  0.4925691E+03  0.2622819E+04 -0.9456973E+02  0.1837114E+03  0.3143076E+00
   04  0.4941968E+03  0.2622808E+04 -0.9353452E+02  0.1828737E+03  0.3027135E+00
   04  0.4958245E+03  0.2622796E+04 -0.9250086E+02  0.1820677E+03  0.2912243E+00
   04  0.4974523E+03  0.2622785E+04 -0.9147221E+02  0.1812873E+03  0.2798271E+00
   04  0.4990800E+03  0.2622773E+04 -0.9045097E+02  0.1805279E+03  0.2685170E+00
   04  0.5007078E+03  0.2622762E+04 -0.8943835E+02  0.1797881E+03  0.2572954E+00
   04  0.5023355E+03  0.2622751E+04 -0.8843463E+02  0.1790677E+03  0.2461592E+00
   04  0.5039632E+03  0.2622740E+04 -0.8743909E+02  0.1783674E+03  0.2351028E+00
   04  0.5055910E+03  0.2622729E+04 -0.8645018E+02  0.1776888E+03  0.2241191E+00
   04  0.5072187E+03  0.2622718E+04 -0.8546609E+02  0.1770348E+03  0.2131999E+00
   04  0.5088465E+03  0.2622707E+04 -0.8448528E+02  0.1764085E+03  0.2023354E+00
   04  0.5104742E+03  0.2622696E+04 -0.8350630E+02  0.1758126E+03  0.1915159E+00
   04  0.5121020E+03  0.2622686E+04 -0.8252848E+02  0.1752487E+03  0.1807309E+00
   04  0.5137297E+03  0.2622675E+04 -0.8155095E+02  0.1747159E+03  0.1699692E+00
   04  0.5153574E+03  0.2622664E+04 -0.8057167E+02  0.1742132E+03  0.1592311E+00
   04  0.5169852E+03  0.2622653E+04 -0.7958922E+02  0.1737320E+03  0.1484891E+00
   04  0.5186129E+03  0.2622643E+04 -0.7860201E+02  0.1732626E+03  0.1377250E+00
   04  0.5202407E+03  0.2622632E+04 -0.7760825E+02  0.1727928E+03  0.1269205E+00
   04  0.5218684E+03  0.2622621E+04 -0.7660615E+02  0.1723073E+03  0.1160541E+00
   04  0.5234961E+03  0.2622610E+04 -0.7559411E+02  0.1717894E+03  0.1051004E+00
   04  0.5251239E+03  0.2622599E+04 -0.7456970E+02  0.1712248E+03  0.9404932E-01
   04  0.5267516E+03  0.2622588E+04 -0.7353118E+02  0.1705977E+03  0.8287079E-01
   04  0.5283794E+03  0.2622576E+04 -0.7247792E+02  0.1698932E+03  0.7152828E-01
   04  0.5300071E+03  0.2622565E+04 -0.7141227E+02  0.1691091E+03  0.6003962E-01
   04  0.5316349E+03  0.2622553E+04 -0.7033991E+02  0.1682469E+03  0.4842315E-01
   04  0.5332626E+03  0.2622542E+04 -0.6926718E+02  0.1673129E+03  0.3671486E-01
   04  0.5348903E+03  0.2622530E+04 -0.6819986E+02  0.1663292E+03  0.2501771E-01
   04  0.5365181E+03  0.2622518E+04 -0.6714271E+02  0.1653089E+03  0.1336877E-01
   04  0.5381458E+03  0.2622507E+04 -0.6610119E+02  0.1642708E+03  0.1824738E-02
   04  0.5397736E+03  0.2622495E+04 -0.6507996E+02  0.1632351E+03 -0.9551366E-02
   04  0.5414013E+03  0.2622484E+04 -0.6408262E+02  0.1622205E+03 -0.2069367E-01
   04  0.5430290E+03  0.2622473E+04 -0.6311188E+02  0.1612425E+03 -0.3153311E-01
   04  0.5446568E+03  0.2622463E+04 -0.6217075E+02  0.1603133E+03 -0.4200467E-01
   04  0.5462845E+03  0.2622453E+04 -0.6126284E+02  0.1594404E+03 -0.5206017E-01
   04  0.5479123E+03  0.2622443E+04 -0.6038945E+02  0.1586218E+03 -0.6170157E-01
   04  0.5495400E+03  0.2622434E+04 -0.5955072E+02  0.1578499E+03 -0.7094661E-01
   04  0.5511678E+03  0.2622425E+04 -0.5874798E+02  0.1571147E+03 -0.7981390E-01
   04  0.5527955E+03  0.2622417E+04 -0.5798198E+02  0.1564011E+03 -0.8834798E-01
   04  0.5544232E+03  0.2622408E+04 -0.5725185E+02  0.1556941E+03 -0.9659630E-01
   04  0.5560510E+03  0.2622400E+04 -0.5655503E+02  0.1549751E+03 -0.1046375E+00
   04  0.5576787E+03  0.2622392E+04 -0.5588794E+02  0.1542256E+03 -0.1125500E+00
   04  0.5593065E+03  0.2622385E+04 -0.5524441E+02  0.1534283E+03 -0.1204036E+00
   04  0.5609342E+03  0.2622377E+04 -0.5461819E+02  0.1525736E+03 -0.1282258E+00
   04  0.5625619E+03  0.2622369E+04 -0.5400523E+02  0.1516588E+03 -0.1360054E+00
   04  0.5641897E+03  0.2622361E+04 -0.5340356E+02  0.1506858E+03 -0.1437040E+00
   04  0.5658174E+03  0.2622354E+04 -0.5281315E+02  0.1496591E+03 -0.1512603E+00
   04  0.5674452E+03  0.2622346E+04 -0.5223501E+02  0.1485860E+03 -0.1586091E+00
   04  0.5690729E+03  0.2622339E+04 -0.5166908E+02  0.1474743E+03 -0.1656889E+00
   04  0.5707007E+03  0.2622332E+04 -0.5111335E+02  0.1463307E+03 -0.1724493E+00
   04  0.5723284E+03  0.2622326E+04 -0.5056600E+02  0.1451643E+03 -0.1788286E+00
   04  0.5739561E+03  0.2622320E+04 -0.5002661E+02  0.1439846E+03 -0.1847638E+00
   04  0.5755839E+03  0.2622315E+04 -0.4949541E+02  0.1427995E+03 -0.1902108E+00
   04  0.5772116E+03  0.2622310E+04 -0.4897306E+02  0.1416136E+03 -0.1951514E+00
   04  0.5788394E+03  0.2622305E+04 -0.4846037E+02  0.1404279E+03 -0.1995855E+00
   04  0.5804671E+03  0.2622301E+04 -0.4795822E+02  0.1392418E+03 -0.2035215E+00
   04  0.5820948E+03  0.2622298E+04 -0.4746644E+02  0.1380487E+03 -0.2070001E+00
   04  0.5837226E+03  0.2622295E+04 -0.4698385E+02  0.1368400E+03 -0.2100813E+00
   04  0.5853503E+03  0.2622292E+04 -0.4650503E+02  0.1355897E+03 -0.2129128E+00
   04  0.5869781E+03  0.2622289E+04 -0.4602129E+02  0.1342804E+03 -0.2156241E+00
   04  0.5886058E+03  0.2622287E+04 -0.4552166E+02  0.1328926E+03 -0.2183552E+00
   04  0.5902336E+03  0.2622284E+04 -0.4499706E+02  0.1314129E+03 -0.2212182E+00
   04  0.5918613E+03  0.2622281E+04 -0.4444285E+02  0.1298359E+03 -0.2242902E+00
   04  0.5934890E+03  0.2622277E+04 -0.4385459E+02  0.1281466E+03 -0.2277009E+00
   04  0.5951168E+03  0.2622273E+04 -0.4322956E+02  0.1263378E+03 -0.2315309E+00
   04  0.5967445E+03  0.2622269E+04 -0.4256671E+02  0.1244100E+03 -0.2358137E+00
   04  0.5983723E+03  0.2622264E+04 -0.4186661E+02  0.1223711E+03 -0.2405412E+00
