# gauge_id= 615 location=( -0.1242106071E+03  0.4175726850E+02 ) num_var=  4
# Stationary gauge
# level, time, q[  1  2  3], eta, aux[]
# file format ascii, time series follow in this file
   04  0.0000000E+00  0.1433921E+02  0.0000000E+00  0.0000000E+00  0.0000000E+00
   04  0.1000000E+01  0.1433921E+02  0.1559985E-15 -0.1284463E-15 -0.3007325E+01
   04  0.1015873E+01  0.1433921E+02 -0.2937083E-03 -0.5518709E-04 -0.3007328E+01
   04  0.1031746E+01  0.1433921E+02 -0.5874025E-03 -0.1103659E-03 -0.3007330E+01
   04  0.1047619E+01  0.1433920E+02 -0.8810826E-03 -0.1655364E-03 -0.3007333E+01
   04  0.1063492E+01  0.1433920E+02 -0.1174748E-02 -0.2206985E-03 -0.3007335E+01
   04  0.1079365E+01  0.1433920E+02 -0.1468400E-02 -0.2758523E-03 -0.3007338E+01
   04  0.1095238E+01  0.1433920E+02 -0.1762037E-02 -0.3309977E-03 -0.3007340E+01
   04  0.1111111E+01  0.1433919E+02 -0.2055660E-02 -0.3861347E-03 -0.3007342E+01
   04  0.1126984E+01  0.1433919E+02 -0.2349269E-02 -0.4412634E-03 -0.3007345E+01
   04  0.1142857E+01  0.1433919E+02 -0.2642863E-02 -0.4963835E-03 -0.3007347E+01
   04  0.1158730E+01  0.1433919E+02 -0.2936442E-02 -0.5514953E-03 -0.3007350E+01
   04  0.1174603E+01  0.1433918E+02 -0.3230008E-02 -0.6065985E-03 -0.3007352E+01
   04  0.1190476E+01  0.1433918E+02 -0.3523558E-02 -0.6616933E-03 -0.3007354E+01
   04  0.1206349E+01  0.1433918E+02 -0.3817094E-02 -0.7167795E-03 -0.3007357E+01
   04  0.1222222E+01  0.1433918E+02 -0.4110616E-02 -0.7718572E-03 -0.3007359E+01
   04  0.1238095E+01  0.1433918E+02 -0.4404123E-02 -0.8269264E-03 -0.3007362E+01
   04  0.1253968E+01  0.1433917E+02 -0.4697615E-02 -0.8819870E-03 -0.3007364E+01
   04  0.1269841E+01  0.1433917E+02 -0.4991092E-02 -0.9370389E-03 -0.3007366E+01
   04  0.1285714E+01  0.1433917E+02 -0.5284555E-02 -0.9920823E-03 -0.3007369E+01
   04  0.1301587E+01  0.1433917E+02 -0.5578003E-02 -0.1047117E-02 -0.3007371E+01
   04  0.1317460E+01  0.1433916E+02 -0.5871435E-02 -0.1102143E-02 -0.3007373E+01
   04  0.1333333E+01  0.1433916E+02 -0.6164854E-02 -0.1157161E-02 -0.3007376E+01
   04  0.1349206E+01  0.1433916E+02 -0.6458257E-02 -0.1212169E-02 -0.3007378E+01
   04  0.1365079E+01  0.1433916E+02 -0.6751645E-02 -0.1267169E-02 -0.3007381E+01
   04  0.1380952E+01  0.1433915E+02 -0.7045018E-02 -0.1322161E-02 -0.3007383E+01
   04  0.1396825E+01  0.1433915E+02 -0.7338376E-02 -0.1377143E-02 -0.3007385E+01
   04  0.1412698E+01  0.1433915E+02 -0.7631719E-02 -0.1432117E-02 -0.3007388E+01
   04  0.1428571E+01  0.1433915E+02 -0.7925047E-02 -0.1487082E-02 -0.3007390E+01
   04  0.1476190E+01  0.1433914E+02 -0.8804911E-02 -0.1651951E-02 -0.3007397E+01
   04  0.1523810E+01  0.1433913E+02 -0.9684637E-02 -0.1816740E-02 -0.3007404E+01
   04  0.1571429E+01  0.1433913E+02 -0.1056423E-01 -0.1981449E-02 -0.3007411E+01
   04  0.1619048E+01  0.1433912E+02 -0.1144367E-01 -0.2146078E-02 -0.3007418E+01
   04  0.1666667E+01  0.1433911E+02 -0.1232298E-01 -0.2310625E-02 -0.3007425E+01
   04  0.1714286E+01  0.1433911E+02 -0.1320215E-01 -0.2475091E-02 -0.3007432E+01
   04  0.1761905E+01  0.1433910E+02 -0.1408117E-01 -0.2639474E-02 -0.3007439E+01
   04  0.1809524E+01  0.1433909E+02 -0.1496006E-01 -0.2803775E-02 -0.3007445E+01
   04  0.1857143E+01  0.1433908E+02 -0.1583879E-01 -0.2967992E-02 -0.3007452E+01
   04  0.1904762E+01  0.1433908E+02 -0.1671738E-01 -0.3132126E-02 -0.3007459E+01
   04  0.1952381E+01  0.1433907E+02 -0.1759583E-01 -0.3296175E-02 -0.3007466E+01
   04  0.2000000E+01  0.1433906E+02 -0.1847413E-01 -0.3460140E-02 -0.3007472E+01
   04  0.5727919E+01  0.1433864E+02 -0.8652348E-01 -0.1627051E-01 -0.3007901E+01
   04  0.9455838E+01  0.1433840E+02 -0.1534260E+00 -0.2842682E-01 -0.3008141E+01
   04  0.1318376E+02  0.1433836E+02 -0.2187210E+00 -0.3975353E-01 -0.3008180E+01
   04  0.1691168E+02  0.1433853E+02 -0.2819944E+00 -0.5012325E-01 -0.3008011E+01
   04  0.2063960E+02  0.1433891E+02 -0.3428843E+00 -0.5944194E-01 -0.3007629E+01
   04  0.2436752E+02  0.1433950E+02 -0.4010856E+00 -0.6763702E-01 -0.3007034E+01
   04  0.2809543E+02  0.1434029E+02 -0.4563653E+00 -0.7488825E-01 -0.3006246E+01
   04  0.3182335E+02  0.1434127E+02 -0.5085510E+00 -0.8108739E-01 -0.3005266E+01
   04  0.3555127E+02  0.1434244E+02 -0.5575209E+00 -0.8619750E-01 -0.3004097E+01
   04  0.3834721E+02  0.1434341E+02 -0.5919502E+00 -0.8961810E-01 -0.3003123E+01
   04  0.4114315E+02  0.1434447E+02 -0.6244691E+00 -0.9264025E-01 -0.3002068E+01
   04  0.4393909E+02  0.1434560E+02 -0.6550742E+00 -0.9523095E-01 -0.3000934E+01
   04  0.4673503E+02  0.1434682E+02 -0.6838019E+00 -0.9728261E-01 -0.2999718E+01
   04  0.4922031E+02  0.1434796E+02 -0.7078135E+00 -0.9861289E-01 -0.2998573E+01
   04  0.5170559E+02  0.1434916E+02 -0.7304931E+00 -0.9952076E-01 -0.2997382E+01
   04  0.5419087E+02  0.1435038E+02 -0.7519414E+00 -0.1000286E+00 -0.2996154E+01
   04  0.5667615E+02  0.1435164E+02 -0.7721954E+00 -0.1001591E+00 -0.2994893E+01
   04  0.5916143E+02  0.1435293E+02 -0.7912886E+00 -0.9993230E-01 -0.2993604E+01
   04  0.6164671E+02  0.1435425E+02 -0.8092516E+00 -0.9936600E-01 -0.2992288E+01
   04  0.6413199E+02  0.1435559E+02 -0.8261066E+00 -0.9847263E-01 -0.2990949E+01
   04  0.6661727E+02  0.1435695E+02 -0.8418743E+00 -0.9718528E-01 -0.2989587E+01
   04  0.6910255E+02  0.1435834E+02 -0.8565803E+00 -0.9540332E-01 -0.2988197E+01
   04  0.7158783E+02  0.1435976E+02 -0.8702511E+00 -0.9315712E-01 -0.2986782E+01
   04  0.7407311E+02  0.1436119E+02 -0.8829138E+00 -0.9044341E-01 -0.2985348E+01
   04  0.7655838E+02  0.1436264E+02 -0.8945959E+00 -0.8728396E-01 -0.2983900E+01
   04  0.7904366E+02  0.1436410E+02 -0.9053233E+00 -0.8371833E-01 -0.2982439E+01
   04  0.8152894E+02  0.1436557E+02 -0.9151195E+00 -0.7978225E-01 -0.2980968E+01
   04  0.8401422E+02  0.1436705E+02 -0.9240069E+00 -0.7550879E-01 -0.2979490E+01
   04  0.8649950E+02  0.1436853E+02 -0.9320066E+00 -0.7092861E-01 -0.2978005E+01
   04  0.8898478E+02  0.1437002E+02 -0.9391392E+00 -0.6606992E-01 -0.2976516E+01
   04  0.9147006E+02  0.1437151E+02 -0.9454249E+00 -0.6095852E-01 -0.2975023E+01
   04  0.9445240E+02  0.1437330E+02 -0.9519234E+00 -0.5455901E-01 -0.2973234E+01
   04  0.9743473E+02  0.1437509E+02 -0.9572610E+00 -0.4787950E-01 -0.2971444E+01
   04  0.1004171E+03  0.1437688E+02 -0.9615586E+00 -0.4101605E-01 -0.2969655E+01
   04  0.1033994E+03  0.1437865E+02 -0.9650252E+00 -0.3400022E-01 -0.2967883E+01
   04  0.1063817E+03  0.1438042E+02 -0.9676435E+00 -0.2685578E-01 -0.2966122E+01
   04  0.1093641E+03  0.1438217E+02 -0.9694362E+00 -0.1961721E-01 -0.2964372E+01
   04  0.1123464E+03  0.1438391E+02 -0.9704368E+00 -0.1230647E-01 -0.2962630E+01
   04  0.1153287E+03  0.1438564E+02 -0.9706809E+00 -0.4937819E-02 -0.2960896E+01
   04  0.1183111E+03  0.1438737E+02 -0.9702059E+00  0.2473728E-02 -0.2959168E+01
   04  0.1212934E+03  0.1438909E+02 -0.9690480E+00  0.9912422E-02 -0.2957446E+01
   04  0.1242758E+03  0.1439080E+02 -0.9672437E+00  0.1734154E-01 -0.2955732E+01
   04  0.1272581E+03  0.1439251E+02 -0.9648309E+00  0.2475120E-01 -0.2954027E+01
   04  0.1302404E+03  0.1439421E+02 -0.9618517E+00  0.3213120E-01 -0.2952331E+01
   04  0.1332228E+03  0.1439589E+02 -0.9583048E+00  0.3947068E-01 -0.2950649E+01
   04  0.1362051E+03  0.1439756E+02 -0.9542287E+00  0.4675748E-01 -0.2948982E+01
   04  0.1391874E+03  0.1439921E+02 -0.9496713E+00  0.5397878E-01 -0.2947330E+01
   04  0.1421698E+03  0.1440084E+02 -0.9446810E+00  0.6112154E-01 -0.2945696E+01
   04  0.1451521E+03  0.1440246E+02 -0.9393060E+00  0.6817253E-01 -0.2944081E+01
   04  0.1481344E+03  0.1440406E+02 -0.9335896E+00  0.7520014E-01 -0.2942479E+01
   04  0.1511168E+03  0.1440565E+02 -0.9275625E+00  0.8228210E-01 -0.2940885E+01
   04  0.1540991E+03  0.1440724E+02 -0.9211726E+00  0.8938701E-01 -0.2939297E+01
   04  0.1570814E+03  0.1440882E+02 -0.9144509E+00  0.9649044E-01 -0.2937718E+01
   04  0.1600638E+03  0.1441039E+02 -0.9074310E+00  0.1035520E+00 -0.2936149E+01
   04  0.1630461E+03  0.1441194E+02 -0.9001490E+00  0.1105480E+00 -0.2934594E+01
   04  0.1660284E+03  0.1441348E+02 -0.8926435E+00  0.1174662E+00 -0.2933056E+01
   04  0.1690108E+03  0.1441500E+02 -0.8849545E+00  0.1242954E+00 -0.2931538E+01
   04  0.1719931E+03  0.1441649E+02 -0.8771242E+00  0.1310260E+00 -0.2930044E+01
   04  0.1749755E+03  0.1441796E+02 -0.8691960E+00  0.1376476E+00 -0.2928576E+01
   04  0.1779578E+03  0.1441940E+02 -0.8612141E+00  0.1441516E+00 -0.2927136E+01
   04  0.1809401E+03  0.1442081E+02 -0.8532225E+00  0.1505298E+00 -0.2925726E+01
   04  0.1824313E+03  0.1442151E+02 -0.8492025E+00  0.1536644E+00 -0.2925031E+01
   04  0.1839225E+03  0.1442219E+02 -0.8451957E+00  0.1567659E+00 -0.2924344E+01
   04  0.1854136E+03  0.1442287E+02 -0.8412074E+00  0.1598331E+00 -0.2923665E+01
   04  0.1869048E+03  0.1442354E+02 -0.8372430E+00  0.1628650E+00 -0.2922994E+01
   04  0.1883960E+03  0.1442421E+02 -0.8333075E+00  0.1658603E+00 -0.2922332E+01
   04  0.1898871E+03  0.1442486E+02 -0.8294059E+00  0.1688181E+00 -0.2921678E+01
   04  0.1913783E+03  0.1442550E+02 -0.8255428E+00  0.1717370E+00 -0.2921033E+01
   04  0.1928695E+03  0.1442614E+02 -0.8217229E+00  0.1746158E+00 -0.2920398E+01
   04  0.1943606E+03  0.1442677E+02 -0.8179506E+00  0.1774530E+00 -0.2919771E+01
   04  0.1958518E+03  0.1442738E+02 -0.8142301E+00  0.1802469E+00 -0.2919153E+01
   04  0.1973430E+03  0.1442799E+02 -0.8105655E+00  0.1829957E+00 -0.2918543E+01
   04  0.1988341E+03  0.1442859E+02 -0.8069606E+00  0.1856966E+00 -0.2917943E+01
   04  0.2003253E+03  0.1442919E+02 -0.8034190E+00  0.1883467E+00 -0.2917352E+01
   04  0.2018165E+03  0.1442977E+02 -0.7999444E+00  0.1909416E+00 -0.2916768E+01
   04  0.2033076E+03  0.1443034E+02 -0.7965394E+00  0.1935180E+00 -0.2916197E+01
   04  0.2047988E+03  0.1443090E+02 -0.7932062E+00  0.1961001E+00 -0.2915638E+01
   04  0.2062900E+03  0.1443144E+02 -0.7899471E+00  0.1986839E+00 -0.2915093E+01
   04  0.2077811E+03  0.1443198E+02 -0.7867642E+00  0.2012663E+00 -0.2914560E+01
   04  0.2092723E+03  0.1443250E+02 -0.7836597E+00  0.2038448E+00 -0.2914040E+01
   04  0.2107635E+03  0.1443300E+02 -0.7806355E+00  0.2064170E+00 -0.2913532E+01
   04  0.2122546E+03  0.1443350E+02 -0.7776931E+00  0.2089811E+00 -0.2913036E+01
   04  0.2137458E+03  0.1443399E+02 -0.7748342E+00  0.2115355E+00 -0.2912551E+01
   04  0.2152370E+03  0.1443446E+02 -0.7720600E+00  0.2140785E+00 -0.2912078E+01
   04  0.2167281E+03  0.1443492E+02 -0.7693719E+00  0.2166088E+00 -0.2911616E+01
   04  0.2182193E+03  0.1443537E+02 -0.7667707E+00  0.2191253E+00 -0.2911164E+01
   04  0.2197105E+03  0.1443581E+02 -0.7642572E+00  0.2216267E+00 -0.2910723E+01
   04  0.2212017E+03  0.1443624E+02 -0.7618321E+00  0.2241120E+00 -0.2910293E+01
   04  0.2226928E+03  0.1443666E+02 -0.7594957E+00  0.2265804E+00 -0.2909872E+01
   04  0.2241840E+03  0.1443708E+02 -0.7572483E+00  0.2290309E+00 -0.2909461E+01
   04  0.2256752E+03  0.1443748E+02 -0.7550794E+00  0.2314626E+00 -0.2909061E+01
   04  0.2271663E+03  0.1443787E+02 -0.7529868E+00  0.2338747E+00 -0.2908671E+01
   04  0.2286575E+03  0.1443825E+02 -0.7509730E+00  0.2362664E+00 -0.2908291E+01
   04  0.2301487E+03  0.1443862E+02 -0.7490401E+00  0.2386370E+00 -0.2907921E+01
   04  0.2316398E+03  0.1443898E+02 -0.7471896E+00  0.2409855E+00 -0.2907559E+01
   04  0.2331310E+03  0.1443933E+02 -0.7454233E+00  0.2433111E+00 -0.2907207E+01
   04  0.2346222E+03  0.1443967E+02 -0.7437424E+00  0.2456178E+00 -0.2906862E+01
   04  0.2361133E+03  0.1444001E+02 -0.7421486E+00  0.2479342E+00 -0.2906523E+01
   04  0.2376045E+03  0.1444035E+02 -0.7406433E+00  0.2502579E+00 -0.2906189E+01
   04  0.2390957E+03  0.1444068E+02 -0.7392275E+00  0.2525865E+00 -0.2905860E+01
   04  0.2405868E+03  0.1444100E+02 -0.7379018E+00  0.2549176E+00 -0.2905536E+01
   04  0.2420780E+03  0.1444132E+02 -0.7366669E+00  0.2572487E+00 -0.2905217E+01
   04  0.2435692E+03  0.1444163E+02 -0.7355230E+00  0.2595773E+00 -0.2904902E+01
   04  0.2450603E+03  0.1444194E+02 -0.7344702E+00  0.2619007E+00 -0.2904592E+01
   04  0.2465515E+03  0.1444225E+02 -0.7335085E+00  0.2642164E+00 -0.2904287E+01
   04  0.2480427E+03  0.1444255E+02 -0.7326375E+00  0.2665218E+00 -0.2903986E+01
   04  0.2495338E+03  0.1444285E+02 -0.7318568E+00  0.2688145E+00 -0.2903689E+01
   04  0.2510250E+03  0.1444314E+02 -0.7311659E+00  0.2710922E+00 -0.2903397E+01
   04  0.2525162E+03  0.1444343E+02 -0.7305640E+00  0.2733531E+00 -0.2903109E+01
   04  0.2540073E+03  0.1444371E+02 -0.7300499E+00  0.2755953E+00 -0.2902825E+01
   04  0.2554985E+03  0.1444399E+02 -0.7296228E+00  0.2778173E+00 -0.2902545E+01
   04  0.2569897E+03  0.1444427E+02 -0.7292815E+00  0.2800176E+00 -0.2902270E+01
   04  0.2584808E+03  0.1444454E+02 -0.7290251E+00  0.2821952E+00 -0.2901998E+01
   04  0.2599720E+03  0.1444481E+02 -0.7288525E+00  0.2843488E+00 -0.2901730E+01
   04  0.2614632E+03  0.1444507E+02 -0.7287627E+00  0.2864773E+00 -0.2901466E+01
   04  0.2629543E+03  0.1444533E+02 -0.7287548E+00  0.2885793E+00 -0.2901206E+01
   04  0.2644455E+03  0.1444559E+02 -0.7288276E+00  0.2906534E+00 -0.2900950E+01
   04  0.2659367E+03  0.1444584E+02 -0.7289798E+00  0.2926984E+00 -0.2900697E+01
   04  0.2674278E+03  0.1444609E+02 -0.7292103E+00  0.2947130E+00 -0.2900448E+01
   04  0.2689190E+03  0.1444634E+02 -0.7295175E+00  0.2966962E+00 -0.2900202E+01
   04  0.2704102E+03  0.1444658E+02 -0.7299000E+00  0.2986468E+00 -0.2899959E+01
   04  0.2719014E+03  0.1444682E+02 -0.7303563E+00  0.3005640E+00 -0.2899718E+01
   04  0.2733925E+03  0.1444706E+02 -0.7308848E+00  0.3024468E+00 -0.2899481E+01
   04  0.2748837E+03  0.1444729E+02 -0.7314837E+00  0.3042943E+00 -0.2899246E+01
   04  0.2763749E+03  0.1444752E+02 -0.7321512E+00  0.3061059E+00 -0.2899014E+01
   04  0.2778660E+03  0.1444775E+02 -0.7328857E+00  0.3078806E+00 -0.2898784E+01
   04  0.2793572E+03  0.1444798E+02 -0.7336852E+00  0.3096180E+00 -0.2898555E+01
   04  0.2808484E+03  0.1444821E+02 -0.7345477E+00  0.3113173E+00 -0.2898329E+01
   04  0.2823395E+03  0.1444843E+02 -0.7354714E+00  0.3129779E+00 -0.2898105E+01
   04  0.2838307E+03  0.1444866E+02 -0.7364541E+00  0.3145993E+00 -0.2897882E+01
   04  0.2853219E+03  0.1444888E+02 -0.7374937E+00  0.3161809E+00 -0.2897660E+01
   04  0.2868130E+03  0.1444910E+02 -0.7385882E+00  0.3177222E+00 -0.2897439E+01
   04  0.2883042E+03  0.1444932E+02 -0.7397353E+00  0.3192227E+00 -0.2897220E+01
   04  0.2897954E+03  0.1444954E+02 -0.7409330E+00  0.3206819E+00 -0.2897001E+01
   04  0.2912865E+03  0.1444975E+02 -0.7421789E+00  0.3220992E+00 -0.2896782E+01
   04  0.2927777E+03  0.1444997E+02 -0.7434708E+00  0.3234742E+00 -0.2896564E+01
   04  0.2942689E+03  0.1445019E+02 -0.7448063E+00  0.3248065E+00 -0.2896346E+01
   04  0.2957600E+03  0.1445041E+02 -0.7461834E+00  0.3260955E+00 -0.2896128E+01
   04  0.2972512E+03  0.1445063E+02 -0.7475995E+00  0.3273409E+00 -0.2895909E+01
   04  0.2987424E+03  0.1445085E+02 -0.7490525E+00  0.3285422E+00 -0.2895690E+01
   04  0.3002335E+03  0.1445107E+02 -0.7505400E+00  0.3296992E+00 -0.2895470E+01
   04  0.3017247E+03  0.1445129E+02 -0.7520597E+00  0.3308120E+00 -0.2895249E+01
   04  0.3032159E+03  0.1445151E+02 -0.7536094E+00  0.3318809E+00 -0.2895027E+01
   04  0.3047070E+03  0.1445173E+02 -0.7551868E+00  0.3329049E+00 -0.2894804E+01
   04  0.3061982E+03  0.1445196E+02 -0.7567897E+00  0.3338831E+00 -0.2894579E+01
   04  0.3076894E+03  0.1445218E+02 -0.7584157E+00  0.3348145E+00 -0.2894353E+01
   04  0.3091805E+03  0.1445241E+02 -0.7600627E+00  0.3356980E+00 -0.2894124E+01
   04  0.3106717E+03  0.1445264E+02 -0.7617282E+00  0.3365326E+00 -0.2893893E+01
   04  0.3121629E+03  0.1445288E+02 -0.7634100E+00  0.3373175E+00 -0.2893659E+01
   04  0.3136540E+03  0.1445311E+02 -0.7651058E+00  0.3380514E+00 -0.2893423E+01
   04  0.3151452E+03  0.1445335E+02 -0.7668131E+00  0.3387258E+00 -0.2893182E+01
   04  0.3165017E+03  0.1445358E+02 -0.7683728E+00  0.3392845E+00 -0.2892959E+01
   04  0.3178581E+03  0.1445380E+02 -0.7699377E+00  0.3397789E+00 -0.2892733E+01
   04  0.3192146E+03  0.1445403E+02 -0.7715064E+00  0.3402082E+00 -0.2892504E+01
   04  0.3205710E+03  0.1445426E+02 -0.7730774E+00  0.3405719E+00 -0.2892273E+01
   04  0.3219275E+03  0.1445450E+02 -0.7746490E+00  0.3408696E+00 -0.2892038E+01
   04  0.3232839E+03  0.1445474E+02 -0.7762199E+00  0.3411009E+00 -0.2891800E+01
   04  0.3246404E+03  0.1445498E+02 -0.7777884E+00  0.3412652E+00 -0.2891558E+01
   04  0.3259968E+03  0.1445522E+02 -0.7793533E+00  0.3413621E+00 -0.2891313E+01
   04  0.3273533E+03  0.1445547E+02 -0.7809129E+00  0.3413913E+00 -0.2891065E+01
   04  0.3287097E+03  0.1445572E+02 -0.7824659E+00  0.3413523E+00 -0.2890813E+01
   04  0.3300662E+03  0.1445598E+02 -0.7840109E+00  0.3412447E+00 -0.2890556E+01
   04  0.3314226E+03  0.1445624E+02 -0.7855464E+00  0.3410687E+00 -0.2890296E+01
   04  0.3327791E+03  0.1445651E+02 -0.7870710E+00  0.3408253E+00 -0.2890031E+01
   04  0.3341355E+03  0.1445677E+02 -0.7885834E+00  0.3405157E+00 -0.2889763E+01
   04  0.3354920E+03  0.1445705E+02 -0.7900820E+00  0.3401408E+00 -0.2889490E+01
   04  0.3368484E+03  0.1445732E+02 -0.7915655E+00  0.3397015E+00 -0.2889213E+01
   04  0.3382049E+03  0.1445760E+02 -0.7930325E+00  0.3391983E+00 -0.2888932E+01
   04  0.3395613E+03  0.1445789E+02 -0.7944816E+00  0.3386318E+00 -0.2888647E+01
   04  0.3409178E+03  0.1445818E+02 -0.7959114E+00  0.3380022E+00 -0.2888357E+01
   04  0.3422742E+03  0.1445847E+02 -0.7973206E+00  0.3373097E+00 -0.2888063E+01
   04  0.3436307E+03  0.1445877E+02 -0.7987079E+00  0.3365545E+00 -0.2887764E+01
   04  0.3449871E+03  0.1445908E+02 -0.8000719E+00  0.3357367E+00 -0.2887460E+01
   04  0.3463436E+03  0.1445939E+02 -0.8014114E+00  0.3348562E+00 -0.2887151E+01
   04  0.3477000E+03  0.1445970E+02 -0.8027252E+00  0.3339130E+00 -0.2886837E+01
   04  0.3490565E+03  0.1446002E+02 -0.8040119E+00  0.3329069E+00 -0.2886518E+01
   04  0.3504130E+03  0.1446034E+02 -0.8052705E+00  0.3318377E+00 -0.2886193E+01
   04  0.3517694E+03  0.1446067E+02 -0.8064990E+00  0.3307053E+00 -0.2885862E+01
   04  0.3531259E+03  0.1446101E+02 -0.8076959E+00  0.3295095E+00 -0.2885526E+01
   04  0.3544823E+03  0.1446135E+02 -0.8088593E+00  0.3282500E+00 -0.2885184E+01
   04  0.3558388E+03  0.1446170E+02 -0.8099877E+00  0.3269264E+00 -0.2884836E+01
   04  0.3574665E+03  0.1446213E+02 -0.8112971E+00  0.3252541E+00 -0.2884411E+01
   04  0.3590942E+03  0.1446256E+02 -0.8125516E+00  0.3234886E+00 -0.2883977E+01
   04  0.3607220E+03  0.1446300E+02 -0.8137486E+00  0.3216295E+00 -0.2883533E+01
   04  0.3623497E+03  0.1446346E+02 -0.8148854E+00  0.3196765E+00 -0.2883079E+01
   04  0.3639775E+03  0.1446392E+02 -0.8159596E+00  0.3176293E+00 -0.2882615E+01
   04  0.3656052E+03  0.1446440E+02 -0.8169688E+00  0.3154875E+00 -0.2882139E+01
   04  0.3672329E+03  0.1446488E+02 -0.8179108E+00  0.3132506E+00 -0.2881653E+01
   04  0.3688607E+03  0.1446538E+02 -0.8187835E+00  0.3109180E+00 -0.2881155E+01
   04  0.3704884E+03  0.1446589E+02 -0.8195847E+00  0.3084893E+00 -0.2880645E+01
   04  0.3721162E+03  0.1446641E+02 -0.8203125E+00  0.3059638E+00 -0.2880123E+01
   04  0.3737439E+03  0.1446695E+02 -0.8209652E+00  0.3033409E+00 -0.2879588E+01
   04  0.3753717E+03  0.1446750E+02 -0.8215409E+00  0.3006199E+00 -0.2879041E+01
   04  0.3769994E+03  0.1446806E+02 -0.8220383E+00  0.2978001E+00 -0.2878480E+01
   04  0.3786271E+03  0.1446863E+02 -0.8224558E+00  0.2948807E+00 -0.2877906E+01
   04  0.3802549E+03  0.1446922E+02 -0.8227924E+00  0.2918609E+00 -0.2877317E+01
   04  0.3818826E+03  0.1446982E+02 -0.8230471E+00  0.2887397E+00 -0.2876715E+01
   04  0.3835104E+03  0.1447044E+02 -0.8232197E+00  0.2855163E+00 -0.2876097E+01
   04  0.3851381E+03  0.1447107E+02 -0.8233095E+00  0.2822329E+00 -0.2875469E+01
   04  0.3867658E+03  0.1447171E+02 -0.8233162E+00  0.2788951E+00 -0.2874829E+01
   04  0.3883936E+03  0.1447236E+02 -0.8232397E+00  0.2755032E+00 -0.2874178E+01
   04  0.3900213E+03  0.1447302E+02 -0.8230802E+00  0.2720574E+00 -0.2873515E+01
   04  0.3916491E+03  0.1447370E+02 -0.8228384E+00  0.2685576E+00 -0.2872841E+01
   04  0.3932768E+03  0.1447438E+02 -0.8225149E+00  0.2650036E+00 -0.2872154E+01
   04  0.3949046E+03  0.1447508E+02 -0.8221108E+00  0.2613950E+00 -0.2871455E+01
   04  0.3965323E+03  0.1447579E+02 -0.8216269E+00  0.2577315E+00 -0.2870744E+01
   04  0.3981600E+03  0.1447652E+02 -0.8210646E+00  0.2540123E+00 -0.2870020E+01
   04  0.3997878E+03  0.1447725E+02 -0.8204250E+00  0.2502369E+00 -0.2869283E+01
   04  0.4014155E+03  0.1447800E+02 -0.8197096E+00  0.2464044E+00 -0.2868532E+01
   04  0.4030433E+03  0.1447877E+02 -0.8189199E+00  0.2425141E+00 -0.2867768E+01
   04  0.4046710E+03  0.1447955E+02 -0.8180575E+00  0.2385648E+00 -0.2866991E+01
   04  0.4062987E+03  0.1448034E+02 -0.8171240E+00  0.2345532E+00 -0.2866199E+01
   04  0.4079265E+03  0.1448114E+02 -0.8161212E+00  0.2304662E+00 -0.2865394E+01
   04  0.4095542E+03  0.1448196E+02 -0.8150510E+00  0.2263024E+00 -0.2864576E+01
   04  0.4111820E+03  0.1448279E+02 -0.8139155E+00  0.2220604E+00 -0.2863744E+01
   04  0.4128097E+03  0.1448364E+02 -0.8127167E+00  0.2177390E+00 -0.2862898E+01
   04  0.4144375E+03  0.1448450E+02 -0.8114570E+00  0.2133368E+00 -0.2862038E+01
   04  0.4160652E+03  0.1448537E+02 -0.8101387E+00  0.2088525E+00 -0.2861163E+01
   04  0.4176929E+03  0.1448626E+02 -0.8087643E+00  0.2042849E+00 -0.2860273E+01
   04  0.4193207E+03  0.1448717E+02 -0.8073365E+00  0.1996326E+00 -0.2859369E+01
   04  0.4209484E+03  0.1448809E+02 -0.8058579E+00  0.1948944E+00 -0.2858449E+01
   04  0.4225762E+03  0.1448902E+02 -0.8043317E+00  0.1900690E+00 -0.2857514E+01
   04  0.4242039E+03  0.1448997E+02 -0.8027612E+00  0.1851553E+00 -0.2856563E+01
   04  0.4258316E+03  0.1449094E+02 -0.8011491E+00  0.1801523E+00 -0.2855596E+01
   04  0.4274594E+03  0.1449192E+02 -0.7994980E+00  0.1750586E+00 -0.2854613E+01
   04  0.4290871E+03  0.1449292E+02 -0.7978109E+00  0.1698732E+00 -0.2853614E+01
   04  0.4307149E+03  0.1449394E+02 -0.7960903E+00  0.1645944E+00 -0.2852598E+01
   04  0.4323426E+03  0.1449497E+02 -0.7943389E+00  0.1592194E+00 -0.2851565E+01
   04  0.4339704E+03  0.1449602E+02 -0.7925594E+00  0.1537451E+00 -0.2850515E+01
   04  0.4355981E+03  0.1449709E+02 -0.7907548E+00  0.1481874E+00 -0.2849449E+01
   04  0.4372258E+03  0.1449817E+02 -0.7889285E+00  0.1425455E+00 -0.2848367E+01
   04  0.4388536E+03  0.1449927E+02 -0.7870842E+00  0.1367982E+00 -0.2847266E+01
   04  0.4404813E+03  0.1450039E+02 -0.7852255E+00  0.1309364E+00 -0.2846147E+01
   04  0.4421091E+03  0.1450153E+02 -0.7833566E+00  0.1249598E+00 -0.2845009E+01
   04  0.4437368E+03  0.1450269E+02 -0.7814813E+00  0.1188672E+00 -0.2843851E+01
   04  0.4453645E+03  0.1450386E+02 -0.7796035E+00  0.1126576E+00 -0.2842674E+01
   04  0.4469923E+03  0.1450506E+02 -0.7777276E+00  0.1063298E+00 -0.2841478E+01
   04  0.4486200E+03  0.1450628E+02 -0.7758576E+00  0.9988273E-01 -0.2840261E+01
   04  0.4502478E+03  0.1450751E+02 -0.7739978E+00  0.9331539E-01 -0.2839025E+01
   04  0.4518755E+03  0.1450877E+02 -0.7721521E+00  0.8662689E-01 -0.2837769E+01
   04  0.4535033E+03  0.1451004E+02 -0.7703248E+00  0.7981643E-01 -0.2836493E+01
   04  0.4551310E+03  0.1451134E+02 -0.7685200E+00  0.7288329E-01 -0.2835197E+01
   04  0.4567587E+03  0.1451266E+02 -0.7667420E+00  0.6582683E-01 -0.2833881E+01
   04  0.4583865E+03  0.1451399E+02 -0.7649951E+00  0.5864648E-01 -0.2832546E+01
   04  0.4600142E+03  0.1451535E+02 -0.7632836E+00  0.5134173E-01 -0.2831191E+01
   04  0.4616420E+03  0.1451672E+02 -0.7616115E+00  0.4391935E-01 -0.2829815E+01
   04  0.4632697E+03  0.1451812E+02 -0.7599824E+00  0.3638133E-01 -0.2828419E+01
   04  0.4648974E+03  0.1451953E+02 -0.7584003E+00  0.2872666E-01 -0.2827003E+01
   04  0.4665252E+03  0.1452097E+02 -0.7568690E+00  0.2095441E-01 -0.2825567E+01
   04  0.4681529E+03  0.1452243E+02 -0.7553924E+00  0.1306371E-01 -0.2824111E+01
   04  0.4697807E+03  0.1452390E+02 -0.7539743E+00  0.5064244E-02 -0.2822635E+01
   04  0.4714084E+03  0.1452540E+02 -0.7526186E+00 -0.3042888E-02 -0.2821138E+01
   04  0.4730362E+03  0.1452692E+02 -0.7513285E+00 -0.1125844E-01 -0.2819621E+01
   04  0.4746639E+03  0.1452845E+02 -0.7501048E+00 -0.1958341E-01 -0.2818085E+01
   04  0.4762916E+03  0.1453001E+02 -0.7489543E+00 -0.2801799E-01 -0.2816528E+01
   04  0.4779194E+03  0.1453159E+02 -0.7478803E+00 -0.3656267E-01 -0.2814952E+01
   04  0.4795471E+03  0.1453318E+02 -0.7468866E+00 -0.4521784E-01 -0.2813356E+01
   04  0.4811749E+03  0.1453480E+02 -0.7459765E+00 -0.5398381E-01 -0.2811741E+01
   04  0.4828026E+03  0.1453643E+02 -0.7451536E+00 -0.6286080E-01 -0.2810107E+01
   04  0.4844303E+03  0.1453808E+02 -0.7444213E+00 -0.7184894E-01 -0.2808453E+01
   04  0.4860581E+03  0.1453976E+02 -0.7437832E+00 -0.8094828E-01 -0.2806781E+01
   04  0.4876858E+03  0.1454145E+02 -0.7432426E+00 -0.9015879E-01 -0.2805089E+01
   04  0.4893136E+03  0.1454316E+02 -0.7428029E+00 -0.9948034E-01 -0.2803379E+01
   04  0.4909413E+03  0.1454489E+02 -0.7424675E+00 -0.1089127E+00 -0.2801650E+01
   04  0.4925691E+03  0.1454664E+02 -0.7422397E+00 -0.1184557E+00 -0.2799901E+01
   04  0.4941968E+03  0.1454840E+02 -0.7421228E+00 -0.1281089E+00 -0.2798134E+01
   04  0.4958245E+03  0.1455019E+02 -0.7421201E+00 -0.1378718E+00 -0.2796348E+01
   04  0.4974523E+03  0.1455200E+02 -0.7422349E+00 -0.1477439E+00 -0.2794542E+01
   04  0.4990800E+03  0.1455382E+02 -0.7424705E+00 -0.1577245E+00 -0.2792717E+01
   04  0.5007078E+03  0.1455566E+02 -0.7428301E+00 -0.1678129E+00 -0.2790872E+01
   04  0.5023355E+03  0.1455753E+02 -0.7433171E+00 -0.1780082E+00 -0.2789008E+01
   04  0.5039632E+03  0.1455941E+02 -0.7439347E+00 -0.1883097E+00 -0.2787124E+01
   04  0.5055910E+03  0.1456132E+02 -0.7446863E+00 -0.1987163E+00 -0.2785219E+01
   04  0.5072187E+03  0.1456324E+02 -0.7455753E+00 -0.2092270E+00 -0.2783294E+01
   04  0.5088465E+03  0.1456519E+02 -0.7466052E+00 -0.2198406E+00 -0.2781348E+01
   04  0.5104742E+03  0.1456716E+02 -0.7477797E+00 -0.2305559E+00 -0.2779381E+01
   04  0.5121020E+03  0.1456914E+02 -0.7491026E+00 -0.2413717E+00 -0.2777393E+01
   04  0.5137297E+03  0.1457115E+02 -0.7505780E+00 -0.2522864E+00 -0.2775382E+01
   04  0.5153574E+03  0.1457319E+02 -0.7522103E+00 -0.2632987E+00 -0.2773349E+01
   04  0.5169852E+03  0.1457524E+02 -0.7540037E+00 -0.2744070E+00 -0.2771294E+01
   04  0.5186129E+03  0.1457732E+02 -0.7559628E+00 -0.2856097E+00 -0.2769215E+01
   04  0.5202407E+03  0.1457942E+02 -0.7580921E+00 -0.2969052E+00 -0.2767112E+01
   04  0.5218684E+03  0.1458155E+02 -0.7603966E+00 -0.3082916E+00 -0.2764985E+01
   04  0.5234961E+03  0.1458370E+02 -0.7628812E+00 -0.3197673E+00 -0.2762833E+01
   04  0.5251239E+03  0.1458588E+02 -0.7655511E+00 -0.3313303E+00 -0.2760655E+01
   04  0.5267516E+03  0.1458809E+02 -0.7684117E+00 -0.3429786E+00 -0.2758452E+01
   04  0.5283794E+03  0.1459032E+02 -0.7714688E+00 -0.3547104E+00 -0.2756221E+01
   04  0.5300071E+03  0.1459257E+02 -0.7747282E+00 -0.3665236E+00 -0.2753963E+01
   04  0.5316349E+03  0.1459486E+02 -0.7781963E+00 -0.3784162E+00 -0.2751677E+01
   04  0.5332626E+03  0.1459717E+02 -0.7818797E+00 -0.3903859E+00 -0.2749362E+01
   04  0.5348903E+03  0.1459952E+02 -0.7857851E+00 -0.4024309E+00 -0.2747018E+01
   04  0.5365181E+03  0.1460189E+02 -0.7899199E+00 -0.4145487E+00 -0.2744643E+01
   04  0.5381458E+03  0.1460430E+02 -0.7942917E+00 -0.4267374E+00 -0.2742236E+01
   04  0.5397736E+03  0.1460674E+02 -0.7989084E+00 -0.4389948E+00 -0.2739798E+01
   04  0.5414013E+03  0.1460921E+02 -0.8037784E+00 -0.4513187E+00 -0.2737326E+01
   04  0.5430290E+03  0.1461172E+02 -0.8089107E+00 -0.4637071E+00 -0.2734821E+01
   04  0.5446568E+03  0.1461426E+02 -0.8143143E+00 -0.4761577E+00 -0.2732280E+01
   04  0.5462845E+03  0.1461683E+02 -0.8199991E+00 -0.4886685E+00 -0.2729703E+01
   04  0.5479123E+03  0.1461945E+02 -0.8259751E+00 -0.5012375E+00 -0.2727089E+01
   04  0.5495400E+03  0.1462210E+02 -0.8322531E+00 -0.5138626E+00 -0.2724437E+01
   04  0.5511678E+03  0.1462479E+02 -0.8388440E+00 -0.5265421E+00 -0.2721745E+01
   04  0.5527955E+03  0.1462752E+02 -0.8457594E+00 -0.5392835E+00 -0.2719014E+01
   04  0.5544232E+03  0.1463029E+02 -0.8530099E+00 -0.5521271E+00 -0.2716245E+01
   04  0.5560510E+03  0.1463310E+02 -0.8606069E+00 -0.5650699E+00 -0.2713436E+01
   04  0.5576787E+03  0.1463595E+02 -0.8685622E+00 -0.5781084E+00 -0.2710588E+01
   04  0.5593065E+03  0.1463884E+02 -0.8768884E+00 -0.5912397E+00 -0.2707698E+01
   04  0.5609342E+03  0.1464177E+02 -0.8855986E+00 -0.6044609E+00 -0.2704765E+01
   04  0.5625619E+03  0.1464475E+02 -0.8947068E+00 -0.6177690E+00 -0.2701787E+01
   04  0.5641897E+03  0.1464777E+02 -0.9042272E+00 -0.6311616E+00 -0.2698764E+01
   04  0.5658174E+03  0.1465084E+02 -0.9141750E+00 -0.6446365E+00 -0.2695694E+01
   04  0.5674452E+03  0.1465396E+02 -0.9245657E+00 -0.6581920E+00 -0.2692574E+01
   04  0.5690729E+03  0.1465713E+02 -0.9354154E+00 -0.6718264E+00 -0.2689404E+01
   04  0.5707007E+03  0.1466036E+02 -0.9467409E+00 -0.6855388E+00 -0.2686181E+01
   04  0.5723284E+03  0.1466363E+02 -0.9585591E+00 -0.6993281E+00 -0.2682904E+01
   04  0.5739561E+03  0.1466697E+02 -0.9708872E+00 -0.7131939E+00 -0.2679572E+01
   04  0.5755839E+03  0.1467036E+02 -0.9837431E+00 -0.7271360E+00 -0.2676181E+01
   04  0.5772116E+03  0.1467381E+02 -0.9971453E+00 -0.7411546E+00 -0.2672731E+01
   04  0.5788394E+03  0.1467732E+02 -0.1011113E+01 -0.7552502E+00 -0.2669219E+01
   04  0.5804671E+03  0.1468089E+02 -0.1025664E+01 -0.7694236E+00 -0.2665644E+01
   04  0.5820948E+03  0.1468453E+02 -0.1040818E+01 -0.7836759E+00 -0.2662003E+01
   04  0.5837226E+03  0.1468824E+02 -0.1056595E+01 -0.7980086E+00 -0.2658295E+01
   04  0.5853503E+03  0.1469202E+02 -0.1073013E+01 -0.8124233E+00 -0.2654517E+01
   04  0.5869781E+03  0.1469587E+02 -0.1090092E+01 -0.8269219E+00 -0.2650668E+01
   04  0.5886058E+03  0.1469979E+02 -0.1107851E+01 -0.8415068E+00 -0.2646745E+01
   04  0.5902336E+03  0.1470379E+02 -0.1126309E+01 -0.8561803E+00 -0.2642747E+01
   04  0.5918613E+03  0.1470787E+02 -0.1145483E+01 -0.8709448E+00 -0.2638671E+01
   04  0.5934890E+03  0.1471202E+02 -0.1165392E+01 -0.8858033E+00 -0.2634516E+01
   04  0.5951168E+03  0.1471626E+02 -0.1186055E+01 -0.9007585E+00 -0.2630279E+01
   04  0.5967445E+03  0.1472058E+02 -0.1207487E+01 -0.9158135E+00 -0.2625960E+01
   04  0.5983723E+03  0.1472498E+02 -0.1229707E+01 -0.9309712E+00 -0.2621555E+01
