# gauge_id= 608 location=( -0.1242042364E+03  0.4174837307E+02 ) num_var=  4
# Stationary gauge
# level, time, q[  1  2  3], eta, aux[]
# file format ascii, time series follow in this file
   04  0.0000000E+00  0.2309275E+01  0.0000000E+00  0.0000000E+00  0.0000000E+00
   04  0.1000000E+01  0.2309275E+01  0.0000000E+00  0.4297923E-16 -0.2953947E+01
   04  0.1015873E+01  0.2309276E+01 -0.3539329E-25 -0.4030292E-05 -0.2953946E+01
   04  0.1031746E+01  0.2309276E+01 -0.9790434E-14 -0.8060418E-05 -0.2953946E+01
   04  0.1047619E+01  0.2309277E+01 -0.2935338E-13 -0.1209037E-04 -0.2953945E+01
   04  0.1063492E+01  0.2309278E+01 -0.5867090E-13 -0.1612016E-04 -0.2953945E+01
   04  0.1079365E+01  0.2309278E+01 -0.9772507E-13 -0.2014977E-04 -0.2953944E+01
   04  0.1095238E+01  0.2309279E+01 -0.1464980E-12 -0.2417921E-04 -0.2953943E+01
   04  0.1111111E+01  0.2309279E+01 -0.2049716E-12 -0.2820846E-04 -0.2953943E+01
   04  0.1126984E+01  0.2309280E+01 -0.2731282E-12 -0.3223754E-04 -0.2953942E+01
   04  0.1142857E+01  0.2309280E+01 -0.3509497E-12 -0.3626643E-04 -0.2953942E+01
   04  0.1158730E+01  0.2309281E+01 -0.4384181E-12 -0.4029514E-04 -0.2953941E+01
   04  0.1174603E+01  0.2309281E+01 -0.5355156E-12 -0.4432366E-04 -0.2953941E+01
   04  0.1190476E+01  0.2309282E+01 -0.6422243E-12 -0.4835199E-04 -0.2953940E+01
   04  0.1206349E+01  0.2309283E+01 -0.7585261E-12 -0.5238013E-04 -0.2953940E+01
   04  0.1222222E+01  0.2309283E+01 -0.8844032E-12 -0.5640807E-04 -0.2953939E+01
   04  0.1238095E+01  0.2309284E+01 -0.1019838E-11 -0.6043582E-04 -0.2953938E+01
   04  0.1253968E+01  0.2309284E+01 -0.1164811E-11 -0.6446337E-04 -0.2953938E+01
   04  0.1269841E+01  0.2309285E+01 -0.1319307E-11 -0.6849072E-04 -0.2953937E+01
   04  0.1285714E+01  0.2309285E+01 -0.1483305E-11 -0.7251786E-04 -0.2953937E+01
   04  0.1301587E+01  0.2309286E+01 -0.1656790E-11 -0.7654480E-04 -0.2953936E+01
   04  0.1317460E+01  0.2309286E+01 -0.1839741E-11 -0.8057153E-04 -0.2953936E+01
   04  0.1333333E+01  0.2309287E+01 -0.2032143E-11 -0.8459804E-04 -0.2953935E+01
   04  0.1349206E+01  0.2309287E+01 -0.2233976E-11 -0.8862435E-04 -0.2953935E+01
   04  0.1365079E+01  0.2309288E+01 -0.2445223E-11 -0.9265044E-04 -0.2953934E+01
   04  0.1380952E+01  0.2309289E+01 -0.2665866E-11 -0.9667631E-04 -0.2953933E+01
   04  0.1396825E+01  0.2309289E+01 -0.2895887E-11 -0.1007020E-03 -0.2953933E+01
   04  0.1412698E+01  0.2309290E+01 -0.3135268E-11 -0.1047274E-03 -0.2953932E+01
   04  0.1428571E+01  0.2309290E+01 -0.3383991E-11 -0.1087526E-03 -0.2953932E+01
   04  0.1476190E+01  0.2309292E+01 -0.5711560E-11 -0.1208396E-03 -0.2953930E+01
   04  0.1523810E+01  0.2309294E+01 -0.8289841E-11 -0.1329245E-03 -0.2953928E+01
   04  0.1571429E+01  0.2309295E+01 -0.1111738E-10 -0.1450071E-03 -0.2953927E+01
   04  0.1619048E+01  0.2309297E+01 -0.1419272E-10 -0.1570875E-03 -0.2953925E+01
   04  0.1666667E+01  0.2309299E+01 -0.1751442E-10 -0.1691656E-03 -0.2953923E+01
   04  0.1714286E+01  0.2309300E+01 -0.2108100E-10 -0.1812413E-03 -0.2953922E+01
   04  0.1761905E+01  0.2309302E+01 -0.2489103E-10 -0.1933145E-03 -0.2953920E+01
   04  0.1809524E+01  0.2309304E+01 -0.2894305E-10 -0.2053852E-03 -0.2953918E+01
   04  0.1857143E+01  0.2309305E+01 -0.3323561E-10 -0.2174534E-03 -0.2953917E+01
   04  0.1904762E+01  0.2309307E+01 -0.3776724E-10 -0.2295189E-03 -0.2953915E+01
   04  0.1952381E+01  0.2309309E+01 -0.4253650E-10 -0.2415818E-03 -0.2953913E+01
   04  0.2000000E+01  0.2309310E+01 -0.4754193E-10 -0.2536419E-03 -0.2953912E+01
   04  0.5727919E+01  0.2309453E+01 -0.2998067E-07 -0.1281222E-02 -0.2953769E+01
   04  0.9455838E+01  0.2309597E+01 -0.1421842E-06 -0.2234537E-02 -0.2953625E+01
   04  0.1318376E+02  0.2309739E+01 -0.2844226E-06 -0.3091037E-02 -0.2953483E+01
   04  0.1691168E+02  0.2309876E+01 -0.4082312E-06 -0.3835734E-02 -0.2953346E+01
   04  0.2063960E+02  0.2310005E+01 -0.4711382E-06 -0.4460244E-02 -0.2953217E+01
   04  0.2436752E+02  0.2310124E+01 -0.4383517E-06 -0.4961678E-02 -0.2953098E+01
   04  0.2809543E+02  0.2310233E+01 -0.2838525E-06 -0.5341550E-02 -0.2952989E+01
   04  0.3182335E+02  0.2310330E+01  0.9337254E-08 -0.5604728E-02 -0.2952892E+01
   04  0.3555127E+02  0.2310419E+01  0.3013101E-06 -0.5724339E-02 -0.2952803E+01
   04  0.3834721E+02  0.2310489E+01  0.2107811E-06 -0.5725733E-02 -0.2952733E+01
   04  0.4114315E+02  0.2310553E+01  0.1121601E-06 -0.5668741E-02 -0.2952669E+01
   04  0.4393909E+02  0.2310612E+01  0.3039061E-07 -0.5564676E-02 -0.2952610E+01
   04  0.4673503E+02  0.2310665E+01 -0.2439369E-07 -0.5421592E-02 -0.2952557E+01
   04  0.4922031E+02  0.2310709E+01 -0.1063830E-06 -0.5281003E-02 -0.2952513E+01
   04  0.5170559E+02  0.2310749E+01 -0.1736826E-06 -0.5120900E-02 -0.2952473E+01
   04  0.5419087E+02  0.2310785E+01 -0.2558393E-06 -0.4951903E-02 -0.2952437E+01
   04  0.5667615E+02  0.2310819E+01 -0.3511113E-06 -0.4778386E-02 -0.2952403E+01
   04  0.5916143E+02  0.2310851E+01 -0.4582011E-06 -0.4603748E-02 -0.2952371E+01
   04  0.6164671E+02  0.2310882E+01 -0.5762034E-06 -0.4430660E-02 -0.2952341E+01
   04  0.6413199E+02  0.2310910E+01 -0.7045700E-06 -0.4261249E-02 -0.2952312E+01
   04  0.6661727E+02  0.2310937E+01 -0.8413930E-06 -0.4097108E-02 -0.2952285E+01
   04  0.6910255E+02  0.2310963E+01 -0.9856429E-06 -0.3939506E-02 -0.2952259E+01
   04  0.7158783E+02  0.2310989E+01 -0.1137073E-05 -0.3789487E-02 -0.2952234E+01
   04  0.7407311E+02  0.2311013E+01 -0.1296163E-05 -0.3647964E-02 -0.2952209E+01
   04  0.7655838E+02  0.2311037E+01 -0.1463878E-05 -0.3515756E-02 -0.2952185E+01
   04  0.7904366E+02  0.2311061E+01 -0.1641584E-05 -0.3393643E-02 -0.2952161E+01
   04  0.8152894E+02  0.2311085E+01 -0.1830976E-05 -0.3282399E-02 -0.2952137E+01
   04  0.8401422E+02  0.2311109E+01 -0.2034013E-05 -0.3182836E-02 -0.2952113E+01
   04  0.8649950E+02  0.2311133E+01 -0.2252871E-05 -0.3095834E-02 -0.2952089E+01
   04  0.8898478E+02  0.2311158E+01 -0.2489903E-05 -0.3022383E-02 -0.2952064E+01
   04  0.9147006E+02  0.2311184E+01 -0.2747618E-05 -0.2963620E-02 -0.2952038E+01
   04  0.9445240E+02  0.2311217E+01 -0.3068286E-05 -0.2912125E-02 -0.2952005E+01
   04  0.9743473E+02  0.2311253E+01 -0.3442142E-05 -0.2887954E-02 -0.2951970E+01
   04  0.1004171E+03  0.2311292E+01 -0.3874456E-05 -0.2894332E-02 -0.2951930E+01
   04  0.1033994E+03  0.2311335E+01 -0.4370064E-05 -0.2934950E-02 -0.2951887E+01
   04  0.1063817E+03  0.2311382E+01 -0.4816641E-05 -0.2998523E-02 -0.2951840E+01
   04  0.1093641E+03  0.2311433E+01 -0.5206709E-05 -0.3082996E-02 -0.2951789E+01
   04  0.1123464E+03  0.2311488E+01 -0.5549242E-05 -0.3187797E-02 -0.2951734E+01
   04  0.1153287E+03  0.2311547E+01 -0.5853113E-05 -0.3312564E-02 -0.2951675E+01
   04  0.1183111E+03  0.2311610E+01 -0.6127023E-05 -0.3457266E-02 -0.2951612E+01
   04  0.1212934E+03  0.2311678E+01 -0.6379414E-05 -0.3622288E-02 -0.2951544E+01
   04  0.1242758E+03  0.2311751E+01 -0.6618374E-05 -0.3808460E-02 -0.2951471E+01
   04  0.1272581E+03  0.2311830E+01 -0.6851495E-05 -0.4017080E-02 -0.2951393E+01
   04  0.1302404E+03  0.2311914E+01 -0.7085803E-05 -0.4249905E-02 -0.2951308E+01
   04  0.1332228E+03  0.2312004E+01 -0.7327556E-05 -0.4509341E-02 -0.2951218E+01
   04  0.1362051E+03  0.2312102E+01 -0.7582007E-05 -0.4797954E-02 -0.2951120E+01
   04  0.1391874E+03  0.2312207E+01 -0.7852976E-05 -0.5118753E-02 -0.2951015E+01
   04  0.1421698E+03  0.2312320E+01 -0.8142307E-05 -0.5475258E-02 -0.2950902E+01
   04  0.1451521E+03  0.2312443E+01 -0.8449030E-05 -0.5871525E-02 -0.2950779E+01
   04  0.1481344E+03  0.2312575E+01 -0.8768023E-05 -0.6312211E-02 -0.2950647E+01
   04  0.1511168E+03  0.2312718E+01 -0.9087782E-05 -0.6802790E-02 -0.2950505E+01
   04  0.1540991E+03  0.2312871E+01 -0.9386270E-05 -0.7350058E-02 -0.2950351E+01
   04  0.1570814E+03  0.2313037E+01 -0.9622600E-05 -0.7964233E-02 -0.2950185E+01
   04  0.1600638E+03  0.2313214E+01 -0.9719422E-05 -0.8659793E-02 -0.2950008E+01
   04  0.1630461E+03  0.2313402E+01 -0.9514384E-05 -0.9460975E-02 -0.2949820E+01
   04  0.1660284E+03  0.2313602E+01 -0.9004426E-05 -0.1037502E-01 -0.2949620E+01
   04  0.1690108E+03  0.2313821E+01 -0.8590873E-05 -0.1137026E-01 -0.2949401E+01
   04  0.1719931E+03  0.2314059E+01 -0.8268955E-05 -0.1245441E-01 -0.2949163E+01
   04  0.1749755E+03  0.2314318E+01 -0.8033171E-05 -0.1363473E-01 -0.2948904E+01
   04  0.1779578E+03  0.2314601E+01 -0.7877399E-05 -0.1491795E-01 -0.2948621E+01
   04  0.1809401E+03  0.2314909E+01 -0.7795017E-05 -0.1631013E-01 -0.2948313E+01
   04  0.1824313E+03  0.2315072E+01 -0.7666252E-05 -0.1703503E-01 -0.2948150E+01
   04  0.1839225E+03  0.2315243E+01 -0.7549091E-05 -0.1778891E-01 -0.2947979E+01
   04  0.1854136E+03  0.2315420E+01 -0.7442964E-05 -0.1857235E-01 -0.2947802E+01
   04  0.1869048E+03  0.2315605E+01 -0.7347300E-05 -0.1938584E-01 -0.2947617E+01
   04  0.1883960E+03  0.2315797E+01 -0.7261529E-05 -0.2022981E-01 -0.2947425E+01
   04  0.1898871E+03  0.2315996E+01 -0.7185087E-05 -0.2110461E-01 -0.2947226E+01
   04  0.1913783E+03  0.2316203E+01 -0.7117414E-05 -0.2201054E-01 -0.2947019E+01
   04  0.1928695E+03  0.2316418E+01 -0.7057960E-05 -0.2294780E-01 -0.2946804E+01
   04  0.1943606E+03  0.2316641E+01 -0.7006180E-05 -0.2391652E-01 -0.2946581E+01
   04  0.1958518E+03  0.2316873E+01 -0.6961546E-05 -0.2491674E-01 -0.2946350E+01
   04  0.1973430E+03  0.2317112E+01 -0.6923537E-05 -0.2594845E-01 -0.2946110E+01
   04  0.1988341E+03  0.2317360E+01 -0.6891649E-05 -0.2701152E-01 -0.2945862E+01
   04  0.2003253E+03  0.2317616E+01 -0.6865394E-05 -0.2810576E-01 -0.2945606E+01
   04  0.2018165E+03  0.2317881E+01 -0.6844299E-05 -0.2923089E-01 -0.2945341E+01
   04  0.2033076E+03  0.2318154E+01 -0.6827907E-05 -0.3038657E-01 -0.2945068E+01
   04  0.2047988E+03  0.2318436E+01 -0.6815796E-05 -0.3157236E-01 -0.2944786E+01
   04  0.2062900E+03  0.2318727E+01 -0.6807563E-05 -0.3278781E-01 -0.2944495E+01
   04  0.2077811E+03  0.2319027E+01 -0.6802823E-05 -0.3403241E-01 -0.2944195E+01
   04  0.2092723E+03  0.2319335E+01 -0.6801205E-05 -0.3530556E-01 -0.2943887E+01
   04  0.2107635E+03  0.2319652E+01 -0.6802355E-05 -0.3660665E-01 -0.2943570E+01
   04  0.2122546E+03  0.2319979E+01 -0.6805936E-05 -0.3793499E-01 -0.2943244E+01
   04  0.2137458E+03  0.2320314E+01 -0.6811628E-05 -0.3928984E-01 -0.2942908E+01
   04  0.2152370E+03  0.2320658E+01 -0.6819130E-05 -0.4067040E-01 -0.2942565E+01
   04  0.2167281E+03  0.2321010E+01 -0.6828160E-05 -0.4207583E-01 -0.2942212E+01
   04  0.2182193E+03  0.2321372E+01 -0.6838453E-05 -0.4350525E-01 -0.2941850E+01
   04  0.2197105E+03  0.2321743E+01 -0.6849765E-05 -0.4495770E-01 -0.2941480E+01
   04  0.2212017E+03  0.2322122E+01 -0.6861869E-05 -0.4643221E-01 -0.2941100E+01
   04  0.2226928E+03  0.2322510E+01 -0.6874556E-05 -0.4792776E-01 -0.2940712E+01
   04  0.2241840E+03  0.2322907E+01 -0.6887638E-05 -0.4944329E-01 -0.2940316E+01
   04  0.2256752E+03  0.2323312E+01 -0.6900942E-05 -0.5097771E-01 -0.2939910E+01
   04  0.2271663E+03  0.2323726E+01 -0.6914313E-05 -0.5252955E-01 -0.2939496E+01
   04  0.2286575E+03  0.2324148E+01 -0.6927611E-05 -0.5409731E-01 -0.2939074E+01
   04  0.2301487E+03  0.2324578E+01 -0.6940714E-05 -0.5567950E-01 -0.2938644E+01
   04  0.2316398E+03  0.2325017E+01 -0.6953514E-05 -0.5727467E-01 -0.2938206E+01
   04  0.2331310E+03  0.2325463E+01 -0.6965916E-05 -0.5888138E-01 -0.2937759E+01
   04  0.2346222E+03  0.2325917E+01 -0.6977842E-05 -0.6049821E-01 -0.2937305E+01
   04  0.2361133E+03  0.2326379E+01 -0.6989225E-05 -0.6212375E-01 -0.2936843E+01
   04  0.2376045E+03  0.2326848E+01 -0.7000007E-05 -0.6375660E-01 -0.2936374E+01
   04  0.2390957E+03  0.2327325E+01 -0.7010145E-05 -0.6539541E-01 -0.2935897E+01
   04  0.2405868E+03  0.2327808E+01 -0.7019609E-05 -0.6703883E-01 -0.2935414E+01
   04  0.2420780E+03  0.2328299E+01 -0.7028377E-05 -0.6868554E-01 -0.2934923E+01
   04  0.2435692E+03  0.2328797E+01 -0.7036440E-05 -0.7033426E-01 -0.2934425E+01
   04  0.2450603E+03  0.2329301E+01 -0.7043799E-05 -0.7198372E-01 -0.2933921E+01
   04  0.2465515E+03  0.2329812E+01 -0.7050463E-05 -0.7363272E-01 -0.2933410E+01
   04  0.2480427E+03  0.2330329E+01 -0.7056448E-05 -0.7528006E-01 -0.2932893E+01
   04  0.2495338E+03  0.2330853E+01 -0.7061777E-05 -0.7692459E-01 -0.2932369E+01
   04  0.2510250E+03  0.2331382E+01 -0.7066479E-05 -0.7856519E-01 -0.2931840E+01
   04  0.2525162E+03  0.2331918E+01 -0.7070589E-05 -0.8020081E-01 -0.2931305E+01
   04  0.2540073E+03  0.2332459E+01 -0.7074142E-05 -0.8183040E-01 -0.2930763E+01
   04  0.2554985E+03  0.2333005E+01 -0.7077182E-05 -0.8345296E-01 -0.2930217E+01
   04  0.2569897E+03  0.2333557E+01 -0.7079756E-05 -0.8506755E-01 -0.2929665E+01
   04  0.2584808E+03  0.2334115E+01 -0.7081913E-05 -0.8667325E-01 -0.2929107E+01
   04  0.2599720E+03  0.2334676E+01 -0.7083699E-05 -0.8825928E-01 -0.2928546E+01
   04  0.2614632E+03  0.2335240E+01 -0.7085162E-05 -0.8982094E-01 -0.2927982E+01
   04  0.2629543E+03  0.2335807E+01 -0.7086349E-05 -0.9135793E-01 -0.2927415E+01
   04  0.2644455E+03  0.2336377E+01 -0.7087307E-05 -0.9286992E-01 -0.2926845E+01
   04  0.2659367E+03  0.2336949E+01 -0.7088081E-05 -0.9435666E-01 -0.2926273E+01
   04  0.2674278E+03  0.2337524E+01 -0.7088716E-05 -0.9581787E-01 -0.2925698E+01
   04  0.2689190E+03  0.2338102E+01 -0.7089252E-05 -0.9725330E-01 -0.2925120E+01
   04  0.2704102E+03  0.2338681E+01 -0.7089731E-05 -0.9866274E-01 -0.2924541E+01
   04  0.2719014E+03  0.2339263E+01 -0.7090189E-05 -0.1000460E+00 -0.2923959E+01
   04  0.2733925E+03  0.2339846E+01 -0.7090660E-05 -0.1014028E+00 -0.2923376E+01
   04  0.2748837E+03  0.2340432E+01 -0.7091177E-05 -0.1027331E+00 -0.2922790E+01
   04  0.2763749E+03  0.2341019E+01 -0.7091767E-05 -0.1040366E+00 -0.2922203E+01
   04  0.2778660E+03  0.2341608E+01 -0.7092457E-05 -0.1053133E+00 -0.2921614E+01
   04  0.2793572E+03  0.2342198E+01 -0.7093269E-05 -0.1065630E+00 -0.2921024E+01
   04  0.2808484E+03  0.2342790E+01 -0.7094222E-05 -0.1077856E+00 -0.2920432E+01
   04  0.2823395E+03  0.2343383E+01 -0.7095332E-05 -0.1089810E+00 -0.2919839E+01
   04  0.2838307E+03  0.2343977E+01 -0.7096611E-05 -0.1101492E+00 -0.2919245E+01
   04  0.2853219E+03  0.2344572E+01 -0.7098070E-05 -0.1112900E+00 -0.2918650E+01
   04  0.2868130E+03  0.2345168E+01 -0.7099714E-05 -0.1124035E+00 -0.2918055E+01
   04  0.2883042E+03  0.2345764E+01 -0.7101547E-05 -0.1134895E+00 -0.2917458E+01
   04  0.2897954E+03  0.2346361E+01 -0.7103568E-05 -0.1145482E+00 -0.2916861E+01
   04  0.2912865E+03  0.2346959E+01 -0.7105773E-05 -0.1155794E+00 -0.2916263E+01
   04  0.2927777E+03  0.2347558E+01 -0.7108158E-05 -0.1165832E+00 -0.2915665E+01
   04  0.2942689E+03  0.2348156E+01 -0.7110712E-05 -0.1175596E+00 -0.2915066E+01
   04  0.2957600E+03  0.2348755E+01 -0.7113425E-05 -0.1185086E+00 -0.2914467E+01
   04  0.2972512E+03  0.2349354E+01 -0.7116281E-05 -0.1194304E+00 -0.2913868E+01
   04  0.2987424E+03  0.2349953E+01 -0.7119263E-05 -0.1203248E+00 -0.2913269E+01
   04  0.3002335E+03  0.2350552E+01 -0.7122353E-05 -0.1211921E+00 -0.2912670E+01
   04  0.3017247E+03  0.2351151E+01 -0.7125528E-05 -0.1220323E+00 -0.2912072E+01
   04  0.3032159E+03  0.2351749E+01 -0.7128765E-05 -0.1228456E+00 -0.2911473E+01
   04  0.3047070E+03  0.2352347E+01 -0.7132037E-05 -0.1236319E+00 -0.2910875E+01
   04  0.3061982E+03  0.2352945E+01 -0.7135318E-05 -0.1243914E+00 -0.2910277E+01
   04  0.3076894E+03  0.2353542E+01 -0.7138579E-05 -0.1251243E+00 -0.2909680E+01
   04  0.3091805E+03  0.2354138E+01 -0.7141788E-05 -0.1258308E+00 -0.2909084E+01
   04  0.3106717E+03  0.2354734E+01 -0.7144915E-05 -0.1265109E+00 -0.2908488E+01
   04  0.3121629E+03  0.2355329E+01 -0.7147927E-05 -0.1271648E+00 -0.2907893E+01
   04  0.3136540E+03  0.2355923E+01 -0.7150790E-05 -0.1277927E+00 -0.2907299E+01
   04  0.3151452E+03  0.2356517E+01 -0.7153470E-05 -0.1283949E+00 -0.2906705E+01
   04  0.3165017E+03  0.2357055E+01 -0.7137481E-05 -0.1289169E+00 -0.2906167E+01
   04  0.3178581E+03  0.2357593E+01 -0.7121809E-05 -0.1294180E+00 -0.2905630E+01
   04  0.3192146E+03  0.2358129E+01 -0.7106417E-05 -0.1298984E+00 -0.2905093E+01
   04  0.3205710E+03  0.2358665E+01 -0.7091266E-05 -0.1303582E+00 -0.2904557E+01
   04  0.3219275E+03  0.2359199E+01 -0.7076320E-05 -0.1307977E+00 -0.2904023E+01
   04  0.3232839E+03  0.2359733E+01 -0.7061543E-05 -0.1312169E+00 -0.2903490E+01
   04  0.3246404E+03  0.2360265E+01 -0.7046899E-05 -0.1316162E+00 -0.2902957E+01
   04  0.3259968E+03  0.2360796E+01 -0.7032353E-05 -0.1319957E+00 -0.2902426E+01
   04  0.3273533E+03  0.2361326E+01 -0.7017874E-05 -0.1323556E+00 -0.2901897E+01
   04  0.3287097E+03  0.2361854E+01 -0.7003428E-05 -0.1326961E+00 -0.2901368E+01
   04  0.3300662E+03  0.2362381E+01 -0.6988985E-05 -0.1330174E+00 -0.2900841E+01
   04  0.3314226E+03  0.2362907E+01 -0.6974515E-05 -0.1333198E+00 -0.2900315E+01
   04  0.3327791E+03  0.2363431E+01 -0.6959992E-05 -0.1336036E+00 -0.2899791E+01
   04  0.3341355E+03  0.2363954E+01 -0.6945388E-05 -0.1338689E+00 -0.2899268E+01
   04  0.3354920E+03  0.2364476E+01 -0.6930679E-05 -0.1341159E+00 -0.2898746E+01
   04  0.3368484E+03  0.2364996E+01 -0.6915842E-05 -0.1343451E+00 -0.2898226E+01
   04  0.3382049E+03  0.2365514E+01 -0.6900854E-05 -0.1345566E+00 -0.2897708E+01
   04  0.3395613E+03  0.2366031E+01 -0.6885696E-05 -0.1347507E+00 -0.2897191E+01
   04  0.3409178E+03  0.2366546E+01 -0.6870350E-05 -0.1349276E+00 -0.2896676E+01
   04  0.3422742E+03  0.2367060E+01 -0.6854800E-05 -0.1350878E+00 -0.2896162E+01
   04  0.3436307E+03  0.2367572E+01 -0.6839031E-05 -0.1352314E+00 -0.2895650E+01
   04  0.3449871E+03  0.2368082E+01 -0.6823025E-05 -0.1353588E+00 -0.2895140E+01
   04  0.3463436E+03  0.2368591E+01 -0.6806765E-05 -0.1354702E+00 -0.2894631E+01
   04  0.3477000E+03  0.2369098E+01 -0.6790236E-05 -0.1355660E+00 -0.2894124E+01
   04  0.3490565E+03  0.2369603E+01 -0.6773424E-05 -0.1356465E+00 -0.2893619E+01
   04  0.3504130E+03  0.2370107E+01 -0.6756318E-05 -0.1357120E+00 -0.2893115E+01
   04  0.3517694E+03  0.2370609E+01 -0.6738909E-05 -0.1357629E+00 -0.2892613E+01
   04  0.3531259E+03  0.2371109E+01 -0.6721187E-05 -0.1357994E+00 -0.2892113E+01
   04  0.3544823E+03  0.2371607E+01 -0.6703145E-05 -0.1358219E+00 -0.2891615E+01
   04  0.3558388E+03  0.2372104E+01 -0.6684776E-05 -0.1358308E+00 -0.2891118E+01
   04  0.3574665E+03  0.2372698E+01 -0.6702947E-05 -0.1358293E+00 -0.2890524E+01
   04  0.3590942E+03  0.2373290E+01 -0.6719015E-05 -0.1358089E+00 -0.2889932E+01
   04  0.3607220E+03  0.2373879E+01 -0.6733017E-05 -0.1357700E+00 -0.2889343E+01
   04  0.3623497E+03  0.2374466E+01 -0.6744987E-05 -0.1357133E+00 -0.2888756E+01
   04  0.3639775E+03  0.2375050E+01 -0.6754953E-05 -0.1356393E+00 -0.2888172E+01
   04  0.3656052E+03  0.2375632E+01 -0.6762936E-05 -0.1355486E+00 -0.2887591E+01
   04  0.3672329E+03  0.2376211E+01 -0.6768948E-05 -0.1354417E+00 -0.2887012E+01
   04  0.3688607E+03  0.2376787E+01 -0.6772987E-05 -0.1353191E+00 -0.2886435E+01
   04  0.3704884E+03  0.2377361E+01 -0.6775037E-05 -0.1351815E+00 -0.2885861E+01
   04  0.3721162E+03  0.2377932E+01 -0.6775059E-05 -0.1350292E+00 -0.2885290E+01
   04  0.3737439E+03  0.2378501E+01 -0.6772988E-05 -0.1348628E+00 -0.2884721E+01
   04  0.3753717E+03  0.2379067E+01 -0.6768726E-05 -0.1346828E+00 -0.2884155E+01
   04  0.3769994E+03  0.2379631E+01 -0.6762131E-05 -0.1344895E+00 -0.2883591E+01
   04  0.3786271E+03  0.2380192E+01 -0.6753007E-05 -0.1342834E+00 -0.2883030E+01
   04  0.3802549E+03  0.2380751E+01 -0.6742873E-05 -0.1340653E+00 -0.2882472E+01
   04  0.3818826E+03  0.2381305E+01 -0.6732332E-05 -0.1338231E+00 -0.2881917E+01
   04  0.3835104E+03  0.2381854E+01 -0.6721401E-05 -0.1335467E+00 -0.2881368E+01
   04  0.3851381E+03  0.2382397E+01 -0.6710099E-05 -0.1332377E+00 -0.2880825E+01
   04  0.3867658E+03  0.2382935E+01 -0.6698426E-05 -0.1328977E+00 -0.2880288E+01
   04  0.3883936E+03  0.2383467E+01 -0.6686383E-05 -0.1325284E+00 -0.2879755E+01
   04  0.3900213E+03  0.2383994E+01 -0.6673970E-05 -0.1321313E+00 -0.2879229E+01
   04  0.3916491E+03  0.2384515E+01 -0.6661195E-05 -0.1317081E+00 -0.2878707E+01
   04  0.3932768E+03  0.2385032E+01 -0.6648067E-05 -0.1312604E+00 -0.2878191E+01
   04  0.3949046E+03  0.2385543E+01 -0.6634597E-05 -0.1307898E+00 -0.2877679E+01
   04  0.3965323E+03  0.2386049E+01 -0.6620794E-05 -0.1302978E+00 -0.2877173E+01
   04  0.3981600E+03  0.2386551E+01 -0.6606666E-05 -0.1297861E+00 -0.2876671E+01
   04  0.3997878E+03  0.2387048E+01 -0.6592222E-05 -0.1292562E+00 -0.2876174E+01
   04  0.4014155E+03  0.2387540E+01 -0.6577465E-05 -0.1287096E+00 -0.2875682E+01
   04  0.4030433E+03  0.2388028E+01 -0.6562395E-05 -0.1281478E+00 -0.2875194E+01
   04  0.4046710E+03  0.2388513E+01 -0.6623458E-05 -0.1275621E+00 -0.2874709E+01
   04  0.4062987E+03  0.2388995E+01 -0.6814230E-05 -0.1269468E+00 -0.2874227E+01
   04  0.4079265E+03  0.2389475E+01 -0.7129340E-05 -0.1263038E+00 -0.2873747E+01
   04  0.4095542E+03  0.2389953E+01 -0.7563298E-05 -0.1256350E+00 -0.2873269E+01
   04  0.4111820E+03  0.2390429E+01 -0.8110527E-05 -0.1249424E+00 -0.2872793E+01
   04  0.4128097E+03  0.2390903E+01 -0.8765420E-05 -0.1242278E+00 -0.2872320E+01
   04  0.4144375E+03  0.2391374E+01 -0.9522407E-05 -0.1234934E+00 -0.2871848E+01
   04  0.4160652E+03  0.2391844E+01 -0.1037553E-04 -0.1227409E+00 -0.2871378E+01
   04  0.4176929E+03  0.2392312E+01 -0.1131879E-04 -0.1219723E+00 -0.2870910E+01
   04  0.4193207E+03  0.2392778E+01 -0.1234616E-04 -0.1211894E+00 -0.2870444E+01
   04  0.4209484E+03  0.2393243E+01 -0.1345160E-04 -0.1203941E+00 -0.2869980E+01
   04  0.4225762E+03  0.2393705E+01 -0.1462908E-04 -0.1195881E+00 -0.2869517E+01
   04  0.4242039E+03  0.2394166E+01 -0.1587262E-04 -0.1187734E+00 -0.2869056E+01
   04  0.4258316E+03  0.2394626E+01 -0.1717627E-04 -0.1179517E+00 -0.2868596E+01
   04  0.4274594E+03  0.2395084E+01 -0.1853414E-04 -0.1171247E+00 -0.2868138E+01
   04  0.4290871E+03  0.2395541E+01 -0.1994044E-04 -0.1162943E+00 -0.2867681E+01
   04  0.4307149E+03  0.2395996E+01 -0.2138943E-04 -0.1154621E+00 -0.2867226E+01
   04  0.4323426E+03  0.2396451E+01 -0.2287550E-04 -0.1146297E+00 -0.2866771E+01
   04  0.4339704E+03  0.2396904E+01 -0.2439315E-04 -0.1137989E+00 -0.2866318E+01
   04  0.4355981E+03  0.2397356E+01 -0.2593697E-04 -0.1129712E+00 -0.2865866E+01
   04  0.4372258E+03  0.2397807E+01 -0.2750171E-04 -0.1121482E+00 -0.2865415E+01
   04  0.4388536E+03  0.2398257E+01 -0.2908224E-04 -0.1113315E+00 -0.2864965E+01
   04  0.4404813E+03  0.2398706E+01 -0.3067365E-04 -0.1105225E+00 -0.2864516E+01
   04  0.4421091E+03  0.2399155E+01 -0.3227126E-04 -0.1097226E+00 -0.2864067E+01
   04  0.4437368E+03  0.2399603E+01 -0.3387056E-04 -0.1089333E+00 -0.2863619E+01
   04  0.4453645E+03  0.2400050E+01 -0.3546722E-04 -0.1081560E+00 -0.2863172E+01
   04  0.4469923E+03  0.2400498E+01 -0.3705708E-04 -0.1073920E+00 -0.2862725E+01
   04  0.4486200E+03  0.2400944E+01 -0.3863616E-04 -0.1066425E+00 -0.2862278E+01
   04  0.4502478E+03  0.2401391E+01 -0.4020065E-04 -0.1059089E+00 -0.2861831E+01
   04  0.4518755E+03  0.2401838E+01 -0.4174691E-04 -0.1051923E+00 -0.2861384E+01
   04  0.4535033E+03  0.2402284E+01 -0.4327145E-04 -0.1044941E+00 -0.2860938E+01
   04  0.4551310E+03  0.2402731E+01 -0.4477094E-04 -0.1038154E+00 -0.2860491E+01
   04  0.4567587E+03  0.2403178E+01 -0.4624217E-04 -0.1031574E+00 -0.2860044E+01
   04  0.4583865E+03  0.2403626E+01 -0.4768210E-04 -0.1025212E+00 -0.2859596E+01
   04  0.4600142E+03  0.2404074E+01 -0.4908778E-04 -0.1019081E+00 -0.2859148E+01
   04  0.4616420E+03  0.2404523E+01 -0.5045638E-04 -0.1013193E+00 -0.2858699E+01
   04  0.4632697E+03  0.2404973E+01 -0.5178517E-04 -0.1007557E+00 -0.2858249E+01
   04  0.4648974E+03  0.2405424E+01 -0.5307147E-04 -0.1002187E+00 -0.2857798E+01
   04  0.4665252E+03  0.2405876E+01 -0.5431268E-04 -0.9970935E-01 -0.2857346E+01
   04  0.4681529E+03  0.2406330E+01 -0.5550625E-04 -0.9922885E-01 -0.2856892E+01
   04  0.4697807E+03  0.2406785E+01 -0.5664961E-04 -0.9877840E-01 -0.2856437E+01
   04  0.4714084E+03  0.2407242E+01 -0.5774028E-04 -0.9835918E-01 -0.2855980E+01
   04  0.4730362E+03  0.2407700E+01 -0.5877574E-04 -0.9797242E-01 -0.2855522E+01
   04  0.4746639E+03  0.2408161E+01 -0.5975345E-04 -0.9761937E-01 -0.2855061E+01
   04  0.4762916E+03  0.2408624E+01 -0.6067080E-04 -0.9730129E-01 -0.2854598E+01
   04  0.4779194E+03  0.2409090E+01 -0.6152510E-04 -0.9701948E-01 -0.2854132E+01
   04  0.4795471E+03  0.2409558E+01 -0.6231351E-04 -0.9677530E-01 -0.2853664E+01
   04  0.4811749E+03  0.2410029E+01 -0.6303302E-04 -0.9657013E-01 -0.2853193E+01
   04  0.4828026E+03  0.2410504E+01 -0.6368043E-04 -0.9640543E-01 -0.2852718E+01
   04  0.4844303E+03  0.2410981E+01 -0.6425224E-04 -0.9628270E-01 -0.2852241E+01
   04  0.4860581E+03  0.2411463E+01 -0.6474465E-04 -0.9620354E-01 -0.2851759E+01
   04  0.4876858E+03  0.2411948E+01 -0.6515345E-04 -0.9616962E-01 -0.2851274E+01
   04  0.4893136E+03  0.2412437E+01 -0.6547399E-04 -0.9618270E-01 -0.2850785E+01
   04  0.4909413E+03  0.2412930E+01 -0.6570105E-04 -0.9624465E-01 -0.2850292E+01
   04  0.4925691E+03  0.2413428E+01 -0.6582874E-04 -0.9635748E-01 -0.2849794E+01
   04  0.4941968E+03  0.2413931E+01 -0.6585042E-04 -0.9652332E-01 -0.2849292E+01
   04  0.4958245E+03  0.2414438E+01 -0.6575850E-04 -0.9674445E-01 -0.2848784E+01
   04  0.4974523E+03  0.2414951E+01 -0.6554428E-04 -0.9702337E-01 -0.2848271E+01
   04  0.4990800E+03  0.2415469E+01 -0.6519776E-04 -0.9736274E-01 -0.2847753E+01
   04  0.5007078E+03  0.2415993E+01 -0.6470738E-04 -0.9776548E-01 -0.2847229E+01
   04  0.5023355E+03  0.2416523E+01 -0.6405966E-04 -0.9823480E-01 -0.2846699E+01
   04  0.5039632E+03  0.2417059E+01 -0.6323889E-04 -0.9877421E-01 -0.2846164E+01
   04  0.5055910E+03  0.2417601E+01 -0.6222657E-04 -0.9938762E-01 -0.2845621E+01
   04  0.5072187E+03  0.2418149E+01 -0.6100083E-04 -0.1000794E+00 -0.2845073E+01
   04  0.5088465E+03  0.2418704E+01 -0.5953563E-04 -0.1008543E+00 -0.2844518E+01
   04  0.5104742E+03  0.2419266E+01 -0.5779868E-04 -0.1017181E+00 -0.2843956E+01
   04  0.5121020E+03  0.2419837E+01 -0.5597270E-04 -0.1026528E+00 -0.2843385E+01
   04  0.5137297E+03  0.2420419E+01 -0.5421180E-04 -0.1036432E+00 -0.2842803E+01
   04  0.5153574E+03  0.2421014E+01 -0.5251440E-04 -0.1046914E+00 -0.2842208E+01
   04  0.5169852E+03  0.2421621E+01 -0.5087912E-04 -0.1057993E+00 -0.2841601E+01
   04  0.5186129E+03  0.2422242E+01 -0.4930471E-04 -0.1069691E+00 -0.2840981E+01
   04  0.5202407E+03  0.2422876E+01 -0.4779017E-04 -0.1082030E+00 -0.2840347E+01
   04  0.5218684E+03  0.2423524E+01 -0.4633466E-04 -0.1095034E+00 -0.2839698E+01
   04  0.5234961E+03  0.2424187E+01 -0.4493756E-04 -0.1108726E+00 -0.2839035E+01
   04  0.5251239E+03  0.2424866E+01 -0.4359851E-04 -0.1123131E+00 -0.2838356E+01
   04  0.5267516E+03  0.2425561E+01 -0.4231733E-04 -0.1138277E+00 -0.2837662E+01
   04  0.5283794E+03  0.2426272E+01 -0.4109414E-04 -0.1154190E+00 -0.2836950E+01
   04  0.5300071E+03  0.2427002E+01 -0.3992930E-04 -0.1170899E+00 -0.2836221E+01
   04  0.5316349E+03  0.2427749E+01 -0.3882344E-04 -0.1188433E+00 -0.2835473E+01
   04  0.5332626E+03  0.2428516E+01 -0.3777751E-04 -0.1206823E+00 -0.2834706E+01
   04  0.5348903E+03  0.2429302E+01 -0.3679274E-04 -0.1226101E+00 -0.2833920E+01
   04  0.5365181E+03  0.2430109E+01 -0.3587070E-04 -0.1246298E+00 -0.2833113E+01
   04  0.5381458E+03  0.2430938E+01 -0.3501331E-04 -0.1267450E+00 -0.2832284E+01
   04  0.5397736E+03  0.2431789E+01 -0.3422282E-04 -0.1289590E+00 -0.2831433E+01
   04  0.5414013E+03  0.2432664E+01 -0.3350187E-04 -0.1312754E+00 -0.2830559E+01
   04  0.5430290E+03  0.2433562E+01 -0.3285347E-04 -0.1336979E+00 -0.2829660E+01
   04  0.5446568E+03  0.2434486E+01 -0.3228103E-04 -0.1362303E+00 -0.2828736E+01
   04  0.5462845E+03  0.2435436E+01 -0.3178836E-04 -0.1388764E+00 -0.2827786E+01
   04  0.5479123E+03  0.2436413E+01 -0.3137970E-04 -0.1416402E+00 -0.2826810E+01
   04  0.5495400E+03  0.2437418E+01 -0.3105969E-04 -0.1445258E+00 -0.2825804E+01
   04  0.5511678E+03  0.2438452E+01 -0.3083340E-04 -0.1475372E+00 -0.2824770E+01
   04  0.5527955E+03  0.2439517E+01 -0.3070636E-04 -0.1506786E+00 -0.2823705E+01
   04  0.5544232E+03  0.2440613E+01 -0.3068448E-04 -0.1539545E+00 -0.2822609E+01
   04  0.5560510E+03  0.2441742E+01 -0.3077395E-04 -0.1573690E+00 -0.2821480E+01
   04  0.5576787E+03  0.2442905E+01 -0.3098138E-04 -0.1609265E+00 -0.2820317E+01
   04  0.5593065E+03  0.2444102E+01 -0.3131381E-04 -0.1646317E+00 -0.2819120E+01
   04  0.5609342E+03  0.2445336E+01 -0.3177872E-04 -0.1684889E+00 -0.2817886E+01
   04  0.5625619E+03  0.2446607E+01 -0.3238402E-04 -0.1725028E+00 -0.2816615E+01
   04  0.5641897E+03  0.2447917E+01 -0.3313803E-04 -0.1766779E+00 -0.2815305E+01
   04  0.5658174E+03  0.2449267E+01 -0.3404947E-04 -0.1810187E+00 -0.2813955E+01
   04  0.5674452E+03  0.2450659E+01 -0.3512743E-04 -0.1855300E+00 -0.2812564E+01
   04  0.5690729E+03  0.2452093E+01 -0.3638135E-04 -0.1902163E+00 -0.2811130E+01
   04  0.5707007E+03  0.2453570E+01 -0.3782097E-04 -0.1950822E+00 -0.2809652E+01
   04  0.5723284E+03  0.2455094E+01 -0.3945632E-04 -0.2001323E+00 -0.2808128E+01
   04  0.5739561E+03  0.2456664E+01 -0.4129767E-04 -0.2053711E+00 -0.2806558E+01
   04  0.5755839E+03  0.2458282E+01 -0.4335549E-04 -0.2108030E+00 -0.2804940E+01
   04  0.5772116E+03  0.2459950E+01 -0.4564037E-04 -0.2164324E+00 -0.2803272E+01
   04  0.5788394E+03  0.2461668E+01 -0.4816303E-04 -0.2222637E+00 -0.2801554E+01
   04  0.5804671E+03  0.2463439E+01 -0.5093420E-04 -0.2283012E+00 -0.2799783E+01
   04  0.5820948E+03  0.2465264E+01 -0.5396459E-04 -0.2345489E+00 -0.2797958E+01
   04  0.5837226E+03  0.2467144E+01 -0.5726484E-04 -0.2410108E+00 -0.2796078E+01
   04  0.5853503E+03  0.2469080E+01 -0.6084541E-04 -0.2476910E+00 -0.2794142E+01
   04  0.5869781E+03  0.2471075E+01 -0.6471656E-04 -0.2545932E+00 -0.2792147E+01
   04  0.5886058E+03  0.2473129E+01 -0.6888825E-04 -0.2617211E+00 -0.2790093E+01
   04  0.5902336E+03  0.2475243E+01 -0.7337006E-04 -0.2690781E+00 -0.2787979E+01
   04  0.5918613E+03  0.2477420E+01 -0.7816412E-04 -0.2766673E+00 -0.2785802E+01
   04  0.5934890E+03  0.2479661E+01 -0.8327888E-04 -0.2844914E+00 -0.2783561E+01
   04  0.5951168E+03  0.2481966E+01 -0.8872228E-04 -0.2925531E+00 -0.2781256E+01
   04  0.5967445E+03  0.2484338E+01 -0.9449749E-04 -0.3008546E+00 -0.2778884E+01
   04  0.5983723E+03  0.2486777E+01 -0.1006065E-03 -0.3093979E+00 -0.2776445E+01
