# gauge_id= 606 location=( -0.1242062325E+03  0.4175453827E+02 ) num_var=  4
# Stationary gauge
# level, time, q[  1  2  3], eta, aux[]
# file format ascii, time series follow in this file
   04  0.0000000E+00  0.1212489E+02  0.0000000E+00  0.0000000E+00  0.0000000E+00
   04  0.1000000E+01  0.1212489E+02  0.5223243E-16 -0.9408602E-16 -0.2969900E+01
   04  0.1015873E+01  0.1212489E+02 -0.2436995E-03 -0.3230919E-04 -0.2969902E+01
   04  0.1031746E+01  0.1212489E+02 -0.4873848E-03 -0.6462028E-04 -0.2969903E+01
   04  0.1047619E+01  0.1212489E+02 -0.7310560E-03 -0.9693326E-04 -0.2969905E+01
   04  0.1063492E+01  0.1212489E+02 -0.9747129E-03 -0.1292481E-03 -0.2969906E+01
   04  0.1079365E+01  0.1212489E+02 -0.1218356E-02 -0.1615649E-03 -0.2969908E+01
   04  0.1095238E+01  0.1212488E+02 -0.1461984E-02 -0.1938834E-03 -0.2969910E+01
   04  0.1111111E+01  0.1212488E+02 -0.1705598E-02 -0.2262039E-03 -0.2969911E+01
   04  0.1126984E+01  0.1212488E+02 -0.1949198E-02 -0.2585261E-03 -0.2969913E+01
   04  0.1142857E+01  0.1212488E+02 -0.2192784E-02 -0.2908502E-03 -0.2969914E+01
   04  0.1158730E+01  0.1212488E+02 -0.2436355E-02 -0.3231760E-03 -0.2969916E+01
   04  0.1174603E+01  0.1212488E+02 -0.2679912E-02 -0.3555037E-03 -0.2969918E+01
   04  0.1190476E+01  0.1212487E+02 -0.2923454E-02 -0.3878331E-03 -0.2969919E+01
   04  0.1206349E+01  0.1212487E+02 -0.3166983E-02 -0.4201643E-03 -0.2969921E+01
   04  0.1222222E+01  0.1212487E+02 -0.3410496E-02 -0.4524972E-03 -0.2969922E+01
   04  0.1238095E+01  0.1212487E+02 -0.3653996E-02 -0.4848318E-03 -0.2969924E+01
   04  0.1253968E+01  0.1212487E+02 -0.3897480E-02 -0.5171682E-03 -0.2969925E+01
   04  0.1269841E+01  0.1212487E+02 -0.4140951E-02 -0.5495063E-03 -0.2969927E+01
   04  0.1285714E+01  0.1212486E+02 -0.4384406E-02 -0.5818461E-03 -0.2969929E+01
   04  0.1301587E+01  0.1212486E+02 -0.4627848E-02 -0.6141875E-03 -0.2969930E+01
   04  0.1317460E+01  0.1212486E+02 -0.4871275E-02 -0.6465307E-03 -0.2969932E+01
   04  0.1333333E+01  0.1212486E+02 -0.5114687E-02 -0.6788754E-03 -0.2969933E+01
   04  0.1349206E+01  0.1212486E+02 -0.5358084E-02 -0.7112218E-03 -0.2969935E+01
   04  0.1365079E+01  0.1212486E+02 -0.5601467E-02 -0.7435699E-03 -0.2969937E+01
   04  0.1380952E+01  0.1212486E+02 -0.5844836E-02 -0.7759195E-03 -0.2969938E+01
   04  0.1396825E+01  0.1212485E+02 -0.6088190E-02 -0.8082708E-03 -0.2969940E+01
   04  0.1412698E+01  0.1212485E+02 -0.6331529E-02 -0.8406236E-03 -0.2969941E+01
   04  0.1428571E+01  0.1212485E+02 -0.6574853E-02 -0.8729781E-03 -0.2969943E+01
   04  0.1476190E+01  0.1212485E+02 -0.7304720E-02 -0.9700497E-03 -0.2969948E+01
   04  0.1523810E+01  0.1212484E+02 -0.8034453E-02 -0.1067135E-02 -0.2969952E+01
   04  0.1571429E+01  0.1212484E+02 -0.8764054E-02 -0.1164234E-02 -0.2969957E+01
   04  0.1619048E+01  0.1212483E+02 -0.9493521E-02 -0.1261346E-02 -0.2969962E+01
   04  0.1666667E+01  0.1212483E+02 -0.1022285E-01 -0.1358471E-02 -0.2969967E+01
   04  0.1714286E+01  0.1212482E+02 -0.1095205E-01 -0.1455608E-02 -0.2969971E+01
   04  0.1761905E+01  0.1212482E+02 -0.1168111E-01 -0.1552757E-02 -0.2969976E+01
   04  0.1809524E+01  0.1212481E+02 -0.1241004E-01 -0.1649918E-02 -0.2969981E+01
   04  0.1857143E+01  0.1212481E+02 -0.1313883E-01 -0.1747091E-02 -0.2969986E+01
   04  0.1904762E+01  0.1212480E+02 -0.1386748E-01 -0.1844274E-02 -0.2969990E+01
   04  0.1952381E+01  0.1212480E+02 -0.1459599E-01 -0.1941468E-02 -0.2969995E+01
   04  0.2000000E+01  0.1212479E+02 -0.1532437E-01 -0.2038672E-02 -0.2970000E+01
   04  0.5727919E+01  0.1212445E+02 -0.7175398E-01 -0.9670009E-02 -0.2970344E+01
   04  0.9455838E+01  0.1212412E+02 -0.1272026E+00 -0.1728485E-01 -0.2970671E+01
   04  0.1318376E+02  0.1212382E+02 -0.1814034E+00 -0.2472675E-01 -0.2970975E+01
   04  0.1691168E+02  0.1212355E+02 -0.2340982E+00 -0.3185911E-01 -0.2971247E+01
   04  0.2063960E+02  0.1212332E+02 -0.2850457E+00 -0.3856693E-01 -0.2971477E+01
   04  0.2436752E+02  0.1212314E+02 -0.3340276E+00 -0.4475652E-01 -0.2971654E+01
   04  0.2809543E+02  0.1212302E+02 -0.3808581E+00 -0.5035344E-01 -0.2971770E+01
   04  0.3182335E+02  0.1212298E+02 -0.4253845E+00 -0.5529782E-01 -0.2971814E+01
   04  0.3555127E+02  0.1212301E+02 -0.4674821E+00 -0.5955254E-01 -0.2971778E+01
   04  0.3834721E+02  0.1212309E+02 -0.4973162E+00 -0.6228931E-01 -0.2971699E+01
   04  0.4114315E+02  0.1212322E+02 -0.5256786E+00 -0.6469278E-01 -0.2971574E+01
   04  0.4393909E+02  0.1212339E+02 -0.5525474E+00 -0.6677744E-01 -0.2971401E+01
   04  0.4673503E+02  0.1212362E+02 -0.5778712E+00 -0.6855715E-01 -0.2971177E+01
   04  0.4922031E+02  0.1212387E+02 -0.5989345E+00 -0.6988627E-01 -0.2970922E+01
   04  0.5170559E+02  0.1212417E+02 -0.6187542E+00 -0.7099782E-01 -0.2970623E+01
   04  0.5419087E+02  0.1212450E+02 -0.6375562E+00 -0.7189833E-01 -0.2970298E+01
   04  0.5667615E+02  0.1212485E+02 -0.6553540E+00 -0.7260558E-01 -0.2969948E+01
   04  0.5916143E+02  0.1212522E+02 -0.6721601E+00 -0.7313458E-01 -0.2969571E+01
   04  0.6164671E+02  0.1212563E+02 -0.6879861E+00 -0.7349791E-01 -0.2969167E+01
   04  0.6413199E+02  0.1212606E+02 -0.7028434E+00 -0.7371296E-01 -0.2968735E+01
   04  0.6661727E+02  0.1212652E+02 -0.7167439E+00 -0.7377276E-01 -0.2968273E+01
   04  0.6910255E+02  0.1212702E+02 -0.7297009E+00 -0.7364627E-01 -0.2967778E+01
   04  0.7158783E+02  0.1212754E+02 -0.7417269E+00 -0.7335099E-01 -0.2967250E+01
   04  0.7407311E+02  0.1212810E+02 -0.7528353E+00 -0.7290381E-01 -0.2966690E+01
   04  0.7655838E+02  0.1212869E+02 -0.7630412E+00 -0.7232065E-01 -0.2966099E+01
   04  0.7904366E+02  0.1212932E+02 -0.7723608E+00 -0.7161655E-01 -0.2965477E+01
   04  0.8152894E+02  0.1212997E+02 -0.7808116E+00 -0.7080561E-01 -0.2964825E+01
   04  0.8401422E+02  0.1213065E+02 -0.7884120E+00 -0.6990096E-01 -0.2964144E+01
   04  0.8649950E+02  0.1213136E+02 -0.7951814E+00 -0.6891483E-01 -0.2963435E+01
   04  0.8898478E+02  0.1213210E+02 -0.8011402E+00 -0.6785860E-01 -0.2962698E+01
   04  0.9147006E+02  0.1213286E+02 -0.8063095E+00 -0.6674293E-01 -0.2961933E+01
   04  0.9445240E+02  0.1213381E+02 -0.8115318E+00 -0.6535856E-01 -0.2960984E+01
   04  0.9743473E+02  0.1213480E+02 -0.8156865E+00 -0.6390787E-01 -0.2959997E+01
   04  0.1004171E+03  0.1213581E+02 -0.8188511E+00 -0.6236583E-01 -0.2958982E+01
   04  0.1033994E+03  0.1213685E+02 -0.8211442E+00 -0.6074761E-01 -0.2957944E+01
   04  0.1063817E+03  0.1213790E+02 -0.8226512E+00 -0.5906380E-01 -0.2956892E+01
   04  0.1093641E+03  0.1213897E+02 -0.8234130E+00 -0.5729122E-01 -0.2955823E+01
   04  0.1123464E+03  0.1214005E+02 -0.8234644E+00 -0.5543835E-01 -0.2954739E+01
   04  0.1153287E+03  0.1214116E+02 -0.8228395E+00 -0.5351519E-01 -0.2953638E+01
   04  0.1183111E+03  0.1214227E+02 -0.8215714E+00 -0.5153313E-01 -0.2952523E+01
   04  0.1212934E+03  0.1214340E+02 -0.8196928E+00 -0.4950234E-01 -0.2951393E+01
   04  0.1242758E+03  0.1214455E+02 -0.8172363E+00 -0.4742127E-01 -0.2950248E+01
   04  0.1272581E+03  0.1214570E+02 -0.8142376E+00 -0.4530043E-01 -0.2949089E+01
   04  0.1302404E+03  0.1214688E+02 -0.8107200E+00 -0.4314892E-01 -0.2947917E+01
   04  0.1332228E+03  0.1214806E+02 -0.8067153E+00 -0.4097743E-01 -0.2946733E+01
   04  0.1362051E+03  0.1214926E+02 -0.8022572E+00 -0.3879639E-01 -0.2945538E+01
   04  0.1391874E+03  0.1215046E+02 -0.7973805E+00 -0.3661549E-01 -0.2944333E+01
   04  0.1421698E+03  0.1215167E+02 -0.7921188E+00 -0.3444460E-01 -0.2943120E+01
   04  0.1451521E+03  0.1215290E+02 -0.7865066E+00 -0.3229534E-01 -0.2941898E+01
   04  0.1481344E+03  0.1215412E+02 -0.7805770E+00 -0.3017889E-01 -0.2940670E+01
   04  0.1511168E+03  0.1215536E+02 -0.7743632E+00 -0.2810608E-01 -0.2939437E+01
   04  0.1540991E+03  0.1215659E+02 -0.7679074E+00 -0.2608695E-01 -0.2938201E+01
   04  0.1570814E+03  0.1215783E+02 -0.7612372E+00 -0.2412937E-01 -0.2936963E+01
   04  0.1600638E+03  0.1215907E+02 -0.7543808E+00 -0.2223797E-01 -0.2935723E+01
   04  0.1630461E+03  0.1216031E+02 -0.7473673E+00 -0.2041541E-01 -0.2934484E+01
   04  0.1660284E+03  0.1216155E+02 -0.7402233E+00 -0.1866770E-01 -0.2933244E+01
   04  0.1690108E+03  0.1216279E+02 -0.7329334E+00 -0.1700582E-01 -0.2932000E+01
   04  0.1719931E+03  0.1216404E+02 -0.7255290E+00 -0.1543217E-01 -0.2930754E+01
   04  0.1749755E+03  0.1216529E+02 -0.7180417E+00 -0.1394919E-01 -0.2929506E+01
   04  0.1779578E+03  0.1216654E+02 -0.7105029E+00 -0.1255853E-01 -0.2928257E+01
   04  0.1809401E+03  0.1216778E+02 -0.7029434E+00 -0.1126133E-01 -0.2927011E+01
   04  0.1824313E+03  0.1216841E+02 -0.6991708E+00 -0.1061651E-01 -0.2926386E+01
   04  0.1839225E+03  0.1216903E+02 -0.6954052E+00 -0.9996088E-02 -0.2925762E+01
   04  0.1854136E+03  0.1216965E+02 -0.6916500E+00 -0.9400140E-02 -0.2925140E+01
   04  0.1869048E+03  0.1217028E+02 -0.6879088E+00 -0.8828750E-02 -0.2924518E+01
   04  0.1883960E+03  0.1217090E+02 -0.6841852E+00 -0.8281997E-02 -0.2923898E+01
   04  0.1898871E+03  0.1217151E+02 -0.6804824E+00 -0.7759978E-02 -0.2923280E+01
   04  0.1913783E+03  0.1217213E+02 -0.6768039E+00 -0.7262819E-02 -0.2922664E+01
   04  0.1928695E+03  0.1217274E+02 -0.6731528E+00 -0.6790692E-02 -0.2922050E+01
   04  0.1943606E+03  0.1217336E+02 -0.6695324E+00 -0.6343844E-02 -0.2921438E+01
   04  0.1958518E+03  0.1217397E+02 -0.6659456E+00 -0.5922631E-02 -0.2920828E+01
   04  0.1973430E+03  0.1217457E+02 -0.6623955E+00 -0.5527565E-02 -0.2920222E+01
   04  0.1988341E+03  0.1217518E+02 -0.6588847E+00 -0.5159391E-02 -0.2919618E+01
   04  0.2003253E+03  0.1217578E+02 -0.6554161E+00 -0.4819191E-02 -0.2919017E+01
   04  0.2018165E+03  0.1217637E+02 -0.6519922E+00 -0.4508550E-02 -0.2918419E+01
   04  0.2033076E+03  0.1217697E+02 -0.6486154E+00 -0.4230564E-02 -0.2917823E+01
   04  0.2047988E+03  0.1217756E+02 -0.6452882E+00 -0.3983029E-02 -0.2917231E+01
   04  0.2062900E+03  0.1217815E+02 -0.6420133E+00 -0.3761483E-02 -0.2916643E+01
   04  0.2077811E+03  0.1217874E+02 -0.6387931E+00 -0.3562166E-02 -0.2916058E+01
   04  0.2092723E+03  0.1217932E+02 -0.6356300E+00 -0.3381893E-02 -0.2915477E+01
   04  0.2107635E+03  0.1217989E+02 -0.6325262E+00 -0.3217961E-02 -0.2914901E+01
   04  0.2122546E+03  0.1218046E+02 -0.6294837E+00 -0.3068070E-02 -0.2914330E+01
   04  0.2137458E+03  0.1218103E+02 -0.6265044E+00 -0.2930260E-02 -0.2913763E+01
   04  0.2152370E+03  0.1218159E+02 -0.6235901E+00 -0.2802858E-02 -0.2913202E+01
   04  0.2167281E+03  0.1218215E+02 -0.6207424E+00 -0.2684439E-02 -0.2912647E+01
   04  0.2182193E+03  0.1218270E+02 -0.6179627E+00 -0.2573793E-02 -0.2912097E+01
   04  0.2197105E+03  0.1218324E+02 -0.6152523E+00 -0.2469894E-02 -0.2911552E+01
   04  0.2212017E+03  0.1218378E+02 -0.6126123E+00 -0.2371885E-02 -0.2911014E+01
   04  0.2226928E+03  0.1218431E+02 -0.6100437E+00 -0.2279055E-02 -0.2910482E+01
   04  0.2241840E+03  0.1218484E+02 -0.6075472E+00 -0.2190837E-02 -0.2909956E+01
   04  0.2256752E+03  0.1218536E+02 -0.6051243E+00 -0.2106815E-02 -0.2909436E+01
   04  0.2271663E+03  0.1218587E+02 -0.6027771E+00 -0.2025468E-02 -0.2908923E+01
   04  0.2286575E+03  0.1218638E+02 -0.6005071E+00 -0.1946087E-02 -0.2908416E+01
   04  0.2301487E+03  0.1218688E+02 -0.5983158E+00 -0.1868331E-02 -0.2907915E+01
   04  0.2316398E+03  0.1218737E+02 -0.5962044E+00 -0.1791943E-02 -0.2907420E+01
   04  0.2331310E+03  0.1218786E+02 -0.5941740E+00 -0.1716737E-02 -0.2906931E+01
   04  0.2346222E+03  0.1218834E+02 -0.5922252E+00 -0.1642751E-02 -0.2906449E+01
   04  0.2361133E+03  0.1218882E+02 -0.5903588E+00 -0.1570588E-02 -0.2905973E+01
   04  0.2376045E+03  0.1218929E+02 -0.5885751E+00 -0.1500298E-02 -0.2905503E+01
   04  0.2390957E+03  0.1218975E+02 -0.5868744E+00 -0.1431845E-02 -0.2905040E+01
   04  0.2405868E+03  0.1219021E+02 -0.5852570E+00 -0.1365103E-02 -0.2904582E+01
   04  0.2420780E+03  0.1219066E+02 -0.5837228E+00 -0.1299875E-02 -0.2904131E+01
   04  0.2435692E+03  0.1219111E+02 -0.5822719E+00 -0.1235895E-02 -0.2903686E+01
   04  0.2450603E+03  0.1219155E+02 -0.5809043E+00 -0.1172842E-02 -0.2903248E+01
   04  0.2465515E+03  0.1219198E+02 -0.5796197E+00 -0.1110348E-02 -0.2902815E+01
   04  0.2480427E+03  0.1219240E+02 -0.5784180E+00 -0.1048008E-02 -0.2902389E+01
   04  0.2495338E+03  0.1219283E+02 -0.5772989E+00 -0.9854614E-03 -0.2901968E+01
   04  0.2510250E+03  0.1219324E+02 -0.5762620E+00 -0.9224225E-03 -0.2901554E+01
   04  0.2525162E+03  0.1219365E+02 -0.5753070E+00 -0.8585509E-03 -0.2901145E+01
   04  0.2540073E+03  0.1219405E+02 -0.5744332E+00 -0.7935807E-03 -0.2900742E+01
   04  0.2554985E+03  0.1219445E+02 -0.5736401E+00 -0.7271962E-03 -0.2900344E+01
   04  0.2569897E+03  0.1219484E+02 -0.5729271E+00 -0.6590962E-03 -0.2899953E+01
   04  0.2584808E+03  0.1219523E+02 -0.5722938E+00 -0.5889978E-03 -0.2899566E+01
   04  0.2599720E+03  0.1219561E+02 -0.5717396E+00 -0.5178261E-03 -0.2899185E+01
   04  0.2614632E+03  0.1219598E+02 -0.5712638E+00 -0.4458668E-03 -0.2898809E+01
   04  0.2629543E+03  0.1219636E+02 -0.5708661E+00 -0.3729320E-03 -0.2898437E+01
   04  0.2644455E+03  0.1219672E+02 -0.5705459E+00 -0.2988569E-03 -0.2898071E+01
   04  0.2659367E+03  0.1219708E+02 -0.5703025E+00 -0.2235005E-03 -0.2897709E+01
   04  0.2674278E+03  0.1219744E+02 -0.5701353E+00 -0.1467464E-03 -0.2897351E+01
   04  0.2689190E+03  0.1219780E+02 -0.5700435E+00 -0.6850349E-04 -0.2896998E+01
   04  0.2704102E+03  0.1219814E+02 -0.5700266E+00  0.1129409E-04 -0.2896649E+01
   04  0.2719014E+03  0.1219849E+02 -0.5700836E+00  0.9268637E-04 -0.2896305E+01
   04  0.2733925E+03  0.1219883E+02 -0.5702137E+00  0.1756877E-03 -0.2895965E+01
   04  0.2748837E+03  0.1219917E+02 -0.5704162E+00  0.2602851E-03 -0.2895628E+01
   04  0.2763749E+03  0.1219950E+02 -0.5706901E+00  0.3465012E-03 -0.2895296E+01
   04  0.2778660E+03  0.1219983E+02 -0.5710345E+00  0.4343589E-03 -0.2894967E+01
   04  0.2793572E+03  0.1220015E+02 -0.5714484E+00  0.5238572E-03 -0.2894642E+01
   04  0.2808484E+03  0.1220047E+02 -0.5719309E+00  0.6149689E-03 -0.2894320E+01
   04  0.2823395E+03  0.1220079E+02 -0.5724809E+00  0.7076401E-03 -0.2894002E+01
   04  0.2838307E+03  0.1220111E+02 -0.5730975E+00  0.8017893E-03 -0.2893688E+01
   04  0.2853219E+03  0.1220142E+02 -0.5737795E+00  0.8973153E-03 -0.2893377E+01
   04  0.2868130E+03  0.1220172E+02 -0.5745258E+00  0.9940970E-03 -0.2893068E+01
   04  0.2883042E+03  0.1220203E+02 -0.5753353E+00  0.1091983E-02 -0.2892763E+01
   04  0.2897954E+03  0.1220233E+02 -0.5762069E+00  0.1190796E-02 -0.2892461E+01
   04  0.2912865E+03  0.1220263E+02 -0.5771395E+00  0.1290334E-02 -0.2892162E+01
   04  0.2927777E+03  0.1220293E+02 -0.5781318E+00  0.1390373E-02 -0.2891865E+01
   04  0.2942689E+03  0.1220322E+02 -0.5791826E+00  0.1490661E-02 -0.2891572E+01
   04  0.2957600E+03  0.1220351E+02 -0.5802908E+00  0.1590927E-02 -0.2891280E+01
   04  0.2972512E+03  0.1220380E+02 -0.5814552E+00  0.1690872E-02 -0.2890991E+01
   04  0.2987424E+03  0.1220409E+02 -0.5826744E+00  0.1790178E-02 -0.2890704E+01
   04  0.3002335E+03  0.1220437E+02 -0.5839472E+00  0.1888512E-02 -0.2890420E+01
   04  0.3017247E+03  0.1220466E+02 -0.5852725E+00  0.1985525E-02 -0.2890137E+01
   04  0.3032159E+03  0.1220494E+02 -0.5866488E+00  0.2080851E-02 -0.2889857E+01
   04  0.3047070E+03  0.1220522E+02 -0.5880750E+00  0.2174098E-02 -0.2889578E+01
   04  0.3061982E+03  0.1220549E+02 -0.5895497E+00  0.2264855E-02 -0.2889301E+01
   04  0.3076894E+03  0.1220577E+02 -0.5910716E+00  0.2352692E-02 -0.2889025E+01
   04  0.3091805E+03  0.1220604E+02 -0.5926395E+00  0.2437162E-02 -0.2888751E+01
   04  0.3106717E+03  0.1220632E+02 -0.5942519E+00  0.2517796E-02 -0.2888478E+01
   04  0.3121629E+03  0.1220659E+02 -0.5959076E+00  0.2594109E-02 -0.2888207E+01
   04  0.3136540E+03  0.1220686E+02 -0.5976052E+00  0.2665599E-02 -0.2887936E+01
   04  0.3151452E+03  0.1220713E+02 -0.5993433E+00  0.2731741E-02 -0.2887666E+01
   04  0.3165017E+03  0.1220737E+02 -0.6009589E+00  0.2788598E-02 -0.2887421E+01
   04  0.3178581E+03  0.1220762E+02 -0.6026059E+00  0.2840062E-02 -0.2887177E+01
   04  0.3192146E+03  0.1220786E+02 -0.6042830E+00  0.2885701E-02 -0.2886933E+01
   04  0.3205710E+03  0.1220810E+02 -0.6059893E+00  0.2925093E-02 -0.2886689E+01
   04  0.3219275E+03  0.1220835E+02 -0.6077238E+00  0.2957799E-02 -0.2886446E+01
   04  0.3232839E+03  0.1220859E+02 -0.6094855E+00  0.2983371E-02 -0.2886203E+01
   04  0.3246404E+03  0.1220883E+02 -0.6112732E+00  0.3001351E-02 -0.2885959E+01
   04  0.3259968E+03  0.1220908E+02 -0.6130861E+00  0.3011272E-02 -0.2885716E+01
   04  0.3273533E+03  0.1220932E+02 -0.6149229E+00  0.3012661E-02 -0.2885472E+01
   04  0.3287097E+03  0.1220956E+02 -0.6167828E+00  0.3005034E-02 -0.2885228E+01
   04  0.3300662E+03  0.1220981E+02 -0.6186646E+00  0.2987904E-02 -0.2884984E+01
   04  0.3314226E+03  0.1221005E+02 -0.6205672E+00  0.2961014E-02 -0.2884739E+01
   04  0.3327791E+03  0.1221030E+02 -0.6224897E+00  0.2924022E-02 -0.2884493E+01
   04  0.3341355E+03  0.1221055E+02 -0.6244309E+00  0.2876668E-02 -0.2884247E+01
   04  0.3354920E+03  0.1221079E+02 -0.6263898E+00  0.2818729E-02 -0.2884000E+01
   04  0.3368484E+03  0.1221104E+02 -0.6283654E+00  0.2750008E-02 -0.2883751E+01
   04  0.3382049E+03  0.1221129E+02 -0.6303567E+00  0.2670332E-02 -0.2883502E+01
   04  0.3395613E+03  0.1221154E+02 -0.6323626E+00  0.2579537E-02 -0.2883252E+01
   04  0.3409178E+03  0.1221179E+02 -0.6343821E+00  0.2477467E-02 -0.2883000E+01
   04  0.3422742E+03  0.1221205E+02 -0.6364142E+00  0.2363969E-02 -0.2882746E+01
   04  0.3436307E+03  0.1221230E+02 -0.6384584E+00  0.2239059E-02 -0.2882491E+01
   04  0.3449871E+03  0.1221256E+02 -0.6405137E+00  0.2102612E-02 -0.2882235E+01
   04  0.3463436E+03  0.1221282E+02 -0.6425792E+00  0.1954439E-02 -0.2881976E+01
   04  0.3477000E+03  0.1221308E+02 -0.6446538E+00  0.1794336E-02 -0.2881716E+01
   04  0.3490565E+03  0.1221334E+02 -0.6467365E+00  0.1622078E-02 -0.2881454E+01
   04  0.3504130E+03  0.1221360E+02 -0.6488232E+00  0.1437491E-02 -0.2881189E+01
   04  0.3517694E+03  0.1221387E+02 -0.6509129E+00  0.1240414E-02 -0.2880923E+01
   04  0.3531259E+03  0.1221414E+02 -0.6530042E+00  0.1030664E-02 -0.2880654E+01
   04  0.3544823E+03  0.1221441E+02 -0.6550958E+00  0.8080317E-03 -0.2880383E+01
   04  0.3558388E+03  0.1221468E+02 -0.6571867E+00  0.5722812E-03 -0.2880110E+01
   04  0.3574665E+03  0.1221501E+02 -0.6596925E+00  0.2672108E-03 -0.2879779E+01
   04  0.3590942E+03  0.1221535E+02 -0.6621936E+00 -0.5728047E-04 -0.2879444E+01
   04  0.3607220E+03  0.1221569E+02 -0.6646880E+00 -0.4018060E-03 -0.2879105E+01
   04  0.3623497E+03  0.1221603E+02 -0.6671737E+00 -0.7670450E-03 -0.2878762E+01
   04  0.3639775E+03  0.1221638E+02 -0.6696490E+00 -0.1153744E-02 -0.2878414E+01
   04  0.3656052E+03  0.1221673E+02 -0.6721121E+00 -0.1562717E-02 -0.2878061E+01
   04  0.3672329E+03  0.1221709E+02 -0.6745612E+00 -0.1994846E-02 -0.2877703E+01
   04  0.3688607E+03  0.1221745E+02 -0.6769947E+00 -0.2451079E-02 -0.2877340E+01
   04  0.3704884E+03  0.1221782E+02 -0.6794112E+00 -0.2932428E-02 -0.2876971E+01
   04  0.3721162E+03  0.1221820E+02 -0.6818092E+00 -0.3439970E-02 -0.2876597E+01
   04  0.3737439E+03  0.1221858E+02 -0.6841874E+00 -0.3974843E-02 -0.2876216E+01
   04  0.3753717E+03  0.1221896E+02 -0.6865449E+00 -0.4538243E-02 -0.2875829E+01
   04  0.3769994E+03  0.1221936E+02 -0.6888808E+00 -0.5131418E-02 -0.2875436E+01
   04  0.3786271E+03  0.1221976E+02 -0.6911946E+00 -0.5755670E-02 -0.2875036E+01
   04  0.3802549E+03  0.1222016E+02 -0.6934744E+00 -0.6412286E-02 -0.2874628E+01
   04  0.3818826E+03  0.1222058E+02 -0.6957148E+00 -0.7103903E-02 -0.2874211E+01
   04  0.3835104E+03  0.1222101E+02 -0.6979157E+00 -0.7833088E-02 -0.2873785E+01
   04  0.3851381E+03  0.1222145E+02 -0.7000758E+00 -0.8602634E-02 -0.2873348E+01
   04  0.3867658E+03  0.1222189E+02 -0.7021940E+00 -0.9411928E-02 -0.2872900E+01
   04  0.3883936E+03  0.1222235E+02 -0.7042694E+00 -0.1026009E-01 -0.2872442E+01
   04  0.3900213E+03  0.1222282E+02 -0.7063013E+00 -0.1114654E-01 -0.2871973E+01
   04  0.3916491E+03  0.1222330E+02 -0.7082889E+00 -0.1207087E-01 -0.2871493E+01
   04  0.3932768E+03  0.1222379E+02 -0.7102315E+00 -0.1303284E-01 -0.2871002E+01
   04  0.3949046E+03  0.1222429E+02 -0.7121284E+00 -0.1403231E-01 -0.2870499E+01
   04  0.3965323E+03  0.1222481E+02 -0.7139790E+00 -0.1506925E-01 -0.2869984E+01
   04  0.3981600E+03  0.1222534E+02 -0.7157828E+00 -0.1614371E-01 -0.2869456E+01
   04  0.3997878E+03  0.1222588E+02 -0.7175390E+00 -0.1725576E-01 -0.2868916E+01
   04  0.4014155E+03  0.1222643E+02 -0.7192473E+00 -0.1840546E-01 -0.2868364E+01
   04  0.4030433E+03  0.1222700E+02 -0.7209073E+00 -0.1959283E-01 -0.2867798E+01
   04  0.4046710E+03  0.1222757E+02 -0.7225183E+00 -0.2082196E-01 -0.2867219E+01
   04  0.4062987E+03  0.1222817E+02 -0.7240797E+00 -0.2209767E-01 -0.2866627E+01
   04  0.4079265E+03  0.1222877E+02 -0.7255910E+00 -0.2342580E-01 -0.2866023E+01
   04  0.4095542E+03  0.1222939E+02 -0.7270516E+00 -0.2480740E-01 -0.2865405E+01
   04  0.4111820E+03  0.1223002E+02 -0.7284609E+00 -0.2624364E-01 -0.2864774E+01
   04  0.4128097E+03  0.1223066E+02 -0.7298184E+00 -0.2773584E-01 -0.2864129E+01
   04  0.4144375E+03  0.1223132E+02 -0.7311241E+00 -0.2928539E-01 -0.2863471E+01
   04  0.4160652E+03  0.1223200E+02 -0.7323777E+00 -0.3089433E-01 -0.2862798E+01
   04  0.4176929E+03  0.1223268E+02 -0.7335790E+00 -0.3256391E-01 -0.2862110E+01
   04  0.4193207E+03  0.1223339E+02 -0.7347279E+00 -0.3429531E-01 -0.2861408E+01
   04  0.4209484E+03  0.1223410E+02 -0.7358242E+00 -0.3608976E-01 -0.2860691E+01
   04  0.4225762E+03  0.1223483E+02 -0.7368681E+00 -0.3794851E-01 -0.2859959E+01
   04  0.4242039E+03  0.1223558E+02 -0.7378596E+00 -0.3987282E-01 -0.2859211E+01
   04  0.4258316E+03  0.1223635E+02 -0.7387988E+00 -0.4186397E-01 -0.2858447E+01
   04  0.4274594E+03  0.1223713E+02 -0.7396861E+00 -0.4392325E-01 -0.2857667E+01
   04  0.4290871E+03  0.1223792E+02 -0.7405217E+00 -0.4605194E-01 -0.2856870E+01
   04  0.4307149E+03  0.1223874E+02 -0.7413062E+00 -0.4825132E-01 -0.2856057E+01
   04  0.4323426E+03  0.1223957E+02 -0.7420401E+00 -0.5052267E-01 -0.2855228E+01
   04  0.4339704E+03  0.1224041E+02 -0.7427238E+00 -0.5286725E-01 -0.2854381E+01
   04  0.4355981E+03  0.1224128E+02 -0.7433581E+00 -0.5528632E-01 -0.2853517E+01
   04  0.4372258E+03  0.1224216E+02 -0.7439436E+00 -0.5778111E-01 -0.2852635E+01
   04  0.4388536E+03  0.1224306E+02 -0.7444811E+00 -0.6033974E-01 -0.2851737E+01
   04  0.4404813E+03  0.1224397E+02 -0.7449718E+00 -0.6295668E-01 -0.2850822E+01
   04  0.4421091E+03  0.1224490E+02 -0.7454174E+00 -0.6563581E-01 -0.2849891E+01
   04  0.4437368E+03  0.1224585E+02 -0.7458193E+00 -0.6838092E-01 -0.2848944E+01
   04  0.4453645E+03  0.1224681E+02 -0.7461791E+00 -0.7119570E-01 -0.2847979E+01
   04  0.4469923E+03  0.1224780E+02 -0.7464985E+00 -0.7408376E-01 -0.2846997E+01
   04  0.4486200E+03  0.1224879E+02 -0.7467792E+00 -0.7704860E-01 -0.2845998E+01
   04  0.4502478E+03  0.1224981E+02 -0.7470230E+00 -0.8009360E-01 -0.2844982E+01
   04  0.4518755E+03  0.1225085E+02 -0.7472316E+00 -0.8322200E-01 -0.2843947E+01
   04  0.4535033E+03  0.1225190E+02 -0.7474072E+00 -0.8643696E-01 -0.2842894E+01
   04  0.4551310E+03  0.1225297E+02 -0.7475517E+00 -0.8974145E-01 -0.2841823E+01
   04  0.4567587E+03  0.1225406E+02 -0.7476673E+00 -0.9313834E-01 -0.2840734E+01
   04  0.4583865E+03  0.1225517E+02 -0.7477561E+00 -0.9663034E-01 -0.2839625E+01
   04  0.4600142E+03  0.1225630E+02 -0.7478205E+00 -0.1002200E+00 -0.2838497E+01
   04  0.4616420E+03  0.1225744E+02 -0.7478631E+00 -0.1039099E+00 -0.2837349E+01
   04  0.4632697E+03  0.1225861E+02 -0.7478864E+00 -0.1077021E+00 -0.2836182E+01
   04  0.4648974E+03  0.1225980E+02 -0.7478932E+00 -0.1115990E+00 -0.2834995E+01
   04  0.4665252E+03  0.1226101E+02 -0.7478864E+00 -0.1156025E+00 -0.2833787E+01
   04  0.4681529E+03  0.1226223E+02 -0.7478693E+00 -0.1197144E+00 -0.2832559E+01
   04  0.4697807E+03  0.1226348E+02 -0.7478449E+00 -0.1239435E+00 -0.2831310E+01
   04  0.4714084E+03  0.1226475E+02 -0.7478166E+00 -0.1282973E+00 -0.2830042E+01
   04  0.4730362E+03  0.1226604E+02 -0.7477876E+00 -0.1327768E+00 -0.2828752E+01
   04  0.4746639E+03  0.1226735E+02 -0.7477605E+00 -0.1373836E+00 -0.2827442E+01
   04  0.4762916E+03  0.1226868E+02 -0.7477403E+00 -0.1421187E+00 -0.2826111E+01
   04  0.4779194E+03  0.1227004E+02 -0.7477311E+00 -0.1469831E+00 -0.2824757E+01
   04  0.4795471E+03  0.1227141E+02 -0.7477370E+00 -0.1519780E+00 -0.2823382E+01
   04  0.4811749E+03  0.1227281E+02 -0.7477626E+00 -0.1571044E+00 -0.2821985E+01
   04  0.4828026E+03  0.1227423E+02 -0.7478123E+00 -0.1623633E+00 -0.2820565E+01
   04  0.4844303E+03  0.1227567E+02 -0.7478912E+00 -0.1677554E+00 -0.2819122E+01
   04  0.4860581E+03  0.1227714E+02 -0.7480042E+00 -0.1732815E+00 -0.2817655E+01
   04  0.4876858E+03  0.1227863E+02 -0.7481567E+00 -0.1789424E+00 -0.2816164E+01
   04  0.4893136E+03  0.1228014E+02 -0.7483541E+00 -0.1847387E+00 -0.2814649E+01
   04  0.4909413E+03  0.1228168E+02 -0.7486023E+00 -0.1906708E+00 -0.2813109E+01
   04  0.4925691E+03  0.1228325E+02 -0.7489071E+00 -0.1967394E+00 -0.2811543E+01
   04  0.4941968E+03  0.1228484E+02 -0.7492749E+00 -0.2029446E+00 -0.2809951E+01
   04  0.4958245E+03  0.1228646E+02 -0.7497120E+00 -0.2092868E+00 -0.2808333E+01
   04  0.4974523E+03  0.1228810E+02 -0.7502251E+00 -0.2157661E+00 -0.2806688E+01
   04  0.4990800E+03  0.1228978E+02 -0.7508213E+00 -0.2223826E+00 -0.2805016E+01
   04  0.5007078E+03  0.1229148E+02 -0.7515077E+00 -0.2291363E+00 -0.2803315E+01
   04  0.5023355E+03  0.1229321E+02 -0.7522919E+00 -0.2360270E+00 -0.2801585E+01
   04  0.5039632E+03  0.1229497E+02 -0.7531816E+00 -0.2430544E+00 -0.2799825E+01
   04  0.5055910E+03  0.1229676E+02 -0.7541851E+00 -0.2502182E+00 -0.2798035E+01
   04  0.5072187E+03  0.1229858E+02 -0.7553107E+00 -0.2575179E+00 -0.2796214E+01
   04  0.5088465E+03  0.1230043E+02 -0.7565676E+00 -0.2649514E+00 -0.2794361E+01
   04  0.5104742E+03  0.1230232E+02 -0.7579651E+00 -0.2725177E+00 -0.2792475E+01
   04  0.5121020E+03  0.1230424E+02 -0.7595123E+00 -0.2802254E+00 -0.2790556E+01
   04  0.5137297E+03  0.1230619E+02 -0.7612183E+00 -0.2880813E+00 -0.2788604E+01
   04  0.5153574E+03  0.1230818E+02 -0.7630923E+00 -0.2960853E+00 -0.2786618E+01
   04  0.5169852E+03  0.1231020E+02 -0.7651440E+00 -0.3042376E+00 -0.2784597E+01
   04  0.5186129E+03  0.1231225E+02 -0.7673834E+00 -0.3125380E+00 -0.2782540E+01
   04  0.5202407E+03  0.1231435E+02 -0.7698211E+00 -0.3209866E+00 -0.2780446E+01
   04  0.5218684E+03  0.1231648E+02 -0.7724677E+00 -0.3295834E+00 -0.2778314E+01
   04  0.5234961E+03  0.1231865E+02 -0.7753346E+00 -0.3383282E+00 -0.2776143E+01
   04  0.5251239E+03  0.1232086E+02 -0.7784333E+00 -0.3472210E+00 -0.2773932E+01
   04  0.5267516E+03  0.1232311E+02 -0.7817759E+00 -0.3562618E+00 -0.2771680E+01
   04  0.5283794E+03  0.1232541E+02 -0.7853748E+00 -0.3654505E+00 -0.2769385E+01
   04  0.5300071E+03  0.1232775E+02 -0.7892428E+00 -0.3747870E+00 -0.2767046E+01
   04  0.5316349E+03  0.1233013E+02 -0.7933932E+00 -0.3842713E+00 -0.2764662E+01
   04  0.5332626E+03  0.1233256E+02 -0.7978397E+00 -0.3939033E+00 -0.2762232E+01
   04  0.5348903E+03  0.1233504E+02 -0.8025963E+00 -0.4036831E+00 -0.2759754E+01
   04  0.5365181E+03  0.1233757E+02 -0.8076775E+00 -0.4136105E+00 -0.2757226E+01
   04  0.5381458E+03  0.1234014E+02 -0.8130981E+00 -0.4236856E+00 -0.2754649E+01
   04  0.5397736E+03  0.1234277E+02 -0.8188734E+00 -0.4339084E+00 -0.2752020E+01
   04  0.5414013E+03  0.1234546E+02 -0.8250191E+00 -0.4442790E+00 -0.2749337E+01
   04  0.5430290E+03  0.1234819E+02 -0.8315511E+00 -0.4547974E+00 -0.2746599E+01
   04  0.5446568E+03  0.1235099E+02 -0.8384858E+00 -0.4654637E+00 -0.2743806E+01
   04  0.5462845E+03  0.1235384E+02 -0.8458398E+00 -0.4762781E+00 -0.2740954E+01
   04  0.5479123E+03  0.1235675E+02 -0.8536300E+00 -0.4872409E+00 -0.2738043E+01
   04  0.5495400E+03  0.1235972E+02 -0.8618736E+00 -0.4983521E+00 -0.2735071E+01
   04  0.5511678E+03  0.1236276E+02 -0.8705880E+00 -0.5096121E+00 -0.2732037E+01
   04  0.5527955E+03  0.1236585E+02 -0.8797908E+00 -0.5210209E+00 -0.2728939E+01
   04  0.5544232E+03  0.1236902E+02 -0.8894997E+00 -0.5325778E+00 -0.2725775E+01
   04  0.5560510E+03  0.1237225E+02 -0.8997328E+00 -0.5442826E+00 -0.2722543E+01
   04  0.5576787E+03  0.1237555E+02 -0.9105081E+00 -0.5561356E+00 -0.2719243E+01
   04  0.5593065E+03  0.1237892E+02 -0.9218436E+00 -0.5681370E+00 -0.2715872E+01
   04  0.5609342E+03  0.1238236E+02 -0.9337574E+00 -0.5802875E+00 -0.2712429E+01
   04  0.5625619E+03  0.1238588E+02 -0.9462677E+00 -0.5925872E+00 -0.2708913E+01
   04  0.5641897E+03  0.1238947E+02 -0.9593924E+00 -0.6050369E+00 -0.2705321E+01
   04  0.5658174E+03  0.1239314E+02 -0.9731491E+00 -0.6176373E+00 -0.2701653E+01
   04  0.5674452E+03  0.1239689E+02 -0.9875556E+00 -0.6303893E+00 -0.2697907E+01
   04  0.5690729E+03  0.1240071E+02 -0.1002629E+01 -0.6432940E+00 -0.2694080E+01
   04  0.5707007E+03  0.1240462E+02 -0.1018386E+01 -0.6563524E+00 -0.2690173E+01
   04  0.5723284E+03  0.1240861E+02 -0.1034843E+01 -0.6695657E+00 -0.2686184E+01
   04  0.5739561E+03  0.1241268E+02 -0.1052018E+01 -0.6829352E+00 -0.2682111E+01
   04  0.5755839E+03  0.1241684E+02 -0.1069924E+01 -0.6964622E+00 -0.2677952E+01
   04  0.5772116E+03  0.1242109E+02 -0.1088578E+01 -0.7101481E+00 -0.2673708E+01
   04  0.5788394E+03  0.1242542E+02 -0.1107993E+01 -0.7239942E+00 -0.2669376E+01
   04  0.5804671E+03  0.1242984E+02 -0.1128183E+01 -0.7380021E+00 -0.2664955E+01
   04  0.5820948E+03  0.1243435E+02 -0.1149159E+01 -0.7521729E+00 -0.2660445E+01
   04  0.5837226E+03  0.1243895E+02 -0.1170934E+01 -0.7665081E+00 -0.2655844E+01
   04  0.5853503E+03  0.1244364E+02 -0.1193517E+01 -0.7810090E+00 -0.2651152E+01
   04  0.5869781E+03  0.1244843E+02 -0.1216918E+01 -0.7956768E+00 -0.2646368E+01
   04  0.5886058E+03  0.1245330E+02 -0.1241145E+01 -0.8105128E+00 -0.2641491E+01
   04  0.5902336E+03  0.1245827E+02 -0.1266205E+01 -0.8255203E+00 -0.2636520E+01
   04  0.5918613E+03  0.1246334E+02 -0.1292101E+01 -0.8407003E+00 -0.2631456E+01
   04  0.5934890E+03  0.1246849E+02 -0.1318836E+01 -0.8560539E+00 -0.2626298E+01
   04  0.5951168E+03  0.1247375E+02 -0.1346413E+01 -0.8715827E+00 -0.2621046E+01
   04  0.5967445E+03  0.1247909E+02 -0.1374832E+01 -0.8872880E+00 -0.2615700E+01
   04  0.5983723E+03  0.1248453E+02 -0.1404089E+01 -0.9031711E+00 -0.2610260E+01
