# gauge_id= 613 location=( -0.1242110343E+03  0.4176499358E+02 ) num_var=  4
# Stationary gauge
# level, time, q[  1  2  3], eta, aux[]
# file format ascii, time series follow in this file
   04  0.0000000E+00  0.1420489E+02  0.0000000E+00  0.0000000E+00  0.0000000E+00
   04  0.1000000E+01  0.1420489E+02  0.9047892E-17  0.6301804E-16 -0.2990181E+01
   04  0.1015873E+01  0.1420489E+02 -0.2632395E-03 -0.5786385E-04 -0.2990180E+01
   04  0.1031746E+01  0.1420489E+02 -0.5264774E-03 -0.1157388E-03 -0.2990180E+01
   04  0.1047619E+01  0.1420489E+02 -0.7897138E-03 -0.1736249E-03 -0.2990180E+01
   04  0.1063492E+01  0.1420490E+02 -0.1052949E-02 -0.2315221E-03 -0.2990180E+01
   04  0.1079365E+01  0.1420490E+02 -0.1316182E-02 -0.2894304E-03 -0.2990179E+01
   04  0.1095238E+01  0.1420490E+02 -0.1579413E-02 -0.3473498E-03 -0.2990179E+01
   04  0.1111111E+01  0.1420490E+02 -0.1842643E-02 -0.4052803E-03 -0.2990179E+01
   04  0.1126984E+01  0.1420490E+02 -0.2105872E-02 -0.4632219E-03 -0.2990179E+01
   04  0.1142857E+01  0.1420490E+02 -0.2369098E-02 -0.5211746E-03 -0.2990178E+01
   04  0.1158730E+01  0.1420490E+02 -0.2632323E-02 -0.5791385E-03 -0.2990178E+01
   04  0.1174603E+01  0.1420490E+02 -0.2895547E-02 -0.6371134E-03 -0.2990178E+01
   04  0.1190476E+01  0.1420490E+02 -0.3158769E-02 -0.6950993E-03 -0.2990178E+01
   04  0.1206349E+01  0.1420490E+02 -0.3421989E-02 -0.7530964E-03 -0.2990177E+01
   04  0.1222222E+01  0.1420490E+02 -0.3685208E-02 -0.8111046E-03 -0.2990177E+01
   04  0.1238095E+01  0.1420490E+02 -0.3948424E-02 -0.8691238E-03 -0.2990177E+01
   04  0.1253968E+01  0.1420490E+02 -0.4211640E-02 -0.9271541E-03 -0.2990177E+01
   04  0.1269841E+01  0.1420490E+02 -0.4474853E-02 -0.9851955E-03 -0.2990176E+01
   04  0.1285714E+01  0.1420490E+02 -0.4738065E-02 -0.1043248E-02 -0.2990176E+01
   04  0.1301587E+01  0.1420490E+02 -0.5001275E-02 -0.1101312E-02 -0.2990176E+01
   04  0.1317460E+01  0.1420490E+02 -0.5264484E-02 -0.1159386E-02 -0.2990176E+01
   04  0.1333333E+01  0.1420490E+02 -0.5527691E-02 -0.1217472E-02 -0.2990175E+01
   04  0.1349206E+01  0.1420490E+02 -0.5790896E-02 -0.1275569E-02 -0.2990175E+01
   04  0.1365079E+01  0.1420490E+02 -0.6054099E-02 -0.1333676E-02 -0.2990175E+01
   04  0.1380952E+01  0.1420490E+02 -0.6317301E-02 -0.1391795E-02 -0.2990175E+01
   04  0.1396825E+01  0.1420490E+02 -0.6580501E-02 -0.1449925E-02 -0.2990174E+01
   04  0.1412698E+01  0.1420490E+02 -0.6843699E-02 -0.1508066E-02 -0.2990174E+01
   04  0.1428571E+01  0.1420490E+02 -0.7106895E-02 -0.1566218E-02 -0.2990174E+01
   04  0.1476190E+01  0.1420490E+02 -0.7896471E-02 -0.1740731E-02 -0.2990173E+01
   04  0.1523810E+01  0.1420490E+02 -0.8686030E-02 -0.1915342E-02 -0.2990173E+01
   04  0.1571429E+01  0.1420490E+02 -0.9475574E-02 -0.2090054E-02 -0.2990172E+01
   04  0.1619048E+01  0.1420490E+02 -0.1026510E-01 -0.2264864E-02 -0.2990171E+01
   04  0.1666667E+01  0.1420490E+02 -0.1105461E-01 -0.2439773E-02 -0.2990170E+01
   04  0.1714286E+01  0.1420490E+02 -0.1184411E-01 -0.2614781E-02 -0.2990170E+01
   04  0.1761905E+01  0.1420491E+02 -0.1263358E-01 -0.2789888E-02 -0.2990169E+01
   04  0.1809524E+01  0.1420491E+02 -0.1342304E-01 -0.2965094E-02 -0.2990169E+01
   04  0.1857143E+01  0.1420491E+02 -0.1421249E-01 -0.3140398E-02 -0.2990168E+01
   04  0.1904762E+01  0.1420491E+02 -0.1500191E-01 -0.3315801E-02 -0.2990167E+01
   04  0.1952381E+01  0.1420491E+02 -0.1579132E-01 -0.3491303E-02 -0.2990167E+01
   04  0.2000000E+01  0.1420491E+02 -0.1658071E-01 -0.3666903E-02 -0.2990166E+01
   04  0.5727919E+01  0.1420493E+02 -0.7829451E-01 -0.1760821E-01 -0.2990144E+01
   04  0.9455838E+01  0.1420490E+02 -0.1398232E+00 -0.3209487E-01 -0.2990170E+01
   04  0.1318376E+02  0.1420483E+02 -0.2010614E+00 -0.4704803E-01 -0.2990241E+01
   04  0.1691168E+02  0.1420473E+02 -0.2618961E+00 -0.6235574E-01 -0.2990348E+01
   04  0.2063960E+02  0.1420459E+02 -0.3222069E+00 -0.7788434E-01 -0.2990483E+01
   04  0.2436752E+02  0.1420444E+02 -0.3818689E+00 -0.9348955E-01 -0.2990635E+01
   04  0.2809543E+02  0.1420430E+02 -0.4407514E+00 -0.1088133E+00 -0.2990776E+01
   04  0.3182335E+02  0.1420417E+02 -0.4987278E+00 -0.1237502E+00 -0.2990900E+01
   04  0.3555127E+02  0.1420407E+02 -0.5556806E+00 -0.1381843E+00 -0.2991000E+01
   04  0.3834721E+02  0.1420404E+02 -0.5976499E+00 -0.1483444E+00 -0.2991037E+01
   04  0.4114315E+02  0.1420403E+02 -0.6389613E+00 -0.1579222E+00 -0.2991040E+01
   04  0.4393909E+02  0.1420407E+02 -0.6795806E+00 -0.1668674E+00 -0.2991008E+01
   04  0.4673503E+02  0.1420412E+02 -0.7194809E+00 -0.1753229E+00 -0.2990953E+01
   04  0.4922031E+02  0.1420418E+02 -0.7543239E+00 -0.1824684E+00 -0.2990891E+01
   04  0.5170559E+02  0.1420426E+02 -0.7885769E+00 -0.1892099E+00 -0.2990813E+01
   04  0.5419087E+02  0.1420436E+02 -0.8222293E+00 -0.1955081E+00 -0.2990716E+01
   04  0.5667615E+02  0.1420448E+02 -0.8552718E+00 -0.2013329E+00 -0.2990599E+01
   04  0.5916143E+02  0.1420461E+02 -0.8876970E+00 -0.2066581E+00 -0.2990461E+01
   04  0.6164671E+02  0.1420477E+02 -0.9195004E+00 -0.2114581E+00 -0.2990302E+01
   04  0.6413199E+02  0.1420495E+02 -0.9506831E+00 -0.2157057E+00 -0.2990121E+01
   04  0.6661727E+02  0.1420516E+02 -0.9812418E+00 -0.2195306E+00 -0.2989918E+01
   04  0.6910255E+02  0.1420537E+02 -0.1011154E+01 -0.2231330E+00 -0.2989701E+01
   04  0.7158783E+02  0.1420561E+02 -0.1040397E+01 -0.2264872E+00 -0.2989467E+01
   04  0.7407311E+02  0.1420586E+02 -0.1068951E+01 -0.2295666E+00 -0.2989213E+01
   04  0.7655838E+02  0.1420614E+02 -0.1096799E+01 -0.2323013E+00 -0.2988931E+01
   04  0.7904366E+02  0.1420645E+02 -0.1123926E+01 -0.2346661E+00 -0.2988620E+01
   04  0.8152894E+02  0.1420680E+02 -0.1150320E+01 -0.2366385E+00 -0.2988278E+01
   04  0.8401422E+02  0.1420717E+02 -0.1175973E+01 -0.2381911E+00 -0.2987903E+01
   04  0.8649950E+02  0.1420758E+02 -0.1200880E+01 -0.2393081E+00 -0.2987494E+01
   04  0.8898478E+02  0.1420802E+02 -0.1225038E+01 -0.2399772E+00 -0.2987050E+01
   04  0.9147006E+02  0.1420850E+02 -0.1248449E+01 -0.2401887E+00 -0.2986571E+01
   04  0.9445240E+02  0.1420913E+02 -0.1275585E+01 -0.2398306E+00 -0.2985947E+01
   04  0.9743473E+02  0.1420980E+02 -0.1301663E+01 -0.2387995E+00 -0.2985270E+01
   04  0.1004171E+03  0.1421053E+02 -0.1326699E+01 -0.2370949E+00 -0.2984542E+01
   04  0.1033994E+03  0.1421131E+02 -0.1350716E+01 -0.2347238E+00 -0.2983761E+01
   04  0.1063817E+03  0.1421214E+02 -0.1373744E+01 -0.2316966E+00 -0.2982930E+01
   04  0.1093641E+03  0.1421302E+02 -0.1395795E+01 -0.2280308E+00 -0.2982050E+01
   04  0.1123464E+03  0.1421395E+02 -0.1416891E+01 -0.2237459E+00 -0.2981123E+01
   04  0.1153287E+03  0.1421493E+02 -0.1437056E+01 -0.2188473E+00 -0.2980148E+01
   04  0.1183111E+03  0.1421595E+02 -0.1456319E+01 -0.2132476E+00 -0.2979125E+01
   04  0.1212934E+03  0.1421702E+02 -0.1474726E+01 -0.2069351E+00 -0.2978058E+01
   04  0.1242758E+03  0.1421813E+02 -0.1492319E+01 -0.1999277E+00 -0.2976949E+01
   04  0.1272581E+03  0.1421927E+02 -0.1509143E+01 -0.1922512E+00 -0.2975803E+01
   04  0.1302404E+03  0.1422045E+02 -0.1525242E+01 -0.1839327E+00 -0.2974622E+01
   04  0.1332228E+03  0.1422167E+02 -0.1540631E+01 -0.1750018E+00 -0.2973409E+01
   04  0.1362051E+03  0.1422291E+02 -0.1555317E+01 -0.1654895E+00 -0.2972164E+01
   04  0.1391874E+03  0.1422418E+02 -0.1569340E+01 -0.1554280E+00 -0.2970890E+01
   04  0.1421698E+03  0.1422548E+02 -0.1582740E+01 -0.1448496E+00 -0.2969593E+01
   04  0.1451521E+03  0.1422680E+02 -0.1595560E+01 -0.1337875E+00 -0.2968275E+01
   04  0.1481344E+03  0.1422813E+02 -0.1607842E+01 -0.1223323E+00 -0.2966944E+01
   04  0.1511168E+03  0.1422947E+02 -0.1619636E+01 -0.1105888E+00 -0.2965609E+01
   04  0.1540991E+03  0.1423080E+02 -0.1630988E+01 -0.9855349E-01 -0.2964274E+01
   04  0.1570814E+03  0.1423213E+02 -0.1641945E+01 -0.8622673E-01 -0.2962941E+01
   04  0.1600638E+03  0.1423346E+02 -0.1652549E+01 -0.7361475E-01 -0.2961610E+01
   04  0.1630461E+03  0.1423479E+02 -0.1662842E+01 -0.6071816E-01 -0.2960282E+01
   04  0.1660284E+03  0.1423612E+02 -0.1672863E+01 -0.4756163E-01 -0.2958958E+01
   04  0.1690108E+03  0.1423744E+02 -0.1682649E+01 -0.3416963E-01 -0.2957639E+01
   04  0.1719931E+03  0.1423875E+02 -0.1692234E+01 -0.2056695E-01 -0.2956327E+01
   04  0.1749755E+03  0.1424005E+02 -0.1701651E+01 -0.6776829E-02 -0.2955023E+01
   04  0.1779578E+03  0.1424135E+02 -0.1710928E+01  0.7177257E-02 -0.2953729E+01
   04  0.1809401E+03  0.1424263E+02 -0.1720091E+01  0.2127222E-01 -0.2952447E+01
   04  0.1824313E+03  0.1424326E+02 -0.1724639E+01  0.2835296E-01 -0.2951811E+01
   04  0.1839225E+03  0.1424390E+02 -0.1729168E+01  0.3545957E-01 -0.2951178E+01
   04  0.1854136E+03  0.1424453E+02 -0.1733681E+01  0.4258956E-01 -0.2950548E+01
   04  0.1869048E+03  0.1424515E+02 -0.1738179E+01  0.4974048E-01 -0.2949922E+01
   04  0.1883960E+03  0.1424577E+02 -0.1742664E+01  0.5690982E-01 -0.2949300E+01
   04  0.1898871E+03  0.1424639E+02 -0.1747138E+01  0.6409515E-01 -0.2948682E+01
   04  0.1913783E+03  0.1424701E+02 -0.1751601E+01  0.7129428E-01 -0.2948067E+01
   04  0.1928695E+03  0.1424762E+02 -0.1756055E+01  0.7850517E-01 -0.2947457E+01
   04  0.1943606E+03  0.1424822E+02 -0.1760502E+01  0.8572600E-01 -0.2946851E+01
   04  0.1958518E+03  0.1424882E+02 -0.1764941E+01  0.9295523E-01 -0.2946250E+01
   04  0.1973430E+03  0.1424942E+02 -0.1769374E+01  0.1001917E+00 -0.2945654E+01
   04  0.1988341E+03  0.1425001E+02 -0.1773802E+01  0.1074349E+00 -0.2945063E+01
   04  0.2003253E+03  0.1425060E+02 -0.1778224E+01  0.1146848E+00 -0.2944476E+01
   04  0.2018165E+03  0.1425118E+02 -0.1782642E+01  0.1219426E+00 -0.2943896E+01
   04  0.2033076E+03  0.1425175E+02 -0.1787055E+01  0.1291898E+00 -0.2943320E+01
   04  0.2047988E+03  0.1425233E+02 -0.1791465E+01  0.1364105E+00 -0.2942748E+01
   04  0.2062900E+03  0.1425290E+02 -0.1795872E+01  0.1436025E+00 -0.2942179E+01
   04  0.2077811E+03  0.1425346E+02 -0.1800269E+01  0.1507629E+00 -0.2941612E+01
   04  0.2092723E+03  0.1425403E+02 -0.1804658E+01  0.1578886E+00 -0.2941049E+01
   04  0.2107635E+03  0.1425459E+02 -0.1809037E+01  0.1649769E+00 -0.2940488E+01
   04  0.2122546E+03  0.1425514E+02 -0.1813408E+01  0.1720253E+00 -0.2939930E+01
   04  0.2137458E+03  0.1425570E+02 -0.1817770E+01  0.1790306E+00 -0.2939375E+01
   04  0.2152370E+03  0.1425625E+02 -0.1822123E+01  0.1859899E+00 -0.2938823E+01
   04  0.2167281E+03  0.1425680E+02 -0.1826467E+01  0.1929005E+00 -0.2938274E+01
   04  0.2182193E+03  0.1425735E+02 -0.1830803E+01  0.1997597E+00 -0.2937727E+01
   04  0.2197105E+03  0.1425789E+02 -0.1835128E+01  0.2065649E+00 -0.2937183E+01
   04  0.2212017E+03  0.1425843E+02 -0.1839443E+01  0.2133135E+00 -0.2936642E+01
   04  0.2226928E+03  0.1425897E+02 -0.1843747E+01  0.2200032E+00 -0.2936103E+01
   04  0.2241840E+03  0.1425951E+02 -0.1848040E+01  0.2266316E+00 -0.2935567E+01
   04  0.2256752E+03  0.1426004E+02 -0.1852320E+01  0.2331964E+00 -0.2935033E+01
   04  0.2271663E+03  0.1426057E+02 -0.1856587E+01  0.2396951E+00 -0.2934502E+01
   04  0.2286575E+03  0.1426110E+02 -0.1860839E+01  0.2461254E+00 -0.2933973E+01
   04  0.2301487E+03  0.1426163E+02 -0.1865074E+01  0.2524853E+00 -0.2933447E+01
   04  0.2316398E+03  0.1426215E+02 -0.1869291E+01  0.2587726E+00 -0.2932922E+01
   04  0.2331310E+03  0.1426267E+02 -0.1873488E+01  0.2649857E+00 -0.2932400E+01
   04  0.2346222E+03  0.1426320E+02 -0.1877661E+01  0.2711204E+00 -0.2931879E+01
   04  0.2361133E+03  0.1426371E+02 -0.1881809E+01  0.2771606E+00 -0.2931362E+01
   04  0.2376045E+03  0.1426423E+02 -0.1885929E+01  0.2831066E+00 -0.2930847E+01
   04  0.2390957E+03  0.1426474E+02 -0.1890017E+01  0.2889586E+00 -0.2930335E+01
   04  0.2405868E+03  0.1426525E+02 -0.1894070E+01  0.2947168E+00 -0.2929825E+01
   04  0.2420780E+03  0.1426576E+02 -0.1898086E+01  0.3003814E+00 -0.2929317E+01
   04  0.2435692E+03  0.1426626E+02 -0.1902062E+01  0.3059526E+00 -0.2928810E+01
   04  0.2450603E+03  0.1426677E+02 -0.1905995E+01  0.3114307E+00 -0.2928305E+01
   04  0.2465515E+03  0.1426727E+02 -0.1909883E+01  0.3168159E+00 -0.2927800E+01
   04  0.2480427E+03  0.1426778E+02 -0.1913724E+01  0.3221082E+00 -0.2927297E+01
   04  0.2495338E+03  0.1426828E+02 -0.1917522E+01  0.3273078E+00 -0.2926794E+01
   04  0.2510250E+03  0.1426878E+02 -0.1921293E+01  0.3324147E+00 -0.2926294E+01
   04  0.2525162E+03  0.1426928E+02 -0.1925037E+01  0.3374288E+00 -0.2925796E+01
   04  0.2540073E+03  0.1426977E+02 -0.1928755E+01  0.3423504E+00 -0.2925301E+01
   04  0.2554985E+03  0.1427027E+02 -0.1932448E+01  0.3471842E+00 -0.2924807E+01
   04  0.2569897E+03  0.1427076E+02 -0.1936111E+01  0.3519355E+00 -0.2924315E+01
   04  0.2584808E+03  0.1427125E+02 -0.1939746E+01  0.3565995E+00 -0.2923825E+01
   04  0.2599720E+03  0.1427174E+02 -0.1943353E+01  0.3611736E+00 -0.2923337E+01
   04  0.2614632E+03  0.1427222E+02 -0.1946936E+01  0.3656560E+00 -0.2922850E+01
   04  0.2629543E+03  0.1427271E+02 -0.1950497E+01  0.3700460E+00 -0.2922366E+01
   04  0.2644455E+03  0.1427319E+02 -0.1954036E+01  0.3743429E+00 -0.2921883E+01
   04  0.2659367E+03  0.1427367E+02 -0.1957554E+01  0.3785466E+00 -0.2921402E+01
   04  0.2674278E+03  0.1427415E+02 -0.1961051E+01  0.3826569E+00 -0.2920922E+01
   04  0.2689190E+03  0.1427463E+02 -0.1964527E+01  0.3866737E+00 -0.2920444E+01
   04  0.2704102E+03  0.1427511E+02 -0.1967981E+01  0.3905969E+00 -0.2919967E+01
   04  0.2719014E+03  0.1427558E+02 -0.1971414E+01  0.3944265E+00 -0.2919491E+01
   04  0.2733925E+03  0.1427606E+02 -0.1974823E+01  0.3981625E+00 -0.2919016E+01
   04  0.2748837E+03  0.1427653E+02 -0.1978209E+01  0.4018049E+00 -0.2918542E+01
   04  0.2763749E+03  0.1427701E+02 -0.1981570E+01  0.4053538E+00 -0.2918068E+01
   04  0.2778660E+03  0.1427748E+02 -0.1984905E+01  0.4088092E+00 -0.2917594E+01
   04  0.2793572E+03  0.1427795E+02 -0.1988213E+01  0.4121711E+00 -0.2917121E+01
   04  0.2808484E+03  0.1427843E+02 -0.1991491E+01  0.4154393E+00 -0.2916647E+01
   04  0.2823395E+03  0.1427890E+02 -0.1994738E+01  0.4186139E+00 -0.2916173E+01
   04  0.2838307E+03  0.1427938E+02 -0.1997952E+01  0.4216948E+00 -0.2915697E+01
   04  0.2853219E+03  0.1427985E+02 -0.2001130E+01  0.4246819E+00 -0.2915221E+01
   04  0.2868130E+03  0.1428033E+02 -0.2004271E+01  0.4275751E+00 -0.2914744E+01
   04  0.2883042E+03  0.1428081E+02 -0.2007371E+01  0.4303744E+00 -0.2914265E+01
   04  0.2897954E+03  0.1428129E+02 -0.2010429E+01  0.4330797E+00 -0.2913784E+01
   04  0.2912865E+03  0.1428177E+02 -0.2013441E+01  0.4356908E+00 -0.2913301E+01
   04  0.2927777E+03  0.1428226E+02 -0.2016406E+01  0.4382076E+00 -0.2912816E+01
   04  0.2942689E+03  0.1428275E+02 -0.2019320E+01  0.4406303E+00 -0.2912327E+01
   04  0.2957600E+03  0.1428324E+02 -0.2022181E+01  0.4429589E+00 -0.2911836E+01
   04  0.2972512E+03  0.1428373E+02 -0.2024987E+01  0.4451941E+00 -0.2911342E+01
   04  0.2987424E+03  0.1428423E+02 -0.2027736E+01  0.4473371E+00 -0.2910844E+01
   04  0.3002335E+03  0.1428473E+02 -0.2030428E+01  0.4493909E+00 -0.2910343E+01
   04  0.3017247E+03  0.1428524E+02 -0.2033060E+01  0.4513611E+00 -0.2909839E+01
   04  0.3032159E+03  0.1428575E+02 -0.2035631E+01  0.4532204E+00 -0.2909330E+01
   04  0.3047070E+03  0.1428626E+02 -0.2038137E+01  0.4549686E+00 -0.2908814E+01
   04  0.3061982E+03  0.1428678E+02 -0.2040574E+01  0.4566053E+00 -0.2908293E+01
   04  0.3076894E+03  0.1428731E+02 -0.2042940E+01  0.4581303E+00 -0.2907766E+01
   04  0.3091805E+03  0.1428784E+02 -0.2045230E+01  0.4595433E+00 -0.2907231E+01
   04  0.3106717E+03  0.1428838E+02 -0.2047443E+01  0.4608440E+00 -0.2906690E+01
   04  0.3121629E+03  0.1428893E+02 -0.2049575E+01  0.4620319E+00 -0.2906142E+01
   04  0.3136540E+03  0.1428949E+02 -0.2051624E+01  0.4631067E+00 -0.2905587E+01
   04  0.3151452E+03  0.1429005E+02 -0.2053587E+01  0.4640865E+00 -0.2905025E+01
   04  0.3165017E+03  0.1429056E+02 -0.2055296E+01  0.4648968E+00 -0.2904510E+01
   04  0.3178581E+03  0.1429109E+02 -0.2056933E+01  0.4656576E+00 -0.2903989E+01
   04  0.3192146E+03  0.1429161E+02 -0.2058496E+01  0.4663680E+00 -0.2903461E+01
   04  0.3205710E+03  0.1429215E+02 -0.2059983E+01  0.4670276E+00 -0.2902925E+01
   04  0.3219275E+03  0.1429269E+02 -0.2061392E+01  0.4676358E+00 -0.2902383E+01
   04  0.3232839E+03  0.1429324E+02 -0.2062722E+01  0.4681918E+00 -0.2901833E+01
   04  0.3246404E+03  0.1429380E+02 -0.2063971E+01  0.4686949E+00 -0.2901275E+01
   04  0.3259968E+03  0.1429436E+02 -0.2065138E+01  0.4691447E+00 -0.2900710E+01
   04  0.3273533E+03  0.1429494E+02 -0.2066221E+01  0.4695404E+00 -0.2900137E+01
   04  0.3287097E+03  0.1429552E+02 -0.2067219E+01  0.4698815E+00 -0.2899557E+01
   04  0.3300662E+03  0.1429611E+02 -0.2068130E+01  0.4701676E+00 -0.2898968E+01
   04  0.3314226E+03  0.1429670E+02 -0.2068976E+01  0.4704069E+00 -0.2898374E+01
   04  0.3327791E+03  0.1429730E+02 -0.2069756E+01  0.4706010E+00 -0.2897775E+01
   04  0.3341355E+03  0.1429791E+02 -0.2070468E+01  0.4707454E+00 -0.2897170E+01
   04  0.3354920E+03  0.1429852E+02 -0.2071109E+01  0.4708365E+00 -0.2896559E+01
   04  0.3368484E+03  0.1429913E+02 -0.2071679E+01  0.4708705E+00 -0.2895941E+01
   04  0.3382049E+03  0.1429976E+02 -0.2072175E+01  0.4708446E+00 -0.2895316E+01
   04  0.3395613E+03  0.1430039E+02 -0.2072598E+01  0.4707559E+00 -0.2894684E+01
   04  0.3409178E+03  0.1430103E+02 -0.2072946E+01  0.4706019E+00 -0.2894045E+01
   04  0.3422742E+03  0.1430168E+02 -0.2073218E+01  0.4703802E+00 -0.2893398E+01
   04  0.3436307E+03  0.1430233E+02 -0.2073413E+01  0.4700886E+00 -0.2892743E+01
   04  0.3449871E+03  0.1430300E+02 -0.2073532E+01  0.4697251E+00 -0.2892079E+01
   04  0.3463436E+03  0.1430367E+02 -0.2073573E+01  0.4692878E+00 -0.2891407E+01
   04  0.3477000E+03  0.1430435E+02 -0.2073536E+01  0.4687748E+00 -0.2890727E+01
   04  0.3490565E+03  0.1430504E+02 -0.2073418E+01  0.4681842E+00 -0.2890037E+01
   04  0.3504130E+03  0.1430574E+02 -0.2073219E+01  0.4675141E+00 -0.2889338E+01
   04  0.3517694E+03  0.1430644E+02 -0.2072939E+01  0.4667626E+00 -0.2888630E+01
   04  0.3531259E+03  0.1430716E+02 -0.2072578E+01  0.4659278E+00 -0.2887912E+01
   04  0.3544823E+03  0.1430789E+02 -0.2072137E+01  0.4650078E+00 -0.2887185E+01
   04  0.3558388E+03  0.1430863E+02 -0.2071616E+01  0.4639999E+00 -0.2886448E+01
   04  0.3574665E+03  0.1430952E+02 -0.2070888E+01  0.4626713E+00 -0.2885551E+01
   04  0.3590942E+03  0.1431043E+02 -0.2070047E+01  0.4611997E+00 -0.2884641E+01
   04  0.3607220E+03  0.1431136E+02 -0.2069095E+01  0.4595816E+00 -0.2883717E+01
   04  0.3623497E+03  0.1431229E+02 -0.2068035E+01  0.4578109E+00 -0.2882781E+01
   04  0.3639775E+03  0.1431324E+02 -0.2066870E+01  0.4558834E+00 -0.2881832E+01
   04  0.3656052E+03  0.1431420E+02 -0.2065602E+01  0.4537972E+00 -0.2880871E+01
   04  0.3672329E+03  0.1431518E+02 -0.2064235E+01  0.4515600E+00 -0.2879896E+01
   04  0.3688607E+03  0.1431617E+02 -0.2062773E+01  0.4491701E+00 -0.2878907E+01
   04  0.3704884E+03  0.1431717E+02 -0.2061219E+01  0.4466256E+00 -0.2877904E+01
   04  0.3721162E+03  0.1431819E+02 -0.2059577E+01  0.4439251E+00 -0.2876889E+01
   04  0.3737439E+03  0.1431922E+02 -0.2057852E+01  0.4410670E+00 -0.2875859E+01
   04  0.3753717E+03  0.1432026E+02 -0.2056048E+01  0.4380499E+00 -0.2874817E+01
   04  0.3769994E+03  0.1432131E+02 -0.2054168E+01  0.4348728E+00 -0.2873761E+01
   04  0.3786271E+03  0.1432238E+02 -0.2052218E+01  0.4315343E+00 -0.2872691E+01
   04  0.3802549E+03  0.1432347E+02 -0.2050202E+01  0.4280334E+00 -0.2871609E+01
   04  0.3818826E+03  0.1432456E+02 -0.2048125E+01  0.4243686E+00 -0.2870513E+01
   04  0.3835104E+03  0.1432567E+02 -0.2045991E+01  0.4205384E+00 -0.2869405E+01
   04  0.3851381E+03  0.1432679E+02 -0.2043806E+01  0.4165189E+00 -0.2868283E+01
   04  0.3867658E+03  0.1432793E+02 -0.2041575E+01  0.4123011E+00 -0.2867147E+01
   04  0.3883936E+03  0.1432908E+02 -0.2039304E+01  0.4078866E+00 -0.2865996E+01
   04  0.3900213E+03  0.1433024E+02 -0.2036999E+01  0.4032843E+00 -0.2864831E+01
   04  0.3916491E+03  0.1433142E+02 -0.2034667E+01  0.3984954E+00 -0.2863650E+01
   04  0.3932768E+03  0.1433262E+02 -0.2032314E+01  0.3935204E+00 -0.2862455E+01
   04  0.3949046E+03  0.1433383E+02 -0.2029948E+01  0.3883603E+00 -0.2861244E+01
   04  0.3965323E+03  0.1433506E+02 -0.2027575E+01  0.3830158E+00 -0.2860019E+01
   04  0.3981600E+03  0.1433630E+02 -0.2025192E+01  0.3774944E+00 -0.2858778E+01
   04  0.3997878E+03  0.1433755E+02 -0.2022816E+01  0.3717906E+00 -0.2857522E+01
   04  0.4014155E+03  0.1433882E+02 -0.2020452E+01  0.3659054E+00 -0.2856252E+01
   04  0.4030433E+03  0.1434011E+02 -0.2018107E+01  0.3598403E+00 -0.2854966E+01
   04  0.4046710E+03  0.1434141E+02 -0.2015787E+01  0.3535965E+00 -0.2853666E+01
   04  0.4062987E+03  0.1434272E+02 -0.2013497E+01  0.3471762E+00 -0.2852350E+01
   04  0.4079265E+03  0.1434406E+02 -0.2011217E+01  0.3405835E+00 -0.2851017E+01
   04  0.4095542E+03  0.1434541E+02 -0.2008953E+01  0.3338196E+00 -0.2849667E+01
   04  0.4111820E+03  0.1434678E+02 -0.2006709E+01  0.3268861E+00 -0.2848299E+01
   04  0.4128097E+03  0.1434816E+02 -0.2004491E+01  0.3197841E+00 -0.2846914E+01
   04  0.4144375E+03  0.1434956E+02 -0.2002304E+01  0.3125151E+00 -0.2845512E+01
   04  0.4160652E+03  0.1435098E+02 -0.2000152E+01  0.3050804E+00 -0.2844093E+01
   04  0.4176929E+03  0.1435242E+02 -0.1998038E+01  0.2974815E+00 -0.2842656E+01
   04  0.4193207E+03  0.1435387E+02 -0.1995968E+01  0.2897197E+00 -0.2841201E+01
   04  0.4209484E+03  0.1435534E+02 -0.1993948E+01  0.2817966E+00 -0.2839730E+01
   04  0.4225762E+03  0.1435683E+02 -0.1991982E+01  0.2737135E+00 -0.2838241E+01
   04  0.4242039E+03  0.1435834E+02 -0.1990077E+01  0.2654716E+00 -0.2836735E+01
   04  0.4258316E+03  0.1435986E+02 -0.1988239E+01  0.2570725E+00 -0.2835212E+01
   04  0.4274594E+03  0.1436140E+02 -0.1986473E+01  0.2485173E+00 -0.2833673E+01
   04  0.4290871E+03  0.1436296E+02 -0.1984785E+01  0.2398072E+00 -0.2832117E+01
   04  0.4307149E+03  0.1436453E+02 -0.1983183E+01  0.2309433E+00 -0.2830544E+01
   04  0.4323426E+03  0.1436612E+02 -0.1981671E+01  0.2219269E+00 -0.2828955E+01
   04  0.4339704E+03  0.1436772E+02 -0.1980255E+01  0.2127590E+00 -0.2827350E+01
   04  0.4355981E+03  0.1436935E+02 -0.1978942E+01  0.2034405E+00 -0.2825729E+01
   04  0.4372258E+03  0.1437098E+02 -0.1977737E+01  0.1939724E+00 -0.2824092E+01
   04  0.4388536E+03  0.1437264E+02 -0.1976646E+01  0.1843527E+00 -0.2822439E+01
   04  0.4404813E+03  0.1437431E+02 -0.1975675E+01  0.1745635E+00 -0.2820768E+01
   04  0.4421091E+03  0.1437599E+02 -0.1974827E+01  0.1646062E+00 -0.2819081E+01
   04  0.4437368E+03  0.1437770E+02 -0.1974107E+01  0.1544834E+00 -0.2817376E+01
   04  0.4453645E+03  0.1437942E+02 -0.1973520E+01  0.1441981E+00 -0.2815654E+01
   04  0.4469923E+03  0.1438116E+02 -0.1973069E+01  0.1337523E+00 -0.2813916E+01
   04  0.4486200E+03  0.1438291E+02 -0.1972759E+01  0.1231478E+00 -0.2812161E+01
   04  0.4502478E+03  0.1438468E+02 -0.1972592E+01  0.1123866E+00 -0.2810390E+01
   04  0.4518755E+03  0.1438647E+02 -0.1972572E+01  0.1014704E+00 -0.2808603E+01
   04  0.4535033E+03  0.1438828E+02 -0.1972701E+01  0.9040124E-01 -0.2806800E+01
   04  0.4551310E+03  0.1439009E+02 -0.1972983E+01  0.7918082E-01 -0.2804980E+01
   04  0.4567587E+03  0.1439193E+02 -0.1973421E+01  0.6781096E-01 -0.2803145E+01
   04  0.4583865E+03  0.1439378E+02 -0.1974015E+01  0.5629345E-01 -0.2801294E+01
   04  0.4600142E+03  0.1439565E+02 -0.1974769E+01  0.4463005E-01 -0.2799427E+01
   04  0.4616420E+03  0.1439753E+02 -0.1975684E+01  0.3282248E-01 -0.2797544E+01
   04  0.4632697E+03  0.1439943E+02 -0.1976761E+01  0.2087300E-01 -0.2795646E+01
   04  0.4648974E+03  0.1440134E+02 -0.1978002E+01  0.8784006E-02 -0.2793732E+01
   04  0.4665252E+03  0.1440327E+02 -0.1979409E+01 -0.3442157E-02 -0.2791802E+01
   04  0.4681529E+03  0.1440522E+02 -0.1980980E+01 -0.1580319E-01 -0.2789857E+01
   04  0.4697807E+03  0.1440718E+02 -0.1982718E+01 -0.2829684E-01 -0.2787897E+01
   04  0.4714084E+03  0.1440915E+02 -0.1984623E+01 -0.4092044E-01 -0.2785920E+01
   04  0.4730362E+03  0.1441115E+02 -0.1986695E+01 -0.5367128E-01 -0.2783929E+01
   04  0.4746639E+03  0.1441315E+02 -0.1988936E+01 -0.6654638E-01 -0.2781921E+01
   04  0.4762916E+03  0.1441518E+02 -0.1991343E+01 -0.7954345E-01 -0.2779898E+01
   04  0.4779194E+03  0.1441722E+02 -0.1993917E+01 -0.9265986E-01 -0.2777859E+01
   04  0.4795471E+03  0.1441927E+02 -0.1996656E+01 -0.1058930E+00 -0.2775805E+01
   04  0.4811749E+03  0.1442134E+02 -0.1999560E+01 -0.1192403E+00 -0.2773735E+01
   04  0.4828026E+03  0.1442342E+02 -0.2002628E+01 -0.1326992E+00 -0.2771650E+01
   04  0.4844303E+03  0.1442553E+02 -0.2005860E+01 -0.1462671E+00 -0.2769549E+01
   04  0.4860581E+03  0.1442764E+02 -0.2009253E+01 -0.1599415E+00 -0.2767432E+01
   04  0.4876858E+03  0.1442977E+02 -0.2012808E+01 -0.1737196E+00 -0.2765300E+01
   04  0.4893136E+03  0.1443192E+02 -0.2016523E+01 -0.1875991E+00 -0.2763153E+01
   04  0.4909413E+03  0.1443408E+02 -0.2020402E+01 -0.2015743E+00 -0.2760990E+01
   04  0.4925691E+03  0.1443626E+02 -0.2024438E+01 -0.2156453E+00 -0.2758812E+01
   04  0.4941968E+03  0.1443846E+02 -0.2028632E+01 -0.2298093E+00 -0.2756618E+01
   04  0.4958245E+03  0.1444067E+02 -0.2032983E+01 -0.2440637E+00 -0.2754410E+01
   04  0.4974523E+03  0.1444289E+02 -0.2037489E+01 -0.2584059E+00 -0.2752186E+01
   04  0.4990800E+03  0.1444513E+02 -0.2042151E+01 -0.2728331E+00 -0.2749946E+01
   04  0.5007078E+03  0.1444738E+02 -0.2046969E+01 -0.2873425E+00 -0.2747692E+01
   04  0.5023355E+03  0.1444965E+02 -0.2051941E+01 -0.3019315E+00 -0.2745422E+01
   04  0.5039632E+03  0.1445194E+02 -0.2057068E+01 -0.3165972E+00 -0.2743137E+01
   04  0.5055910E+03  0.1445424E+02 -0.2062350E+01 -0.3313368E+00 -0.2740837E+01
   04  0.5072187E+03  0.1445655E+02 -0.2067789E+01 -0.3461475E+00 -0.2738522E+01
   04  0.5088465E+03  0.1445888E+02 -0.2073385E+01 -0.3610264E+00 -0.2736191E+01
   04  0.5104742E+03  0.1446123E+02 -0.2079139E+01 -0.3759708E+00 -0.2733844E+01
   04  0.5121020E+03  0.1446359E+02 -0.2085054E+01 -0.3909778E+00 -0.2731482E+01
   04  0.5137297E+03  0.1446597E+02 -0.2091131E+01 -0.4060447E+00 -0.2729105E+01
   04  0.5153574E+03  0.1446836E+02 -0.2097374E+01 -0.4211686E+00 -0.2726711E+01
   04  0.5169852E+03  0.1447077E+02 -0.2103784E+01 -0.4363469E+00 -0.2724301E+01
   04  0.5186129E+03  0.1447320E+02 -0.2110367E+01 -0.4515769E+00 -0.2721875E+01
   04  0.5202407E+03  0.1447564E+02 -0.2117125E+01 -0.4668560E+00 -0.2719432E+01
   04  0.5218684E+03  0.1447810E+02 -0.2124063E+01 -0.4821818E+00 -0.2716972E+01
   04  0.5234961E+03  0.1448058E+02 -0.2131188E+01 -0.4975519E+00 -0.2714494E+01
   04  0.5251239E+03  0.1448308E+02 -0.2138504E+01 -0.5129641E+00 -0.2711998E+01
   04  0.5267516E+03  0.1448559E+02 -0.2146019E+01 -0.5284162E+00 -0.2709484E+01
   04  0.5283794E+03  0.1448812E+02 -0.2153739E+01 -0.5439065E+00 -0.2706950E+01
   04  0.5300071E+03  0.1449068E+02 -0.2161673E+01 -0.5594331E+00 -0.2704397E+01
   04  0.5316349E+03  0.1449325E+02 -0.2169830E+01 -0.5749946E+00 -0.2701823E+01
   04  0.5332626E+03  0.1449585E+02 -0.2178219E+01 -0.5905895E+00 -0.2699228E+01
   04  0.5348903E+03  0.1449846E+02 -0.2186850E+01 -0.6062169E+00 -0.2696611E+01
   04  0.5365181E+03  0.1450110E+02 -0.2195735E+01 -0.6218758E+00 -0.2693971E+01
   04  0.5381458E+03  0.1450377E+02 -0.2204885E+01 -0.6375657E+00 -0.2691306E+01
   04  0.5397736E+03  0.1450646E+02 -0.2214313E+01 -0.6532863E+00 -0.2688617E+01
   04  0.5414013E+03  0.1450917E+02 -0.2224033E+01 -0.6690376E+00 -0.2685901E+01
   04  0.5430290E+03  0.1451192E+02 -0.2234059E+01 -0.6848197E+00 -0.2683158E+01
   04  0.5446568E+03  0.1451469E+02 -0.2244406E+01 -0.7006334E+00 -0.2680386E+01
   04  0.5462845E+03  0.1451749E+02 -0.2255090E+01 -0.7164796E+00 -0.2677584E+01
   04  0.5479123E+03  0.1452032E+02 -0.2266128E+01 -0.7323595E+00 -0.2674750E+01
   04  0.5495400E+03  0.1452319E+02 -0.2277539E+01 -0.7482746E+00 -0.2671883E+01
   04  0.5511678E+03  0.1452609E+02 -0.2289339E+01 -0.7642271E+00 -0.2668982E+01
   04  0.5527955E+03  0.1452903E+02 -0.2301550E+01 -0.7802144E+00 -0.2666044E+01
   04  0.5544232E+03  0.1453201E+02 -0.2314193E+01 -0.7962054E+00 -0.2663068E+01
   04  0.5560510E+03  0.1453502E+02 -0.2327288E+01 -0.8122039E+00 -0.2660051E+01
   04  0.5576787E+03  0.1453808E+02 -0.2340861E+01 -0.8282179E+00 -0.2656991E+01
   04  0.5593065E+03  0.1454119E+02 -0.2354933E+01 -0.8442558E+00 -0.2653888E+01
   04  0.5609342E+03  0.1454434E+02 -0.2369526E+01 -0.8603242E+00 -0.2650738E+01
   04  0.5625619E+03  0.1454754E+02 -0.2384667E+01 -0.8764333E+00 -0.2647540E+01
   04  0.5641897E+03  0.1455078E+02 -0.2400381E+01 -0.8925911E+00 -0.2644291E+01
   04  0.5658174E+03  0.1455408E+02 -0.2416692E+01 -0.9088063E+00 -0.2640990E+01
   04  0.5674452E+03  0.1455744E+02 -0.2433627E+01 -0.9250872E+00 -0.2637634E+01
   04  0.5690729E+03  0.1456085E+02 -0.2451211E+01 -0.9414422E+00 -0.2634221E+01
   04  0.5707007E+03  0.1456433E+02 -0.2469472E+01 -0.9578796E+00 -0.2630749E+01
   04  0.5723284E+03  0.1456786E+02 -0.2488436E+01 -0.9744079E+00 -0.2627215E+01
   04  0.5739561E+03  0.1457146E+02 -0.2508130E+01 -0.9910352E+00 -0.2623617E+01
   04  0.5755839E+03  0.1457512E+02 -0.2528582E+01 -0.1007770E+01 -0.2619953E+01
   04  0.5772116E+03  0.1457885E+02 -0.2549817E+01 -0.1024620E+01 -0.2616221E+01
   04  0.5788394E+03  0.1458266E+02 -0.2571864E+01 -0.1041594E+01 -0.2612418E+01
   04  0.5804671E+03  0.1458653E+02 -0.2594748E+01 -0.1058698E+01 -0.2608543E+01
   04  0.5820948E+03  0.1459048E+02 -0.2618495E+01 -0.1075941E+01 -0.2604593E+01
   04  0.5837226E+03  0.1459451E+02 -0.2643131E+01 -0.1093330E+01 -0.2600565E+01
   04  0.5853503E+03  0.1459862E+02 -0.2668680E+01 -0.1110873E+01 -0.2596460E+01
   04  0.5869781E+03  0.1460280E+02 -0.2695168E+01 -0.1128574E+01 -0.2592273E+01
   04  0.5886058E+03  0.1460707E+02 -0.2722617E+01 -0.1146442E+01 -0.2588004E+01
   04  0.5902336E+03  0.1461142E+02 -0.2751048E+01 -0.1164481E+01 -0.2583650E+01
   04  0.5918613E+03  0.1461586E+02 -0.2780484E+01 -0.1182698E+01 -0.2579211E+01
   04  0.5934890E+03  0.1462039E+02 -0.2810943E+01 -0.1201097E+01 -0.2574685E+01
   04  0.5951168E+03  0.1462500E+02 -0.2842444E+01 -0.1219683E+01 -0.2570070E+01
   04  0.5967445E+03  0.1462971E+02 -0.2875003E+01 -0.1238461E+01 -0.2565365E+01
   04  0.5983723E+03  0.1463451E+02 -0.2908635E+01 -0.1257433E+01 -0.2560569E+01
