# gauge_id= 612 location=( -0.1242043567E+03  0.4175754751E+02 ) num_var=  4
# Stationary gauge
# level, time, q[  1  2  3], eta, aux[]
# file format ascii, time series follow in this file
   04  0.0000000E+00  0.1267966E+02  0.0000000E+00  0.0000000E+00  0.0000000E+00
   04  0.1000000E+01  0.1267966E+02  0.7668877E-17 -0.1052183E-15 -0.2942730E+01
   04  0.1015873E+01  0.1267966E+02 -0.2355443E-03 -0.4730229E-04 -0.2942730E+01
   04  0.1031746E+01  0.1267966E+02 -0.4710922E-03 -0.9460407E-04 -0.2942730E+01
   04  0.1047619E+01  0.1267966E+02 -0.7066436E-03 -0.1419053E-03 -0.2942730E+01
   04  0.1063492E+01  0.1267966E+02 -0.9421986E-03 -0.1892061E-03 -0.2942731E+01
   04  0.1079365E+01  0.1267966E+02 -0.1177757E-02 -0.2365063E-03 -0.2942731E+01
   04  0.1095238E+01  0.1267966E+02 -0.1413319E-02 -0.2838061E-03 -0.2942731E+01
   04  0.1111111E+01  0.1267966E+02 -0.1648885E-02 -0.3311052E-03 -0.2942732E+01
   04  0.1126984E+01  0.1267966E+02 -0.1884454E-02 -0.3784039E-03 -0.2942732E+01
   04  0.1142857E+01  0.1267966E+02 -0.2120027E-02 -0.4257020E-03 -0.2942732E+01
   04  0.1158730E+01  0.1267966E+02 -0.2355603E-02 -0.4729996E-03 -0.2942732E+01
   04  0.1174603E+01  0.1267966E+02 -0.2591183E-02 -0.5202966E-03 -0.2942733E+01
   04  0.1190476E+01  0.1267966E+02 -0.2826766E-02 -0.5675931E-03 -0.2942733E+01
   04  0.1206349E+01  0.1267965E+02 -0.3062353E-02 -0.6148890E-03 -0.2942733E+01
   04  0.1222222E+01  0.1267965E+02 -0.3297943E-02 -0.6621844E-03 -0.2942734E+01
   04  0.1238095E+01  0.1267965E+02 -0.3533537E-02 -0.7094792E-03 -0.2942734E+01
   04  0.1253968E+01  0.1267965E+02 -0.3769135E-02 -0.7567734E-03 -0.2942734E+01
   04  0.1269841E+01  0.1267965E+02 -0.4004736E-02 -0.8040671E-03 -0.2942735E+01
   04  0.1285714E+01  0.1267965E+02 -0.4240341E-02 -0.8513602E-03 -0.2942735E+01
   04  0.1301587E+01  0.1267965E+02 -0.4475949E-02 -0.8986527E-03 -0.2942735E+01
   04  0.1317460E+01  0.1267965E+02 -0.4711561E-02 -0.9459446E-03 -0.2942736E+01
   04  0.1333333E+01  0.1267965E+02 -0.4947176E-02 -0.9932359E-03 -0.2942736E+01
   04  0.1349206E+01  0.1267965E+02 -0.5182795E-02 -0.1040527E-02 -0.2942736E+01
   04  0.1365079E+01  0.1267965E+02 -0.5418417E-02 -0.1087817E-02 -0.2942737E+01
   04  0.1380952E+01  0.1267965E+02 -0.5654043E-02 -0.1135106E-02 -0.2942737E+01
   04  0.1396825E+01  0.1267965E+02 -0.5889673E-02 -0.1182395E-02 -0.2942737E+01
   04  0.1412698E+01  0.1267965E+02 -0.6125306E-02 -0.1229684E-02 -0.2942738E+01
   04  0.1428571E+01  0.1267965E+02 -0.6360943E-02 -0.1276971E-02 -0.2942738E+01
   04  0.1476190E+01  0.1267965E+02 -0.7067855E-02 -0.1418836E-02 -0.2942739E+01
   04  0.1523810E+01  0.1267965E+02 -0.7774800E-02 -0.1560695E-02 -0.2942740E+01
   04  0.1571429E+01  0.1267965E+02 -0.8481776E-02 -0.1702548E-02 -0.2942741E+01
   04  0.1619048E+01  0.1267965E+02 -0.9188784E-02 -0.1844396E-02 -0.2942743E+01
   04  0.1666667E+01  0.1267964E+02 -0.9895825E-02 -0.1986237E-02 -0.2942744E+01
   04  0.1714286E+01  0.1267964E+02 -0.1060290E-01 -0.2128072E-02 -0.2942745E+01
   04  0.1761905E+01  0.1267964E+02 -0.1131000E-01 -0.2269901E-02 -0.2942746E+01
   04  0.1809524E+01  0.1267964E+02 -0.1201714E-01 -0.2411723E-02 -0.2942748E+01
   04  0.1857143E+01  0.1267964E+02 -0.1272431E-01 -0.2553539E-02 -0.2942749E+01
   04  0.1904762E+01  0.1267964E+02 -0.1343151E-01 -0.2695349E-02 -0.2942751E+01
   04  0.1952381E+01  0.1267964E+02 -0.1413874E-01 -0.2837151E-02 -0.2942752E+01
   04  0.2000000E+01  0.1267963E+02 -0.1484600E-01 -0.2978947E-02 -0.2942753E+01
   04  0.5727919E+01  0.1267945E+02 -0.7012483E-01 -0.1409569E-01 -0.2942942E+01
   04  0.9455838E+01  0.1267906E+02 -0.1255056E+00 -0.2511449E-01 -0.2943332E+01
   04  0.1318376E+02  0.1267847E+02 -0.1809179E+00 -0.3598460E-01 -0.2943915E+01
   04  0.1691168E+02  0.1267771E+02 -0.2362277E+00 -0.4665247E-01 -0.2944675E+01
   04  0.2063960E+02  0.1267680E+02 -0.2912565E+00 -0.5706084E-01 -0.2945590E+01
   04  0.2436752E+02  0.1267575E+02 -0.3457951E+00 -0.6714855E-01 -0.2946637E+01
   04  0.2809543E+02  0.1267460E+02 -0.3996245E+00 -0.7685016E-01 -0.2947788E+01
   04  0.3182335E+02  0.1267337E+02 -0.4525178E+00 -0.8609447E-01 -0.2949015E+01
   04  0.3555127E+02  0.1267210E+02 -0.5042491E+00 -0.9481529E-01 -0.2950289E+01
   04  0.3834721E+02  0.1267111E+02 -0.5421846E+00 -0.1010695E+00 -0.2951276E+01
   04  0.4114315E+02  0.1267012E+02 -0.5792829E+00 -0.1070362E+00 -0.2952265E+01
   04  0.4393909E+02  0.1266914E+02 -0.6154744E+00 -0.1126816E+00 -0.2953245E+01
   04  0.4673503E+02  0.1266819E+02 -0.6506494E+00 -0.1179787E+00 -0.2954200E+01
   04  0.4922031E+02  0.1266738E+02 -0.6808654E+00 -0.1223658E+00 -0.2955012E+01
   04  0.5170559E+02  0.1266661E+02 -0.7100399E+00 -0.1264464E+00 -0.2955780E+01
   04  0.5419087E+02  0.1266589E+02 -0.7381200E+00 -0.1302089E+00 -0.2956495E+01
   04  0.5667615E+02  0.1266524E+02 -0.7650784E+00 -0.1336411E+00 -0.2957152E+01
   04  0.5916143E+02  0.1266464E+02 -0.7908968E+00 -0.1367323E+00 -0.2957747E+01
   04  0.6164671E+02  0.1266411E+02 -0.8155665E+00 -0.1394747E+00 -0.2958276E+01
   04  0.6413199E+02  0.1266363E+02 -0.8390785E+00 -0.1421058E+00 -0.2958761E+01
   04  0.6661727E+02  0.1266319E+02 -0.8614261E+00 -0.1445774E+00 -0.2959194E+01
   04  0.6910255E+02  0.1266282E+02 -0.8826050E+00 -0.1468191E+00 -0.2959568E+01
   04  0.7158783E+02  0.1266251E+02 -0.9026135E+00 -0.1488269E+00 -0.2959881E+01
   04  0.7407311E+02  0.1266226E+02 -0.9214576E+00 -0.1506011E+00 -0.2960132E+01
   04  0.7655838E+02  0.1266207E+02 -0.9391496E+00 -0.1521447E+00 -0.2960321E+01
   04  0.7904366E+02  0.1266194E+02 -0.9557076E+00 -0.1534625E+00 -0.2960448E+01
   04  0.8152894E+02  0.1266187E+02 -0.9711545E+00 -0.1545609E+00 -0.2960514E+01
   04  0.8401422E+02  0.1266187E+02 -0.9855171E+00 -0.1554467E+00 -0.2960520E+01
   04  0.8649950E+02  0.1266192E+02 -0.9988256E+00 -0.1561270E+00 -0.2960468E+01
   04  0.8898478E+02  0.1266203E+02 -0.1011112E+01 -0.1566088E+00 -0.2960359E+01
   04  0.9147006E+02  0.1266219E+02 -0.1022412E+01 -0.1568989E+00 -0.2960196E+01
   04  0.9445240E+02  0.1266246E+02 -0.1034765E+01 -0.1570085E+00 -0.2959931E+01
   04  0.9743473E+02  0.1266279E+02 -0.1045817E+01 -0.1568697E+00 -0.2959594E+01
   04  0.1004171E+03  0.1266321E+02 -0.1055609E+01 -0.1565264E+00 -0.2959182E+01
   04  0.1033994E+03  0.1266369E+02 -0.1064173E+01 -0.1559885E+00 -0.2958697E+01
   04  0.1063817E+03  0.1266424E+02 -0.1071676E+01 -0.1552408E+00 -0.2958150E+01
   04  0.1093641E+03  0.1266485E+02 -0.1078230E+01 -0.1541546E+00 -0.2957535E+01
   04  0.1123464E+03  0.1266553E+02 -0.1083925E+01 -0.1527674E+00 -0.2956859E+01
   04  0.1153287E+03  0.1266626E+02 -0.1088837E+01 -0.1511194E+00 -0.2956131E+01
   04  0.1183111E+03  0.1266703E+02 -0.1093029E+01 -0.1492523E+00 -0.2955355E+01
   04  0.1212934E+03  0.1266785E+02 -0.1096553E+01 -0.1472117E+00 -0.2954537E+01
   04  0.1242758E+03  0.1266871E+02 -0.1099456E+01 -0.1450567E+00 -0.2953682E+01
   04  0.1272581E+03  0.1266960E+02 -0.1101791E+01 -0.1428184E+00 -0.2952792E+01
   04  0.1302404E+03  0.1267051E+02 -0.1103541E+01 -0.1405205E+00 -0.2951876E+01
   04  0.1332228E+03  0.1267146E+02 -0.1104795E+01 -0.1381913E+00 -0.2950929E+01
   04  0.1362051E+03  0.1267243E+02 -0.1105578E+01 -0.1358557E+00 -0.2949953E+01
   04  0.1391874E+03  0.1267344E+02 -0.1105898E+01 -0.1335310E+00 -0.2948950E+01
   04  0.1421698E+03  0.1267447E+02 -0.1105760E+01 -0.1312316E+00 -0.2947920E+01
   04  0.1451521E+03  0.1267552E+02 -0.1105176E+01 -0.1289784E+00 -0.2946866E+01
   04  0.1481344E+03  0.1267660E+02 -0.1104152E+01 -0.1267888E+00 -0.2945787E+01
   04  0.1511168E+03  0.1267770E+02 -0.1102707E+01 -0.1246771E+00 -0.2944686E+01
   04  0.1540991E+03  0.1267881E+02 -0.1101036E+01 -0.1226536E+00 -0.2943580E+01
   04  0.1570814E+03  0.1267992E+02 -0.1099138E+01 -0.1207207E+00 -0.2942468E+01
   04  0.1600638E+03  0.1268104E+02 -0.1097016E+01 -0.1188769E+00 -0.2941349E+01
   04  0.1630461E+03  0.1268217E+02 -0.1094672E+01 -0.1171233E+00 -0.2940223E+01
   04  0.1660284E+03  0.1268330E+02 -0.1092109E+01 -0.1154859E+00 -0.2939089E+01
   04  0.1690108E+03  0.1268444E+02 -0.1089318E+01 -0.1139767E+00 -0.2937947E+01
   04  0.1719931E+03  0.1268559E+02 -0.1086307E+01 -0.1125825E+00 -0.2936796E+01
   04  0.1749755E+03  0.1268675E+02 -0.1083087E+01 -0.1112912E+00 -0.2935635E+01
   04  0.1779578E+03  0.1268792E+02 -0.1079669E+01 -0.1100914E+00 -0.2934464E+01
   04  0.1809401E+03  0.1268911E+02 -0.1076068E+01 -0.1089723E+00 -0.2933282E+01
   04  0.1824313E+03  0.1268970E+02 -0.1074231E+01 -0.1084416E+00 -0.2932688E+01
   04  0.1839225E+03  0.1269030E+02 -0.1072354E+01 -0.1079262E+00 -0.2932091E+01
   04  0.1854136E+03  0.1269090E+02 -0.1070438E+01 -0.1074253E+00 -0.2931491E+01
   04  0.1869048E+03  0.1269150E+02 -0.1068487E+01 -0.1069382E+00 -0.2930890E+01
   04  0.1883960E+03  0.1269210E+02 -0.1066502E+01 -0.1064642E+00 -0.2930286E+01
   04  0.1898871E+03  0.1269271E+02 -0.1064484E+01 -0.1060028E+00 -0.2929679E+01
   04  0.1913783E+03  0.1269332E+02 -0.1062438E+01 -0.1055538E+00 -0.2929071E+01
   04  0.1928695E+03  0.1269393E+02 -0.1060364E+01 -0.1051170E+00 -0.2928461E+01
   04  0.1943606E+03  0.1269454E+02 -0.1058264E+01 -0.1046922E+00 -0.2927850E+01
   04  0.1958518E+03  0.1269515E+02 -0.1056142E+01 -0.1042798E+00 -0.2927237E+01
   04  0.1973430E+03  0.1269577E+02 -0.1054000E+01 -0.1038801E+00 -0.2926622E+01
   04  0.1988341E+03  0.1269638E+02 -0.1051839E+01 -0.1034941E+00 -0.2926006E+01
   04  0.2003253E+03  0.1269700E+02 -0.1049662E+01 -0.1031229E+00 -0.2925389E+01
   04  0.2018165E+03  0.1269762E+02 -0.1047472E+01 -0.1027685E+00 -0.2924771E+01
   04  0.2033076E+03  0.1269823E+02 -0.1045271E+01 -0.1024110E+00 -0.2924154E+01
   04  0.2047988E+03  0.1269885E+02 -0.1043063E+01 -0.1020377E+00 -0.2923539E+01
   04  0.2062900E+03  0.1269946E+02 -0.1040851E+01 -0.1016506E+00 -0.2922926E+01
   04  0.2077811E+03  0.1270007E+02 -0.1038641E+01 -0.1012517E+00 -0.2922315E+01
   04  0.2092723E+03  0.1270068E+02 -0.1036434E+01 -0.1008424E+00 -0.2921706E+01
   04  0.2107635E+03  0.1270129E+02 -0.1034234E+01 -0.1004245E+00 -0.2921100E+01
   04  0.2122546E+03  0.1270189E+02 -0.1032044E+01 -0.9999909E-01 -0.2920497E+01
   04  0.2137458E+03  0.1270249E+02 -0.1029866E+01 -0.9956764E-01 -0.2919896E+01
   04  0.2152370E+03  0.1270309E+02 -0.1027704E+01 -0.9913134E-01 -0.2919298E+01
   04  0.2167281E+03  0.1270368E+02 -0.1025560E+01 -0.9869140E-01 -0.2918704E+01
   04  0.2182193E+03  0.1270428E+02 -0.1023435E+01 -0.9824903E-01 -0.2918112E+01
   04  0.2197105E+03  0.1270486E+02 -0.1021333E+01 -0.9780546E-01 -0.2917525E+01
   04  0.2212017E+03  0.1270545E+02 -0.1019253E+01 -0.9736195E-01 -0.2916941E+01
   04  0.2226928E+03  0.1270603E+02 -0.1017198E+01 -0.9691989E-01 -0.2916361E+01
   04  0.2241840E+03  0.1270660E+02 -0.1015168E+01 -0.9648075E-01 -0.2915785E+01
   04  0.2256752E+03  0.1270718E+02 -0.1013185E+01 -0.9604631E-01 -0.2915212E+01
   04  0.2271663E+03  0.1270775E+02 -0.1011259E+01 -0.9561250E-01 -0.2914642E+01
   04  0.2286575E+03  0.1270831E+02 -0.1009391E+01 -0.9517885E-01 -0.2914074E+01
   04  0.2301487E+03  0.1270888E+02 -0.1007584E+01 -0.9474614E-01 -0.2913508E+01
   04  0.2316398E+03  0.1270944E+02 -0.1005838E+01 -0.9431507E-01 -0.2912946E+01
   04  0.2331310E+03  0.1271000E+02 -0.1004155E+01 -0.9388628E-01 -0.2912387E+01
   04  0.2346222E+03  0.1271056E+02 -0.1002537E+01 -0.9345758E-01 -0.2911831E+01
   04  0.2361133E+03  0.1271111E+02 -0.1000983E+01 -0.9301324E-01 -0.2911277E+01
   04  0.2376045E+03  0.1271166E+02 -0.9994934E+00 -0.9255383E-01 -0.2910725E+01
   04  0.2390957E+03  0.1271221E+02 -0.9980691E+00 -0.9207993E-01 -0.2910177E+01
   04  0.2405868E+03  0.1271276E+02 -0.9967099E+00 -0.9159219E-01 -0.2909631E+01
   04  0.2420780E+03  0.1271330E+02 -0.9954161E+00 -0.9109125E-01 -0.2909089E+01
   04  0.2435692E+03  0.1271384E+02 -0.9941877E+00 -0.9057778E-01 -0.2908550E+01
   04  0.2450603E+03  0.1271437E+02 -0.9930250E+00 -0.9005246E-01 -0.2908015E+01
   04  0.2465515E+03  0.1271490E+02 -0.9919280E+00 -0.8951594E-01 -0.2907484E+01
   04  0.2480427E+03  0.1271543E+02 -0.9908971E+00 -0.8896890E-01 -0.2906958E+01
   04  0.2495338E+03  0.1271595E+02 -0.9899322E+00 -0.8841206E-01 -0.2906436E+01
   04  0.2510250E+03  0.1271647E+02 -0.9890334E+00 -0.8784631E-01 -0.2905919E+01
   04  0.2525162E+03  0.1271698E+02 -0.9882009E+00 -0.8727255E-01 -0.2905406E+01
   04  0.2540073E+03  0.1271749E+02 -0.9874345E+00 -0.8669176E-01 -0.2904899E+01
   04  0.2554985E+03  0.1271799E+02 -0.9867341E+00 -0.8610479E-01 -0.2904396E+01
   04  0.2569897E+03  0.1271849E+02 -0.9860998E+00 -0.8551246E-01 -0.2903899E+01
   04  0.2584808E+03  0.1271898E+02 -0.9855315E+00 -0.8491555E-01 -0.2903407E+01
   04  0.2599720E+03  0.1271947E+02 -0.9850293E+00 -0.8432091E-01 -0.2902920E+01
   04  0.2614632E+03  0.1271995E+02 -0.9845932E+00 -0.8373166E-01 -0.2902437E+01
   04  0.2629543E+03  0.1272043E+02 -0.9842231E+00 -0.8314827E-01 -0.2901959E+01
   04  0.2644455E+03  0.1272090E+02 -0.9839191E+00 -0.8257119E-01 -0.2901486E+01
   04  0.2659367E+03  0.1272137E+02 -0.9836810E+00 -0.8200084E-01 -0.2901017E+01
   04  0.2674278E+03  0.1272183E+02 -0.9835087E+00 -0.8143763E-01 -0.2900554E+01
   04  0.2689190E+03  0.1272229E+02 -0.9834020E+00 -0.8088195E-01 -0.2900095E+01
   04  0.2704102E+03  0.1272275E+02 -0.9833608E+00 -0.8033418E-01 -0.2899641E+01
   04  0.2719014E+03  0.1272320E+02 -0.9833848E+00 -0.7979468E-01 -0.2899192E+01
   04  0.2733925E+03  0.1272364E+02 -0.9834737E+00 -0.7926382E-01 -0.2898747E+01
   04  0.2748837E+03  0.1272408E+02 -0.9836271E+00 -0.7874196E-01 -0.2898308E+01
   04  0.2763749E+03  0.1272452E+02 -0.9838448E+00 -0.7822914E-01 -0.2897873E+01
   04  0.2778660E+03  0.1272495E+02 -0.9841263E+00 -0.7772531E-01 -0.2897443E+01
   04  0.2793572E+03  0.1272537E+02 -0.9844712E+00 -0.7723043E-01 -0.2897018E+01
   04  0.2808484E+03  0.1272579E+02 -0.9848789E+00 -0.7674448E-01 -0.2896597E+01
   04  0.2823395E+03  0.1272621E+02 -0.9853490E+00 -0.7626750E-01 -0.2896181E+01
   04  0.2838307E+03  0.1272662E+02 -0.9858807E+00 -0.7579955E-01 -0.2895770E+01
   04  0.2853219E+03  0.1272702E+02 -0.9864737E+00 -0.7534075E-01 -0.2895363E+01
   04  0.2868130E+03  0.1272743E+02 -0.9871271E+00 -0.7489123E-01 -0.2894961E+01
   04  0.2883042E+03  0.1272783E+02 -0.9878403E+00 -0.7445114E-01 -0.2894563E+01
   04  0.2897954E+03  0.1272822E+02 -0.9886125E+00 -0.7402071E-01 -0.2894169E+01
   04  0.2912865E+03  0.1272861E+02 -0.9894431E+00 -0.7360018E-01 -0.2893780E+01
   04  0.2927777E+03  0.1272899E+02 -0.9903311E+00 -0.7318983E-01 -0.2893394E+01
   04  0.2942689E+03  0.1272938E+02 -0.9912759E+00 -0.7278996E-01 -0.2893013E+01
   04  0.2957600E+03  0.1272975E+02 -0.9922765E+00 -0.7240094E-01 -0.2892635E+01
   04  0.2972512E+03  0.1273013E+02 -0.9933320E+00 -0.7202311E-01 -0.2892261E+01
   04  0.2987424E+03  0.1273050E+02 -0.9944415E+00 -0.7165689E-01 -0.2891890E+01
   04  0.3002335E+03  0.1273087E+02 -0.9956041E+00 -0.7130266E-01 -0.2891523E+01
   04  0.3017247E+03  0.1273123E+02 -0.9968188E+00 -0.7096078E-01 -0.2891158E+01
   04  0.3032159E+03  0.1273159E+02 -0.9980847E+00 -0.7063166E-01 -0.2890797E+01
   04  0.3047070E+03  0.1273195E+02 -0.9994006E+00 -0.7031574E-01 -0.2890439E+01
   04  0.3061982E+03  0.1273231E+02 -0.1000766E+01 -0.7001348E-01 -0.2890083E+01
   04  0.3076894E+03  0.1273266E+02 -0.1002179E+01 -0.6972535E-01 -0.2889730E+01
   04  0.3091805E+03  0.1273301E+02 -0.1003639E+01 -0.6945187E-01 -0.2889379E+01
   04  0.3106717E+03  0.1273336E+02 -0.1005144E+01 -0.6919353E-01 -0.2889030E+01
   04  0.3121629E+03  0.1273370E+02 -0.1006695E+01 -0.6895087E-01 -0.2888683E+01
   04  0.3136540E+03  0.1273405E+02 -0.1008288E+01 -0.6872442E-01 -0.2888338E+01
   04  0.3151452E+03  0.1273439E+02 -0.1009925E+01 -0.6851476E-01 -0.2887995E+01
   04  0.3165017E+03  0.1273470E+02 -0.1011449E+01 -0.6834004E-01 -0.2887683E+01
   04  0.3178581E+03  0.1273502E+02 -0.1013006E+01 -0.6818001E-01 -0.2887373E+01
   04  0.3192146E+03  0.1273532E+02 -0.1014596E+01 -0.6803512E-01 -0.2887063E+01
   04  0.3205710E+03  0.1273563E+02 -0.1016216E+01 -0.6790584E-01 -0.2886755E+01
   04  0.3219275E+03  0.1273594E+02 -0.1017867E+01 -0.6779262E-01 -0.2886446E+01
   04  0.3232839E+03  0.1273625E+02 -0.1019548E+01 -0.6769592E-01 -0.2886138E+01
   04  0.3246404E+03  0.1273656E+02 -0.1021256E+01 -0.6761621E-01 -0.2885831E+01
   04  0.3259968E+03  0.1273686E+02 -0.1022993E+01 -0.6755397E-01 -0.2885523E+01
   04  0.3273533E+03  0.1273717E+02 -0.1024756E+01 -0.6750968E-01 -0.2885216E+01
   04  0.3287097E+03  0.1273748E+02 -0.1026546E+01 -0.6748384E-01 -0.2884908E+01
   04  0.3300662E+03  0.1273779E+02 -0.1028360E+01 -0.6747696E-01 -0.2884600E+01
   04  0.3314226E+03  0.1273810E+02 -0.1030199E+01 -0.6748948E-01 -0.2884292E+01
   04  0.3327791E+03  0.1273841E+02 -0.1032062E+01 -0.6752120E-01 -0.2883982E+01
   04  0.3341355E+03  0.1273872E+02 -0.1033947E+01 -0.6757180E-01 -0.2883673E+01
   04  0.3354920E+03  0.1273903E+02 -0.1035855E+01 -0.6764102E-01 -0.2883362E+01
   04  0.3368484E+03  0.1273934E+02 -0.1037784E+01 -0.6772872E-01 -0.2883051E+01
   04  0.3382049E+03  0.1273965E+02 -0.1039733E+01 -0.6783486E-01 -0.2882739E+01
   04  0.3395613E+03  0.1273996E+02 -0.1041703E+01 -0.6795943E-01 -0.2882425E+01
   04  0.3409178E+03  0.1274028E+02 -0.1043693E+01 -0.6810253E-01 -0.2882111E+01
   04  0.3422742E+03  0.1274059E+02 -0.1045702E+01 -0.6826430E-01 -0.2881795E+01
   04  0.3436307E+03  0.1274091E+02 -0.1047732E+01 -0.6844406E-01 -0.2881478E+01
   04  0.3449871E+03  0.1274123E+02 -0.1049783E+01 -0.6864186E-01 -0.2881159E+01
   04  0.3463436E+03  0.1274155E+02 -0.1051854E+01 -0.6885806E-01 -0.2880839E+01
   04  0.3477000E+03  0.1274187E+02 -0.1053945E+01 -0.6909305E-01 -0.2880517E+01
   04  0.3490565E+03  0.1274220E+02 -0.1056055E+01 -0.6934729E-01 -0.2880193E+01
   04  0.3504130E+03  0.1274252E+02 -0.1058169E+01 -0.6962123E-01 -0.2879868E+01
   04  0.3517694E+03  0.1274285E+02 -0.1060285E+01 -0.6991519E-01 -0.2879542E+01
   04  0.3531259E+03  0.1274317E+02 -0.1062404E+01 -0.7022952E-01 -0.2879215E+01
   04  0.3544823E+03  0.1274350E+02 -0.1064524E+01 -0.7056464E-01 -0.2878886E+01
   04  0.3558388E+03  0.1274383E+02 -0.1066644E+01 -0.7092101E-01 -0.2878556E+01
   04  0.3574665E+03  0.1274423E+02 -0.1069189E+01 -0.7137610E-01 -0.2878158E+01
   04  0.3590942E+03  0.1274463E+02 -0.1071732E+01 -0.7186401E-01 -0.2877757E+01
   04  0.3607220E+03  0.1274503E+02 -0.1074273E+01 -0.7238578E-01 -0.2877353E+01
   04  0.3623497E+03  0.1274544E+02 -0.1076811E+01 -0.7294257E-01 -0.2876946E+01
   04  0.3639775E+03  0.1274585E+02 -0.1079345E+01 -0.7353565E-01 -0.2876535E+01
   04  0.3656052E+03  0.1274627E+02 -0.1081874E+01 -0.7416639E-01 -0.2876119E+01
   04  0.3672329E+03  0.1274669E+02 -0.1084397E+01 -0.7483627E-01 -0.2875699E+01
   04  0.3688607E+03  0.1274711E+02 -0.1086913E+01 -0.7554688E-01 -0.2875273E+01
   04  0.3704884E+03  0.1274755E+02 -0.1089421E+01 -0.7629995E-01 -0.2874843E+01
   04  0.3721162E+03  0.1274798E+02 -0.1091921E+01 -0.7709731E-01 -0.2874406E+01
   04  0.3737439E+03  0.1274842E+02 -0.1094412E+01 -0.7794092E-01 -0.2873964E+01
   04  0.3753717E+03  0.1274887E+02 -0.1096892E+01 -0.7883291E-01 -0.2873515E+01
   04  0.3769994E+03  0.1274933E+02 -0.1099361E+01 -0.7977554E-01 -0.2873059E+01
   04  0.3786271E+03  0.1274979E+02 -0.1101819E+01 -0.8077127E-01 -0.2872596E+01
   04  0.3802549E+03  0.1275026E+02 -0.1104260E+01 -0.8182239E-01 -0.2872125E+01
   04  0.3818826E+03  0.1275074E+02 -0.1106682E+01 -0.8293874E-01 -0.2871645E+01
   04  0.3835104E+03  0.1275123E+02 -0.1109081E+01 -0.8412831E-01 -0.2871153E+01
   04  0.3851381E+03  0.1275173E+02 -0.1111458E+01 -0.8537055E-01 -0.2870653E+01
   04  0.3867658E+03  0.1275224E+02 -0.1113815E+01 -0.8666425E-01 -0.2870143E+01
   04  0.3883936E+03  0.1275276E+02 -0.1116151E+01 -0.8801088E-01 -0.2869624E+01
   04  0.3900213E+03  0.1275329E+02 -0.1118468E+01 -0.8940864E-01 -0.2869094E+01
   04  0.3916491E+03  0.1275384E+02 -0.1120766E+01 -0.9085482E-01 -0.2868552E+01
   04  0.3932768E+03  0.1275439E+02 -0.1123045E+01 -0.9235208E-01 -0.2867999E+01
   04  0.3949046E+03  0.1275495E+02 -0.1125305E+01 -0.9390340E-01 -0.2867433E+01
   04  0.3965323E+03  0.1275553E+02 -0.1127546E+01 -0.9551208E-01 -0.2866855E+01
   04  0.3981600E+03  0.1275612E+02 -0.1129769E+01 -0.9718181E-01 -0.2866264E+01
   04  0.3997878E+03  0.1275673E+02 -0.1131974E+01 -0.9891680E-01 -0.2865660E+01
   04  0.4014155E+03  0.1275734E+02 -0.1134161E+01 -0.1007218E+00 -0.2865043E+01
   04  0.4030433E+03  0.1275798E+02 -0.1136329E+01 -0.1026021E+00 -0.2864412E+01
   04  0.4046710E+03  0.1275862E+02 -0.1138479E+01 -0.1045592E+00 -0.2863767E+01
   04  0.4062987E+03  0.1275928E+02 -0.1140611E+01 -0.1065939E+00 -0.2863108E+01
   04  0.4079265E+03  0.1275995E+02 -0.1142726E+01 -0.1087147E+00 -0.2862433E+01
   04  0.4095542E+03  0.1276064E+02 -0.1144824E+01 -0.1109237E+00 -0.2861744E+01
   04  0.4111820E+03  0.1276135E+02 -0.1146906E+01 -0.1132231E+00 -0.2861040E+01
   04  0.4128097E+03  0.1276207E+02 -0.1148972E+01 -0.1156145E+00 -0.2860319E+01
   04  0.4144375E+03  0.1276280E+02 -0.1151020E+01 -0.1181058E+00 -0.2859583E+01
   04  0.4160652E+03  0.1276356E+02 -0.1153050E+01 -0.1207037E+00 -0.2858831E+01
   04  0.4176929E+03  0.1276433E+02 -0.1155062E+01 -0.1234106E+00 -0.2858062E+01
   04  0.4193207E+03  0.1276511E+02 -0.1157055E+01 -0.1262282E+00 -0.2857276E+01
   04  0.4209484E+03  0.1276592E+02 -0.1159031E+01 -0.1291585E+00 -0.2856472E+01
   04  0.4225762E+03  0.1276674E+02 -0.1160990E+01 -0.1322034E+00 -0.2855651E+01
   04  0.4242039E+03  0.1276758E+02 -0.1162931E+01 -0.1353649E+00 -0.2854812E+01
   04  0.4258316E+03  0.1276843E+02 -0.1164855E+01 -0.1386449E+00 -0.2853955E+01
   04  0.4274594E+03  0.1276931E+02 -0.1166763E+01 -0.1420456E+00 -0.2853078E+01
   04  0.4290871E+03  0.1277021E+02 -0.1168655E+01 -0.1455689E+00 -0.2852183E+01
   04  0.4307149E+03  0.1277112E+02 -0.1170531E+01 -0.1492170E+00 -0.2851268E+01
   04  0.4323426E+03  0.1277205E+02 -0.1172392E+01 -0.1529919E+00 -0.2850333E+01
   04  0.4339704E+03  0.1277301E+02 -0.1174239E+01 -0.1568958E+00 -0.2849379E+01
   04  0.4355981E+03  0.1277398E+02 -0.1176071E+01 -0.1609308E+00 -0.2848403E+01
   04  0.4372258E+03  0.1277498E+02 -0.1177889E+01 -0.1650990E+00 -0.2847407E+01
   04  0.4388536E+03  0.1277600E+02 -0.1179695E+01 -0.1694144E+00 -0.2846389E+01
   04  0.4404813E+03  0.1277704E+02 -0.1181489E+01 -0.1738865E+00 -0.2845348E+01
   04  0.4421091E+03  0.1277810E+02 -0.1183269E+01 -0.1785180E+00 -0.2844284E+01
   04  0.4437368E+03  0.1277919E+02 -0.1185036E+01 -0.1833111E+00 -0.2843195E+01
   04  0.4453645E+03  0.1278031E+02 -0.1186792E+01 -0.1882681E+00 -0.2842083E+01
   04  0.4469923E+03  0.1278144E+02 -0.1188535E+01 -0.1933913E+00 -0.2840946E+01
   04  0.4486200E+03  0.1278260E+02 -0.1190267E+01 -0.1986830E+00 -0.2839784E+01
   04  0.4502478E+03  0.1278379E+02 -0.1191989E+01 -0.2041451E+00 -0.2838597E+01
   04  0.4518755E+03  0.1278500E+02 -0.1193701E+01 -0.2097799E+00 -0.2837384E+01
   04  0.4535033E+03  0.1278624E+02 -0.1195404E+01 -0.2155893E+00 -0.2836146E+01
   04  0.4551310E+03  0.1278751E+02 -0.1197100E+01 -0.2215753E+00 -0.2834882E+01
   04  0.4567587E+03  0.1278880E+02 -0.1198791E+01 -0.2277398E+00 -0.2833591E+01
   04  0.4583865E+03  0.1279011E+02 -0.1200477E+01 -0.2340846E+00 -0.2832274E+01
   04  0.4600142E+03  0.1279146E+02 -0.1202162E+01 -0.2406116E+00 -0.2830929E+01
   04  0.4616420E+03  0.1279283E+02 -0.1203847E+01 -0.2473224E+00 -0.2829558E+01
   04  0.4632697E+03  0.1279423E+02 -0.1205534E+01 -0.2542188E+00 -0.2828159E+01
   04  0.4648974E+03  0.1279566E+02 -0.1207227E+01 -0.2613025E+00 -0.2826732E+01
   04  0.4665252E+03  0.1279711E+02 -0.1208927E+01 -0.2685751E+00 -0.2825278E+01
   04  0.4681529E+03  0.1279859E+02 -0.1210640E+01 -0.2760382E+00 -0.2823794E+01
   04  0.4697807E+03  0.1280011E+02 -0.1212368E+01 -0.2836897E+00 -0.2822283E+01
   04  0.4714084E+03  0.1280164E+02 -0.1214113E+01 -0.2915520E+00 -0.2820743E+01
   04  0.4730362E+03  0.1280321E+02 -0.1215880E+01 -0.2996239E+00 -0.2819177E+01
   04  0.4746639E+03  0.1280481E+02 -0.1217670E+01 -0.3079047E+00 -0.2817581E+01
   04  0.4762916E+03  0.1280643E+02 -0.1219491E+01 -0.3163935E+00 -0.2815957E+01
   04  0.4779194E+03  0.1280808E+02 -0.1221346E+01 -0.3250897E+00 -0.2814304E+01
   04  0.4795471E+03  0.1280977E+02 -0.1223241E+01 -0.3339930E+00 -0.2812621E+01
   04  0.4811749E+03  0.1281148E+02 -0.1225182E+01 -0.3431030E+00 -0.2810907E+01
   04  0.4828026E+03  0.1281323E+02 -0.1227175E+01 -0.3524197E+00 -0.2809162E+01
   04  0.4844303E+03  0.1281500E+02 -0.1229226E+01 -0.3619427E+00 -0.2807387E+01
   04  0.4860581E+03  0.1281681E+02 -0.1231343E+01 -0.3716719E+00 -0.2805579E+01
   04  0.4876858E+03  0.1281865E+02 -0.1233534E+01 -0.3816070E+00 -0.2803739E+01
   04  0.4893136E+03  0.1282052E+02 -0.1235805E+01 -0.3917479E+00 -0.2801866E+01
   04  0.4909413E+03  0.1282243E+02 -0.1238166E+01 -0.4020944E+00 -0.2799960E+01
   04  0.4925691E+03  0.1282437E+02 -0.1240625E+01 -0.4126460E+00 -0.2798019E+01
   04  0.4941968E+03  0.1282634E+02 -0.1243192E+01 -0.4234026E+00 -0.2796044E+01
   04  0.4958245E+03  0.1282835E+02 -0.1245876E+01 -0.4343635E+00 -0.2794034E+01
   04  0.4974523E+03  0.1283040E+02 -0.1248688E+01 -0.4455283E+00 -0.2791989E+01
   04  0.4990800E+03  0.1283248E+02 -0.1251638E+01 -0.4568964E+00 -0.2789906E+01
   04  0.5007078E+03  0.1283460E+02 -0.1254738E+01 -0.4684671E+00 -0.2787787E+01
   04  0.5023355E+03  0.1283676E+02 -0.1257999E+01 -0.4802395E+00 -0.2785629E+01
   04  0.5039632E+03  0.1283895E+02 -0.1261433E+01 -0.4922129E+00 -0.2783433E+01
   04  0.5055910E+03  0.1284119E+02 -0.1265054E+01 -0.5043861E+00 -0.2781198E+01
   04  0.5072187E+03  0.1284347E+02 -0.1268874E+01 -0.5167581E+00 -0.2778922E+01
   04  0.5088465E+03  0.1284578E+02 -0.1272906E+01 -0.5293325E+00 -0.2776604E+01
   04  0.5104742E+03  0.1284814E+02 -0.1277163E+01 -0.5421088E+00 -0.2774244E+01
   04  0.5121020E+03  0.1285055E+02 -0.1281661E+01 -0.5550754E+00 -0.2771840E+01
   04  0.5137297E+03  0.1285300E+02 -0.1286416E+01 -0.5682255E+00 -0.2769390E+01
   04  0.5153574E+03  0.1285549E+02 -0.1291443E+01 -0.5815602E+00 -0.2766894E+01
   04  0.5169852E+03  0.1285804E+02 -0.1296760E+01 -0.5950805E+00 -0.2764350E+01
   04  0.5186129E+03  0.1286063E+02 -0.1302384E+01 -0.6087872E+00 -0.2761758E+01
   04  0.5202407E+03  0.1286327E+02 -0.1308332E+01 -0.6226806E+00 -0.2759117E+01
   04  0.5218684E+03  0.1286596E+02 -0.1314622E+01 -0.6367611E+00 -0.2756425E+01
   04  0.5234961E+03  0.1286871E+02 -0.1321273E+01 -0.6510285E+00 -0.2753682E+01
   04  0.5251239E+03  0.1287150E+02 -0.1328304E+01 -0.6654829E+00 -0.2750886E+01
   04  0.5267516E+03  0.1287435E+02 -0.1335734E+01 -0.6801240E+00 -0.2748036E+01
   04  0.5283794E+03  0.1287726E+02 -0.1343582E+01 -0.6949516E+00 -0.2745131E+01
   04  0.5300071E+03  0.1288022E+02 -0.1351869E+01 -0.7099653E+00 -0.2742170E+01
   04  0.5316349E+03  0.1288324E+02 -0.1360615E+01 -0.7251647E+00 -0.2739150E+01
   04  0.5332626E+03  0.1288632E+02 -0.1369842E+01 -0.7405496E+00 -0.2736071E+01
   04  0.5348903E+03  0.1288946E+02 -0.1379570E+01 -0.7561196E+00 -0.2732931E+01
   04  0.5365181E+03  0.1289266E+02 -0.1389821E+01 -0.7718744E+00 -0.2729729E+01
   04  0.5381458E+03  0.1289593E+02 -0.1400618E+01 -0.7878139E+00 -0.2726462E+01
   04  0.5397736E+03  0.1289926E+02 -0.1411982E+01 -0.8039380E+00 -0.2723130E+01
   04  0.5414013E+03  0.1290266E+02 -0.1423935E+01 -0.8202466E+00 -0.2719730E+01
   04  0.5430290E+03  0.1290613E+02 -0.1436501E+01 -0.8367399E+00 -0.2716262E+01
   04  0.5446568E+03  0.1290967E+02 -0.1449702E+01 -0.8534182E+00 -0.2712722E+01
   04  0.5462845E+03  0.1291328E+02 -0.1463561E+01 -0.8702820E+00 -0.2709110E+01
   04  0.5479123E+03  0.1291696E+02 -0.1478099E+01 -0.8873318E+00 -0.2705425E+01
   04  0.5495400E+03  0.1292073E+02 -0.1493340E+01 -0.9045683E+00 -0.2701663E+01
   04  0.5511678E+03  0.1292456E+02 -0.1509306E+01 -0.9219926E+00 -0.2697824E+01
   04  0.5527955E+03  0.1292848E+02 -0.1526020E+01 -0.9396109E+00 -0.2693906E+01
   04  0.5544232E+03  0.1293248E+02 -0.1543504E+01 -0.9574467E+00 -0.2689910E+01
   04  0.5560510E+03  0.1293655E+02 -0.1561781E+01 -0.9755016E+00 -0.2685834E+01
   04  0.5576787E+03  0.1294071E+02 -0.1580874E+01 -0.9937773E+00 -0.2681677E+01
   04  0.5593065E+03  0.1294495E+02 -0.1600805E+01 -0.1012276E+01 -0.2677437E+01
   04  0.5609342E+03  0.1294928E+02 -0.1621594E+01 -0.1030999E+01 -0.2673112E+01
   04  0.5625619E+03  0.1295369E+02 -0.1643262E+01 -0.1049948E+01 -0.2668702E+01
   04  0.5641897E+03  0.1295818E+02 -0.1665827E+01 -0.1069125E+01 -0.2664204E+01
   04  0.5658174E+03  0.1296277E+02 -0.1689309E+01 -0.1088532E+01 -0.2659619E+01
   04  0.5674452E+03  0.1296744E+02 -0.1713724E+01 -0.1108172E+01 -0.2654944E+01
   04  0.5690729E+03  0.1297221E+02 -0.1739086E+01 -0.1128047E+01 -0.2650179E+01
   04  0.5707007E+03  0.1297706E+02 -0.1765412E+01 -0.1148158E+01 -0.2645323E+01
   04  0.5723284E+03  0.1298201E+02 -0.1792713E+01 -0.1168509E+01 -0.2640375E+01
   04  0.5739561E+03  0.1298705E+02 -0.1821005E+01 -0.1189101E+01 -0.2635334E+01
   04  0.5755839E+03  0.1299219E+02 -0.1850299E+01 -0.1209936E+01 -0.2630200E+01
   04  0.5772116E+03  0.1299742E+02 -0.1880603E+01 -0.1231017E+01 -0.2624972E+01
   04  0.5788394E+03  0.1300274E+02 -0.1911923E+01 -0.1252345E+01 -0.2619650E+01
   04  0.5804671E+03  0.1300815E+02 -0.1944263E+01 -0.1273920E+01 -0.2614233E+01
   04  0.5820948E+03  0.1301366E+02 -0.1977626E+01 -0.1295746E+01 -0.2608723E+01
   04  0.5837226E+03  0.1301927E+02 -0.2012012E+01 -0.1317822E+01 -0.2603120E+01
   04  0.5853503E+03  0.1302497E+02 -0.2047418E+01 -0.1340149E+01 -0.2597423E+01
   04  0.5869781E+03  0.1303075E+02 -0.2083841E+01 -0.1362729E+01 -0.2591634E+01
   04  0.5886058E+03  0.1303663E+02 -0.2121274E+01 -0.1385561E+01 -0.2585753E+01
   04  0.5902336E+03  0.1304261E+02 -0.2159719E+01 -0.1408646E+01 -0.2579781E+01
   04  0.5918613E+03  0.1304867E+02 -0.2199170E+01 -0.1431985E+01 -0.2573719E+01
   04  0.5934890E+03  0.1305482E+02 -0.2239612E+01 -0.1455576E+01 -0.2567567E+01
   04  0.5951168E+03  0.1306106E+02 -0.2281032E+01 -0.1479420E+01 -0.2561328E+01
   04  0.5967445E+03  0.1306739E+02 -0.2323418E+01 -0.1503515E+01 -0.2555002E+01
   04  0.5983723E+03  0.1307380E+02 -0.2366751E+01 -0.1527861E+01 -0.2548593E+01
